1.31652 -0.67475 -0.68794 -2.61458 -2.59857 -2.14016 -1.61146 -1.54921 -1.56999 -1.64387 1
-0.75940 -0.67475 1.45328 -3.03092 -3.00163 -2.73785 -1.65326 -1.58976 -1.59736 -1.67979 1
-0.75940 -0.67475 1.45328 -3.19746 -3.05201 -2.49877 -1.66142 -1.59426 -1.62473 -1.68697 1
-0.75940 -0.67475 1.45328 -2.98929 -2.90086 -2.14016 -1.64715 -1.58525 -1.60648 -1.61513 1
-0.75940 -0.67475 1.45328 -2.57294 -2.59857 -2.02062 -1.60636 -1.55146 -1.56543 -1.62591 1
-0.75940 -0.67475 1.45328 -2.48967 -2.49780 -2.25970 -1.59515 -1.50641 -1.51069 -1.60795 1
-0.75940 -0.67475 1.45328 -3.07256 -3.05201 -2.14016 -1.65428 -1.59652 -1.61561 -1.67979 1
-0.75940 -0.67475 1.45328 -2.03169 -2.90086 -1.54246 -1.45138 -1.41405 -1.38297 -1.46787 1
-0.75940 -0.67475 1.45328 -2.48967 -2.44742 -2.02062 -1.56966 -1.49740 -1.53350 -1.60795 1
-0.75940 -0.67475 1.45328 -2.98929 -2.95125 -2.97693 -1.66040 -1.59426 -1.62017 -1.67979 1
-0.75940 -0.67475 1.45328 -2.65621 -2.59857 -1.78154 -1.60840 -1.52894 -1.54719 -1.62232 1
-0.75940 -0.67475 1.45328 -2.48967 -2.39703 -1.66200 -1.57475 -1.51092 -1.52894 -1.60077 1
-0.75940 -0.67475 1.45328 -2.07333 -2.14512 -1.66200 -1.51154 -1.46361 -1.44683 -1.53252 1
-0.75940 -0.67475 1.45328 -2.61458 -2.59857 -2.25970 -1.60840 -1.55822 -1.57455 -1.64028 1
-0.75940 -0.67475 1.45328 -2.11496 -2.04435 -1.54246 -1.44934 -1.35323 -1.36473 -1.49660 1
-0.75940 -0.67475 1.45328 -2.82275 -2.74971 -2.25970 -1.62471 -1.56948 -1.58824 -1.64387 1
-0.75940 -0.67475 1.45328 -1.86516 -1.94359 -2.14016 -1.44832 -1.40279 -1.44227 -1.41399 1
-0.75940 -0.67475 1.45328 -2.44804 -2.34665 -1.78154 -1.55844 -1.50191 -1.55175 -1.57203 1
1.31652 -0.67475 -0.68794 -2.23987 -2.29627 -1.78154 -1.52887 -1.46586 -1.51982 -1.53611 1
-0.75940 -0.67475 1.45328 -2.23987 -2.24588 -1.90108 -1.51052 -1.45460 -1.45596 -1.55048 1
-0.75940 -0.67475 1.45328 -2.36477 -2.34665 -2.02062 -1.54621 -1.50641 -1.51982 -1.56485 1
-0.75940 -0.67475 1.45328 -1.53208 -1.43976 -1.42292 -1.27907 -1.21357 -1.21420 -1.32060 1
-0.75940 -0.67475 1.45328 -2.28150 -2.19550 -1.78154 -1.51970 -1.44334 -1.51069 -1.53611 1
-0.75940 -0.67475 1.45328 -1.74025 -1.79244 -1.42292 -1.40958 -1.37351 -1.36473 -1.39603 1
-0.75940 -0.67475 1.45328 -1.24064 -1.18784 -1.06430 -1.25562 -1.18654 -1.27350 -1.27750 1
-0.75940 -0.67475 1.45328 -1.15737 -1.28861 -1.18384 -1.22503 -1.15725 -1.26438 -1.24517 1
-0.75940 -0.67475 1.45328 -1.32391 -1.54052 -1.42292 -1.28519 -1.26538 -1.33280 -1.33497 1
-0.75940 -0.67475 1.45328 -0.69939 -0.68401 -0.82522 -0.93751 -0.88018 -0.91771 -0.98655 1
-0.75940 -0.67475 1.45328 -2.61458 -2.39703 -2.25970 -1.59311 -1.53344 -1.54719 -1.62232 1
-0.75940 -0.67475 1.45328 -2.23987 -2.19550 -1.90108 -1.51460 -1.43883 -1.47876 -1.53611 1
-0.75940 -0.67475 1.45328 -2.11496 -2.14512 -1.78154 -1.47279 -1.40504 -1.44227 -1.51097 1
1.31652 -0.67475 -0.68794 -3.07256 -2.95125 -2.73785 -1.64103 -1.57850 -1.60192 -1.66183 1
-0.75940 -0.67475 1.45328 -2.28150 -2.29627 -1.90108 -1.54111 -1.49290 -1.49245 -1.55407 1
-0.75940 -0.67475 1.45328 -2.28150 -2.24588 -1.78154 -1.54519 -1.49740 -1.47876 -1.55407 1
-0.75940 -0.67475 1.45328 -1.94843 -1.99397 -1.90108 -1.47687 -1.43207 -1.44683 -1.46427 1
-0.75940 -0.67475 1.45328 -2.36477 -2.39703 -2.14016 -1.57883 -1.52668 -1.50157 -1.60436 1
-0.75940 -0.67475 1.45328 -1.69862 -2.04435 -1.42292 -1.32087 -1.22258 -1.33736 -1.36011 1
-0.75940 -0.67475 1.45328 -2.86438 -2.74971 -1.42292 -1.62268 -1.55372 -1.58368 -1.64387 1
-0.75940 -0.67475 1.45328 -2.78111 -2.80010 -2.25970 -1.63593 -1.57850 -1.60192 -1.65105 1
-0.75940 -0.67475 1.45328 -1.86516 -1.84282 -1.54246 -1.41570 -1.36224 -1.39210 -1.39962 1
-0.75940 -0.67475 1.45328 -1.61535 -1.59091 -1.54246 -1.40346 -1.36675 -1.32824 -1.35652 1
-0.75940 -0.67475 1.45328 -1.74025 -1.74205 -1.42292 -1.32291 -1.25862 -1.23701 -1.37807 1
1.31652 -0.67475 -0.68794 -1.36554 -1.38937 -0.94476 -1.24746 -1.22033 -1.19595 -1.20207 1
-0.75940 -0.67475 1.45328 -2.36477 -2.24588 -1.66200 -1.54417 -1.50191 -1.48333 -1.53611 1
1.31652 -0.67475 -0.68794 -1.78189 -1.89320 -1.30338 -1.39225 -1.34422 -1.31455 -1.39244 1
-0.75940 -0.67475 1.45328 -1.57372 -1.64129 -1.18384 -1.35044 -1.35098 -1.28262 -1.28468 1
-0.75940 -0.67475 1.45328 -2.28150 -2.19550 -1.90108 -1.53397 -1.45685 -1.54262 -1.53970 1
-0.75940 -0.67475 1.45328 -1.15737 -1.28861 -0.34706 -1.19240 -1.15951 -1.30087 -1.10509 1
-0.75940 -0.67475 1.45328 -2.03169 -2.04435 -1.66200 -1.48299 -1.43433 -1.37385 -1.50019 1
-0.75940 -0.67475 1.45328 -2.40640 -2.34665 -2.02062 -1.55334 -1.49740 -1.53350 -1.58640 1
-0.75940 -0.67475 1.45328 -2.23987 -2.19550 -2.14016 -1.52072 -1.48614 -1.45140 -1.52174 1
-0.75940 -0.67475 1.45328 -1.65698 -1.69167 -1.54246 -1.30864 -1.24736 -1.24157 -1.35652 1
-0.75940 -0.67475 1.45328 -0.82430 -0.68401 -0.94476 -0.91100 -0.88018 -0.77174 -0.99733 1
-0.75940 -0.67475 1.45328 -0.82430 -0.93593 -0.94476 -0.92119 -0.87793 -0.99069 -0.96141 1
-0.75940 -0.67475 1.45328 -0.69939 -0.63363 -0.22752 -0.77335 -0.67744 -0.88578 -0.75308 1
-0.75940 -0.67475 1.45328 -0.57449 -0.33133 -0.46660 -0.67649 -0.55805 -0.68507 -0.78541 1
1.31652 -0.67475 -0.68794 -0.36632 -0.23057 0.13110 -0.38488 -0.30126 -0.36577 -0.58426 1
-0.75940 -0.67475 1.45328 -1.24064 -1.28861 -1.42292 -1.21178 -1.11220 -1.23245 -1.23439 1
-0.75940 -0.67475 1.45328 -0.86593 -0.98631 -1.06430 -1.12103 -1.05363 -1.18227 -1.08353 1
-0.75940 -0.67475 1.45328 -0.61612 -0.78478 -0.70568 -0.93852 -0.89820 -0.84016 -0.98296 1
-0.75940 -0.67475 1.45328 -0.44959 -0.28095 -0.34706 -0.70198 -0.66843 -0.66683 -0.69561 1
-0.75940 -0.67475 1.45328 -1.65698 -1.84282 -1.54246 -1.40652 -1.36450 -1.35560 -1.06917 1
-0.75940 -0.67475 1.45328 -1.49045 -1.54052 -1.06430 -1.29334 -1.20231 -1.30999 -1.32060 1
-0.75940 -0.67475 1.45328 -1.24064 -1.33899 -1.06430 -1.18731 -1.12346 -1.26894 -1.15896 1
-0.75940 -0.67475 1.45328 -1.19901 -1.33899 -0.70568 -1.16793 -1.12346 -1.15946 -1.17333 1
-0.75940 -0.67475 1.45328 -0.78266 -0.68401 -0.82522 -0.79170 -0.54454 -0.96788 -0.94345 1
1.31652 -0.67475 -0.68794 -0.32468 -0.38171 -0.22752 -0.61735 -0.49949 -0.68963 -0.59863 1
-0.75940 -0.67475 1.45328 -1.24064 -1.64129 -0.94476 -0.88653 -0.87117 -0.81735 -0.90753 1
-0.75940 -0.67475 1.45328 -1.32391 -1.38937 -1.54246 -1.23829 -1.19104 -1.24157 -1.21284 1
-0.75940 -0.67475 1.45328 -0.90756 -0.98631 -0.94476 -1.11797 -1.10544 -1.13209 -1.01529 1
-0.75940 1.48167 -0.68794 -1.94843 -1.99397 -1.54246 -1.12919 -1.10995 -1.03174 -1.46427 1
1.31652 -0.67475 -0.68794 -1.69862 -1.69167 -1.42292 -1.32291 -1.25862 -1.29631 -1.32060 1
-0.75940 -0.67475 1.45328 -1.69862 -1.74205 -1.42292 -1.38715 -1.33071 -1.36473 -1.39244 1
-0.75940 -0.67475 1.45328 -2.23987 -2.24588 -1.66200 -1.53703 -1.49290 -1.48333 -1.53611 1
1.31652 -0.67475 -0.68794 -2.19823 -2.09474 -1.78154 -1.49421 -1.42081 -1.40122 -1.50019 1
1.31652 -0.67475 -0.68794 -2.19823 -2.19550 -1.54246 -1.49726 -1.41856 -1.46508 -1.50019 1
-0.75940 -0.67475 1.45328 -1.86516 -1.79244 -1.54246 -1.43099 -1.38477 -1.37385 -1.46787 1
-0.75940 -0.67475 1.45328 -1.78189 -1.84282 -1.54246 -1.37389 -1.32620 -1.30999 -1.45350 1
-0.75940 -0.67475 1.45328 -1.19901 -1.23822 -1.30338 -1.20668 -1.10094 -1.27806 -1.21284 1
-0.75940 -0.67475 1.45328 -0.69939 -0.83516 -0.94476 -0.84064 -0.78557 -0.85841 -0.92549 1
-0.75940 -0.67475 1.45328 -0.61612 -0.58325 -0.34706 -0.71625 -0.61212 -0.83560 -0.86802 1
-0.75940 1.48167 -0.68794 0.05003 0.12212 0.72880 -0.00151 0.22811 0.25003 -0.63455 1
1.31652 -0.67475 -0.68794 0.05003 0.02135 0.01156 -0.30128 -0.22467 -0.35665 -0.39748 1
-0.75940 -0.67475 1.45328 -1.61535 -1.69167 -1.54246 -1.35758 -1.28340 -1.34648 -1.37089 1
-0.75940 -0.67475 1.45328 -0.82430 -0.78478 -0.58614 -1.02417 -1.02660 -0.94507 -0.97578 1
-0.75940 -0.67475 1.45328 -0.53285 -0.38171 -0.46660 -0.60206 -0.42740 -0.66226 -0.74949 1
-0.75940 -0.67475 1.45328 -1.53208 -1.64129 -1.30338 -1.27907 -1.16626 -1.30087 -1.33497 1
-0.75940 -0.67475 1.45328 -1.49045 -1.54052 -1.06430 -1.31680 -1.28115 -1.29631 -1.28468 1
-0.75940 -0.67475 1.45328 -1.65698 -1.69167 -1.54246 -1.37899 -1.29466 -1.05911 -1.40680 1
-0.75940 -0.67475 1.45328 -1.65698 -1.59091 -1.54246 -1.36676 -1.28115 -1.36929 -1.38884 1
1.31652 -0.67475 -0.68794 -1.44881 -1.43976 -1.18384 -1.22809 -1.17077 -1.12297 -1.24876 1
1.31652 -0.67475 -0.68794 -1.86516 -1.69167 -1.18384 -1.36166 -1.29241 -1.29174 -1.35652 1
-0.75940 -0.67475 1.45328 -0.78266 -0.58325 -0.82522 -0.94362 -0.85090 -0.86753 -0.92549 1
-0.75940 -0.67475 1.45328 -1.11574 -1.08708 -0.94476 -1.06088 -0.99506 -0.97700 -1.10509 1
-0.75940 -0.67475 1.45328 -1.78189 -1.74205 -1.18384 -1.43099 -1.40279 -1.36473 -1.42836 1
-0.75940 -0.67475 1.45328 -0.90756 -0.98631 -0.82522 -0.95688 -0.86666 -0.89034 -1.05839 1
-0.75940 -0.67475 1.45328 -1.32391 -1.38937 -0.82522 -1.25052 -1.20681 -1.21420 -1.26313 1
-0.75940 -0.67475 1.45328 -1.28227 -1.28861 -1.18384 -1.16691 -1.05363 -1.05911 -1.25235 1
-0.75940 -0.67475 1.45328 -0.78266 -0.73439 -0.82522 -0.91915 -0.77205 -0.93139 -1.06917 1
-0.75940 -0.67475 1.45328 -1.03247 -1.08708 -0.70568 -1.08127 -0.99957 -0.99981 -1.17692 1
-0.75940 -0.67475 1.45328 -1.36554 -1.43976 -1.54246 -1.32597 -1.26538 -1.32824 -1.32778 1
-0.75940 -0.67475 1.45328 -1.03247 -0.93593 -1.18384 -1.01703 -0.93875 -1.02718 -1.14100 1
-0.75940 -0.67475 1.45328 -1.82352 -1.79244 -1.54246 -1.39327 -1.35098 -1.36929 -1.35652 1
-0.75940 -0.67475 1.45328 -1.19901 -1.33899 -1.06430 -1.19546 -1.14149 -1.20508 -0.20711 1
1.31652 -0.67475 -0.68794 -1.15737 -1.08708 -0.58614 -0.98950 -0.87793 -0.87209 -0.97937 1
-0.75940 -0.67475 1.45328 -1.24064 -1.18784 -1.06430 -1.10370 -1.06490 -1.09560 -1.14100 1
-0.75940 -0.67475 1.45328 -1.03247 -1.13746 -1.06430 -1.17609 -1.12121 -1.12297 -1.24158 1
-0.75940 -0.67475 1.45328 -0.69939 -0.78478 -0.10798 -0.85492 -0.88469 -0.73069 -0.86084 1
-0.75940 -0.67475 1.45328 0.46637 0.27326 0.25064 0.12798 0.01637 0.10862 0.09101 1
-0.75940 -0.67475 1.45328 -1.24064 -1.28861 -1.42292 -1.23421 -1.10094 -1.25525 -1.32060 1
-0.75940 -0.67475 1.45328 -0.74103 -0.78478 -1.06430 -0.88856 -0.63239 -0.96332 -1.07994 1
-0.75940 -0.67475 1.45328 -1.61535 -1.54052 -1.42292 -1.27193 -1.21582 -1.28718 -1.32060 1
-0.75940 -0.67475 1.45328 -1.44881 -1.49014 -1.06430 -1.25970 -1.23159 -1.13666 -1.22721 1
-0.75940 -0.67475 1.45328 -1.28227 -1.28861 -1.06430 -1.14856 -1.06940 -1.17315 -1.14100 1
-0.75940 -0.67475 1.45328 -1.61535 -1.59091 -0.82522 -1.34025 -1.32395 -1.32824 -1.28468 1
1.31652 -0.67475 -0.68794 -1.94843 -1.79244 -1.54246 -1.45240 -1.42532 -1.41490 -1.42836 1
1.31652 -0.67475 -0.68794 -1.61535 -1.54052 -1.06430 -1.30762 -1.28791 -1.23701 -1.28468 1
1.31652 -0.67475 -0.68794 -1.90679 -1.94359 -1.54246 -1.42691 -1.39378 -1.37841 -1.42836 1
-0.75940 -0.67475 1.45328 -1.65698 -1.59091 -1.42292 -1.33107 -1.35098 -1.32367 -1.26313 1
-0.75940 -0.67475 1.45328 -2.07333 -2.09474 -1.78154 -1.47891 -1.40504 -1.46052 -1.50019 1
-0.75940 -0.67475 1.45328 -1.28227 -1.33899 -0.94476 -1.24135 -1.19555 -1.23701 -1.24876 1
-0.75940 -0.67475 1.45328 -1.32391 -1.33899 -0.10798 -1.20056 -1.13247 -1.24157 -1.18770 1
-0.75940 -0.67475 1.45328 -0.90756 -0.88554 -0.70568 -0.92833 -0.83062 -0.95876 -0.93268 1
-0.75940 -0.67475 1.45328 -1.28227 -1.28861 -1.06430 -1.10574 -0.94100 -1.01806 -1.14460 1
-0.75940 -0.67475 1.45328 -0.61612 -0.73439 -0.82522 -0.77845 -0.56707 -0.25173 -0.86084 1
-0.75940 -0.67475 1.45328 -0.53285 -0.63363 -0.82522 -0.77437 -0.73601 -0.78542 -0.80696 1
1.31652 -0.67475 -0.68794 -0.24141 -0.07942 -0.10798 -0.44606 -0.39361 -0.33840 -0.68124 1
1.31652 -0.67475 -0.68794 -0.19978 -0.23057 -0.10798 -0.37978 -0.17961 -0.47068 -0.61300 1
1.31652 -0.67475 -0.68794 0.05003 -0.02903 -0.34706 -0.36143 -0.39587 -0.18331 -0.37952 1
-0.75940 -0.67475 1.45328 -2.15660 -2.14512 -2.02062 -1.51868 -1.45460 -1.48789 -1.53611 1
-0.75940 -0.67475 1.45328 -0.82430 -0.83516 -0.58614 -0.93852 -0.88919 -0.85841 -0.96500 1
1.31652 -0.67475 -0.68794 -0.44959 -0.48248 -0.82522 -0.58065 -0.40262 -0.37489 -0.78900 1
-0.75940 1.48167 -0.68794 -0.15815 -0.18018 -0.34706 -0.57963 -0.51075 -0.27910 -0.70639 1
1.31652 -0.67475 -0.68794 0.17493 -0.18018 -0.10798 -0.09226 0.28443 0.00827 -0.59504 1
-0.75940 1.48167 -0.68794 0.42474 0.52518 0.13110 0.33801 0.48041 0.44161 0.18799 1
-0.75940 -0.67475 1.45328 -1.24064 -1.38937 -1.30338 -1.24542 -1.19330 -1.29174 -1.21284 1
-0.75940 -0.67475 1.45328 -0.94920 -0.73439 -0.70568 -1.01703 -0.91172 -1.00437 -0.49447 1
-0.75940 -0.67475 1.45328 -0.57449 -0.73439 -0.10798 -0.66833 -0.38460 -0.73981 -0.95063 1
-0.75940 1.48167 -0.68794 -0.40795 -0.43210 -0.58614 -0.53578 -0.35307 -0.58016 -0.75667 1
-0.75940 -0.67475 1.45328 -0.07488 -0.07942 -0.34706 -0.54292 -0.49273 -0.51174 -0.49447 1
-0.75940 -0.67475 1.45328 -1.32391 -1.38937 -1.30338 -1.23625 -1.19780 -1.16859 -1.24158 1
-0.75940 -0.67475 1.45328 -1.11574 -1.08708 -1.18384 -1.17609 -1.13923 -1.16402 -1.14100 1
-0.75940 -0.67475 1.45328 -0.90756 -0.83516 -0.94476 -1.05170 -0.99281 -1.07736 -1.02247 1
-0.75940 -0.67475 1.45328 -0.53285 -0.53286 -0.70568 -0.82229 -0.71123 -0.90858 -0.78182 1
-0.75940 -0.67475 1.45328 0.05003 0.12212 -0.46660 -0.47359 -0.46795 -0.36121 -0.44418 1
1.31652 -0.67475 -0.68794 -0.49122 -0.48248 -0.58614 -0.50825 -0.28999 -0.37489 -0.85365 1
-0.75940 -0.67475 1.45328 -1.44881 -1.43976 -1.42292 -1.28213 -1.21357 -1.26438 -1.28468 1
-0.75940 -0.67475 1.45328 -1.32391 -1.33899 -1.30338 -1.23523 -1.17753 -1.30543 -1.17692 1
-0.75940 -0.67475 1.45328 -0.74103 -0.63363 -0.46660 -1.03437 -1.03336 -1.13666 -0.86443 1
-0.75940 -0.67475 1.45328 -0.32468 -0.23057 -0.22752 -0.53170 -0.49048 -0.02366 -0.60941 1
-0.75940 -0.67475 1.45328 -1.07410 -1.18784 -1.06430 -1.07821 -0.90721 -1.02718 -1.15537 1
-0.75940 -0.67475 1.45328 -0.99083 -1.59091 -1.18384 -1.10370 -1.04237 -1.07279 -1.13741 1
-0.75940 -0.67475 1.45328 -0.82430 -0.93593 -1.06430 -0.94056 -0.77881 -1.03174 -1.00810 1
-0.75940 -0.67475 1.45328 -0.74103 -0.83516 -0.46660 -0.98441 -0.90271 -0.88121 -1.03325 1
-0.75940 -0.67475 1.45328 -0.53285 -0.58325 -0.70568 -0.73664 -0.66168 -0.74437 -0.72794 1
-0.75940 1.48167 -0.68794 0.46637 0.27326 0.25064 0.02092 -0.04896 0.24090 -0.33642 1
-0.75940 -0.67475 1.45328 -1.15737 -1.18784 -1.18384 -1.21688 -1.23384 -1.19595 -1.14100 1
1.31652 -0.67475 -0.68794 -0.82430 -0.83516 -0.94476 -1.01805 -1.00408 -0.98613 -0.92549 1
1.31652 -0.67475 -0.68794 -1.15737 -1.13746 -1.06430 -1.00684 -0.95677 -0.78998 -1.06917 1
-0.75940 -0.67475 1.45328 -1.69862 -1.69167 -1.54246 -1.33617 -1.27664 -1.32367 -1.35652 1
1.31652 -0.67475 -0.68794 -0.86593 -0.63363 -0.82522 -0.81311 -0.83062 -0.77174 -0.78182 1
-0.75940 -0.67475 1.45328 -1.61535 -1.49014 -1.42292 -1.30252 -1.27439 -1.29631 -1.24876 1
1.31652 -0.67475 -0.68794 -0.36632 -0.38171 -0.10798 -0.40222 -0.06698 -0.72156 -0.55912 1
-0.75940 -0.67475 1.45328 -1.53208 -1.43976 -1.66200 -1.31272 -1.33746 -1.28718 -1.21284 1
-0.75940 -0.67475 1.45328 -0.69939 -0.53286 -0.46660 -0.68057 -0.57833 -0.64402 -0.81773 1
-0.75940 1.48167 -0.68794 -0.57449 -0.58325 -0.46660 -0.76111 -0.74277 -0.69419 -0.72794 1
-0.75940 -0.67475 1.45328 -0.53285 -0.63363 -0.46660 -0.84268 -0.72700 -0.84016 -0.94704 1
-0.75940 -0.67475 1.45328 -0.78266 -0.88554 -0.94476 -0.98339 -0.88243 -0.91771 -1.06917 1
-0.75940 -0.67475 1.45328 -0.69939 -0.68401 -0.94476 -0.86002 -0.67744 -0.97700 -0.97578 1
-0.75940 -0.67475 1.45328 -0.69939 -0.73439 -0.58614 -0.83045 -0.83963 -0.94964 -0.90394 1
-0.75940 -0.67475 1.45328 -0.53285 -0.63363 -0.70568 -0.92425 -0.93199 -1.11841 -0.81773 1
-0.75940 -0.67475 1.45328 -0.40795 -0.33133 -0.58614 -0.62857 -0.56932 -0.56191 -0.67047 1
1.31652 -0.67475 -0.68794 0.17493 0.12212 -0.46660 -0.08614 0.19658 0.04020 -0.49447 1
-0.75940 -0.67475 1.45328 -1.28227 -1.33899 -1.18384 -1.26887 -1.18654 -1.28718 -1.29905 1
-0.75940 -0.67475 1.45328 -0.90756 -0.73439 -0.94476 -0.95994 -0.85765 -1.03630 -0.96141 1
-0.75940 -0.67475 1.45328 -1.69862 -1.74205 -1.18384 -1.31680 -1.17753 -1.34192 -1.41399 1
-0.75940 -0.67475 1.45328 -0.74103 -0.73439 -1.06430 -1.08229 -1.12797 -1.11841 -0.88957 1
-0.75940 -0.67475 1.45328 -1.11574 -1.08708 -0.94476 -1.14652 -1.12121 -1.10929 -1.11227 1
-0.75940 -0.67475 1.45328 -0.74103 -0.73439 -0.82522 -0.96911 -0.91622 -1.19139 -0.90035 1
-0.75940 -0.67475 1.45328 -0.82430 -0.83516 -0.82522 -0.87939 -0.80134 -0.90858 -0.87161 1
-0.75940 1.48167 -0.68794 0.21656 0.17250 0.01156 0.25135 0.58628 0.12687 -0.14605 1
-0.75940 1.48167 -0.68794 -1.28227 -1.13746 -0.94476 -1.14244 -1.09418 -1.13666 -1.11586 1
1.31652 -0.67475 -0.68794 -2.15660 -2.09474 -1.78154 -1.51868 -1.46586 -1.55175 -1.50019 1
-0.75940 -0.67475 1.45328 -0.78266 -0.88554 -0.94476 -0.90386 -0.75403 -0.96788 -0.99733 1
-0.75940 -0.67475 1.45328 -0.44959 -0.53286 0.13110 -0.77539 -0.91622 -0.71700 -0.83210 1
-0.75940 -0.67475 1.45328 -1.44881 -1.49014 -1.18384 -1.33005 -1.29466 -1.32367 -1.30264 1
-0.75940 -0.67475 1.45328 -1.19901 -1.23822 -1.18384 -1.21993 -1.16626 -1.29174 -1.15896 1
-0.75940 -0.67475 1.45328 -0.86593 -0.83516 -0.70568 -1.02723 -1.05814 -0.95876 -0.97937 1
-0.75940 -0.67475 1.45328 -0.65776 -0.63363 -0.46660 -0.86715 -0.85765 -0.89490 -0.78182 1
-0.75940 -0.67475 1.45328 -1.44881 -1.59091 -0.94476 -0.87123 -0.84189 -1.07279 -0.81414 1
-0.75940 -0.67475 1.45328 -1.19901 -1.28861 -1.06430 -1.10166 -0.87568 -1.25069 -1.23439 1
-0.75940 -0.67475 1.45328 -1.36554 -1.43976 -1.30338 -1.30966 -1.31494 -1.30999 -1.27390 1
-0.75940 -0.67475 1.45328 -0.61612 -0.73439 -0.58614 -0.88754 -0.74052 -0.99981 -0.92549 1
-0.75940 -0.67475 1.45328 -1.69862 -1.79244 -1.90108 -1.42691 -1.34197 -1.39666 -1.46068 1
1.31652 -0.67475 -0.68794 0.79945 0.52518 0.72880 0.60821 0.79127 0.75635 0.41069 1
-0.75940 1.48167 -0.68794 0.00839 0.02135 -0.58614 -0.11061 0.25514 -0.16050 -0.42263 1
-0.75940 -0.67475 1.45328 -1.61535 -1.49014 -1.30338 -1.28927 -1.20681 -1.25981 -1.32060 1
-0.75940 -0.67475 1.45328 -0.74103 -0.83516 -0.94476 -0.94362 -0.83513 -0.98613 -0.93268 1
1.31652 -0.67475 -0.68794 -0.11651 -0.02903 -0.34706 -0.27782 -0.14582 -0.23349 -0.41904 1
1.31652 -0.67475 -0.68794 -1.44881 -1.43976 -1.18384 -1.28825 -1.29016 -1.31455 -1.16256 1
-0.75940 1.48167 -0.68794 -0.61612 -0.53286 -0.82522 -0.62449 -0.55130 -0.58472 -0.67406 2
1.31652 -0.67475 -0.68794 -0.44959 -0.23057 -0.10798 -0.48786 -0.37334 -0.55279 -0.49447 2
1.31652 -0.67475 -0.68794 -0.40795 -0.53286 -0.46660 -0.71115 -0.56481 -0.72156 -0.74590 2
-0.75940 1.48167 -0.68794 -1.03247 -0.88554 -0.70568 -0.97013 -0.98605 -0.74893 -0.99733 2
1.31652 -0.67475 -0.68794 -0.99083 -1.03669 -1.30338 -1.15876 -1.10319 -1.10473 -1.10509 2
-0.75940 -0.67475 1.45328 -1.74025 -1.64129 -1.30338 -1.39734 -1.38026 -1.21420 -1.35652 2
1.31652 -0.67475 -0.68794 -0.61612 -0.53286 -0.58614 -0.71319 -0.66168 -0.69419 -0.63814 2
-0.75940 1.48167 -0.68794 -0.69939 -0.68401 -0.82522 -0.94770 -0.95226 -0.91314 -0.87161 2
-0.75940 -0.67475 1.45328 -1.94843 -2.04435 -1.66200 -1.49115 -1.45685 -1.47420 -1.46427 2
1.31652 -0.67475 -0.68794 -0.44959 -0.33133 -0.46660 -0.50621 -0.42064 -0.79455 -0.50165 2
-0.75940 1.48167 -0.68794 0.59127 0.72671 0.48972 0.77644 0.73495 1.05284 0.58310 2
-0.75940 1.48167 -0.68794 0.96598 1.02901 0.60926 1.34028 1.80270 1.38127 0.59028 2
-0.75940 -0.67475 1.45328 -0.15815 -0.53286 -0.34706 -0.46441 -0.49273 -0.54823 -0.38671 2
1.31652 -0.67475 -0.68794 0.09166 0.27326 0.01156 0.09229 0.06367 0.44161 -0.13887 2
1.31652 -0.67475 -0.68794 0.88272 0.77709 0.37018 0.91613 1.25081 0.86126 0.51126 2
-0.75940 -0.67475 1.45328 -0.65776 -0.73439 -0.70568 -0.85186 -0.72475 -0.79455 -0.93268 2
-0.75940 -0.67475 1.45328 -0.19978 -0.28095 -0.34706 -0.63163 -0.49949 -0.61209 -0.75308 2
-0.75940 -0.67475 1.45328 -0.07488 -0.23057 -0.34706 -0.44300 -0.18862 -0.49349 -0.63814 2
-0.75940 -0.67475 1.45328 -0.03324 -0.28095 -0.10798 -0.58982 -0.58509 -0.43419 -0.58785 2
-0.75940 1.48167 -0.68794 0.21656 0.07173 -0.10798 -0.02904 0.30470 0.04476 -0.45855 2
1.31652 -0.67475 -0.68794 0.34147 0.27326 0.25064 0.32884 0.99175 0.01739 -0.23585 2
-0.75940 1.48167 -0.68794 0.38310 0.37403 0.13110 0.09943 0.23712 0.33213 -0.13528 2
1.31652 -0.67475 -0.68794 0.46637 0.47480 0.25064 0.58170 0.52771 0.31845 0.18799 2
1.31652 -0.67475 -0.68794 0.79945 0.62595 -0.10798 0.38899 0.77550 0.18160 0.06228 2
-0.75940 1.48167 -0.68794 0.79945 0.72671 0.48972 0.57864 0.91967 0.58301 0.30293 2
1.31652 -0.67475 -0.68794 0.84108 0.72671 1.08742 0.77032 1.02554 0.99810 0.33885 2
-0.75940 -0.67475 1.45328 -1.44881 -1.54052 -1.18384 -1.32597 -1.23384 -1.36929 -1.33856 2
-0.75940 -0.67475 1.45328 -1.24064 -1.28861 -1.42292 -1.27703 -1.24736 -1.20964 -1.24876 2
-0.75940 -0.67475 1.45328 -0.40795 -0.53286 -0.94476 -0.66323 -0.47696 -0.81735 -0.70998 2
-0.75940 -0.67475 1.45328 -0.36632 -0.43210 -0.94476 -0.74990 -0.62563 -0.88578 -0.74590 2
-0.75940 -0.67475 1.45328 -0.24141 -0.53286 -0.46660 -0.67751 -0.65492 -0.69419 -0.64173 2
-0.75940 -0.67475 1.45328 0.17493 -0.02903 -0.10798 -0.47767 -0.40262 -0.56647 -0.38671 2
-0.75940 1.48167 -0.68794 0.34147 0.42441 0.13110 0.04233 0.27992 -0.11033 -0.09936 2
-0.75940 1.48167 -0.68794 0.46637 0.37403 0.25064 0.05966 0.18306 -0.22437 0.10179 2
1.31652 -0.67475 -0.68794 -0.69939 -0.88554 -0.46660 -0.75908 -0.52201 -0.80823 -0.97937 2
1.31652 -0.67475 -0.68794 -0.03324 -0.07942 -0.34706 -0.55006 -0.47471 -0.37945 -0.64532 2
1.31652 -0.67475 -0.68794 0.38310 0.37403 0.25064 0.32374 0.65161 0.24090 0.07305 2
1.31652 -0.67475 -0.68794 0.42474 0.52518 0.60926 0.17692 0.18531 0.60126 -0.00238 2
-0.75940 1.48167 -0.68794 0.54964 0.52518 0.13110 0.32986 0.42184 0.36406 0.25983 2
1.31652 -0.67475 -0.68794 0.92435 1.02901 1.08742 0.97730 0.83182 1.25354 0.99258 2
-0.75940 -0.67475 1.45328 -1.36554 -1.38937 -1.06430 -1.28213 -1.29016 -1.13666 -1.27750 2
-0.75940 -0.67475 1.45328 -1.15737 -1.18784 -1.18384 -1.20770 -1.16852 -1.18683 -1.16974 2
-0.75940 -0.67475 1.45328 0.17493 0.12212 -0.34706 -0.22786 -0.00616 -0.62577 -0.13528 2
-0.75940 -0.67475 1.45328 -0.74103 -1.08708 -0.46660 -0.47359 -0.45218 -0.37945 -0.53398 2
-0.75940 -0.67475 1.45328 -0.57449 -0.83516 -0.10798 -0.01783 0.18531 -0.08296 -0.19993 2
-0.75940 -0.67475 1.45328 -0.32468 -0.43210 -0.82522 -0.62857 -0.74052 -0.52542 -0.40826 2
-0.75940 1.48167 -0.68794 -0.28305 -0.53286 0.48972 0.10351 -0.04896 0.31389 0.31371 2
1.31652 -0.67475 -0.68794 0.05003 0.02135 0.01156 -0.15139 -0.04446 -0.08296 -0.20352 2
-0.75940 -0.67475 1.45328 0.50801 0.42441 0.25064 0.12798 0.17180 0.20897 0.10179 2
-0.75940 -0.67475 1.45328 -1.11574 -0.98631 -0.82522 -1.14652 -1.08517 -1.16859 -1.13382 2
-0.75940 -0.67475 1.45328 -0.74103 -0.78478 -0.82522 -1.00684 -0.91622 -1.14122 -0.96141 2
-0.75940 -0.67475 1.45328 -0.32468 -0.48248 -0.46660 -0.63876 -0.50850 -0.71244 -0.65969 2
-0.75940 -0.67475 1.45328 -0.24141 -0.28095 0.13110 -0.67037 -0.69547 -0.29735 -0.63455 2
-0.75940 1.48167 -0.68794 -0.57449 -0.53286 23.68045 -0.47869 -0.12330 -0.58928 -0.75667 2
1.31652 -0.67475 -0.68794 -0.53285 -0.63363 -0.46660 -0.68362 -0.52201 -0.57560 -0.76745 2
-0.75940 -0.67475 1.45328 -0.28305 -0.38171 -0.70568 -0.59288 -0.39812 -0.70332 -0.71716 2
-0.75940 1.48167 -0.68794 -0.36632 -0.28095 -0.46660 -0.45014 -0.40037 -0.36577 -0.38671 2
-0.75940 1.48167 -0.68794 0.09166 0.52518 0.13110 -0.08410 -0.08951 0.18160 -0.27895 2
1.31652 -0.67475 -0.68794 -0.03324 -0.28095 -0.10798 -0.50214 -0.49048 -0.21980 -0.45855 2
-0.75940 -0.67475 1.45328 -0.44959 -0.38171 -0.70568 -0.55719 -0.49273 -0.59840 -0.54475 2
-0.75940 -0.67475 1.45328 -0.61612 -0.58325 -0.46660 -0.73562 -0.71574 -0.67595 -0.76386 2
1.31652 -0.67475 -0.68794 0.00839 0.17250 -0.34706 -0.03414 0.19883 -0.09208 -0.31487 2
-0.75940 1.48167 -0.68794 0.05003 -0.02903 0.25064 0.12288 0.20784 0.42792 -0.17120 2
-0.75940 1.48167 -0.68794 0.63291 0.52518 0.13110 0.21158 0.17630 0.40055 0.06587 2
1.31652 -0.67475 -0.68794 0.71618 0.72671 0.25064 0.65409 0.92192 0.85214 0.18081 2
-0.75940 1.48167 -0.68794 0.84108 0.82748 0.84834 0.56844 0.40156 0.32757 0.86686 2
-0.75940 -0.67475 1.45328 0.21656 0.12212 -0.22752 -0.39304 -0.29450 -0.33384 -0.45495 2
-0.75940 1.48167 -0.68794 0.21656 0.32365 -0.10798 0.03009 0.33624 0.17248 -0.38671 2
1.31652 -0.67475 -0.68794 0.46637 0.47480 -0.22752 0.04743 0.22811 -0.07384 -0.09936 2
-0.75940 -0.67475 1.45328 -1.24064 -1.18784 0.01156 -1.07821 -0.98831 -1.07736 -1.12304 2
-0.75940 -0.67475 1.45328 -0.86593 -0.83516 -0.58614 -1.04966 -1.03561 -1.06823 -0.99733 2
-0.75940 -0.67475 1.45328 -0.86593 -0.93593 -0.70568 -0.86919 -0.78332 -0.89034 -0.98655 2
1.31652 -0.67475 -0.68794 -0.61612 -0.83516 -0.58614 -0.81209 -0.61212 -0.93139 -0.88598 2
-0.75940 -0.67475 1.45328 -0.57449 -0.68401 -0.58614 -0.69892 -0.44317 -1.04999 -0.77104 2
-0.75940 1.48167 -0.68794 0.17493 0.32365 0.25064 0.24217 0.02988 0.53284 0.25983 2
-0.75940 -0.67475 1.45328 -0.19978 -0.33133 -0.46660 -0.61123 -0.61212 -0.52542 -0.56630 2
-0.75940 -0.67475 1.45328 -0.44959 -0.23057 -0.22752 -0.49296 -0.42965 -0.58016 -0.46573 2
-0.75940 -0.67475 1.45328 -0.40795 -0.33133 -0.70568 -0.68261 -0.66843 -0.65314 -0.60581 2
-0.75940 -0.67475 1.45328 -0.24141 -0.33133 -0.46660 -0.43790 -0.33279 -0.40226 -0.55912 2
-0.75940 -0.67475 1.45328 0.17493 0.22288 -0.22752 -0.14120 -0.00616 -0.25173 -0.23944 2
-0.75940 -0.67475 1.45328 0.21656 0.27326 0.60926 -0.05045 -0.08726 0.12231 0.03713 2
-0.75940 -0.67475 1.45328 0.59127 0.22288 0.60926 0.31762 0.41959 0.24090 0.24187 2
-0.75940 -0.67475 1.45328 -0.44959 -0.33133 -0.34706 -0.62449 -0.59860 -0.69876 -0.55194 2
-0.75940 -0.67475 1.45328 0.00839 -0.07942 -0.70568 -0.41037 -0.26071 -0.49805 -0.42263 2
-0.75940 -0.67475 1.45328 0.42474 0.22288 -0.22752 -0.17586 -0.31477 0.18160 -0.13528 2
-0.75940 -0.67475 1.45328 -2.11496 -2.14512 -1.66200 -1.48197 -1.41631 -1.52438 -1.47146 2
-0.75940 1.48167 -0.68794 -0.11651 -0.23057 -0.10798 -0.40120 -0.34856 -0.32472 -0.49447 2
-0.75940 -0.67475 1.45328 -0.57449 -0.33133 -0.34706 -0.60308 -0.56932 -0.68051 -0.38671 2
-0.75940 -0.67475 1.45328 -1.90679 -1.99397 -1.42292 -1.48605 -1.44784 -1.41034 -1.49301 2
-0.75940 1.48167 -0.68794 -0.53285 -0.58325 -0.58614 -0.79272 -0.76304 -0.71244 -0.78182 2
-0.75940 -0.67475 1.45328 -0.36632 -0.53286 -0.58614 -0.51029 -0.49273 -0.68051 -0.39389 2
-0.75940 -0.67475 1.45328 -0.69939 -0.58325 -0.34706 -0.76009 -0.67294 -0.77630 -0.77463 2
-0.75940 1.48167 -0.68794 0.25820 0.12212 -0.70568 0.20852 0.38354 -0.08752 -0.09936 2
-0.75940 -0.67475 1.45328 -0.40795 0.12212 0.48972 -0.24316 -0.04220 -0.27454 -0.39030 2
-0.75940 -0.67475 1.45328 -0.03324 -0.28095 -0.22752 -0.60002 -0.54904 -0.53454 -0.61300 2
-0.75940 1.48167 -0.68794 0.05003 0.12212 0.01156 -0.41139 -0.31027 -0.58472 -0.40108 2
1.31652 -0.67475 -0.68794 0.29983 0.07173 -0.22752 -0.13712 0.04565 -0.09664 -0.31128 2
1.31652 -0.67475 -0.68794 0.42474 0.32365 0.13110 0.08413 0.15828 0.35494 -0.09936 2
-0.75940 -0.67475 1.45328 -0.82430 -0.83516 -0.70568 -0.86409 -0.85540 -0.80823 -0.95063 2
-0.75940 -0.67475 1.45328 -0.65776 -0.53286 -1.06430 -0.95280 -0.98155 -0.93139 -0.85365 2
-0.75940 -0.67475 1.45328 0.13330 0.02135 -0.10798 -0.25743 -0.22241 -0.03278 -0.27895 2
1.31652 -0.67475 -0.68794 -0.07488 -0.18018 0.01156 -0.30739 -0.08275 -0.43875 -0.86084 2
-0.75940 -0.67475 1.45328 -0.69939 -0.68401 -0.82522 -0.98848 -1.06490 -0.90858 -0.81773 2
-0.75940 -0.67475 1.45328 0.21656 0.42441 0.01156 -0.15445 -0.06698 -0.43875 0.00840 2
-0.75940 -0.67475 1.45328 -0.32468 -0.38171 0.01156 -0.65712 -0.52652 -0.84472 -0.66328 2
-0.75940 -0.67475 1.45328 -0.11651 -0.12980 -0.82522 -0.56331 -0.56481 -0.48893 -0.53038 2
-0.75940 -0.67475 1.45328 0.05003 -0.12980 -0.58614 -0.72135 -0.70673 -0.72612 -0.65251 2
-0.75940 1.48167 -0.68794 0.88272 0.67633 0.25064 0.49605 0.33173 1.06653 0.54718 2
-0.75940 -0.67475 1.45328 -0.82430 -0.98631 -1.06430 -0.97523 -0.87793 -0.99981 -0.99733 2
-0.75940 1.48167 -0.68794 -0.03324 -0.33133 -0.10798 -0.59390 -0.62338 -0.58016 -0.49447 2
1.31652 -0.67475 -0.68794 -0.94920 -0.73439 -0.58614 -0.79170 -0.76304 -0.87209 -0.74590 2
-0.75940 1.48167 -0.68794 -0.44959 -0.58325 -0.58614 -0.69688 -0.73827 -0.48893 -0.60222 2
-0.75940 -0.67475 1.45328 -0.49122 -0.53286 -0.46660 -0.50621 -0.47020 -0.81279 -0.39389 2
-0.75940 -0.67475 1.45328 -0.86593 -0.88554 -0.58614 -0.85594 -0.69321 -0.79455 -0.96141 2
1.31652 -0.67475 -0.68794 -0.32468 -0.18018 -0.46660 -0.46849 -0.48822 -0.42051 -0.50165 2
1.31652 -0.67475 -0.68794 0.71618 0.82748 0.48972 0.64695 1.07060 0.59670 0.18799 2
1.31652 -0.67475 -0.68794 -0.07488 -0.18018 -0.46660 -0.44096 -0.25846 -0.40226 -0.69920 2
-0.75940 -0.67475 1.45328 0.17493 -0.02903 -0.22752 -0.34818 -0.14582 -0.32928 -0.46573 2
-0.75940 -0.67475 1.45328 -0.32468 -0.33133 -0.70568 -0.74378 -0.71123 -0.82648 -0.64532 2
-0.75940 -0.67475 1.45328 0.17493 0.22288 0.01156 -0.11571 -0.31702 0.08581 0.16285 2
-0.75940 -0.67475 1.45328 -0.07488 -0.07942 0.01156 -0.22888 -0.04446 -0.19243 -0.43340 2
-0.75940 -0.67475 1.45328 0.29983 0.12212 0.01156 0.01684 0.24613 0.30476 -0.27895 2
-0.75940 -0.67475 1.45328 -0.28305 -0.33133 -0.58614 -0.55414 -0.59410 -0.42963 -0.44777 2
-0.75940 -0.67475 1.45328 -0.19978 -0.23057 -0.46660 -0.63774 -0.73151 -0.45700 -0.53038 2
1.31652 -0.67475 -0.68794 -0.40795 -0.38171 -0.70568 -0.69178 -0.63464 -0.67139 -0.66688 2
1.31652 -0.67475 -0.68794 -0.40795 -0.48248 0.01156 -0.64284 -0.53328 -0.69419 -0.60222 2
1.31652 -0.67475 -0.68794 -1.15737 -1.54052 -0.94476 -1.04252 -1.00182 -1.02718 -1.05480 2
1.31652 -0.67475 -0.68794 -1.40718 -1.18784 -1.18384 -1.02213 -1.01534 -0.86297 -1.06917 2
-0.75940 1.48167 -0.68794 0.00839 0.17250 0.48972 0.01378 -0.02193 0.30020 0.04432 2
-0.75940 1.48167 -0.68794 -0.53285 -0.53286 -0.22752 -0.63570 -0.62563 -0.60753 -0.53038 2
1.31652 -0.67475 -0.68794 -0.24141 -0.12980 -0.34706 -0.58574 -0.54904 -0.42051 -0.60222 2
-0.75940 1.48167 -0.68794 0.29983 0.22288 0.25064 0.10962 -0.05797 -0.07840 0.51126 2
-0.75940 1.48167 -0.68794 -0.44959 -0.43210 -0.82522 -0.83249 -0.88469 -0.70332 -0.70998 2
-0.75940 1.48167 -0.68794 -0.99083 -0.83516 -0.70568 -0.96503 -0.93875 -1.07279 -0.87520 2
-0.75940 -0.67475 1.45328 -1.03247 -1.08708 -0.70568 -1.04762 -1.12797 -1.03630 -0.85365 2
1.31652 -0.67475 -0.68794 -0.19978 -0.02903 0.01156 -0.43484 -0.53328 -0.41138 -0.24303 2
-0.75940 1.48167 -0.68794 -0.19978 -0.38171 -0.10798 -0.77233 -0.84639 -0.68507 -0.60222 2
-0.75940 -0.67475 1.45328 -1.36554 -1.33899 -1.30338 -1.28723 -1.28340 -1.26894 -1.21284 2
1.31652 -0.67475 -0.68794 -1.28227 -1.28861 -0.82522 -1.21280 -1.21132 -1.11385 -1.17692 2
-0.75940 1.48167 -0.68794 -0.99083 -1.03669 -1.06430 -0.97931 -0.96353 -0.83104 -0.99733 2
-0.75940 1.48167 -0.68794 -0.57449 -0.38171 -0.82522 -0.68566 -0.64591 -0.51174 -0.74590 2
1.31652 -0.67475 -0.68794 -0.07488 0.47480 -0.10798 -0.21665 -0.28999 -0.16507 -0.02752 2
-0.75940 1.48167 -0.68794 -0.40795 -0.48248 -0.34706 -0.77845 -0.85540 -0.90858 -0.70998 2
-0.75940 -0.67475 1.45328 -0.69939 -0.43210 -0.58614 -0.66833 -0.52201 -0.88121 -0.66328 2
-0.75940 -0.67475 1.45328 -0.32468 -0.53286 -0.82522 -0.67445 -0.63915 -0.77174 -0.62018 2
1.31652 -0.67475 -0.68794 -0.19978 -0.07942 -0.34706 -0.47155 -0.40262 -0.48437 -0.52320 2
1.31652 -0.67475 -0.68794 0.13330 -0.02903 -0.34706 0.12696 0.55024 0.09950 -0.26458 2
-0.75940 1.48167 -0.68794 0.92435 0.77709 0.60926 0.94977 1.39047 0.72898 0.23469 2
1.31652 -0.67475 -0.68794 0.42474 0.67633 0.48972 0.58170 0.61331 0.85670 0.36759 2
1.31652 -0.67475 -0.68794 0.46637 0.82748 -0.22752 0.62146 1.02104 0.69249 -0.01315 2
1.31652 -0.67475 -0.68794 0.59127 0.47480 0.25064 0.43895 0.71468 0.36406 0.22391 2
1.31652 -0.67475 -0.68794 0.67454 0.67633 0.37018 0.67754 0.95796 0.59213 0.25983 2
1.31652 -0.67475 -0.68794 1.04925 0.87786 0.48972 0.96914 0.94895 1.19881 0.96025 2
1.31652 -0.67475 -0.68794 1.13252 1.28092 1.20696 1.55337 1.27558 1.06196 2.00190 2
-0.75940 -0.67475 1.45328 0.00839 -0.07942 0.01156 -0.46441 -0.43641 -0.47524 -0.39748 2
1.31652 -0.67475 -0.68794 0.00839 -0.02903 -0.46660 -0.14936 0.07268 -0.22893 -0.27177 2
1.31652 -0.67475 -0.68794 0.17493 0.02135 -0.46660 -0.07289 0.33624 -0.36577 -0.35079 2
1.31652 -0.67475 -0.68794 0.17493 0.07173 0.01156 -0.01783 0.46013 -0.48893 -0.14964 2
1.31652 -0.67475 -0.68794 0.38310 0.52518 0.25064 0.42570 0.82055 0.20897 0.08024 2
1.31652 -0.67475 -0.68794 0.42474 0.27326 0.01156 0.03417 0.18757 0.09494 -0.12091 2
-0.75940 1.48167 -0.68794 0.42474 0.62595 0.60926 0.08209 0.34074 0.14967 -0.00597 2
1.31652 -0.67475 -0.68794 0.42474 0.47480 -0.10798 0.15958 0.29344 0.14967 0.15207 2
1.31652 -0.67475 -0.68794 0.42474 0.37403 0.72880 0.39511 0.85434 0.33669 -0.07781 2
1.31652 -0.67475 -0.68794 0.42474 0.37403 0.13110 0.03723 0.25064 0.12687 -0.13528 2
-0.75940 1.48167 -0.68794 0.63291 0.67633 0.48972 0.40327 0.56601 0.62863 0.12693 2
-0.75940 1.48167 -0.68794 0.67454 0.62595 0.60926 0.71119 1.13367 0.42792 0.38195 2
-0.75940 1.48167 -0.68794 0.75781 0.67633 0.37018 0.40429 0.39481 0.63319 0.33167 2
-0.75940 1.48167 -0.68794 0.84108 0.77709 0.84834 1.11291 1.68556 0.82933 0.66931 2
-0.75940 1.48167 -0.68794 1.04925 0.92824 1.20696 1.29542 1.27108 1.44513 1.33380 2
-0.75940 1.48167 -0.68794 1.38233 1.23054 0.72880 1.47792 1.96038 1.53179 0.93870 2
1.31652 -0.67475 -0.68794 1.46560 1.58322 0.96788 1.88067 2.41316 1.41320 1.48826 2
-0.75940 1.48167 -0.68794 1.50723 1.43207 0.72880 0.79581 1.26207 0.50547 0.44661 2
-0.75940 -0.67475 1.45328 -0.69939 -0.68401 -0.46660 -0.79680 -0.66618 -0.89034 -0.85365 2
-0.75940 -0.67475 1.45328 -0.07488 -0.07942 -0.10798 -0.26967 -0.17736 -0.50261 -0.45855 2
-0.75940 -0.67475 1.45328 0.13330 0.12212 0.01156 -0.20849 -0.17511 -0.32928 -0.07062 2
-0.75940 1.48167 -0.68794 0.17493 0.37403 0.25064 -0.05861 -0.02643 -0.16050 -0.22867 2
1.31652 -0.67475 -0.68794 0.21656 0.22288 0.25064 0.09331 0.24163 0.09038 0.06587 2
-0.75940 -0.67475 1.45328 0.25820 0.22288 0.01156 -0.12692 -0.08275 -0.14226 -0.06344 2
-0.75940 -0.67475 1.45328 0.25820 0.17250 0.13110 -0.07798 -0.04896 -0.03735 -0.09936 2
-0.75940 -0.67475 1.45328 0.29983 0.17250 -0.10798 -0.01681 0.05466 0.04020 -0.02034 2
-0.75940 1.48167 -0.68794 0.38310 0.52518 -0.10798 0.30742 0.16954 0.65599 0.19158 2
1.31652 -0.67475 -0.68794 0.84108 0.47480 0.72880 0.51644 0.61331 0.49178 0.54718 2
-0.75940 1.48167 -0.68794 0.88272 0.77709 0.72880 1.00279 1.05933 1.49986 0.76269 2
-0.75940 1.48167 -0.68794 0.92435 0.92824 0.60926 1.28624 1.55716 0.76547 1.08596 2
1.31652 -0.67475 -0.68794 1.04925 1.02901 1.20696 1.45447 1.60447 1.75987 0.97821 2
1.31652 -0.67475 -0.68794 1.34069 1.38169 1.56558 1.96529 2.05049 2.14759 1.59601 2
1.31652 -0.67475 -0.68794 0.42474 0.57556 0.25064 0.51236 1.06158 0.23634 -0.00597 2
-0.75940 1.48167 -0.68794 0.46637 0.27326 0.01156 0.25339 0.52095 0.32757 -0.21071 2
-0.75940 1.48167 -0.68794 0.54964 0.57556 0.25064 0.65715 1.14268 0.53284 0.09101 2
1.31652 -0.67475 -0.68794 0.88272 0.47480 0.25064 0.61738 0.54799 0.85670 0.47534 2
-0.75940 -0.67475 1.45328 -0.49122 -0.38171 -0.46660 -0.79986 -0.77205 -0.90402 -0.65969 2
-0.75940 -0.67475 1.45328 -0.19978 -0.33133 0.01156 -0.55006 -0.54904 -0.41595 -0.50165 2
-0.75940 -0.67475 1.45328 0.00839 -0.18018 -0.46660 -0.33594 -0.21566 -0.30647 -0.43699 2
1.31652 -0.67475 -0.68794 0.00839 -0.07942 0.37018 -0.24826 -0.34856 -0.18331 -0.09936 2
-0.75940 -0.67475 1.45328 0.13330 0.12212 0.01156 -0.41037 -0.49048 -0.57560 -0.02752 2
-0.75940 -0.67475 1.45328 0.21656 0.17250 0.25064 -0.38692 -0.40713 -0.42051 -0.15683 2
-0.75940 -0.67475 1.45328 0.42474 0.42441 -0.34706 -0.09939 -0.14357 0.06757 -0.02752 2
1.31652 -0.67475 -0.68794 0.42474 0.37403 0.48972 0.02092 0.18531 0.15880 0.00122 2
-0.75940 1.48167 -0.68794 0.63291 0.67633 0.25064 0.61432 0.97148 0.14055 0.47534 2
1.31652 -0.67475 -0.68794 0.71618 0.62595 0.48972 0.39409 0.40382 0.49178 0.39991 2
1.31652 -0.67475 -0.68794 0.88272 0.97863 0.72880 0.53582 0.46013 0.77915 0.43943 3
-0.75940 1.48167 -0.68794 0.92435 0.82748 0.72880 0.88248 0.80704 0.78372 1.01413 3
-0.75940 1.48167 -0.68794 1.00762 1.02901 0.48972 0.84169 1.00076 0.87038 0.54718 3
1.31652 -0.67475 -0.68794 1.00762 0.77709 0.25064 0.80091 0.94670 0.84758 0.65494 3
-0.75940 1.48167 -0.68794 1.04925 0.87786 0.37018 1.03644 1.15169 1.26723 0.69086 3
1.31652 -0.67475 -0.68794 1.04925 1.02901 0.48972 1.13126 1.25756 1.00267 0.91715 3
1.31652 -0.67475 -0.68794 1.13252 0.92824 0.60926 1.00075 1.38596 0.80652 0.73396 3
1.31652 -0.67475 -0.68794 1.17416 0.92824 0.84834 0.95589 1.11790 1.21705 0.54718 3
-0.75940 -0.67475 1.45328 -0.32468 -0.63363 0.48972 0.08209 -0.22917 0.04020 0.57592 3
-0.75940 -0.67475 1.45328 -0.40795 -0.68401 -0.82522 -0.76519 -0.70448 -0.91771 -0.66328 3
-0.75940 -0.67475 1.45328 -0.32468 -0.38171 -0.58614 -0.75806 -0.76980 -0.76718 -0.63814 3
-0.75940 -0.67475 1.45328 -0.19978 -0.28095 -0.70568 -0.54700 -0.35757 -0.68051 -0.63814 3
-0.75940 -0.67475 1.45328 0.29983 0.37403 0.60926 0.00664 -0.06248 -0.01454 0.28857 3
1.31652 -0.67475 -0.68794 0.42474 0.67633 0.13110 0.05762 0.03213 -0.06928 0.21673 3
-0.75940 1.48167 -0.68794 0.67454 0.47480 0.13110 0.06782 -0.11429 0.16336 0.43943 3
1.31652 -0.67475 -0.68794 0.75781 0.62595 0.25064 0.52766 0.62232 0.93424 0.21314 3
1.31652 -0.67475 -0.68794 0.88272 0.82748 0.37018 0.86413 1.21927 0.59670 0.36040 3
1.31652 -0.67475 -0.68794 0.00839 0.02135 -0.22752 -0.28802 -0.07149 -0.28366 -0.44777 3
-0.75940 1.48167 -0.68794 0.05003 -0.02903 -0.22752 -0.39406 -0.43191 -0.21980 -0.38671 3
-0.75940 1.48167 -0.68794 0.29983 0.02135 0.48972 -0.01477 -0.07824 0.03108 0.10179 3
-0.75940 1.48167 -0.68794 0.13330 0.12212 -0.22752 -0.15955 0.03889 -0.11945 -0.39030 3
1.31652 -0.67475 -0.68794 0.59127 0.57556 0.25064 0.18405 0.33399 -0.03735 0.16644 3
-0.75940 -0.67475 1.45328 -0.57449 -0.53286 -1.42292 -0.76825 -0.64365 -0.73981 -0.81773 3
-0.75940 -0.67475 1.45328 -0.57449 -0.38171 -0.34706 -0.80700 -0.71349 -0.49349 -0.67406 3
-0.75940 1.48167 -0.68794 0.29983 0.17250 -0.34706 0.21056 0.00735 0.29564 0.69086 3
-0.75940 -0.67475 1.45328 -0.53285 -0.58325 -0.70568 -0.88551 -0.85991 -0.85841 -0.81773 3
1.31652 -0.67475 -0.68794 -0.57449 -0.58325 -0.82522 -0.87225 -0.90946 -0.89034 -0.74590 3
-0.75940 1.48167 -0.68794 0.71618 0.42441 0.48972 0.62656 0.24613 1.18968 0.43943 3
1.31652 -0.67475 -0.68794 -0.69939 -0.33133 -0.22752 -0.69688 -0.60085 -0.76718 -0.60222 3
-0.75940 -0.67475 1.45328 -0.86593 -0.78478 -0.94476 -0.97217 -0.88243 -0.83560 -0.99733 3
-0.75940 1.48167 -0.68794 -0.19978 -0.12980 0.25064 -0.23296 -0.16159 -0.06928 -0.31487 3
-0.75940 1.48167 -0.68794 -0.61612 -0.48248 -0.82522 -0.72849 -0.70222 -0.79455 -0.64532 3
1.31652 -0.67475 -0.68794 -1.53208 -1.54052 -1.06430 -1.25562 -1.25412 -1.33736 -1.21284 3
-0.75940 1.48167 -0.68794 -1.61535 -1.49014 -1.42292 -1.28213 -1.33746 -1.19139 -1.21284 3
-0.75940 1.48167 -0.68794 0.34147 0.32365 0.25064 0.31456 0.39706 0.50091 0.06946 3
1.31652 -0.67475 -0.68794 0.54964 0.47480 0.48972 0.53276 0.63359 0.37318 0.38195 3
-0.75940 1.48167 -0.68794 0.38310 0.37403 0.25064 0.33903 0.65161 0.04020 0.08383 3
1.31652 -0.67475 -0.68794 0.63291 0.52518 0.25064 0.85291 0.78451 0.84758 0.36759 3
-0.75940 1.48167 -0.68794 0.38310 0.22288 0.48972 -0.03618 0.12674 -0.19700 -0.07421 3
-0.75940 1.48167 -0.68794 1.00762 1.12978 0.96788 0.93040 0.98274 1.56372 0.56155 3
1.31652 -0.67475 -0.68794 1.04925 1.12978 0.84834 0.89064 1.15169 0.88407 0.69804 3
1.31652 -0.67475 -0.68794 1.04925 1.02901 0.37018 1.17918 1.63150 1.07109 0.69086 3
-0.75940 -0.67475 1.45328 0.21656 0.12212 0.37018 0.16978 0.61106 -0.00085 -0.24303 3
-0.75940 -0.67475 1.45328 0.21656 0.57556 0.25064 0.21872 0.54799 -0.06015 0.03354 3
1.31652 -0.67475 -0.68794 0.63291 1.02901 1.08742 0.93040 1.12691 0.85670 0.54718 3
-0.75940 1.48167 -0.68794 0.79945 0.57556 0.01156 0.67652 1.08636 0.35494 0.48971 3
1.31652 -0.67475 -0.68794 1.04925 1.12978 0.37018 1.09965 1.16746 0.97986 0.90637 3
-0.75940 1.48167 -0.68794 1.13252 0.97863 1.20696 1.17408 1.19900 1.43144 0.97462 3
-0.75940 1.48167 -0.68794 0.00839 0.22288 -0.10798 0.03009 0.32948 -0.00542 -0.41185 3
1.31652 -0.67475 -0.68794 0.54964 0.77709 0.37018 0.50931 0.42409 0.57389 0.51126 3
1.31652 -0.67475 -0.68794 0.63291 0.67633 0.84834 0.57354 0.68089 0.68793 0.33167 3
-0.75940 -0.67475 1.45328 -0.19978 -0.18018 -0.22752 -0.65508 -0.66618 -0.69876 -0.45495 3
-0.75940 -0.67475 1.45328 -0.11651 -0.07942 0.13110 -0.51233 -0.57833 -0.34296 -0.44418 3
-0.75940 -0.67475 1.45328 0.54964 0.52518 -0.34706 -0.15037 -0.11429 -0.27910 -0.00597 3
-0.75940 -0.67475 1.45328 0.63291 0.37403 -0.10798 0.18711 0.38580 0.20897 0.10179 3
1.31652 -0.67475 -0.68794 0.25820 0.17250 0.25064 0.09025 0.46464 0.03564 -0.30410 3
1.31652 -0.67475 -0.68794 0.71618 0.67633 0.84834 0.39817 0.22361 0.73354 0.59747 3
-0.75940 1.48167 -0.68794 0.92435 1.02901 0.72880 0.80499 0.77775 0.82477 0.82735 3
1.31652 -0.67475 -0.68794 0.00839 -0.07942 -0.22752 -0.42159 -0.42290 -0.30647 -0.39389 3
-0.75940 1.48167 -0.68794 0.00839 -0.07942 -0.22752 -0.26355 -0.21566 -0.45244 -0.11373 3
1.31652 -0.67475 -0.68794 -0.53285 -0.58325 -0.34706 -0.63672 -0.76980 -0.60297 -0.38671 3
-0.75940 1.48167 -0.68794 0.84108 0.72671 1.44604 1.00891 1.11790 1.13951 0.83453 3
-0.75940 1.48167 -0.68794 -0.78266 -0.58325 -1.18384 -0.88041 -0.90946 -0.83560 -0.85365 3
-0.75940 1.48167 -0.68794 0.21656 0.32365 -0.34706 -0.12998 -0.13231 0.29108 0.04432 3
1.31652 -0.67475 -0.68794 -1.15737 -1.03669 -1.18384 -1.12409 -1.12797 -1.17771 -0.99733 3
-0.75940 -0.67475 1.45328 -0.86593 -0.83516 -0.34706 -0.89162 -0.90946 -0.71244 -0.88957 3
-0.75940 1.48167 -0.68794 -0.61612 -0.83516 -0.10798 -0.79680 -0.80584 -0.58472 -0.92549 3
1.31652 -0.67475 -0.68794 -0.94920 -0.93593 -1.06430 -1.06597 -1.07391 -0.97700 -1.06917 3
-0.75940 -0.67475 1.45328 -1.44881 -1.43976 -0.70568 -1.26378 -1.32170 -1.10929 -1.17692 3
-0.75940 1.48167 -0.68794 0.29983 0.57556 0.48972 0.41346 0.32723 0.19985 0.70522 3
-0.75940 1.48167 -0.68794 0.25820 0.22288 -0.10798 -0.03414 0.20784 -0.16050 -0.12450 3
-0.75940 1.48167 -0.68794 0.59127 0.62595 0.60926 0.38084 0.59304 0.09038 0.36040 3
-0.75940 -0.67475 1.45328 -1.03247 -1.43976 -0.94476 -1.12409 -1.05814 -1.09560 -1.14100 3
-0.75940 -0.67475 1.45328 -0.40795 -0.53286 -0.34706 -0.69790 -0.64816 -0.63946 -0.69561 3
-0.75940 -0.67475 1.45328 -0.07488 -0.07942 -0.10798 -0.39304 -0.24269 -0.53911 -0.38312 3
-0.75940 -0.67475 1.45328 0.05003 -0.02903 -0.22752 -0.34104 -0.29224 -0.37489 -0.35079 3
-0.75940 -0.67475 1.45328 0.38310 0.12212 -0.22752 -0.11061 -0.02643 -0.27454 -0.01674 3
-0.75940 1.48167 -0.68794 0.42474 0.67633 0.48972 0.13511 0.00510 0.36862 0.23110 3
-0.75940 1.48167 -0.68794 0.63291 0.62595 0.72880 0.51338 0.63133 0.40055 0.58669 3
-0.75940 1.48167 -0.68794 0.63291 0.77709 0.13110 -0.10755 -0.02193 -0.20156 0.00122 3
1.31652 -0.67475 -0.68794 0.79945 0.52518 0.48972 0.24829 0.59529 0.17704 -0.07781 3
-0.75940 1.48167 -0.68794 0.96598 0.92824 0.72880 0.88860 0.92643 1.43144 0.54718 3
-0.75940 -0.67475 1.45328 -0.40795 -0.58325 -0.34706 -0.82841 -0.76079 -0.92683 -0.74231 3
-0.75940 -0.67475 1.45328 -0.07488 -0.02903 -0.22752 -0.52151 -0.65942 -0.42507 -0.31487 3
-0.75940 -0.67475 1.45328 0.05003 0.12212 0.01156 -0.31045 -0.46570 0.04476 -0.22148 3
-0.75940 -0.67475 1.45328 0.21656 -0.07942 -0.10798 -0.22786 -0.12555 -0.28366 -0.12809 3
-0.75940 -0.67475 1.45328 0.25820 0.22288 0.25064 -0.09328 -0.06473 -0.04647 0.05869 3
-0.75940 -0.67475 1.45328 0.42474 0.42441 0.13110 0.08821 0.48716 -0.00542 -0.15683 3
-0.75940 -0.67475 1.45328 0.00839 -0.07942 0.01156 -0.45523 -0.44542 -0.66226 -0.20711 3
-0.75940 1.48167 -0.68794 0.42474 0.52518 0.25064 0.20037 -0.11879 0.24090 0.42865 3
-0.75940 -0.67475 1.45328 0.46637 0.12212 0.01156 -0.26049 -0.13907 -0.71700 -0.09577 3
1.31652 -0.67475 -0.68794 0.25820 0.37403 -0.22752 0.06884 0.28443 -0.23349 0.00840 3
-0.75940 1.48167 -0.68794 0.75781 0.47480 -0.10798 0.46954 0.51420 0.75179 0.25265 3
1.31652 -0.67475 -0.68794 -0.65776 -0.38171 -0.34706 -0.63978 -0.49498 -0.85385 -0.57349 3
-0.75940 1.48167 -0.68794 0.38310 0.57556 0.37018 0.28499 0.39030 0.73354 0.11616 3
-0.75940 1.48167 -0.68794 0.38310 0.32365 1.20696 0.38593 0.39481 0.24090 0.18799 3
1.31652 -0.67475 -0.68794 1.34069 1.02901 0.96788 1.27604 1.22603 1.18512 0.96025 3
-0.75940 1.48167 -0.68794 0.96598 0.82748 0.96788 1.08334 1.32289 1.51811 0.47534 3
-0.75940 -0.67475 1.45328 -0.07488 -0.12980 -0.34706 -0.50621 -0.55355 -0.66683 -0.35079 3
-0.75940 -0.67475 1.45328 0.21656 0.27326 -0.34706 -0.17892 -0.05121 -0.20156 -0.23585 3
1.31652 -0.67475 -0.68794 0.92435 0.92824 0.96788 0.94365 1.05708 0.81108 0.94229 3
-0.75940 1.48167 -0.68794 1.04925 0.87786 0.48972 0.98240 0.98049 1.37670 0.83453 3
-0.75940 1.48167 -0.68794 1.59050 1.58322 0.96788 1.96019 2.18339 1.57741 2.15275 3
-0.75940 1.48167 -0.68794 0.59127 0.47480 0.01156 0.17386 0.13575 0.38231 0.23110 3
-0.75940 1.48167 -0.68794 -0.44959 -0.53286 -0.94476 -0.72033 -0.86441 -0.91314 -0.38671 3
-0.75940 1.48167 -0.68794 -0.69939 -0.68401 -0.94476 -0.77029 -0.77205 -0.85385 -0.78182 3
-0.75940 1.48167 -0.68794 -0.44959 -0.48248 -0.46660 -0.71625 -0.67069 -0.68507 -0.63814 3
-0.75940 1.48167 -0.68794 0.63291 0.62595 0.25064 0.19017 0.01637 0.12231 0.47534 3
1.31652 -0.67475 -0.68794 0.29983 0.32365 0.48972 0.07292 -0.13006 0.24546 0.15207 3
-0.75940 1.48167 -0.68794 -0.19978 -0.07942 -0.34706 -0.32880 -0.44317 -0.44788 -0.13528 3
-0.75940 1.48167 -0.68794 0.34147 0.37403 0.37018 -0.00559 -0.08275 0.22722 0.06228 3
1.31652 -0.67475 -0.68794 -0.40795 -0.33133 -0.22752 -0.63468 -0.68420 -0.58472 -0.49447 3
-0.75940 1.48167 -0.68794 -0.28305 -0.28095 -0.34706 -0.57045 -0.51525 -0.66683 -0.46573 3
-0.75940 1.48167 -0.68794 0.67454 0.77709 0.48972 0.46444 0.04790 0.50091 0.83453 3
-0.75940 1.48167 -0.68794 0.79945 0.67633 0.84834 0.38288 0.34300 0.30476 0.61902 3
-0.75940 -0.67475 1.45328 -0.82430 -0.28095 -0.82522 -1.02417 -1.04012 -0.93139 -0.99733 3
-0.75940 1.48167 -0.68794 0.09166 0.07173 0.72880 0.10249 -0.28999 0.14511 0.33167 3
-0.75940 -0.67475 1.45328 -0.90756 -0.83516 -0.94476 -1.03437 -0.92749 -1.10473 -0.96141 3
1.31652 -0.67475 -0.68794 -0.40795 -0.33133 -0.34706 -0.48072 -0.37109 -0.59840 -0.42263 3
1.31652 -0.67475 -0.68794 0.25820 0.42441 0.84834 0.09229 -0.14357 0.19529 0.47534 3
-0.75940 1.48167 -0.68794 -0.28305 -0.28095 0.13110 -0.31861 -0.49723 0.00371 -0.20711 3
-0.75940 -0.67475 1.45328 -0.19978 -0.23057 0.25064 -0.41241 -0.44542 -0.12857 -0.56630 3
-0.75940 -0.67475 1.45328 -0.32468 -0.38171 -0.22752 -0.75602 -0.80359 -0.61665 -0.73871 3
-0.75940 1.48167 -0.68794 -0.90756 -0.68401 -0.22752 -0.94056 -0.96128 -0.84016 -0.85365 3
-0.75940 1.48167 -0.68794 -1.07410 -1.13746 -1.06430 -1.23217 -1.26763 -1.15490 -1.14100 3
1.31652 -0.67475 -0.68794 -1.03247 -1.03669 -1.30338 -1.08433 -1.13247 -1.00437 -0.99733 3
1.31652 -0.67475 -0.68794 -0.65776 -0.63363 -1.18384 -0.91609 -0.97479 -0.97244 -0.81773 3
-0.75940 1.48167 -0.68794 0.21656 0.42441 0.25064 0.09433 0.01186 -0.04647 0.27061 3
-0.75940 1.48167 -0.68794 0.63291 0.67633 0.37018 0.77746 1.32289 -0.10121 0.58669 3
-0.75940 1.48167 -0.68794 0.92435 0.92824 0.25064 1.11597 1.30712 1.64583 0.51126 3
1.31652 -0.67475 -0.68794 1.13252 1.12978 1.20696 1.48710 1.78243 1.07109 1.15780 3
1.31652 -0.67475 -0.68794 0.38310 0.42441 0.37018 0.74687 0.91516 0.69249 0.40351 3
1.31652 -0.67475 -0.68794 0.38310 0.42441 0.37018 0.74381 0.69215 0.26827 0.74833 3
-0.75940 1.48167 -0.68794 0.84108 0.72671 0.72880 1.06805 1.18998 0.88863 0.90637 3
-0.75940 1.48167 -0.68794 0.96598 0.92824 0.84834 1.15267 0.60430 1.00723 1.15780 3
-0.75940 1.48167 -0.68794 1.09089 1.02901 0.84834 1.67980 2.21718 1.42232 1.17935 3
1.31652 -0.67475 -0.68794 1.59050 1.58322 0.84834 2.29156 1.82523 2.17040 1.25478 3
1.31652 -0.67475 -0.68794 0.67454 0.72671 0.72880 0.72342 1.00302 0.51003 0.56155 3
1.31652 -0.67475 -0.68794 0.88272 0.92824 0.84834 0.88860 0.91967 1.14863 0.74474 3
1.31652 -0.67475 -0.68794 0.96598 1.07939 0.60926 1.10169 1.22828 1.46793 0.85608 3
-0.75940 1.48167 -0.68794 1.00762 0.72671 0.72880 0.62350 0.75973 0.66968 0.47534 3
1.31652 -0.67475 -0.68794 1.34069 1.12978 0.60926 1.40757 1.53013 1.71425 1.15780 3
-0.75940 1.48167 -0.68794 1.63214 1.73437 1.32650 2.59846 3.00560 2.73146 2.14557 3
1.31652 -0.67475 -0.68794 1.92358 1.73437 1.56558 2.40168 2.11807 2.01531 2.55864 3
-0.75940 -0.67475 1.45328 -0.03324 -0.07942 -0.22752 -0.50214 -0.56932 -0.40226 -0.42263 3
-0.75940 -0.67475 1.45328 0.05003 0.12212 0.37018 -0.03822 0.50969 -0.63490 -0.33642 3
-0.75940 -0.67475 1.45328 0.38310 0.32365 -0.22752 -0.12692 -0.05572 -0.01910 -0.26458 3
1.31652 -0.67475 -0.68794 0.42474 0.52518 0.37018 0.12900 0.37003 -0.04191 -0.13528 3
1.31652 -0.67475 -0.68794 0.50801 0.52518 0.60926 0.58068 1.00527 0.49178 0.25265 3
1.31652 -0.67475 -0.68794 0.71618 0.42441 0.25064 0.08617 0.21460 0.02651 0.08024 3
-0.75940 1.48167 -0.68794 0.79945 0.92824 0.25064 0.94671 1.06609 1.21249 0.82735 3
-0.75940 1.48167 -0.68794 1.09089 1.18016 1.20696 1.08232 0.92192 1.28548 1.14703 3
1.31652 -0.67475 -0.68794 1.09089 0.82748 0.84834 1.08028 1.26207 1.03460 0.90637 3
-0.75940 1.48167 -0.68794 1.13252 0.87786 1.68512 1.46671 1.64276 1.56829 1.10392 3
-0.75940 1.48167 -0.68794 1.21579 0.97863 0.84834 0.37880 0.35201 0.82477 0.97462 3
-0.75940 1.48167 -0.68794 0.88272 0.92824 0.84834 0.57456 0.48491 0.79740 0.64775 3
1.31652 -0.67475 -0.68794 1.79867 1.63361 0.96788 2.12843 2.48750 2.24794 1.48826 3
1.31652 -0.67475 -0.68794 0.42474 0.62595 1.08742 0.31864 0.06818 0.33669 0.83453 3
1.31652 -0.67475 -0.68794 0.63291 0.62595 0.48972 0.74483 0.91516 1.13039 0.17722 3
-0.75940 1.48167 -0.68794 0.84108 0.77709 0.84834 1.08742 1.42876 0.73810 0.94588 3
1.31652 -0.67475 -0.68794 1.09089 1.43207 0.96788 0.90797 1.02104 0.91600 0.90637 3
1.31652 -0.67475 -0.68794 1.46560 1.58322 0.84834 2.09580 2.18565 1.94232 2.16353 3
-0.75940 1.48167 -0.68794 1.54887 1.33131 1.56558 1.53298 1.99417 0.97074 1.40923 3
-0.75940 -0.67475 1.45328 -0.49122 -0.83516 0.01156 -0.13712 0.01186 -0.24717 -0.21430 3
-0.75940 1.48167 -0.68794 0.17493 0.07173 1.44604 1.07926 0.93544 1.25354 1.17935 3
-0.75940 1.48167 -0.68794 0.75781 0.47480 0.13110 0.58476 0.65386 0.52371 0.54718 3
1.31652 -0.67475 -0.68794 0.79945 0.62595 0.13110 0.52562 0.68314 0.82933 0.12693 3
1.31652 -0.67475 -0.68794 1.09089 1.38169 1.20696 1.21487 1.23053 1.39039 0.99976 3
-0.75940 -0.67475 1.45328 -0.07488 0.07173 -0.10798 -0.23704 -0.33504 -0.26086 0.04432 3
-0.75940 -0.67475 1.45328 0.17493 0.17250 0.01156 -0.02904 -0.24494 0.45985 0.03713 3
1.31652 -0.67475 -0.68794 0.42474 0.37403 0.13110 0.09637 0.09070 -0.17419 0.22391 3
-0.75940 -0.67475 1.45328 0.42474 0.42441 -0.10798 0.08719 0.40832 -0.16963 -0.09936 3
1.31652 -0.67475 -0.68794 0.59127 0.47480 0.25064 0.11676 0.32498 0.18617 -0.11373 3
-0.75940 -0.67475 1.45328 0.96598 0.82748 -0.10798 0.55315 0.57952 0.63775 0.38555 3
-0.75940 1.48167 -0.68794 1.13252 1.28092 1.56558 1.24953 1.05032 0.88407 1.80434 3
-0.75940 1.48167 -0.68794 1.17416 0.92824 0.25064 0.85393 0.46464 1.04828 0.86686 3
-0.75940 1.48167 -0.68794 0.38310 0.27326 0.25064 0.00155 0.12674 -0.22437 0.04432 3
1.31652 -0.67475 -0.68794 0.54964 0.57556 0.60926 0.58374 0.70792 0.84301 0.25983 3
-0.75940 1.48167 -0.68794 0.63291 0.62595 1.20696 0.62350 0.59754 0.71986 0.70882 3
-0.75940 1.48167 -0.68794 1.71540 1.48246 0.96788 1.75526 1.33415 0.14511 1.82948 3
1.31652 -0.67475 -0.68794 0.05003 0.17250 -0.22752 -0.16975 -0.26972 -0.41138 0.04432 3
-0.75940 -0.67475 1.45328 -1.28227 -1.18784 -0.94476 -1.18017 -1.15725 -1.18683 -1.10509 3
-0.75940 1.48167 -0.68794 -0.61612 -0.48248 -0.34706 -0.65712 -0.61888 -0.68963 -0.56630 3
-0.75940 1.48167 -0.68794 -1.19901 -0.83516 -0.70568 -1.05680 -1.07841 -0.97244 -0.96141 3
-0.75940 1.48167 -0.68794 0.46637 0.67633 0.37018 0.29621 0.32047 0.45073 0.33167 3
1.31652 -0.67475 -0.68794 -1.53208 -1.33899 -1.18384 -1.26887 -1.29241 -1.25525 -1.21284 3
-0.75940 1.48167 -0.68794 -0.15815 -0.33133 -0.58614 -0.48786 -0.43191 -0.55279 -0.51602 3
-0.75940 1.48167 -0.68794 -0.94920 -0.93593 -0.70568 -1.03539 -1.05363 -1.04999 -1.03325 3
1.31652 -0.67475 -0.68794 0.59127 0.82748 1.08742 0.72648 0.55249 0.19073 0.87764 3
-0.75940 1.48167 -0.68794 1.71540 1.63361 0.60926 2.42207 3.19482 2.16584 1.40923 3
-0.75940 1.48167 -0.68794 0.79945 0.77709 0.84834 0.78868 0.83632 0.66056 0.76269 3
-0.75940 1.48167 -0.68794 1.50723 1.53284 1.56558 3.16536 2.84792 2.91847 2.76697 3
1.31652 -0.67475 -0.68794 2.04848 1.93590 1.80466 2.78505 3.11823 2.74970 2.47962 3
1.31652 -0.67475 -0.68794 0.75781 0.67633 0.84834 0.55927 0.46914 1.17600 0.24187 3
1.31652 -0.67475 -0.68794 1.13252 1.07939 0.60926 1.25973 1.50761 1.07109 0.98180 3
1.31652 -0.67475 -0.68794 0.09166 0.22288 0.37018 -0.09022 -0.13907 -0.10577 0.04432 3
-0.75940 -0.67475 1.45328 0.21656 0.22288 0.13110 -0.23806 -0.25620 -0.26086 -0.09936 3
1.31652 -0.67475 -0.68794 0.50801 0.57556 0.60926 0.11472 0.19432 -0.16507 0.25265 3
-0.75940 1.48167 -0.68794 0.79945 0.72671 0.60926 0.37472 0.78001 2.33461 0.61184 3
1.31652 -0.67475 -0.68794 0.84108 0.82748 0.60926 0.76726 0.71243 1.18512 0.77347 3
1.31652 -0.67475 -0.68794 0.96598 1.07939 -1.42292 0.43487 0.70116 -0.04647 -0.45855 4
1.31652 -0.67475 -0.68794 1.63214 1.43207 1.56558 2.72489 3.36152 3.14199 1.18654 4
-0.75940 1.48167 -0.68794 0.54964 0.47480 0.25064 0.30029 0.47590 0.22722 0.27061 4
1.31652 -0.67475 -0.68794 0.63291 0.42441 0.48972 0.63879 0.80929 0.40512 0.48971 4
1.31652 -0.67475 -0.68794 0.67454 0.67633 1.20696 0.60515 1.03906 0.60582 0.15207 4
1.31652 -0.67475 -0.68794 0.84108 0.67633 0.84834 1.04358 1.33641 0.93424 0.70522 4
-0.75940 1.48167 -0.68794 1.63214 1.43207 0.96788 1.40961 1.25081 1.31741 1.40923 4
1.31652 -0.67475 -0.68794 0.59127 0.52518 0.72880 0.61330 0.94895 0.68336 0.18799 4
-0.75940 1.48167 -0.68794 1.17416 1.02901 0.84834 1.12514 1.42201 1.07565 0.61902 4
-0.75940 1.48167 -0.68794 0.09166 -0.07942 0.25064 0.80601 1.16521 0.86126 0.34963 4
1.31652 -0.67475 -0.68794 0.25820 -0.02903 1.20696 1.17714 1.13592 1.47249 1.07878 4
1.31652 -0.67475 -0.68794 1.00762 0.97863 1.08742 1.29338 1.04807 1.91496 1.27274 4
-0.75940 1.48167 -0.68794 1.09089 0.97863 0.84834 0.94162 1.17647 1.05740 0.62620 4
1.31652 -0.67475 -0.68794 0.46637 0.22288 -0.34706 0.16876 0.39030 0.24546 -0.84647 4
1.31652 -0.67475 -0.68794 1.13252 1.18016 1.44604 1.34640 1.11340 1.81460 1.30866 4
-0.75940 1.48167 -0.68794 0.88272 0.82748 0.72880 0.78868 0.46464 0.21810 0.51485 4
1.31652 -0.67475 -0.68794 -0.49122 -0.48248 -0.82522 -0.69484 -0.77205 -0.87665 -0.35079 4
-0.75940 1.48167 -0.68794 1.09089 0.97863 0.60926 1.09761 1.00977 1.55916 1.12907 4
1.31652 -0.67475 -0.68794 -0.82430 -0.68401 -0.46660 -0.89876 -0.94776 -0.85385 -0.81773 4
-0.75940 1.48167 -0.68794 0.17493 0.27326 0.25064 -0.29210 -0.31027 -0.32472 -0.09936 4
-0.75940 -0.67475 1.45328 -0.44959 -0.33133 -0.82522 -0.73562 -0.86892 -0.66226 -0.49447 4
-0.75940 1.48167 -0.68794 -0.40795 -0.33133 -0.34706 -0.49092 -0.55130 -0.08296 -0.60222 4
-0.75940 1.48167 -0.68794 0.59127 0.67633 0.60926 0.65103 0.38129 0.30476 0.94229 4
-0.75940 1.48167 -0.68794 0.84108 0.62595 0.72880 0.86922 0.74622 0.55564 1.19372 4
-0.75940 1.48167 -0.68794 1.59050 1.78475 2.16328 2.53627 2.28026 2.08829 2.34312 4
1.31652 -0.67475 -0.68794 0.09166 0.12212 0.48972 -0.16771 -0.05121 -0.26542 -0.14605 4
-0.75940 1.48167 -0.68794 1.00762 1.12978 0.84834 1.03134 1.38596 0.78372 0.83453 4
1.31652 -0.67475 -0.68794 1.59050 1.38169 0.96788 1.85925 2.30504 1.51811 1.50981 4
-0.75940 1.48167 -0.68794 0.34147 0.42441 0.84834 0.83150 0.77100 0.59213 0.49690 4
-0.75940 -0.67475 1.45328 0.46637 0.52518 0.01156 0.19935 0.24388 0.03564 0.22391 4
-0.75940 1.48167 -0.68794 0.59127 0.57556 0.13110 -0.06779 -0.07599 -0.00998 0.02636 4
1.31652 -0.67475 -0.68794 0.63291 0.52518 0.96788 0.63472 0.28668 0.70161 0.90637 4
1.31652 -0.67475 -0.68794 1.09089 0.97863 0.60926 0.89981 1.09988 0.74266 0.69086 4
1.31652 -0.67475 -0.68794 1.38233 1.23054 1.20696 1.56357 1.43552 1.37214 1.73250 4
1.31652 -0.67475 -0.68794 1.59050 1.18016 1.44604 2.16411 2.66095 2.33005 1.37691 4
-0.75940 -0.67475 1.45328 0.00839 -0.02903 -0.34706 -0.35022 -0.27422 -0.27454 -0.50883 4
-0.75940 -0.67475 1.45328 0.09166 0.42441 0.37018 -0.04332 0.02763 -0.29735 0.14848 4
-0.75940 1.48167 -0.68794 0.59127 0.52518 0.37018 0.44201 0.43761 0.54196 0.50049 4
1.31652 -0.67475 -0.68794 0.79945 1.18016 0.37018 0.52256 0.42634 0.14511 0.79861 4
1.31652 -0.67475 -0.68794 1.13252 1.02901 0.96788 0.88146 0.63359 0.48266 0.71959 4
1.31652 -0.67475 -0.68794 1.34069 1.43207 1.20696 2.15392 2.39064 2.09285 1.80075 4
-0.75940 1.48167 -0.68794 1.42396 1.28092 0.84834 1.08538 0.84308 0.92056 1.62475 4
-0.75940 -0.67475 1.45328 -1.40718 -1.38937 -0.94476 -1.24950 -1.24511 -1.30999 -1.17692 4
-0.75940 1.48167 -0.68794 -0.03324 0.02135 0.48972 -0.23806 -0.33730 -0.25173 -0.09936 4
1.31652 -0.67475 -0.68794 -1.24064 -1.28861 -1.06430 -1.23625 -1.22483 -1.25525 -1.14100 4
-0.75940 -0.67475 1.45328 0.00839 -0.07942 0.01156 -0.27171 -0.53553 -0.18787 0.10179 4
-0.75940 1.48167 -0.68794 -1.44881 -1.33899 -1.78154 -1.27193 -1.28340 -1.22332 -1.21284 4
-0.75940 1.48167 -0.68794 0.42474 0.52518 0.60926 0.26256 0.55024 0.12687 -0.02034 4
-0.75940 1.48167 -0.68794 0.46637 0.17250 0.37018 0.09025 0.00961 0.62406 0.00122 4
-0.75940 1.48167 -0.68794 0.84108 0.77709 0.60926 0.80907 0.66737 1.05284 0.87045 4
-0.75940 1.48167 -0.68794 1.42396 1.53284 1.08742 1.92247 2.07301 1.37214 1.42360 4
1.31652 -0.67475 -0.68794 0.38310 0.37403 0.48972 0.37880 0.70567 -0.15138 0.43943 4
-0.75940 -0.67475 1.45328 0.59127 0.67633 0.37018 0.31660 0.57276 0.03108 0.26342 4
-0.75940 1.48167 -0.68794 0.67454 0.57556 0.37018 0.55315 0.84533 0.78372 0.14130 4
1.31652 -0.67475 -0.68794 0.46637 0.42441 0.01156 -0.00967 -0.05797 -0.03735 0.17363 4
1.31652 -0.67475 -0.68794 1.42396 1.23054 1.68512 1.38922 1.37245 2.08829 1.05005 4
1.31652 -0.67475 -0.68794 0.54964 0.32365 -0.10798 0.27990 0.35876 0.30932 0.15567 4
-0.75940 1.48167 -0.68794 0.84108 0.77709 0.25064 0.54193 0.77325 0.73354 0.41069 4
-0.75940 1.48167 -0.68794 0.17493 0.22288 0.60926 -0.05453 -0.29675 0.02195 0.29575 4
-0.75940 1.48167 -0.68794 0.17493 0.02135 -0.34706 -0.27579 -0.27873 -0.31559 -0.20711 4
1.31652 -0.67475 -0.68794 0.29983 0.47480 0.37018 -0.06473 -0.08726 0.08581 0.02636 4
1.31652 -0.67475 -0.68794 0.46637 0.57556 0.13110 0.11880 0.36552 -0.13770 0.18799 4
-0.75940 1.48167 -0.68794 0.46637 0.52518 -0.46660 0.33597 0.46464 0.52827 0.29575 4
-0.75940 -0.67475 1.45328 -0.28305 -0.28095 -0.46660 -0.61123 -0.64365 -0.37945 -0.60222 4
1.31652 -0.67475 -0.68794 -1.19901 -1.23822 -0.94476 -1.14652 -1.10094 -1.09104 -1.17692 4
1.31652 -0.67475 -0.68794 0.21656 0.42441 -0.22752 0.18609 0.08394 0.52827 0.36759 4
-0.75940 1.48167 -0.68794 -0.94920 -0.88554 -0.58614 -0.90080 -0.87568 -0.73069 -1.00810 4
-0.75940 1.48167 -0.68794 0.50801 0.67633 1.08742 0.26460 0.24839 -0.17419 0.65494 4
1.31652 -0.67475 -0.68794 0.00839 -0.07942 0.72880 -0.20034 -0.36208 0.22722 -0.31487 4
1.31652 -0.67475 -0.68794 -1.74025 -1.59091 -1.18384 -1.27601 -1.34197 -1.30999 -1.14460 4
1.31652 -0.67475 -0.68794 -0.49122 -0.48248 -1.42292 -0.69484 -0.75854 -0.50718 -0.60222 4
1.31652 -0.67475 -0.68794 0.05003 0.02135 0.60926 -0.19728 -0.76755 -0.09664 0.51126 4
1.31652 -0.67475 -0.68794 -0.03324 0.12212 0.48972 -0.17077 -0.47020 -0.21524 0.35681 4
-0.75940 1.48167 -0.68794 -0.82430 -0.63363 -0.70568 -0.94260 -1.05589 -0.90858 -0.87520 4
-0.75940 1.48167 -0.68794 0.13330 0.12212 0.01156 -0.04841 0.04340 -0.07384 -0.20711 4
1.31652 -0.67475 -0.68794 0.54964 0.57556 0.37018 0.62656 0.74396 0.73810 0.25983 4
-0.75940 1.48167 -0.68794 0.59127 0.62595 0.37018 0.59597 0.41508 -0.02366 -0.60222 4
1.31652 -0.67475 -0.68794 0.67454 0.62595 0.60926 0.82130 1.09537 0.74266 0.38555 4
1.31652 -0.67475 -0.68794 0.71618 0.62595 0.25064 0.68060 0.92643 0.70617 0.50049 4
-0.75940 1.48167 -0.68794 0.88272 0.87786 0.60926 0.97628 1.07961 0.94337 0.54718 4
1.31652 -0.67475 -0.68794 1.00762 0.92824 0.84834 1.03950 1.23278 1.08021 0.79143 4
-0.75940 1.48167 -0.68794 0.63291 0.57556 0.37018 0.43080 0.52321 0.63319 0.29575 4
1.31652 -0.67475 -0.68794 0.63291 0.52518 0.37018 0.26664 0.38805 0.07669 0.40351 4
-0.75940 1.48167 -0.68794 0.84108 0.97863 0.84834 0.65511 0.84759 0.68793 0.47175 4
-0.75940 1.48167 -0.68794 1.67377 1.93590 1.44604 1.85212 1.52112 1.62302 2.55864 4
-0.75940 1.48167 -0.68794 0.67454 0.77709 0.60926 0.25033 0.42409 0.11318 0.27061 4
-0.75940 1.48167 -0.68794 1.00762 0.97863 0.60926 0.99769 0.85885 1.10302 0.69086 4
1.31652 -0.67475 -0.68794 1.21579 1.38169 1.44604 1.78176 2.13384 1.76443 1.22964 4
-0.75940 -0.67475 1.45328 0.05003 0.12212 -0.22752 0.01582 0.06818 -0.12401 0.07305 4
-0.75940 -0.67475 1.45328 0.25820 0.52518 0.13110 0.14633 0.11323 -0.20612 0.27061 4
-0.75940 1.48167 -0.68794 0.67454 0.97863 0.96788 1.23424 1.66304 0.76091 1.38050 4
1.31652 -0.67475 -0.68794 0.84108 0.82748 0.60926 0.58680 0.58628 0.73810 0.67290 4
1.31652 -0.67475 -0.68794 1.04925 1.18016 1.08742 1.34436 1.37695 1.42688 0.99976 4
-0.75940 1.48167 -0.68794 1.17416 0.97863 0.48972 0.94365 1.22377 1.02091 0.58310 4
1.31652 -0.67475 -0.68794 1.21579 1.12978 0.60926 1.14452 1.58419 0.96617 0.43943 4
1.31652 -0.67475 -0.68794 1.34069 1.12978 0.25064 1.11087 1.61798 1.02547 0.58310 4
-0.75940 1.48167 -0.68794 1.34069 1.58322 0.84834 1.65024 1.88379 1.77355 1.43079 4
1.31652 -0.67475 -0.68794 1.54887 1.68399 1.80466 2.40678 2.83891 2.43496 1.89055 4
1.31652 -0.67475 -0.68794 1.54887 1.53284 1.92420 2.41901 2.53255 2.49426 2.35031 4
-0.75940 1.48167 -0.68794 1.71540 1.53284 1.20696 2.27117 1.98066 3.09181 2.34672 4
-0.75940 1.48167 -0.68794 1.88194 1.58322 1.80466 2.26200 1.86577 2.75426 2.41496 4
1.31652 -0.67475 -0.68794 0.63291 0.87786 0.84834 0.96201 1.17196 0.94337 0.64416 4
-0.75940 1.48167 -0.68794 0.71618 0.67633 0.25064 0.58068 0.72144 0.70161 0.44302 4
-0.75940 1.48167 -0.68794 1.17416 1.07939 1.08742 1.04358 0.90165 1.02547 1.42719 4
1.31652 -0.67475 -0.68794 1.63214 1.53284 0.96788 1.54522 1.49409 1.77355 1.46311 4
1.31652 -0.67475 -0.68794 0.42474 0.47480 0.37018 0.37574 0.49167 0.25459 0.40351 4
-0.75940 1.48167 -0.68794 0.63291 0.57556 0.48972 0.62044 0.48041 0.98442 0.42506 4
1.31652 -0.67475 -0.68794 0.75781 0.62595 0.13110 0.40735 0.37904 0.92968 0.33167 4
-0.75940 1.48167 -0.68794 0.84108 1.12978 0.96788 1.07110 0.56375 1.55460 0.97821 4
1.31652 -0.67475 -0.68794 1.00762 0.82748 0.84834 1.00177 1.32064 0.51915 0.71600 4
-0.75940 -0.67475 1.45328 0.21656 0.12212 -0.58614 -0.32778 -0.30126 -0.39770 -0.21430 4
-0.75940 -0.67475 1.45328 -1.40718 -1.28861 -0.94476 -1.22605 -1.19780 -1.23245 -1.10509 4
1.31652 -0.67475 -0.68794 -0.78266 -0.63363 -0.58614 -1.06903 -1.20231 -1.14578 -0.85365 4
1.31652 -0.67475 -0.68794 0.92435 0.87786 0.25064 0.51440 0.55474 0.56020 0.51126 4
-0.75940 1.48167 -0.68794 0.17493 0.32365 0.84834 -0.11061 -0.27422 0.06301 0.18799 4
-0.75940 -0.67475 1.45328 -0.03324 -0.28095 0.01156 -0.61939 -0.81936 -0.59840 -0.38671 4
1.31652 -0.67475 -0.68794 -0.19978 -0.18018 -0.22752 -0.24418 -0.38010 -0.11489 -0.42263 4
-0.75940 1.48167 -0.68794 0.88272 1.02901 1.08742 0.82844 0.68540 1.53635 0.48612 4
1.31652 -0.67475 -0.68794 0.46637 0.52518 0.96788 0.64491 0.54348 0.87951 0.61902 4
1.31652 -0.67475 -0.68794 1.29906 1.12978 0.60926 1.32295 1.64276 0.89775 1.20090 4
-0.75940 1.48167 -0.68794 0.46637 0.57556 0.13110 0.32170 0.49843 0.31845 0.08024 4
-0.75940 1.48167 -0.68794 1.09089 1.07939 0.37018 0.97934 0.74171 1.50899 1.05005 4
-0.75940 1.48167 -0.68794 1.09089 1.07939 0.72880 1.42389 2.20367 0.75635 0.66212 4
1.31652 -0.67475 -0.68794 1.17416 1.07939 1.20696 1.65126 2.12483 1.61390 0.94947 4
1.31652 -0.67475 -0.68794 1.79867 1.88552 1.20696 3.04811 3.55975 3.01883 1.91210 4
1.31652 -0.67475 -0.68794 0.63291 0.57556 0.60926 0.44609 0.47590 0.49178 0.54718 4
1.31652 -0.67475 -0.68794 0.84108 0.87786 0.84834 0.77236 0.77325 0.91600 0.81657 4
-0.75940 1.48167 -0.68794 0.92435 0.77709 1.20696 1.11699 1.23729 0.98442 1.20090 4
1.31652 -0.67475 -0.68794 1.29906 1.07939 0.48972 0.82742 1.16521 0.74722 0.61902 4
-0.75940 1.48167 -0.68794 1.21579 1.07939 0.72880 1.21895 1.35668 1.44969 0.94229 4
1.31652 -0.67475 -0.68794 1.46560 1.38169 1.08742 1.60028 1.75990 2.03355 0.93151 4
-0.75940 -0.67475 1.45328 0.21656 0.37403 0.13110 -0.09328 -0.24719 -0.21524 0.18799 4
-0.75940 1.48167 -0.68794 0.63291 0.42441 0.01156 0.08209 -0.07599 0.13143 0.37477 4
1.31652 -0.67475 -0.68794 1.04925 0.97863 0.72880 1.49016 1.51211 1.55916 1.12188 4
-0.75940 1.48167 -0.68794 1.09089 0.47480 0.72880 0.93958 1.02554 1.23986 0.73755 4
-0.75940 1.48167 -0.68794 1.29906 1.12978 1.08742 1.35659 1.15169 1.94232 1.20090 4
1.31652 -0.67475 -0.68794 0.17493 0.27326 0.13110 0.22382 0.04114 -0.51174 0.76269 4
-0.75940 -0.67475 1.45328 -1.57372 -1.49014 -1.18384 -1.31578 -1.26763 -1.42859 -1.24876 4
1.31652 -0.67475 -0.68794 -0.19978 -0.07942 0.13110 -0.46135 -0.64591 -0.38858 -0.20711 4
-0.75940 -0.67475 1.45328 -0.61612 -0.53286 -0.58614 -0.79578 -0.79008 -0.66226 -0.90753 4
-0.75940 1.48167 -0.68794 0.88272 0.67633 0.25064 0.69997 0.79577 0.66968 0.55437 4
-0.75940 1.48167 -0.68794 1.09089 1.33131 0.84834 1.48812 1.66304 2.01987 1.05005 4
-0.75940 1.48167 -0.68794 1.46560 1.68399 1.44604 1.85110 1.87478 1.96969 1.59601 4
1.31652 -0.67475 -0.68794 0.84108 0.82748 0.60926 0.72342 0.71017 0.51915 1.08596 4
1.31652 -0.67475 -0.68794 1.04925 1.07939 0.96788 1.29338 1.34542 1.21249 1.24042 4
-0.75940 1.48167 -0.68794 0.50801 0.12212 0.37018 0.41856 0.34975 0.38231 0.58310 4
1.31652 -0.67475 -0.68794 0.67454 0.82748 0.60926 0.60311 0.59754 0.37775 0.83812 4
1.31652 -0.67475 -0.68794 0.79945 0.92824 0.96788 1.14757 1.65177 0.90231 0.66931 4
-0.75940 -0.67475 1.45328 0.79945 0.62595 0.37018 0.27990 0.39481 -0.08752 0.32448 4
1.31652 -0.67475 -0.68794 1.04925 1.12978 0.72880 1.09456 1.15394 0.98442 0.87045 4
1.31652 -0.67475 -0.68794 1.04925 0.87786 0.72880 0.91205 1.18097 0.45529 1.15062 4
1.31652 -0.67475 -0.68794 1.21579 1.33131 1.32650 0.79173 0.77775 0.84758 0.66571 4
1.31652 -0.67475 -0.68794 1.29906 1.12978 0.84834 1.45651 1.77116 1.55460 0.97102 4
-0.75940 -0.67475 1.45328 0.29983 0.37403 0.60926 0.40735 0.42409 0.66056 0.25983 4
-0.75940 1.48167 -0.68794 -0.28305 -0.38171 -0.58614 -0.58676 -0.84864 -0.57560 -0.38671 4
1.31652 -0.67475 -0.68794 -0.03324 0.02135 -0.58614 -0.11979 -0.43416 -0.21524 0.15207 4
-0.75940 1.48167 -0.68794 0.00839 -0.07942 -0.58614 -0.40629 -0.46795 -0.33384 -0.42263 4
1.31652 -0.67475 -0.68794 1.38233 1.43207 1.32650 1.93368 1.84550 1.81916 1.37691 4
-0.75940 1.48167 -0.68794 1.21579 1.12978 1.32650 1.99384 1.79594 1.75987 1.91569 4
1.31652 -0.67475 -0.68794 0.79945 0.77709 0.13110 0.35535 0.47815 0.35494 0.29575 4
1.31652 -0.67475 -0.68794 0.75781 0.67633 1.56558 1.03644 1.08186 0.92056 0.94229 4
-0.75940 1.48167 -0.68794 0.92435 0.77709 0.37018 0.49809 0.48491 0.15424 0.79861 4
-0.75940 1.48167 -0.68794 1.63214 1.83514 1.56558 1.87761 1.87478 2.20689 1.73250 4
1.31652 -0.67475 -0.68794 0.88272 0.97863 0.37018 0.56334 0.59754 0.41424 0.61902 4
1.31652 -0.67475 -0.68794 1.42396 1.43207 1.32650 1.70428 1.65628 1.63671 1.48107 4
1.31652 -0.67475 -0.68794 2.04848 1.98629 0.84834 2.49141 1.98742 3.15111 0.83453 4
-0.75940 1.48167 -0.68794 0.50801 0.47480 0.72880 0.33801 0.29794 0.75179 0.32808 4
1.31652 -0.67475 -0.68794 0.79945 1.02901 0.84834 1.60333 0.68089 0.10406 3.13334 4
-0.75940 1.48167 -0.68794 0.38310 0.57556 0.96788 0.95079 -0.09176 0.38231 1.44515 4
1.31652 -0.67475 -0.68794 0.71618 0.77709 0.84834 0.84781 0.83182 1.06196 0.76269 4
-0.75940 1.48167 -0.68794 -0.19978 -0.07942 0.13110 -0.40527 -0.56481 -0.31103 -0.06344 4
-0.75940 -0.67475 1.45328 -0.69939 -0.58325 -0.10798 -0.80292 -0.80134 -0.89034 -0.81773 4
-0.75940 1.48167 -0.68794 0.34147 0.97863 1.68512 0.91307 0.63809 0.89775 0.83453 4
-0.75940 1.48167 -0.68794 0.79945 0.92824 0.84834 0.72852 0.62683 1.10302 0.79861 4
1.31652 -0.67475 -0.68794 0.13330 0.12212 0.37018 -0.18402 -0.03545 -0.26086 -0.17120 4
1.31652 -0.67475 -0.68794 0.09166 0.32365 0.25064 -0.31045 -0.46570 -0.37945 0.15207 4
1.31652 -0.67475 -0.68794 0.67454 0.92824 0.84834 0.54907 0.52771 0.46898 0.97821 4
1.31652 -0.67475 -0.68794 0.88272 0.72671 0.13110 0.37268 0.28893 0.51459 0.47534 4
-0.75940 1.48167 -0.68794 0.96598 1.12978 0.84834 0.85495 0.29344 0.71986 1.73250 4
-0.75940 1.48167 -0.68794 0.46637 0.32365 0.96788 0.05151 0.03213 -0.15594 0.04432 4
-0.75940 -0.67475 1.45328 -0.44959 -0.38171 -0.46660 -0.73053 -0.78782 -0.68507 -0.60222 4
-0.75940 -0.67475 1.45328 0.29983 0.32365 0.60926 -0.05861 -0.10978 -0.06471 0.08024 4
-0.75940 1.48167 -0.68794 -0.19978 -0.23057 -0.58614 -0.30637 -0.29224 -0.38858 -0.31487 4
1.31652 -0.67475 -0.68794 0.46637 0.57556 0.48972 0.41958 -0.19989 0.72442 0.89559 4
-0.75940 1.48167 -0.68794 0.59127 0.57556 0.01156 0.57966 0.71243 0.57845 0.47534 4
-0.75940 1.48167 -0.68794 1.25743 1.58322 1.32650 2.05706 1.82523 1.65039 2.25692 4
1.31652 -0.67475 -0.68794 1.59050 1.43207 1.20696 2.39760 3.09571 2.06548 1.93006 4
1.31652 -0.67475 -0.68794 1.67377 0.97863 1.08742 2.34356 3.00335 2.23426 1.52058 4
-0.75940 1.48167 -0.68794 0.67454 0.62595 0.48972 0.51950 0.81605 0.37318 0.25983 4
1.31652 -0.67475 -0.68794 0.79945 0.87786 0.96788 0.87024 0.97824 0.66968 0.83453 4
1.31652 -0.67475 -0.68794 0.88272 0.77709 0.13110 0.47566 0.66287 -0.01910 0.70163 4
-0.75940 1.48167 -0.68794 1.46560 1.38169 -0.22752 1.48302 1.41074 1.76443 -0.31487 4
-0.75940 1.48167 -0.68794 1.50723 1.63361 0.96788 1.43918 2.70600 2.17952 1.37332 4
1.31652 -0.67475 -0.68794 1.38233 1.18016 1.44604 1.94490 2.51002 1.38583 1.59601 4
1.31652 -0.67475 -0.68794 1.63214 1.58322 1.44604 2.60356 2.96280 1.66408 1.83308 4
-0.75940 -0.67475 1.45328 0.38310 0.37403 0.13110 -0.17994 -0.24043 -0.07840 -0.40467 4
-0.75940 1.48167 -0.68794 0.79945 0.72671 0.96788 0.80091 1.00302 0.81108 0.53281 4
-0.75940 1.48167 -0.68794 1.00762 0.72671 1.20696 1.10577 1.50085 1.00267 0.79861 4
1.31652 -0.67475 -0.68794 2.04848 2.13743 1.32650 3.43963 3.40657 4.20480 2.89627 4
1.31652 -0.67475 -0.68794 2.09011 2.23820 2.64144 3.97798 4.45630 5.28587 2.43651 4
1.31652 -0.67475 -0.68794 0.79945 0.77709 0.37018 0.40938 0.29569 0.46441 0.69086 5
1.31652 -0.67475 -0.68794 0.92435 0.92824 0.60926 0.90593 1.32514 0.29564 0.90637 5
1.31652 -0.67475 -0.68794 1.17416 1.07939 1.44604 0.89879 0.68540 0.79284 1.41642 5
-0.75940 1.48167 -0.68794 1.21579 1.23054 1.56558 1.16797 1.27784 0.60126 1.27274 5
-0.75940 1.48167 -0.68794 1.63214 1.68399 0.96788 1.71651 1.67881 1.64127 1.88336 5
1.31652 -0.67475 -0.68794 -0.15815 -0.12980 -0.10798 -0.48378 -0.32153 -0.44788 -0.38671 5
1.31652 -0.67475 -0.68794 0.34147 0.17250 -0.94476 -0.23296 -0.24269 -0.13314 -0.42263 5
1.31652 -0.67475 -0.68794 -0.53285 -0.33133 -0.10798 -0.68362 -0.78106 -0.87665 -0.49447 5
-0.75940 1.48167 -0.68794 0.96598 1.02901 1.44604 1.14554 1.12916 1.37670 1.22964 5
-0.75940 1.48167 -0.68794 -0.15815 -0.18018 0.84834 -0.27884 -0.41614 -0.27910 -0.17120 5
-0.75940 1.48167 -0.68794 -0.99083 -0.83516 -0.70568 -0.96096 -0.96578 -0.98613 -0.92549 5
-0.75940 1.48167 -0.68794 0.50801 0.07173 0.37018 -0.26559 -0.26747 -0.31559 -0.31487 5
1.31652 -0.67475 -0.68794 -0.15815 -0.07942 0.37018 0.02602 -0.39587 -0.02822 0.33167 5
1.31652 -0.67475 -0.68794 1.42396 1.18016 0.84834 1.86231 1.51662 1.90127 1.91210 5
-0.75940 1.48167 -0.68794 1.79867 1.68399 1.92420 2.41290 2.39739 3.15567 1.66785 5
-0.75940 1.48167 -0.68794 1.63214 1.58322 0.72880 1.59926 1.63826 1.32197 1.83667 5
1.31652 -0.67475 -0.68794 0.59127 0.62595 0.84834 0.33088 0.10197 0.53740 1.87618 5
-0.75940 1.48167 -0.68794 1.54887 1.23054 1.32650 2.13251 1.42426 2.06092 3.20877 5
-0.75940 1.48167 -0.68794 0.71618 0.62595 0.48972 0.38389 0.30020 0.40968 0.58310 5
-0.75940 1.48167 -0.68794 0.42474 0.72671 0.25064 0.09331 0.07043 0.11318 0.36759 5
1.31652 -0.67475 -0.68794 -0.53285 -0.53286 -0.70568 -0.84370 -0.65041 -0.89946 -0.78182 5
1.31652 -0.67475 -0.68794 0.21656 0.52518 -0.22752 -0.24520 -0.24494 -0.32016 -0.24303 5
-0.75940 1.48167 -0.68794 0.34147 0.42441 1.08742 0.20343 -0.25846 -0.00085 0.18799 5
1.31652 -0.67475 -0.68794 -0.57449 -0.63363 -0.34706 -0.79272 -0.85765 -0.67595 -0.74590 5
-0.75940 1.48167 -0.68794 0.71618 0.72671 0.48972 0.82640 1.07510 0.52371 0.54718 5
1.31652 -0.67475 -0.68794 1.04925 1.07939 1.08742 1.11291 1.75990 -0.00085 0.93511 5
-0.75940 1.48167 -0.68794 0.34147 0.42441 0.60926 0.30131 -0.16835 0.57845 0.94229 5
1.31652 -0.67475 -0.68794 0.79945 0.92824 1.44604 0.79989 0.45563 0.75179 1.37332 5
-0.75940 -0.67475 1.45328 -0.19978 -0.28095 0.37018 -0.32880 -0.38235 -0.22437 -0.42263 5
1.31652 -0.67475 -0.68794 1.63214 1.93590 2.28282 2.87477 2.81413 2.10197 2.74542 5
1.31652 -0.67475 -0.68794 0.84108 0.92824 0.96788 1.10475 1.28685 1.11670 0.94588 5
-0.75940 1.48167 -0.68794 0.92435 0.92824 0.84834 1.32193 1.46255 1.09389 1.08596 5
1.31652 -0.67475 -0.68794 1.54887 1.48246 1.32650 2.28341 2.64068 1.78723 1.84026 5
-0.75940 1.48167 -0.68794 0.67454 0.42441 1.32650 0.54907 0.54799 0.99354 0.54718 5
1.31652 -0.67475 -0.68794 0.84108 0.57556 0.01156 0.74687 0.55474 0.22266 1.15780 5
1.31652 -0.67475 -0.68794 0.25820 0.37403 -0.10798 0.01480 -0.10528 -0.16507 0.25983 5
-0.75940 1.48167 -0.68794 0.54964 0.67633 0.48972 0.55621 0.53222 0.68336 0.40351 5
-0.75940 1.48167 -0.68794 -0.61612 -0.48248 -0.34706 -0.67139 -0.70222 -0.73525 -0.49447 5
1.31652 -0.67475 -0.68794 0.79945 0.67633 1.08742 1.01197 1.10438 1.31741 0.65494 5
1.31652 -0.67475 -0.68794 1.34069 1.12978 0.25064 1.04867 0.46914 1.01635 1.15780 5
1.31652 -0.67475 -0.68794 0.17493 0.02135 0.01156 -0.41547 -0.61437 -0.18787 -0.02752 5
1.31652 -0.67475 -0.68794 0.46637 0.42441 0.84834 0.48789 0.29569 0.20441 0.58310 5
1.31652 -0.67475 -0.68794 -0.19978 0.07173 0.60926 -0.28598 -0.49723 -0.38858 0.08024 5
1.31652 -0.67475 -0.68794 0.46637 0.52518 -0.22752 0.18813 -0.01067 0.00371 0.36759 5
-0.75940 1.48167 -0.68794 -0.53285 -0.53286 -0.22752 -0.75602 -0.75403 -0.68507 -0.78182 5
1.31652 -0.67475 -0.68794 0.21656 0.17250 0.37018 0.18099 -0.36883 0.56933 0.69086 5
-0.75940 1.48167 -0.68794 -0.61612 -0.58325 0.13110 -0.58370 -0.82386 -0.52542 -0.45855 5
-0.75940 1.48167 -0.68794 0.09166 -0.07942 0.25064 -0.04943 -0.11203 0.29108 -0.20711 5
1.31652 -0.67475 -0.68794 -0.15815 -0.07942 -0.34706 -0.11979 -0.38686 -0.19700 0.11616 5
1.31652 -0.67475 -0.68794 -0.15815 -0.28095 -0.22752 -0.35226 -0.59635 -0.01910 -0.13528 5
-0.75940 1.48167 -0.68794 -0.11651 -0.18018 -0.82522 -0.44198 -0.77656 -0.27910 -0.31487 5
1.31652 -0.67475 -0.68794 0.38310 0.32365 0.37018 0.58578 0.53222 0.46441 0.22391 5
1.31652 -0.67475 -0.68794 -0.28305 -0.28095 0.01156 -0.38794 -0.58058 -0.35209 -0.31487 5
1.31652 -0.67475 -0.68794 1.09089 1.28092 1.56558 1.66349 1.67205 1.63215 1.58883 5
1.31652 -0.67475 -0.68794 0.42474 0.32365 0.48972 0.27072 0.55700 -0.13314 0.25983 5
1.31652 -0.67475 -0.68794 0.79945 1.07939 0.84834 0.79989 0.79127 0.55108 1.12188 5
1.31652 -0.67475 -0.68794 1.25743 1.18016 0.48972 0.92734 0.95796 0.86582 0.83094 5
1.31652 -0.67475 -0.68794 1.63214 1.43207 1.56558 2.64333 3.54173 2.38935 1.95520 5
-0.75940 1.48167 -0.68794 1.04925 1.02901 0.37018 0.73464 0.55700 0.88863 0.90278 5
-0.75940 1.48167 -0.68794 0.54964 0.57556 0.48972 0.55417 0.66062 0.65599 0.40351 5
-0.75940 1.48167 -0.68794 1.21579 1.12978 0.25064 1.17714 0.71919 1.52723 0.94229 5
1.31652 -0.67475 -0.68794 -0.44959 -0.33133 -0.22752 -0.50825 -0.65267 -0.15138 -0.31487 5
1.31652 -0.67475 -0.68794 -0.07488 0.12212 0.01156 -0.12183 -0.49048 -0.24261 0.36759 5
1.31652 -0.67475 -0.68794 -0.40795 -0.12980 -0.10798 -0.48276 -0.50850 -0.14682 -0.27895 5
1.31652 -0.67475 -0.68794 0.25820 0.32365 -0.10798 0.15041 0.09521 0.27283 0.29575 5
-0.75940 -0.67475 1.45328 0.42474 0.42441 0.72880 0.20954 -0.00616 0.30932 0.15207 5
1.31652 -0.67475 -0.68794 0.38310 0.12212 0.37018 0.36554 0.07944 0.11318 0.72678 5
-0.75940 1.48167 -0.68794 1.46560 1.68399 1.56558 1.97549 1.66754 1.94232 1.99471 5
-0.75940 1.48167 -0.68794 1.13252 1.18016 0.48972 0.91409 0.62232 1.26267 1.11470 5
1.31652 -0.67475 -0.68794 0.75781 0.82748 0.72880 0.64491 0.59529 0.25003 0.74833 5
1.31652 -0.67475 -0.68794 0.21656 0.12212 0.72880 0.03621 -0.10528 0.54652 0.04432 5
-0.75940 1.48167 -0.68794 0.96598 0.67633 1.20696 0.65715 0.34750 0.91600 1.01772 5
1.31652 -0.67475 -0.68794 1.04925 1.07939 0.96788 1.02522 0.93319 1.51811 1.19372 5
1.31652 -0.67475 -0.68794 0.21656 0.27326 0.48972 0.15754 -0.07824 0.35038 0.40351 5
-0.75940 1.48167 -0.68794 0.29983 0.27326 -0.34706 0.09943 -0.11203 0.30932 0.36759 5
-0.75940 1.48167 -0.68794 -0.40795 -0.33133 0.01156 -0.66833 -0.75403 -0.57560 -0.45855 5
-0.75940 -0.67475 1.45328 -0.24141 -0.28095 0.13110 -0.63978 -0.83062 -0.75349 -0.19275 5
-0.75940 1.48167 -0.68794 -0.11651 -0.28095 -0.22752 -0.49908 -0.60987 -0.41138 -0.38671 5
-0.75940 -0.67475 1.45328 0.71618 0.72671 0.60926 0.54703 0.27992 0.76091 0.69086 5
1.31652 -0.67475 -0.68794 1.79867 1.28092 1.08742 1.67471 1.68782 2.46233 0.69086 5
1.31652 -0.67475 -0.68794 0.79945 0.72671 0.48972 0.50523 0.23712 0.66056 0.43943 5
1.31652 -0.67475 -0.68794 -0.57449 -0.63363 0.25064 -0.50825 -0.85991 -0.50718 -0.17120 5
1.31652 -0.67475 -0.68794 0.96598 0.92824 0.84834 0.90593 0.66287 1.02091 1.19372 5
-0.75940 1.48167 -0.68794 1.42396 1.18016 1.56558 2.01831 2.07076 2.02443 1.53495 5
-0.75940 1.48167 -0.68794 1.09089 1.12978 0.84834 1.31173 1.20801 0.81565 1.51699 5
-0.75940 1.48167 -0.68794 -0.19978 -0.07942 0.25064 -0.04128 -0.38911 -0.62577 0.40351 5
-0.75940 -0.67475 1.45328 -0.36632 -0.18018 0.25064 -0.41037 -0.37559 -0.42507 -0.38671 5
-0.75940 1.48167 -0.68794 0.05003 0.17250 -0.22752 -0.22786 -0.66618 -0.13314 0.11616 5
-0.75940 1.48167 -0.68794 0.00839 -0.28095 0.01156 -0.45320 -0.74502 -0.30191 -0.20711 5
-0.75940 1.48167 -0.68794 0.75781 0.67633 0.72880 0.55825 0.49618 0.50091 0.76269 5
-0.75940 1.48167 -0.68794 -0.07488 0.17250 0.01156 -0.12794 -0.24944 -0.07384 0.11616 5
-0.75940 1.48167 -0.68794 -0.32468 -0.12980 0.48972 -0.34410 -0.50399 -0.47981 -0.02752 5
-0.75940 1.48167 -0.68794 0.92435 1.28092 1.20696 0.84271 0.97599 0.61038 1.08596 5
1.31652 -0.67475 -0.68794 0.63291 0.67633 1.20696 0.52766 0.19658 0.77459 0.61902 5
-0.75940 1.48167 -0.68794 0.38310 0.47480 0.60926 0.47056 0.36327 0.35494 0.33167 5
-0.75940 -0.67475 1.45328 0.21656 0.17250 0.25064 -0.04638 0.07493 -0.08752 0.04432 5
1.31652 -0.67475 -0.68794 0.96598 1.02901 1.20696 1.59926 1.18097 1.64583 1.66067 5
-0.75940 1.48167 -0.68794 2.42319 2.43973 2.64144 2.90842 2.39289 2.18408 4.01335 5
1.31652 -0.67475 -0.68794 1.00762 0.92824 1.20696 1.49016 1.71935 1.74162 1.04645 5
-0.75940 1.48167 -0.68794 1.67377 1.58322 1.68512 2.67901 3.02137 2.79532 1.89773 5
1.31652 -0.67475 -0.68794 0.29983 0.12212 1.32650 -0.04128 -0.25620 -0.00998 0.33167 5
-0.75940 1.48167 -0.68794 0.46637 0.42441 2.28282 0.49401 -0.26747 0.23178 1.12188 5
1.31652 -0.67475 -0.68794 -0.24141 -0.18018 0.25064 0.04947 -0.13907 0.07669 0.22391 5
1.31652 -0.67475 -0.68794 1.04925 0.87786 0.96788 1.96631 1.98742 1.44513 2.09169 5
-0.75940 1.48167 -0.68794 0.92435 1.02901 0.84834 0.78256 0.96472 0.73354 0.87045 5
-0.75940 1.48167 -0.68794 0.79945 0.72671 2.16328 0.53989 0.19658 0.58757 0.83453 5
-0.75940 1.48167 -0.68794 0.46637 0.67633 -0.10798 0.19629 0.14251 -0.14226 0.25983 5
1.31652 -0.67475 -0.68794 -0.28305 -0.12980 -0.10798 -0.55923 -0.65942 -0.80367 -0.17120 5
-0.75940 -0.67475 1.45328 0.71618 0.67633 0.72880 0.42774 0.37904 0.55108 0.58310 5
1.31652 -0.67475 -0.68794 1.00762 1.07939 0.84834 1.59620 1.41975 1.85566 1.05005 5
-0.75940 1.48167 -0.68794 1.71540 1.43207 1.56558 2.20082 0.82055 1.60478 2.56941 5
-0.75940 1.48167 -0.68794 0.38310 0.57556 0.37018 0.08821 -0.15709 0.53284 0.33167 5
-0.75940 1.48167 -0.68794 0.50801 0.52518 0.72880 0.51950 0.06818 1.32653 0.61902 5
1.31652 -0.67475 -0.68794 1.17416 1.28092 0.37018 1.13024 1.06609 0.69249 1.76842 5
1.31652 -0.67475 -0.68794 1.04925 1.18016 1.20696 1.36781 1.20350 2.00618 1.12188 5
-0.75940 -0.67475 1.45328 -0.44959 -0.07942 0.48972 -0.64998 -0.89144 -0.98157 -0.29332 5
1.31652 -0.67475 -0.68794 0.38310 0.42441 0.37018 0.16570 -0.15033 0.08125 0.83453 5
1.31652 -0.67475 -0.68794 0.25820 0.12212 0.13110 0.08311 -0.23368 0.70161 0.08024 5
-0.75940 1.48167 -0.68794 0.63291 0.67633 0.25064 0.36452 0.37453 0.36862 0.29575 5
1.31652 -0.67475 -0.68794 0.21656 0.27326 0.13110 0.02907 -0.14132 0.09950 0.11616 5
1.31652 -0.67475 -0.68794 0.05003 0.27326 0.48972 0.11064 -0.19538 -0.15138 0.69086 5
-0.75940 1.48167 -0.68794 0.05003 0.07173 0.48972 -0.09328 -0.29675 -0.20612 0.04432 5
1.31652 -0.67475 -0.68794 0.63291 0.87786 0.60926 0.84169 0.56601 0.88407 0.72678 5
-0.75940 1.48167 -0.68794 0.96598 1.33131 0.84834 0.79989 0.67864 0.71529 1.08596 5
-0.75940 1.48167 -0.68794 0.84108 0.92824 0.25064 0.25339 -0.06698 0.39143 0.47534 5
1.31652 -0.67475 -0.68794 0.63291 0.62595 0.84834 0.56334 0.57276 0.60582 0.54718 5
-0.75940 1.48167 -0.68794 -0.32468 -0.28095 0.25064 -0.45625 -0.64816 -0.37033 -0.42263 5
1.31652 -0.67475 -0.68794 0.34147 0.32365 1.08742 0.16366 -0.06923 0.47354 0.11616 5
-0.75940 1.48167 -0.68794 -0.03324 -0.07942 -0.46660 -0.36143 -0.44317 0.19073 -0.53038 5
1.31652 -0.67475 -0.68794 -0.49122 -0.58325 0.01156 -0.51641 -0.71123 -0.27454 -0.35079 5
1.31652 -0.67475 -0.68794 -0.07488 -0.02903 0.13110 -0.27273 -0.65041 -0.15594 -0.03470 5
1.31652 -0.67475 -0.68794 0.79945 0.87786 1.32650 1.39840 0.98950 1.50899 2.01626 5
1.31652 -0.67475 -0.68794 1.00762 0.87786 1.08742 1.35557 0.75297 0.89319 1.55291 5
-0.75940 1.48167 -0.68794 0.71618 0.72671 0.84834 0.48687 0.14251 0.32301 1.30148 5
1.31652 -0.67475 -0.68794 1.42396 1.63361 1.44604 2.45572 1.76440 2.23426 3.20518 5
-0.75940 -0.67475 1.45328 -0.36632 -0.18018 0.13110 -0.50214 -0.57608 -0.54367 0.11616 5
1.31652 -0.67475 -0.68794 1.04925 1.38169 0.48972 0.84373 0.57502 1.05284 1.73250 5
-0.75940 -0.67475 1.45328 0.79945 0.77709 0.72880 0.77338 0.54573 1.13039 0.65494 5
1.31652 -0.67475 -0.68794 1.13252 1.28092 1.44604 1.96223 1.68331 1.25354 2.16353 5
1.31652 -0.67475 -0.68794 0.92435 0.72671 1.20696 1.30153 1.00527 1.11670 1.30148 5
-0.75940 1.48167 -0.68794 0.67454 0.67633 0.13110 0.38695 0.49618 0.40512 0.22391 5
-0.75940 1.48167 -0.68794 -0.03324 -0.02903 0.13110 0.00053 -0.02643 -0.11033 -0.24303 5
1.31652 -0.67475 -0.68794 -0.24141 -0.07942 -0.46660 -0.34308 -0.44542 -0.17875 -0.35079 5
-0.75940 1.48167 -0.68794 0.17493 0.17250 -0.34706 -0.12387 -0.29450 -0.28366 0.15207 5
1.31652 -0.67475 -0.68794 0.54964 0.92824 1.44604 0.73056 0.23712 0.82021 0.94229 5
1.31652 -0.67475 -0.68794 0.54964 0.42441 1.08742 0.92632 0.51194 0.87038 1.33740 5
-0.75940 1.48167 -0.68794 0.63291 0.72671 0.25064 0.40837 0.22135 0.82021 0.40351 5
1.31652 -0.67475 -0.68794 1.67377 1.58322 1.80466 2.16615 1.52337 2.66303 2.45088 5
-0.75940 -0.67475 1.45328 -0.61612 -0.58325 0.01156 -0.72339 -0.67294 -0.65314 -0.79978 5
1.31652 -0.67475 -0.68794 0.09166 -0.02903 1.08742 0.01174 -0.18862 -0.07384 0.36759 5
-0.75940 1.48167 -0.68794 0.38310 0.57556 0.96788 0.34821 0.20559 0.87951 0.40351 5
1.31652 -0.67475 -0.68794 0.46637 0.52518 0.60926 0.81315 0.51194 0.14511 1.40923 5
1.31652 -0.67475 -0.68794 0.09166 0.12212 0.60926 0.18507 -0.10753 0.16336 0.15207 5
-0.75940 1.48167 -0.68794 1.63214 1.88552 2.04374 2.32521 2.00544 2.21145 3.02558 5
-0.75940 1.48167 -0.68794 1.13252 1.07939 0.96788 1.41573 0.81380 1.42232 2.27129 5
-0.75940 1.48167 -0.68794 -0.07488 -0.07942 0.72880 -0.06677 -0.45669 -0.04647 0.29575 5
1.31652 -0.67475 -0.68794 1.25743 1.18016 0.84834 1.16899 0.55700 1.27635 1.62475 5
1.31652 -0.67475 -0.68794 0.96598 1.18016 1.44604 1.11699 0.36327 1.15775 1.66067 5
1.31652 -0.67475 -0.68794 0.67454 0.77709 0.84834 0.64491 0.32948 0.81565 1.19372 5
-0.75940 -0.67475 1.45328 0.63291 0.37403 0.84834 0.46546 0.10647 0.32301 0.83453 5
-0.75940 1.48167 -0.68794 1.29906 1.43207 1.68512 1.86741 1.07285 1.13495 2.77415 5
1.31652 -0.67475 -0.68794 0.84108 0.92824 1.32650 1.10169 1.02780 0.34582 0.94229 5
-0.75940 -0.67475 1.45328 1.04925 1.07939 0.48972 0.68060 0.61106 0.20441 0.65494 5
-0.75940 1.48167 -0.68794 -0.19978 -0.28095 0.37018 -0.35429 -0.53553 -0.34296 -0.24303 5
1.31652 -0.67475 -0.68794 0.79945 0.87786 0.84834 1.99282 1.27784 1.34934 3.49253 5
1.31652 -0.67475 -0.68794 0.88272 1.02901 2.16328 1.44836 0.91967 0.92056 2.37904 5
-0.75940 1.48167 -0.68794 0.75781 0.92824 0.60926 0.70915 0.57952 0.57845 0.76269 5
1.31652 -0.67475 -0.68794 0.34147 0.47480 0.72880 0.15856 -0.07824 -0.22437 0.58310 5
-0.75940 -0.67475 1.45328 0.00839 0.02135 0.84834 0.09229 -0.00391 0.24090 -0.24303 5
-0.75940 -0.67475 1.45328 0.46637 0.82748 1.32650 0.99463 0.77100 0.66968 1.22964 5
1.31652 -0.67475 -0.68794 0.00839 0.17250 -0.46660 0.07700 -0.34631 -0.04191 0.36759 5
-0.75940 1.48167 -0.68794 1.13252 1.18016 1.56558 1.09659 0.63584 1.00723 1.22964 5
-0.75940 1.48167 -0.68794 0.96598 1.33131 0.84834 1.51361 1.20575 0.82477 1.69658 5
1.31652 -0.67475 -0.68794 0.96598 0.97863 0.60926 1.25361 1.14944 1.12126 1.08596 5
1.31652 -0.67475 -0.68794 0.67454 0.67633 0.48972 1.60537 0.85660 1.38127 0.72678 5
-0.75940 1.48167 -0.68794 1.00762 0.82748 1.20696 0.97424 0.53898 1.60478 0.76269 5
-0.75940 1.48167 -0.68794 0.34147 0.47480 0.84834 0.37574 -0.07824 0.24090 0.79861 5
1.31652 -0.67475 -0.68794 0.59127 0.47480 1.32650 1.02318 0.45112 1.30372 0.76269 5
-0.75940 1.48167 -0.68794 1.00762 1.18016 1.20696 1.29440 1.36118 1.48618 1.40923 5
-0.75940 -0.67475 1.45328 -0.61612 -0.53286 -0.46660 -0.84982 -1.10319 -1.04086 -0.56630 5
1.31652 -0.67475 -0.68794 1.38233 1.43207 1.44604 2.07541 1.67881 2.65847 2.37904 5
1.31652 -0.67475 -0.68794 0.13330 -0.02903 0.37018 0.29111 -0.16610 0.12231 0.36759 5
1.31652 -0.67475 -0.68794 0.17493 0.27326 0.60926 0.34005 -0.15709 0.78372 0.61902 5
-0.75940 -0.67475 1.45328 -0.03324 -0.18018 0.01156 -0.19626 -0.53102 -0.33384 0.15207 5
1.31652 -0.67475 -0.68794 1.46560 1.73437 1.56558 2.65352 1.72160 2.82268 2.45088 5
-0.75940 1.48167 -0.68794 1.04925 1.18016 0.84834 1.21079 1.12916 1.08477 1.48107 5
1.31652 -0.67475 -0.68794 0.63291 0.62595 0.37018 0.42264 0.35201 0.14055 0.61902 5
-0.75940 -0.67475 1.45328 0.05003 0.12212 1.08742 -0.15649 -0.27197 -0.22437 -0.24303 5
-0.75940 1.48167 -0.68794 0.54964 0.47480 0.37018 0.48382 0.10197 0.42792 1.26556 5
1.31652 -0.67475 -0.68794 1.09089 1.18016 1.08742 0.87738 0.57502 0.37318 1.48107 5
-0.75940 1.48167 -0.68794 -0.19978 -0.07942 0.60926 -0.24112 -0.40262 -0.32016 -0.09936 5
1.31652 -0.67475 -0.68794 0.21656 0.32365 0.48972 0.33088 -0.05121 -0.11489 0.97821 5
1.31652 -0.67475 -0.68794 1.75704 1.83514 2.04374 1.89086 1.25081 1.45881 2.45088 5
-0.75940 1.48167 -0.68794 -0.28305 -0.43210 -0.22752 -0.29618 -0.87568 -0.44788 -0.24303 5
-0.75940 1.48167 -0.68794 1.17416 0.92824 0.84834 1.86231 1.06158 1.11214 3.49253 5
-0.75940 1.48167 -0.68794 0.96598 1.18016 1.80466 1.93776 0.42409 0.95705 2.23537 5
1.31652 -0.67475 -0.68794 1.09089 1.33131 1.80466 2.07031 1.72611 1.33565 2.48680 5
-0.75940 1.48167 -0.68794 0.79945 0.62595 1.44604 0.80907 0.09746 0.81565 1.40923 5
-0.75940 1.48167 -0.68794 0.21656 0.07173 -0.10798 -0.10959 -0.25846 -0.01454 0.15207 5
1.31652 -0.67475 -0.68794 0.71618 0.82748 0.25064 0.55927 0.29569 0.19985 0.87045 5
