-0.75940 -0.67475 1.45328 -3.03092 -3.00163 -2.73785 -1.65326 -1.58976 -1.59736 -1.67979 1
-0.75940 -0.67475 1.45328 -3.19746 -3.05201 -2.49877 -1.66142 -1.59426 -1.62473 -1.68697 1
1.31652 -0.67475 -0.68794 -2.86438 -2.85048 -2.14016 -1.64307 -1.58075 -1.59736 -1.64387 1
-0.75940 -0.67475 1.45328 -2.61458 -2.59857 -2.14016 -1.60432 -1.54020 -1.53350 -1.60795 1
-0.75940 -0.67475 1.45328 -2.48967 -2.49780 -2.25970 -1.59515 -1.50641 -1.51069 -1.60795 1
-0.75940 -0.67475 1.45328 -2.69785 -2.64895 -1.90108 -1.61452 -1.56273 -1.56087 -1.63668 1
-0.75940 -0.67475 1.45328 -2.03169 -2.90086 -1.54246 -1.45138 -1.41405 -1.38297 -1.46787 1
-0.75940 -0.67475 1.45328 -2.32314 -2.04435 -1.90108 -1.53397 -1.46586 -1.51982 -1.56125 1
-0.75940 -0.67475 1.45328 -2.19823 -2.04435 -1.66200 -1.49217 -1.43207 -1.47420 -1.49660 1
-0.75940 -0.67475 1.45328 -2.94765 -3.05201 -2.49877 -1.62064 -1.56498 -1.56999 -1.67979 1
-0.75940 -0.67475 1.45328 -3.19746 -3.05201 -2.49877 -1.66040 -1.59652 -1.61561 -1.67979 1
-0.75940 -0.67475 1.45328 -2.11496 -2.04435 -1.54246 -1.44934 -1.35323 -1.36473 -1.49660 1
-0.75940 -0.67475 1.45328 -1.86516 -1.94359 -2.14016 -1.44832 -1.40279 -1.44227 -1.41399 1
-0.75940 -0.67475 1.45328 -2.65621 -2.59857 -2.02062 -1.60432 -1.50416 -1.51069 -1.62950 1
-0.75940 -0.67475 1.45328 -2.11496 -2.09474 -1.66200 -1.48605 -1.46586 -1.42403 -1.46427 1
-0.75940 -0.67475 1.45328 -2.53131 -2.44742 -2.02062 -1.57883 -1.52218 -1.53806 -1.57203 1
-0.75940 1.48167 -0.68794 -1.36554 -1.38937 -1.18384 -1.30558 -1.23835 -1.29631 -1.32060 1
1.31652 -0.67475 -0.68794 -2.23987 -2.29627 -1.78154 -1.52887 -1.46586 -1.51982 -1.53611 1
-0.75940 -0.67475 1.45328 -2.23987 -2.19550 -1.54246 -1.51358 -1.46361 -1.46052 -1.53611 1
1.31652 -0.67475 -0.68794 -2.03169 -2.04435 -0.94476 -1.45240 -1.37351 -1.38753 -1.50019 1
-0.75940 -0.67475 1.45328 -2.57294 -2.54818 -1.90108 -1.58291 -1.52443 -1.49701 -1.60795 1
-0.75940 -0.67475 1.45328 -1.90679 -1.79244 -1.42292 -1.35860 -1.32620 -1.19139 -1.43913 1
-0.75940 -0.67475 1.45328 -1.69862 -1.69167 -1.18384 -1.36880 -1.30367 -1.40578 -1.41040 1
-0.75940 -0.67475 1.45328 -0.86593 -0.88554 -0.58614 -0.92323 -0.85765 -0.80823 -0.99733 1
-0.75940 -0.67475 1.45328 -2.28150 -2.29627 -1.78154 -1.55028 -1.50866 -1.50613 -1.55407 1
-0.75940 -0.67475 1.45328 -1.61535 -2.04435 -1.06430 -1.36472 -1.27214 -1.35560 -1.40321 1
-0.75940 -0.67475 1.45328 -1.49045 -1.54052 -1.30338 -1.28111 -1.14599 -1.30999 -1.35652 1
-0.75940 -0.67475 1.45328 -1.32391 -1.54052 -1.42292 -1.28519 -1.26538 -1.33280 -1.33497 1
-0.75940 -0.67475 1.45328 -0.69939 -0.68401 -0.82522 -0.93751 -0.88018 -0.91771 -0.98655 1
-0.75940 -0.67475 1.45328 -2.03169 -2.09474 -1.54246 -1.44017 -1.37351 -1.54262 -1.46427 1
1.31652 -0.67475 -0.68794 -1.24064 -1.03669 -1.18384 -1.02825 -0.99056 -1.13209 -1.03325 1
-0.75940 1.48167 -0.68794 -1.28227 -1.33899 -1.30338 -1.19954 -1.15050 -1.15946 -1.21284 1
1.31652 -0.67475 -0.68794 -3.07256 -2.95125 -2.73785 -1.64103 -1.57850 -1.60192 -1.66183 1
-0.75940 -0.67475 1.45328 -2.28150 -2.29627 -1.90108 -1.54111 -1.49290 -1.49245 -1.55407 1
-0.75940 -0.67475 1.45328 -2.03169 -1.89320 -1.42292 -1.42181 -1.32170 -1.42859 -1.50019 1
-0.75940 -0.67475 1.45328 -1.36554 -1.49014 -1.42292 -1.32393 -1.28565 -1.36017 -1.28468 1
-0.75940 -0.67475 1.45328 -1.86516 -1.89320 -1.78154 -1.43813 -1.35323 -1.41034 -1.48942 1
-0.75940 -0.67475 1.45328 -2.69785 -2.64895 -2.73785 -1.61962 -1.56948 -1.57912 -1.64387 1
-0.75940 -0.67475 1.45328 -1.86516 -1.79244 -1.54246 -1.38409 -1.34647 -1.26438 -1.39244 1
1.31652 -0.67475 -0.68794 -2.03169 -1.99397 -1.78154 -1.50542 -1.46136 -1.46508 -1.50019 1
-0.75940 -0.67475 1.45328 -1.90679 -1.89320 -1.30338 -1.42793 -1.35549 -1.40122 -1.45350 1
-0.75940 -0.67475 1.45328 -1.74025 -1.74205 -1.42292 -1.32291 -1.25862 -1.23701 -1.37807 1
-0.75940 -0.67475 1.45328 -1.78189 -1.74205 -1.66200 -1.38205 -1.33521 -1.27806 -1.39244 1
-0.75940 -0.67475 1.45328 -1.24064 -1.33899 -1.18384 -1.20464 -1.13473 -1.15034 -1.21284 1
-0.75940 -0.67475 1.45328 -2.19823 -2.09474 -1.66200 -1.50236 -1.45235 -1.46508 -1.50019 1
-0.75940 -0.67475 1.45328 -2.23987 -2.14512 -1.66200 -1.54009 -1.50416 -1.46508 -1.53611 1
-0.75940 1.48167 -0.68794 -1.49045 -1.59091 -1.18384 -1.27601 -1.26763 -1.10929 -1.32060 1
-0.75940 -0.67475 1.45328 -2.03169 -2.04435 -1.66200 -1.48299 -1.43433 -1.37385 -1.50019 1
1.31652 -0.67475 -0.68794 -0.90756 -1.03669 -0.94476 -1.02723 -0.91622 -1.18683 -1.06198 1
-0.75940 -0.67475 1.45328 -2.15660 -2.14512 -1.90108 -1.50236 -1.46361 -1.41947 -1.53970 1
-0.75940 -0.67475 1.45328 -1.61535 -1.43976 -1.30338 -1.29029 -1.26989 -1.36929 -1.39603 1
-0.75940 -0.67475 1.45328 -1.24064 -1.28861 -1.18384 -1.25154 -1.24060 -1.10016 -1.32060 1
-0.75940 -0.67475 1.45328 -0.82430 -0.93593 -0.94476 -0.92119 -0.87793 -0.99069 -0.96141 1
-0.75940 1.48167 -0.68794 -0.65776 -0.73439 -0.70568 -0.80190 -0.70673 -0.64858 -0.85725 1
-0.75940 -0.67475 1.45328 -1.74025 -1.74205 -2.02062 -1.38205 -1.32620 -1.40122 -1.43554 1
-0.75940 -0.67475 1.45328 -1.03247 -0.88554 -1.06430 -0.98033 -0.74502 -1.16402 -1.09072 1
-0.75940 -0.67475 1.45328 -0.74103 -0.78478 -0.70568 -0.84778 -0.69321 -0.77174 -1.02606 1
-0.75940 -0.67475 1.45328 -0.61612 -0.78478 -0.70568 -0.93852 -0.89820 -0.84016 -0.98296 1
-0.75940 -0.67475 1.45328 -0.44959 -0.28095 -0.34706 -0.70198 -0.66843 -0.66683 -0.69561 1
-0.75940 -0.67475 1.45328 -2.82275 -0.33133 -0.46660 -0.74276 -0.73601 -0.69419 -0.63814 1
-0.75940 -0.67475 1.45328 -1.32391 -1.38937 -1.30338 -1.30762 -1.25412 -1.26438 -1.29905 1
-0.75940 -0.67475 1.45328 -1.03247 -1.18784 -0.70568 -1.01907 -0.77205 -1.23245 -1.12304 1
-0.75940 -0.67475 1.45328 -0.44959 -0.58325 -0.34706 -0.81006 -0.76304 -0.58472 -0.87161 1
1.31652 -0.67475 -0.68794 -0.32468 -0.38171 -0.22752 -0.61735 -0.49949 -0.68963 -0.59863 1
-0.75940 1.48167 -0.68794 -0.07488 -0.33133 -0.70568 -0.45320 -0.26521 -0.45244 -0.63814 1
-0.75940 -0.67475 1.45328 -1.24064 -1.28861 -1.42292 -1.22911 -1.14599 -1.21876 -1.24876 1
-0.75940 -0.67475 1.45328 -1.99006 -1.94359 -1.66200 -1.47076 -1.38927 -1.44227 -1.52174 1
1.31652 -0.67475 -0.68794 -1.69862 -1.69167 -1.42292 -1.32291 -1.25862 -1.29631 -1.32060 1
-0.75940 -0.67475 1.45328 -1.19901 -1.28861 -1.30338 -1.13225 -1.10094 -1.09104 -1.10509 1
-0.75940 -0.67475 1.45328 -2.94765 -2.85048 -2.02062 -1.64205 -1.57850 -1.59736 -1.65824 1
-0.75940 -0.67475 1.45328 -2.07333 -2.04435 -1.42292 -1.49421 -1.45685 -1.47876 -1.50019 1
-0.75940 -0.67475 1.45328 -1.78189 -1.69167 -0.82522 -1.10166 -1.08742 -1.05455 -1.11945 1
-0.75940 -0.67475 1.45328 -0.90756 -0.93593 -0.82522 -1.01703 -0.98605 -1.00437 -1.03325 1
-0.75940 -0.67475 1.45328 -0.90756 -0.93593 -1.18384 -0.95076 -0.83062 -0.88578 -1.04762 1
-0.75940 -0.67475 1.45328 -0.82430 -0.98631 -0.82522 -0.94566 -0.90271 -0.89490 -0.96141 1
-0.75940 -0.67475 1.45328 -1.78189 -1.84282 -1.54246 -1.37389 -1.32620 -1.30999 -1.45350 1
-0.75940 -0.67475 1.45328 -1.28227 -1.18784 -1.42292 -1.17099 -1.13247 -1.13209 -1.21284 1
-0.75940 -0.67475 1.45328 -0.69939 -0.63363 -0.58614 -0.57861 -0.40713 -0.63490 -0.77822 1
-0.75940 -0.67475 1.45328 -0.53285 -0.63363 -0.58614 -0.83045 -0.76530 -0.71700 -0.91831 1
-0.75940 1.48167 -0.68794 0.05003 0.12212 0.72880 -0.00151 0.22811 0.25003 -0.63455 1
1.31652 -0.67475 -0.68794 0.05003 0.02135 0.01156 -0.30128 -0.22467 -0.35665 -0.39748 1
-0.75940 -0.67475 1.45328 -1.61535 -1.69167 -1.54246 -1.35758 -1.28340 -1.34648 -1.37089 1
-0.75940 -0.67475 1.45328 -1.65698 -1.69167 -1.54246 -1.37899 -1.29466 -1.05911 -1.40680 1
-0.75940 -0.67475 1.45328 -1.65698 -1.59091 -1.54246 -1.36676 -1.28115 -1.36929 -1.38884 1
-0.75940 -0.67475 1.45328 -0.94920 -1.03669 -1.06430 -1.15468 -1.16852 -1.17771 -1.06917 1
-0.75940 -0.67475 1.45328 -1.07410 -1.08708 -1.18384 -1.17405 -1.09869 -1.19139 -1.17692 1
-0.75940 1.48167 -0.68794 -1.53208 -1.54052 -1.30338 -1.27397 -1.18203 -1.45596 -1.35652 1
-0.75940 -0.67475 1.45328 -1.78189 -1.74205 -1.18384 -1.43099 -1.40279 -1.36473 -1.42836 1
-0.75940 -0.67475 1.45328 -0.90756 -0.98631 -0.82522 -0.95688 -0.86666 -0.89034 -1.05839 1
-0.75940 -0.67475 1.45328 -1.28227 -1.28861 -1.18384 -1.16691 -1.05363 -1.05911 -1.25235 1
-0.75940 -0.67475 1.45328 -1.15737 -1.18784 -0.94476 -1.16488 -1.16852 -1.09104 -1.09790 1
-0.75940 -0.67475 1.45328 -1.03247 -0.93593 -0.94476 -1.03233 -0.97479 -0.97700 -1.06198 1
1.31652 -0.67475 -0.68794 -1.57372 -1.49014 -1.54246 -1.24135 -1.23384 -1.28262 -1.10509 1
-0.75940 -0.67475 1.45328 -1.28227 -1.33899 -1.30338 -1.27295 -1.18654 -1.13666 -1.14100 1
-0.75940 -0.67475 1.45328 -2.40640 -2.34665 -1.78154 -1.56456 -1.52668 -1.46508 -1.57921 1
-0.75940 -0.67475 1.45328 -1.90679 -1.89320 -1.78154 -1.42589 -1.38477 -1.39210 -1.46427 1
-0.75940 -0.67475 1.45328 -0.69939 -0.78478 -0.10798 -0.85492 -0.88469 -0.73069 -0.86084 1
1.31652 -0.67475 -0.68794 -0.24141 -0.33133 -0.58614 -0.41649 -0.34856 -0.34296 -0.60222 1
-0.75940 -0.67475 1.45328 -0.90756 -0.98631 -1.06430 -0.99664 -0.80359 -1.12753 -1.11945 1
-0.75940 1.48167 -0.68794 -0.15815 -0.07942 -0.34706 -0.50112 -0.51075 -0.46156 -0.45855 1
-0.75940 -0.67475 1.45328 -1.44881 -1.49014 -1.06430 -1.25970 -1.23159 -1.13666 -1.22721 1
1.31652 -0.67475 -0.68794 -1.94843 -1.79244 -1.54246 -1.45240 -1.42532 -1.41490 -1.42836 1
1.31652 -0.67475 -0.68794 -1.69862 -1.69167 -1.30338 -1.34331 -1.32395 -1.21876 -1.36370 1
1.31652 -0.67475 -0.68794 -1.65698 -1.69167 -1.30338 -1.33719 -1.26087 -1.30087 -1.35652 1
1.31652 -0.67475 -0.68794 -1.90679 -1.94359 -1.54246 -1.42691 -1.39378 -1.37841 -1.42836 1
-0.75940 -0.67475 1.45328 -1.32391 -1.33899 -0.10798 -1.20056 -1.13247 -1.24157 -1.18770 1
-0.75940 -0.67475 1.45328 -0.65776 -0.73439 -0.94476 -0.69178 -0.38235 -0.86297 -0.92190 1
-0.75940 -0.67475 1.45328 -0.65776 -0.83516 -0.94476 -0.91915 -0.81035 -0.73525 -1.07635 1
-0.75940 -0.67475 1.45328 -1.57372 -1.59091 -1.54246 -1.31782 -1.30142 -1.24613 -1.32060 1
-0.75940 -0.67475 1.45328 -1.53208 -1.59091 -1.66200 -1.23625 -1.15050 -1.25981 -1.32060 1
-0.75940 -0.67475 1.45328 -0.61612 -0.48248 -0.22752 -0.71523 -0.75854 -0.48893 -0.73153 1
-0.75940 -0.67475 1.45328 -0.57449 -0.53286 -0.34706 -0.60410 -0.60536 -0.49805 -0.66328 1
-0.75940 -0.67475 1.45328 -0.53285 -0.48248 -0.94476 -0.74480 -0.57157 -0.79911 -0.88957 1
-0.75940 -0.67475 1.45328 -0.53285 -0.63363 -0.82522 -0.77437 -0.73601 -0.78542 -0.80696 1
1.31652 -0.67475 -0.68794 -0.36632 -0.43210 -0.46660 -0.46339 -0.21340 -0.58016 -0.70998 1
1.31652 -0.67475 -0.68794 0.05003 -0.02903 -0.34706 -0.36143 -0.39587 -0.18331 -0.37952 1
-0.75940 -0.67475 1.45328 -2.15660 -2.14512 -2.02062 -1.51868 -1.45460 -1.48789 -1.53611 1
-0.75940 -0.67475 1.45328 -0.99083 -1.08708 -0.70568 -1.03743 -0.84414 -1.24613 -1.04762 1
1.31652 -0.67475 -0.68794 -0.78266 -0.73439 -0.46660 -0.88041 -0.72475 -0.85841 -0.97219 1
-0.75940 -0.67475 1.45328 -0.65776 -0.68401 0.13110 -0.80496 -0.74277 -0.82192 -0.78182 1
-0.75940 -0.67475 1.45328 -0.61612 -0.78478 -0.82522 -0.93241 -0.77881 -0.93139 -1.01529 1
-0.75940 -0.67475 1.45328 -0.53285 -0.58325 -0.58614 -0.84268 -0.80810 -0.75349 -0.87161 1
-0.75940 1.48167 -0.68794 -0.15815 -0.18018 -0.34706 -0.57963 -0.51075 -0.27910 -0.70639 1
-0.75940 1.48167 -0.68794 -0.03324 0.52518 0.25064 0.38797 0.73721 0.16336 0.10897 1
-0.75940 -0.67475 1.45328 -1.32391 -1.38937 -1.30338 -1.29029 -1.24736 -1.30543 -1.28468 1
-0.75940 -0.67475 1.45328 -0.82430 -0.83516 -0.70568 -1.00990 -0.83963 -1.23701 -0.99733 1
-0.75940 -0.67475 1.45328 -0.82430 -0.98631 -1.18384 -1.07617 -0.99506 -1.05455 -1.14100 1
-0.75940 -0.67475 1.45328 -0.74103 -0.93593 -0.70568 -0.93852 -0.89144 -0.99525 -0.85365 1
-0.75940 -0.67475 1.45328 -0.24141 -0.28095 -0.22752 -0.64488 -0.63464 -0.58928 -0.56630 1
-0.75940 -0.67475 1.45328 -1.03247 -1.08708 -1.18384 -1.11593 -1.08517 -1.09104 -1.14100 1
-0.75940 -0.67475 1.45328 -0.40795 -0.43210 -0.58614 -0.75398 -0.63915 -0.79911 -0.87880 1
-0.75940 -0.67475 1.45328 -1.36554 -1.33899 -1.54246 -1.24033 -1.17527 -1.24613 -1.24158 1
-0.75940 -0.67475 1.45328 -1.11574 -1.23822 -0.94476 -1.11695 -1.04462 -1.08192 -1.16256 1
-0.75940 -0.67475 1.45328 -0.82430 -0.93593 -1.42292 -1.07209 -1.02885 -1.11385 -1.03325 1
-0.75940 -0.67475 1.45328 -0.61612 -0.73439 -0.70568 -0.83453 -0.80359 -0.87209 -0.74949 1
-0.75940 -0.67475 1.45328 -0.53285 -0.53286 -0.70568 -0.82229 -0.71123 -0.90858 -0.78182 1
-0.75940 -0.67475 1.45328 -0.32468 -0.33133 -0.22752 -0.46135 -0.29675 -0.47524 -0.56630 1
-0.75940 -0.67475 1.45328 0.09166 -0.07942 -0.22752 -0.35022 -0.34180 -0.16963 -0.45855 1
-0.75940 1.48167 -0.68794 1.63214 1.18016 0.96788 1.25667 1.22377 1.28548 1.40923 1
1.31652 -0.67475 -0.68794 -0.49122 -0.48248 -0.58614 -0.50825 -0.28999 -0.37489 -0.85365 1
-0.75940 -0.67475 1.45328 -0.74103 -0.78478 -0.70568 -0.91507 -0.93650 -0.78542 -0.92549 1
-0.75940 -0.67475 1.45328 -0.74103 -0.63363 -0.46660 -1.03437 -1.03336 -1.13666 -0.86443 1
-0.75940 -0.67475 1.45328 -0.49122 -0.38171 -0.70568 -0.78253 -0.88243 -0.77174 -0.52320 1
-0.75940 -0.67475 1.45328 -1.07410 -1.18784 -1.06430 -1.07821 -0.90721 -1.02718 -1.15537 1
-0.75940 -0.67475 1.45328 -0.53285 -0.58325 -0.70568 -0.73664 -0.66168 -0.74437 -0.72794 1
-0.75940 -0.67475 1.45328 -1.07410 -1.13746 -0.94476 -1.09248 -0.98831 -1.08192 -1.12664 1
-0.75940 1.48167 -0.68794 -1.03247 -1.03669 0.48972 -0.93954 -0.83963 -1.00437 -0.96141 1
-0.75940 -0.67475 1.45328 -0.90756 -1.03669 -0.46660 -1.00480 -0.87568 -0.95420 -1.13741 1
1.31652 -0.67475 -0.68794 -0.53285 -0.63363 -0.70568 -0.75296 -0.56031 -0.84016 -0.88239 1
-0.75940 1.48167 -0.68794 -0.40795 -0.28095 0.01156 -0.28496 -0.19313 -0.44788 -0.31128 1
1.31652 -0.67475 -0.68794 -0.90756 -1.08708 -0.94476 -1.00582 -0.92298 -1.02262 -1.03325 1
1.31652 -0.67475 -0.68794 -0.82430 -0.78478 -1.42292 -0.95382 -1.01534 -0.89490 -0.81773 1
-0.75940 -0.67475 1.45328 -1.03247 -0.98631 -0.94476 -1.43099 -1.14149 -0.99981 -1.10509 1
-0.75940 -0.67475 1.45328 -1.69862 -1.69167 -1.54246 -1.33617 -1.27664 -1.32367 -1.35652 1
1.31652 -0.67475 -0.68794 -0.86593 -0.63363 -0.82522 -0.81311 -0.83062 -0.77174 -0.78182 1
-0.75940 -0.67475 1.45328 -1.40718 -1.28861 -0.70568 -1.23421 -1.25186 -1.16859 -1.14100 1
-0.75940 -0.67475 1.45328 -2.07333 -2.09474 -1.54246 -1.51460 -1.48163 -1.47420 -1.50019 1
-0.75940 1.48167 -0.68794 -0.40795 -0.28095 -0.10798 -0.69892 -0.83738 -1.00893 -0.38671 1
-0.75940 -0.67475 1.45328 -1.86516 -1.89320 -1.18384 -1.39938 -1.36224 -1.34192 -1.40680 1
-0.75940 -0.67475 1.45328 -0.90756 -0.83516 -0.94476 -0.73868 -0.58959 -0.67595 -0.89676 1
1.31652 -0.67475 -0.68794 -0.36632 -0.38171 -0.10798 -0.40222 -0.06698 -0.72156 -0.55912 1
-0.75940 -0.67475 1.45328 -0.15815 -0.18018 1.08742 -0.44096 -0.41614 -0.35209 -0.48010 1
-0.75940 -0.67475 1.45328 -0.49122 -0.53286 -0.70568 -0.72339 -0.58283 -0.73069 -0.85365 1
1.31652 -0.67475 -0.68794 0.42474 0.42441 0.37018 0.24319 0.31371 0.23178 0.14489 1
1.31652 -0.67475 -0.68794 0.54964 0.57556 0.01156 0.44303 0.49618 0.75179 0.17363 1
-0.75940 -0.67475 1.45328 -0.69939 -0.68401 -0.94476 -0.86002 -0.67744 -0.97700 -0.97578 1
-0.75940 -0.67475 1.45328 -0.53285 -0.63363 -0.70568 -0.92425 -0.93199 -1.11841 -0.81773 1
-0.75940 -0.67475 1.45328 -0.24141 -0.28095 -0.46660 -0.64590 -0.56932 -0.54823 -0.73871 1
1.31652 -0.67475 -0.68794 0.17493 0.12212 0.13110 -0.10347 0.06818 -0.23805 -0.24303 1
-0.75940 -0.67475 1.45328 -1.24064 -1.33899 -1.06430 -1.22197 -1.19104 -1.15034 -1.24158 1
-0.75940 -0.67475 1.45328 -1.03247 -1.03669 -0.94476 -0.99358 -0.82612 -1.07736 -1.09431 1
-0.75940 -0.67475 1.45328 -0.99083 -1.03669 -0.94476 -1.13735 -1.18429 -1.09104 -1.06198 1
-0.75940 -0.67475 1.45328 -0.40795 -0.53286 -0.58614 -0.63061 -0.36208 -0.84472 -0.76386 1
-0.75940 -0.67475 1.45328 -1.11574 -1.18784 -1.18384 -1.15468 -1.09193 -1.15490 -1.16256 1
-0.75940 -0.67475 1.45328 -0.61612 -0.73439 -0.82522 -0.95178 -0.90946 -0.92227 -0.92908 1
-0.75940 -0.67475 1.45328 -0.03324 -0.12980 0.13110 -0.11979 0.29119 -0.35209 -0.35438 1
-0.75940 -0.67475 1.45328 -0.65776 -0.98631 -1.18384 -1.00480 -0.91848 -0.82648 -1.10149 1
-0.75940 -0.67475 1.45328 -0.74103 -0.73439 -0.82522 -0.96911 -0.91622 -1.19139 -0.90035 1
-0.75940 -0.67475 1.45328 -1.40718 -1.38937 -1.54246 -1.27397 -0.24719 -1.22788 -1.28827 1
-0.75940 -0.67475 1.45328 -1.19901 -1.18784 -1.30338 -1.22401 -1.22258 -1.22332 -1.17692 1
1.31652 -0.67475 -0.68794 0.13330 0.02135 -0.22752 -0.54802 -0.54904 -0.67595 -0.45855 1
1.31652 -0.67475 -0.68794 0.21656 -0.02903 0.25064 0.19323 0.23712 0.30020 0.00840 1
1.31652 -0.67475 -0.68794 -0.57449 -0.33133 -0.34706 -0.70300 -0.64816 -0.71700 -0.53038 1
-0.75940 1.48167 -0.68794 -1.82352 -1.84282 -1.66200 -1.38715 -1.35549 -1.34192 -1.39244 1
-0.75940 -0.67475 1.45328 -1.07410 -0.98631 -1.06430 -1.05170 -1.02885 -0.99069 -1.04762 1
-0.75940 -0.67475 1.45328 -0.78266 -0.88554 -0.94476 -0.90386 -0.75403 -0.96788 -0.99733 1
-0.75940 -0.67475 1.45328 -1.24064 -1.23822 -1.18384 -1.16590 -1.14824 -1.08192 -1.17692 1
-0.75940 -0.67475 1.45328 -0.74103 -0.73439 -0.70568 -0.85186 -0.70673 -0.78542 -0.99733 1
-0.75940 -0.67475 1.45328 -1.32391 -1.33899 -1.18384 -1.21178 -1.13247 -1.18227 -1.26672 1
-0.75940 -0.67475 1.45328 -1.99006 -1.84282 -1.66200 -1.48503 -1.42757 -1.47876 -1.46427 1
-0.75940 -0.67475 1.45328 -0.40795 -0.43210 -0.82522 -0.83860 -0.87793 -0.74437 -0.80337 1
-0.75940 1.48167 -0.68794 -1.19901 -0.88554 -0.58614 -0.36959 -0.16384 -0.43875 -0.53757 1
-0.75940 1.48167 -0.68794 -0.32468 -0.43210 0.25064 0.17488 0.24839 0.16792 0.24546 1
-0.75940 -0.67475 1.45328 -1.40718 -1.38937 -0.94476 -1.23013 -1.12346 -1.26438 -1.25594 1
1.31652 -0.67475 -0.68794 0.79945 0.52518 0.72880 0.60821 0.79127 0.75635 0.41069 1
-0.75940 -0.67475 1.45328 -0.90756 -0.78478 -0.94476 -0.89366 -0.75178 -0.95876 -0.97937 1
-0.75940 -0.67475 1.45328 -0.61612 -0.58325 -0.10798 -0.68261 -0.62563 -0.78542 -0.70639 1
-0.75940 1.48167 -0.68794 0.00839 0.02135 -0.58614 -0.11061 0.25514 -0.16050 -0.42263 1
-0.75940 -0.67475 1.45328 -0.74103 -0.83516 -0.94476 -0.94362 -0.83513 -0.98613 -0.93268 1
-0.75940 -0.67475 1.45328 -0.36632 -0.58325 -0.94476 -0.63163 -0.55355 -0.48437 -0.81055 1
-0.75940 -0.67475 1.45328 -1.11574 -0.98631 -1.30338 -0.98848 -0.80359 -1.01350 -1.14819 2
-0.75940 -0.67475 1.45328 -1.11574 -1.18784 -0.94476 -1.10982 -1.05363 -1.06823 -1.13382 2
-0.75940 -0.67475 1.45328 -0.99083 -1.08708 -1.30338 -1.07107 -0.94325 -1.18683 -1.08353 2
-0.75940 -0.67475 1.45328 -0.82430 -1.08708 -1.06430 -0.97319 -0.98380 -0.94051 -0.85365 2
-0.75940 1.48167 -0.68794 -0.61612 -0.53286 -0.82522 -0.62449 -0.55130 -0.58472 -0.67406 2
-0.75940 1.48167 -0.68794 -0.19978 -0.07942 0.01156 -0.34104 -0.46344 -0.04647 -0.13528 2
1.31652 -0.67475 -0.68794 -0.40795 -0.53286 -0.46660 -0.71115 -0.56481 -0.72156 -0.74590 2
1.31652 -0.67475 -0.68794 -0.44959 -0.33133 -0.22752 -0.62347 -0.65492 -0.44331 -0.67406 2
-0.75940 1.48167 -0.68794 -0.82430 -0.78478 -0.58614 -0.86205 -0.88243 -0.90858 -0.74231 2
-0.75940 -0.67475 1.45328 -0.61612 -0.53286 -0.70568 -0.75500 -0.74502 -1.03630 -0.70998 2
-0.75940 1.48167 -0.68794 -1.03247 -0.83516 -0.46660 -1.04048 -1.01534 -1.13209 -1.03325 2
-0.75940 1.48167 -0.68794 -0.53285 0.17250 0.37018 -0.16873 -0.26521 -0.26086 0.00840 2
-0.75940 -0.67475 1.45328 -1.94843 -1.84282 -1.66200 -1.48401 -1.45685 -1.43315 -1.46427 2
-0.75940 1.48167 -0.68794 -1.19901 -1.03669 -1.06430 -1.11593 -1.05363 -1.16859 -1.06917 2
-0.75940 -0.67475 1.45328 -0.32468 -0.33133 0.01156 -0.62755 -0.71799 -0.52542 -0.49447 2
-0.75940 -0.67475 1.45328 -0.61612 -0.58325 -0.22752 -0.57453 -0.51525 -0.36577 -0.70639 2
1.31652 -0.67475 -0.68794 -0.44959 -0.33133 -0.46660 -0.50621 -0.42064 -0.79455 -0.50165 2
1.31652 -0.67475 -0.68794 -0.28305 -0.23057 -0.34706 -0.44810 -0.23818 -0.77174 -0.44059 2
1.31652 -0.67475 -0.68794 0.00839 -0.12980 -0.22752 -0.13304 -0.09852 -0.34752 -0.09936 2
-0.75940 -0.67475 1.45328 -0.74103 -0.83516 -0.46660 -0.87531 -0.80134 -1.09104 -0.90753 2
-0.75940 -0.67475 1.45328 -0.61612 -0.53286 -0.82522 -0.78355 -0.73151 -0.79911 -0.75667 2
1.31652 -0.67475 -0.68794 -0.24141 -0.12980 -0.10798 -0.39814 -0.25170 -0.46612 -0.64173 2
1.31652 -0.67475 -0.68794 -0.11651 -0.02903 0.25064 -0.25539 -0.05572 -0.42507 -0.36157 2
-0.75940 1.48167 -0.68794 0.09166 -0.07942 -0.10798 -0.01477 0.15378 0.14055 -0.24303 2
-0.75940 1.48167 -0.68794 0.54964 0.47480 0.13110 0.47770 0.70342 0.58301 0.08024 2
-0.75940 -0.67475 1.45328 -0.65776 -0.73439 -0.70568 -0.85186 -0.72475 -0.79455 -0.93268 2
-0.75940 -0.67475 1.45328 -0.11651 -0.28095 -0.58614 -0.63876 -0.65041 -0.61209 -0.52320 2
-0.75940 -0.67475 1.45328 -0.07488 -0.23057 -0.34706 -0.44300 -0.18862 -0.49349 -0.63814 2
-0.75940 -0.67475 1.45328 -0.03324 -0.28095 -0.34706 -0.55923 -0.32153 -0.46612 -0.51602 2
-0.75940 1.48167 -0.68794 0.21656 0.07173 -0.10798 -0.02904 0.30470 0.04476 -0.45855 2
1.31652 -0.67475 -0.68794 0.29983 0.07173 0.13110 0.04743 0.31822 0.07213 -0.24303 2
1.31652 -0.67475 -0.68794 0.34147 0.27326 0.25064 0.32884 0.99175 0.01739 -0.23585 2
-0.75940 1.48167 -0.68794 0.63291 0.57556 0.25064 0.55825 0.83857 0.74266 0.08024 2
1.31652 -0.67475 -0.68794 0.71618 0.77709 0.48972 0.37880 0.77550 0.28652 0.01917 2
-0.75940 -0.67475 1.45328 -1.24064 -1.28861 -1.42292 -1.27703 -1.24736 -1.20964 -1.24876 2
-0.75940 1.48167 -0.68794 -0.53285 -0.43210 -0.34706 -0.71421 -0.69096 -0.69419 -0.70279 2
-0.75940 -0.67475 1.45328 -0.44959 -0.53286 0.96788 -0.71115 -0.69321 -0.68963 -0.63455 2
-0.75940 -0.67475 1.45328 0.09166 0.07173 0.25064 -0.51437 0.00060 -0.41595 -0.09936 2
-0.75940 1.48167 -0.68794 0.34147 0.42441 0.13110 0.04233 0.27992 -0.11033 -0.09936 2
-0.75940 1.48167 -0.68794 0.46637 0.37403 0.25064 0.05966 0.18306 -0.22437 0.10179 2
-0.75940 -0.67475 1.45328 -0.99083 -0.98631 -1.06430 -0.99154 -0.81485 -1.06367 -1.10149 2
1.31652 -0.67475 -0.68794 -0.69939 -0.88554 -0.46660 -0.75908 -0.52201 -0.80823 -0.97937 2
1.31652 -0.67475 -0.68794 -0.07488 0.17250 0.13110 0.21974 0.62007 0.00371 -0.14605 2
1.31652 -0.67475 -0.68794 0.50801 0.47480 0.25064 0.15754 0.22586 0.45073 -0.03830 2
1.31652 -0.67475 -0.68794 0.63291 0.47480 0.37018 0.23707 0.34750 0.25459 0.08024 2
-0.75940 -0.67475 1.45328 0.75781 0.67633 -0.22752 0.02805 -0.02869 0.09950 0.08742 2
1.31652 -0.67475 -0.68794 0.92435 1.02901 1.08742 0.97730 0.83182 1.25354 0.99258 2
-0.75940 -0.67475 1.45328 -1.15737 -1.18784 -1.18384 -1.20770 -1.16852 -1.18683 -1.16974 2
-0.75940 -0.67475 1.45328 -0.40795 -0.48248 -0.34706 -0.68974 -0.69547 -0.45700 -0.81773 2
-0.75940 -0.67475 1.45328 -0.19978 -0.07942 -0.46660 -0.43382 -0.44317 -0.34296 -0.32565 2
-0.75940 -0.67475 1.45328 -0.19978 -0.18018 -0.46660 -0.47563 -0.51300 -0.30647 -0.47291 2
-0.75940 -0.67475 1.45328 0.21656 0.07173 0.13110 -0.09634 0.06142 -0.18787 -0.12450 2
1.31652 -0.67475 -0.68794 0.42474 0.47480 0.60926 0.07802 0.07719 -0.00085 0.20954 2
-0.75940 1.48167 -0.68794 0.42474 0.27326 0.25064 0.41142 0.45563 0.34125 0.87045 2
-0.75940 1.48167 -0.68794 0.63291 0.52518 0.37018 0.29519 0.30470 0.21810 0.43943 2
-0.75940 1.48167 -0.68794 0.67454 0.72671 0.01156 0.33088 0.51420 0.49178 0.00840 2
-0.75940 1.48167 -0.68794 0.88272 0.92824 0.96788 0.74993 0.69666 0.47354 1.15421 2
-0.75940 -0.67475 1.45328 -0.57449 -0.83516 -0.10798 -0.01783 0.18531 -0.08296 -0.19993 2
-0.75940 -0.67475 1.45328 -0.74103 -0.78478 -0.82522 -1.00684 -0.91622 -1.14122 -0.96141 2
-0.75940 -0.67475 1.45328 -0.65776 -0.78478 -0.70568 -0.95994 -0.93199 -1.03630 -0.86443 2
-0.75940 -0.67475 1.45328 -0.32468 -0.48248 -0.46660 -0.63876 -0.50850 -0.71244 -0.65969 2
1.31652 -0.67475 -0.68794 -0.07488 -0.23057 -0.70568 -0.51029 -0.47921 -0.18787 -0.70998 2
-0.75940 1.48167 -0.68794 0.71618 0.52518 0.37018 0.26154 0.29794 0.15424 0.18799 2
-0.75940 -0.67475 1.45328 -0.40795 -0.43210 -0.46660 -0.63264 -0.41163 -0.64858 -0.73512 2
-0.75940 -0.67475 1.45328 -1.65698 -1.69167 -1.66200 -1.38001 -1.36450 -1.36929 -1.32778 2
-0.75940 -0.67475 1.45328 -0.65776 -0.88554 -0.46660 -0.91915 -0.93424 -0.89490 -0.85365 2
1.31652 -0.67475 -0.68794 -0.53285 -0.63363 -0.46660 -0.68362 -0.52201 -0.57560 -0.76745 2
1.31652 -0.67475 -0.68794 0.09166 0.12212 -0.34706 -0.18504 -0.01968 0.08125 -0.42622 2
1.31652 -0.67475 -0.68794 0.46637 0.42441 -0.46660 0.08107 0.26415 -0.30191 0.15567 2
-0.75940 1.48167 -0.68794 0.71618 0.22288 0.01156 0.16366 0.35426 0.17704 -0.13528 2
1.31652 -0.67475 -0.68794 1.04925 0.92824 0.01156 0.83456 1.15845 0.50091 0.58310 2
-0.75940 1.48167 -0.68794 -0.36632 -0.28095 -0.46660 -0.45014 -0.40037 -0.36577 -0.38671 2
-0.75940 1.48167 -0.68794 -0.69939 -0.78478 -0.58614 -0.87327 -0.97479 -0.61665 -0.85365 2
1.31652 -0.67475 -0.68794 -0.90756 -0.98631 -1.18384 -1.02825 -1.03111 -0.97700 -0.88957 2
-0.75940 1.48167 -0.68794 -1.03247 -1.08708 -0.58614 -1.07311 -1.01759 -1.22332 -1.04402 2
1.31652 -0.67475 -0.68794 -0.86593 -0.68401 -0.58614 -0.83045 -0.83062 -0.79911 -0.74590 2
-0.75940 -0.67475 1.45328 -0.53285 -0.73439 -0.70568 -0.78457 -0.60536 -0.96788 -0.92549 2
-0.75940 1.48167 -0.68794 -0.53285 -0.48248 -0.58614 -0.72033 -0.67069 -0.68963 -0.56630 2
1.31652 -0.67475 -0.68794 -0.03324 -0.28095 -0.10798 -0.50214 -0.49048 -0.21980 -0.45855 2
-0.75940 1.48167 -0.68794 -0.44959 -0.53286 0.96788 -0.79068 -0.93199 -0.58472 -0.74590 2
-0.75940 1.48167 -0.68794 0.63291 0.92824 0.37018 1.02624 1.18998 0.93880 0.79861 2
1.31652 -0.67475 -0.68794 -0.36632 -0.38171 -0.94476 -0.64284 -0.52427 -0.72156 -0.74590 2
1.31652 -0.67475 -0.68794 0.71618 0.72671 0.25064 0.65409 0.92192 0.85214 0.18081 2
-0.75940 -0.67475 1.45328 -0.32468 -0.33133 -0.22752 -0.56127 -0.42064 -0.62577 -0.58785 2
-0.75940 -0.67475 1.45328 -0.28305 -0.33133 -0.34706 -0.57963 -0.36208 -0.59840 -0.78182 2
-0.75940 -0.67475 1.45328 -0.11651 -0.23057 0.25064 -0.41547 -0.22467 -0.56191 -0.47651 2
-0.75940 -0.67475 1.45328 0.25820 0.17250 -0.22752 -0.36857 -0.34180 -0.43419 -0.20352 2
-0.75940 1.48167 -0.68794 0.54964 0.52518 0.48972 0.37268 0.38580 0.73810 0.12693 2
1.31652 -0.67475 -0.68794 -0.61612 -0.83516 -0.58614 -0.81209 -0.61212 -0.93139 -0.88598 2
-0.75940 -0.67475 1.45328 -0.32468 -0.43210 0.01156 -0.77743 -0.76530 -0.80367 -0.05985 2
-0.75940 -0.67475 1.45328 -0.11651 -0.23057 0.13110 -0.12692 0.17630 -0.37033 -0.41904 2
-0.75940 -0.67475 1.45328 0.00839 -0.07942 -0.22752 -0.37571 -0.06473 -0.47524 -0.27895 2
-0.75940 1.48167 -0.68794 0.17493 0.32365 0.25064 0.24217 0.02988 0.53284 0.25983 2
-0.75940 1.48167 -0.68794 0.50801 0.47480 -0.22752 0.09535 0.23262 0.23634 -0.09936 2
1.31652 -0.67475 -0.68794 0.38310 0.12212 0.01156 0.09331 0.25514 -0.14226 0.08024 2
-0.75940 -0.67475 1.45328 -0.82430 -0.68401 -0.94476 -0.93343 -0.94325 -0.85841 -0.88957 2
-0.75940 1.48167 -0.68794 -0.49122 -0.58325 -0.70568 -0.85696 -0.87568 -0.71700 -0.77463 2
-0.75940 -0.67475 1.45328 -0.44959 -0.23057 -0.22752 -0.49296 -0.42965 -0.58016 -0.46573 2
-0.75940 -0.67475 1.45328 -0.11651 -0.07942 -0.34706 -0.47971 -0.54229 -0.46156 -0.25022 2
-0.75940 -0.67475 1.45328 0.05003 -0.28095 -0.34706 -0.43382 -0.30351 -0.61665 -0.38671 2
-0.75940 1.48167 -0.68794 0.42474 0.17250 0.25064 0.09739 0.43085 -0.00542 -0.07781 2
-0.75940 -0.67475 1.45328 0.09166 -0.07942 -0.10798 -0.10959 0.03889 0.25003 -0.23944 2
-0.75940 -0.67475 1.45328 -0.61612 -0.78478 -0.58614 -0.94566 -0.98831 -0.89490 -0.82133 2
-0.75940 -0.67475 1.45328 -0.19978 -0.28095 -0.10798 -0.61225 -0.60085 -0.52542 -0.21430 2
1.31652 -0.67475 -0.68794 0.09166 0.02135 -0.46660 -0.29618 -0.21115 -0.13770 -0.57349 2
-0.75940 -0.67475 1.45328 -0.82430 -0.88554 -1.30338 -1.15570 -1.06264 -1.03630 -1.19488 2
-0.75940 -0.67475 1.45328 -1.07410 -1.08708 -0.46660 -1.07923 -1.04913 -1.02718 -1.07276 2
-0.75940 -0.67475 1.45328 -2.11496 -2.14512 -1.66200 -1.48197 -1.41631 -1.52438 -1.47146 2
-0.75940 -0.67475 1.45328 -1.24064 -1.23822 -0.94476 -1.20260 -1.14599 -1.14122 -1.21284 2
-0.75940 -0.67475 1.45328 -1.90679 -1.99397 -1.42292 -1.48605 -1.44784 -1.41034 -1.49301 2
-0.75940 1.48167 -0.68794 -0.53285 -0.58325 -0.58614 -0.79272 -0.76304 -0.71244 -0.78182 2
1.31652 -0.67475 -0.68794 -1.28227 -1.28861 -0.82522 -1.23319 -1.25186 -1.12297 -1.17692 2
-0.75940 -0.67475 1.45328 -1.44881 -1.28861 -1.54246 -1.29029 -1.24961 -1.28262 -1.25594 2
-0.75940 -0.67475 1.45328 -0.36632 -0.53286 -0.58614 -0.51029 -0.49273 -0.68051 -0.39389 2
-0.75940 1.48167 -0.68794 0.42474 0.52518 0.60926 0.48178 0.62683 0.30932 0.30653 2
-0.75940 1.48167 -0.68794 0.71618 0.62595 0.48972 0.50115 0.59980 0.50547 0.36759 2
-0.75940 -0.67475 1.45328 -0.40795 0.12212 0.48972 -0.24316 -0.04220 -0.27454 -0.39030 2
-0.75940 -0.67475 1.45328 -0.03324 -0.28095 -0.22752 -0.60002 -0.54904 -0.53454 -0.61300 2
-0.75940 -0.67475 1.45328 -0.82430 -0.83516 -0.70568 -0.86409 -0.85540 -0.80823 -0.95063 2
-0.75940 -0.67475 1.45328 -0.61612 -0.58325 -0.70568 -0.64182 -0.47921 -0.69419 -0.70998 2
1.31652 -0.67475 -0.68794 -0.15815 -0.18018 -0.58614 -0.55108 -0.45894 -0.56191 -0.61300 2
1.31652 -0.67475 -0.68794 0.09166 0.07173 -0.10798 -0.09939 -0.19313 -0.10577 -0.01674 2
-0.75940 -0.67475 1.45328 -0.44959 -0.63363 -0.46660 -0.93852 -0.93199 -1.08648 -0.81773 2
-0.75940 -0.67475 1.45328 0.42474 0.32365 0.25064 0.31456 0.57051 0.31389 0.00122 2
-0.75940 -0.67475 1.45328 -0.40795 -0.53286 -0.10798 -0.71625 -0.65267 -0.82648 -0.68483 2
-0.75940 -0.67475 1.45328 0.00839 -0.07942 -0.34706 -0.53680 -0.52201 -0.56191 -0.45855 2
1.31652 -0.67475 -0.68794 -1.90679 -1.79244 -1.30338 -1.43507 -1.42982 -1.38753 -1.40680 2
-0.75940 1.48167 -0.68794 -0.44959 -0.58325 -0.58614 -0.69688 -0.73827 -0.48893 -0.60222 2
-0.75940 -0.67475 1.45328 -0.49122 -0.53286 -0.46660 -0.50621 -0.47020 -0.81279 -0.39389 2
1.31652 -0.67475 -0.68794 -0.32468 -0.18018 -0.46660 -0.46849 -0.48822 -0.42051 -0.50165 2
1.31652 -0.67475 -0.68794 1.17416 1.07939 0.60926 1.13534 1.17872 1.10758 0.75910 2
-0.75940 -0.67475 1.45328 0.17493 -0.02903 -0.22752 -0.34818 -0.14582 -0.32928 -0.46573 2
-0.75940 -0.67475 1.45328 -0.32468 -0.33133 -0.70568 -0.74378 -0.71123 -0.82648 -0.64532 2
-0.75940 -0.67475 1.45328 -0.03324 -0.07942 0.01156 -0.42159 -0.36658 -0.32016 -0.50165 2
1.31652 -0.67475 -0.68794 0.54964 0.42441 0.37018 0.09229 0.04340 0.30020 0.00840 2
1.31652 -0.67475 -0.68794 -0.40795 -0.38171 -0.70568 -0.69178 -0.63464 -0.67139 -0.66688 2
1.31652 -0.67475 -0.68794 -0.40795 -0.48248 0.01156 -0.64284 -0.53328 -0.69419 -0.60222 2
-0.75940 -0.67475 1.45328 -0.36632 -0.53286 -0.70568 -0.77335 -0.71349 -0.83560 -0.70998 2
1.31652 -0.67475 -0.68794 -0.40795 -0.38171 -0.34706 -0.65100 -0.64365 -0.62121 -0.53038 2
-0.75940 1.48167 -0.68794 0.42474 0.37403 0.01156 0.22892 0.11323 0.65143 0.33167 2
1.31652 -0.67475 -0.68794 -0.24141 -0.12980 -0.34706 -0.58574 -0.54904 -0.42051 -0.60222 2
1.31652 -0.67475 -0.68794 -0.49122 -0.48248 -0.82522 -0.81107 -0.84414 -0.67139 -0.45855 2
1.31652 -0.67475 -0.68794 -1.49045 -1.54052 -1.18384 -1.28111 -1.19555 -1.37841 -1.26313 2
-0.75940 1.48167 -0.68794 -0.61612 -0.63363 -0.46660 -0.84064 -0.87342 -0.78086 -0.74590 2
-0.75940 1.48167 -0.68794 -0.69939 -0.68401 0.01156 -0.70708 -0.78106 -0.65770 -0.56630 2
1.31652 -0.67475 -0.68794 -0.19978 -0.02903 0.01156 -0.43484 -0.53328 -0.41138 -0.24303 2
-0.75940 1.48167 -0.68794 -0.65776 -0.83516 -0.34706 -0.76213 -0.81485 -0.62121 -0.70998 2
-0.75940 -0.67475 1.45328 -1.90679 -1.84282 -1.42292 -1.43711 -1.40054 -1.35560 -1.42836 2
1.31652 -0.67475 -0.68794 -0.69939 -0.53286 -0.34706 -0.71625 -1.02435 -0.90402 -0.35079 2
-0.75940 1.48167 -0.68794 -0.57449 -0.38171 -0.82522 -0.68566 -0.64591 -0.51174 -0.74590 2
-0.75940 -0.67475 1.45328 -0.49122 -0.33133 -0.46660 -0.72951 -0.61888 -0.56191 -0.70998 2
-0.75940 1.48167 -0.68794 -0.32468 -0.43210 -0.46660 -0.48990 -0.40262 -0.45244 -0.45855 2
-0.75940 -0.67475 1.45328 -1.36554 -1.28861 -0.82522 -1.28417 -1.30593 -1.23701 -1.14100 2
-0.75940 -0.67475 1.45328 -1.32391 -1.49014 -0.58614 -1.24542 -1.19780 -1.24157 -1.21284 2
-0.75940 1.48167 -0.68794 -0.74103 -0.73439 -0.70568 -0.91507 -0.85540 -0.86297 -0.92549 2
-0.75940 1.48167 -0.68794 -1.28227 -1.18784 -0.58614 -1.18017 -1.11896 -1.12753 -1.17692 2
-0.75940 1.48167 -0.68794 0.21656 0.22288 0.01156 -0.23500 -0.46344 0.04932 -0.09936 2
1.31652 -0.67475 -0.68794 -1.36554 -1.13746 -0.94476 -1.26072 -1.32170 -1.16859 -1.17692 2
1.31652 -0.67475 -0.68794 -1.19901 -1.18784 -0.46660 -1.11288 -1.08968 -1.04999 -1.10509 2
1.31652 -0.67475 -0.68794 -0.03324 -0.23057 0.01156 -0.34512 -0.49949 0.20897 -0.56630 2
1.31652 -0.67475 -0.68794 -0.44959 -0.38171 0.96788 -0.64998 -0.75629 -0.47524 -0.54834 2
1.31652 -0.67475 -0.68794 0.38310 0.47480 0.25064 0.25135 0.13575 0.31845 0.25624 2
-0.75940 1.48167 -0.68794 0.42474 0.57556 0.01156 0.26358 0.37228 0.00827 0.22750 2
1.31652 -0.67475 -0.68794 0.54964 0.67633 0.60926 0.50625 0.42860 0.57845 0.50767 2
1.31652 -0.67475 -0.68794 0.79945 0.92824 0.60926 0.97526 1.24405 0.67424 0.54718 2
1.31652 -0.67475 -0.68794 -0.15815 0.02135 -0.34706 -0.38080 -0.31702 -0.43419 -0.60222 2
-0.75940 1.48167 -0.68794 0.59127 0.52518 0.01156 0.35840 0.47815 0.26371 0.09101 2
-0.75940 1.48167 -0.68794 0.84108 0.77709 1.44604 1.12412 1.01428 1.10758 1.16499 2
-0.75940 1.48167 -0.68794 1.09089 0.52518 0.48972 1.35659 1.48733 1.37214 -0.40467 2
-0.75940 -0.67475 1.45328 -0.11651 -0.07942 -0.34706 -0.55312 -0.44092 -0.55735 -0.62018 2
-0.75940 -0.67475 1.45328 0.00839 -0.07942 0.01156 -0.46441 -0.43641 -0.47524 -0.39748 2
-0.75940 1.48167 -0.68794 0.46637 0.42441 0.37018 0.20648 0.11548 0.59670 0.18799 2
-0.75940 1.48167 -0.68794 0.63291 0.67633 0.48972 0.40327 0.56601 0.62863 0.12693 2
-0.75940 1.48167 -0.68794 0.75781 0.67633 0.37018 0.40429 0.39481 0.63319 0.33167 2
-0.75940 1.48167 -0.68794 1.50723 1.43207 0.72880 0.79581 1.26207 0.50547 0.44661 2
-0.75940 -0.67475 1.45328 -0.69939 -0.68401 -0.46660 -0.79680 -0.66618 -0.89034 -0.85365 2
-0.75940 -0.67475 1.45328 -0.19978 -0.12980 0.01156 -0.42261 -0.30126 -0.54823 -0.31487 2
-0.75940 -0.67475 1.45328 0.09166 -0.07942 -0.10798 -0.46135 -0.31477 -0.54367 -0.60941 2
-0.75940 1.48167 -0.68794 0.09166 0.02135 -0.22752 -0.23296 -0.10978 -0.33384 -0.22507 2
-0.75940 1.48167 -0.68794 0.17493 0.37403 0.25064 -0.05861 -0.02643 -0.16050 -0.22867 2
-0.75940 -0.67475 1.45328 0.29983 0.17250 -0.10798 -0.01681 0.05466 0.04020 -0.02034 2
-0.75940 -0.67475 1.45328 0.29983 0.17250 0.13110 -0.28700 -0.22467 -0.45700 -0.16042 2
1.31652 -0.67475 -0.68794 0.50801 0.57556 0.37018 0.17488 0.43310 0.14511 -0.02752 2
1.31652 -0.67475 -0.68794 0.54964 0.62595 0.96788 0.73056 1.07735 0.42336 0.51126 2
-0.75940 1.48167 -0.68794 0.92435 0.87786 0.84834 0.77950 1.56617 0.83845 0.60465 2
-0.75940 -0.67475 1.45328 -0.44959 -0.63363 0.01156 -0.74888 -0.58734 -0.63946 -0.88239 2
-0.75940 -0.67475 1.45328 0.05003 0.22288 -0.22752 -0.25335 -0.06022 -0.35665 -0.35797 2
1.31652 -0.67475 -0.68794 0.21656 0.17250 0.48972 -0.07289 -0.07374 0.20897 -0.17120 2
-0.75940 1.48167 -0.68794 0.46637 0.52518 0.84834 0.68570 1.30937 0.36406 0.47894 2
1.31652 -0.67475 -0.68794 0.63291 0.57556 1.44604 0.87738 1.26657 0.16336 0.84890 2
-0.75940 1.48167 -0.68794 0.67454 0.77709 0.48972 0.75911 0.25965 0.97530 1.01413 2
-0.75940 1.48167 -0.68794 0.67454 1.07939 0.72880 0.93856 1.08411 1.03916 0.66571 2
-0.75940 1.48167 -0.68794 0.96598 1.07939 1.56558 1.43714 1.37019 1.40407 1.17576 2
-0.75940 -0.67475 1.45328 0.00839 -0.18018 -0.46660 -0.33594 -0.21566 -0.30647 -0.43699 2
1.31652 -0.67475 -0.68794 0.00839 -0.07942 0.37018 -0.24826 -0.34856 -0.18331 -0.09936 2
-0.75940 -0.67475 1.45328 0.05003 -0.07942 0.13110 -0.55821 -0.74728 -0.45700 -0.31487 2
-0.75940 -0.67475 1.45328 0.17493 -0.07942 -0.22752 -0.29108 -0.13907 -0.32016 -0.42263 2
-0.75940 -0.67475 1.45328 0.34147 0.12212 0.37018 -0.17485 -0.22241 0.04932 -0.05626 2
-0.75940 -0.67475 1.45328 0.38310 0.37403 0.37018 0.07802 0.05015 -0.09208 0.29575 2
-0.75940 -0.67475 1.45328 0.42474 0.37403 0.72880 -0.05555 -0.05347 -0.31103 0.08024 2
-0.75940 1.48167 -0.68794 0.79945 0.72671 0.84834 0.43182 0.47140 0.38231 0.43943 3
1.31652 -0.67475 -0.68794 0.88272 0.97863 0.72880 0.53582 0.46013 0.77915 0.43943 3
1.31652 -0.67475 -0.68794 0.67454 0.67633 0.84834 0.86413 0.89264 1.13951 0.74833 3
1.31652 -0.67475 -0.68794 1.00762 0.92824 0.48972 1.12718 1.40849 1.32653 0.54718 3
-0.75940 -0.67475 1.45328 -0.40795 -0.68401 -0.82522 -0.76519 -0.70448 -0.91771 -0.66328 3
-0.75940 -0.67475 1.45328 -0.32468 -0.38171 -0.58614 -0.75806 -0.76980 -0.76718 -0.63814 3
-0.75940 -0.67475 1.45328 -0.03324 0.07173 0.01156 -0.38998 -0.23142 -0.42963 -0.50883 3
-0.75940 -0.67475 1.45328 0.17493 0.22288 0.01156 -0.28904 -0.44092 -0.36577 0.08024 3
-0.75940 -0.67475 1.45328 0.29983 0.37403 0.60926 0.00664 -0.06248 -0.01454 0.28857 3
1.31652 -0.67475 -0.68794 0.34147 0.42441 0.48972 0.13511 0.25064 0.13143 0.05150 3
1.31652 -0.67475 -0.68794 0.42474 0.42441 0.37018 0.30131 0.61106 0.30932 -0.02752 3
-0.75940 1.48167 -0.68794 0.42474 0.57556 0.84834 0.55111 0.51420 0.19529 0.79861 3
1.31652 -0.67475 -0.68794 0.42474 0.67633 0.13110 0.05762 0.03213 -0.06928 0.21673 3
-0.75940 1.48167 -0.68794 0.46637 0.42441 1.32650 -0.00457 0.19883 -0.06928 -0.09936 3
1.31652 -0.67475 -0.68794 0.79945 0.62595 0.25064 0.97934 1.02554 2.37110 0.61902 3
1.31652 -0.67475 -0.68794 0.88272 0.82748 0.37018 0.86413 1.21927 0.59670 0.36040 3
1.31652 -0.67475 -0.68794 1.09089 1.12978 0.72880 0.64389 0.76874 0.38687 0.78425 3
-0.75940 -0.67475 1.45328 -0.11651 0.47480 -0.10798 -0.29210 -0.32378 -0.24261 -0.25381 3
1.31652 -0.67475 -0.68794 0.00839 0.02135 -0.22752 -0.28802 -0.07149 -0.28366 -0.44777 3
-0.75940 1.48167 -0.68794 0.05003 -0.02903 -0.22752 -0.39406 -0.43191 -0.21980 -0.38671 3
-0.75940 1.48167 -0.68794 0.29983 0.02135 0.48972 -0.01477 -0.07824 0.03108 0.10179 3
-0.75940 -0.67475 1.45328 -0.49122 -0.53286 -1.18384 -0.80802 -0.71574 -0.97244 -0.79978 3
1.31652 -0.67475 -0.68794 0.59127 0.57556 0.25064 0.18405 0.33399 -0.03735 0.16644 3
-0.75940 -0.67475 1.45328 -0.94920 -0.98631 -0.70568 -1.04762 -1.06039 -0.89946 -1.03325 3
-0.75940 -0.67475 1.45328 -0.40795 -0.48248 -0.70568 -0.76111 -0.82161 -0.76718 -0.67406 3
-0.75940 1.48167 -0.68794 0.29983 0.17250 -0.34706 0.21056 0.00735 0.29564 0.69086 3
-0.75940 -0.67475 1.45328 -0.53285 -0.58325 -0.70568 -0.88551 -0.85991 -0.85841 -0.81773 3
-0.75940 1.48167 -0.68794 -0.15815 -0.07942 0.60926 -0.20339 -0.41389 -0.23349 0.08024 3
-0.75940 -0.67475 1.45328 -0.99083 -0.93593 -0.82522 -0.98237 -0.89595 -0.93139 -0.99733 3
-0.75940 1.48167 -0.68794 -1.19901 -1.08708 -1.18384 -1.03437 -0.92298 -0.96332 -1.03325 3
1.31652 -0.67475 -0.68794 -0.53285 -0.33133 -0.22752 -0.52049 -0.49048 -0.56191 -0.31487 3
-0.75940 1.48167 -0.68794 -0.61612 -0.48248 -0.82522 -0.72849 -0.70222 -0.79455 -0.64532 3
-0.75940 -0.67475 1.45328 -0.86593 -1.03669 -0.70568 -1.11899 -1.19555 -0.93139 -1.02966 3
-0.75940 -0.67475 1.45328 -1.57372 -1.69167 -1.06430 -1.34331 -1.33972 -1.29174 -1.32060 3
-0.75940 1.48167 -0.68794 -1.28227 -1.23822 -0.82522 -1.13939 -1.11220 -1.11385 -1.11586 3
1.31652 -0.67475 -0.68794 -1.07410 -1.03669 -0.82522 -1.11492 -1.17978 -1.05455 -1.02606 3
1.31652 -0.67475 -0.68794 -0.82430 -0.83516 -0.46660 -0.92425 -0.97930 -0.67595 -0.96141 3
1.31652 -0.67475 -0.68794 0.00839 0.17250 1.20696 0.08821 0.46464 -0.07384 -0.28614 3
-0.75940 1.48167 -0.68794 0.34147 0.32365 0.25064 0.31456 0.39706 0.50091 0.06946 3
-0.75940 1.48167 -0.68794 1.38233 1.43207 0.96788 1.69306 2.30729 0.77459 1.44156 3
-0.75940 1.48167 -0.68794 0.84108 0.82748 0.60926 0.60821 0.52996 0.51003 0.57232 3
-0.75940 1.48167 -0.68794 0.38310 0.42441 0.96788 0.16162 0.18982 0.33213 0.11616 3
-0.75940 1.48167 -0.68794 0.38310 0.22288 0.48972 -0.03618 0.12674 -0.19700 -0.07421 3
1.31652 -0.67475 -0.68794 1.04925 1.12978 0.84834 0.89064 1.15169 0.88407 0.69804 3
-0.75940 1.48167 -0.68794 -0.07488 -0.12980 -0.10798 -0.63774 -0.71123 -0.44331 -0.55194 3
-0.75940 -0.67475 1.45328 0.00839 -0.33133 -0.46660 -0.40222 -0.24719 -0.60753 -0.35079 3
-0.75940 1.48167 -0.68794 0.46637 0.17250 0.25064 0.03111 0.02312 0.04020 0.22750 3
-0.75940 -0.67475 1.45328 0.50801 0.12212 0.13110 -0.31657 -0.31477 -0.42051 -0.13528 3
1.31652 -0.67475 -0.68794 0.63291 0.42441 0.13110 0.09841 0.32948 -0.23349 0.00840 3
1.31652 -0.67475 -0.68794 0.54964 0.62595 0.37018 0.70303 1.19449 0.47810 0.14848 3
-0.75940 -0.67475 1.45328 -0.11651 -0.07942 0.13110 -0.51233 -0.57833 -0.34296 -0.44418 3
-0.75940 -0.67475 1.45328 0.42474 0.47480 0.48972 0.32782 0.61106 0.13143 0.05150 3
1.31652 -0.67475 -0.68794 0.54964 0.92824 0.25064 0.63879 0.56601 0.77003 0.76269 3
-0.75940 1.48167 -0.68794 0.63291 0.42441 0.25064 0.27276 0.35201 0.38231 0.27779 3
-0.75940 1.48167 -0.68794 0.79945 0.67633 0.25064 0.25645 0.43085 0.05388 0.27420 3
-0.75940 -0.67475 1.45328 1.21579 0.77709 0.84834 0.87228 0.79352 1.29004 1.05723 3
1.31652 -0.67475 -0.68794 1.21579 1.18016 0.72880 1.16593 1.60222 1.11214 1.06441 3
1.31652 -0.67475 -0.68794 0.25820 0.17250 0.25064 0.09025 0.46464 0.03564 -0.30410 3
1.31652 -0.67475 -0.68794 0.29983 0.17250 -0.10798 0.22994 0.67413 0.19073 -0.29691 3
1.31652 -0.67475 -0.68794 0.96598 0.77709 0.48972 0.36146 0.43535 0.40055 0.32089 3
1.31652 -0.67475 -0.68794 0.54964 -0.02903 0.25064 0.04947 -0.15033 0.73810 0.04432 3
1.31652 -0.67475 -0.68794 0.59127 0.72671 0.01156 0.17080 0.22586 0.01739 0.36040 3
1.31652 -0.67475 -0.68794 0.92435 0.92824 0.96788 0.66326 0.36552 0.46441 1.06441 3
-0.75940 1.48167 -0.68794 1.09089 0.82748 0.48972 0.76522 0.83857 0.73810 0.60106 3
1.31652 -0.67475 -0.68794 0.05003 0.07173 -0.46660 -0.25030 -0.10753 -0.15594 -0.74949 3
1.31652 -0.67475 -0.68794 0.42474 0.72671 0.25064 0.24013 0.34300 0.72898 0.08383 3
1.31652 -0.67475 -0.68794 -1.15737 -1.03669 -1.18384 -1.12409 -1.12797 -1.17771 -0.99733 3
-0.75940 1.48167 -0.68794 -0.74103 -0.58325 -0.34706 -0.75398 -0.73151 -0.60297 -0.67406 3
-0.75940 1.48167 -0.68794 -0.61612 -0.83516 -0.10798 -0.79680 -0.80584 -0.58472 -0.92549 3
1.31652 -0.67475 -0.68794 -0.94920 -1.08708 -0.94476 -1.07617 -1.06039 -1.01806 -1.06917 3
-0.75940 1.48167 -0.68794 0.29983 0.57556 0.48972 0.41346 0.32723 0.19985 0.70522 3
1.31652 -0.67475 -0.68794 0.71618 0.62595 0.37018 0.41550 0.62007 0.33669 0.28497 3
-0.75940 1.48167 -0.68794 0.25820 0.22288 -0.10798 -0.03414 0.20784 -0.16050 -0.12450 3
-0.75940 -0.67475 1.45328 -0.36632 -0.53286 -0.34706 -0.68261 -0.54454 -0.88578 -0.63814 3
-0.75940 -0.67475 1.45328 -0.19978 -0.43210 -0.34706 -0.61327 -0.58734 -0.70788 -0.53398 3
-0.75940 -0.67475 1.45328 0.05003 -0.02903 -0.22752 -0.34104 -0.29224 -0.37489 -0.35079 3
-0.75940 1.48167 -0.68794 0.84108 0.92824 0.84834 0.90593 0.92192 1.10758 0.97102 3
-0.75940 1.48167 -0.68794 0.96598 0.92824 0.72880 0.88860 0.92643 1.43144 0.54718 3
-0.75940 1.48167 -0.68794 1.17416 0.92824 0.84834 1.23730 1.27784 1.49986 0.94229 3
-0.75940 -0.67475 1.45328 0.05003 0.17250 -0.22752 -0.09736 0.14026 0.18160 -0.17120 3
-0.75940 -0.67475 1.45328 0.05003 0.12212 0.01156 -0.31045 -0.46570 0.04476 -0.22148 3
-0.75940 -0.67475 1.45328 0.21656 -0.07942 -0.10798 -0.22786 -0.12555 -0.28366 -0.12809 3
1.31652 -0.67475 -0.68794 0.84108 0.62595 0.25064 0.60209 0.88588 0.46441 0.34604 3
1.31652 -0.67475 -0.68794 0.29983 0.57556 0.13110 0.11982 -0.11203 0.35950 0.22032 3
1.31652 -0.67475 -0.68794 0.84108 0.87786 0.37018 0.71017 0.65836 0.88863 0.76269 3
1.31652 -0.67475 -0.68794 0.25820 0.37403 -0.22752 0.06884 0.28443 -0.23349 0.00840 3
1.31652 -0.67475 -0.68794 0.34147 0.37403 0.01156 0.01480 0.21009 -0.18331 -0.10295 3
-0.75940 -0.67475 1.45328 -1.57372 -1.54052 -1.30338 -1.32597 -1.29917 -1.27806 -1.32060 3
-0.75940 -0.67475 1.45328 -0.74103 -0.53286 -0.34706 -0.85900 -0.92749 -0.97244 -0.53038 3
-0.75940 1.48167 -0.68794 0.71618 0.92824 0.96788 1.24240 0.71693 1.75987 0.68727 3
1.31652 -0.67475 -0.68794 0.50801 0.57556 0.25064 0.30844 0.32498 0.67424 0.05869 3
1.31652 -0.67475 -0.68794 0.88272 0.82748 0.25064 0.74789 1.01428 0.69705 0.43943 3
1.31652 -0.67475 -0.68794 0.63291 0.62595 -0.22752 0.37064 0.28668 0.35038 0.42506 3
-0.75940 1.48167 -0.68794 1.04925 0.87786 0.48972 0.98240 0.98049 1.37670 0.83453 3
1.31652 -0.67475 -0.68794 1.04925 1.18016 1.08742 1.05377 1.02104 0.88863 1.06082 3
1.31652 -0.67475 -0.68794 -0.19978 -0.28095 -0.34706 -0.51335 -0.40713 -0.49349 -0.61300 3
1.31652 -0.67475 -0.68794 -0.69939 -0.43210 -0.34706 -0.63774 -0.64816 -0.60753 -0.60222 3
-0.75940 1.48167 -0.68794 -0.40795 -0.33133 -0.34706 -0.51029 -0.36883 -0.87209 -0.60222 3
-0.75940 1.48167 -0.68794 0.21656 0.42441 0.13110 -0.17892 -0.28999 -0.33840 0.19877 3
1.31652 -0.67475 -0.68794 -0.53285 -0.58325 -0.46660 -0.63978 -0.60987 -0.66226 -0.59145 3
1.31652 -0.67475 -0.68794 -0.07488 -0.02903 -0.22752 -0.21767 -0.17736 -0.45244 -0.20711 3
-0.75940 -0.67475 1.45328 -0.82430 -0.28095 -0.82522 -1.02417 -1.04012 -0.93139 -0.99733 3
-0.75940 1.48167 -0.68794 0.09166 0.07173 0.72880 0.10249 -0.28999 0.14511 0.33167 3
-0.75940 1.48167 -0.68794 0.09166 0.27326 0.48972 -0.03720 -0.19763 -0.00998 0.00840 3
-0.75940 1.48167 -0.68794 0.50801 0.42441 0.48972 0.50625 0.63133 0.97530 0.08024 3
1.31652 -0.67475 -0.68794 0.09166 0.12212 0.13110 -0.07696 -0.13231 0.07669 0.08024 3
1.31652 -0.67475 -0.68794 -0.40795 -0.33133 -0.34706 -0.48072 -0.37109 -0.59840 -0.42263 3
-0.75940 1.48167 -0.68794 -0.44959 -0.33133 -0.34706 -0.54496 -0.48372 -0.39770 -0.42263 3
-0.75940 1.48167 -0.68794 -0.07488 -0.02903 -0.46660 -0.37265 -0.31477 -0.36577 -0.44418 3
-0.75940 -0.67475 1.45328 -0.44959 -0.38171 0.01156 -0.67343 -0.67519 -0.52998 -0.67406 3
-0.75940 1.48167 -0.68794 -1.19901 -1.18784 -0.82522 -1.16590 -1.17302 -1.18227 -1.10509 3
-0.75940 -0.67475 1.45328 -0.19978 -0.23057 0.25064 -0.41241 -0.44542 -0.12857 -0.56630 3
-0.75940 -0.67475 1.45328 0.71618 0.67633 0.25064 0.28092 0.24839 0.17704 0.76269 3
-0.75940 -0.67475 1.45328 0.29983 0.17250 0.01156 0.18099 0.18531 0.15424 0.15207 3
-0.75940 1.48167 -0.68794 0.50801 0.27326 0.84834 0.31252 0.20784 0.62863 0.22391 3
1.31652 -0.67475 -0.68794 -1.49045 -1.54052 -1.42292 -1.34534 -1.34873 -1.25981 -1.32778 3
1.31652 -0.67475 -0.68794 -1.53208 -1.43976 -1.30338 -1.31578 -1.27214 -1.22788 -1.24876 3
1.31652 -0.67475 -0.68794 -0.53285 -0.43210 -0.34706 -0.73766 -0.76530 -0.78542 -0.58067 3
-0.75940 1.48167 -0.68794 -1.28227 -1.28861 -0.70568 -1.21993 -1.19330 -1.22332 -1.17692 3
1.31652 -0.67475 -0.68794 -0.32468 -0.38171 0.01156 -0.52253 -0.69997 -0.35665 -0.45855 3
1.31652 -0.67475 -0.68794 -1.36554 -1.13746 -0.22752 -1.12613 -1.21582 -1.12753 -0.99374 3
1.31652 -0.67475 -0.68794 -1.03247 -1.03669 -1.30338 -1.08433 -1.13247 -1.00437 -0.99733 3
-0.75940 1.48167 -0.68794 0.38310 0.57556 0.48972 0.13205 -0.20214 0.70161 0.17363 3
1.31652 -0.67475 -0.68794 -0.07488 -0.28095 -0.10798 -0.34104 -0.32378 0.26371 -0.60222 3
-0.75940 1.48167 -0.68794 0.59127 0.72671 0.25064 0.57354 0.62458 0.43248 0.65494 3
-0.75940 1.48167 -0.68794 0.63291 0.67633 0.37018 0.77746 1.32289 -0.10121 0.58669 3
-0.75940 1.48167 -0.68794 0.92435 0.92824 0.25064 1.11597 1.30712 1.64583 0.51126 3
1.31652 -0.67475 -0.68794 1.13252 1.12978 1.20696 1.48710 1.78243 1.07109 1.15780 3
1.31652 -0.67475 -0.68794 0.46637 0.47480 0.25064 0.37370 0.62683 0.28196 0.32089 3
1.31652 -0.67475 -0.68794 0.96598 0.97863 0.37018 1.17001 1.55716 0.77459 0.69086 3
-0.75940 1.48167 -0.68794 0.96598 0.92824 0.84834 1.15267 0.60430 1.00723 1.15780 3
-0.75940 1.48167 -0.68794 1.00762 0.92824 0.37018 0.79887 1.14944 0.50547 0.57232 3
-0.75940 1.48167 -0.68794 1.09089 1.02901 0.84834 1.67980 2.21718 1.42232 1.17935 3
-0.75940 1.48167 -0.68794 1.25743 1.63361 2.04374 1.54624 1.71034 1.08477 1.40923 3
-0.75940 1.48167 -0.68794 1.42396 1.28092 0.84834 2.05910 2.00093 1.96513 1.89773 3
-0.75940 -0.67475 1.45328 0.13330 0.12212 0.01156 -0.33084 -0.21115 -0.38858 -0.35438 3
-0.75940 1.48167 -0.68794 0.42474 0.42441 0.48972 0.48789 0.88588 0.30476 0.13411 3
1.31652 -0.67475 -0.68794 0.63291 0.57556 0.37018 0.38288 0.68765 0.60126 -0.09936 3
1.31652 -0.67475 -0.68794 1.42396 1.53284 1.08742 1.85823 2.36811 1.74162 1.42719 3
-0.75940 1.48167 -0.68794 0.13330 0.12212 0.13110 0.07496 0.32498 -0.16050 -0.15324 3
-0.75940 -0.67475 1.45328 0.25820 0.22288 0.37018 -0.18198 -0.20664 -0.33840 0.29575 3
-0.75940 1.48167 -0.68794 0.42474 0.12212 -0.10798 0.05762 0.45788 -0.30647 -0.18915 3
1.31652 -0.67475 -0.68794 0.42474 0.52518 0.37018 0.12900 0.37003 -0.04191 -0.13528 3
1.31652 -0.67475 -0.68794 0.46637 0.52518 0.37018 1.24546 1.40624 0.84301 0.40710 3
1.31652 -0.67475 -0.68794 0.46637 0.47480 -0.10798 -0.06779 0.20559 -0.12401 -0.25022 3
1.31652 -0.67475 -0.68794 0.50801 0.82748 1.08742 0.69793 0.73270 0.66512 0.69086 3
-0.75940 -0.67475 1.45328 0.50801 0.67633 0.48972 0.45221 0.54348 0.48722 0.33167 3
-0.75940 1.48167 -0.68794 0.59127 0.57556 0.25064 0.30844 0.23487 0.14055 -0.09577 3
1.31652 -0.67475 -0.68794 0.67454 0.82748 0.01156 0.29927 0.26866 0.23178 0.54718 3
1.31652 -0.67475 -0.68794 0.71618 0.67633 0.72880 0.40327 0.34074 0.48266 0.46457 3
1.31652 -0.67475 -0.68794 0.75781 0.92824 0.72880 0.45935 0.56375 0.43248 0.40351 3
1.31652 -0.67475 -0.68794 0.79945 1.02901 0.84834 0.92326 0.95571 0.52827 1.08596 3
-0.75940 1.48167 -0.68794 1.09089 1.18016 1.20696 1.08232 0.92192 1.28548 1.14703 3
-0.75940 1.48167 -0.68794 1.13252 1.07939 0.72880 1.03644 1.15169 1.20337 0.85249 3
1.31652 -0.67475 -0.68794 0.79945 0.77709 0.37018 0.44915 0.46239 0.45985 0.08024 3
-0.75940 1.48167 -0.68794 0.92435 0.97863 0.13110 0.62350 0.65611 0.77459 0.54718 3
-0.75940 1.48167 -0.68794 1.04925 1.38169 0.84834 1.41879 1.03906 1.32653 1.84026 3
1.31652 -0.67475 -0.68794 1.50723 1.53284 0.60926 1.72569 1.97165 2.08829 1.07160 3
-0.75940 -0.67475 1.45328 -0.57449 -0.48248 -0.58614 -0.75806 -0.67970 -0.86753 -0.65969 3
-0.75940 -0.67475 1.45328 0.05003 0.22288 -0.10798 -0.41445 -0.51525 -0.32016 -0.18197 3
1.31652 -0.67475 -0.68794 0.21656 0.27326 0.01156 -0.13508 -0.14582 -0.11033 0.14489 3
-0.75940 -0.67475 1.45328 0.42474 0.42441 -0.10798 -0.04434 0.00961 -0.04191 0.10897 3
-0.75940 1.48167 -0.68794 0.50801 0.37403 0.01156 0.17182 0.32047 0.36406 0.10179 3
1.31652 -0.67475 -0.68794 0.59127 0.42441 0.01156 0.01888 0.16729 0.12231 -0.15683 3
1.31652 -0.67475 -0.68794 0.59127 0.42441 0.13110 0.26562 0.46689 0.23634 0.10538 3
1.31652 -0.67475 -0.68794 0.71618 0.67633 0.37018 0.31456 0.43761 0.43248 0.19518 3
1.31652 -0.67475 -0.68794 1.00762 0.97863 0.25064 0.67652 0.71919 0.73810 0.69086 3
1.31652 -0.67475 -0.68794 1.00762 0.92824 0.84834 1.03746 0.87687 1.16232 1.26556 3
1.31652 -0.67475 -0.68794 1.09089 1.43207 0.96788 0.90797 1.02104 0.91600 0.90637 3
1.31652 -0.67475 -0.68794 1.63214 1.63361 1.44604 2.03666 2.52129 1.69144 1.76842 3
1.31652 -0.67475 -0.68794 0.42474 0.32365 1.08742 0.40021 0.66737 0.40055 0.06946 3
-0.75940 1.48167 -0.68794 0.46637 0.22288 0.72880 1.32804 1.32514 1.30828 1.26915 3
-0.75940 -0.67475 1.45328 -0.07488 0.12212 0.25064 -0.31861 -0.46795 -0.42963 -0.02752 3
1.31652 -0.67475 -0.68794 0.42474 0.27326 -0.10798 0.33291 0.32723 0.38231 0.00122 3
-0.75940 -0.67475 1.45328 0.42474 0.42441 -0.10798 0.08719 0.40832 -0.16963 -0.09936 3
-0.75940 1.48167 -0.68794 0.46637 0.92824 0.60926 0.19629 0.04790 0.04020 0.44302 3
-0.75940 -0.67475 1.45328 0.67454 0.82748 0.60926 0.49401 0.55249 0.11774 0.81298 3
-0.75940 1.48167 -0.68794 1.04925 1.02901 1.08742 1.11393 0.77325 1.85566 1.14703 3
-0.75940 1.48167 -0.68794 0.38310 0.27326 0.25064 0.00155 0.12674 -0.22437 0.04432 3
1.31652 -0.67475 -0.68794 0.54964 0.57556 0.60926 0.58374 0.70792 0.84301 0.25983 3
-0.75940 1.48167 -0.68794 0.13330 -0.23057 0.01156 -0.12896 -0.14808 -0.58928 -0.01674 3
-0.75940 -0.67475 1.45328 -1.28227 -1.18784 -0.94476 -1.18017 -1.15725 -1.18683 -1.10509 3
-0.75940 1.48167 -0.68794 -0.03324 0.02135 -0.34706 -0.26559 -0.29224 -0.16507 -0.17120 3
-0.75940 1.48167 -0.68794 0.54964 0.47480 0.84834 0.27990 0.14251 0.59213 0.51126 3
1.31652 -0.67475 -0.68794 -0.65776 -0.53286 -0.70568 -0.78966 -0.80584 -0.70332 -0.63455 3
1.31652 -0.67475 -0.68794 0.59127 0.57556 -0.34706 -0.06065 -0.15709 0.17704 -0.06344 3
-0.75940 1.48167 -0.68794 0.46637 0.67633 0.37018 0.29621 0.32047 0.45073 0.33167 3
-0.75940 1.48167 -0.68794 -0.36632 -0.02903 -0.22752 -0.38998 -0.37109 -0.32928 -0.20711 3
-0.75940 -0.67475 1.45328 -1.03247 -0.98631 -0.94476 -1.10370 -1.10319 -1.06823 -1.03325 3
-0.75940 1.48167 -0.68794 -1.36554 -1.43976 -1.18384 -1.24848 -1.18654 -1.30999 -1.18770 3
1.31652 -0.67475 -0.68794 -1.61535 -1.59091 -1.18384 -1.28825 -1.23610 -1.27350 -1.28109 3
1.31652 -0.67475 -0.68794 -1.94843 -1.84282 -1.42292 -1.42589 -1.37801 -1.41034 -1.39244 3
-0.75940 1.48167 -0.68794 -0.94920 -0.93593 -0.70568 -1.03539 -1.05363 -1.04999 -1.03325 3
-0.75940 1.48167 -0.68794 1.71540 1.63361 0.60926 2.42207 3.19482 2.16584 1.40923 3
-0.75940 1.48167 -0.68794 0.75781 0.92824 0.60926 1.01605 1.08411 1.10302 0.83453 3
1.31652 -0.67475 -0.68794 0.75781 0.67633 0.84834 0.55927 0.46914 1.17600 0.24187 3
1.31652 -0.67475 -0.68794 0.88272 1.02901 0.84834 1.04561 1.34316 0.74266 0.97821 3
-0.75940 1.48167 -0.68794 1.04925 1.28092 0.84834 0.93958 1.12691 0.87494 0.75551 3
1.31652 -0.67475 -0.68794 1.13252 1.07939 0.60926 1.25973 1.50761 1.07109 0.98180 3
1.31652 -0.67475 -0.68794 0.84108 0.82748 0.60926 0.76726 0.71243 1.18512 0.77347 3
-0.75940 1.48167 -0.68794 0.88272 0.67633 0.37018 0.35025 0.41733 0.65143 0.18799 4
1.31652 -0.67475 -0.68794 0.96598 0.77709 0.25064 0.54907 0.72144 0.37775 0.56514 4
1.31652 -0.67475 -0.68794 0.96598 1.07939 -1.42292 0.43487 0.70116 -0.04647 -0.45855 4
-0.75940 1.48167 -0.68794 0.79945 0.72671 0.72880 0.56232 0.79127 0.63319 0.34604 4
1.31652 -0.67475 -0.68794 1.75704 1.63361 1.68512 2.86866 3.65436 2.57637 2.10247 4
1.31652 -0.67475 -0.68794 0.05003 -0.02903 0.25064 0.00562 -0.03319 0.05844 0.09820 4
-0.75940 -0.67475 1.45328 0.13330 0.07173 -0.70568 -0.42771 -0.37784 -0.27910 -0.44777 4
-0.75940 -0.67475 1.45328 0.54964 0.67633 0.13110 0.29723 0.48716 0.24090 0.14489 4
-0.75940 -0.67475 1.45328 0.67454 0.72671 0.37018 0.34821 0.29569 0.16336 0.43943 4
-0.75940 1.48167 -0.68794 0.88272 0.77709 1.08742 0.68977 0.84984 0.61950 0.72678 4
-0.75940 1.48167 -0.68794 0.09166 -0.07942 0.25064 0.80601 1.16521 0.86126 0.34963 4
1.31652 -0.67475 -0.68794 1.34069 1.02901 0.60926 1.46059 1.47156 1.79636 1.19731 4
1.31652 -0.67475 -0.68794 -0.24141 -0.28095 -0.46660 -0.72339 -0.73151 -0.67595 -0.60581 4
1.31652 -0.67475 -0.68794 1.13252 1.18016 1.44604 1.34640 1.11340 1.81460 1.30866 4
-0.75940 1.48167 -0.68794 0.00839 -0.07942 -0.10798 -0.23398 -0.18637 -0.38858 -0.22148 4
-0.75940 1.48167 -0.68794 0.88272 0.82748 0.72880 0.78868 0.46464 0.21810 0.51485 4
1.31652 -0.67475 -0.68794 -0.11651 -0.07942 0.01156 -0.28190 -0.45218 -0.26998 -0.06344 4
-0.75940 1.48167 -0.68794 1.09089 0.97863 0.60926 1.09761 1.00977 1.55916 1.12907 4
1.31652 -0.67475 -0.68794 1.00762 0.97863 0.60926 0.97526 0.33399 0.74266 2.01985 4
-0.75940 1.48167 -0.68794 -0.15815 -0.02903 0.48972 -0.29618 -0.39812 -0.32472 -0.17120 4
-0.75940 1.48167 -0.68794 0.63291 0.72671 0.60926 0.62350 0.42409 0.81565 0.69086 4
1.31652 -0.67475 -0.68794 -1.49045 -1.43976 -1.18384 -1.35758 -1.34197 -1.30999 -1.36729 4
-0.75940 1.48167 -0.68794 -0.57449 -0.48248 -0.70568 -0.79578 -0.69096 -0.75349 -0.81773 4
-0.75940 -0.67475 1.45328 -0.74103 -0.68401 -0.70568 -0.86002 -0.85991 -0.98157 -0.78182 4
-0.75940 -0.67475 1.45328 0.13330 -0.02903 0.25064 -0.14324 -0.23593 0.24546 -0.35079 4
1.31652 -0.67475 -0.68794 -1.61535 -1.74205 -1.18384 -1.35758 -1.34197 -1.33736 -1.32060 4
1.31652 -0.67475 -0.68794 0.42474 0.27326 -0.22752 0.37064 0.03889 0.37775 0.58310 4
-0.75940 1.48167 -0.68794 0.71618 0.87786 0.84834 0.88656 0.76874 1.22618 0.76629 4
-0.75940 1.48167 -0.68794 1.59050 1.78475 2.16328 2.53627 2.28026 2.08829 2.34312 4
-0.75940 1.48167 -0.68794 0.59127 0.57556 0.13110 -0.06779 -0.07599 -0.00998 0.02636 4
-0.75940 1.48167 -0.68794 0.59127 0.52518 0.37018 0.44201 0.43761 0.54196 0.50049 4
1.31652 -0.67475 -0.68794 0.79945 1.18016 0.37018 0.52256 0.42634 0.14511 0.79861 4
1.31652 -0.67475 -0.68794 1.04925 0.87786 0.48972 0.77236 0.85885 0.81108 0.58310 4
-0.75940 1.48167 -0.68794 1.04925 1.12978 1.32650 0.92224 1.07735 0.59670 1.03209 4
-0.75940 1.48167 -0.68794 1.50723 1.23054 0.72880 1.49934 1.13817 1.94689 1.44515 4
1.31652 -0.67475 -0.68794 0.84108 0.72671 0.96788 0.80397 0.92643 1.06653 0.70882 4
-0.75940 -0.67475 1.45328 0.42474 0.42441 0.13110 -0.06881 0.02087 -0.27454 0.15207 4
-0.75940 1.48167 -0.68794 1.42396 1.28092 0.84834 1.08538 0.84308 0.92056 1.62475 4
1.31652 -0.67475 -0.68794 0.38310 0.32365 0.13110 0.10758 0.00510 0.13599 0.24906 4
-0.75940 1.48167 -0.68794 0.34147 0.47480 -0.22752 0.46750 0.35876 0.76547 0.43943 4
1.31652 -0.67475 -0.68794 -1.24064 -1.28861 -1.06430 -1.23625 -1.22483 -1.25525 -1.14100 4
-0.75940 -0.67475 1.45328 0.00839 -0.07942 0.01156 -0.27171 -0.53553 -0.18787 0.10179 4
1.31652 -0.67475 -0.68794 1.21579 1.02901 1.44604 1.56153 1.40173 1.86022 1.52058 4
1.31652 -0.67475 -0.68794 1.46560 1.93590 2.16328 2.39454 2.03247 2.04268 2.41855 4
1.31652 -0.67475 -0.68794 0.84108 0.72671 0.84834 0.48178 0.57276 0.71529 0.33167 4
1.31652 -0.67475 -0.68794 0.84108 0.92824 0.84834 0.46444 0.46013 0.70617 0.47534 4
1.31652 -0.67475 -0.68794 0.79945 0.57556 0.13110 0.16774 0.07043 0.30932 0.28138 4
-0.75940 -0.67475 1.45328 0.21656 0.37403 -0.70568 -0.07187 0.08394 -0.35209 0.15207 4
1.31652 -0.67475 -0.68794 0.46637 0.42441 0.01156 -0.00967 -0.05797 -0.03735 0.17363 4
-0.75940 -0.67475 1.45328 0.50801 0.62595 0.72880 0.31864 0.04565 0.53740 0.54718 4
-0.75940 1.48167 -0.68794 0.92435 0.87786 0.84834 0.82946 0.72594 1.16688 0.77706 4
-0.75940 1.48167 -0.68794 1.00762 1.28092 1.20696 0.83762 0.48942 0.52827 1.33021 4
1.31652 -0.67475 -0.68794 1.42396 1.23054 1.68512 1.38922 1.37245 2.08829 1.05005 4
1.31652 -0.67475 -0.68794 0.54964 0.32365 -0.10798 0.27990 0.35876 0.30932 0.15567 4
1.31652 -0.67475 -0.68794 -1.40718 -1.28861 -1.06430 -1.18935 -1.18879 -1.08192 -1.17692 4
-0.75940 1.48167 -0.68794 0.29983 0.32365 0.01156 0.20343 0.10422 0.06757 0.43943 4
-0.75940 1.48167 -0.68794 0.25820 0.17250 0.01156 -0.08308 -0.34856 -0.19243 0.33167 4
-0.75940 1.48167 -0.68794 0.05003 0.07173 -0.58614 -0.48378 -0.56932 -0.20156 -0.42263 4
-0.75940 1.48167 -0.68794 -0.44959 -0.58325 0.13110 -0.63468 -0.77656 -0.52086 -0.42263 4
1.31652 -0.67475 -0.68794 -0.28305 -0.12980 0.01156 -0.57045 -0.62113 -0.48437 -0.63814 4
-0.75940 1.48167 -0.68794 0.46637 0.52518 -0.46660 0.33597 0.46464 0.52827 0.29575 4
-0.75940 -0.67475 1.45328 -0.28305 -0.28095 -0.46660 -0.61123 -0.64365 -0.37945 -0.60222 4
1.31652 -0.67475 -0.68794 0.42474 0.62595 0.01156 0.01786 -0.04896 -0.06471 0.00840 4
1.31652 -0.67475 -0.68794 0.13330 0.12212 -0.10798 -0.04332 -0.04896 -0.00998 -0.02752 4
1.31652 -0.67475 -0.68794 0.29983 0.27326 0.96788 0.12288 0.00285 0.21353 0.08024 4
-0.75940 -0.67475 1.45328 -0.44959 -0.58325 -0.22752 -0.73970 -0.78782 -0.74437 -0.67406 4
1.31652 -0.67475 -0.68794 -0.57449 -0.58325 -0.46660 -0.70402 -0.80134 -0.33384 -0.56630 4
-0.75940 1.48167 -0.68794 -0.19978 -0.33133 -0.58614 -0.47767 -0.78557 -0.29735 -0.35079 4
1.31652 -0.67475 -0.68794 0.05003 0.02135 0.60926 -0.19728 -0.76755 -0.09664 0.51126 4
1.31652 -0.67475 -0.68794 0.05003 0.02135 0.37018 -0.23092 -0.35532 -0.11033 -0.17838 4
1.31652 -0.67475 -0.68794 -0.03324 0.12212 0.48972 -0.17077 -0.47020 -0.21524 0.35681 4
1.31652 -0.67475 -0.68794 0.63291 0.67633 0.84834 1.05173 0.85434 0.97530 0.87045 4
-0.75940 1.48167 -0.68794 0.79945 0.97863 0.48972 1.10883 1.21251 0.86126 0.93151 4
-0.75940 1.48167 -0.68794 1.34069 1.33131 0.48972 1.71039 2.13384 1.79636 1.69658 4
-0.75940 1.48167 -0.68794 0.59127 0.62595 0.37018 0.59597 0.41508 -0.02366 -0.60222 4
-0.75940 1.48167 -0.68794 0.88272 0.87786 0.60926 0.97628 1.07961 0.94337 0.54718 4
1.31652 -0.67475 -0.68794 1.04925 0.92824 0.37018 0.76115 0.92643 1.21249 0.39632 4
-0.75940 1.48167 -0.68794 1.13252 1.23054 1.08742 1.05479 0.84083 0.82021 1.70377 4
-0.75940 1.48167 -0.68794 1.54887 1.53284 0.96788 1.67879 1.69232 1.82829 1.53495 4
-0.75940 1.48167 -0.68794 1.88194 1.63361 1.68512 2.86968 3.37729 3.09181 2.19945 4
-0.75940 1.48167 -0.68794 1.92358 2.18782 1.68512 3.41822 3.77150 3.03251 3.15848 4
-0.75940 -0.67475 1.45328 0.21656 0.22288 0.13110 -0.08002 0.06818 -0.08752 -0.11373 4
1.31652 -0.67475 -0.68794 0.63291 0.72671 0.37018 0.37778 0.41283 0.07213 0.61902 4
-0.75940 -0.67475 1.45328 0.67454 0.77709 0.25064 0.83456 1.22603 0.41424 0.65494 4
-0.75940 1.48167 -0.68794 0.67454 0.77709 0.60926 0.25033 0.42409 0.11318 0.27061 4
1.31652 -0.67475 -0.68794 0.84108 0.62595 0.96788 0.62656 0.41283 1.31284 0.47534 4
1.31652 -0.67475 -0.68794 0.88272 0.72671 0.25064 0.90185 1.35668 0.56477 0.51126 4
-0.75940 1.48167 -0.68794 1.00762 0.97863 0.60926 0.99769 0.85885 1.10302 0.69086 4
-0.75940 1.48167 -0.68794 1.09089 1.33131 1.80466 1.48200 1.51211 1.05284 1.47389 4
-0.75940 1.48167 -0.68794 0.79945 1.33131 0.60926 0.63268 0.63133 0.57389 0.84890 4
1.31652 -0.67475 -0.68794 0.88272 0.82748 0.72880 0.70507 0.74847 0.84301 0.71959 4
1.31652 -0.67475 -0.68794 0.88272 0.87786 0.84834 0.89879 1.10664 0.82477 0.64057 4
1.31652 -0.67475 -0.68794 1.04925 1.18016 1.08742 1.34436 1.37695 1.42688 0.99976 4
1.31652 -0.67475 -0.68794 1.21579 1.12978 0.60926 1.14452 1.58419 0.96617 0.43943 4
-0.75940 1.48167 -0.68794 1.21579 1.33131 1.32650 1.61149 1.71485 1.36758 1.62475 4
-0.75940 1.48167 -0.68794 1.29906 1.02901 1.44604 1.58804 1.59771 1.44513 1.66426 4
-0.75940 1.48167 -0.68794 1.34069 1.58322 0.84834 1.65024 1.88379 1.77355 1.43079 4
-0.75940 1.48167 -0.68794 0.79945 0.87786 0.72880 0.47566 0.05691 0.29564 0.72678 4
1.31652 -0.67475 -0.68794 0.84108 0.87786 0.37018 0.44813 0.57502 0.28652 0.59388 4
-0.75940 1.48167 -0.68794 0.92435 0.97863 0.37018 0.93958 1.05708 1.21705 0.76269 4
-0.75940 1.48167 -0.68794 0.96598 0.77709 1.08742 1.20467 1.41525 1.51355 0.62261 4
-0.75940 1.48167 -0.68794 1.67377 1.63361 1.56558 1.61251 1.73287 1.22618 1.78997 4
-0.75940 1.48167 -0.68794 -0.15815 -0.23057 -0.58614 -0.43382 -0.52427 -0.66683 -0.20711 4
-0.75940 1.48167 -0.68794 -0.74103 -0.58325 -0.46660 -0.75500 -0.75403 -0.73525 -0.78182 4
-0.75940 1.48167 -0.68794 1.54887 1.58322 1.32650 2.01525 1.91758 2.84093 1.80434 4
1.31652 -0.67475 -0.68794 0.46637 0.62595 0.60926 0.20037 -0.17060 0.16336 0.54718 4
1.31652 -0.67475 -0.68794 1.09089 1.83514 1.44604 1.46161 1.32740 1.78723 1.26556 4
-0.75940 1.48167 -0.68794 1.00762 0.92824 1.44604 1.22302 1.25982 1.13495 0.87045 4
1.31652 -0.67475 -0.68794 0.29983 0.47480 0.60926 0.06374 0.18982 -0.10121 0.04432 4
1.31652 -0.67475 -0.68794 -0.15815 -0.07942 -0.22752 -0.13202 -0.25170 0.07669 -0.15324 4
-0.75940 -0.67475 1.45328 -0.44959 -0.58325 -0.10798 -0.53374 -0.57608 -0.31103 -0.62018 4
1.31652 -0.67475 -0.68794 -1.78189 -1.74205 -1.90108 -1.44527 -1.43207 -1.34648 -1.42836 4
-0.75940 1.48167 -0.68794 -0.03324 -0.02903 0.01156 -0.27986 -0.37559 -0.39770 -0.17120 4
1.31652 -0.67475 -0.68794 -0.19978 -0.18018 -0.22752 -0.24418 -0.38010 -0.11489 -0.42263 4
1.31652 -0.67475 -0.68794 0.46637 0.52518 0.96788 0.64491 0.54348 0.87951 0.61902 4
-0.75940 1.48167 -0.68794 0.92435 0.87786 0.96788 1.56459 1.16070 1.24442 0.94229 4
-0.75940 1.48167 -0.68794 0.92435 0.87786 1.32650 0.95487 0.88588 1.07565 0.94229 4
1.31652 -0.67475 -0.68794 0.88272 0.97863 0.25064 0.99463 1.23053 0.60126 0.94229 4
-0.75940 1.48167 -0.68794 1.67377 1.23054 1.20696 1.84090 2.12032 1.98338 1.19372 4
1.31652 -0.67475 -0.68794 1.75704 1.63361 0.84834 2.14372 2.47849 1.88303 1.78997 4
-0.75940 1.48167 -0.68794 1.13252 1.18016 1.44604 1.29338 1.32064 1.08477 1.31585 4
-0.75940 1.48167 -0.68794 1.09089 1.07939 0.37018 0.97934 0.74171 1.50899 1.05005 4
1.31652 -0.67475 -0.68794 1.17416 1.07939 1.20696 1.65126 2.12483 1.61390 0.94947 4
-0.75940 1.48167 -0.68794 1.63214 1.58322 0.96788 1.81541 2.19466 2.06548 1.06800 4
-0.75940 1.48167 -0.68794 0.46637 0.32365 -0.34706 -0.08818 0.01637 0.13599 -0.31487 4
1.31652 -0.67475 -0.68794 0.84108 0.87786 0.84834 0.77236 0.77325 0.91600 0.81657 4
-0.75940 1.48167 -0.68794 0.92435 0.77709 1.20696 1.11699 1.23729 0.98442 1.20090 4
1.31652 -0.67475 -0.68794 0.92435 1.12978 0.84834 0.94467 1.08411 0.80652 0.92074 4
1.31652 -0.67475 -0.68794 0.96598 0.97863 0.96788 0.95487 1.03906 1.20337 0.89200 4
-0.75940 1.48167 -0.68794 0.92435 1.18016 0.96788 1.10271 1.23729 1.25354 0.89200 4
-0.75940 1.48167 -0.68794 1.21579 1.07939 0.72880 1.21895 1.35668 1.44969 0.94229 4
1.31652 -0.67475 -0.68794 1.46560 1.38169 1.08742 1.60028 1.75990 2.03355 0.93151 4
-0.75940 -0.67475 1.45328 -0.03324 0.02135 0.01156 -0.33900 -0.36883 -0.22893 -0.30769 4
-0.75940 -0.67475 1.45328 -0.03324 -0.12980 -0.58614 -0.37571 -0.19763 -0.51174 -0.37952 4
-0.75940 -0.67475 1.45328 0.21656 0.37403 0.13110 -0.09328 -0.24719 -0.21524 0.18799 4
-0.75940 1.48167 -0.68794 0.63291 0.42441 0.01156 0.08209 -0.07599 0.13143 0.37477 4
1.31652 -0.67475 -0.68794 0.75781 0.77709 1.80466 0.27072 0.28218 -0.04191 0.36759 4
-0.75940 1.48167 -0.68794 0.84108 1.07939 0.37018 0.68264 0.57727 0.71529 0.83453 4
1.31652 -0.67475 -0.68794 0.88272 1.07939 0.84834 0.74789 0.59754 0.60582 0.94229 4
-0.75940 1.48167 -0.68794 1.09089 0.47480 0.72880 0.93958 1.02554 1.23986 0.73755 4
-0.75940 1.48167 -0.68794 1.92358 1.68399 1.44604 2.53729 2.94703 2.59917 1.73250 4
-0.75940 1.48167 -0.68794 -0.03324 0.22288 0.25064 -0.20543 -0.25846 -0.21068 -0.02752 4
1.31652 -0.67475 -0.68794 1.21579 1.07939 0.60926 0.70303 0.75072 0.95249 0.55437 4
1.31652 -0.67475 -0.68794 0.38310 0.47480 0.25064 0.26766 0.12449 0.52827 0.25983 4
1.31652 -0.67475 -0.68794 0.59127 0.92824 0.60926 0.47158 0.19207 0.90687 0.25983 4
1.31652 -0.67475 -0.68794 0.21656 0.42441 0.72880 -0.03822 -0.19088 -0.21524 -0.13528 4
-0.75940 1.48167 -0.68794 0.54964 0.67633 0.37018 0.29111 0.05241 0.49634 0.29575 4
1.31652 -0.67475 -0.68794 -1.03247 -0.98631 -0.70568 -1.04966 -0.99732 -1.12753 -0.99733 4
-0.75940 1.48167 -0.68794 -0.61612 -0.58325 -0.34706 -0.78558 -0.78557 -0.82648 -0.67406 4
-0.75940 -0.67475 1.45328 -0.69939 -0.98631 -0.58614 -0.95076 -1.01534 -0.89946 -0.85365 4
1.31652 -0.67475 -0.68794 0.63291 0.67633 0.25064 0.53072 0.72144 0.38687 0.38195 4
-0.75940 1.48167 -0.68794 0.88272 0.67633 0.25064 0.69997 0.79577 0.66968 0.55437 4
1.31652 -0.67475 -0.68794 1.34069 1.23054 0.72880 1.49118 1.29586 1.84653 1.62475 4
-0.75940 1.48167 -0.68794 0.50801 0.12212 0.37018 0.41856 0.34975 0.38231 0.58310 4
1.31652 -0.67475 -0.68794 0.67454 0.82748 0.60926 0.60311 0.59754 0.37775 0.83812 4
1.31652 -0.67475 -0.68794 0.75781 0.62595 0.84834 0.84271 0.93769 0.97074 0.56155 4
1.31652 -0.67475 -0.68794 1.21579 1.33131 1.32650 0.79173 0.77775 0.84758 0.66571 4
-0.75940 1.48167 -0.68794 1.50723 1.53284 0.72880 1.28216 1.11565 1.25354 1.44515 4
-0.75940 1.48167 -0.68794 -0.32468 -0.07942 0.37018 -0.19932 -0.55580 0.02195 0.11616 4
-0.75940 -0.67475 1.45328 0.13330 -0.07942 0.13110 -0.14630 -0.19989 0.00371 -0.17120 4
1.31652 -0.67475 -0.68794 -0.03324 0.02135 -0.58614 -0.11979 -0.43416 -0.21524 0.15207 4
1.31652 -0.67475 -0.68794 1.63214 1.38169 1.32650 1.87353 2.08203 1.84653 1.66426 4
-0.75940 1.48167 -0.68794 1.38233 1.28092 1.08742 2.03361 1.97165 2.08373 1.86900 4
-0.75940 1.48167 -0.68794 0.88272 1.07939 0.48972 1.03440 0.87236 1.27635 0.79861 4
-0.75940 1.48167 -0.68794 0.84108 0.82748 1.20696 1.77973 1.74413 2.09741 1.05364 4
-0.75940 1.48167 -0.68794 1.54887 1.38169 0.84834 2.19878 2.31179 2.51707 1.69658 4
-0.75940 -0.67475 1.45328 0.46637 0.17250 0.13110 0.00256 0.08845 -0.18331 0.13411 4
1.31652 -0.67475 -0.68794 0.50801 0.42441 0.25064 0.34311 0.20784 0.93424 0.08742 4
1.31652 -0.67475 -0.68794 1.42396 1.43207 1.32650 1.70428 1.65628 1.63671 1.48107 4
1.31652 -0.67475 -0.68794 -0.19978 -0.07942 -0.22752 -0.33492 -0.45669 -0.43419 0.00840 4
1.31652 -0.67475 -0.68794 0.79945 1.02901 0.84834 1.60333 0.68089 0.10406 3.13334 4
-0.75940 1.48167 -0.68794 -0.03324 0.02135 0.37018 -0.20747 -0.30801 0.02651 -0.02752 4
-0.75940 1.48167 -0.68794 -0.19978 -0.07942 0.13110 -0.40527 -0.56481 -0.31103 -0.06344 4
-0.75940 1.48167 -0.68794 1.13252 1.23054 1.08742 1.05989 0.60205 0.58757 1.80434 4
1.31652 -0.67475 -0.68794 0.79945 0.57556 1.08742 0.90797 0.98950 1.14863 0.58310 4
-0.75940 1.48167 -0.68794 -0.15815 -0.33133 0.96788 -0.53170 -0.57157 -0.28366 -0.49447 4
1.31652 -0.67475 -0.68794 0.38310 0.52518 0.01156 0.25441 0.39255 0.23634 0.04432 4
-0.75940 1.48167 -0.68794 0.54964 0.57556 0.25064 0.34311 0.14702 0.59670 0.72678 4
1.31652 -0.67475 -0.68794 0.13330 0.12212 0.37018 -0.18402 -0.03545 -0.26086 -0.17120 4
-0.75940 1.48167 -0.68794 0.50801 0.57556 0.72880 0.33190 0.12224 0.39599 0.18799 4
-0.75940 1.48167 -0.68794 0.46637 0.32365 0.96788 0.05151 0.03213 -0.15594 0.04432 4
1.31652 -0.67475 -0.68794 0.29983 0.52518 2.28282 0.02194 -0.12104 -0.21524 0.47534 4
1.31652 -0.67475 -0.68794 0.09166 0.12212 0.25064 -0.26355 -0.45894 -0.25173 0.00840 4
-0.75940 -0.67475 1.45328 0.67454 0.87786 0.13110 0.45935 0.04340 0.40968 0.87045 4
1.31652 -0.67475 -0.68794 -0.03324 -0.23057 -0.58614 -0.32575 -0.54454 -0.07840 -0.24303 4
1.31652 -0.67475 -0.68794 -0.15815 -0.23057 0.25064 -0.38182 -0.51075 -0.26086 -0.17120 4
1.31652 -0.67475 -0.68794 -0.15815 -0.02903 0.01156 0.09433 -0.41839 -0.06015 0.33167 4
-0.75940 1.48167 -0.68794 0.59127 0.57556 0.01156 0.57966 0.71243 0.57845 0.47534 4
-0.75940 1.48167 -0.68794 0.75781 0.92824 0.84834 1.11801 0.89714 1.36302 0.38195 4
-0.75940 1.48167 -0.68794 1.25743 1.58322 1.32650 2.05706 1.82523 1.65039 2.25692 4
1.31652 -0.67475 -0.68794 1.38233 1.23054 1.68512 1.53808 1.69457 2.04724 1.06082 4
1.31652 -0.67475 -0.68794 0.79945 0.87786 0.96788 0.87024 0.97824 0.66968 0.83453 4
-0.75940 1.48167 -0.68794 0.84108 0.72671 0.37018 0.76421 1.02329 0.53284 0.57232 4
-0.75940 1.48167 -0.68794 1.50723 1.63361 0.96788 1.43918 2.70600 2.17952 1.37332 4
-0.75940 -0.67475 1.45328 0.21656 0.12212 -0.10798 -0.02598 0.18081 -0.29279 -0.06344 4
1.31652 -0.67475 -0.68794 1.00762 0.92824 0.84834 0.93244 0.92417 0.97986 1.05723 4
-0.75940 1.48167 -0.68794 1.00762 0.72671 1.20696 1.10577 1.50085 1.00267 0.79861 4
1.31652 -0.67475 -0.68794 1.88194 1.88552 1.56558 2.83807 3.26015 2.19320 2.81007 4
1.31652 -0.67475 -0.68794 2.04848 2.13743 1.32650 3.43963 3.40657 4.20480 2.89627 4
1.31652 -0.67475 -0.68794 2.09011 2.23820 2.64144 3.97798 4.45630 5.28587 2.43651 4
1.31652 -0.67475 -0.68794 0.92435 1.18016 0.48972 0.74687 0.82956 0.59670 0.69086 5
1.31652 -0.67475 -0.68794 1.29906 1.33131 1.20696 1.61965 1.60897 1.58197 1.67144 5
-0.75940 1.48167 -0.68794 1.38233 1.33131 1.32650 0.86413 1.66979 1.97882 1.60320 5
-0.75940 1.48167 -0.68794 1.63214 1.68399 1.80466 2.59235 2.23971 2.75426 2.60892 5
-0.75940 1.48167 -0.68794 -0.15815 -0.18018 0.84834 -0.27884 -0.41614 -0.27910 -0.17120 5
1.31652 -0.67475 -0.68794 -0.11651 -0.12980 0.13110 -0.42873 -0.64591 -0.38402 0.00840 5
1.31652 -0.67475 -0.68794 0.38310 0.42441 0.48972 0.06680 0.05917 0.33669 0.11616 5
-0.75940 -0.67475 1.45328 0.29983 0.32365 0.72880 0.23605 -0.02193 0.33669 0.43943 5
-0.75940 1.48167 -0.68794 0.50801 0.07173 0.37018 -0.26559 -0.26747 -0.31559 -0.31487 5
-0.75940 1.48167 -0.68794 -0.40795 -0.43210 -0.22752 -0.71013 -0.76079 -0.60753 -0.65610 5
-0.75940 1.48167 -0.68794 -0.36632 -0.18018 -0.34706 -0.28190 -0.63239 -0.23349 -0.27895 5
-0.75940 1.48167 -0.68794 1.09089 1.38169 0.60926 1.61863 1.33415 1.08021 1.96957 5
-0.75940 1.48167 -0.68794 1.04925 1.58322 1.44604 1.70428 1.77342 1.70057 1.37332 5
1.31652 -0.67475 -0.68794 1.75704 1.83514 1.56558 2.56584 2.47624 2.67672 2.77415 5
1.31652 -0.67475 -0.68794 1.84031 1.68399 1.44604 2.15188 2.67897 1.41776 1.84026 5
-0.75940 1.48167 -0.68794 1.88194 2.08705 1.56558 2.92575 2.07977 2.21145 3.49971 5
-0.75940 1.48167 -0.68794 0.71618 0.62595 0.48972 0.38389 0.30020 0.40968 0.58310 5
1.31652 -0.67475 -0.68794 -0.94920 -0.83516 -0.46660 -0.92629 -0.90721 -0.90858 -0.81773 5
-0.75940 1.48167 -0.68794 -1.07410 -1.08708 -0.82522 -1.00174 -0.97254 -0.95876 -1.01170 5
-0.75940 -0.67475 1.45328 -1.24064 -1.28861 -0.94476 -1.16691 -1.09418 -1.11385 -1.19488 5
-0.75940 1.48167 -0.68794 -0.82430 -0.83516 -0.10798 -0.91100 -0.95902 -0.92683 -0.70998 5
-0.75940 1.48167 -0.68794 -0.36632 -0.28095 0.13110 -0.48684 -0.57382 -0.36121 -0.06344 5
1.31652 -0.67475 -0.68794 0.63291 0.67633 0.48972 0.68366 0.65386 0.75635 0.69086 5
-0.75940 1.48167 -0.68794 0.59127 0.42441 0.60926 0.51440 0.58853 0.65599 0.28857 5
1.31652 -0.67475 -0.68794 0.88272 0.82748 0.48972 0.53276 0.21460 0.39599 0.82735 5
1.31652 -0.67475 -0.68794 0.21656 0.02135 0.25064 -0.08920 -0.34856 0.04932 0.25983 5
-0.75940 1.48167 -0.68794 0.34147 0.42441 0.60926 0.30131 -0.16835 0.57845 0.94229 5
-0.75940 1.48167 -0.68794 -0.61612 -0.48248 -0.70568 -0.77845 -0.70448 -0.89946 -0.78182 5
1.31652 -0.67475 -0.68794 0.79945 0.92824 1.44604 0.79989 0.45563 0.75179 1.37332 5
-0.75940 1.48167 -0.68794 0.00839 0.22288 -0.34706 -0.03210 -0.12555 -0.13314 -0.44059 5
-0.75940 1.48167 -0.68794 0.05003 -0.07942 0.60926 -0.11571 -0.33279 0.15424 -0.06344 5
-0.75940 1.48167 -0.68794 -0.07488 -0.12980 0.01156 -0.29108 -0.35307 -0.50261 -0.13528 5
1.31652 -0.67475 -0.68794 1.63214 1.93590 2.28282 2.87477 2.81413 2.10197 2.74542 5
-0.75940 1.48167 -0.68794 0.92435 0.92824 0.84834 1.32193 1.46255 1.09389 1.08596 5
-0.75940 1.48167 -0.68794 0.59127 0.87786 1.08742 0.93040 0.25514 0.39599 1.76842 5
-0.75940 1.48167 -0.68794 0.67454 0.42441 1.32650 0.54907 0.54799 0.99354 0.54718 5
1.31652 -0.67475 -0.68794 0.59127 0.57556 0.84834 0.58374 0.18982 0.66968 1.08596 5
-0.75940 1.48167 -0.68794 0.00839 0.07173 0.72880 0.00766 -0.37784 -0.11033 0.51126 5
1.31652 -0.67475 -0.68794 1.25743 1.18016 1.08742 1.54624 1.50535 1.41776 1.12188 5
1.31652 -0.67475 -0.68794 1.34069 1.12978 0.25064 1.04867 0.46914 1.01635 1.15780 5
1.31652 -0.67475 -0.68794 0.46637 0.42441 0.84834 0.48789 0.29569 0.20441 0.58310 5
1.31652 -0.67475 -0.68794 -0.19978 0.07173 0.60926 -0.28598 -0.49723 -0.38858 0.08024 5
1.31652 -0.67475 -0.68794 0.34147 0.27326 1.08742 0.31150 -0.13681 -0.40682 1.08596 5
-0.75940 1.48167 -0.68794 0.50801 0.57556 0.01156 0.16162 0.09746 -0.17419 0.54718 5
-0.75940 1.48167 -0.68794 -0.53285 -0.53286 -0.22752 -0.75602 -0.75403 -0.68507 -0.78182 5
-0.75940 -0.67475 1.45328 -0.53285 -0.53286 0.01156 -0.68362 -0.64591 -0.43419 -0.88957 5
-0.75940 1.48167 -0.68794 0.21656 0.02135 0.13110 -0.00049 -0.22467 0.09038 0.08024 5
-0.75940 1.48167 -0.68794 -0.99083 -0.98631 -0.46660 -1.05884 -0.99732 -1.11841 -1.03325 5
-0.75940 -0.67475 1.45328 0.67454 0.62595 0.01156 0.22484 -0.09401 0.18617 0.58310 5
1.31652 -0.67475 -0.68794 -0.15815 -0.07942 -0.34706 -0.11979 -0.38686 -0.19700 0.11616 5
-0.75940 1.48167 -0.68794 0.67454 0.52518 0.72880 0.59801 -0.05572 1.13039 0.54718 5
1.31652 -0.67475 -0.68794 0.38310 0.32365 0.37018 0.58578 0.53222 0.46441 0.22391 5
1.31652 -0.67475 -0.68794 0.29983 0.02135 0.60926 0.20648 -0.03995 0.51459 0.43943 5
1.31652 -0.67475 -0.68794 1.25743 1.38169 1.08742 1.85314 2.32756 1.21249 1.65348 5
-0.75940 1.48167 -0.68794 1.63214 1.68399 0.72880 2.25282 2.49426 1.90127 1.94802 5
-0.75940 -0.67475 1.45328 0.92435 0.92824 0.60926 1.34640 1.60222 1.49530 0.88123 5
-0.75940 1.48167 -0.68794 1.21579 1.12978 1.20696 1.00177 0.73946 1.17600 1.35536 5
1.31652 -0.67475 -0.68794 1.42396 1.38169 1.08742 1.51463 1.37470 1.85110 1.52058 5
-0.75940 -0.67475 1.45328 -0.78266 -0.83516 -0.70568 -0.94056 -1.00858 -0.79455 -0.85365 5
-0.75940 1.48167 -0.68794 0.84108 1.18016 1.32650 1.06703 0.41058 0.58301 2.09169 5
1.31652 -0.67475 -0.68794 0.63291 0.77709 0.84834 0.89471 0.63133 0.92056 1.01413 5
-0.75940 1.48167 -0.68794 1.63214 1.68399 1.80466 2.84928 2.41541 2.04724 2.73823 5
1.31652 -0.67475 -0.68794 -0.44959 -0.33133 -0.22752 -0.50825 -0.65267 -0.15138 -0.31487 5
1.31652 -0.67475 -0.68794 0.09166 0.27326 0.37018 0.12798 -0.08050 -0.03278 0.08024 5
-0.75940 1.48167 -0.68794 -0.28305 -0.07942 0.13110 -0.33696 -0.67294 -0.46612 0.09101 5
-0.75940 1.48167 -0.68794 1.25743 1.48246 1.56558 2.23549 1.59321 1.61846 1.54213 5
-0.75940 1.48167 -0.68794 1.38233 1.38169 1.56558 2.25180 1.91984 2.26619 1.86181 5
1.31652 -0.67475 -0.68794 1.21579 1.02901 0.96788 1.73588 2.55282 1.06653 1.11111 5
1.31652 -0.67475 -0.68794 0.09166 -0.02903 0.84834 0.90083 0.84984 1.33109 0.70522 5
1.31652 -0.67475 -0.68794 1.29906 1.33131 1.68512 1.95714 2.14059 2.07461 1.42360 5
1.31652 -0.67475 -0.68794 0.21656 0.12212 0.72880 0.03621 -0.10528 0.54652 0.04432 5
-0.75940 1.48167 -0.68794 -0.61612 -0.58325 -0.10798 -0.54802 -0.57833 -0.39770 -0.67406 5
-0.75940 1.48167 -0.68794 -0.40795 -0.33133 0.01156 -0.66833 -0.75403 -0.57560 -0.45855 5
-0.75940 1.48167 -0.68794 0.46637 0.67633 0.60926 0.42774 0.24613 0.72442 0.47534 5
-0.75940 -0.67475 1.45328 -0.69939 -0.68401 -0.34706 -0.69178 -0.83738 -0.84928 -0.27895 5
-0.75940 -0.67475 1.45328 -0.24141 -0.28095 0.13110 -0.63978 -0.83062 -0.75349 -0.19275 5
-0.75940 1.48167 -0.68794 0.67454 0.42441 0.60926 0.80295 -0.01067 0.19529 1.05005 5
1.31652 -0.67475 -0.68794 1.54887 1.43207 1.44604 2.19368 2.35459 2.36654 1.87618 5
1.31652 -0.67475 -0.68794 1.79867 1.98629 1.44604 3.39273 3.54173 3.59813 2.04500 5
-0.75940 1.48167 -0.68794 1.09089 1.12978 0.84834 1.31173 1.20801 0.81565 1.51699 5
1.31652 -0.67475 -0.68794 1.42396 1.73437 1.44604 2.18349 1.42201 2.71321 2.08810 5
-0.75940 1.48167 -0.68794 -0.19978 -0.07942 0.25064 -0.04128 -0.38911 -0.62577 0.40351 5
-0.75940 -0.67475 1.45328 0.75781 0.52518 1.20696 0.48382 0.33399 0.41424 0.65494 5
-0.75940 1.48167 -0.68794 -0.40795 -0.07942 -0.58614 -0.58676 -0.78106 -0.71244 -0.20711 5
-0.75940 1.48167 -0.68794 0.00839 0.07173 0.25064 -0.23092 -0.55805 -0.08752 0.22391 5
1.31652 -0.67475 -0.68794 0.88272 1.23054 0.84834 1.19244 1.38596 1.03916 0.83812 5
1.31652 -0.67475 -0.68794 0.46637 0.42441 0.01156 0.37574 0.09295 0.32301 0.87045 5
1.31652 -0.67475 -0.68794 -0.03324 0.42441 0.25064 0.13511 0.00961 0.04932 -0.02752 5
1.31652 -0.67475 -0.68794 -0.07488 -0.28095 0.84834 0.26052 -0.15483 -0.20612 0.51126 5
-0.75940 1.48167 -0.68794 0.92435 1.28092 1.20696 0.84271 0.97599 0.61038 1.08596 5
1.31652 -0.67475 -0.68794 0.63291 0.67633 1.20696 0.52766 0.19658 0.77459 0.61902 5
1.31652 -0.67475 -0.68794 0.42474 0.47480 0.13110 0.68570 0.99851 0.42792 0.43943 5
-0.75940 1.48167 -0.68794 0.79945 1.02901 1.56558 1.05785 0.53222 0.69249 1.73250 5
-0.75940 1.48167 -0.68794 1.46560 1.68399 0.72880 0.98138 0.67639 1.21705 1.30148 5
1.31652 -0.67475 -0.68794 -0.28305 0.12212 -0.34706 -0.44810 -0.54229 -0.33840 -0.13528 5
-0.75940 1.48167 -0.68794 0.09166 0.12212 0.25064 -0.18810 -0.36433 0.04932 -0.17120 5
1.31652 -0.67475 -0.68794 0.09166 0.12212 -0.22752 -0.04740 -0.26296 0.00371 0.29575 5
1.31652 -0.67475 -0.68794 0.88272 0.97863 0.60926 0.87942 0.41959 0.86582 1.20090 5
-0.75940 1.48167 -0.68794 1.34069 1.33131 1.80466 1.78176 1.37245 1.68688 1.68581 5
1.31652 -0.67475 -0.68794 -0.24141 -0.23057 -0.10798 -0.39814 -0.71799 -0.52998 0.15207 5
-0.75940 1.48167 -0.68794 0.42474 0.77709 0.60926 0.43182 0.26866 0.76091 0.43943 5
1.31652 -0.67475 -0.68794 1.04925 0.87786 0.96788 1.96631 1.98742 1.44513 2.09169 5
-0.75940 1.48167 -0.68794 0.46637 0.67633 -0.10798 0.19629 0.14251 -0.14226 0.25983 5
-0.75940 -0.67475 1.45328 0.71618 0.67633 0.72880 0.42774 0.37904 0.55108 0.58310 5
-0.75940 -0.67475 1.45328 -0.19978 -0.23057 0.37018 -0.13610 0.09070 -0.17875 -0.35079 5
1.31652 -0.67475 -0.68794 -0.65776 -0.58325 0.01156 -0.48582 -0.70673 -0.20612 -0.35079 5
-0.75940 1.48167 -0.68794 1.42396 1.23054 1.44604 2.48529 1.75990 2.17952 2.66280 5
1.31652 -0.67475 -0.68794 0.50801 0.42441 0.25064 0.44507 0.32498 0.87038 0.54718 5
-0.75940 1.48167 -0.68794 0.00839 -0.02903 -0.58614 -0.22175 -0.22016 0.09950 -0.27895 5
-0.75940 1.48167 -0.68794 1.09089 1.02901 0.48972 0.53683 0.16504 0.92968 0.94229 5
-0.75940 1.48167 -0.68794 0.59127 0.77709 0.13110 0.86209 0.64935 1.02091 0.65494 5
1.31652 -0.67475 -0.68794 -0.36632 -0.28095 -0.10798 -0.61327 -0.71799 -0.37489 -0.56630 5
1.31652 -0.67475 -0.68794 -0.19978 -0.33133 -0.22752 -0.21971 -0.24269 -0.07384 -0.13528 5
1.31652 -0.67475 -0.68794 0.75781 0.87786 1.44604 0.96914 0.99175 1.19425 0.94947 5
-0.75940 1.48167 -0.68794 0.84108 0.77709 -0.10798 0.96609 1.12916 0.79284 0.87404 5
-0.75940 -0.67475 1.45328 0.46637 0.12212 0.48972 -0.20543 -0.39136 0.08581 -0.35079 5
-0.75940 1.48167 -0.68794 1.29906 1.53284 0.60926 1.65228 1.10889 0.91144 1.58883 5
1.31652 -0.67475 -0.68794 0.21656 0.27326 0.13110 0.02907 -0.14132 0.09950 0.11616 5
-0.75940 1.48167 -0.68794 0.05003 0.07173 0.48972 -0.09328 -0.29675 -0.20612 0.04432 5
1.31652 -0.67475 -0.68794 0.71618 0.67633 0.60926 0.58578 0.30921 0.36406 0.54718 5
-0.75940 1.48167 -0.68794 0.84108 0.92824 0.25064 0.25339 -0.06698 0.39143 0.47534 5
1.31652 -0.67475 -0.68794 -0.86593 -0.83516 -0.58614 -1.10166 -1.16852 -1.12753 -0.90035 5
-0.75940 -0.67475 1.45328 -0.49122 -0.48248 -0.82522 -0.67445 -0.65492 -0.58928 -0.70998 5
1.31652 -0.67475 -0.68794 1.42396 1.07939 0.84834 1.40247 0.98500 2.09741 1.08596 5
1.31652 -0.67475 -0.68794 0.38310 0.22288 -0.46660 0.47464 -0.05121 -0.12401 0.51126 5
1.31652 -0.67475 -0.68794 -0.07488 -0.02903 0.13110 -0.27273 -0.65041 -0.15594 -0.03470 5
1.31652 -0.67475 -0.68794 1.13252 1.23054 0.72880 1.14554 1.04131 0.28652 1.53854 5
1.31652 -0.67475 -0.68794 0.79945 0.87786 1.32650 1.39840 0.98950 1.50899 2.01626 5
-0.75940 1.48167 -0.68794 0.71618 0.72671 0.84834 0.48687 0.14251 0.32301 1.30148 5
-0.75940 -0.67475 1.45328 0.25820 0.47480 0.72880 0.03009 -0.22692 0.09038 0.43943 5
1.31652 -0.67475 -0.68794 0.96598 0.82748 0.01156 0.74483 0.38354 0.52371 0.97821 5
-0.75940 -0.67475 1.45328 -0.36632 -0.28095 -0.34706 -0.62347 -0.67069 -0.69419 -0.45855 5
-0.75940 1.48167 -0.68794 1.38233 1.33131 1.08742 1.51463 1.50535 1.25354 1.66067 5
-0.75940 1.48167 -0.68794 0.71618 0.87786 1.20696 0.78358 0.47140 1.14407 0.90637 5
-0.75940 1.48167 -0.68794 1.54887 1.68399 0.84834 1.48098 1.29361 1.73250 2.01985 5
-0.75940 1.48167 -0.68794 1.21579 1.38169 0.48972 1.45345 1.07735 0.69249 1.84026 5
-0.75940 1.48167 -0.68794 0.13330 0.32365 0.48972 0.53378 0.14251 0.44617 0.83453 5
-0.75940 1.48167 -0.68794 0.17493 0.17250 -0.34706 -0.12387 -0.29450 -0.28366 0.15207 5
-0.75940 1.48167 -0.68794 1.79867 1.93590 1.32650 2.33541 1.07510 2.07917 3.38477 5
1.31652 -0.67475 -0.68794 0.92435 1.07939 0.72880 0.91001 0.67413 0.96161 0.72678 5
-0.75940 1.48167 -0.68794 0.63291 0.72671 0.25064 0.40837 0.22135 0.82021 0.40351 5
1.31652 -0.67475 -0.68794 0.54964 0.77709 -0.46660 0.16774 0.13801 0.01283 0.36759 5
1.31652 -0.67475 -0.68794 1.67377 1.58322 1.80466 2.16615 1.52337 2.66303 2.45088 5
-0.75940 1.48167 -0.68794 1.25743 1.28092 0.48972 1.18530 1.04807 1.24898 1.30148 5
-0.75940 -0.67475 1.45328 -0.61612 -0.58325 0.01156 -0.72339 -0.67294 -0.65314 -0.79978 5
-0.75940 1.48167 -0.68794 0.84108 1.18016 1.80466 1.52483 0.68540 0.71986 3.06150 5
1.31652 -0.67475 -0.68794 0.59127 0.62595 0.13110 0.33088 0.19883 -0.27454 0.72678 5
-0.75940 -0.67475 1.45328 0.92435 0.92824 0.96788 0.99973 0.85209 1.01635 1.80434 5
1.31652 -0.67475 -0.68794 -0.11651 0.07173 0.01156 -0.02089 -0.25620 0.31845 -0.02752 5
1.31652 -0.67475 -0.68794 1.63214 1.68399 2.16328 2.93799 2.36135 1.98794 3.06150 5
1.31652 -0.67475 -0.68794 0.67454 0.77709 0.84834 0.64491 0.32948 0.81565 1.19372 5
-0.75940 1.48167 -0.68794 0.38310 0.27326 0.01156 -0.04128 -0.16159 0.02195 -0.13528 5
1.31652 -0.67475 -0.68794 -0.69939 -0.58325 0.01156 -0.77029 -0.84864 -1.00437 -0.39389 5
-0.75940 -0.67475 1.45328 0.92435 0.72671 1.44604 1.09456 1.19900 0.71986 1.33740 5
-0.75940 1.48167 -0.68794 1.34069 1.18016 0.84834 1.79706 0.82055 1.17144 2.45088 5
1.31652 -0.67475 -0.68794 0.92435 0.72671 2.28282 0.47974 0.24163 0.43248 0.87045 5
1.31652 -0.67475 -0.68794 0.42474 0.62595 0.60926 0.04947 -0.30351 -0.01454 0.79861 5
1.31652 -0.67475 -0.68794 0.34147 0.17250 0.48972 0.23197 -0.04446 0.34582 0.25983 5
1.31652 -0.67475 -0.68794 0.13330 0.27326 0.96788 0.34107 0.10872 0.41424 0.61902 5
-0.75940 1.48167 -0.68794 1.29906 1.43207 1.68512 1.86741 1.07285 1.13495 2.77415 5
1.31652 -0.67475 -0.68794 0.42474 -0.07942 0.37018 0.21158 0.00510 0.58301 0.43943 5
-0.75940 1.48167 -0.68794 0.84108 0.77709 1.20696 0.70507 0.35651 0.45529 1.30148 5
-0.75940 1.48167 -0.68794 0.25820 0.27326 0.60926 0.28805 -0.10528 0.46441 0.40351 5
-0.75940 1.48167 -0.68794 -0.19978 -0.28095 0.37018 -0.35429 -0.53553 -0.34296 -0.24303 5
-0.75940 1.48167 -0.68794 -0.03324 -0.02903 0.01156 -0.02292 -0.35982 0.02195 0.15207 5
-0.75940 1.48167 -0.68794 0.13330 0.32365 -0.10798 0.26562 -0.54454 0.36862 0.43943 5
1.31652 -0.67475 -0.68794 0.79945 0.87786 0.84834 1.99282 1.27784 1.34934 3.49253 5
1.31652 -0.67475 -0.68794 0.50801 0.57556 1.20696 0.69793 0.14026 0.50091 1.15780 5
1.31652 -0.67475 -0.68794 0.50801 0.47480 -0.34706 0.40429 0.14251 0.28652 0.08024 5
1.31652 -0.67475 -0.68794 1.17416 1.18016 0.60926 1.03848 0.86561 1.61390 0.79861 5
-0.75940 1.48167 -0.68794 0.71618 0.77709 0.60926 0.53582 0.15378 0.57389 0.65494 5
1.31652 -0.67475 -0.68794 0.34147 0.47480 0.72880 0.15856 -0.07824 -0.22437 0.58310 5
-0.75940 -0.67475 1.45328 -0.32468 -0.28095 0.01156 -0.31759 -0.63915 -0.46156 -0.31487 5
-0.75940 -0.67475 1.45328 0.46637 0.82748 1.32650 0.99463 0.77100 0.66968 1.22964 5
-0.75940 1.48167 -0.68794 1.84031 1.78475 1.20696 2.31909 2.18114 2.33917 2.49039 5
-0.75940 1.48167 -0.68794 0.17493 -0.02903 0.84834 0.30844 -0.45443 0.24090 1.01413 5
1.31652 -0.67475 -0.68794 -0.03324 0.27326 1.32650 0.29417 -0.27422 0.30020 0.83453 5
1.31652 -0.67475 -0.68794 0.92435 1.02901 0.37018 0.66734 0.30921 0.98898 0.54718 5
1.31652 -0.67475 -0.68794 1.46560 1.28092 0.48972 1.82867 1.21927 0.75635 2.16353 5
1.31652 -0.67475 -0.68794 0.88272 1.07939 0.48972 0.38186 0.27992 0.57845 0.83453 5
-0.75940 1.48167 -0.68794 1.29906 1.73437 1.44604 1.95408 1.01653 2.48514 2.59456 5
-0.75940 1.48167 -0.68794 0.05003 0.02135 0.60926 -0.03516 -0.53778 -0.10577 0.00840 5
1.31652 -0.67475 -0.68794 0.54964 0.67633 0.48972 0.23809 0.09971 0.03108 0.22391 5
-0.75940 1.48167 -0.68794 0.54964 0.47480 0.37018 0.48382 0.10197 0.42792 1.26556 5
1.31652 -0.67475 -0.68794 0.05003 0.07173 -0.22752 0.02805 -0.38010 0.12687 0.18799 5
-0.75940 1.48167 -0.68794 0.50801 0.62595 0.72880 0.55111 0.17180 0.47354 0.85608 5
1.31652 -0.67475 -0.68794 0.34147 0.32365 0.84834 0.59801 0.15152 0.17704 0.97821 5
1.31652 -0.67475 -0.68794 0.21656 0.17250 0.48972 0.28805 -0.31928 -0.37945 1.73250 5
-0.75940 1.48167 -0.68794 -0.19978 -0.07942 0.60926 -0.24112 -0.40262 -0.32016 -0.09936 5
1.31652 -0.67475 -0.68794 0.59127 0.67633 0.48972 0.99667 0.21910 0.48722 2.45088 5
-0.75940 1.48167 -0.68794 0.88272 0.77709 1.20696 0.84577 0.46914 1.13951 1.08596 5
1.31652 -0.67475 -0.68794 -0.28305 -0.18018 0.25064 -0.52151 -0.60536 -0.51630 -0.49447 5
-0.75940 1.48167 -0.68794 1.29906 1.43207 1.44604 1.56459 0.74622 2.07004 2.48680 5
1.31652 -0.67475 -0.68794 1.09089 1.33131 1.80466 2.07031 1.72611 1.33565 2.48680 5
-0.75940 1.48167 -0.68794 0.79945 0.62595 1.44604 0.80907 0.09746 0.81565 1.40923 5
1.31652 -0.67475 -0.68794 0.88272 0.77709 0.84834 0.96099 0.33399 1.03916 1.58883 5
-0.75940 1.48167 -0.68794 -0.61612 -0.28095 0.60926 -0.02496 -0.49273 0.09950 0.18799 5
-0.75940 1.48167 -0.68794 1.00762 0.82748 1.80466 1.17714 0.30245 0.43705 1.94802 5
1.31652 -0.67475 -0.68794 1.17416 1.28092 2.04374 2.76262 1.77567 1.91952 4.64193 5
-0.75940 1.48167 -0.68794 0.21656 0.57556 0.96788 0.78256 -0.15709 0.22266 2.05577 5
