-0.75940 -0.67475 1.45328 -3.73871 -3.55584 -3.09647 -1.68589 -1.61454 -1.64298 -1.70493 1
-0.75940 -0.67475 1.45328 -3.44727 -3.20316 -2.61831 -1.67366 -1.60778 -1.62929 -1.69415 1
1.31652 -0.67475 -0.68794 -3.07256 -3.00163 -2.37924 -1.65836 -1.58976 -1.62017 -1.67979 1
-0.75940 -0.67475 1.45328 -3.03092 -3.00163 -2.73785 -1.65326 -1.58976 -1.59736 -1.67979 1
-0.75940 -0.67475 1.45328 -2.36477 -2.34665 -1.78154 -1.55436 -1.47938 -1.52438 -1.59358 1
-0.75940 -0.67475 1.45328 -2.73948 -2.59857 -2.25970 -1.61350 -1.53795 -1.59280 -1.63668 1
-0.75940 -0.67475 1.45328 -2.78111 -2.69933 -2.61831 -1.62573 -1.56273 -1.60192 -1.64028 1
-0.75940 -0.67475 1.45328 -2.98929 -2.90086 -2.14016 -1.64715 -1.58525 -1.60648 -1.61513 1
-0.75940 -0.67475 1.45328 -2.57294 -2.59857 -2.02062 -1.60636 -1.55146 -1.56543 -1.62591 1
-0.75940 -0.67475 1.45328 -2.32314 -2.14512 -1.90108 -1.49625 -1.41856 -1.42403 -1.52893 1
-0.75940 -0.67475 1.45328 -2.98929 -3.00163 -2.85739 -1.65122 -1.58976 -1.62473 -1.67979 1
-0.75940 -0.67475 1.45328 -3.07256 -3.05201 -2.14016 -1.65428 -1.59652 -1.61561 -1.67979 1
-0.75940 -0.67475 1.45328 -2.03169 -2.90086 -1.54246 -1.45138 -1.41405 -1.38297 -1.46787 1
-0.75940 -0.67475 1.45328 -2.69785 -2.54818 -2.37924 -1.60126 -1.54921 -1.56543 -1.66542 1
-0.75940 -0.67475 1.45328 -1.36554 -1.38937 -1.30338 -1.29029 -1.22483 -1.32824 -1.25594 1
-0.75940 -0.67475 1.45328 -2.36477 -2.29627 -2.02062 -1.57679 -1.51317 -1.52894 -1.58640 1
-0.75940 -0.67475 1.45328 -3.28073 -3.15278 -2.49877 -1.66856 -1.59652 -1.58824 -1.69056 1
-0.75940 -0.67475 1.45328 -2.53131 -2.49780 -2.14016 -1.59005 -1.52218 -1.55631 -1.60795 1
-0.75940 -0.67475 1.45328 -2.28150 -2.34665 -1.90108 -1.56048 -1.49515 -1.57455 -1.57203 1
-0.75940 -0.67475 1.45328 -2.69785 -2.59857 -2.37924 -1.59617 -1.52443 -1.58368 -1.66901 1
-0.75940 -0.67475 1.45328 -2.94765 -3.05201 -2.49877 -1.62064 -1.56498 -1.56999 -1.67979 1
1.31652 -0.67475 -0.68794 -2.32314 -2.29627 -1.78154 -1.56048 -1.50866 -1.52438 -1.57203 1
-0.75940 -0.67475 1.45328 -3.03092 -2.90086 -2.49877 -1.64715 -1.58525 -1.60648 -1.67979 1
-0.75940 -0.67475 1.45328 -2.15660 -1.99397 -1.90108 -1.49319 -1.42757 -1.44683 -1.50019 1
-0.75940 -0.67475 1.45328 -2.40640 -2.34665 -2.37924 -1.54621 -1.46812 -1.51069 -1.57203 1
1.31652 -0.67475 -0.68794 -2.07333 -2.04435 -1.66200 -1.49828 -1.46812 -1.46508 -1.48223 1
-0.75940 -0.67475 1.45328 -2.23987 -2.24588 -1.90108 -1.51052 -1.45460 -1.45596 -1.55048 1
-0.75940 -0.67475 1.45328 -0.86593 -0.88554 -0.58614 -0.92323 -0.85765 -0.80823 -0.99733 1
-0.75940 -0.67475 1.45328 -2.28150 -2.29627 -1.78154 -1.55028 -1.50866 -1.50613 -1.55407 1
-0.75940 -0.67475 1.45328 -2.28150 -2.24588 -1.78154 -1.55028 -1.48614 -1.51982 -1.55407 1
-0.75940 -0.67475 1.45328 -1.82352 -1.94359 -1.78154 -1.47076 -1.42081 -1.46052 -1.44272 1
-0.75940 -0.67475 1.45328 -1.15737 -1.28861 -1.18384 -1.22503 -1.15725 -1.26438 -1.24517 1
-0.75940 -0.67475 1.45328 -1.15737 -1.08708 -1.18384 -1.18629 -1.06715 -1.24613 -1.23080 1
-0.75940 -0.67475 1.45328 -1.07410 -1.13746 -1.18384 -1.07311 -0.97479 -1.04086 -1.16615 1
-0.75940 -0.67475 1.45328 -1.99006 -1.99397 -2.02062 -1.48401 -1.43207 -1.49245 -1.47505 1
-0.75940 -0.67475 1.45328 -2.03169 -1.94359 -1.42292 -1.42079 -1.29466 -1.44683 -1.47864 1
-0.75940 1.48167 -0.68794 -1.28227 -1.33899 -1.30338 -1.19954 -1.15050 -1.15946 -1.21284 1
-0.75940 -0.67475 1.45328 -2.07333 -2.09474 -1.78154 -1.50236 -1.44559 -1.43315 -1.52174 1
-0.75940 -0.67475 1.45328 -2.28150 -2.24588 -1.78154 -1.54519 -1.49740 -1.47876 -1.55407 1
-0.75940 -0.67475 1.45328 -2.03169 -1.99397 -2.02062 -1.47381 -1.43207 -1.40578 -1.49301 1
-0.75940 -0.67475 1.45328 -1.94843 -1.94359 -1.78154 -1.48911 -1.42757 -1.45596 -1.49301 1
-0.75940 -0.67475 1.45328 -2.36477 -2.39703 -2.14016 -1.57883 -1.52668 -1.50157 -1.60436 1
-0.75940 -0.67475 1.45328 -2.69785 -2.64895 -2.73785 -1.61962 -1.56948 -1.57912 -1.64387 1
-0.75940 -0.67475 1.45328 -1.44881 -1.43976 -1.06430 -1.28417 -1.29016 -1.20052 -1.28468 1
-0.75940 -0.67475 1.45328 -1.90679 -1.89320 -1.30338 -1.42793 -1.35549 -1.40122 -1.45350 1
-0.75940 -0.67475 1.45328 -2.07333 -2.04435 -1.78154 -1.48401 -1.43433 -1.45596 -1.47146 1
-0.75940 -0.67475 1.45328 -1.99006 -2.04435 -1.66200 -1.47381 -1.44334 -1.38753 -1.47146 1
-0.75940 -0.67475 1.45328 -2.40640 -2.34665 -1.42292 -1.55844 -1.52218 -1.48789 -1.56125 1
-0.75940 -0.67475 1.45328 -2.32314 -2.34665 -2.02062 -1.52989 -1.43883 -1.48333 -1.57203 1
1.31652 -0.67475 -0.68794 -1.28227 -1.43976 -1.54246 -1.25358 -1.21357 -1.18227 -1.21284 1
-0.75940 -0.67475 1.45328 -1.24064 -1.33899 -1.18384 -1.20464 -1.13473 -1.15034 -1.21284 1
-0.75940 -0.67475 1.45328 -1.90679 -1.94359 -1.30338 -1.42895 -1.39829 -1.33736 -1.42836 1
1.31652 -0.67475 -0.68794 -1.78189 -1.89320 -1.30338 -1.39225 -1.34422 -1.31455 -1.39244 1
1.31652 -0.67475 -0.68794 -1.40718 -1.49014 -1.30338 -1.30150 -1.25412 -1.20508 -1.32060 1
-0.75940 -0.67475 1.45328 -1.57372 -1.64129 -1.18384 -1.35044 -1.35098 -1.28262 -1.28468 1
-0.75940 -0.67475 1.45328 -1.44881 -1.59091 -1.66200 -1.32291 -1.32395 -1.20964 -1.32778 1
1.31652 -0.67475 -0.68794 -0.90756 -1.03669 -0.94476 -1.02723 -0.91622 -1.18683 -1.06198 1
-0.75940 -0.67475 1.45328 -1.28227 -1.18784 -1.06430 -1.18221 -1.14824 -1.11841 -1.23439 1
-0.75940 -0.67475 1.45328 -0.86593 -0.93593 -0.94476 -0.98950 -0.91172 -0.92227 -1.06917 1
1.31652 -0.67475 -0.68794 -0.36632 -0.23057 0.13110 -0.38488 -0.30126 -0.36577 -0.58426 1
-0.75940 -0.67475 1.45328 -0.74103 -0.78478 -0.70568 -0.84778 -0.69321 -0.77174 -1.02606 1
-0.75940 -0.67475 1.45328 -0.61612 -0.78478 -0.70568 -0.93852 -0.89820 -0.84016 -0.98296 1
-0.75940 -0.67475 1.45328 -0.44959 -0.28095 -0.34706 -0.70198 -0.66843 -0.66683 -0.69561 1
-0.75940 -0.67475 1.45328 -0.40795 -0.58325 -0.70568 -0.75908 -0.69096 -0.74437 -0.78182 1
-0.75940 -0.67475 1.45328 -2.07333 -2.14512 -1.18384 -1.46056 -1.37351 -1.37841 -1.46068 1
-0.75940 -0.67475 1.45328 -1.53208 -1.59091 -1.18384 -1.32495 -1.26989 -1.34648 -1.32060 1
-0.75940 -0.67475 1.45328 -1.28227 -1.28861 -1.30338 -1.24746 -1.12572 -1.32824 -1.27031 1
-0.75940 -0.67475 1.45328 -1.19901 -1.33899 -0.70568 -1.16793 -1.12346 -1.15946 -1.17333 1
-0.75940 -0.67475 1.45328 -0.82430 -0.68401 -0.82522 -0.89672 -0.71123 -0.82192 -1.08353 1
-0.75940 -0.67475 1.45328 -0.44959 -0.58325 -0.34706 -0.81006 -0.76304 -0.58472 -0.87161 1
-0.75940 -0.67475 1.45328 -0.32468 -0.28095 -0.46660 -0.72645 -0.68420 -0.66683 -0.65969 1
1.31652 -0.67475 -0.68794 -0.32468 -0.38171 -0.22752 -0.61735 -0.49949 -0.68963 -0.59863 1
-0.75940 -0.67475 1.45328 -1.28227 -1.38937 -1.06430 -1.24644 -1.18203 -1.22788 -1.24876 1
-0.75940 -0.67475 1.45328 -0.90756 -0.98631 -1.18384 -1.11593 -1.05814 -1.08648 -1.10509 1
-0.75940 -0.67475 1.45328 -2.03169 -1.99397 -1.54246 -1.44628 -1.38026 -1.40578 -1.50019 1
-0.75940 -0.67475 1.45328 -1.57372 -1.59091 -1.42292 -1.34432 -1.30593 -1.24613 -1.36011 1
-0.75940 -0.67475 1.45328 -1.99006 -1.94359 -1.66200 -1.47076 -1.38927 -1.44227 -1.52174 1
-0.75940 -0.67475 1.45328 -0.86593 -0.93593 -0.58614 -0.96605 -0.76530 -1.05455 -1.09072 1
-0.75940 -0.67475 1.45328 -1.19901 -1.28861 -1.30338 -1.13225 -1.10094 -1.09104 -1.10509 1
-0.75940 -0.67475 1.45328 -2.78111 -2.80010 -2.61831 -1.62981 -1.54921 -1.51069 -1.64387 1
-0.75940 -0.67475 1.45328 -1.69862 -1.74205 -1.42292 -1.38715 -1.33071 -1.36473 -1.39244 1
-0.75940 -0.67475 1.45328 -2.11496 -2.19550 -1.42292 -1.52479 -1.49965 -1.46964 -1.50019 1
-0.75940 -0.67475 1.45328 -2.07333 -1.89320 -1.42292 -1.41162 -1.36450 -1.38753 -1.41399 1
-0.75940 -0.67475 1.45328 -1.65698 -1.38937 -0.94476 -1.31272 -1.25862 -1.25069 -1.24876 1
-0.75940 -0.67475 1.45328 -2.94765 -2.85048 -2.02062 -1.64205 -1.57850 -1.59736 -1.65824 1
-0.75940 -0.67475 1.45328 -0.90756 -0.93593 -1.18384 -0.95076 -0.83062 -0.88578 -1.04762 1
-0.75940 -0.67475 1.45328 -0.99083 -0.98631 -1.78154 -1.03641 -0.90946 -1.04543 -1.08353 1
-0.75940 -0.67475 1.45328 -0.61612 -0.58325 -0.34706 -0.71625 -0.61212 -0.83560 -0.86802 1
-0.75940 -0.67475 1.45328 -1.53208 -1.64129 -1.30338 -1.27907 -1.16626 -1.30087 -1.33497 1
-0.75940 -0.67475 1.45328 -1.78189 -1.79244 -1.66200 -1.43609 -1.39153 -1.40578 -1.44272 1
-0.75940 -0.67475 1.45328 -0.94920 -1.03669 -1.06430 -1.15468 -1.16852 -1.17771 -1.06917 1
-0.75940 -0.67475 1.45328 -1.07410 -1.08708 -1.18384 -1.17405 -1.09869 -1.19139 -1.17692 1
-0.75940 -0.67475 1.45328 -1.11574 -1.08708 -0.94476 -1.06088 -0.99506 -0.97700 -1.10509 1
-0.75940 -0.67475 1.45328 -1.78189 -1.74205 -1.18384 -1.43099 -1.40279 -1.36473 -1.42836 1
-0.75940 -0.67475 1.45328 -0.78266 -0.73439 -0.82522 -0.91915 -0.77205 -0.93139 -1.06917 1
-0.75940 -0.67475 1.45328 -1.03247 -0.93593 -1.30338 -1.14448 -1.09643 -1.11385 -1.16615 1
-0.75940 -0.67475 1.45328 -1.03247 -1.08708 -0.70568 -1.08127 -0.99957 -0.99981 -1.17692 1
-0.75940 -0.67475 1.45328 -0.49122 -0.63363 -0.82522 -0.87123 -0.52877 -1.33280 -0.93268 1
-0.75940 -0.67475 1.45328 -1.57372 -1.49014 -1.30338 -1.29844 -1.18203 -1.37385 -1.32778 1
-0.75940 -0.67475 1.45328 -1.03247 -0.93593 -1.18384 -1.01703 -0.93875 -1.02718 -1.14100 1
-0.75940 -0.67475 1.45328 -1.82352 -1.79244 -1.54246 -1.39327 -1.35098 -1.36929 -1.35652 1
1.31652 -0.67475 -0.68794 -1.19901 -1.38937 -1.06430 -1.24338 -1.24285 -1.17771 -1.21284 1
-0.75940 -0.67475 1.45328 -1.90679 -1.89320 -1.78154 -1.42589 -1.38477 -1.39210 -1.46427 1
-0.75940 -0.67475 1.45328 -1.24064 -1.18784 -1.06430 -1.10370 -1.06490 -1.09560 -1.14100 1
-0.75940 -0.67475 1.45328 -0.69939 -0.78478 -0.10798 -0.85492 -0.88469 -0.73069 -0.86084 1
-0.75940 1.48167 -0.68794 0.50801 0.42441 -0.34706 0.09229 -0.02193 0.24546 -0.09936 1
-0.75940 -0.67475 1.45328 -0.90756 -0.98631 -1.06430 -0.99664 -0.80359 -1.12753 -1.11945 1
-0.75940 -0.67475 1.45328 -1.28227 -1.33899 -1.42292 -1.21586 -1.20005 -1.13666 -1.19847 1
1.31652 -0.67475 -0.68794 -1.32391 -1.13746 -1.42292 -1.16895 -1.18203 -1.25525 -0.99733 1
1.31652 -0.67475 -0.68794 -1.03247 -0.88554 -1.06430 -1.07209 -1.01759 -1.10016 -0.99733 1
-0.75940 1.48167 -0.68794 -0.15815 -0.07942 -0.34706 -0.50112 -0.51075 -0.46156 -0.45855 1
1.31652 -0.67475 -0.68794 -0.61612 -0.63363 -0.82522 -0.85084 -0.80810 -0.62121 -0.74590 1
1.31652 -0.67475 -0.68794 -0.82430 -0.83516 -1.06430 -0.91813 -0.85090 -0.91771 -0.99733 1
-0.75940 1.48167 -0.68794 -1.65698 -1.49014 -1.18384 -1.29946 -1.23610 -1.31911 -1.27031 1
-0.75940 1.48167 -0.68794 -1.82352 -1.79244 -1.42292 -1.37185 -1.31494 -1.33280 -1.37089 1
-0.75940 1.48167 -0.68794 -1.11574 -1.18784 -0.34706 -1.06699 -1.07391 -0.89946 -1.06917 1
-0.75940 -0.67475 1.45328 -1.61535 -1.59091 -0.82522 -1.34025 -1.32395 -1.32824 -1.28468 1
-0.75940 -0.67475 1.45328 -1.36554 -1.23822 -0.82522 -1.19750 -1.20681 -1.12753 -1.17692 1
1.31652 -0.67475 -0.68794 -1.19901 -1.74205 -0.94476 -1.16386 -1.14374 -1.15490 -1.14100 1
1.31652 -0.67475 -0.68794 -1.61535 -1.54052 -1.06430 -1.30762 -1.28791 -1.23701 -1.28468 1
-0.75940 -0.67475 1.45328 -1.90679 -1.84282 -1.18384 -1.46464 -1.43658 -1.42403 -1.48583 1
-0.75940 -0.67475 1.45328 -1.65698 -1.59091 -1.42292 -1.33617 -1.27439 -1.33280 -1.36370 1
-0.75940 -0.67475 1.45328 -1.32391 -1.33899 -0.10798 -1.20056 -1.13247 -1.24157 -1.18770 1
-0.75940 -0.67475 1.45328 -1.07410 -1.18784 -1.06430 -1.03946 -0.99732 -0.91771 -1.12664 1
-0.75940 -0.67475 1.45328 -1.57372 -1.59091 -1.54246 -1.31782 -1.30142 -1.24613 -1.32060 1
-0.75940 -0.67475 1.45328 -1.53208 -1.59091 -1.66200 -1.23625 -1.15050 -1.25981 -1.32060 1
-0.75940 -0.67475 1.45328 -1.49045 -1.43976 -0.94476 -1.18935 -1.11896 -1.15946 -1.24876 1
-0.75940 -0.67475 1.45328 -1.28227 -1.28861 -1.06430 -1.10574 -0.94100 -1.01806 -1.14460 1
-0.75940 -0.67475 1.45328 -0.53285 -0.63363 -0.82522 -0.77437 -0.73601 -0.78542 -0.80696 1
-0.75940 -0.67475 1.45328 -0.49122 -0.63363 -0.70568 -0.78966 -0.82837 -0.82192 -0.85365 1
-0.75940 1.48167 -0.68794 -0.32468 -0.38171 -0.58614 -0.71421 -0.72024 -0.77630 -0.78900 1
-0.75940 -0.67475 1.45328 -0.94920 -1.08708 -0.94476 -1.11492 -1.05363 -1.12753 -1.08713 1
-0.75940 -0.67475 1.45328 -0.86593 -0.88554 -0.70568 -0.95076 -0.83513 -1.06823 -0.96141 1
-0.75940 -0.67475 1.45328 -0.69939 -0.78478 -0.70568 -0.93445 -0.92298 -0.88121 -0.85365 1
-0.75940 -0.67475 1.45328 -0.40795 -0.58325 -0.94476 -0.76315 -0.64365 -0.63490 -0.88957 1
-0.75940 1.48167 -0.68794 -0.15815 -0.18018 -0.34706 -0.57963 -0.51075 -0.27910 -0.70639 1
-0.75940 1.48167 -0.68794 0.42474 0.52518 0.13110 0.33801 0.48041 0.44161 0.18799 1
-0.75940 -0.67475 1.45328 -1.61535 -1.59091 -1.06430 -1.26480 -1.15951 -1.28718 -1.34215 1
-0.75940 -0.67475 1.45328 -1.32391 -1.43976 -1.30338 -1.25562 -1.19330 -1.20052 -1.28468 1
-0.75940 -0.67475 1.45328 -1.24064 -1.18784 -1.30338 -1.20362 -1.08742 -1.23701 -1.21643 1
-0.75940 -0.67475 1.45328 -1.15737 -1.08708 -1.06430 -1.07413 -0.93424 -1.08648 -1.18770 1
-0.75940 -0.67475 1.45328 -0.94920 -0.73439 -0.70568 -1.01703 -0.91172 -1.00437 -0.49447 1
-0.75940 -0.67475 1.45328 -0.74103 -0.93593 -0.70568 -0.93852 -0.89144 -0.99525 -0.85365 1
-0.75940 -0.67475 1.45328 -0.07488 -0.28095 -0.46660 -0.41547 -0.14808 -0.46612 -0.56630 1
-0.75940 -0.67475 1.45328 -0.57449 -0.73439 -0.10798 -0.66833 -0.38460 -0.73981 -0.95063 1
-0.75940 1.48167 -0.68794 -0.40795 -0.43210 -0.58614 -0.53578 -0.35307 -0.58016 -0.75667 1
-0.75940 -0.67475 1.45328 -0.36632 -0.48248 -0.34706 -0.58472 -0.35982 -0.71244 -0.65969 1
-0.75940 -0.67475 1.45328 -1.36554 -1.33899 -1.54246 -1.24033 -1.17527 -1.24613 -1.24158 1
-0.75940 -0.67475 1.45328 -1.32391 -1.38937 -1.30338 -1.23625 -1.19780 -1.16859 -1.24158 1
-0.75940 -0.67475 1.45328 -1.19901 -1.23822 -1.06430 -1.19444 -1.21582 -1.04086 -1.17692 1
-0.75940 -0.67475 1.45328 -0.61612 -0.73439 -0.70568 -0.83453 -0.80359 -0.87209 -0.74949 1
-0.75940 -0.67475 1.45328 -0.53285 -0.58325 -0.70568 -0.87429 -0.82612 -0.89034 -0.85006 1
-0.75940 -0.67475 1.45328 -0.03324 -0.18018 -0.22752 -0.55923 -0.55805 -0.64858 -0.35438 1
1.31652 -0.67475 -0.68794 -1.11574 -1.28861 -0.34706 -0.53986 -0.25170 -0.77630 -0.68843 1
1.31652 -0.67475 -0.68794 0.34147 0.07173 -0.34706 -0.32982 -0.25846 -0.23805 -0.38671 1
-0.75940 -0.67475 1.45328 -1.36554 -1.38937 -1.30338 -1.29029 -1.21132 -1.33736 -1.33497 1
1.31652 -0.67475 -0.68794 -0.49122 -0.48248 -0.70568 -0.67955 -0.41839 -0.87209 -0.84647 1
-0.75940 -0.67475 1.45328 -0.99083 -1.03669 -1.18384 -1.11390 -1.10544 -1.12297 -1.03325 1
1.31652 -0.67475 -0.68794 -0.90756 -1.08708 -0.94476 -1.00582 -0.92298 -1.02262 -1.03325 1
1.31652 -0.67475 -0.68794 -0.82430 -0.78478 -1.42292 -0.95382 -1.01534 -0.89490 -0.81773 1
-0.75940 -0.67475 1.45328 -1.15737 -1.18784 -1.18384 -1.21688 -1.23384 -1.19595 -1.14100 1
1.31652 -0.67475 -0.68794 -1.28227 -1.28861 -1.06430 -1.23625 -1.25637 -1.18227 -1.17692 1
-0.75940 -0.67475 1.45328 -1.78189 -1.69167 -1.18384 -1.39327 -1.34647 -1.36017 -1.39244 1
-0.75940 1.48167 -0.68794 -1.44881 -1.43976 -1.18384 -1.31170 -1.28340 -1.26894 -1.28468 1
-0.75940 -0.67475 1.45328 -0.90756 -0.83516 -0.94476 -0.73868 -0.58959 -0.67595 -0.89676 1
-0.75940 -0.67475 1.45328 -1.11574 -1.13746 -0.94476 -1.12103 -1.09869 -1.10929 -1.14100 1
-0.75940 -0.67475 1.45328 -0.49122 -0.53286 -0.70568 -0.72339 -0.58283 -0.73069 -0.85365 1
-0.75940 -0.67475 1.45328 -0.15815 -0.23057 -0.46660 -0.46543 -0.54229 -0.35209 -0.38671 1
-0.75940 1.48167 -0.68794 0.25820 0.17250 0.01156 0.27378 0.36327 0.39599 0.00840 1
-0.75940 -0.67475 1.45328 -0.99083 -1.03669 -0.94476 -1.14346 -1.10319 -1.16402 -1.10509 1
-0.75940 -0.67475 1.45328 -0.40795 -0.53286 -0.58614 -0.63061 -0.36208 -0.84472 -0.76386 1
-0.75940 -0.67475 1.45328 -1.61535 -1.84282 -1.54246 -1.30864 -1.19330 -1.28718 -1.41040 1
-0.75940 -0.67475 1.45328 -0.57449 -0.58325 -0.82522 -0.78355 -0.65942 -0.67139 -0.91472 1
-0.75940 -0.67475 1.45328 -0.53285 -0.43210 -0.58614 -0.64794 -0.55355 -0.57104 -0.83210 1
-0.75940 -0.67475 1.45328 -0.07488 -0.23057 -0.34706 -0.52355 -0.55130 -0.33840 -0.53038 1
-0.75940 -0.67475 1.45328 -0.82430 -0.83516 -0.82522 -0.87939 -0.80134 -0.90858 -0.87161 1
1.31652 -0.67475 -0.68794 0.13330 0.02135 -0.22752 -0.54802 -0.54904 -0.67595 -0.45855 1
-0.75940 -0.67475 1.45328 -1.53208 -1.59091 -1.54246 -1.33005 -1.26538 -1.27806 -1.35652 1
-0.75940 -0.67475 1.45328 -0.49122 -0.38171 -0.94476 -0.65915 -0.56481 -0.64402 -0.70998 1
-0.75940 -0.67475 1.45328 -0.74103 -0.73439 -0.70568 -0.85186 -0.70673 -0.78542 -0.99733 1
-0.75940 -0.67475 1.45328 -0.69939 -0.78478 -0.70568 -0.91507 -0.73151 -0.92683 -1.06917 1
-0.75940 -0.67475 1.45328 -0.32468 -0.38171 -0.58614 -0.39100 0.09295 -0.42963 -0.79618 1
-0.75940 -0.67475 1.45328 -1.44881 -1.49014 -1.18384 -1.33005 -1.29466 -1.32367 -1.30264 1
1.31652 -0.67475 -0.68794 -0.74103 -0.73439 -0.70568 -0.79578 -0.68420 -0.99525 -0.77104 1
-0.75940 -0.67475 1.45328 -0.86593 -0.83516 -0.70568 -1.02723 -1.05814 -0.95876 -0.97937 1
-0.75940 1.48167 -0.68794 -0.11651 -0.33133 -0.70568 -0.50621 -0.32829 -0.57104 -0.65251 1
-0.75940 -0.67475 1.45328 -0.40795 -0.43210 -0.82522 -0.83860 -0.87793 -0.74437 -0.80337 1
1.31652 -0.67475 -0.68794 0.09166 -0.02903 0.01156 -0.19830 -0.10528 -0.22437 -0.35079 1
-0.75940 -0.67475 1.45328 -1.36554 -1.59091 -0.58614 -0.74174 -0.67294 -0.68507 -0.79618 1
-0.75940 -0.67475 1.45328 -1.36554 -1.43976 -1.30338 -1.30966 -1.31494 -1.30999 -1.27390 1
-0.75940 -0.67475 1.45328 -0.78266 -0.78478 -1.06430 -1.03743 -1.08742 -1.05455 -0.83210 1
-0.75940 -0.67475 1.45328 -0.61612 -0.73439 -0.58614 -0.88754 -0.74052 -0.99981 -0.92549 1
-0.75940 -0.67475 1.45328 -1.69862 -1.79244 -1.90108 -1.42691 -1.34197 -1.39666 -1.46068 1
-0.75940 -0.67475 1.45328 -0.61612 -0.58325 -0.10798 -0.68261 -0.62563 -0.78542 -0.70639 1
-0.75940 -0.67475 1.45328 -0.40795 -0.58325 -0.46660 -0.68974 -0.70222 -0.46156 -0.74590 1
-0.75940 -0.67475 1.45328 -0.74103 -0.73439 -0.70568 -1.00888 -1.00858 -0.94051 -1.02247 1
1.31652 -0.67475 -0.68794 -0.11651 -0.02903 -0.34706 -0.27782 -0.14582 -0.23349 -0.41904 1
-0.75940 -0.67475 1.45328 -1.07410 -0.98631 -1.30338 -1.04354 -0.92974 -1.18683 -1.04402 1
-0.75940 -0.67475 1.45328 -0.86593 -1.03669 -0.94476 -0.99358 -0.87793 -0.94051 -1.09790 1
-0.75940 -0.67475 1.45328 -0.36632 -0.58325 -0.94476 -0.63163 -0.55355 -0.48437 -0.81055 1
1.31652 -0.67475 -0.68794 -0.40795 -0.53286 -0.46660 -0.71115 -0.56481 -0.72156 -0.74590 2
1.31652 -0.67475 -0.68794 -0.99083 -1.03669 -1.30338 -1.15876 -1.10319 -1.10473 -1.10509 2
-0.75940 -0.67475 1.45328 -1.15737 -1.18784 -1.30338 -1.17915 -1.11445 -1.09104 -1.14100 2
1.31652 -0.67475 -0.68794 -0.61612 -0.58325 -0.22752 -0.75194 -0.83513 -0.63490 -0.74590 2
1.31652 -0.67475 -0.68794 -1.40718 -1.43976 -1.30338 -1.28009 -1.30818 -1.16402 -1.21643 2
1.31652 -0.67475 -0.68794 -1.15737 -1.33899 -0.58614 -1.14244 -1.17978 -0.89490 -1.10509 2
-0.75940 -0.67475 1.45328 -0.61612 -0.58325 -0.22752 -0.57453 -0.51525 -0.36577 -0.70639 2
-0.75940 1.48167 -0.68794 -0.36632 -0.43210 -0.10798 -0.38590 -0.29224 -0.61665 -0.45855 2
1.31652 -0.67475 -0.68794 -0.15815 0.32365 0.01156 -0.00253 -0.08050 0.04476 0.00122 2
-0.75940 -0.67475 1.45328 -1.74025 -1.79244 -1.66200 -1.39632 -1.38026 -1.36929 -1.42836 2
1.31652 -0.67475 -0.68794 -0.36632 -0.48248 -0.94476 -0.79476 -0.74502 -0.74437 -0.88957 2
-0.75940 -0.67475 1.45328 -0.15815 -0.53286 -0.34706 -0.46441 -0.49273 -0.54823 -0.38671 2
1.31652 -0.67475 -0.68794 -0.11651 -0.02903 0.25064 -0.25539 -0.05572 -0.42507 -0.36157 2
1.31652 -0.67475 -0.68794 0.09166 0.22288 0.01156 -0.22888 -0.33279 -0.19243 -0.16760 2
-0.75940 1.48167 -0.68794 0.54964 0.47480 0.13110 0.47770 0.70342 0.58301 0.08024 2
-0.75940 1.48167 -0.68794 1.00762 0.97863 0.60926 1.23118 1.46255 1.16232 0.69804 2
-0.75940 -0.67475 1.45328 -0.07488 -0.23057 -0.34706 -0.44300 -0.18862 -0.49349 -0.63814 2
-0.75940 -0.67475 1.45328 -0.03324 -0.28095 -0.34706 -0.55923 -0.32153 -0.46612 -0.51602 2
1.31652 -0.67475 -0.68794 0.29983 0.07173 0.13110 0.04743 0.31822 0.07213 -0.24303 2
1.31652 -0.67475 -0.68794 0.34147 0.27326 0.25064 0.32884 0.99175 0.01739 -0.23585 2
-0.75940 -0.67475 1.45328 0.38310 0.32365 0.25064 -0.15037 -0.07599 -0.18787 -0.10654 2
1.31652 -0.67475 -0.68794 0.79945 0.62595 -0.10798 0.38899 0.77550 0.18160 0.06228 2
1.31652 -0.67475 -0.68794 0.79945 0.42441 1.44604 0.05966 0.31146 -0.25630 0.01199 2
1.31652 -0.67475 -0.68794 1.17416 1.18016 0.48972 1.08946 1.21476 0.89775 0.72678 2
1.31652 -0.67475 -0.68794 1.63214 1.58322 0.13110 0.73056 1.49409 0.12687 0.21314 2
-0.75940 -0.67475 1.45328 -1.44881 -1.54052 -1.18384 -1.32597 -1.23384 -1.36929 -1.33856 2
-0.75940 -0.67475 1.45328 -1.19901 -1.38937 -1.42292 -1.26072 -1.22934 -1.26438 -1.21284 2
-0.75940 -0.67475 1.45328 -1.07410 -1.13746 -1.06430 -1.13429 -1.10094 -1.07736 -1.10509 2
-0.75940 -0.67475 1.45328 -0.57449 -0.63363 -0.82522 -0.87327 -0.88018 -0.95876 -0.81055 2
-0.75940 1.48167 -0.68794 -0.53285 -0.43210 -0.34706 -0.71421 -0.69096 -0.69419 -0.70279 2
-0.75940 -0.67475 1.45328 -0.44959 -0.43210 -0.94476 -0.85186 -0.83062 -0.86753 -0.74590 2
-0.75940 -0.67475 1.45328 -0.40795 -0.28095 -0.46660 -0.79068 -0.81485 -0.84016 -0.63455 2
-0.75940 -0.67475 1.45328 -0.15815 -0.02903 -0.22752 -0.46339 -0.26071 -0.64402 -0.42263 2
-0.75940 1.48167 -0.68794 0.34147 0.42441 0.13110 0.04233 0.27992 -0.11033 -0.09936 2
1.31652 -0.67475 -0.68794 0.50801 0.42441 0.96788 -0.05963 -0.10528 0.04476 -0.01315 2
-0.75940 -0.67475 1.45328 -0.99083 -0.98631 -1.06430 -0.99154 -0.81485 -1.06367 -1.10149 2
1.31652 -0.67475 -0.68794 -0.32468 -0.18018 -1.30338 -0.37775 -0.29224 -0.70788 -0.29332 2
-0.75940 1.48167 -0.68794 0.29983 0.22288 0.25064 0.09331 0.42184 -0.17875 -0.13528 2
1.31652 -0.67475 -0.68794 0.54964 0.32365 0.25064 0.08923 0.12449 0.31389 0.04432 2
-0.75940 1.48167 -0.68794 0.54964 0.52518 0.13110 0.32986 0.42184 0.36406 0.25983 2
-0.75940 -0.67475 1.45328 -1.15737 -1.18784 -1.18384 -1.20770 -1.16852 -1.18683 -1.16974 2
-0.75940 -0.67475 1.45328 -0.82430 -0.83516 -0.70568 -1.04354 -1.01083 -1.20964 -1.06917 2
-0.75940 -0.67475 1.45328 -0.24141 -0.07942 -0.82522 -0.46237 -0.49048 -0.49349 -0.35079 2
-0.75940 -0.67475 1.45328 -0.19978 -0.18018 -0.46660 -0.47563 -0.51300 -0.30647 -0.47291 2
-0.75940 -0.67475 1.45328 -0.07488 -0.12980 -0.34706 -0.33696 -0.17736 -0.37033 -0.49447 2
1.31652 -0.67475 -0.68794 0.00839 0.07173 0.13110 0.03315 -0.03094 -0.15594 0.34963 2
-0.75940 -0.67475 1.45328 0.21656 0.17250 0.25064 -0.12692 -0.09176 -0.04191 -0.20711 2
-0.75940 -0.67475 1.45328 0.25820 0.27326 0.01156 -0.12998 0.15828 -0.27910 -0.23585 2
-0.75940 1.48167 -0.68794 0.46637 0.27326 0.25064 0.01072 0.30921 -0.26542 -0.06344 2
-0.75940 1.48167 -0.68794 0.67454 0.72671 0.01156 0.33088 0.51420 0.49178 0.00840 2
-0.75940 1.48167 -0.68794 -0.28305 -0.53286 0.48972 0.10351 -0.04896 0.31389 0.31371 2
-0.75940 -0.67475 1.45328 -0.24141 -0.28095 0.13110 -0.67037 -0.69547 -0.29735 -0.63455 2
1.31652 -0.67475 -0.68794 0.25820 0.27326 0.01156 -0.16159 -0.08275 -0.14682 -0.17838 2
1.31652 -0.67475 -0.68794 0.25820 0.02135 -0.34706 -0.46849 -0.56256 -0.31103 -0.32205 2
1.31652 -0.67475 -0.68794 -0.61612 -0.78478 -0.82522 -0.67955 -0.45894 -0.89946 -0.78900 2
-0.75940 -0.67475 1.45328 -0.28305 -0.38171 -0.70568 -0.59288 -0.39812 -0.70332 -0.71716 2
1.31652 -0.67475 -0.68794 0.00839 -0.23057 -0.94476 -0.64692 -0.51075 -0.73069 -0.67047 2
-0.75940 1.48167 -0.68794 -0.15815 -0.18018 -0.58614 -0.34410 -0.24719 -0.22893 -0.45855 2
1.31652 -0.67475 -0.68794 -0.44959 -0.33133 -0.58614 -0.82025 -0.85991 -0.95876 -0.63814 2
-0.75940 1.48167 -0.68794 -0.69939 -0.78478 -0.58614 -0.87327 -0.97479 -0.61665 -0.85365 2
1.31652 -0.67475 -0.68794 -0.78266 -0.73439 -0.58614 -0.86205 -0.87117 -0.79455 -0.74590 2
-0.75940 1.48167 -0.68794 0.96598 0.92824 0.25064 0.49299 0.05241 0.82021 0.87045 2
-0.75940 -0.67475 1.45328 -1.65698 -2.09474 -1.42292 -1.48707 -1.44109 -1.44227 -1.48583 2
-0.75940 1.48167 -0.68794 -1.28227 -1.33899 -1.42292 -1.22707 -1.20005 -1.07736 -1.21284 2
-0.75940 -0.67475 1.45328 -0.86593 -0.88554 -0.94476 -0.99664 -0.83288 -1.19139 -1.03684 2
1.31652 -0.67475 -0.68794 -0.49122 -0.33133 -0.70568 -0.67037 -0.67294 -0.61665 -0.63455 2
-0.75940 1.48167 -0.68794 -0.44959 -0.33133 -0.46660 -0.46339 -0.37334 -0.32016 -0.74590 2
-0.75940 1.48167 -0.68794 0.63291 0.92824 0.37018 1.02624 1.18998 0.93880 0.79861 2
-0.75940 -0.67475 1.45328 -0.40795 -0.53286 -0.82522 -0.73562 -0.71349 -0.63033 -0.85365 2
-0.75940 1.48167 -0.68794 0.05003 -0.02903 0.25064 0.12288 0.20784 0.42792 -0.17120 2
-0.75940 1.48167 -0.68794 0.38310 0.27326 0.01156 0.06068 0.14026 0.14055 -0.06703 2
1.31652 -0.67475 -0.68794 0.71618 0.72671 0.25064 0.65409 0.92192 0.85214 0.18081 2
-0.75940 -0.67475 1.45328 -0.90756 -0.93593 -0.94476 -0.94668 -0.82386 -0.92227 -1.03325 2
-0.75940 -0.67475 1.45328 -0.19978 -0.18018 -0.34706 -0.50112 -0.29450 -0.44331 -0.56271 2
-0.75940 -0.67475 1.45328 0.25820 0.17250 -0.22752 -0.36857 -0.34180 -0.43419 -0.20352 2
-0.75940 1.48167 -0.68794 0.42474 0.72671 0.25064 0.13919 0.28893 0.09038 0.06587 2
1.31652 -0.67475 -0.68794 0.46637 0.47480 -0.22752 0.04743 0.22811 -0.07384 -0.09936 2
-0.75940 -0.67475 1.45328 -0.57449 -0.68401 -0.58614 -0.69892 -0.44317 -1.04999 -0.77104 2
-0.75940 -0.67475 1.45328 -0.32468 -0.43210 0.01156 -0.77743 -0.76530 -0.80367 -0.05985 2
-0.75940 -0.67475 1.45328 0.00839 -0.23057 -0.22752 -0.45218 -0.55805 -0.50718 -0.31487 2
-0.75940 1.48167 -0.68794 0.38310 0.17250 -0.22752 -0.09532 0.04565 -0.05559 -0.30410 2
1.31652 -0.67475 -0.68794 0.84108 0.92824 -0.22752 0.51644 0.98725 0.21810 0.08024 2
-0.75940 -0.67475 1.45328 -0.44959 -0.23057 -0.22752 -0.49296 -0.42965 -0.58016 -0.46573 2
1.31652 -0.67475 -0.68794 -0.15815 -0.43210 -0.58614 -0.62755 -0.49273 -0.77174 -0.63814 2
-0.75940 -0.67475 1.45328 -0.03324 -0.07942 -0.70568 -0.47257 -0.29675 -0.59384 -0.56630 2
1.31652 -0.67475 -0.68794 -0.03324 0.57556 0.25064 0.24829 0.43535 0.16792 0.11616 2
-0.75940 -0.67475 1.45328 0.17493 0.22288 -0.22752 -0.14120 -0.00616 -0.25173 -0.23944 2
1.31652 -0.67475 -0.68794 0.46637 0.57556 0.25064 0.15856 0.05241 0.14511 0.36759 2
-0.75940 -0.67475 1.45328 -0.78266 -0.63363 -0.58614 -0.81413 -0.66393 -0.66226 -0.93268 2
1.31652 -0.67475 -0.68794 -0.32468 -0.43210 0.37018 0.40837 0.28893 0.43705 0.53281 2
1.31652 -0.67475 -0.68794 -0.28305 -0.53286 0.37018 0.31048 0.47590 0.19073 0.08383 2
-0.75940 1.48167 -0.68794 0.00839 0.02135 -0.10798 -0.07798 0.21234 0.15880 -0.44418 2
-0.75940 -0.67475 1.45328 0.59127 0.22288 0.60926 0.31762 0.41959 0.24090 0.24187 2
-0.75940 -0.67475 1.45328 -0.82430 -0.88554 -1.30338 -1.15570 -1.06264 -1.03630 -1.19488 2
-0.75940 1.48167 -0.68794 0.21656 0.22288 0.25064 -0.35429 -0.43191 -0.53454 -0.12809 2
-0.75940 -0.67475 1.45328 -1.07410 -1.08708 -0.46660 -1.07923 -1.04913 -1.02718 -1.07276 2
-0.75940 1.48167 -0.68794 -0.44959 -0.48248 -0.94476 -0.73053 -0.88243 -0.83560 -0.72075 2
1.31652 -0.67475 -0.68794 -0.11651 0.07173 0.13110 -0.15853 -0.13456 0.02651 -0.25740 2
-0.75940 -0.67475 1.45328 -1.49045 -1.23822 -0.94476 -1.23625 -1.22934 -1.11841 -1.17692 2
-0.75940 -0.67475 1.45328 -0.57449 -0.33133 -0.34706 -0.60308 -0.56932 -0.68051 -0.38671 2
-0.75940 -0.67475 1.45328 -0.40795 -0.43210 0.01156 -0.76315 -0.84864 -0.57104 -0.58067 2
-0.75940 -0.67475 1.45328 -0.36632 -0.53286 -0.58614 -0.51029 -0.49273 -0.68051 -0.39389 2
1.31652 -0.67475 -0.68794 0.54964 0.62595 -0.10798 0.69283 0.80929 0.89775 0.29575 2
-0.75940 -0.67475 1.45328 -0.24141 -0.07942 0.13110 -0.51131 -0.47245 -0.45700 -0.53398 2
-0.75940 1.48167 -0.68794 0.25820 0.32365 0.13110 0.10758 0.31822 0.15424 -0.16760 2
1.31652 -0.67475 -0.68794 0.21656 0.32365 0.48972 0.31864 0.47365 0.18617 0.22391 2
1.31652 -0.67475 -0.68794 0.42474 0.32365 0.13110 0.08413 0.15828 0.35494 -0.09936 2
-0.75940 -0.67475 1.45328 -0.61612 -0.58325 -0.70568 -0.64182 -0.47921 -0.69419 -0.70998 2
-0.75940 -0.67475 1.45328 0.05003 0.12212 -0.22752 -0.34818 -0.28549 -0.51174 -0.29332 2
1.31652 -0.67475 -0.68794 0.09166 0.07173 -0.10798 -0.09939 -0.19313 -0.10577 -0.01674 2
1.31652 -0.67475 -0.68794 0.63291 0.62595 0.25064 0.20241 0.28443 0.02195 0.25983 2
-0.75940 -0.67475 1.45328 -0.57449 -0.38171 -0.70568 -0.64182 -0.54454 -0.52086 -0.81055 2
-0.75940 -0.67475 1.45328 -0.24141 -0.33133 -0.58614 -0.51641 -0.22241 -0.60297 -0.71357 2
-0.75940 -0.67475 1.45328 -0.69939 -0.68401 -0.82522 -0.98848 -1.06490 -0.90858 -0.81773 2
-0.75940 -0.67475 1.45328 -0.69939 -0.88554 -1.06430 -1.02213 -0.94551 -1.10929 -0.99733 2
-0.75940 -0.67475 1.45328 -0.32468 -0.43210 -0.34706 -0.82127 -0.88469 -0.76718 -0.63096 2
-0.75940 -0.67475 1.45328 0.21656 0.42441 0.01156 -0.15445 -0.06698 -0.43875 0.00840 2
1.31652 -0.67475 -0.68794 0.46637 0.42441 0.37018 -0.00253 -0.17286 0.15424 0.04073 2
-0.75940 -0.67475 1.45328 -0.53285 -0.68401 -0.94476 -0.90284 -0.80584 -0.84928 -1.02247 2
1.31652 -0.67475 -0.68794 0.38310 0.42441 0.01156 0.20139 0.52996 -0.18331 0.09101 2
1.31652 -0.67475 -0.68794 -0.94920 -0.73439 -0.58614 -0.79170 -0.76304 -0.87209 -0.74590 2
-0.75940 1.48167 -0.68794 -0.44959 -0.58325 -0.58614 -0.69688 -0.73827 -0.48893 -0.60222 2
1.31652 -0.67475 -0.68794 -0.32468 -0.18018 -0.46660 -0.46849 -0.48822 -0.42051 -0.50165 2
1.31652 -0.67475 -0.68794 0.71618 0.82748 0.48972 0.64695 1.07060 0.59670 0.18799 2
-0.75940 1.48167 -0.68794 0.46637 0.52518 -0.10798 0.19833 0.19432 0.25003 0.25983 2
1.31652 -0.67475 -0.68794 -0.07488 -0.18018 -0.46660 -0.44096 -0.25846 -0.40226 -0.69920 2
-0.75940 -0.67475 1.45328 -0.57449 -0.73439 -0.82522 -0.86307 -0.83062 -0.80823 -0.86443 2
-0.75940 -0.67475 1.45328 -0.19978 -0.48248 -0.46660 -0.79476 -0.77431 -0.68507 -0.77822 2
1.31652 -0.67475 -0.68794 0.21656 -0.23057 -0.22752 -0.20645 -0.07374 -0.16507 -0.35079 2
-0.75940 -0.67475 1.45328 -0.07488 -0.07942 0.01156 -0.22888 -0.04446 -0.19243 -0.43340 2
1.31652 -0.67475 -0.68794 0.25820 0.27326 0.13110 0.18711 0.20108 0.42792 0.11616 2
1.31652 -0.67475 -0.68794 -1.40718 -1.18784 -1.18384 -1.02213 -1.01534 -0.86297 -1.06917 2
-0.75940 1.48167 -0.68794 -0.61612 -0.73439 -0.82522 -0.82331 -0.77881 -0.81735 -0.88957 2
1.31652 -0.67475 -0.68794 -0.49122 -0.48248 -0.82522 -0.81107 -0.84414 -0.67139 -0.45855 2
-0.75940 -0.67475 1.45328 -0.74103 -0.88554 -1.42292 -1.01194 -0.95001 -1.06823 -0.96141 2
1.31652 -0.67475 -0.68794 -0.82430 -0.58325 -0.82522 -0.88856 -1.03336 -1.07279 -0.53038 2
-0.75940 1.48167 -0.68794 0.29983 0.22288 0.25064 0.10962 -0.05797 -0.07840 0.51126 2
-0.75940 1.48167 -0.68794 -0.69939 -0.58325 -0.34706 -0.86715 -0.83062 -1.07279 -0.78900 2
1.31652 -0.67475 -0.68794 -1.49045 -1.54052 -1.18384 -1.28111 -1.19555 -1.37841 -1.26313 2
-0.75940 1.48167 -0.68794 -0.61612 -0.63363 -0.46660 -0.84064 -0.87342 -0.78086 -0.74590 2
-0.75940 1.48167 -0.68794 -0.65776 -0.83516 -0.34706 -0.76213 -0.81485 -0.62121 -0.70998 2
-0.75940 1.48167 -0.68794 -0.19978 -0.38171 -0.10798 -0.77233 -0.84639 -0.68507 -0.60222 2
1.31652 -0.67475 -0.68794 -0.07488 0.47480 -0.10798 -0.21665 -0.28999 -0.16507 -0.02752 2
1.31652 -0.67475 -0.68794 -1.11574 -1.08708 -1.18384 -1.06699 -0.97479 -1.05911 -1.10509 2
-0.75940 -0.67475 1.45328 -1.36554 -1.28861 -0.82522 -1.28417 -1.30593 -1.23701 -1.14100 2
-0.75940 -0.67475 1.45328 -1.32391 -1.49014 -0.58614 -1.24542 -1.19780 -1.24157 -1.21284 2
1.31652 -0.67475 -0.68794 -1.15737 -1.08708 -1.06430 -1.20056 -1.22033 -1.10929 -1.10509 2
-0.75940 -0.67475 1.45328 -0.44959 -0.48248 -0.22752 -0.62449 -0.72700 -0.67595 -0.53038 2
1.31652 -0.67475 -0.68794 -0.61612 -0.68401 -0.22752 -0.93241 -0.89595 -0.92227 -0.96141 2
1.31652 -0.67475 -0.68794 -1.44881 -1.54052 -1.42292 -1.29946 -1.25862 -1.29631 -1.26313 2
-0.75940 1.48167 -0.68794 -0.15815 -0.18018 0.48972 -0.37673 -0.50399 0.19985 -0.54116 2
1.31652 -0.67475 -0.68794 0.38310 0.47480 0.25064 0.25135 0.13575 0.31845 0.25624 2
1.31652 -0.67475 -0.68794 0.67454 0.47480 0.48972 0.56029 0.27767 1.10302 0.61902 2
1.31652 -0.67475 -0.68794 0.92435 1.02901 0.72880 1.07416 1.16971 1.13495 1.08596 2
1.31652 -0.67475 -0.68794 -0.15815 0.02135 -0.34706 -0.38080 -0.31702 -0.43419 -0.60222 2
-0.75940 1.48167 -0.68794 0.29983 0.47480 0.48972 0.28194 0.41959 0.24090 0.25265 2
-0.75940 1.48167 -0.68794 0.42474 0.52518 0.48972 0.55927 0.80479 0.36862 0.07305 2
1.31652 -0.67475 -0.68794 0.59127 0.47480 0.25064 0.43895 0.71468 0.36406 0.22391 2
1.31652 -0.67475 -0.68794 0.42474 0.37403 0.72880 0.39511 0.85434 0.33669 -0.07781 2
-0.75940 1.48167 -0.68794 0.63291 0.67633 0.48972 0.40327 0.56601 0.62863 0.12693 2
-0.75940 1.48167 -0.68794 0.75781 0.57556 0.25064 0.19221 0.46013 0.01739 0.01917 2
-0.75940 1.48167 -0.68794 0.84108 0.77709 0.84834 1.11291 1.68556 0.82933 0.66931 2
-0.75940 1.48167 -0.68794 0.92435 0.87786 -2.97693 0.66836 0.68540 1.16232 0.35681 2
-0.75940 1.48167 -0.68794 1.04925 0.92824 1.20696 1.29542 1.27108 1.44513 1.33380 2
-0.75940 1.48167 -0.68794 1.21579 0.97863 1.56558 1.09252 1.11790 1.11214 0.82016 2
-0.75940 1.48167 -0.68794 1.38233 1.33131 0.37018 1.27502 1.19224 1.18512 1.08596 2
-0.75940 -0.67475 1.45328 -0.19978 -0.12980 0.01156 -0.42261 -0.30126 -0.54823 -0.31487 2
-0.75940 -0.67475 1.45328 -0.03324 -0.12980 -0.34706 -0.33798 -0.26521 -0.45244 -0.34720 2
-0.75940 -0.67475 1.45328 0.00839 -0.07942 -0.34706 -0.26967 0.04340 -0.38402 -0.53757 2
-0.75940 -0.67475 1.45328 0.05003 0.07173 -0.70568 -0.51845 -0.48147 -0.52086 -0.35797 2
-0.75940 -0.67475 1.45328 0.05003 0.17250 -0.22752 -0.12488 0.26866 -0.54823 -0.20711 2
-0.75940 1.48167 -0.68794 0.09166 0.02135 -0.22752 -0.23296 -0.10978 -0.33384 -0.22507 2
1.31652 -0.67475 -0.68794 0.09166 0.27326 0.25064 -0.22786 -0.05347 -0.32928 -0.32205 2
-0.75940 -0.67475 1.45328 0.13330 0.12212 0.01156 -0.20849 -0.17511 -0.32928 -0.07062 2
-0.75940 1.48167 -0.68794 0.17493 0.37403 0.25064 -0.05861 -0.02643 -0.16050 -0.22867 2
-0.75940 -0.67475 1.45328 0.21656 0.17250 -0.10798 -0.20034 -0.12104 -0.23805 -0.17120 2
-0.75940 -0.67475 1.45328 0.25820 0.22288 0.01156 -0.12692 -0.08275 -0.14226 -0.06344 2
-0.75940 -0.67475 1.45328 0.29983 0.17250 -0.10798 -0.01681 0.05466 0.04020 -0.02034 2
-0.75940 1.48167 -0.68794 0.38310 0.52518 -0.10798 0.30742 0.16954 0.65599 0.19158 2
-0.75940 1.48167 -0.68794 0.42474 0.72671 0.60926 0.50829 0.68314 0.26371 0.48253 2
-0.75940 1.48167 -0.68794 0.92435 0.92824 0.60926 1.28624 1.55716 0.76547 1.08596 2
1.31652 -0.67475 -0.68794 1.34069 1.38169 1.56558 1.96529 2.05049 2.14759 1.59601 2
-0.75940 1.48167 -0.68794 0.17493 0.02135 0.01156 -0.17994 -0.01292 -0.02822 -0.25740 2
1.31652 -0.67475 -0.68794 0.21656 0.17250 0.48972 -0.07289 -0.07374 0.20897 -0.17120 2
1.31652 -0.67475 -0.68794 0.42474 0.57556 0.25064 0.51236 1.06158 0.23634 -0.00597 2
-0.75940 1.48167 -0.68794 0.46637 0.27326 0.01156 0.25339 0.52095 0.32757 -0.21071 2
1.31652 -0.67475 -0.68794 0.63291 0.57556 1.44604 0.87738 1.26657 0.16336 0.84890 2
1.31652 -0.67475 -0.68794 0.79945 0.72671 0.60926 0.49707 0.55024 0.49634 0.52563 2
-0.75940 1.48167 -0.68794 0.96598 1.07939 1.56558 1.43714 1.37019 1.40407 1.17576 2
-0.75940 -0.67475 1.45328 -0.03324 0.02135 0.13110 -0.37265 -0.28323 -0.19243 -0.53038 2
-0.75940 -0.67475 1.45328 0.00839 -0.18018 -0.46660 -0.33594 -0.21566 -0.30647 -0.43699 2
-0.75940 -0.67475 1.45328 0.13330 0.17250 0.01156 -0.17688 -0.17736 -0.37489 0.08024 2
-0.75940 -0.67475 1.45328 0.25820 -0.12980 -0.22752 -0.55108 -0.61888 -0.51174 -0.49447 2
1.31652 -0.67475 -0.68794 0.42474 0.37403 0.48972 0.02092 0.18531 0.15880 0.00122 2
-0.75940 -0.67475 1.45328 0.46637 0.37403 -0.34706 -0.24316 -0.25395 -0.36577 -0.02752 2
1.31652 -0.67475 -0.68794 0.63291 0.72671 0.60926 0.17896 0.24388 0.14511 0.24187 2
-0.75940 1.48167 -0.68794 0.67454 0.47480 0.13110 0.30335 0.48942 -0.02822 0.25983 2
-0.75940 -0.67475 1.45328 0.67454 0.62595 0.13110 -0.05351 0.08845 0.41880 -0.13528 2
-0.75940 1.48167 -0.68794 0.67454 0.62595 0.37018 0.29621 0.15152 0.39599 0.68727 2
1.31652 -0.67475 -0.68794 0.71618 0.62595 0.72880 0.59087 0.73495 0.54652 0.51126 2
-0.75940 -0.67475 1.45328 0.84108 0.77709 0.25064 0.43895 0.35426 0.96617 0.28138 3
1.31652 -0.67475 -0.68794 0.88272 0.97863 0.72880 0.53582 0.46013 0.77915 0.43943 3
1.31652 -0.67475 -0.68794 1.00762 1.02901 1.20696 1.31683 1.10664 1.49986 1.73250 3
1.31652 -0.67475 -0.68794 -0.07488 -0.58325 0.37018 0.19119 0.26641 0.15880 0.24546 3
1.31652 -0.67475 -0.68794 0.63291 0.57556 0.60926 0.42672 0.62232 0.36406 0.08742 3
1.31652 -0.67475 -0.68794 0.67454 0.67633 0.84834 0.86413 0.89264 1.13951 0.74833 3
1.31652 -0.67475 -0.68794 0.84108 0.87786 0.84834 0.86718 1.00076 0.96161 0.57232 3
-0.75940 -0.67475 1.45328 -0.03324 0.07173 0.01156 -0.38998 -0.23142 -0.42963 -0.50883 3
-0.75940 -0.67475 1.45328 0.00839 0.07173 -0.46660 -0.47461 -0.35532 -0.55279 -0.49806 3
-0.75940 -0.67475 1.45328 0.25820 0.42441 0.84834 -0.18504 -0.24944 -0.04647 -0.13528 3
-0.75940 -0.67475 1.45328 0.29983 0.37403 0.60926 0.00664 -0.06248 -0.01454 0.28857 3
1.31652 -0.67475 -0.68794 0.38310 0.32365 0.84834 0.22994 0.09521 0.43705 0.31730 3
-0.75940 1.48167 -0.68794 0.38310 0.32365 -0.46660 -0.05249 0.10197 -0.25630 -0.03470 3
-0.75940 1.48167 -0.68794 0.46637 0.42441 1.32650 -0.00457 0.19883 -0.06928 -0.09936 3
1.31652 -0.67475 -0.68794 0.75781 0.62595 0.25064 0.52766 0.62232 0.93424 0.21314 3
1.31652 -0.67475 -0.68794 0.96598 0.82748 0.37018 0.61127 0.52996 0.80652 0.72678 3
1.31652 -0.67475 -0.68794 1.09089 1.12978 0.72880 0.64389 0.76874 0.38687 0.78425 3
1.31652 -0.67475 -0.68794 -0.15815 -0.18018 -0.46660 -0.35837 -0.12555 -0.38402 -0.51602 3
1.31652 -0.67475 -0.68794 -0.07488 -0.07942 0.01156 -0.39814 -0.32153 -0.32472 -0.50883 3
-0.75940 1.48167 -0.68794 0.05003 0.22288 0.25064 -0.17892 -0.15483 0.04476 -0.30769 3
1.31652 -0.67475 -0.68794 0.34147 0.37403 0.13110 0.19731 0.33849 0.28652 0.06228 3
1.31652 -0.67475 -0.68794 0.46637 0.52518 0.48972 0.47770 0.69215 0.82021 0.17003 3
1.31652 -0.67475 -0.68794 1.13252 1.07939 1.32650 1.50239 1.69007 1.57285 1.05723 3
-0.75940 1.48167 -0.68794 0.13330 0.12212 -0.22752 -0.15955 0.03889 -0.11945 -0.39030 3
1.31652 -0.67475 -0.68794 0.21656 0.02135 -0.22752 0.08515 0.38805 0.28196 -0.18556 3
-0.75940 1.48167 -0.68794 0.34147 0.32365 -0.10798 0.00256 0.15152 -0.06471 -0.00597 3
1.31652 -0.67475 -0.68794 1.00762 0.87786 0.25064 0.77644 1.09763 0.38231 0.71959 3
1.31652 -0.67475 -0.68794 -0.69939 -0.58325 -0.70568 -0.75500 -0.71799 -0.84016 -0.78182 3
1.31652 -0.67475 -0.68794 -0.57449 -0.58325 -0.82522 -0.87225 -0.90946 -0.89034 -0.74590 3
-0.75940 -0.67475 1.45328 -0.99083 -0.93593 -0.82522 -0.98237 -0.89595 -0.93139 -0.99733 3
-0.75940 1.48167 -0.68794 -0.19978 -0.12980 0.25064 -0.23296 -0.16159 -0.06928 -0.31487 3
1.31652 -0.67475 -0.68794 -0.53285 -0.33133 -0.22752 -0.52049 -0.49048 -0.56191 -0.31487 3
-0.75940 -0.67475 1.45328 -0.86593 -1.03669 -0.70568 -1.11899 -1.19555 -0.93139 -1.02966 3
-0.75940 1.48167 -0.68794 -1.28227 -1.23822 -0.82522 -1.13939 -1.11220 -1.11385 -1.11586 3
1.31652 -0.67475 -0.68794 -1.03247 -1.03669 -0.22752 -1.09146 -1.18654 -1.03174 -0.96141 3
1.31652 -0.67475 -0.68794 -0.07488 -0.12980 -0.46660 -0.37265 -0.33504 -0.40226 -0.48010 3
1.31652 -0.67475 -0.68794 0.13330 0.27326 0.01156 -0.19218 -0.13231 -0.19243 -0.18556 3
-0.75940 1.48167 -0.68794 0.59127 0.62595 0.37018 0.71119 0.82281 0.80652 0.51126 3
1.31652 -0.67475 -0.68794 -0.19978 -0.28095 -0.46660 -0.51437 -0.38911 -0.41595 -0.67406 3
1.31652 -0.67475 -0.68794 0.38310 0.42441 -0.10798 0.39001 0.84083 0.21353 0.08024 3
-0.75940 1.48167 -0.68794 0.38310 0.22288 0.48972 -0.03618 0.12674 -0.19700 -0.07421 3
-0.75940 1.48167 -0.68794 0.75781 0.67633 0.72880 0.46138 0.82731 0.59670 -0.03111 3
-0.75940 1.48167 -0.68794 0.75781 0.62595 0.37018 0.52052 1.03230 0.25915 0.05150 3
1.31652 -0.67475 -0.68794 0.79945 0.82748 0.37018 0.55315 0.65611 0.61038 0.51126 3
-0.75940 1.48167 -0.68794 0.84108 0.82748 0.37018 0.58374 0.56150 0.87951 0.50767 3
-0.75940 1.48167 -0.68794 1.17416 0.97863 0.60926 1.06091 1.07735 1.24898 0.87045 3
-0.75940 1.48167 -0.68794 -0.07488 -0.12980 -0.10798 -0.63774 -0.71123 -0.44331 -0.55194 3
-0.75940 -0.67475 1.45328 0.50801 0.12212 0.13110 -0.31657 -0.31477 -0.42051 -0.13528 3
1.31652 -0.67475 -0.68794 0.63291 0.42441 0.13110 0.09841 0.32948 -0.23349 0.00840 3
1.31652 -0.67475 -0.68794 1.04925 1.12978 0.37018 1.09965 1.16746 0.97986 0.90637 3
-0.75940 1.48167 -0.68794 0.13330 0.12212 0.01156 -0.05147 0.09295 -0.00085 -0.20711 3
-0.75940 -0.67475 1.45328 -0.15815 0.17250 -0.34706 -0.44300 -0.51525 -0.39314 -0.27895 3
-0.75940 -0.67475 1.45328 0.29983 0.27326 -0.22752 -0.10551 -0.02418 -0.06928 -0.12091 3
-0.75940 -0.67475 1.45328 0.42474 0.47480 0.48972 0.32782 0.61106 0.13143 0.05150 3
-0.75940 1.48167 -0.68794 -0.11651 -0.38171 1.68512 0.72240 0.66963 1.01635 0.74833 3
1.31652 -0.67475 -0.68794 0.25820 0.17250 0.25064 0.09025 0.46464 0.03564 -0.30410 3
1.31652 -0.67475 -0.68794 0.71618 0.67633 0.84834 0.39817 0.22361 0.73354 0.59747 3
-0.75940 1.48167 -0.68794 0.84108 0.82748 -0.70568 0.62656 0.75297 0.09950 0.38555 3
1.31652 -0.67475 -0.68794 0.96598 0.77709 0.48972 0.36146 0.43535 0.40055 0.32089 3
-0.75940 -0.67475 1.45328 -0.40795 -0.33133 -0.70568 -0.76009 -0.79909 -0.74437 -0.56630 3
1.31652 -0.67475 -0.68794 0.29983 0.42441 0.13110 0.13307 0.13125 0.26371 0.18081 3
1.31652 -0.67475 -0.68794 0.54964 0.27326 0.60926 0.30131 0.41959 0.53740 -0.02752 3
1.31652 -0.67475 -0.68794 -0.53285 -0.58325 -0.34706 -0.63672 -0.76980 -0.60297 -0.38671 3
1.31652 -0.67475 -0.68794 -0.82430 -0.73439 -0.94476 -0.85696 -0.82837 -0.80823 -0.74590 3
1.31652 -0.67475 -0.68794 -0.15815 -0.23057 -0.70568 -0.35429 -0.18412 -0.27910 -0.38671 3
-0.75940 -0.67475 1.45328 -0.32468 -0.53286 -0.46660 -0.65304 -0.67294 -0.53454 -0.74590 3
1.31652 -0.67475 -0.68794 -0.94920 -0.93593 -1.06430 -1.06597 -1.07391 -0.97700 -1.06917 3
-0.75940 -0.67475 1.45328 -1.44881 -1.43976 -0.70568 -1.26378 -1.32170 -1.10929 -1.17692 3
-0.75940 1.48167 -0.68794 -0.28305 -0.07942 -0.58614 -0.52967 -0.46570 -0.43875 -0.67406 3
1.31652 -0.67475 -0.68794 0.63291 0.67633 0.37018 0.63166 0.64260 0.44617 0.51126 3
1.31652 -0.67475 -0.68794 0.79945 0.77709 0.60926 0.61942 0.73946 0.63775 0.31371 3
-0.75940 1.48167 -0.68794 0.96598 0.72671 1.32650 0.64185 0.59529 0.49178 0.82016 3
-0.75940 1.48167 -0.68794 0.50801 0.42441 0.13110 0.31558 0.56375 0.56020 -0.13528 3
1.31652 -0.67475 -0.68794 1.04925 0.97863 0.96788 1.30561 1.58645 1.39495 1.01413 3
-0.75940 -0.67475 1.45328 -1.03247 -1.43976 -0.94476 -1.12409 -1.05814 -1.09560 -1.14100 3
-0.75940 -0.67475 1.45328 -0.19978 -0.43210 -0.34706 -0.61327 -0.58734 -0.70788 -0.53398 3
-0.75940 -0.67475 1.45328 0.09166 0.02135 -0.22752 -0.45116 -0.41163 -0.52998 -0.29691 3
-0.75940 -0.67475 1.45328 0.38310 0.12212 -0.22752 -0.11061 -0.02643 -0.27454 -0.01674 3
1.31652 -0.67475 -0.68794 0.46637 0.62595 0.60926 0.43284 0.81380 -0.13314 0.28857 3
1.31652 -0.67475 -0.68794 0.84108 0.72671 0.48972 0.63777 0.99175 0.30932 0.36759 3
-0.75940 1.48167 -0.68794 0.96598 0.92824 0.72880 0.88860 0.92643 1.43144 0.54718 3
-0.75940 1.48167 -0.68794 1.17416 0.92824 0.84834 1.23730 1.27784 1.49986 0.94229 3
-0.75940 -0.67475 1.45328 -0.07488 -0.02903 -0.22752 -0.52151 -0.65942 -0.42507 -0.31487 3
-0.75940 -0.67475 1.45328 0.05003 0.12212 0.01156 -0.31045 -0.46570 0.04476 -0.22148 3
1.31652 -0.67475 -0.68794 0.05003 0.02135 -0.34706 -0.12183 -0.06022 -0.06928 -0.17120 3
1.31652 -0.67475 -0.68794 0.17493 0.02135 0.01156 -0.18708 -0.04671 -0.27910 -0.19275 3
-0.75940 -0.67475 1.45328 0.25820 0.22288 0.25064 -0.09328 -0.06473 -0.04647 0.05869 3
1.31652 -0.67475 -0.68794 -0.78266 -0.98631 -0.22752 -0.36755 -0.38686 -0.16050 -0.39389 3
1.31652 -0.67475 -0.68794 -0.24141 -0.33133 0.37018 0.30029 0.40832 0.43705 0.06228 3
-0.75940 1.48167 -0.68794 0.92435 0.97863 0.72880 0.88656 0.68765 1.29004 0.83453 3
-0.75940 1.48167 -0.68794 1.04925 1.18016 0.60926 0.83456 1.29586 0.61950 0.44302 3
1.31652 -0.67475 -0.68794 0.42474 0.57556 -0.46660 0.45833 0.70567 0.34582 -0.02752 3
1.31652 -0.67475 -0.68794 -0.82430 -1.03669 -0.70568 -0.95790 -0.83963 -0.84928 -1.01529 3
1.31652 -0.67475 -0.68794 -0.65776 -0.38171 -0.34706 -0.63978 -0.49498 -0.85385 -0.57349 3
-0.75940 1.48167 -0.68794 -0.28305 -0.23057 0.48972 -0.35226 -0.51300 -0.08752 -0.24303 3
1.31652 -0.67475 -0.68794 -1.90679 -1.84282 -1.18384 -1.40754 -1.40279 -1.22788 -1.35652 3
1.31652 -0.67475 -0.68794 1.34069 1.02901 0.96788 1.27604 1.22603 1.18512 0.96025 3
1.31652 -0.67475 -0.68794 0.50801 0.57556 0.25064 0.30844 0.32498 0.67424 0.05869 3
1.31652 -0.67475 -0.68794 0.75781 1.23054 0.72880 0.59393 0.98274 0.26371 0.33885 3
1.31652 -0.67475 -0.68794 0.84108 0.87786 0.37018 0.40021 0.45338 0.12687 0.72678 3
1.31652 -0.67475 -0.68794 0.63291 0.62595 -0.22752 0.37064 0.28668 0.35038 0.42506 3
1.31652 -0.67475 -0.68794 0.71618 -0.43210 0.37018 0.50523 0.57952 0.62406 0.22391 3
1.31652 -0.67475 -0.68794 1.21579 1.18016 0.96788 1.35149 1.66078 1.48162 1.02131 3
1.31652 -0.67475 -0.68794 -0.11651 0.02135 0.37018 0.92530 0.94445 1.00723 1.01053 3
-0.75940 1.48167 -0.68794 0.29983 0.12212 0.96788 1.70428 1.87478 1.54548 1.53495 3
1.31652 -0.67475 -0.68794 1.04925 1.18016 1.08742 1.05377 1.02104 0.88863 1.06082 3
1.31652 -0.67475 -0.68794 -0.19978 -0.28095 -0.34706 -0.51335 -0.40713 -0.49349 -0.61300 3
-0.75940 -0.67475 1.45328 -1.19901 -1.33899 -0.94476 -1.23013 -1.25862 -1.20052 -1.10509 3
-0.75940 1.48167 -0.68794 0.05003 0.02135 -0.22752 -0.26967 -0.25846 0.11774 -0.27895 3
-0.75940 1.48167 -0.68794 -0.40795 -0.18018 -0.46660 -0.60817 -0.65717 -0.59384 -0.49447 3
-0.75940 1.48167 -0.68794 0.63291 0.62595 0.25064 0.19017 0.01637 0.12231 0.47534 3
-0.75940 1.48167 -0.68794 -0.28305 -0.43210 0.13110 -0.39610 -0.72024 -0.16507 -0.13528 3
-0.75940 1.48167 -0.68794 -0.44959 -0.48248 -0.22752 -0.72747 -0.79909 -0.60753 -0.63814 3
1.31652 -0.67475 -0.68794 0.38310 0.27326 0.13110 0.15652 0.14927 0.50091 0.25983 3
1.31652 -0.67475 -0.68794 -0.61612 -0.58325 -0.94476 -0.94056 -0.95902 -0.72156 -0.85365 3
-0.75940 1.48167 -0.68794 0.50801 0.42441 0.48972 0.50625 0.63133 0.97530 0.08024 3
1.31652 -0.67475 -0.68794 -0.40795 -0.33133 -0.34706 -0.48072 -0.37109 -0.59840 -0.42263 3
-0.75940 -0.67475 1.45328 -1.36554 -1.33899 -0.70568 -1.21382 -1.19104 -1.16859 -1.10509 3
-0.75940 1.48167 -0.68794 0.50801 0.27326 0.84834 0.31252 0.20784 0.62863 0.22391 3
-0.75940 -0.67475 1.45328 -0.32468 -0.38171 -0.22752 -0.75602 -0.80359 -0.61665 -0.73871 3
-0.75940 1.48167 -0.68794 -0.82430 -0.73439 -1.06430 -1.03335 -1.07616 -1.09104 -0.81773 3
1.31652 -0.67475 -0.68794 -1.53208 -1.43976 -1.30338 -1.31578 -1.27214 -1.22788 -1.24876 3
-0.75940 1.48167 -0.68794 -1.07410 -1.13746 -1.06430 -1.23217 -1.26763 -1.15490 -1.14100 3
1.31652 -0.67475 -0.68794 -0.19978 -0.33133 0.25064 -0.39304 -0.47696 -0.32472 -0.35079 3
1.31652 -0.67475 -0.68794 -1.36554 -1.13746 -0.22752 -1.12613 -1.21582 -1.12753 -0.99374 3
1.31652 -0.67475 -0.68794 -0.28305 -0.28095 0.01156 -0.13916 -0.51525 -0.12401 -0.38671 3
-0.75940 1.48167 -0.68794 -0.69939 -0.68401 -0.22752 -0.83453 -0.92974 -0.59384 -0.78182 3
-0.75940 1.48167 -0.68794 0.67454 0.67633 0.84834 1.12820 1.12466 0.47354 1.14703 3
-0.75940 1.48167 -0.68794 0.75781 1.12978 0.25064 1.04969 1.21476 0.72898 0.76269 3
1.31652 -0.67475 -0.68794 1.13252 1.12978 1.20696 1.48710 1.78243 1.07109 1.15780 3
1.31652 -0.67475 -0.68794 0.38310 0.42441 0.37018 0.74687 0.91516 0.69249 0.40351 3
1.31652 -0.67475 -0.68794 0.46637 0.47480 0.25064 0.37370 0.62683 0.28196 0.32089 3
1.31652 -0.67475 -0.68794 0.71618 0.67633 0.37018 0.69181 0.87687 0.53284 0.65135 3
-0.75940 1.48167 -0.68794 0.96598 0.92824 0.84834 1.15267 0.60430 1.00723 1.15780 3
-0.75940 1.48167 -0.68794 1.00762 0.92824 0.48972 0.85189 0.84759 1.33565 0.43943 3
-0.75940 1.48167 -0.68794 1.00762 1.07939 0.25064 0.78154 0.70116 0.22722 1.05005 3
-0.75940 1.48167 -0.68794 1.25743 1.63361 2.04374 1.54624 1.71034 1.08477 1.40923 3
1.31652 -0.67475 -0.68794 1.38233 0.97863 1.44604 2.12741 2.40415 2.01531 1.73250 3
1.31652 -0.67475 -0.68794 0.21656 0.17250 0.25064 0.00562 0.23262 -0.03735 -0.16042 3
-0.75940 -0.67475 1.45328 0.42474 0.27326 -0.22752 -0.04841 -0.19763 0.31845 0.04432 3
1.31652 -0.67475 -0.68794 1.00762 1.23054 1.32650 1.14452 1.29361 1.03916 0.96743 3
-0.75940 1.48167 -0.68794 1.63214 1.73437 1.32650 2.59846 3.00560 2.73146 2.14557 3
-0.75940 1.48167 -0.68794 0.29983 0.37403 0.37018 0.80601 0.88813 1.29460 0.22032 3
1.31652 -0.67475 -0.68794 0.38310 0.27326 0.72880 0.09025 0.10197 0.02195 0.22750 3
-0.75940 -0.67475 1.45328 0.50801 0.67633 0.48972 0.45221 0.54348 0.48722 0.33167 3
1.31652 -0.67475 -0.68794 0.50801 0.67633 0.25064 0.48178 0.77550 0.16792 0.35681 3
1.31652 -0.67475 -0.68794 0.63291 0.67633 0.72880 0.61738 0.66963 0.83389 0.50408 3
-0.75940 1.48167 -0.68794 0.63291 0.47480 0.13110 0.12390 0.26866 -0.08296 0.21673 3
1.31652 -0.67475 -0.68794 0.71618 0.67633 0.72880 0.40327 0.34074 0.48266 0.46457 3
1.31652 -0.67475 -0.68794 0.71618 0.72671 0.72880 0.62860 0.43761 0.99810 0.77706 3
1.31652 -0.67475 -0.68794 0.71618 0.52518 0.48972 0.34923 0.60655 0.14967 0.25983 3
1.31652 -0.67475 -0.68794 0.75781 0.62595 0.60926 0.61025 0.39255 0.35494 0.72678 3
-0.75940 1.48167 -0.68794 1.04925 1.02901 0.72880 1.50545 1.64502 1.53635 1.09315 3
-0.75940 1.48167 -0.68794 1.21579 0.97863 0.84834 0.37880 0.35201 0.82477 0.97462 3
1.31652 -0.67475 -0.68794 1.50723 1.58322 8.97705 2.81666 3.37053 2.79075 1.96238 3
-0.75940 1.48167 -0.68794 0.88272 0.92824 0.84834 0.57456 0.48491 0.79740 0.64775 3
1.31652 -0.67475 -0.68794 0.21656 0.27326 0.01156 -0.13508 -0.14582 -0.11033 0.14489 3
-0.75940 1.48167 -0.68794 0.42474 0.62595 0.37018 0.58578 0.67413 0.52371 0.72678 3
1.31652 -0.67475 -0.68794 0.42474 0.62595 1.08742 0.31864 0.06818 0.33669 0.83453 3
-0.75940 -0.67475 1.45328 0.54964 0.42441 0.13110 0.39409 0.30921 0.79740 0.18799 3
1.31652 -0.67475 -0.68794 0.59127 0.42441 0.01156 0.01888 0.16729 0.12231 -0.15683 3
1.31652 -0.67475 -0.68794 0.71618 0.67633 0.37018 0.31456 0.43761 0.43248 0.19518 3
1.31652 -0.67475 -0.68794 0.75781 0.62595 0.48972 0.38491 0.51194 0.53740 0.29575 3
-0.75940 1.48167 -0.68794 0.92435 0.82748 0.84834 0.84577 0.99626 1.20793 0.47534 3
1.31652 -0.67475 -0.68794 1.00762 1.02901 1.32650 0.81009 1.03230 0.37318 0.97462 3
-0.75940 -0.67475 1.45328 -0.49122 -0.83516 0.01156 -0.13712 0.01186 -0.24717 -0.21430 3
-0.75940 1.48167 -0.68794 0.75781 0.47480 0.13110 0.58476 0.65386 0.52371 0.54718 3
1.31652 -0.67475 -0.68794 0.79945 0.62595 0.13110 0.52562 0.68314 0.82933 0.12693 3
1.31652 -0.67475 -0.68794 1.04925 0.77709 0.48972 1.85722 0.95571 0.89319 0.49330 3
1.31652 -0.67475 -0.68794 1.09089 1.38169 1.20696 1.21487 1.23053 1.39039 0.99976 3
-0.75940 1.48167 -0.68794 -0.11651 -0.07942 -0.46660 -0.26151 -0.05572 -0.63946 -0.31487 3
-0.75940 -0.67475 1.45328 -0.03324 -0.23057 -0.58614 -0.50520 -0.46795 -0.22437 -0.68843 3
-0.75940 -0.67475 1.45328 0.17493 0.17250 0.01156 -0.02904 -0.24494 0.45985 0.03713 3
-0.75940 -0.67475 1.45328 0.21656 0.27326 0.01156 -0.05963 -0.28999 0.09038 -0.00597 3
-0.75940 -0.67475 1.45328 0.34147 0.52518 0.37018 0.08719 0.07268 0.31389 0.08024 3
-0.75940 -0.67475 1.45328 0.42474 0.42441 -0.10798 0.08719 0.40832 -0.16963 -0.09936 3
1.31652 -0.67475 -0.68794 0.63291 0.67633 0.25064 0.32884 0.11999 0.35494 0.51485 3
-0.75940 -0.67475 1.45328 0.67454 0.82748 0.60926 0.49401 0.55249 0.11774 0.81298 3
-0.75940 -0.67475 1.45328 1.04925 1.12978 0.25064 0.83456 0.85660 1.05284 0.65853 3
-0.75940 1.48167 -0.68794 1.04925 1.02901 1.08742 1.11393 0.77325 1.85566 1.14703 3
1.31652 -0.67475 -0.68794 1.34069 1.28092 0.37018 1.13330 1.36118 0.30932 1.21168 3
1.31652 -0.67475 -0.68794 -0.44959 -0.43210 -0.10798 -0.62551 -0.54003 -0.25630 -0.67406 3
-0.75940 -0.67475 1.45328 -0.44959 -0.33133 -0.82522 -0.79068 -0.86666 -0.85841 -0.67406 3
-0.75940 1.48167 -0.68794 0.38310 0.27326 0.25064 0.00155 0.12674 -0.22437 0.04432 3
-0.75940 1.48167 -0.68794 0.13330 -0.23057 0.01156 -0.12896 -0.14808 -0.58928 -0.01674 3
1.31652 -0.67475 -0.68794 0.05003 0.17250 -0.22752 -0.16975 -0.26972 -0.41138 0.04432 3
-0.75940 1.48167 -0.68794 -1.03247 -0.98631 -0.58614 -0.98339 -0.95452 -1.01350 -0.88957 3
1.31652 -0.67475 -0.68794 -0.44959 -0.38171 -0.82522 -0.73868 -0.70673 -0.72156 -0.60222 3
1.31652 -0.67475 -0.68794 -0.65776 -0.53286 -0.70568 -0.78966 -0.80584 -0.70332 -0.63455 3
1.31652 -0.67475 -0.68794 -0.40795 -0.33133 -0.46660 -0.54190 -0.48147 -0.54823 -0.38671 3
-0.75940 1.48167 -0.68794 -0.36632 -0.02903 -0.22752 -0.38998 -0.37109 -0.32928 -0.20711 3
-0.75940 -0.67475 1.45328 -0.07488 -0.33133 0.01156 -0.36347 -0.49498 -0.36121 -0.12450 3
-0.75940 1.48167 -0.68794 0.46637 0.52518 1.08742 0.38389 -0.03545 0.17704 0.58310 3
-0.75940 1.48167 -0.68794 -0.15815 -0.33133 -0.58614 -0.48786 -0.43191 -0.55279 -0.51602 3
-0.75940 -0.67475 1.45328 -0.40795 -0.43210 -0.46660 -0.60919 -0.49048 -0.75805 -0.54834 3
1.31652 -0.67475 -0.68794 0.79945 0.72671 0.25064 0.55621 0.61782 0.56933 0.47534 3
-0.75940 1.48167 -0.68794 1.04925 1.28092 0.84834 0.93958 1.12691 0.87494 0.75551 3
1.31652 -0.67475 -0.68794 1.13252 1.07939 0.60926 1.25973 1.50761 1.07109 0.98180 3
-0.75940 -0.67475 1.45328 0.21656 0.22288 0.13110 -0.23806 -0.25620 -0.26086 -0.09936 3
1.31652 -0.67475 -0.68794 0.84108 0.92824 0.01156 0.54499 0.83407 0.32757 0.40351 3
1.31652 -0.67475 -0.68794 0.88272 1.18016 1.32650 0.98852 0.60430 0.69249 1.62475 4
-0.75940 1.48167 -0.68794 0.54964 0.47480 0.25064 0.30029 0.47590 0.22722 0.27061 4
1.31652 -0.67475 -0.68794 0.63291 0.42441 0.48972 0.63879 0.80929 0.40512 0.48971 4
-0.75940 -0.67475 1.45328 0.13330 0.07173 -0.70568 -0.42771 -0.37784 -0.27910 -0.44777 4
1.31652 -0.67475 -0.68794 0.46637 0.52518 0.25064 0.44915 0.72594 0.11774 0.47534 4
1.31652 -0.67475 -0.68794 0.79945 0.67633 1.32650 1.08028 1.05483 1.42232 0.97462 4
-0.75940 1.48167 -0.68794 0.84108 0.82748 0.13110 0.18609 0.34975 -0.06471 0.29575 4
-0.75940 1.48167 -0.68794 0.88272 0.77709 1.08742 0.68977 0.84984 0.61950 0.72678 4
-0.75940 1.48167 -0.68794 1.17416 1.02901 0.84834 1.12514 1.42201 1.07565 0.61902 4
-0.75940 1.48167 -0.68794 0.09166 -0.07942 0.25064 0.80601 1.16521 0.86126 0.34963 4
-0.75940 1.48167 -0.68794 0.79945 0.92824 0.72880 0.65103 0.84759 0.35950 0.66571 4
-0.75940 1.48167 -0.68794 1.09089 0.97863 0.84834 0.94162 1.17647 1.05740 0.62620 4
1.31652 -0.67475 -0.68794 0.13330 0.12212 1.20696 -0.29210 -0.29900 -0.16050 1.01413 4
1.31652 -0.67475 -0.68794 0.46637 0.22288 -0.34706 0.16876 0.39030 0.24546 -0.84647 4
1.31652 -0.67475 -0.68794 -0.11651 -0.07942 0.01156 -0.28190 -0.45218 -0.26998 -0.06344 4
-0.75940 1.48167 -0.68794 1.09089 0.97863 0.60926 1.09761 1.00977 1.55916 1.12907 4
-0.75940 1.48167 -0.68794 -0.15815 -0.02903 0.48972 -0.29618 -0.39812 -0.32472 -0.17120 4
-0.75940 1.48167 -0.68794 0.17493 0.27326 0.25064 -0.29210 -0.31027 -0.32472 -0.09936 4
-0.75940 -0.67475 1.45328 -0.74103 -0.68401 -0.70568 -0.86002 -0.85991 -0.98157 -0.78182 4
1.31652 -0.67475 -0.68794 -1.61535 -1.74205 -1.18384 -1.35758 -1.34197 -1.33736 -1.32060 4
1.31652 -0.67475 -0.68794 0.96598 1.02901 0.72880 1.10679 0.93544 1.15319 1.22246 4
-0.75940 1.48167 -0.68794 1.04925 1.38169 1.08742 1.38004 1.33866 1.46337 1.37332 4
1.31652 -0.67475 -0.68794 0.92435 0.87786 0.37018 1.09048 1.00752 1.07565 0.40351 4
1.31652 -0.67475 -0.68794 0.54964 0.52518 0.13110 0.20445 0.09295 0.54196 0.11616 4
1.31652 -0.67475 -0.68794 0.71618 0.62595 0.84834 0.78562 0.77550 0.93880 0.61902 4
-0.75940 -0.67475 1.45328 0.46637 0.52518 0.01156 0.00155 0.14477 -0.14226 -0.00597 4
-0.75940 1.48167 -0.68794 0.84108 0.67633 0.48972 1.02930 1.10664 0.97530 0.57592 4
-0.75940 1.48167 -0.68794 0.50801 0.57556 0.13110 0.31966 0.32948 0.30932 0.32808 4
1.31652 -0.67475 -0.68794 0.63291 0.62595 0.48972 0.37370 0.36778 0.19073 0.47534 4
-0.75940 1.48167 -0.68794 0.67454 0.82748 0.25064 0.62350 0.32047 0.65599 0.79861 4
-0.75940 1.48167 -0.68794 1.13252 1.23054 0.72880 1.22812 1.18323 1.17144 1.14343 4
-0.75940 -0.67475 1.45328 -0.03324 0.02135 0.01156 -0.26457 -0.08951 -0.47068 -0.31846 4
1.31652 -0.67475 -0.68794 0.05003 0.12212 -0.10798 -0.31351 -0.29450 -0.22437 -0.40467 4
1.31652 -0.67475 -0.68794 0.25820 0.52518 0.48972 0.06374 -0.11203 0.11774 0.25983 4
1.31652 -0.67475 -0.68794 0.75781 0.47480 -0.22752 0.28499 0.58853 0.01283 0.19158 4
-0.75940 1.48167 -0.68794 1.00762 1.02901 0.37018 0.61229 0.64034 0.54196 0.74114 4
1.31652 -0.67475 -0.68794 -0.07488 -0.23057 -0.22752 -0.41955 -0.33279 -0.47524 -0.45855 4
1.31652 -0.67475 -0.68794 0.59127 0.52518 0.37018 0.41040 0.30695 0.24090 0.65853 4
-0.75940 1.48167 -0.68794 0.17493 0.12212 0.84834 -0.15241 -0.46570 -0.02822 0.25983 4
-0.75940 1.48167 -0.68794 0.34147 0.47480 -0.22752 0.46750 0.35876 0.76547 0.43943 4
-0.75940 -0.67475 1.45328 -1.40718 -1.38937 -0.94476 -1.24950 -1.24511 -1.30999 -1.17692 4
-0.75940 -0.67475 1.45328 1.67377 1.43207 1.92420 2.48937 1.86577 2.37110 2.98966 4
1.31652 -0.67475 -0.68794 1.42396 1.43207 1.56558 2.74121 3.48541 2.60830 1.84744 4
1.31652 -0.67475 -0.68794 0.92435 0.72671 0.13110 0.71832 1.37695 0.44161 -0.09936 4
-0.75940 -0.67475 1.45328 0.13330 0.07173 0.37018 -0.25845 -0.16835 -0.12401 -0.35079 4
-0.75940 1.48167 -0.68794 0.46637 0.17250 0.37018 0.09025 0.00961 0.62406 0.00122 4
-0.75940 1.48167 -0.68794 0.92435 0.92824 0.96788 0.87228 0.80929 1.01635 0.79861 4
-0.75940 -0.67475 1.45328 0.59127 0.67633 0.37018 0.31660 0.57276 0.03108 0.26342 4
-0.75940 1.48167 -0.68794 0.67454 0.57556 0.37018 0.55315 0.84533 0.78372 0.14130 4
-0.75940 -0.67475 1.45328 0.38310 0.17250 0.01156 -0.12896 -0.12780 -0.37033 0.00840 4
1.31652 -0.67475 -0.68794 0.46637 0.42441 0.01156 -0.00967 -0.05797 -0.03735 0.17363 4
1.31652 -0.67475 -0.68794 0.54964 0.32365 -0.10798 0.27990 0.35876 0.30932 0.15567 4
1.31652 -0.67475 -0.68794 -1.40718 -1.28861 -1.06430 -1.18935 -1.18879 -1.08192 -1.17692 4
1.31652 -0.67475 -0.68794 0.42474 0.17250 0.01156 0.07088 0.15152 0.42336 -0.27895 4
-0.75940 1.48167 -0.68794 0.25820 0.17250 0.01156 -0.08308 -0.34856 -0.19243 0.33167 4
-0.75940 1.48167 -0.68794 -0.65776 -0.53286 0.25064 -0.70096 -0.80359 -0.50718 -0.60222 4
-0.75940 1.48167 -0.68794 0.13330 0.67633 0.37018 0.20241 0.15603 0.12231 0.15207 4
1.31652 -0.67475 -0.68794 0.05003 0.12212 0.60926 0.13409 -0.18187 0.53284 0.04432 4
1.31652 -0.67475 -0.68794 0.79945 0.57556 1.20696 1.04561 0.95121 1.24898 0.83453 4
-0.75940 1.48167 -0.68794 0.46637 0.52518 -0.46660 0.33597 0.46464 0.52827 0.29575 4
1.31652 -0.67475 -0.68794 0.21656 0.42441 -0.22752 0.18609 0.08394 0.52827 0.36759 4
1.31652 -0.67475 -0.68794 0.13330 0.12212 -0.10798 -0.04332 -0.04896 -0.00998 -0.02752 4
-0.75940 -0.67475 1.45328 -0.03324 -0.02903 0.01156 -0.51233 -0.71799 -0.32472 -0.42981 4
1.31652 -0.67475 -0.68794 -1.69862 -1.64129 -1.54246 -1.37287 -1.35549 -1.30087 -1.36370 4
-0.75940 1.48167 -0.68794 -0.94920 -1.03669 -0.94476 -0.94974 -0.83738 -1.05455 -0.92549 4
-0.75940 -0.67475 1.45328 -0.65776 -0.78478 -0.46660 -0.98237 -1.07841 -0.88121 -0.96141 4
1.31652 -0.67475 -0.68794 -0.57449 -0.58325 -0.46660 -0.70402 -0.80134 -0.33384 -0.56630 4
1.31652 -0.67475 -0.68794 0.00839 -0.07942 0.72880 -0.20034 -0.36208 0.22722 -0.31487 4
1.31652 -0.67475 -0.68794 -0.49122 -0.48248 -1.42292 -0.69484 -0.75854 -0.50718 -0.60222 4
1.31652 -0.67475 -0.68794 0.63291 0.67633 0.84834 1.05173 0.85434 0.97530 0.87045 4
1.31652 -0.67475 -0.68794 0.63291 0.87786 0.84834 0.94060 1.11114 0.87038 0.75910 4
-0.75940 1.48167 -0.68794 0.79945 0.97863 0.48972 1.10883 1.21251 0.86126 0.93151 4
1.31652 -0.67475 -0.68794 0.54964 0.57556 0.37018 0.62656 0.74396 0.73810 0.25983 4
-0.75940 1.48167 -0.68794 1.75704 1.93590 1.92420 3.52018 3.48767 2.36654 2.59456 4
1.31652 -0.67475 -0.68794 0.34147 -0.18018 -0.34706 -0.17281 -0.03319 -0.46156 -0.50524 4
-0.75940 -0.67475 1.45328 0.88272 0.97863 0.96788 0.90389 1.09537 1.04372 0.54718 4
1.31652 -0.67475 -0.68794 1.00762 1.02901 0.48972 0.72342 0.88588 0.52827 0.76269 4
-0.75940 1.48167 -0.68794 0.71618 0.77709 0.72880 0.55417 0.68990 0.44161 0.47534 4
1.31652 -0.67475 -0.68794 0.88272 0.72671 0.25064 0.90185 1.35668 0.56477 0.51126 4
1.31652 -0.67475 -0.68794 1.21579 1.38169 1.44604 1.78176 2.13384 1.76443 1.22964 4
-0.75940 1.48167 -0.68794 1.46560 1.43207 0.72880 1.74404 1.77567 1.33109 0.58310 4
1.31652 -0.67475 -0.68794 0.84108 0.82748 0.60926 0.58680 0.58628 0.73810 0.67290 4
1.31652 -0.67475 -0.68794 1.17416 1.18016 0.84834 1.25259 1.37019 1.86022 0.82016 4
-0.75940 1.48167 -0.68794 1.17416 0.97863 0.48972 0.94365 1.22377 1.02091 0.58310 4
1.31652 -0.67475 -0.68794 1.34069 1.12978 0.25064 1.11087 1.61798 1.02547 0.58310 4
-0.75940 1.48167 -0.68794 1.71540 1.53284 1.20696 2.27117 1.98066 3.09181 2.34672 4
1.31652 -0.67475 -0.68794 1.04925 1.18016 1.20696 1.59824 1.88154 1.71425 1.13266 4
1.31652 -0.67475 -0.68794 1.71540 1.68399 1.68512 2.52913 2.56409 2.08373 2.90346 4
-0.75940 -0.67475 1.45328 -0.86593 -0.83516 -0.94476 -0.93954 -0.86441 -1.07736 -0.90035 4
-0.75940 1.48167 -0.68794 0.84108 1.12978 0.96788 1.07110 0.56375 1.55460 0.97821 4
-0.75940 1.48167 -0.68794 0.84108 0.62595 0.13110 0.31660 0.52095 0.17704 0.18799 4
-0.75940 1.48167 -0.68794 0.92435 0.77709 0.60926 0.89879 0.91967 1.14863 0.72318 4
-0.75940 1.48167 -0.68794 0.92435 0.97863 0.37018 0.93958 1.05708 1.21705 0.76269 4
1.31652 -0.67475 -0.68794 1.38233 1.43207 0.96788 1.75933 1.37921 2.01987 1.87618 4
1.31652 -0.67475 -0.68794 1.63214 1.58322 1.20696 2.55360 3.25339 2.27987 1.89773 4
1.31652 -0.67475 -0.68794 1.34069 1.43207 1.44604 1.92451 2.04373 1.88303 1.80434 4
-0.75940 1.48167 -0.68794 -0.15815 -0.23057 -0.58614 -0.43382 -0.52427 -0.66683 -0.20711 4
-0.75940 1.48167 -0.68794 -0.28305 -0.23057 -0.34706 -0.58982 -0.63915 -0.47981 -0.53038 4
-0.75940 -0.67475 1.45328 -1.28227 -1.28861 -1.18384 -1.21484 -1.21132 -1.15034 -1.21284 4
1.31652 -0.67475 -0.68794 1.09089 1.83514 1.44604 1.46161 1.32740 1.78723 1.26556 4
-0.75940 1.48167 -0.68794 1.00762 0.92824 1.44604 1.22302 1.25982 1.13495 0.87045 4
-0.75940 1.48167 -0.68794 0.46637 0.47480 -0.46660 0.22688 0.17855 0.69705 0.18799 4
1.31652 -0.67475 -0.68794 0.29983 0.47480 0.60926 0.06374 0.18982 -0.10121 0.04432 4
-0.75940 1.48167 -0.68794 0.54964 0.62595 0.72880 0.14531 -0.01968 0.09038 0.08024 4
-0.75940 -0.67475 1.45328 0.00839 0.22288 0.25064 -0.18810 -0.16610 -0.17875 -0.17120 4
-0.75940 -0.67475 1.45328 -0.44959 -0.58325 -0.10798 -0.53374 -0.57608 -0.31103 -0.62018 4
1.31652 -0.67475 -0.68794 -0.86593 -0.68401 -0.34706 -0.77335 -0.87568 -0.62121 -0.68124 4
1.31652 -0.67475 -0.68794 -1.78189 -1.74205 -1.90108 -1.44527 -1.43207 -1.34648 -1.42836 4
1.31652 -0.67475 -0.68794 1.21579 0.92824 1.44604 0.89777 0.97599 1.07565 0.80580 4
1.31652 -0.67475 -0.68794 1.29906 1.23054 0.96788 1.42796 1.82072 1.19425 1.17576 4
-0.75940 1.48167 -0.68794 1.67377 1.23054 1.20696 1.84090 2.12032 1.98338 1.19372 4
1.31652 -0.67475 -0.68794 -0.36632 -0.33133 -0.46660 -0.48786 -0.47696 -0.47981 -0.48010 4
1.31652 -0.67475 -0.68794 1.17416 1.07939 1.20696 1.65126 2.12483 1.61390 0.94947 4
1.31652 -0.67475 -0.68794 0.46637 0.37403 0.25064 0.25237 0.32498 0.12687 0.34604 4
-0.75940 1.48167 -0.68794 0.46637 0.32365 -0.34706 -0.08818 0.01637 0.13599 -0.31487 4
1.31652 -0.67475 -0.68794 0.63291 0.57556 0.60926 0.44609 0.47590 0.49178 0.54718 4
-0.75940 1.48167 -0.68794 0.75781 0.67633 0.84834 0.74483 0.89940 0.71529 0.55796 4
1.31652 -0.67475 -0.68794 0.92435 1.12978 0.84834 0.94467 1.08411 0.80652 0.92074 4
1.31652 -0.67475 -0.68794 0.92435 1.07939 0.48972 0.77236 0.80704 0.92512 0.76269 4
1.31652 -0.67475 -0.68794 0.96598 1.68399 0.84834 1.28420 1.19674 0.77915 1.44156 4
-0.75940 1.48167 -0.68794 1.00762 1.12978 0.72880 0.75095 0.75072 1.02091 0.56155 4
-0.75940 1.48167 -0.68794 1.21579 1.07939 0.72880 1.21895 1.35668 1.44969 0.94229 4
-0.75940 -0.67475 1.45328 -0.03324 0.02135 0.01156 -0.33900 -0.36883 -0.22893 -0.30769 4
-0.75940 -0.67475 1.45328 0.79945 0.67633 0.48972 0.15958 0.05241 -0.12401 0.49330 4
-0.75940 1.48167 -0.68794 0.92435 0.97863 0.60926 0.86107 0.98049 0.42336 1.03209 4
1.31652 -0.67475 -0.68794 1.04925 0.97863 0.72880 1.49016 1.51211 1.55916 1.12188 4
-0.75940 1.48167 -0.68794 1.46560 1.48246 1.92420 1.70733 1.29586 2.26163 1.55291 4
-0.75940 1.48167 -0.68794 1.92358 1.68399 1.44604 2.53729 2.94703 2.59917 1.73250 4
-0.75940 1.48167 -0.68794 -0.03324 0.22288 0.25064 -0.20543 -0.25846 -0.21068 -0.02752 4
1.31652 -0.67475 -0.68794 0.17493 0.27326 0.13110 0.22382 0.04114 -0.51174 0.76269 4
-0.75940 1.48167 -0.68794 -0.15815 -0.02903 0.96788 -0.45422 -0.54229 -0.52086 -0.42263 4
1.31652 -0.67475 -0.68794 -0.19978 -0.23057 -0.10798 -0.56637 -0.60761 -0.99525 -0.23585 4
-0.75940 1.48167 -0.68794 0.54964 0.07173 0.25064 0.10554 0.02312 0.48722 -0.02752 4
1.31652 -0.67475 -0.68794 -0.61612 -0.73439 0.01156 -0.71523 -0.77881 -0.59840 -0.56630 4
1.31652 -0.67475 -0.68794 0.59127 0.92824 0.60926 0.47158 0.19207 0.90687 0.25983 4
1.31652 -0.67475 -0.68794 -0.49122 -0.48248 -0.34706 -0.79986 -0.85765 -0.66683 -0.67406 4
1.31652 -0.67475 -0.68794 0.21656 0.42441 0.72880 -0.03822 -0.19088 -0.21524 -0.13528 4
1.31652 -0.67475 -0.68794 0.34147 0.32365 0.37018 0.08005 -0.05121 0.33213 0.15207 4
-0.75940 1.48167 -0.68794 -0.24141 -0.33133 0.25064 -0.47257 -0.44092 -0.41595 -0.43699 4
1.31652 -0.67475 -0.68794 -0.90756 -0.88554 -0.94476 -1.07719 -1.07165 -1.12297 -0.96859 4
1.31652 -0.67475 -0.68794 0.84108 0.77709 0.72880 1.24036 1.01878 1.02547 1.69658 4
-0.75940 1.48167 -0.68794 0.96598 0.92824 0.60926 0.68264 0.87687 0.53284 0.58310 4
-0.75940 1.48167 -0.68794 1.46560 1.53284 0.84834 1.69612 2.25773 1.34021 1.14343 4
1.31652 -0.67475 -0.68794 1.54887 1.63361 1.32650 1.05887 2.42893 2.39847 1.54213 4
-0.75940 -0.67475 1.45328 0.46637 0.62595 0.25064 0.15958 0.38129 0.04476 0.04073 4
-0.75940 -0.67475 1.45328 0.88272 0.57556 0.25064 0.41346 0.30245 0.54196 0.61902 4
-0.75940 1.48167 -0.68794 1.04925 1.12978 1.32650 1.62882 1.48508 1.91496 1.38768 4
1.31652 -0.67475 -0.68794 1.09089 1.18016 0.48972 1.28726 1.47156 1.18968 1.19372 4
-0.75940 -0.67475 1.45328 0.79945 0.62595 0.37018 0.27990 0.39481 -0.08752 0.32448 4
1.31652 -0.67475 -0.68794 1.04925 1.12978 0.72880 1.09456 1.15394 0.98442 0.87045 4
-0.75940 1.48167 -0.68794 1.17416 1.33131 1.32650 1.90718 2.21268 1.65039 1.66067 4
-0.75940 1.48167 -0.68794 1.21579 1.02901 0.37018 0.91613 0.90615 1.13039 0.85608 4
-0.75940 1.48167 -0.68794 1.25743 1.28092 1.08742 1.48608 1.55041 2.01987 1.15780 4
1.31652 -0.67475 -0.68794 0.84108 0.62595 0.72880 0.68875 0.45563 0.69249 1.11829 4
1.31652 -0.67475 -0.68794 -0.57449 -0.58325 -0.82522 -0.84166 -0.88694 -0.76262 -0.67406 4
-0.75940 -0.67475 1.45328 0.13330 -0.07942 0.13110 -0.14630 -0.19989 0.00371 -0.17120 4
-0.75940 -0.67475 1.45328 0.29983 0.37403 0.60926 0.40735 0.42409 0.66056 0.25983 4
-0.75940 1.48167 -0.68794 -0.28305 -0.38171 -0.58614 -0.58676 -0.84864 -0.57560 -0.38671 4
-0.75940 1.48167 -0.68794 0.50801 0.52518 0.25064 0.35637 0.64710 0.27283 0.09101 4
-0.75940 -0.67475 1.45328 0.21656 0.37403 -0.34706 -0.31963 -0.32153 -0.40226 -0.20711 4
-0.75940 -0.67475 1.45328 0.29983 0.32365 0.37018 -0.03618 0.04114 -0.02366 -0.02752 4
1.31652 -0.67475 -0.68794 0.63291 0.52518 0.37018 -0.33288 -0.33504 -0.28823 0.21673 4
1.31652 -0.67475 -0.68794 0.79945 0.77709 0.13110 0.35535 0.47815 0.35494 0.29575 4
1.31652 -0.67475 -0.68794 1.00762 1.02901 0.60926 1.17103 0.97373 0.64687 1.54932 4
-0.75940 1.48167 -0.68794 1.38233 1.28092 1.08742 2.03361 1.97165 2.08373 1.86900 4
1.31652 -0.67475 -0.68794 0.29983 0.42441 0.13110 0.21770 0.29569 -0.14682 0.24187 4
1.31652 -0.67475 -0.68794 0.88272 0.82748 0.37018 0.81620 0.79127 0.99810 0.69086 4
-0.75940 1.48167 -0.68794 0.50801 0.67633 0.60926 0.45731 0.44436 0.33213 0.43943 4
-0.75940 1.48167 -0.68794 0.50801 0.47480 0.72880 0.33801 0.29794 0.75179 0.32808 4
1.31652 -0.67475 -0.68794 -0.19978 -0.07942 -0.22752 -0.33492 -0.45669 -0.43419 0.00840 4
1.31652 -0.67475 -0.68794 0.79945 1.02901 0.84834 1.60333 0.68089 0.10406 3.13334 4
-0.75940 1.48167 -0.68794 0.42474 0.42441 0.48972 0.30335 -0.20664 0.45985 0.65494 4
-0.75940 1.48167 -0.68794 -0.03324 0.02135 0.37018 -0.20747 -0.30801 0.02651 -0.02752 4
1.31652 -0.67475 -0.68794 0.71618 0.77709 0.84834 0.84781 0.83182 1.06196 0.76269 4
-0.75940 1.48167 -0.68794 0.88272 0.72671 0.25064 0.45629 0.14702 1.41776 0.33167 4
1.31652 -0.67475 -0.68794 0.71618 0.77709 0.72880 0.39511 0.26866 0.54652 0.87045 4
1.31652 -0.67475 -0.68794 0.79945 0.57556 1.08742 0.90797 0.98950 1.14863 0.58310 4
-0.75940 1.48167 -0.68794 0.71618 0.87786 1.08742 0.57048 0.05015 1.21249 0.65494 4
-0.75940 1.48167 -0.68794 0.50801 0.57556 0.72880 0.33190 0.12224 0.39599 0.18799 4
1.31652 -0.67475 -0.68794 0.29983 0.52518 2.28282 0.02194 -0.12104 -0.21524 0.47534 4
-0.75940 -0.67475 1.45328 0.29983 0.32365 0.60926 -0.05861 -0.10978 -0.06471 0.08024 4
-0.75940 -0.67475 1.45328 -0.32468 -0.53286 -0.22752 -0.50520 -0.51525 -0.44331 -0.50883 4
-0.75940 -0.67475 1.45328 -0.07488 -0.18018 0.01156 -0.55719 -0.71799 -0.61209 -0.11013 4
1.31652 -0.67475 -0.68794 -1.44881 -1.43976 -1.18384 -1.32801 -1.35999 -1.26438 -1.22721 4
-0.75940 1.48167 -0.68794 -0.69939 -0.63363 0.72880 -0.85696 -0.94325 -0.89490 -0.62736 4
-0.75940 1.48167 -0.68794 0.00839 -0.02903 0.48972 -0.34818 -0.42290 -0.62121 -0.09936 4
1.31652 -0.67475 -0.68794 -0.03324 -0.23057 -0.58614 -0.32575 -0.54454 -0.07840 -0.24303 4
1.31652 -0.67475 -0.68794 0.46637 0.57556 0.48972 0.41958 -0.19989 0.72442 0.89559 4
-0.75940 1.48167 -0.68794 0.75781 0.92824 0.84834 1.11801 0.89714 1.36302 0.38195 4
1.31652 -0.67475 -0.68794 1.67377 0.97863 1.08742 2.34356 3.00335 2.23426 1.52058 4
1.31652 -0.67475 -0.68794 1.38233 1.18016 1.44604 1.94490 2.51002 1.38583 1.59601 4
1.31652 -0.67475 -0.68794 1.63214 1.58322 1.44604 2.60356 2.96280 1.66408 1.83308 4
-0.75940 1.48167 -0.68794 0.71618 0.77709 0.25064 0.83966 1.09537 1.01179 0.50049 4
1.31652 -0.67475 -0.68794 0.79945 0.72671 0.25064 0.89166 1.21251 0.70161 0.50408 4
-0.75940 -0.67475 1.45328 0.84108 0.62595 0.37018 0.74789 1.27784 0.22722 0.54359 4
1.31652 -0.67475 -0.68794 1.00762 0.92824 0.84834 0.93244 0.92417 0.97986 1.05723 4
-0.75940 1.48167 -0.68794 1.00762 0.72671 1.20696 1.10577 1.50085 1.00267 0.79861 4
1.31652 -0.67475 -0.68794 1.21579 0.97863 0.48972 0.87636 1.19900 1.18968 0.49690 4
-0.75940 1.48167 -0.68794 1.38233 1.43207 1.44604 1.50953 1.47607 1.70513 1.58883 4
-0.75940 1.48167 -0.68794 1.79867 1.58322 1.56558 2.63109 2.73078 3.08269 1.74687 4
1.31652 -0.67475 -0.68794 0.79945 0.77709 0.37018 0.40938 0.29569 0.46441 0.69086 5
1.31652 -0.67475 -0.68794 1.17416 1.07939 1.44604 0.89879 0.68540 0.79284 1.41642 5
1.31652 -0.67475 -0.68794 1.17416 1.18016 0.96788 1.22404 1.40624 0.99810 1.15780 5
-0.75940 1.48167 -0.68794 1.63214 1.68399 0.96788 1.71651 1.67881 1.64127 1.88336 5
-0.75940 1.48167 -0.68794 1.38233 1.33131 1.32650 0.86413 1.66979 1.97882 1.60320 5
1.31652 -0.67475 -0.68794 0.59127 0.62595 0.25064 0.12798 -0.00166 0.27283 0.04432 5
1.31652 -0.67475 -0.68794 -0.90756 -0.93593 -0.34706 -0.89876 -1.31269 -0.82648 -0.81773 5
-0.75940 1.48167 -0.68794 0.50801 0.47480 0.60926 0.34515 -0.06473 0.62863 0.54718 5
1.31652 -0.67475 -0.68794 0.38310 0.42441 0.48972 0.06680 0.05917 0.33669 0.11616 5
-0.75940 1.48167 -0.68794 -0.15815 -0.23057 -0.10798 -0.42873 -0.48822 -0.57560 -0.27895 5
-0.75940 1.48167 -0.68794 -0.99083 -0.83516 -0.70568 -0.96096 -0.96578 -0.98613 -0.92549 5
-0.75940 -0.67475 1.45328 -0.74103 -0.73439 -0.70568 -0.90896 -0.91848 -1.03174 -0.74590 5
-0.75940 -0.67475 1.45328 0.09166 0.02135 0.37018 -0.40222 -0.38235 -0.35665 -0.41185 5
-0.75940 1.48167 -0.68794 -0.36632 -0.18018 -0.34706 -0.28190 -0.63239 -0.23349 -0.27895 5
1.31652 -0.67475 -0.68794 0.96598 1.78475 1.32650 1.66859 1.63601 1.37214 1.66785 5
-0.75940 1.48167 -0.68794 1.00762 0.77709 0.25064 0.65715 1.05483 0.46441 0.38914 5
-0.75940 1.48167 -0.68794 1.04925 1.58322 1.44604 1.70428 1.77342 1.70057 1.37332 5
-0.75940 1.48167 -0.68794 1.88194 2.08705 1.56558 2.92575 2.07977 2.21145 3.49971 5
1.31652 -0.67475 -0.68794 0.59127 0.62595 0.84834 0.33088 0.10197 0.53740 1.87618 5
1.31652 -0.67475 -0.68794 0.34147 0.42441 0.01156 0.36044 0.08620 0.57845 0.18799 5
1.31652 -0.67475 -0.68794 -0.94920 -0.83516 -0.46660 -0.92629 -0.90721 -0.90858 -0.81773 5
-0.75940 -0.67475 1.45328 0.21656 0.07173 -0.10798 -0.03924 -0.27422 0.19073 0.29575 5
-0.75940 1.48167 -0.68794 -0.82430 -0.83516 -0.10798 -0.91100 -0.95902 -0.92683 -0.70998 5
1.31652 -0.67475 -0.68794 0.63291 0.67633 0.48972 0.68366 0.65386 0.75635 0.69086 5
-0.75940 -0.67475 1.45328 0.79945 0.72671 0.96788 0.61534 0.76199 0.77459 0.48253 5
-0.75940 1.48167 -0.68794 0.34147 0.42441 0.60926 0.30131 -0.16835 0.57845 0.94229 5
-0.75940 1.48167 -0.68794 0.00839 0.02135 0.25064 -0.24622 -0.38460 -0.26998 0.08024 5
1.31652 -0.67475 -0.68794 -1.07410 -1.28861 -1.42292 -1.14754 -1.17077 -1.04543 -1.06917 5
-0.75940 -0.67475 1.45328 -0.19978 -0.28095 0.37018 -0.32880 -0.38235 -0.22437 -0.42263 5
-0.75940 1.48167 -0.68794 0.59127 0.87786 1.08742 0.93040 0.25514 0.39599 1.76842 5
-0.75940 1.48167 -0.68794 0.67454 0.77709 0.48972 0.80193 0.76874 0.70161 0.29575 5
1.31652 -0.67475 -0.68794 0.54964 0.62595 0.96788 0.60107 0.27542 0.91144 0.87045 5
1.31652 -0.67475 -0.68794 0.88272 1.07939 0.37018 0.87738 0.23037 0.14967 1.22964 5
1.31652 -0.67475 -0.68794 -0.28305 -0.18018 0.01156 -0.24826 -0.35982 0.34582 -0.42263 5
-0.75940 -0.67475 1.45328 -0.69939 -0.63363 -0.94476 -0.94362 -1.06940 -0.82192 -0.85365 5
-0.75940 -0.67475 1.45328 0.75781 0.82748 0.37018 0.32578 0.24839 0.13143 0.76269 5
-0.75940 -0.67475 1.45328 -0.03324 -0.07942 0.13110 -0.34410 -0.41614 -0.68507 -0.13528 5
-0.75940 1.48167 -0.68794 0.21656 0.02135 0.13110 -0.00049 -0.22467 0.09038 0.08024 5
-0.75940 -0.67475 1.45328 0.79945 0.77709 0.96788 0.71323 0.48716 0.77459 1.08596 5
-0.75940 1.48167 -0.68794 -0.61612 -0.58325 0.13110 -0.58370 -0.82386 -0.52542 -0.45855 5
-0.75940 1.48167 -0.68794 0.09166 -0.07942 0.25064 -0.04943 -0.11203 0.29108 -0.20711 5
-0.75940 1.48167 -0.68794 -0.78266 -0.73439 -0.46660 -0.78457 -0.92073 -0.60297 -0.70998 5
1.31652 -0.67475 -0.68794 0.25820 0.47480 0.48972 0.46648 0.14927 0.43248 0.38914 5
-0.75940 1.48167 -0.68794 0.67454 0.52518 0.72880 0.59801 -0.05572 1.13039 0.54718 5
1.31652 -0.67475 -0.68794 1.25743 1.38169 1.08742 1.85314 2.32756 1.21249 1.65348 5
1.31652 -0.67475 -0.68794 1.25743 1.18016 0.48972 0.92734 0.95796 0.86582 0.83094 5
1.31652 -0.67475 -0.68794 1.42396 1.38169 1.08742 1.51463 1.37470 1.85110 1.52058 5
1.31652 -0.67475 -0.68794 0.79945 0.82748 0.72880 0.77848 0.71693 0.68336 0.69086 5
-0.75940 1.48167 -0.68794 1.04925 1.07939 1.32650 1.16593 0.72144 1.63671 1.44515 5
-0.75940 1.48167 -0.68794 0.59127 0.87786 2.28282 1.09557 0.66287 0.35038 2.01985 5
-0.75940 1.48167 -0.68794 -0.07488 0.07173 -0.22752 -0.13202 -0.37559 0.14055 0.08024 5
1.31652 -0.67475 -0.68794 0.63291 0.72671 0.84834 0.81620 0.23938 0.84758 1.26556 5
-0.75940 1.48167 -0.68794 0.29983 0.22288 -0.34706 -0.05351 -0.20890 -0.08296 0.17363 5
1.31652 -0.67475 -0.68794 0.42474 0.62595 0.25064 0.63777 0.41508 0.21353 1.15780 5
-0.75940 1.48167 -0.68794 1.00762 1.18016 1.44604 1.26483 1.08862 0.69249 1.91210 5
-0.75940 -0.67475 1.45328 -0.65776 -0.78478 -0.94476 -0.79884 -0.88469 -0.95876 -0.49447 5
1.31652 -0.67475 -0.68794 -0.49122 -0.53286 -0.34706 -0.61837 -0.70673 -0.41595 -0.67406 5
-0.75940 1.48167 -0.68794 1.46560 1.68399 1.56558 1.97549 1.66754 1.94232 1.99471 5
1.31652 -0.67475 -0.68794 1.21579 1.02901 0.96788 1.73588 2.55282 1.06653 1.11111 5
-0.75940 1.48167 -0.68794 0.67454 0.87786 0.72880 0.53582 0.34750 0.82933 0.69086 5
1.31652 -0.67475 -0.68794 1.54887 1.53284 0.84834 1.82561 0.93093 2.52619 1.60679 5
1.31652 -0.67475 -0.68794 0.00839 -0.02903 0.48972 -0.07492 -0.19538 -0.32016 0.29575 5
1.31652 -0.67475 -0.68794 1.04925 1.07939 0.96788 1.02522 0.93319 1.51811 1.19372 5
-0.75940 1.48167 -0.68794 0.25820 0.12212 0.01156 0.08005 -0.13231 0.56933 -0.20711 5
-0.75940 1.48167 -0.68794 -0.61612 -0.58325 -0.10798 -0.54802 -0.57833 -0.39770 -0.67406 5
-0.75940 1.48167 -0.68794 0.84108 0.67633 -0.22752 0.06272 -0.17961 -0.02822 0.00840 5
-0.75940 1.48167 -0.68794 -0.11651 -0.28095 -0.22752 -0.49908 -0.60987 -0.41138 -0.38671 5
1.31652 -0.67475 -0.68794 1.79867 1.28092 1.08742 1.67471 1.68782 2.46233 0.69086 5
1.31652 -0.67475 -0.68794 0.17493 0.12212 -0.34706 0.29723 -0.02869 -0.06015 0.47534 5
1.31652 -0.67475 -0.68794 1.54887 1.43207 1.44604 2.19368 2.35459 2.36654 1.87618 5
-0.75940 1.48167 -0.68794 1.42396 1.18016 1.56558 2.01831 2.07076 2.02443 1.53495 5
-0.75940 1.48167 -0.68794 1.09089 1.12978 0.84834 1.31173 1.20801 0.81565 1.51699 5
-0.75940 1.48167 -0.68794 -0.19978 -0.07942 0.25064 -0.04128 -0.38911 -0.62577 0.40351 5
-0.75940 1.48167 -0.68794 0.59127 0.92824 0.96788 0.45731 0.36552 0.10406 1.08596 5
-0.75940 1.48167 -0.68794 -0.49122 -0.18018 -0.70568 -0.39406 -0.80134 -0.21524 -0.09936 5
-0.75940 1.48167 -0.68794 0.84108 0.87786 0.48972 0.82640 1.23504 0.10406 0.79861 5
-0.75940 1.48167 -0.68794 0.21656 0.17250 -0.10798 0.04641 0.01186 0.14055 0.22391 5
-0.75940 1.48167 -0.68794 0.75781 0.67633 0.72880 0.55825 0.49618 0.50091 0.76269 5
1.31652 -0.67475 -0.68794 0.38310 0.72671 0.96788 0.22586 0.17855 0.17704 0.40351 5
1.31652 -0.67475 -0.68794 -0.07488 -0.28095 0.84834 0.26052 -0.15483 -0.20612 0.51126 5
1.31652 -0.67475 -0.68794 0.63291 0.67633 1.20696 0.52766 0.19658 0.77459 0.61902 5
-0.75940 1.48167 -0.68794 0.79945 1.02901 1.56558 1.05785 0.53222 0.69249 1.73250 5
1.31652 -0.67475 -0.68794 0.71618 0.72671 0.25064 0.75707 0.90390 0.59213 0.29575 5
1.31652 -0.67475 -0.68794 -0.28305 0.12212 -0.34706 -0.44810 -0.54229 -0.33840 -0.13528 5
-0.75940 1.48167 -0.68794 1.00762 1.43207 0.84834 0.94365 0.94895 1.13039 0.65494 5
-0.75940 1.48167 -0.68794 0.38310 0.47480 0.60926 0.47056 0.36327 0.35494 0.33167 5
-0.75940 -0.67475 1.45328 -0.61612 -0.63363 -0.10798 -0.78660 -0.72925 -0.84928 -0.87161 5
1.31652 -0.67475 -0.68794 0.09166 0.02135 -0.10798 0.06782 -0.33279 -0.25630 0.58310 5
-0.75940 1.48167 -0.68794 1.34069 1.33131 1.80466 1.78176 1.37245 1.68688 1.68581 5
-0.75940 1.48167 -0.68794 1.88194 2.03667 2.28282 3.42536 3.93143 3.08725 2.68076 5
-0.75940 1.48167 -0.68794 1.67377 1.58322 1.68512 2.67901 3.02137 2.79532 1.89773 5
1.31652 -0.67475 -0.68794 0.59127 0.47480 0.37018 0.43284 0.25514 0.27283 0.90637 5
1.31652 -0.67475 -0.68794 -0.24141 -0.23057 -0.10798 -0.39814 -0.71799 -0.52998 0.15207 5
-0.75940 1.48167 -0.68794 0.42474 0.77709 0.60926 0.43182 0.26866 0.76091 0.43943 5
-0.75940 1.48167 -0.68794 0.79945 0.72671 2.16328 0.53989 0.19658 0.58757 0.83453 5
1.31652 -0.67475 -0.68794 -0.28305 -0.12980 -0.10798 -0.55923 -0.65942 -0.80367 -0.17120 5
-0.75940 1.48167 -0.68794 -0.32468 -0.43210 0.01156 -0.42669 -0.44993 -0.32928 -0.44418 5
-0.75940 1.48167 -0.68794 0.21656 0.27326 0.72880 0.11268 -0.32378 -0.14682 0.29575 5
-0.75940 1.48167 -0.68794 1.71540 1.43207 1.56558 2.20082 0.82055 1.60478 2.56941 5
1.31652 -0.67475 -0.68794 1.17416 1.28092 0.37018 1.13024 1.06609 0.69249 1.76842 5
1.31652 -0.67475 -0.68794 1.04925 1.18016 1.20696 1.36781 1.20350 2.00618 1.12188 5
1.31652 -0.67475 -0.68794 -0.36632 -0.28095 -0.10798 -0.61327 -0.71799 -0.37489 -0.56630 5
1.31652 -0.67475 -0.68794 0.38310 0.42441 0.37018 0.16570 -0.15033 0.08125 0.83453 5
-0.75940 1.48167 -0.68794 0.21656 0.57556 0.25064 0.51644 -0.00841 0.12231 -0.35079 5
1.31652 -0.67475 -0.68794 0.25820 0.12212 0.13110 0.08311 -0.23368 0.70161 0.08024 5
1.31652 -0.67475 -0.68794 0.21656 0.42441 0.84834 0.55009 0.07719 0.31389 1.15780 5
1.31652 -0.67475 -0.68794 -0.57449 -0.43210 -1.06430 -0.64182 -0.60761 -0.72612 -0.63814 5
1.31652 -0.67475 -0.68794 1.42396 1.53284 1.20696 1.35659 1.03005 1.47706 1.76842 5
1.31652 -0.67475 -0.68794 0.21656 0.27326 0.13110 0.02907 -0.14132 0.09950 0.11616 5
1.31652 -0.67475 -0.68794 0.29983 0.42441 0.48972 0.19017 0.32723 -0.02366 0.15207 5
1.31652 -0.67475 -0.68794 0.63291 0.87786 0.60926 0.84169 0.56601 0.88407 0.72678 5
1.31652 -0.67475 -0.68794 0.34147 0.57556 0.84834 0.33903 0.13575 0.02195 0.94229 5
-0.75940 1.48167 -0.68794 0.79945 0.62595 0.01156 0.41550 0.00510 0.39599 0.87045 5
1.31652 -0.67475 -0.68794 1.09089 1.23054 0.84834 0.88656 0.57051 0.75635 1.26556 5
-0.75940 1.48167 -0.68794 0.79945 0.62595 2.04374 0.58374 0.08394 0.30932 0.87045 5
1.31652 -0.67475 -0.68794 0.63291 0.62595 0.84834 0.56334 0.57276 0.60582 0.54718 5
1.31652 -0.67475 -0.68794 0.50801 0.47480 2.04374 0.46138 0.09971 0.36862 0.90637 5
-0.75940 -0.67475 1.45328 -0.61612 -0.58325 0.13110 -0.61939 -0.67970 -0.73525 -0.52679 5
-0.75940 -0.67475 1.45328 -0.49122 -0.48248 -0.82522 -0.67445 -0.65492 -0.58928 -0.70998 5
1.31652 -0.67475 -0.68794 -0.03324 -0.07942 -0.46660 -0.01171 -0.27648 -0.00085 0.18799 5
-0.75940 1.48167 -0.68794 0.67454 0.87786 1.20696 1.24036 0.49392 0.77459 1.22964 5
1.31652 -0.67475 -0.68794 0.38310 0.22288 -0.46660 0.47464 -0.05121 -0.12401 0.51126 5
1.31652 -0.67475 -0.68794 -0.49122 -0.58325 0.01156 -0.51641 -0.71123 -0.27454 -0.35079 5
1.31652 -0.67475 -0.68794 1.13252 1.23054 0.72880 1.14554 1.04131 0.28652 1.53854 5
-0.75940 1.48167 -0.68794 0.59127 0.72671 1.44604 0.29825 -0.00616 0.20897 0.72678 5
1.31652 -0.67475 -0.68794 1.00762 0.87786 1.08742 1.35557 0.75297 0.89319 1.55291 5
-0.75940 1.48167 -0.68794 0.71618 0.72671 0.84834 0.48687 0.14251 0.32301 1.30148 5
1.31652 -0.67475 -0.68794 1.42396 1.63361 1.44604 2.45572 1.76440 2.23426 3.20518 5
-0.75940 1.48167 -0.68794 -0.15815 -0.12980 0.13110 -0.36143 -0.40488 -0.25173 -0.24303 5
-0.75940 1.48167 -0.68794 0.00839 0.17250 0.13110 -0.05963 -0.11203 0.25915 0.00840 5
-0.75940 -0.67475 1.45328 -0.36632 -0.18018 0.13110 -0.50214 -0.57608 -0.54367 0.11616 5
-0.75940 1.48167 -0.68794 0.63291 0.62595 1.44604 0.41244 0.14702 0.20897 0.36759 5
-0.75940 -0.67475 1.45328 1.09089 1.07939 0.13110 0.85903 0.75297 0.93424 0.54718 5
-0.75940 1.48167 -0.68794 -0.03324 -0.07942 -0.22752 -0.41649 -0.65041 0.23634 -0.49447 5
1.31652 -0.67475 -0.68794 0.96598 0.82748 0.01156 0.74483 0.38354 0.52371 0.97821 5
-0.75940 1.48167 -0.68794 1.17416 1.23054 1.08742 1.15573 0.43535 1.27635 1.80434 5
-0.75940 1.48167 -0.68794 1.38233 1.33131 1.08742 1.51463 1.50535 1.25354 1.66067 5
1.31652 -0.67475 -0.68794 0.92435 0.72671 1.20696 1.30153 1.00527 1.11670 1.30148 5
-0.75940 1.48167 -0.68794 0.71618 0.87786 1.20696 0.78358 0.47140 1.14407 0.90637 5
1.31652 -0.67475 -0.68794 0.09166 0.12212 0.48972 -0.22175 -0.38010 -0.15138 -0.09936 5
-0.75940 1.48167 -0.68794 -0.36632 -0.38171 -0.22752 -0.48990 -0.50399 -0.27454 -0.56989 5
-0.75940 1.48167 -0.68794 -0.03324 0.17250 0.60926 0.32578 0.16504 0.40512 0.58310 5
-0.75940 1.48167 -0.68794 1.04925 1.38169 2.16328 1.88270 0.90615 0.99354 4.13907 5
1.31652 -0.67475 -0.68794 0.54964 0.42441 1.08742 0.92632 0.51194 0.87038 1.33740 5
-0.75940 1.48167 -0.68794 1.13252 1.58322 1.32650 1.90004 1.49859 1.33109 1.87618 5
1.31652 -0.67475 -0.68794 0.54964 0.77709 -0.46660 0.16774 0.13801 0.01283 0.36759 5
1.31652 -0.67475 -0.68794 0.34147 0.47480 1.08742 0.19935 -0.02418 -0.21068 0.97821 5
-0.75940 1.48167 -0.68794 1.25743 1.28092 0.48972 1.18530 1.04807 1.24898 1.30148 5
-0.75940 1.48167 -0.68794 0.75781 1.07939 0.72880 0.63472 0.32047 0.40055 1.30148 5
1.31652 -0.67475 -0.68794 0.09166 -0.02903 1.08742 0.01174 -0.18862 -0.07384 0.36759 5
-0.75940 1.48167 -0.68794 -0.49122 -0.33133 -0.10798 -0.46645 -0.61662 -0.47068 -0.06344 5
1.31652 -0.67475 -0.68794 0.00839 0.22288 0.60926 0.07292 0.07493 0.12687 0.09101 5
-0.75940 -0.67475 1.45328 -0.69939 -0.78478 -0.10798 -0.62551 -0.85315 -0.82192 -0.31487 5
1.31652 -0.67475 -0.68794 0.34147 0.57556 0.25064 0.61127 0.07944 1.56829 0.65494 5
1.31652 -0.67475 -0.68794 0.59127 0.72671 0.60926 0.88350 0.55925 0.93424 1.22964 5
-0.75940 1.48167 -0.68794 -0.24141 -0.07942 0.37018 -0.37571 -0.52877 -0.43875 -0.24303 5
1.31652 -0.67475 -0.68794 1.84031 1.78475 1.80466 3.40599 2.55508 2.65847 3.31293 5
-0.75940 1.48167 -0.68794 1.38233 1.53284 1.80466 1.81541 1.44453 1.08021 1.66067 5
1.31652 -0.67475 -0.68794 1.17416 1.33131 0.84834 1.05683 0.61331 0.66968 1.26556 5
-0.75940 -0.67475 1.45328 1.04925 1.07939 0.48972 0.68060 0.61106 0.20441 0.65494 5
-0.75940 1.48167 -0.68794 0.05003 0.12212 -0.22752 0.35127 -0.08726 0.41424 0.18799 5
1.31652 -0.67475 -0.68794 0.59127 0.67633 0.72880 0.54601 0.26866 0.44161 0.79861 5
-0.75940 1.48167 -0.68794 1.17416 1.28092 1.20696 1.36067 0.98274 0.92056 1.69658 5
1.31652 -0.67475 -0.68794 1.09089 0.77709 1.32650 1.61353 1.20801 1.61846 1.76842 5
-0.75940 1.48167 -0.68794 0.05003 0.22288 0.72880 -0.10959 -0.04220 -0.26086 -0.02752 5
-0.75940 1.48167 -0.68794 0.92435 0.97863 1.08742 0.96812 0.63809 1.04372 1.22964 5
-0.75940 -0.67475 1.45328 0.54964 0.57556 1.32650 0.52970 0.04114 0.05844 0.97821 5
-0.75940 1.48167 -0.68794 1.67377 1.53284 1.68512 2.67595 1.30937 1.98338 5.50398 5
-0.75940 1.48167 -0.68794 0.46637 0.47480 0.37018 0.01582 -0.19989 -0.38402 0.58310 5
-0.75940 1.48167 -0.68794 0.71618 0.77709 0.60926 0.53582 0.15378 0.57389 0.65494 5
-0.75940 1.48167 -0.68794 1.84031 1.78475 1.20696 2.31909 2.18114 2.33917 2.49039 5
-0.75940 1.48167 -0.68794 0.34147 0.72671 0.84834 0.26154 0.13125 0.31389 0.25983 5
1.31652 -0.67475 -0.68794 -0.82430 -0.93593 -0.34706 -0.97115 -1.10770 -1.13209 -0.78182 5
-0.75940 1.48167 -0.68794 0.92435 0.92824 0.96788 0.98546 0.76424 0.61950 1.76842 5
-0.75940 1.48167 -0.68794 0.17493 -0.02903 0.84834 0.30844 -0.45443 0.24090 1.01413 5
1.31652 -0.67475 -0.68794 0.96598 0.97863 0.60926 1.25361 1.14944 1.12126 1.08596 5
-0.75940 1.48167 -0.68794 1.09089 1.23054 1.20696 1.22201 0.60205 1.25354 2.34312 5
1.31652 -0.67475 -0.68794 0.29983 0.42441 1.08742 0.49197 0.09521 -0.05103 1.22964 5
-0.75940 1.48167 -0.68794 0.34147 0.47480 0.84834 0.37574 -0.07824 0.24090 0.79861 5
1.31652 -0.67475 -0.68794 0.59127 0.47480 1.32650 1.02318 0.45112 1.30372 0.76269 5
-0.75940 1.48167 -0.68794 -0.15815 0.17250 0.01156 0.04335 -0.38010 -0.16507 0.33167 5
-0.75940 -0.67475 1.45328 -0.61612 -0.53286 -0.46660 -0.84982 -1.10319 -1.04086 -0.56630 5
1.31652 -0.67475 -0.68794 0.38310 -0.02903 0.48972 0.19527 -0.06698 0.34582 0.40351 5
1.31652 -0.67475 -0.68794 0.13330 0.02135 0.13110 0.32680 -0.35081 0.29564 0.83453 5
1.31652 -0.67475 -0.68794 0.13330 -0.02903 0.37018 0.29111 -0.16610 0.12231 0.36759 5
1.31652 -0.67475 -0.68794 0.17493 0.27326 0.60926 0.34005 -0.15709 0.78372 0.61902 5
-0.75940 1.48167 -0.68794 1.29906 1.63361 1.56558 2.06623 1.19674 2.07461 2.95374 5
1.31652 -0.67475 -0.68794 0.63291 0.62595 0.37018 0.42264 0.35201 0.14055 0.61902 5
-0.75940 1.48167 -0.68794 0.38310 0.42441 0.72880 0.54907 0.24613 0.05844 1.19372 5
-0.75940 1.48167 -0.68794 0.50801 0.62595 0.72880 0.55111 0.17180 0.47354 0.85608 5
1.31652 -0.67475 -0.68794 0.34147 0.27326 1.08742 0.41448 -0.02418 0.21810 0.51126 5
-0.75940 1.48167 -0.68794 -0.19978 -0.07942 0.60926 -0.24112 -0.40262 -0.32016 -0.09936 5
1.31652 -0.67475 -0.68794 1.25743 1.48246 1.44604 1.24342 0.83632 0.78372 1.62475 5
-0.75940 1.48167 -0.68794 -0.28305 -0.43210 -0.22752 -0.29618 -0.87568 -0.44788 -0.24303 5
1.31652 -0.67475 -0.68794 1.21579 1.43207 0.72880 0.85291 0.50744 0.59213 1.15780 5
-0.75940 1.48167 -0.68794 0.50801 0.42441 0.72880 0.08107 -0.12104 -0.15594 0.22391 5
1.31652 -0.67475 -0.68794 0.17493 0.12212 0.01156 -0.15955 -0.50399 -0.46156 0.11616 5
-0.75940 1.48167 -0.68794 0.79945 0.62595 1.44604 0.80907 0.09746 0.81565 1.40923 5
1.31652 -0.67475 -0.68794 -0.07488 -0.07942 0.48972 -0.02292 -0.48597 -0.22437 0.43943 5
1.31652 -0.67475 -0.68794 1.17416 1.28092 2.04374 2.76262 1.77567 1.91952 4.64193 5
