-0.75940 -0.67475 1.45328 -3.73871 -3.55584 -3.09647 -1.68589 -1.61454 -1.64298 -1.70493 1
-0.75940 -0.67475 1.45328 -3.03092 -3.00163 -2.73785 -1.65326 -1.58976 -1.59736 -1.67979 1
-0.75940 -0.67475 1.45328 -3.19746 -3.05201 -2.49877 -1.66142 -1.59426 -1.62473 -1.68697 1
1.31652 -0.67475 -0.68794 -2.86438 -2.85048 -2.14016 -1.64307 -1.58075 -1.59736 -1.64387 1
-0.75940 -0.67475 1.45328 -2.98929 -2.90086 -2.14016 -1.64715 -1.58525 -1.60648 -1.61513 1
-0.75940 -0.67475 1.45328 -2.69785 -2.64895 -1.90108 -1.61452 -1.56273 -1.56087 -1.63668 1
1.31652 -0.67475 -0.68794 -2.90602 -2.85048 -2.37924 -1.64103 -1.57624 -1.59280 -1.67979 1
1.31652 -0.67475 -0.68794 -2.73948 -2.64895 -2.14016 -1.62471 -1.57399 -1.57455 -1.62950 1
-0.75940 -0.67475 1.45328 -2.86438 -2.85048 -2.49877 -1.63593 -1.57624 -1.59736 -1.65464 1
-0.75940 -0.67475 1.45328 -2.03169 -2.90086 -1.54246 -1.45138 -1.41405 -1.38297 -1.46787 1
-0.75940 -0.67475 1.45328 -2.82275 -2.80010 -2.25970 -1.63083 -1.56498 -1.57912 -1.64746 1
-0.75940 -0.67475 1.45328 -2.48967 -2.44742 -2.02062 -1.56966 -1.49740 -1.53350 -1.60795 1
-0.75940 -0.67475 1.45328 -2.32314 -2.04435 -1.90108 -1.53397 -1.46586 -1.51982 -1.56125 1
-0.75940 -0.67475 1.45328 -2.65621 -2.59857 -1.78154 -1.60840 -1.52894 -1.54719 -1.62232 1
-0.75940 -0.67475 1.45328 -2.48967 -2.39703 -1.66200 -1.57475 -1.51092 -1.52894 -1.60077 1
-0.75940 -0.67475 1.45328 -2.07333 -2.14512 -1.66200 -1.51154 -1.46361 -1.44683 -1.53252 1
-0.75940 -0.67475 1.45328 -2.61458 -2.59857 -2.25970 -1.60840 -1.55822 -1.57455 -1.64028 1
-0.75940 -0.67475 1.45328 -1.74025 -1.74205 -1.54246 -1.42793 -1.38927 -1.39210 -1.42476 1
-0.75940 -0.67475 1.45328 -2.48967 -2.39703 -2.14016 -1.58495 -1.53344 -1.53806 -1.59358 1
1.31652 -0.67475 -0.68794 -2.98929 -2.85048 -2.37924 -1.64001 -1.57624 -1.60648 -1.65824 1
-0.75940 -0.67475 1.45328 -2.61458 -2.59857 -2.02062 -1.59719 -1.52894 -1.58824 -1.62232 1
-0.75940 -0.67475 1.45328 -3.19746 -3.05201 -2.49877 -1.66040 -1.59652 -1.61561 -1.67979 1
-0.75940 -0.67475 1.45328 -3.03092 -2.90086 -2.85739 -1.65326 -1.58525 -1.60648 -1.67979 1
-0.75940 -0.67475 1.45328 -2.11496 -2.04435 -1.54246 -1.44934 -1.35323 -1.36473 -1.49660 1
-0.75940 -0.67475 1.45328 -2.36477 -2.34665 -2.25970 -1.54723 -1.47713 -1.43315 -1.57203 1
-0.75940 -0.67475 1.45328 -2.11496 -2.09474 -1.66200 -1.48605 -1.46586 -1.42403 -1.46427 1
-0.75940 -0.67475 1.45328 -2.44804 -2.34665 -1.78154 -1.55844 -1.50191 -1.55175 -1.57203 1
-0.75940 -0.67475 1.45328 -2.15660 -2.04435 -1.66200 -1.47483 -1.44334 -1.27350 -1.46427 1
1.31652 -0.67475 -0.68794 -2.03169 -2.09474 -1.42292 -1.50338 -1.47037 -1.45140 -1.50019 1
-0.75940 -0.67475 1.45328 -2.23987 -2.19550 -1.54246 -1.51358 -1.46361 -1.46052 -1.53611 1
1.31652 -0.67475 -0.68794 -2.03169 -2.04435 -0.94476 -1.45240 -1.37351 -1.38753 -1.50019 1
-0.75940 -0.67475 1.45328 -2.28150 -2.29627 -1.78154 -1.55028 -1.50866 -1.50613 -1.55407 1
-0.75940 -0.67475 1.45328 -1.82352 -1.94359 -1.78154 -1.47076 -1.42081 -1.46052 -1.44272 1
-0.75940 -0.67475 1.45328 -1.74025 -1.79244 -1.42292 -1.40958 -1.37351 -1.36473 -1.39603 1
-0.75940 -0.67475 1.45328 -1.03247 -1.18784 -0.94476 -1.14448 -1.07616 -1.09560 -1.16615 1
-0.75940 -0.67475 1.45328 -1.32391 -1.54052 -1.42292 -1.28519 -1.26538 -1.33280 -1.33497 1
-0.75940 -0.67475 1.45328 -0.69939 -0.68401 -0.82522 -0.93751 -0.88018 -0.91771 -0.98655 1
-0.75940 -0.67475 1.45328 -2.61458 -2.39703 -2.25970 -1.59311 -1.53344 -1.54719 -1.62232 1
-0.75940 -0.67475 1.45328 -2.82275 -2.74971 -2.37924 -1.63491 -1.57174 -1.59736 -1.65105 1
-0.75940 -0.67475 1.45328 -1.94843 -1.99397 -1.66200 -1.46260 -1.40279 -1.46052 -1.50019 1
-0.75940 -0.67475 1.45328 -2.57294 -2.59857 -2.61831 -1.61146 -1.56723 -1.60192 -1.64387 1
1.31652 -0.67475 -0.68794 -3.07256 -2.95125 -2.73785 -1.64103 -1.57850 -1.60192 -1.66183 1
-0.75940 -0.67475 1.45328 -2.07333 -2.09474 -1.78154 -1.50236 -1.44559 -1.43315 -1.52174 1
-0.75940 -0.67475 1.45328 -2.28150 -2.24588 -1.78154 -1.54519 -1.49740 -1.47876 -1.55407 1
-0.75940 -0.67475 1.45328 -2.44804 -2.29627 -2.14016 -1.55946 -1.52218 -1.52438 -1.57203 1
-0.75940 -0.67475 1.45328 -2.36477 -2.39703 -2.14016 -1.57883 -1.52668 -1.50157 -1.60436 1
-0.75940 -0.67475 1.45328 -1.69862 -2.04435 -1.42292 -1.32087 -1.22258 -1.33736 -1.36011 1
-0.75940 -0.67475 1.45328 -1.28227 -1.28861 -1.30338 -1.28621 -1.25637 -1.23245 -1.29905 1
-0.75940 -0.67475 1.45328 -2.86438 -2.74971 -1.42292 -1.62268 -1.55372 -1.58368 -1.64387 1
-0.75940 -0.67475 1.45328 -2.78111 -2.80010 -2.25970 -1.63593 -1.57850 -1.60192 -1.65105 1
-0.75940 -0.67475 1.45328 -1.44881 -1.43976 -1.06430 -1.28417 -1.29016 -1.20052 -1.28468 1
-0.75940 -0.67475 1.45328 -1.86516 -1.89320 -1.78154 -1.44628 -1.38477 -1.50613 -1.46427 1
-0.75940 -0.67475 1.45328 -2.40640 -2.34665 -1.42292 -1.55844 -1.52218 -1.48789 -1.56125 1
-0.75940 -0.67475 1.45328 -2.32314 -2.34665 -2.02062 -1.52989 -1.43883 -1.48333 -1.57203 1
-0.75940 -0.67475 1.45328 -1.78189 -1.74205 -1.66200 -1.38205 -1.33521 -1.27806 -1.39244 1
1.31652 -0.67475 -0.68794 -1.28227 -1.43976 -1.54246 -1.25358 -1.21357 -1.18227 -1.21284 1
-0.75940 -0.67475 1.45328 -1.36554 -1.28861 -1.42292 -1.33209 -1.25412 -1.18683 -1.21284 1
-0.75940 -0.67475 1.45328 -1.90679 -1.94359 -1.30338 -1.42895 -1.39829 -1.33736 -1.42836 1
1.31652 -0.67475 -0.68794 -2.11496 -2.14512 -1.42292 -1.48605 -1.44559 -1.46964 -1.50019 1
-0.75940 -0.67475 1.45328 -1.15737 -1.28861 -0.34706 -1.19240 -1.15951 -1.30087 -1.10509 1
-0.75940 -0.67475 1.45328 -1.44881 -1.59091 -1.66200 -1.32291 -1.32395 -1.20964 -1.32778 1
-0.75940 1.48167 -0.68794 -0.65776 -0.73439 -0.70568 -0.80190 -0.70673 -0.64858 -0.85725 1
-0.75940 -0.67475 1.45328 -0.57449 -0.33133 -0.46660 -0.67649 -0.55805 -0.68507 -0.78541 1
-0.75940 1.48167 -0.68794 -0.49122 -0.58325 -0.34706 -0.70708 -0.58283 -0.68051 -0.92908 1
-0.75940 1.48167 -0.68794 -0.40795 -0.48248 -0.46660 -0.48378 -0.15709 -0.64402 -0.80337 1
1.31652 -0.67475 -0.68794 -0.19978 -0.18018 -0.10798 -0.34512 -0.20214 -0.24717 -0.59145 1
-0.75940 1.48167 -0.68794 1.13252 0.67633 0.96788 1.10271 1.26883 1.03460 0.69086 1
-0.75940 -0.67475 1.45328 -1.03247 -0.88554 -1.06430 -0.98033 -0.74502 -1.16402 -1.09072 1
-0.75940 -0.67475 1.45328 -0.74103 -0.78478 -0.70568 -0.84778 -0.69321 -0.77174 -1.02606 1
-0.75940 1.48167 -0.68794 -0.11651 -0.07942 -0.34706 -0.57861 -0.44317 -0.59840 -0.72075 1
-0.75940 -0.67475 1.45328 -1.49045 -1.54052 -1.06430 -1.29334 -1.20231 -1.30999 -1.32060 1
-0.75940 -0.67475 1.45328 -1.32391 -1.38937 -1.30338 -1.30762 -1.25412 -1.26438 -1.29905 1
-0.75940 -0.67475 1.45328 -1.24064 -1.33899 -1.18384 -1.24542 -1.20005 -1.27806 -1.17333 1
-0.75940 -0.67475 1.45328 -0.44959 -0.53286 -0.46660 -0.93852 -1.05138 -0.88578 -0.73512 1
-0.75940 -0.67475 1.45328 -0.32468 -0.28095 -0.46660 -0.72645 -0.68420 -0.66683 -0.65969 1
-0.75940 -0.67475 1.45328 -1.82352 -1.84282 -1.18384 -1.39123 -1.33521 -1.33736 -1.41758 1
-0.75940 -0.67475 1.45328 -0.74103 -0.83516 -0.70568 -0.94158 -0.90045 -0.91771 -0.96141 1
-0.75940 -0.67475 1.45328 -1.32391 -1.38937 -1.30338 -1.28825 -1.25186 -1.35104 -1.24876 1
-0.75940 -0.67475 1.45328 -1.32391 -1.38937 -1.54246 -1.23829 -1.19104 -1.24157 -1.21284 1
-0.75940 -0.67475 1.45328 -1.94843 -1.99397 -1.90108 -1.44628 -1.36675 -1.43315 -1.50019 1
-0.75940 -0.67475 1.45328 -1.44881 -1.59091 -1.66200 -1.36268 -1.29692 -1.34192 -1.38525 1
-0.75940 -0.67475 1.45328 -1.24064 -1.28861 -1.42292 -1.22911 -1.14599 -1.21876 -1.24876 1
-0.75940 -0.67475 1.45328 -1.19901 -1.28861 -1.30338 -1.13225 -1.10094 -1.09104 -1.10509 1
1.31652 -0.67475 -0.68794 -0.24141 -0.07942 0.37018 -0.04128 -0.56256 -0.59384 0.79861 1
-0.75940 -0.67475 1.45328 -2.57294 -2.39703 -2.02062 -1.56660 -1.52668 -1.51982 -1.57203 1
-0.75940 -0.67475 1.45328 -2.07333 -1.89320 -1.42292 -1.41162 -1.36450 -1.38753 -1.41399 1
-0.75940 -0.67475 1.45328 -1.65698 -1.38937 -0.94476 -1.31272 -1.25862 -1.25069 -1.24876 1
-0.75940 -0.67475 1.45328 -2.23987 -2.24588 -1.66200 -1.53703 -1.49290 -1.48333 -1.53611 1
1.31652 -0.67475 -0.68794 -2.19823 -2.19550 -1.54246 -1.49726 -1.41856 -1.46508 -1.50019 1
-0.75940 -0.67475 1.45328 -1.86516 -1.79244 -1.54246 -1.43099 -1.38477 -1.37385 -1.46787 1
-0.75940 -0.67475 1.45328 -1.53208 -1.54052 -1.54246 -1.32291 -1.28340 -1.28262 -1.33856 1
-0.75940 -0.67475 1.45328 -1.90679 -1.89320 -1.66200 -1.43303 -1.38702 -1.39666 -1.46427 1
-0.75940 -0.67475 1.45328 -0.69939 -0.63363 -0.58614 -0.57861 -0.40713 -0.63490 -0.77822 1
1.31652 -0.67475 -0.68794 0.05003 0.02135 0.01156 -0.30128 -0.22467 -0.35665 -0.39748 1
-0.75940 -0.67475 1.45328 -1.65698 -1.69167 -1.54246 -1.37899 -1.29466 -1.05911 -1.40680 1
-0.75940 -0.67475 1.45328 -1.24064 -1.23822 -1.18384 -1.17099 -1.08292 -1.10473 -1.23080 1
-0.75940 -0.67475 1.45328 -2.23987 -2.24588 -1.90108 -1.50134 -1.44334 -1.45596 -1.53611 1
-0.75940 1.48167 -0.68794 -1.57372 -1.89320 -1.66200 -1.34331 -1.27664 -1.31455 -1.35652 1
1.31652 -0.67475 -0.68794 -1.44881 -1.43976 -1.18384 -1.22809 -1.17077 -1.12297 -1.24876 1
-0.75940 1.48167 -0.68794 -1.15737 -1.08708 -0.94476 -1.13429 -1.11671 -1.12753 -1.14100 1
-0.75940 -0.67475 1.45328 -1.78189 -1.74205 -1.18384 -1.43099 -1.40279 -1.36473 -1.42836 1
-0.75940 -0.67475 1.45328 -0.90756 -0.98631 -0.82522 -0.95688 -0.86666 -0.89034 -1.05839 1
-0.75940 -0.67475 1.45328 -1.19901 -1.33899 -1.06430 -1.17915 -1.19330 -1.04999 -1.17692 1
-0.75940 -0.67475 1.45328 -1.61535 -1.79244 -1.30338 -1.34432 -1.26313 -1.41034 -1.35293 1
-0.75940 -0.67475 1.45328 -1.44881 -1.43976 -1.30338 -1.33617 -1.26989 -1.33736 -1.31341 1
-0.75940 -0.67475 1.45328 -2.11496 -2.04435 -2.14016 -1.51868 -1.48388 -1.47876 -1.50738 1
-0.75940 -0.67475 1.45328 -1.28227 -1.33899 -1.06430 -1.16590 -1.16176 -1.14578 -1.12304 1
1.31652 -0.67475 -0.68794 -1.15737 -1.08708 -0.58614 -0.98950 -0.87793 -0.87209 -0.97937 1
1.31652 -0.67475 -0.68794 -1.19901 -1.38937 -1.06430 -1.24338 -1.24285 -1.17771 -1.21284 1
-0.75940 -0.67475 1.45328 -1.90679 -1.89320 -1.78154 -1.42589 -1.38477 -1.39210 -1.46427 1
-0.75940 -0.67475 1.45328 -1.15737 -1.23822 -1.18384 -1.18425 -1.19780 -1.04543 -1.21284 1
-0.75940 -0.67475 1.45328 -0.69939 -0.78478 -0.10798 -0.85492 -0.88469 -0.73069 -0.86084 1
-0.75940 -0.67475 1.45328 -1.74025 -1.79244 -3.33555 -1.41672 -1.35999 -1.38753 0.80221 1
-0.75940 -0.67475 1.45328 -2.07333 -2.09474 -1.66200 -1.49421 -1.45235 -1.44227 -1.50019 1
-0.75940 -0.67475 1.45328 -0.74103 -0.78478 -1.06430 -0.88856 -0.63239 -0.96332 -1.07994 1
1.31652 -0.67475 -0.68794 -1.32391 -1.13746 -1.42292 -1.16895 -1.18203 -1.25525 -0.99733 1
1.31652 -0.67475 -0.68794 -1.03247 -0.88554 -1.06430 -1.07209 -1.01759 -1.10016 -0.99733 1
1.31652 -0.67475 -0.68794 -0.99083 -0.98631 -0.94476 -0.90488 -0.83963 -0.81279 -0.92549 1
1.31652 -0.67475 -0.68794 -0.44959 -0.38171 -0.22752 -0.62449 -0.71349 -0.43419 -0.53038 1
-0.75940 -0.67475 1.45328 -1.36554 -1.43976 -1.06430 -1.21789 -1.14599 -1.22788 -1.17692 1
-0.75940 -0.67475 1.45328 -1.44881 -1.49014 -1.06430 -1.25970 -1.23159 -1.13666 -1.22721 1
-0.75940 1.48167 -0.68794 -0.74103 -0.83516 -0.70568 -0.80598 -0.81711 -0.74893 -0.60222 1
1.31652 -0.67475 -0.68794 -1.69862 -1.69167 -1.30338 -1.34331 -1.32395 -1.21876 -1.36370 1
1.31652 -0.67475 -0.68794 -2.40640 -2.39703 -2.02062 -1.58495 -1.53795 -1.55175 -1.57562 1
-0.75940 -0.67475 1.45328 -1.74025 -1.69167 -1.30338 -1.34025 -1.29917 -1.33280 -1.33137 1
-0.75940 -0.67475 1.45328 -1.07410 -1.18784 -1.06430 -1.03946 -0.99732 -0.91771 -1.12664 1
-0.75940 -0.67475 1.45328 -1.57372 -1.59091 -1.54246 -1.31782 -1.30142 -1.24613 -1.32060 1
-0.75940 -0.67475 1.45328 -1.57372 -1.59091 -1.54246 -1.31068 -1.19330 -1.30087 -1.39603 1
-0.75940 -0.67475 1.45328 -0.94920 -0.98631 -1.18384 -0.99868 -0.92073 -1.01350 -1.06917 1
-0.75940 -0.67475 1.45328 -0.78266 -0.83516 -0.94476 -0.94668 -0.90946 -0.89490 -0.96141 1
1.31652 -0.67475 -0.68794 -0.07488 -0.18018 0.37018 -0.23704 0.04565 -0.39770 -0.60222 1
1.31652 -0.67475 -0.68794 0.38310 0.52518 0.72880 0.15245 0.21685 0.11774 -0.17838 1
-0.75940 1.48167 -0.68794 0.46637 0.52518 0.25064 0.58476 0.89264 0.40968 0.36759 1
-0.75940 -0.67475 1.45328 -0.82430 -0.83516 -0.58614 -0.93852 -0.88919 -0.85841 -0.96500 1
-0.75940 -0.67475 1.45328 -0.69939 -0.78478 -0.70568 -0.93445 -0.92298 -0.88121 -0.85365 1
-0.75940 -0.67475 1.45328 -0.65776 -0.63363 -0.82522 -0.85594 -0.86441 -0.72156 -0.87520 1
-0.75940 -0.67475 1.45328 -0.61612 -0.78478 -0.82522 -0.93241 -0.77881 -0.93139 -1.01529 1
-0.75940 -0.67475 1.45328 -0.19978 -0.33133 0.01156 -0.56943 -0.50174 -0.62577 -0.57708 1
-0.75940 1.48167 -0.68794 -0.03324 0.52518 0.25064 0.38797 0.73721 0.16336 0.10897 1
-0.75940 1.48167 -0.68794 0.42474 0.52518 0.13110 0.33801 0.48041 0.44161 0.18799 1
1.31652 -0.67475 -0.68794 0.50801 0.57556 0.48972 0.25848 0.45112 0.50547 0.18799 1
-0.75940 -0.67475 1.45328 -1.32391 -1.43976 -1.30338 -1.25562 -1.19330 -1.20052 -1.28468 1
-0.75940 -0.67475 1.45328 -1.28227 -1.18784 -1.18384 -1.19139 -1.21807 -1.04999 -1.17692 1
-0.75940 -0.67475 1.45328 -1.24064 -1.18784 -1.30338 -1.20362 -1.08742 -1.23701 -1.21643 1
-0.75940 -0.67475 1.45328 -0.19978 -0.33133 -0.34706 -0.52865 -0.45218 -0.51630 -0.58785 1
-0.75940 -0.67475 1.45328 -0.07488 -0.28095 -0.46660 -0.41547 -0.14808 -0.46612 -0.56630 1
-0.75940 -0.67475 1.45328 -0.57449 -0.73439 -0.10798 -0.66833 -0.38460 -0.73981 -0.95063 1
-0.75940 -0.67475 1.45328 -0.36632 -0.48248 -0.34706 -0.58472 -0.35982 -0.71244 -0.65969 1
-0.75940 -0.67475 1.45328 -1.40718 -1.49014 -1.18384 -1.28519 -1.29692 -1.19595 -1.29905 1
-0.75940 -0.67475 1.45328 -1.11574 -1.08708 -1.18384 -1.17609 -1.13923 -1.16402 -1.14100 1
-0.75940 -0.67475 1.45328 -1.11574 -1.23822 -0.94476 -1.11695 -1.04462 -1.08192 -1.16256 1
-0.75940 -0.67475 1.45328 -0.03324 -0.18018 -0.22752 -0.55923 -0.55805 -0.64858 -0.35438 1
-0.75940 1.48167 -0.68794 1.63214 1.18016 0.96788 1.25667 1.22377 1.28548 1.40923 1
1.31652 -0.67475 -0.68794 0.25820 -0.07942 -0.22752 -0.24724 -0.12330 -0.20156 -0.42263 1
-0.75940 -0.67475 1.45328 -0.99083 -1.59091 -1.18384 -1.10370 -1.04237 -1.07279 -1.13741 1
-0.75940 -0.67475 1.45328 -0.82430 -0.93593 -1.06430 -0.94056 -0.77881 -1.03174 -1.00810 1
-0.75940 -0.67475 1.45328 -0.99083 -1.03669 -1.18384 -1.11390 -1.10544 -1.12297 -1.03325 1
1.31652 -0.67475 -0.68794 -0.90756 -1.08708 -0.94476 -1.00582 -0.92298 -1.02262 -1.03325 1
1.31652 -0.67475 -0.68794 -1.15737 -1.13746 -1.06430 -1.00684 -0.95677 -0.78998 -1.06917 1
-0.75940 -0.67475 1.45328 -1.03247 -0.98631 -0.94476 -1.43099 -1.14149 -0.99981 -1.10509 1
-0.75940 -0.67475 1.45328 -1.40718 -1.28861 -0.70568 -1.23421 -1.25186 -1.16859 -1.14100 1
-0.75940 -0.67475 1.45328 -1.78189 -1.69167 -1.18384 -1.39327 -1.34647 -1.36017 -1.39244 1
1.31652 -0.67475 -0.68794 -0.36632 -0.38171 -0.10798 -0.40222 -0.06698 -0.72156 -0.55912 1
-0.75940 -0.67475 1.45328 -1.53208 -1.43976 -1.66200 -1.31272 -1.33746 -1.28718 -1.21284 1
-0.75940 -0.67475 1.45328 -0.90756 -0.83516 -0.94476 -1.00990 -0.96803 -0.99525 -1.03325 1
1.31652 -0.67475 -0.68794 -0.19978 -0.33133 0.13110 -0.42261 -0.38460 -0.13314 -0.64892 1
-0.75940 -0.67475 1.45328 -0.78266 -0.88554 -0.94476 -0.98339 -0.88243 -0.91771 -1.06917 1
-0.75940 -0.67475 1.45328 -0.40795 -0.43210 -0.94476 -1.42181 -0.70673 -0.84928 -0.83210 1
1.31652 -0.67475 -0.68794 0.75781 0.42441 0.25064 0.75299 1.56617 0.26371 0.08383 1
-0.75940 -0.67475 1.45328 -1.40718 -1.54052 -1.42292 -1.30864 -1.26763 -1.18683 -1.29905 1
-0.75940 -0.67475 1.45328 -1.24064 -1.33899 -1.06430 -1.22197 -1.19104 -1.15034 -1.24158 1
-0.75940 -0.67475 1.45328 -0.99083 -1.03669 -0.94476 -1.13735 -1.18429 -1.09104 -1.06198 1
-0.75940 -0.67475 1.45328 -0.61612 -0.73439 -1.06430 -0.97523 -0.89144 -1.07736 -0.86443 1
-0.75940 -0.67475 1.45328 -0.61612 -0.73439 -0.82522 -0.95178 -0.90946 -0.92227 -0.92908 1
-0.75940 -0.67475 1.45328 -0.57449 -0.58325 -0.82522 -0.78355 -0.65942 -0.67139 -0.91472 1
-0.75940 -0.67475 1.45328 -1.11574 -1.08708 -0.94476 -1.14652 -1.12121 -1.10929 -1.11227 1
1.31652 -0.67475 -0.68794 0.13330 0.02135 -0.22752 -0.54802 -0.54904 -0.67595 -0.45855 1
1.31652 -0.67475 -0.68794 -2.15660 -2.09474 -1.78154 -1.51868 -1.46586 -1.55175 -1.50019 1
-0.75940 1.48167 -0.68794 -1.82352 -1.84282 -1.66200 -1.38715 -1.35549 -1.34192 -1.39244 1
-0.75940 -0.67475 1.45328 -0.78266 -0.88554 -0.94476 -0.90386 -0.75403 -0.96788 -0.99733 1
1.31652 -0.67475 -0.68794 0.29983 0.42441 0.01156 0.14531 0.50744 0.01283 -0.14964 1
-0.75940 1.48167 -0.68794 -0.49122 -0.53286 -0.58614 -0.73053 -0.73827 -0.57104 -0.81055 1
1.31652 -0.67475 -0.68794 -0.03324 -0.18018 -0.46660 -0.37775 -0.31928 -0.21524 -0.55912 1
-0.75940 -0.67475 1.45328 -0.32468 -0.38171 -0.58614 -0.39100 0.09295 -0.42963 -0.79618 1
-0.75940 -0.67475 1.45328 -1.19901 -1.23822 -1.18384 -1.21993 -1.16626 -1.29174 -1.15896 1
-0.75940 -0.67475 1.45328 -0.86593 -0.83516 -0.70568 -1.02723 -1.05814 -0.95876 -0.97937 1
1.31652 -0.67475 -0.68794 0.09166 -0.02903 0.01156 -0.19830 -0.10528 -0.22437 -0.35079 1
-0.75940 -0.67475 1.45328 -1.44881 -1.59091 -0.94476 -0.87123 -0.84189 -1.07279 -0.81414 1
-0.75940 -0.67475 1.45328 -1.36554 -1.59091 -0.58614 -0.74174 -0.67294 -0.68507 -0.79618 1
-0.75940 -0.67475 1.45328 -1.19901 -1.28861 -1.06430 -1.10166 -0.87568 -1.25069 -1.23439 1
1.31652 -0.67475 -0.68794 -0.15815 -0.07942 0.25064 -0.10959 -0.06698 -0.21524 -0.38671 1
-0.75940 -0.67475 1.45328 -0.78266 -0.78478 -1.06430 -1.03743 -1.08742 -1.05455 -0.83210 1
-0.75940 -0.67475 1.45328 -1.19901 -1.08708 -0.94476 -1.10676 -1.03111 -1.13666 -1.06917 1
-0.75940 1.48167 -0.68794 -0.53285 -0.33133 -0.46660 -0.68770 -0.62563 -0.84472 -0.49447 1
-0.75940 1.48167 -0.68794 0.00839 0.02135 -0.58614 -0.11061 0.25514 -0.16050 -0.42263 1
-0.75940 -0.67475 1.45328 -1.32391 -1.28861 -1.18384 -1.29029 -1.22934 -1.31911 -1.28109 1
1.31652 -0.67475 -0.68794 -0.11651 -0.02903 -0.34706 -0.27782 -0.14582 -0.23349 -0.41904 1
-0.75940 -0.67475 1.45328 -0.36632 -0.73439 -0.34706 -0.62143 -0.51075 -0.64858 -0.67406 1
-0.75940 -0.67475 1.45328 -0.36632 -0.58325 -0.94476 -0.63163 -0.55355 -0.48437 -0.81055 1
1.31652 -0.67475 -0.68794 -1.44881 -1.43976 -1.18384 -1.28825 -1.29016 -1.31455 -1.16256 1
1.31652 -0.67475 -0.68794 -0.44959 -0.33133 -0.22752 -0.62347 -0.65492 -0.44331 -0.67406 2
-0.75940 -0.67475 1.45328 -1.74025 -1.64129 -1.30338 -1.39734 -1.38026 -1.21420 -1.35652 2
-0.75940 -0.67475 1.45328 -1.40718 -1.33899 -1.30338 -1.24135 -1.20456 -1.10016 -0.63814 2
-0.75940 1.48167 -0.68794 -0.90756 -1.03669 -0.22752 -1.03743 -1.03111 -0.95876 -0.96141 2
-0.75940 -0.67475 1.45328 -1.36554 -1.28861 -1.18384 -1.23013 -1.22033 -1.28262 -1.06917 2
-0.75940 1.48167 -0.68794 -0.53285 0.17250 0.37018 -0.16873 -0.26521 -0.26086 0.00840 2
-0.75940 -0.67475 1.45328 -1.24064 -1.03669 -0.58614 -1.13633 -1.20456 -0.97244 -1.06917 2
1.31652 -0.67475 -0.68794 -0.44959 -0.28095 0.13110 -0.49398 -0.54454 -0.33384 -0.38671 2
1.31652 -0.67475 -0.68794 0.38310 0.32365 -1.06430 -0.00355 -0.08951 0.37318 -0.02752 2
1.31652 -0.67475 -0.68794 -0.65776 -0.58325 -0.58614 -0.95280 -0.91397 -1.01350 -0.87520 2
-0.75940 1.48167 -0.68794 -1.28227 -1.33899 -0.94476 -1.23625 -1.20005 -1.41034 -1.14100 2
1.31652 -0.67475 -0.68794 -0.44959 -0.33133 -0.46660 -0.50621 -0.42064 -0.79455 -0.50165 2
1.31652 -0.67475 -0.68794 -0.28305 -0.23057 -0.34706 -0.44810 -0.23818 -0.77174 -0.44059 2
-0.75940 -0.67475 1.45328 -0.15815 -0.18018 0.25064 -0.29312 0.01186 -0.45244 -0.59504 2
-0.75940 -0.67475 1.45328 -0.15815 -0.53286 -0.34706 -0.46441 -0.49273 -0.54823 -0.38671 2
1.31652 -0.67475 -0.68794 -0.11651 -0.02903 0.25064 -0.25539 -0.05572 -0.42507 -0.36157 2
-0.75940 1.48167 -0.68794 0.05003 0.17250 -0.22752 -0.14324 -0.15483 0.14967 -0.24303 2
1.31652 -0.67475 -0.68794 0.38310 0.37403 0.01156 0.47872 0.75297 0.35494 0.00840 2
1.31652 -0.67475 -0.68794 0.54964 0.62595 0.48972 0.76930 0.53898 0.56477 0.50408 2
-0.75940 1.48167 -0.68794 0.75781 0.72671 0.48972 0.86413 1.01653 0.71986 0.65494 2
1.31652 -0.67475 -0.68794 0.88272 0.72671 0.25064 0.71323 0.71693 0.61494 0.60824 2
-0.75940 1.48167 -0.68794 1.00762 0.97863 0.60926 1.23118 1.46255 1.16232 0.69804 2
-0.75940 -0.67475 1.45328 -0.07488 -0.23057 -0.34706 -0.44300 -0.18862 -0.49349 -0.63814 2
-0.75940 -0.67475 1.45328 0.00839 -0.07942 -0.22752 -0.37367 -0.15483 -0.51174 -0.49447 2
-0.75940 1.48167 -0.68794 0.21656 0.22288 0.25064 0.02296 0.16053 0.13143 -0.11373 2
1.31652 -0.67475 -0.68794 0.34147 0.27326 0.25064 0.32884 0.99175 0.01739 -0.23585 2
-0.75940 1.48167 -0.68794 0.38310 0.37403 0.13110 0.09943 0.23712 0.33213 -0.13528 2
1.31652 -0.67475 -0.68794 0.46637 0.47480 0.25064 0.58170 0.52771 0.31845 0.18799 2
1.31652 -0.67475 -0.68794 0.71618 0.77709 0.48972 0.37880 0.77550 0.28652 0.01917 2
1.31652 -0.67475 -0.68794 0.84108 0.72671 1.08742 0.77032 1.02554 0.99810 0.33885 2
1.31652 -0.67475 -0.68794 0.88272 0.62595 0.37018 0.61942 1.03455 0.27739 0.34604 2
1.31652 -0.67475 -0.68794 1.17416 1.18016 0.48972 1.08946 1.21476 0.89775 0.72678 2
1.31652 -0.67475 -0.68794 1.63214 1.58322 0.13110 0.73056 1.49409 0.12687 0.21314 2
-0.75940 -0.67475 1.45328 -1.24064 -1.28861 -1.42292 -1.27703 -1.24736 -1.20964 -1.24876 2
-0.75940 -0.67475 1.45328 -1.15737 -1.28861 -1.30338 -1.24644 -1.18203 -1.30087 -1.23439 2
-0.75940 1.48167 -0.68794 -0.57449 -0.43210 -0.58614 -0.81209 -0.79008 -0.66226 -0.82133 2
-0.75940 -0.67475 1.45328 -0.57449 -0.78478 -0.94476 -0.93139 -0.00616 -0.94051 -0.92549 2
-0.75940 -0.67475 1.45328 -0.44959 -0.43210 -0.94476 -0.85186 -0.83062 -0.86753 -0.74590 2
-0.75940 -0.67475 1.45328 -0.44959 -0.53286 -0.46660 -0.88856 -0.86666 -0.84016 -0.88957 2
-0.75940 -0.67475 1.45328 -0.36632 -0.53286 -0.58614 -0.72645 -0.68871 -0.62577 -0.76745 2
-0.75940 -0.67475 1.45328 -0.24141 -0.53286 -0.46660 -0.67751 -0.65492 -0.69419 -0.64173 2
-0.75940 1.48167 -0.68794 0.46637 0.37403 0.25064 0.05966 0.18306 -0.22437 0.10179 2
-0.75940 -0.67475 1.45328 -0.07488 -0.12980 -0.34706 -0.55618 -0.40488 -0.77174 -0.49447 2
1.31652 -0.67475 -0.68794 0.00839 -0.07942 0.01156 -0.22073 0.04114 -0.32472 -0.46932 2
-0.75940 -0.67475 1.45328 -1.36554 -1.38937 -1.06430 -1.28213 -1.29016 -1.13666 -1.27750 2
-0.75940 -0.67475 1.45328 -0.82430 -0.83516 -0.70568 -1.04354 -1.01083 -1.20964 -1.06917 2
-0.75940 -0.67475 1.45328 -0.61612 -0.68401 -1.06430 -1.02825 -0.99506 -1.06367 -0.96141 2
1.31652 -0.67475 -0.68794 -0.36632 -0.53286 0.48972 -0.74378 -0.62338 -0.68051 0.00122 2
-0.75940 -0.67475 1.45328 -0.07488 -0.18018 -0.34706 -0.52661 -0.54679 -0.49349 -0.38671 2
-0.75940 -0.67475 1.45328 0.00839 -0.28095 -0.10798 -0.43586 -0.44317 -0.19700 -0.45855 2
-0.75940 -0.67475 1.45328 0.13330 0.17250 -0.10798 -0.29108 -0.05347 -0.23805 -0.18556 2
-0.75940 -0.67475 1.45328 0.21656 0.07173 0.13110 -0.09634 0.06142 -0.18787 -0.12450 2
-0.75940 -0.67475 1.45328 0.29983 0.32365 -0.22752 -0.21461 -0.04671 -0.28823 -0.27895 2
-0.75940 1.48167 -0.68794 0.63291 0.52518 0.37018 0.29519 0.30470 0.21810 0.43943 2
-0.75940 -0.67475 1.45328 0.63291 0.72671 0.72880 0.18099 0.09295 0.38231 0.36759 2
-0.75940 -0.67475 1.45328 -0.74103 -1.08708 -0.46660 -0.47359 -0.45218 -0.37945 -0.53398 2
-0.75940 -0.67475 1.45328 -0.57449 -0.63363 -0.70568 -0.80496 -0.68645 -0.86753 -0.84288 2
1.31652 -0.67475 -0.68794 -0.07488 -0.12980 -0.10798 0.36350 0.50744 0.62863 0.09460 2
-0.75940 -0.67475 1.45328 0.09166 -0.23057 0.96788 0.51950 0.61331 0.44617 0.46816 2
-0.75940 -0.67475 1.45328 -0.65776 -0.78478 -0.70568 -0.95994 -0.93199 -1.03630 -0.86443 2
-0.75940 -0.67475 1.45328 0.00839 -0.02903 0.13110 -0.26967 -0.24719 -0.24717 -0.20711 2
-0.75940 -0.67475 1.45328 0.13330 -0.18018 -0.34706 -0.41445 -0.48147 -0.20612 -0.35079 2
-0.75940 -0.67475 1.45328 -1.65698 -1.69167 -1.66200 -1.38001 -1.36450 -1.36929 -1.32778 2
-0.75940 -0.67475 1.45328 -1.15737 -1.28861 -0.94476 -1.12817 -1.03111 -1.09104 -1.19488 2
-0.75940 -0.67475 1.45328 -0.65776 -0.88554 -0.46660 -0.91915 -0.93424 -0.89490 -0.85365 2
1.31652 -0.67475 -0.68794 -0.61612 -0.58325 -0.22752 -0.74072 -0.68420 -0.69419 -0.74590 2
1.31652 -0.67475 -0.68794 0.71618 0.72671 0.60926 0.84577 0.89264 0.79284 0.95666 2
-0.75940 1.48167 -0.68794 -0.15815 -0.18018 -0.58614 -0.34410 -0.24719 -0.22893 -0.45855 2
1.31652 -0.67475 -0.68794 -0.90756 -0.98631 -1.18384 -1.02825 -1.03111 -0.97700 -0.88957 2
-0.75940 -0.67475 1.45328 -0.24141 -0.23057 -0.34706 -0.49704 -0.37784 -0.52086 -0.53038 2
-0.75940 1.48167 -0.68794 0.96598 0.92824 0.25064 0.49299 0.05241 0.82021 0.87045 2
1.31652 -0.67475 -0.68794 0.00839 0.17250 -0.34706 -0.03414 0.19883 -0.09208 -0.31487 2
-0.75940 1.48167 -0.68794 0.38310 0.27326 0.01156 0.06068 0.14026 0.14055 -0.06703 2
-0.75940 1.48167 -0.68794 0.84108 0.82748 0.84834 0.56844 0.40156 0.32757 0.86686 2
-0.75940 -0.67475 1.45328 -0.32468 -0.33133 -0.22752 -0.56127 -0.42064 -0.62577 -0.58785 2
-0.75940 -0.67475 1.45328 -0.11651 -0.12980 0.37018 -0.58982 -0.50850 -0.65770 -0.51602 2
1.31652 -0.67475 -0.68794 0.46637 0.47480 -0.22752 0.04743 0.22811 -0.07384 -0.09936 2
-0.75940 -0.67475 1.45328 -0.99083 -0.98631 -0.70568 0.16570 0.25514 0.24546 -1.00092 2
1.31652 -0.67475 -0.68794 -0.61612 -0.83516 -0.58614 -0.81209 -0.61212 -0.93139 -0.88598 2
-0.75940 -0.67475 1.45328 -0.57449 -0.68401 -0.58614 -0.69892 -0.44317 -1.04999 -0.77104 2
-0.75940 1.48167 -0.68794 0.46637 0.37403 -0.10798 0.24727 0.56150 0.01283 -0.04548 2
1.31652 -0.67475 -0.68794 0.84108 0.92824 -0.22752 0.51644 0.98725 0.21810 0.08024 2
-0.75940 1.48167 -0.68794 1.00762 0.82748 0.48972 0.64287 0.64034 0.98898 0.57592 2
-0.75940 -0.67475 1.45328 -0.82430 -0.68401 -0.94476 -0.93343 -0.94325 -0.85841 -0.88957 2
-0.75940 -0.67475 1.45328 -0.40795 -0.33133 -0.70568 -0.68261 -0.66843 -0.65314 -0.60581 2
1.31652 -0.67475 -0.68794 -0.15815 -0.43210 -0.58614 -0.62755 -0.49273 -0.77174 -0.63814 2
1.31652 -0.67475 -0.68794 -0.03324 0.57556 0.25064 0.24829 0.43535 0.16792 0.11616 2
-0.75940 1.48167 -0.68794 0.09166 0.37403 -0.34706 0.08923 0.25965 0.16792 0.00840 2
-0.75940 -0.67475 1.45328 0.21656 0.27326 0.60926 -0.05045 -0.08726 0.12231 0.03713 2
-0.75940 -0.67475 1.45328 0.29983 0.22288 -0.22752 -0.20543 -0.10753 -0.33840 -0.15324 2
1.31652 -0.67475 -0.68794 0.46637 0.57556 0.25064 0.15856 0.05241 0.14511 0.36759 2
-0.75940 1.48167 -0.68794 0.92435 0.92824 1.20696 0.94060 1.05257 1.13039 0.81298 2
-0.75940 -0.67475 1.45328 -1.11574 -1.28861 -1.18384 -1.25154 -1.23835 -1.33736 -1.14819 2
-0.75940 -0.67475 1.45328 -0.61612 -0.68401 -0.34706 -0.86511 -0.84864 -1.00893 -0.74949 2
-0.75940 -0.67475 1.45328 -0.44959 -0.33133 -0.34706 -0.62449 -0.59860 -0.69876 -0.55194 2
-0.75940 -0.67475 1.45328 -0.24141 -0.33133 -0.58614 -0.65610 -0.53328 -0.70788 -0.63814 2
-0.75940 -0.67475 1.45328 -0.19978 -0.28095 -0.10798 -0.61225 -0.60085 -0.52542 -0.21430 2
-0.75940 -0.67475 1.45328 0.42474 0.22288 -0.22752 -0.17586 -0.31477 0.18160 -0.13528 2
-0.75940 1.48167 -0.68794 0.21656 0.22288 0.25064 -0.35429 -0.43191 -0.53454 -0.12809 2
-0.75940 -0.67475 1.45328 -1.07410 -1.08708 -0.46660 -1.07923 -1.04913 -1.02718 -1.07276 2
1.31652 -0.67475 -0.68794 -1.19901 -1.08708 -0.94476 -1.17915 -1.14149 -1.15946 -1.15896 2
-0.75940 1.48167 -0.68794 -0.11651 -0.23057 -0.10798 -0.40120 -0.34856 -0.32472 -0.49447 2
1.31652 -0.67475 -0.68794 -0.03324 0.07173 0.84834 -0.15445 -0.45669 -0.08752 0.11616 2
-0.75940 -0.67475 1.45328 -1.11574 -1.08708 -0.82522 -1.16182 -1.18879 -1.30087 -1.10509 2
-0.75940 -0.67475 1.45328 -0.40795 -0.43210 0.01156 -0.76315 -0.84864 -0.57104 -0.58067 2
-0.75940 -0.67475 1.45328 -1.90679 -1.99397 -1.42292 -1.48605 -1.44784 -1.41034 -1.49301 2
-0.75940 -0.67475 1.45328 -0.36632 -0.53286 -0.58614 -0.51029 -0.49273 -0.68051 -0.39389 2
-0.75940 1.48167 -0.68794 0.42474 0.52518 0.60926 0.48178 0.62683 0.30932 0.30653 2
-0.75940 1.48167 -0.68794 0.71618 0.62595 0.48972 0.50115 0.59980 0.50547 0.36759 2
1.31652 -0.67475 -0.68794 0.75781 0.97863 1.20696 1.17103 1.40624 1.02091 0.90637 2
-0.75940 -0.67475 1.45328 -0.61612 -0.68401 -0.82522 -0.79578 -0.67294 -0.80367 -0.85365 2
-0.75940 1.48167 -0.68794 -0.15815 0.67633 0.48972 0.58476 0.67413 0.53284 0.48612 2
1.31652 -0.67475 -0.68794 0.25820 0.32365 0.13110 0.04335 0.25740 -0.11033 -0.06344 2
1.31652 -0.67475 -0.68794 0.25820 0.32365 0.25064 0.01888 0.25289 -0.31559 -0.06344 2
-0.75940 -0.67475 1.45328 -0.61612 -0.58325 -0.70568 -0.64182 -0.47921 -0.69419 -0.70998 2
1.31652 -0.67475 -0.68794 -0.15815 -0.18018 -0.58614 -0.55108 -0.45894 -0.56191 -0.61300 2
-0.75940 -0.67475 1.45328 0.00839 -0.18018 -0.82522 -0.53374 -0.32378 -0.66683 -0.56630 2
-0.75940 -0.67475 1.45328 0.42474 0.47480 0.37018 0.08923 -0.04671 0.26371 0.33167 2
1.31652 -0.67475 -0.68794 -0.07488 -0.18018 0.01156 -0.30739 -0.08275 -0.43875 -0.86084 2
-0.75940 -0.67475 1.45328 -0.44959 -0.63363 -0.46660 -0.93852 -0.93199 -1.08648 -0.81773 2
-0.75940 -0.67475 1.45328 -0.03324 0.07173 0.01156 -0.38794 -0.29224 -0.36577 -0.48728 2
1.31652 -0.67475 -0.68794 0.54964 0.57556 -0.10798 0.32782 0.28893 0.16792 0.29575 2
-0.75940 -0.67475 1.45328 -0.40795 -0.53286 -0.10798 -0.71625 -0.65267 -0.82648 -0.68483 2
-0.75940 -0.67475 1.45328 -0.32468 -0.38171 0.01156 -0.65712 -0.52652 -0.84472 -0.66328 2
1.31652 -0.67475 -0.68794 -0.03324 0.17250 -0.34706 -0.07900 0.05691 0.22266 -0.35079 2
-0.75940 -0.67475 1.45328 -0.49122 -0.53286 -0.46660 -0.50621 -0.47020 -0.81279 -0.39389 2
1.31652 -0.67475 -0.68794 -0.90756 -0.93593 -0.46660 -0.87123 -0.72250 -0.85385 -1.01888 2
1.31652 -0.67475 -0.68794 -0.32468 -0.18018 -0.46660 -0.46849 -0.48822 -0.42051 -0.50165 2
-0.75940 1.48167 -0.68794 0.79945 0.57556 0.01156 0.37166 0.53898 0.52827 0.11616 2
1.31652 -0.67475 -0.68794 0.17493 0.42441 0.25064 -0.09838 0.09070 -0.16507 -0.16401 2
1.31652 -0.67475 -0.68794 0.54964 0.42441 0.37018 0.09229 0.04340 0.30020 0.00840 2
-0.75940 -0.67475 1.45328 0.29983 0.12212 0.01156 0.01684 0.24613 0.30476 -0.27895 2
1.31652 -0.67475 -0.68794 -0.40795 -0.48248 0.01156 -0.64284 -0.53328 -0.69419 -0.60222 2
-0.75940 1.48167 -0.68794 -0.07488 -0.07942 -0.34706 -0.43586 -0.32829 -0.52542 -0.44777 2
1.31652 -0.67475 -0.68794 -0.61612 -0.88554 -0.94476 -0.91303 -0.85090 -0.96332 -0.88957 2
-0.75940 1.48167 -0.68794 -0.11651 -0.18018 -0.10798 -0.39814 -0.57833 -0.01454 -0.27895 2
-0.75940 1.48167 -0.68794 0.67454 0.92824 1.08742 0.59087 0.49392 0.71073 0.69086 2
-0.75940 1.48167 -0.68794 0.50801 0.52518 0.72880 0.21158 0.02538 0.82477 0.36759 2
-0.75940 -0.67475 1.45328 -1.03247 -1.08708 -0.70568 -1.04762 -1.12797 -1.03630 -0.85365 2
-0.75940 1.48167 -0.68794 -0.28305 -0.33133 0.25064 -0.51641 -0.62789 -0.33384 -0.35079 2
-0.75940 -0.67475 1.45328 -1.90679 -1.84282 -1.42292 -1.43711 -1.40054 -1.35560 -1.42836 2
1.31652 -0.67475 -0.68794 -0.44959 -0.18018 0.25064 -0.39406 -0.63464 -0.84016 0.11616 2
1.31652 -0.67475 -0.68794 -1.28227 -1.28861 -0.82522 -1.21280 -1.21132 -1.11385 -1.17692 2
-0.75940 1.48167 -0.68794 -0.99083 -1.03669 -1.06430 -0.97931 -0.96353 -0.83104 -0.99733 2
-0.75940 1.48167 -0.68794 0.29983 0.47480 1.20696 -0.23398 -0.34406 -0.47068 0.25983 2
-0.75940 -0.67475 1.45328 -1.36554 -1.28861 -0.82522 -1.28417 -1.30593 -1.23701 -1.14100 2
-0.75940 1.48167 -0.68794 0.05003 0.32365 -0.10798 -0.09226 -0.20890 -0.08296 -0.14605 2
-0.75940 -0.67475 1.45328 -0.32468 -0.18018 -0.34706 -0.48480 -0.32603 -0.36121 -0.85365 2
-0.75940 1.48167 -0.68794 -0.65776 -0.78478 -0.82522 -0.76723 -0.80810 -0.70788 -0.83210 2
1.31652 -0.67475 -0.68794 -0.03324 -0.23057 0.01156 -0.34512 -0.49949 0.20897 -0.56630 2
-0.75940 1.48167 -0.68794 -0.07488 -0.18018 -0.22752 -0.51641 -0.72925 -0.46156 -0.39030 2
1.31652 -0.67475 -0.68794 -0.44959 -0.38171 0.96788 -0.64998 -0.75629 -0.47524 -0.54834 2
-0.75940 -0.67475 1.45328 -0.32468 -0.53286 -0.82522 -0.67445 -0.63915 -0.77174 -0.62018 2
1.31652 -0.67475 -0.68794 -0.19978 -0.07942 -0.34706 -0.47155 -0.40262 -0.48437 -0.52320 2
1.31652 -0.67475 -0.68794 0.38310 0.47480 0.25064 0.25135 0.13575 0.31845 0.25624 2
1.31652 -0.67475 -0.68794 0.54964 0.67633 0.60926 0.50625 0.42860 0.57845 0.50767 2
1.31652 -0.67475 -0.68794 -0.40795 -0.38171 -0.34706 -0.59492 -0.61888 -0.53911 -0.63814 2
1.31652 -0.67475 -0.68794 1.04925 0.87786 0.48972 0.96914 0.94895 1.19881 0.96025 2
-0.75940 -0.67475 1.45328 -0.11651 -0.07942 -0.34706 -0.55312 -0.44092 -0.55735 -0.62018 2
1.31652 -0.67475 -0.68794 -0.03324 -0.07942 0.13110 -0.10653 -0.03094 0.03564 -0.38671 2
1.31652 -0.67475 -0.68794 0.38310 0.52518 0.25064 0.42570 0.82055 0.20897 0.08024 2
1.31652 -0.67475 -0.68794 0.42474 0.27326 0.01156 0.03417 0.18757 0.09494 -0.12091 2
1.31652 -0.67475 -0.68794 0.42474 0.37403 0.13110 0.03723 0.25064 0.12687 -0.13528 2
1.31652 -0.67475 -0.68794 0.46637 0.47480 1.32650 2.10090 2.63842 2.23882 1.45234 2
-0.75940 1.48167 -0.68794 0.75781 0.57556 0.25064 0.19221 0.46013 0.01739 0.01917 2
-0.75940 1.48167 -0.68794 0.75781 0.67633 0.37018 0.40429 0.39481 0.63319 0.33167 2
-0.75940 1.48167 -0.68794 0.84108 0.77709 0.84834 1.11291 1.68556 0.82933 0.66931 2
1.31652 -0.67475 -0.68794 1.46560 1.58322 0.96788 1.88067 2.41316 1.41320 1.48826 2
-0.75940 1.48167 -0.68794 1.46560 1.18016 1.20696 1.66757 2.23070 1.15319 1.15421 2
-0.75940 1.48167 -0.68794 1.50723 1.43207 0.72880 0.79581 1.26207 0.50547 0.44661 2
-0.75940 -0.67475 1.45328 -0.19978 0.02135 0.01156 -0.34104 -0.45443 -0.16507 -0.30769 2
-0.75940 -0.67475 1.45328 -0.19978 -0.12980 0.01156 -0.42261 -0.30126 -0.54823 -0.31487 2
-0.75940 -0.67475 1.45328 0.00839 -0.07942 -0.34706 -0.26967 0.04340 -0.38402 -0.53757 2
-0.75940 -0.67475 1.45328 0.05003 0.07173 -0.70568 -0.51845 -0.48147 -0.52086 -0.35797 2
-0.75940 1.48167 -0.68794 0.09166 0.02135 -0.22752 -0.23296 -0.10978 -0.33384 -0.22507 2
-0.75940 -0.67475 1.45328 0.13330 0.12212 0.01156 -0.20849 -0.17511 -0.32928 -0.07062 2
-0.75940 -0.67475 1.45328 0.29983 0.17250 -0.10798 -0.01681 0.05466 0.04020 -0.02034 2
-0.75940 -0.67475 1.45328 0.54964 0.37403 -0.10798 -0.11673 -0.14132 -0.05559 -0.06344 2
1.31652 -0.67475 -0.68794 0.54964 0.62595 0.96788 0.73056 1.07735 0.42336 0.51126 2
1.31652 -0.67475 -0.68794 0.75781 0.72671 0.84834 0.58985 0.39030 1.26723 0.43943 2
-0.75940 1.48167 -0.68794 0.92435 0.92824 0.60926 1.28624 1.55716 0.76547 1.08596 2
-0.75940 1.48167 -0.68794 0.92435 0.87786 0.84834 0.77950 1.56617 0.83845 0.60465 2
-0.75940 -0.67475 1.45328 -0.69939 -0.43210 -0.70568 -0.77947 -0.65942 -0.83560 -0.90035 2
-0.75940 -0.67475 1.45328 -0.44959 -0.63363 0.01156 -0.74888 -0.58734 -0.63946 -0.88239 2
-0.75940 1.48167 -0.68794 0.59127 0.47480 0.48972 0.43080 0.41733 0.77459 0.35322 2
1.31652 -0.67475 -0.68794 0.88272 0.47480 0.25064 0.61738 0.54799 0.85670 0.47534 2
-0.75940 -0.67475 1.45328 -0.36632 -0.38171 -0.34706 -0.72339 -0.81260 -0.70332 -0.45855 2
-0.75940 -0.67475 1.45328 -0.07488 -0.48248 -0.34706 -0.72645 -0.80134 -0.50718 -0.72435 2
-0.75940 -0.67475 1.45328 0.13330 0.17250 0.01156 -0.17688 -0.17736 -0.37489 0.08024 2
-0.75940 -0.67475 1.45328 0.13330 0.12212 0.01156 -0.41037 -0.49048 -0.57560 -0.02752 2
-0.75940 1.48167 -0.68794 0.34147 0.32365 0.25064 0.06986 0.34074 -0.28823 0.22391 2
1.31652 -0.67475 -0.68794 0.42474 0.37403 0.48972 0.02092 0.18531 0.15880 0.00122 2
-0.75940 -0.67475 1.45328 0.46637 0.37403 -0.34706 -0.24316 -0.25395 -0.36577 -0.02752 2
1.31652 -0.67475 -0.68794 0.63291 0.62595 0.60926 0.46954 0.65161 0.55108 0.25983 2
-0.75940 -0.67475 1.45328 0.67454 0.62595 0.13110 -0.05351 0.08845 0.41880 -0.13528 2
-0.75940 1.48167 -0.68794 0.67454 0.62595 0.37018 0.29621 0.15152 0.39599 0.68727 2
1.31652 -0.67475 -0.68794 0.71618 0.62595 0.48972 0.39409 0.40382 0.49178 0.39991 2
-0.75940 -0.67475 1.45328 0.71618 0.57556 -0.34706 0.19119 0.34525 0.08581 0.15207 2
1.31652 -0.67475 -0.68794 0.71618 0.62595 0.72880 0.59087 0.73495 0.54652 0.51126 2
1.31652 -0.67475 -0.68794 0.75781 0.67633 0.84834 0.80601 1.09988 0.73354 0.51845 2
1.31652 -0.67475 -0.68794 1.00762 1.02901 0.48972 1.02216 1.38371 1.17144 0.56155 3
-0.75940 1.48167 -0.68794 1.00762 1.02901 0.48972 0.84169 1.00076 0.87038 0.54718 3
1.31652 -0.67475 -0.68794 0.38310 0.47480 0.84834 0.39001 0.54573 0.30932 0.36759 3
-0.75940 -0.67475 1.45328 -0.19978 -0.28095 -0.70568 -0.54700 -0.35757 -0.68051 -0.63814 3
-0.75940 -0.67475 1.45328 0.00839 -0.07942 0.13110 -0.44708 -0.50174 -0.19700 -0.45855 3
-0.75940 -0.67475 1.45328 0.05003 0.22288 0.48972 -0.21257 -0.17286 -0.48437 0.00840 3
-0.75940 -0.67475 1.45328 0.09166 0.47480 0.01156 0.35229 0.76874 -0.03735 0.03713 3
1.31652 -0.67475 -0.68794 0.38310 0.32365 0.84834 0.22994 0.09521 0.43705 0.31730 3
1.31652 -0.67475 -0.68794 0.46637 0.32365 0.48972 0.00155 -0.10302 0.18160 0.06946 3
-0.75940 -0.67475 1.45328 -0.11651 0.47480 -0.10798 -0.29210 -0.32378 -0.24261 -0.25381 3
-0.75940 1.48167 -0.68794 0.05003 0.22288 0.25064 -0.17892 -0.15483 0.04476 -0.30769 3
-0.75940 1.48167 -0.68794 0.05003 -0.02903 -0.22752 -0.39406 -0.43191 -0.21980 -0.38671 3
-0.75940 1.48167 -0.68794 0.13330 0.12212 -0.22752 -0.15955 0.03889 -0.11945 -0.39030 3
1.31652 -0.67475 -0.68794 -1.24064 -1.18784 -0.94476 -1.12715 -1.08968 -1.13209 -1.10509 3
-0.75940 -0.67475 1.45328 -0.40795 -0.48248 -0.70568 -0.76111 -0.82161 -0.76718 -0.67406 3
-0.75940 1.48167 -0.68794 -0.90756 -0.83516 -0.58614 -0.98543 -0.98605 -0.94964 -0.92549 3
-0.75940 1.48167 -0.68794 0.71618 0.42441 0.48972 0.62656 0.24613 1.18968 0.43943 3
-0.75940 1.48167 -0.68794 -0.03324 -0.07942 -0.34706 -0.29006 -0.28999 -0.08296 -0.38671 3
-0.75940 1.48167 -0.68794 0.21656 0.17250 0.13110 -0.06473 -0.28098 -0.27910 0.18799 3
-0.75940 1.48167 -0.68794 -0.15815 -0.07942 0.60926 -0.20339 -0.41389 -0.23349 0.08024 3
1.31652 -0.67475 -0.68794 -0.69939 -0.33133 -0.22752 -0.69688 -0.60085 -0.76718 -0.60222 3
-0.75940 -0.67475 1.45328 -0.99083 -0.93593 -0.82522 -0.98237 -0.89595 -0.93139 -0.99733 3
-0.75940 1.48167 -0.68794 -0.07488 0.12212 -0.10798 -0.40629 -0.35081 -0.48893 -0.17120 3
-0.75940 -0.67475 1.45328 -0.19978 -0.12980 -0.46660 -0.59492 -0.64365 -0.65770 -0.43340 3
1.31652 -0.67475 -0.68794 0.13330 0.12212 -0.46660 -0.03516 0.14702 -0.32016 -0.11013 3
1.31652 -0.67475 -0.68794 0.54964 0.47480 0.48972 0.53276 0.63359 0.37318 0.38195 3
1.31652 -0.67475 -0.68794 1.00762 0.82748 0.48972 0.86107 0.79352 1.40407 0.55796 3
-0.75940 -0.67475 1.45328 -0.07488 -0.07942 -0.34706 -0.48174 -0.42515 -0.57560 -0.50883 3
-0.75940 1.48167 -0.68794 0.17493 -0.07942 0.01156 -0.10347 0.03889 0.31389 -0.42263 3
1.31652 -0.67475 -0.68794 0.34147 0.22288 -0.22752 -0.09124 -0.04446 0.07213 -0.18556 3
1.31652 -0.67475 -0.68794 0.38310 0.42441 -0.10798 0.39001 0.84083 0.21353 0.08024 3
-0.75940 1.48167 -0.68794 0.38310 0.22288 0.48972 -0.03618 0.12674 -0.19700 -0.07421 3
1.31652 -0.67475 -0.68794 1.04925 1.12978 0.84834 0.89064 1.15169 0.88407 0.69804 3
1.31652 -0.67475 -0.68794 1.04925 1.02901 0.37018 1.17918 1.63150 1.07109 0.69086 3
-0.75940 1.48167 -0.68794 1.04925 0.82748 0.37018 0.59801 0.83632 0.43248 0.47894 3
1.31652 -0.67475 -0.68794 1.67377 1.43207 1.44604 1.38922 2.31630 2.24338 1.93724 3
-0.75940 -0.67475 1.45328 -0.65776 -0.48248 -0.70568 -0.82637 -0.79909 -0.94964 -0.70998 3
-0.75940 1.48167 -0.68794 -0.07488 -0.12980 -0.10798 -0.63774 -0.71123 -0.44331 -0.55194 3
-0.75940 -0.67475 1.45328 0.00839 -0.33133 -0.46660 -0.40222 -0.24719 -0.60753 -0.35079 3
-0.75940 1.48167 -0.68794 1.13252 0.97863 1.20696 1.17408 1.19900 1.43144 0.97462 3
-0.75940 1.48167 -0.68794 1.25743 1.18016 0.72880 1.79910 2.14960 1.56372 1.69658 3
-0.75940 1.48167 -0.68794 0.13330 0.07173 0.25064 -0.03516 0.12674 0.06301 -0.25381 3
1.31652 -0.67475 -0.68794 0.63291 0.67633 0.84834 0.57354 0.68089 0.68793 0.33167 3
-0.75940 1.48167 -0.68794 0.21656 0.27326 0.01156 -0.17077 -0.05572 -0.06015 -0.08858 3
-0.75940 -0.67475 1.45328 0.54964 0.52518 -0.34706 -0.15037 -0.11429 -0.27910 -0.00597 3
-0.75940 -0.67475 1.45328 0.63291 0.37403 -0.10798 0.18711 0.38580 0.20897 0.10179 3
1.31652 -0.67475 -0.68794 0.88272 1.23054 0.96788 0.91918 1.16521 0.68793 0.54718 3
-0.75940 1.48167 -0.68794 -0.11651 -0.38171 1.68512 0.72240 0.66963 1.01635 0.74833 3
1.31652 -0.67475 -0.68794 0.71618 0.67633 0.84834 0.39817 0.22361 0.73354 0.59747 3
-0.75940 -0.67475 1.45328 0.09166 0.12212 0.13110 -0.28598 -0.38911 -0.26542 -0.01315 3
1.31652 -0.67475 -0.68794 0.29983 0.42441 0.13110 0.13307 0.13125 0.26371 0.18081 3
1.31652 -0.67475 -0.68794 0.42474 0.62595 0.25064 0.30539 0.41058 0.14055 0.26701 3
1.31652 -0.67475 -0.68794 0.54964 -0.02903 0.25064 0.04947 -0.15033 0.73810 0.04432 3
1.31652 -0.67475 -0.68794 0.59127 0.72671 0.01156 0.17080 0.22586 0.01739 0.36040 3
-0.75940 1.48167 -0.68794 1.09089 0.82748 0.48972 0.76522 0.83857 0.73810 0.60106 3
-0.75940 1.48167 -0.68794 0.05003 -0.12980 -0.58614 -0.53069 -0.49723 -0.39314 -0.55912 3
1.31652 -0.67475 -0.68794 0.42474 0.72671 0.25064 0.24013 0.34300 0.72898 0.08383 3
-0.75940 1.48167 -0.68794 0.84108 0.72671 1.44604 1.00891 1.11790 1.13951 0.83453 3
1.31652 -0.67475 -0.68794 -0.82430 -0.73439 -0.94476 -0.85696 -0.82837 -0.80823 -0.74590 3
1.31652 -0.67475 -0.68794 0.21656 0.27326 -0.70568 -0.04638 -0.08050 0.20441 -0.17120 3
-0.75940 1.48167 -0.68794 -0.74103 -0.58325 -0.34706 -0.75398 -0.73151 -0.60297 -0.67406 3
1.31652 -0.67475 -0.68794 -0.15815 -0.23057 -0.70568 -0.35429 -0.18412 -0.27910 -0.38671 3
-0.75940 1.48167 -0.68794 -0.28305 -0.07942 -0.58614 -0.52967 -0.46570 -0.43875 -0.67406 3
1.31652 -0.67475 -0.68794 0.96598 0.92824 0.72880 1.27604 1.27333 1.61390 0.82735 3
-0.75940 1.48167 -0.68794 1.67377 1.73437 1.08742 1.41573 2.00544 1.63215 1.42719 3
-0.75940 -0.67475 1.45328 -0.40795 -0.53286 -0.34706 -0.69790 -0.64816 -0.63946 -0.69561 3
-0.75940 -0.67475 1.45328 -0.36632 -0.53286 -0.34706 -0.68261 -0.54454 -0.88578 -0.63814 3
-0.75940 -0.67475 1.45328 -0.07488 -0.07942 -0.10798 -0.39304 -0.24269 -0.53911 -0.38312 3
-0.75940 -0.67475 1.45328 0.09166 0.02135 -0.22752 -0.45116 -0.41163 -0.52998 -0.29691 3
-0.75940 -0.67475 1.45328 0.38310 0.12212 -0.22752 -0.11061 -0.02643 -0.27454 -0.01674 3
-0.75940 1.48167 -0.68794 0.42474 0.67633 0.48972 0.13511 0.00510 0.36862 0.23110 3
1.31652 -0.67475 -0.68794 0.46637 0.62595 0.60926 0.43284 0.81380 -0.13314 0.28857 3
-0.75940 1.48167 -0.68794 0.50801 0.52518 0.60926 0.46750 0.57051 0.63319 0.39632 3
1.31652 -0.67475 -0.68794 0.84108 0.72671 0.48972 0.63777 0.99175 0.30932 0.36759 3
-0.75940 1.48167 -0.68794 1.04925 0.67633 0.60926 1.13942 0.99401 1.53179 0.50767 3
1.31652 -0.67475 -0.68794 0.46637 0.42441 0.48972 0.07903 0.15378 0.36862 -0.17120 3
1.31652 -0.67475 -0.68794 0.79945 0.52518 0.48972 0.24829 0.59529 0.17704 -0.07781 3
-0.75940 -0.67475 1.45328 -0.49122 -0.38171 -0.58614 -0.85900 -0.93650 -0.79455 -0.67047 3
-0.75940 -0.67475 1.45328 -0.40795 -0.58325 -0.34706 -0.82841 -0.76079 -0.92683 -0.74231 3
-0.75940 -0.67475 1.45328 0.21656 -0.07942 -0.10798 -0.22786 -0.12555 -0.28366 -0.12809 3
-0.75940 -0.67475 1.45328 0.25820 0.22288 0.25064 -0.09328 -0.06473 -0.04647 0.05869 3
1.31652 -0.67475 -0.68794 -0.78266 -0.98631 -0.22752 -0.36755 -0.38686 -0.16050 -0.39389 3
1.31652 -0.67475 -0.68794 0.29983 0.57556 0.13110 0.11982 -0.11203 0.35950 0.22032 3
1.31652 -0.67475 -0.68794 0.42474 0.57556 -0.46660 0.45833 0.70567 0.34582 -0.02752 3
-0.75940 -0.67475 1.45328 0.46637 0.12212 0.01156 -0.26049 -0.13907 -0.71700 -0.09577 3
1.31652 -0.67475 -0.68794 0.84108 0.87786 0.37018 0.71017 0.65836 0.88863 0.76269 3
1.31652 -0.67475 -0.68794 0.25820 0.37403 -0.22752 0.06884 0.28443 -0.23349 0.00840 3
-0.75940 1.48167 -0.68794 0.67454 0.72671 0.84834 0.69283 0.55024 0.45529 0.84172 3
-0.75940 1.48167 -0.68794 0.75781 0.47480 -0.10798 0.46954 0.51420 0.75179 0.25265 3
-0.75940 -0.67475 1.45328 -1.57372 -1.54052 -1.30338 -1.32597 -1.29917 -1.27806 -1.32060 3
-0.75940 1.48167 -0.68794 -0.28305 -0.23057 0.48972 -0.35226 -0.51300 -0.08752 -0.24303 3
1.31652 -0.67475 -0.68794 0.71618 0.67633 0.25064 0.63879 1.17422 0.51459 0.04432 3
-0.75940 1.48167 -0.68794 0.96598 1.18016 0.84834 1.12820 1.29135 1.19425 0.94229 3
1.31652 -0.67475 -0.68794 0.54964 0.42441 0.48972 0.34515 0.38580 0.30476 0.44661 3
1.31652 -0.67475 -0.68794 0.84108 0.87786 0.84834 0.94773 0.99626 1.24442 0.83453 3
-0.75940 -0.67475 1.45328 -0.07488 -0.12980 -0.34706 -0.50621 -0.55355 -0.66683 -0.35079 3
-0.75940 -0.67475 1.45328 0.21656 0.27326 -0.34706 -0.17892 -0.05121 -0.20156 -0.23585 3
1.31652 -0.67475 -0.68794 0.92435 0.92824 0.96788 0.94365 1.05708 0.81108 0.94229 3
-0.75940 1.48167 -0.68794 1.59050 1.58322 0.96788 1.96019 2.18339 1.57741 2.15275 3
-0.75940 1.48167 -0.68794 0.38310 0.42441 0.25064 0.27684 0.77325 0.07669 -0.21430 3
-0.75940 -0.67475 1.45328 0.13330 0.07173 -0.10798 -0.24418 -0.17961 -0.06015 -0.38671 3
-0.75940 1.48167 -0.68794 0.29983 0.32365 -0.10798 -0.05351 -0.04220 -0.17419 0.14489 3
1.31652 -0.67475 -0.68794 -0.19978 -0.28095 -0.34706 -0.51335 -0.40713 -0.49349 -0.61300 3
-0.75940 1.48167 -0.68794 -0.44959 -0.53286 -0.94476 -0.72033 -0.86441 -0.91314 -0.38671 3
1.31652 -0.67475 -0.68794 0.46637 0.62595 0.60926 0.34413 0.15378 0.56020 0.65494 3
-0.75940 1.48167 -0.68794 -0.44959 -0.48248 -0.46660 -0.71625 -0.67069 -0.68507 -0.63814 3
-0.75940 1.48167 -0.68794 0.05003 0.02135 -0.22752 -0.26967 -0.25846 0.11774 -0.27895 3
-0.75940 1.48167 -0.68794 -0.19978 -0.07942 -0.34706 -0.32880 -0.44317 -0.44788 -0.13528 3
-0.75940 1.48167 -0.68794 0.34147 0.37403 0.37018 -0.00559 -0.08275 0.22722 0.06228 3
-0.75940 1.48167 -0.68794 0.21656 0.42441 0.13110 -0.17892 -0.28999 -0.33840 0.19877 3
1.31652 -0.67475 -0.68794 -0.07488 -0.02903 -0.22752 -0.21767 -0.17736 -0.45244 -0.20711 3
-0.75940 1.48167 -0.68794 0.79945 0.67633 0.84834 0.38288 0.34300 0.30476 0.61902 3
1.31652 -0.67475 -0.68794 0.50801 0.52518 1.08742 0.19017 0.01862 0.29564 0.33167 3
1.31652 -0.67475 -0.68794 0.21656 -0.02903 0.01156 -0.05351 -0.51976 -0.15594 0.11616 3
1.31652 -0.67475 -0.68794 0.09166 0.12212 0.13110 -0.07696 -0.13231 0.07669 0.08024 3
-0.75940 1.48167 -0.68794 -0.19978 -0.12980 0.01156 -0.23092 -0.19313 -0.04191 0.00840 3
-0.75940 -0.67475 1.45328 -1.36554 -1.33899 -0.70568 -1.21382 -1.19104 -1.16859 -1.10509 3
-0.75940 1.48167 -0.68794 -0.94920 -0.83516 -0.82522 -0.94872 -0.90271 -0.94507 -0.85365 3
-0.75940 -0.67475 1.45328 -0.90756 -0.98631 -0.70568 -1.08535 -1.06490 -1.12753 -1.00092 3
1.31652 -0.67475 -0.68794 0.25820 0.42441 0.84834 0.09229 -0.14357 0.19529 0.47534 3
-0.75940 1.48167 -0.68794 -0.57449 -0.58325 0.01156 -0.63264 -0.62338 -0.49349 -0.74590 3
-0.75940 1.48167 -0.68794 -1.15737 -0.93593 -0.70568 -1.10676 -1.06715 -1.06823 -1.11586 3
-0.75940 1.48167 -0.68794 -0.82430 -0.73439 -1.06430 -1.03335 -1.07616 -1.09104 -0.81773 3
-0.75940 1.48167 -0.68794 -1.28227 -1.28861 -0.70568 -1.21993 -1.19330 -1.22332 -1.17692 3
1.31652 -0.67475 -0.68794 -0.90756 -0.83516 0.01156 -0.83962 -0.92749 -0.72156 -0.68124 3
1.31652 -0.67475 -0.68794 -0.32468 -0.53286 -0.46660 -0.57453 -0.65041 -0.17419 -0.70998 3
-0.75940 1.48167 -0.68794 0.38310 0.57556 0.48972 0.13205 -0.20214 0.70161 0.17363 3
1.31652 -0.67475 -0.68794 -0.61612 -0.73439 -0.34706 -0.97829 -1.08292 -0.68507 -0.88957 3
-0.75940 1.48167 -0.68794 -0.69939 -0.68401 -0.22752 -0.83453 -0.92974 -0.59384 -0.78182 3
1.31652 -0.67475 -0.68794 0.21656 0.42441 0.25064 0.37880 0.21460 0.19073 0.34963 3
1.31652 -0.67475 -0.68794 0.34147 0.42441 0.37018 0.47056 0.51420 0.54196 0.18799 3
-0.75940 1.48167 -0.68794 0.59127 0.72671 0.25064 0.57354 0.62458 0.43248 0.65494 3
-0.75940 1.48167 -0.68794 0.92435 0.92824 0.25064 1.11597 1.30712 1.64583 0.51126 3
-0.75940 1.48167 -0.68794 1.21579 1.78475 0.48972 0.97934 0.83407 1.03916 1.25119 3
1.31652 -0.67475 -0.68794 0.96598 0.97863 0.37018 1.17001 1.55716 0.77459 0.69086 3
-0.75940 1.48167 -0.68794 1.25743 1.63361 2.04374 1.54624 1.71034 1.08477 1.40923 3
1.31652 -0.67475 -0.68794 1.38233 0.97863 1.44604 2.12741 2.40415 2.01531 1.73250 3
1.31652 -0.67475 -0.68794 1.59050 1.58322 0.84834 2.29156 1.82523 2.17040 1.25478 3
1.31652 -0.67475 -0.68794 0.63291 0.57556 0.37018 0.38288 0.68765 0.60126 -0.09936 3
1.31652 -0.67475 -0.68794 0.75781 0.52518 0.72880 0.46444 0.55024 0.83389 0.22391 3
1.31652 -0.67475 -0.68794 1.59050 1.28092 1.20696 1.72671 2.38613 1.20793 1.30148 3
-0.75940 1.48167 -0.68794 1.63214 1.43207 1.44604 2.38129 2.45146 2.63110 2.03063 3
1.31652 -0.67475 -0.68794 1.92358 1.73437 1.56558 2.40168 2.11807 2.01531 2.55864 3
-0.75940 -0.67475 1.45328 -0.03324 -0.07942 -0.22752 -0.50214 -0.56932 -0.40226 -0.42263 3
-0.75940 -0.67475 1.45328 0.17493 0.22288 0.25064 -0.20441 -0.25846 -0.44788 0.11256 3
-0.75940 -0.67475 1.45328 0.21656 0.27326 0.01156 -0.15343 -0.13907 -0.22893 -0.04548 3
-0.75940 -0.67475 1.45328 0.50801 0.67633 0.48972 0.45221 0.54348 0.48722 0.33167 3
1.31652 -0.67475 -0.68794 0.50801 0.52518 0.60926 0.58068 1.00527 0.49178 0.25265 3
-0.75940 -0.67475 1.45328 0.63291 0.67633 0.25064 0.59393 0.92643 0.60126 0.22391 3
1.31652 -0.67475 -0.68794 0.67454 0.82748 0.01156 0.29927 0.26866 0.23178 0.54718 3
1.31652 -0.67475 -0.68794 0.71618 0.52518 0.48972 0.34923 0.60655 0.14967 0.25983 3
-0.75940 1.48167 -0.68794 0.75781 0.67633 0.37018 0.35739 0.39706 0.11318 0.36400 3
-0.75940 1.48167 -0.68794 0.79945 0.67633 0.48972 0.61330 0.46689 0.80196 0.65494 3
1.31652 -0.67475 -0.68794 0.92435 0.82748 0.48972 0.55519 0.78676 0.05388 0.76629 3
1.31652 -0.67475 -0.68794 1.00762 0.92824 1.32650 1.16695 1.15845 1.55916 0.96025 3
-0.75940 1.48167 -0.68794 1.13252 0.87786 1.68512 1.46671 1.64276 1.56829 1.10392 3
-0.75940 1.48167 -0.68794 1.13252 1.07939 0.72880 1.03644 1.15169 1.20337 0.85249 3
1.31652 -0.67475 -0.68794 1.50723 1.58322 8.97705 2.81666 3.37053 2.79075 1.96238 3
1.31652 -0.67475 -0.68794 1.79867 1.63361 0.96788 2.12843 2.48750 2.24794 1.48826 3
-0.75940 -0.67475 1.45328 -0.57449 -0.48248 -0.58614 -0.75806 -0.67970 -0.86753 -0.65969 3
-0.75940 -0.67475 1.45328 -0.07488 -0.58325 -0.82522 -0.72237 -0.65942 -0.52542 -0.79978 3
-0.75940 -0.67475 1.45328 0.29983 0.37403 0.25064 -0.01273 0.04114 0.05844 -0.02034 3
-0.75940 -0.67475 1.45328 0.42474 0.42441 -0.10798 -0.04434 0.00961 -0.04191 0.10897 3
1.31652 -0.67475 -0.68794 0.59127 0.42441 0.01156 0.01888 0.16729 0.12231 -0.15683 3
-0.75940 1.48167 -0.68794 0.71618 0.57556 0.48972 0.49707 0.55925 0.64687 0.29575 3
1.31652 -0.67475 -0.68794 1.00762 0.92824 0.84834 1.03746 0.87687 1.16232 1.26556 3
1.31652 -0.67475 -0.68794 1.13252 1.23054 1.32650 1.47181 1.31163 1.35846 1.84026 3
-0.75940 1.48167 -0.68794 1.21579 1.43207 0.37018 1.50341 2.24647 1.44513 0.82735 3
1.31652 -0.67475 -0.68794 1.29906 1.12978 1.32650 1.27400 1.04807 1.91952 1.24760 3
1.31652 -0.67475 -0.68794 1.46560 1.58322 0.84834 2.09580 2.18565 1.94232 2.16353 3
-0.75940 -0.67475 1.45328 -0.49122 -0.83516 0.01156 -0.13712 0.01186 -0.24717 -0.21430 3
-0.75940 1.48167 -0.68794 0.17493 0.07173 1.44604 1.07926 0.93544 1.25354 1.17935 3
1.31652 -0.67475 -0.68794 0.42474 0.32365 1.08742 0.40021 0.66737 0.40055 0.06946 3
-0.75940 1.48167 -0.68794 0.75781 0.47480 0.13110 0.58476 0.65386 0.52371 0.54718 3
1.31652 -0.67475 -0.68794 1.09089 1.38169 1.20696 1.21487 1.23053 1.39039 0.99976 3
-0.75940 1.48167 -0.68794 1.25743 1.23054 0.84834 1.25973 1.43327 1.36302 1.07878 3
-0.75940 -0.67475 1.45328 0.21656 0.27326 0.01156 -0.05963 -0.28999 0.09038 -0.00597 3
-0.75940 -0.67475 1.45328 0.67454 0.82748 0.60926 0.49401 0.55249 0.11774 0.81298 3
1.31652 -0.67475 -0.68794 0.92435 1.07939 0.60926 0.81620 0.65836 1.06653 0.82376 3
-0.75940 1.48167 -0.68794 0.96598 0.72671 0.13110 0.58272 0.66963 0.54196 0.72678 3
1.31652 -0.67475 -0.68794 1.34069 1.28092 0.37018 1.13330 1.36118 0.30932 1.21168 3
-0.75940 1.48167 -0.68794 0.38310 0.27326 0.25064 0.00155 0.12674 -0.22437 0.04432 3
1.31652 -0.67475 -0.68794 0.71618 0.82748 0.48972 0.57762 0.47590 0.43248 0.73396 3
-0.75940 1.48167 -0.68794 -1.03247 -0.98631 -0.58614 -0.98339 -0.95452 -1.01350 -0.88957 3
-0.75940 1.48167 -0.68794 -0.19978 -0.07942 -0.34706 -0.51437 -0.54003 -0.49805 -0.38671 3
1.31652 -0.67475 -0.68794 -0.65776 -0.53286 -0.70568 -0.78966 -0.80584 -0.70332 -0.63455 3
-0.75940 1.48167 -0.68794 -1.19901 -0.83516 -0.70568 -1.05680 -1.07841 -0.97244 -0.96141 3
1.31652 -0.67475 -0.68794 0.21656 0.52518 0.84834 0.08209 -0.19763 0.01739 0.58310 3
1.31652 -0.67475 -0.68794 -1.53208 -1.33899 -1.18384 -1.26887 -1.29241 -1.25525 -1.21284 3
-0.75940 1.48167 -0.68794 0.46637 0.52518 1.08742 0.38389 -0.03545 0.17704 0.58310 3
-0.75940 1.48167 -0.68794 -0.15815 -0.33133 -0.58614 -0.48786 -0.43191 -0.55279 -0.51602 3
1.31652 -0.67475 -0.68794 0.59127 0.82748 1.08742 0.72648 0.55249 0.19073 0.87764 3
1.31652 -0.67475 -0.68794 0.67454 0.67633 0.84834 0.75911 0.81154 0.86126 0.50408 3
-0.75940 1.48167 -0.68794 1.46560 1.18016 1.20696 1.57581 1.56617 1.68232 1.37332 3
-0.75940 1.48167 -0.68794 1.42396 1.43207 0.37018 2.08153 1.83649 2.38478 1.28352 3
-0.75940 1.48167 -0.68794 0.67454 0.72671 0.25064 0.51033 0.41058 0.93880 0.38914 3
-0.75940 -0.67475 1.45328 0.21656 0.17250 0.13110 0.12492 0.32948 -0.08752 -0.02034 3
1.31652 -0.67475 -0.68794 0.54964 0.67633 0.01156 0.30233 0.46464 0.19985 0.25983 3
1.31652 -0.67475 -0.68794 0.59127 0.67633 0.01156 0.41142 0.59980 0.33213 0.28138 3
-0.75940 1.48167 -0.68794 0.75781 0.52518 0.25064 0.40327 0.60430 0.18617 0.25624 3
1.31652 -0.67475 -0.68794 0.84108 0.67633 0.84834 1.04358 1.33641 0.93424 0.70522 4
1.31652 -0.67475 -0.68794 0.05003 -0.02903 0.25064 0.00562 -0.03319 0.05844 0.09820 4
1.31652 -0.67475 -0.68794 0.84108 1.07939 0.60926 0.79173 1.38596 0.23634 0.52204 4
1.31652 -0.67475 -0.68794 0.92435 0.77709 0.96788 0.71526 0.53672 0.88407 0.83453 4
-0.75940 1.48167 -0.68794 1.17416 1.02901 0.84834 1.12514 1.42201 1.07565 0.61902 4
1.31652 -0.67475 -0.68794 0.25820 -0.02903 1.20696 1.17714 1.13592 1.47249 1.07878 4
-0.75940 1.48167 -0.68794 0.38310 0.62595 0.01156 0.08617 0.11548 0.27739 -0.05266 4
-0.75940 1.48167 -0.68794 1.13252 1.23054 0.96788 1.40451 1.87929 1.10758 1.16499 4
-0.75940 1.48167 -0.68794 -0.15815 -0.02903 0.48972 -0.29618 -0.39812 -0.32472 -0.17120 4
-0.75940 1.48167 -0.68794 -1.15737 -1.03669 -0.34706 -1.04966 -0.96128 -1.14122 -1.14100 4
-0.75940 1.48167 -0.68794 -0.40795 -0.33133 -0.34706 -0.49092 -0.55130 -0.08296 -0.60222 4
1.31652 -0.67475 -0.68794 0.05003 0.22288 -0.10798 0.10249 -0.35757 0.32757 0.08024 4
1.31652 -0.67475 -0.68794 1.21579 1.18016 0.96788 1.69816 1.98742 1.67776 1.37332 4
-0.75940 -0.67475 1.45328 0.46637 0.52518 0.01156 0.19935 0.24388 0.03564 0.22391 4
-0.75940 -0.67475 1.45328 0.46637 0.52518 0.01156 0.00155 0.14477 -0.14226 -0.00597 4
1.31652 -0.67475 -0.68794 1.59050 1.18016 1.44604 2.16411 2.66095 2.33005 1.37691 4
-0.75940 -0.67475 1.45328 0.00839 -0.02903 -0.34706 -0.35022 -0.27422 -0.27454 -0.50883 4
-0.75940 1.48167 -0.68794 0.17493 0.02135 -0.34706 -0.35633 -0.29224 -0.44788 -0.24303 4
-0.75940 -0.67475 1.45328 0.21656 0.07173 0.25064 -0.07594 -0.02643 -0.04191 -0.02034 4
-0.75940 1.48167 -0.68794 0.59127 0.52518 0.37018 0.44201 0.43761 0.54196 0.50049 4
-0.75940 1.48167 -0.68794 0.63291 0.92824 0.48972 0.59801 0.67639 0.68793 0.50408 4
-0.75940 1.48167 -0.68794 0.67454 0.82748 0.25064 0.62350 0.32047 0.65599 0.79861 4
1.31652 -0.67475 -0.68794 1.13252 1.02901 0.96788 0.88146 0.63359 0.48266 0.71959 4
-0.75940 1.48167 -0.68794 0.42474 0.12212 1.20696 1.90718 2.49876 1.79180 1.22605 4
1.31652 -0.67475 -0.68794 0.75781 0.97863 0.60926 0.68977 0.58628 1.04828 0.76269 4
1.31652 -0.67475 -0.68794 0.84108 0.72671 0.96788 0.80397 0.92643 1.06653 0.70882 4
1.31652 -0.67475 -0.68794 0.25820 0.52518 0.48972 0.06374 -0.11203 0.11774 0.25983 4
1.31652 -0.67475 -0.68794 0.75781 0.47480 -0.22752 0.28499 0.58853 0.01283 0.19158 4
-0.75940 1.48167 -0.68794 1.04925 0.97863 0.84834 0.77236 0.68089 0.74266 1.08596 4
1.31652 -0.67475 -0.68794 0.38310 0.32365 0.13110 0.10758 0.00510 0.13599 0.24906 4
1.31652 -0.67475 -0.68794 0.29983 0.32365 -0.22752 -0.00661 -0.52652 0.19529 0.33167 4
1.31652 -0.67475 -0.68794 -0.40795 -0.38171 -0.34706 -0.35429 -0.42064 -0.07384 -0.38671 4
-0.75940 1.48167 -0.68794 0.34147 0.47480 -0.22752 0.46750 0.35876 0.76547 0.43943 4
1.31652 -0.67475 -0.68794 0.13330 0.17250 -0.46660 -0.02394 -0.29224 -0.25173 -0.31487 4
-0.75940 1.48167 -0.68794 -0.57449 -0.33133 -0.34706 -0.75602 -0.72475 -0.63490 -0.85365 4
-0.75940 -0.67475 1.45328 0.00839 -0.07942 0.01156 -0.27171 -0.53553 -0.18787 0.10179 4
-0.75940 1.48167 -0.68794 0.25820 0.32365 0.37018 0.38186 0.60430 0.04476 0.17363 4
-0.75940 1.48167 -0.68794 1.00762 1.18016 0.72880 1.10373 1.14493 0.93424 0.72678 4
1.31652 -0.67475 -0.68794 1.21579 1.02901 1.44604 1.56153 1.40173 1.86022 1.52058 4
1.31652 -0.67475 -0.68794 0.92435 0.72671 0.13110 0.71832 1.37695 0.44161 -0.09936 4
-0.75940 1.48167 -0.68794 1.42396 1.53284 1.08742 1.92247 2.07301 1.37214 1.42360 4
1.31652 -0.67475 -0.68794 0.79945 0.57556 0.13110 0.16774 0.07043 0.30932 0.28138 4
1.31652 -0.67475 -0.68794 0.21656 0.22288 0.96788 -0.00457 0.36552 -0.19700 -0.09936 4
-0.75940 -0.67475 1.45328 0.59127 0.67633 0.37018 0.31660 0.57276 0.03108 0.26342 4
-0.75940 1.48167 -0.68794 0.67454 0.57556 0.37018 0.55315 0.84533 0.78372 0.14130 4
-0.75940 -0.67475 1.45328 0.21656 0.37403 -0.70568 -0.07187 0.08394 -0.35209 0.15207 4
-0.75940 -0.67475 1.45328 0.38310 0.17250 0.01156 -0.12896 -0.12780 -0.37033 0.00840 4
-0.75940 1.48167 -0.68794 0.92435 0.87786 0.84834 0.82946 0.72594 1.16688 0.77706 4
1.31652 -0.67475 -0.68794 0.21656 0.22288 -0.22752 0.02194 -0.19763 0.13599 0.01199 4
1.31652 -0.67475 -0.68794 -0.28305 -0.28095 -0.10798 -0.58574 -0.63915 -0.78086 -0.35079 4
1.31652 -0.67475 -0.68794 -1.40718 -1.28861 -1.06430 -1.18935 -1.18879 -1.08192 -1.17692 4
-0.75940 1.48167 -0.68794 0.29983 0.32365 0.01156 0.20343 0.10422 0.06757 0.43943 4
-0.75940 1.48167 -0.68794 0.46637 0.42441 1.08742 0.34005 0.15828 0.83389 0.33167 4
1.31652 -0.67475 -0.68794 0.29983 0.47480 0.37018 -0.06473 -0.08726 0.08581 0.02636 4
-0.75940 1.48167 -0.68794 -0.65776 -0.53286 0.25064 -0.70096 -0.80359 -0.50718 -0.60222 4
1.31652 -0.67475 -0.68794 -0.28305 -0.12980 0.01156 -0.57045 -0.62113 -0.48437 -0.63814 4
1.31652 -0.67475 -0.68794 -1.15737 -0.98631 -0.94476 -1.10982 -1.13923 -0.96332 -0.99733 4
1.31652 -0.67475 -0.68794 0.25820 0.42441 0.13110 0.17590 0.18306 0.59670 0.33167 4
1.31652 -0.67475 -0.68794 0.42474 0.62595 0.01156 0.01786 -0.04896 -0.06471 0.00840 4
-0.75940 1.48167 -0.68794 0.00839 0.02135 -0.10798 -0.24520 -0.29900 -0.25630 -0.02752 4
1.31652 -0.67475 -0.68794 0.13330 0.12212 -0.10798 -0.04332 -0.04896 -0.00998 -0.02752 4
-0.75940 1.48167 -0.68794 0.75781 1.18016 0.37018 0.42774 0.30470 0.46441 0.76269 4
-0.75940 -0.67475 1.45328 -0.49122 -0.28095 -0.22752 -0.76417 -0.76530 -0.91771 -0.60222 4
-0.75940 1.48167 -0.68794 -0.69939 -0.53286 -0.58614 -0.84370 -0.90496 -0.80367 -0.77463 4
-0.75940 1.48167 -0.68794 0.71618 0.67633 0.01156 0.62044 0.75748 0.50091 0.79861 4
-0.75940 1.48167 -0.68794 -0.94920 -1.03669 -0.94476 -0.94974 -0.83738 -1.05455 -0.92549 4
-0.75940 -0.67475 1.45328 -0.53285 -0.58325 -0.46660 -0.69382 -0.74953 -0.68963 -0.60222 4
1.31652 -0.67475 -0.68794 0.17493 0.42441 0.25064 0.30437 -0.10302 0.09038 0.43943 4
-0.75940 1.48167 -0.68794 0.05003 0.47480 0.60926 0.30946 -0.19763 0.92056 0.41428 4
1.31652 -0.67475 -0.68794 0.05003 0.02135 0.60926 -0.19728 -0.76755 -0.09664 0.51126 4
1.31652 -0.67475 -0.68794 0.05003 0.02135 0.37018 -0.23092 -0.35532 -0.11033 -0.17838 4
-0.75940 1.48167 -0.68794 1.42396 1.53284 1.92420 2.04992 2.19015 2.20233 1.55291 4
1.31652 -0.67475 -0.68794 0.00839 -0.07942 0.01156 -0.19626 -0.11429 -0.21068 -0.49447 4
1.31652 -0.67475 -0.68794 0.54964 0.57556 0.37018 0.62656 0.74396 0.73810 0.25983 4
-0.75940 1.48167 -0.68794 0.59127 0.42441 0.25064 0.58170 1.02329 0.36406 0.08024 4
1.31652 -0.67475 -0.68794 0.67454 0.62595 0.60926 0.82130 1.09537 0.74266 0.38555 4
1.31652 -0.67475 -0.68794 0.71618 0.62595 0.25064 0.68060 0.92643 0.70617 0.50049 4
-0.75940 1.48167 -0.68794 0.79945 1.02901 0.96788 1.02522 1.05708 0.87038 1.07160 4
1.31652 -0.67475 -0.68794 0.92435 0.82748 0.84834 1.11393 1.18773 0.82021 1.12188 4
1.31652 -0.67475 -0.68794 1.04925 0.92824 0.37018 0.76115 0.92643 1.21249 0.39632 4
-0.75940 1.48167 -0.68794 1.54887 1.53284 0.96788 1.67879 1.69232 1.82829 1.53495 4
1.31652 -0.67475 -0.68794 1.75704 1.78475 1.08742 2.64129 2.66996 3.37006 1.87618 4
-0.75940 -0.67475 1.45328 -0.49122 -0.68401 -0.70568 -0.98441 -0.97704 -0.98157 -0.90394 4
-0.75940 1.48167 -0.68794 1.42396 1.58322 1.20696 1.90616 1.74413 1.99250 1.85822 4
-0.75940 1.48167 -0.68794 1.54887 1.43207 0.72880 1.60130 1.72836 1.49986 1.51699 4
-0.75940 1.48167 -0.68794 1.46560 1.43207 0.72880 1.74404 1.77567 1.33109 0.58310 4
-0.75940 -0.67475 1.45328 0.05003 0.12212 -0.22752 0.01582 0.06818 -0.12401 0.07305 4
-0.75940 -0.67475 1.45328 0.25820 0.52518 0.13110 0.14633 0.11323 -0.20612 0.27061 4
-0.75940 -0.67475 1.45328 0.54964 0.52518 0.13110 0.14837 0.26866 -0.01910 0.15207 4
-0.75940 1.48167 -0.68794 1.21579 1.33131 1.32650 1.61149 1.71485 1.36758 1.62475 4
-0.75940 1.48167 -0.68794 1.29906 1.02901 1.44604 1.58804 1.59771 1.44513 1.66426 4
1.31652 -0.67475 -0.68794 1.54887 1.53284 1.92420 2.41901 2.53255 2.49426 2.35031 4
-0.75940 1.48167 -0.68794 1.88194 1.58322 1.80466 2.26200 1.86577 2.75426 2.41496 4
-0.75940 1.48167 -0.68794 0.71618 0.67633 0.25064 0.58068 0.72144 0.70161 0.44302 4
1.31652 -0.67475 -0.68794 0.84108 0.82748 1.08742 0.69385 0.75748 0.66512 0.75551 4
-0.75940 1.48167 -0.68794 0.34147 0.37403 -0.34706 0.00358 -0.20664 -0.01910 -0.06344 4
-0.75940 1.48167 -0.68794 0.63291 0.62595 -0.10798 0.28805 0.47815 0.13599 0.18081 4
1.31652 -0.67475 -0.68794 0.63291 0.52518 0.72880 0.71730 0.43535 1.42688 0.64775 4
-0.75940 1.48167 -0.68794 0.63291 0.57556 0.48972 0.62044 0.48041 0.98442 0.42506 4
1.31652 -0.67475 -0.68794 0.75781 0.62595 0.13110 0.40735 0.37904 0.92968 0.33167 4
-0.75940 1.48167 -0.68794 0.84108 0.37403 0.48972 0.53276 0.45338 1.05740 0.46816 4
-0.75940 1.48167 -0.68794 0.84108 1.12978 0.96788 1.07110 0.56375 1.55460 0.97821 4
-0.75940 1.48167 -0.68794 0.92435 0.77709 0.60926 0.89879 0.91967 1.14863 0.72318 4
-0.75940 1.48167 -0.68794 0.92435 1.12978 0.60926 1.04358 0.66287 1.05284 1.24401 4
-0.75940 1.48167 -0.68794 0.96598 0.77709 1.08742 1.20467 1.41525 1.51355 0.62261 4
1.31652 -0.67475 -0.68794 1.38233 1.43207 0.96788 1.75933 1.37921 2.01987 1.87618 4
1.31652 -0.67475 -0.68794 1.63214 1.58322 1.20696 2.55360 3.25339 2.27987 1.89773 4
-0.75940 1.48167 -0.68794 1.88194 1.43207 1.32650 2.04686 2.12032 1.69144 1.44515 4
1.31652 -0.67475 -0.68794 0.17493 0.32365 0.01156 0.02194 -0.01517 0.09038 -0.00238 4
-0.75940 1.48167 -0.68794 0.50801 0.77709 0.25064 0.51033 0.24839 0.28196 0.84172 4
1.31652 -0.67475 -0.68794 1.63214 1.78475 1.92420 2.21305 2.50552 2.43952 1.72532 4
-0.75940 1.48167 -0.68794 -0.15815 -0.23057 -0.58614 -0.43382 -0.52427 -0.66683 -0.20711 4
-0.75940 1.48167 -0.68794 1.54887 1.58322 1.32650 2.01525 1.91758 2.84093 1.80434 4
-0.75940 1.48167 -0.68794 0.46637 0.47480 -0.46660 0.22688 0.17855 0.69705 0.18799 4
1.31652 -0.67475 -0.68794 -0.78266 -0.63363 -0.58614 -1.06903 -1.20231 -1.14578 -0.85365 4
1.31652 -0.67475 -0.68794 -0.15815 -0.07942 -0.22752 -0.13202 -0.25170 0.07669 -0.15324 4
1.31652 -0.67475 -0.68794 -0.86593 -0.68401 -0.34706 -0.77335 -0.87568 -0.62121 -0.68124 4
-0.75940 -0.67475 1.45328 1.13252 1.18016 1.80466 1.95204 1.41074 1.65039 1.20450 4
-0.75940 1.48167 -0.68794 0.92435 0.87786 1.32650 0.95487 0.88588 1.07565 0.94229 4
1.31652 -0.67475 -0.68794 0.84108 0.87786 1.08742 1.13126 1.58194 1.09389 0.76269 4
1.31652 -0.67475 -0.68794 1.88194 1.48246 1.80466 2.79830 3.16329 3.12830 2.08092 4
-0.75940 -0.67475 1.45328 0.34147 0.22288 0.25064 -0.01477 -0.12330 -0.11033 0.36759 4
-0.75940 1.48167 -0.68794 0.46637 0.57556 0.13110 0.32170 0.49843 0.31845 0.08024 4
1.31652 -0.67475 -0.68794 0.63291 0.87786 1.08742 0.58272 0.65836 0.75635 0.92074 4
-0.75940 1.48167 -0.68794 1.63214 1.58322 0.96788 1.81541 2.19466 2.06548 1.06800 4
-0.75940 -0.67475 1.45328 0.13330 0.17250 -0.22752 -0.02700 0.03664 -0.40226 0.05150 4
1.31652 -0.67475 -0.68794 0.96598 0.97863 0.96788 0.95487 1.03906 1.20337 0.89200 4
1.31652 -0.67475 -0.68794 0.96598 1.68399 0.84834 1.28420 1.19674 0.77915 1.44156 4
-0.75940 -0.67475 1.45328 -0.03324 -0.12980 -0.58614 -0.37571 -0.19763 -0.51174 -0.37952 4
-0.75940 1.48167 -0.68794 0.63291 0.42441 0.01156 0.08209 -0.07599 0.13143 0.37477 4
1.31652 -0.67475 -0.68794 0.75781 0.77709 1.80466 0.27072 0.28218 -0.04191 0.36759 4
1.31652 -0.67475 -0.68794 -0.11651 -0.12980 -0.34706 -0.50621 -0.51976 -0.42963 -0.36516 4
1.31652 -0.67475 -0.68794 1.00762 0.92824 0.96788 1.28930 1.07735 0.56477 1.43797 4
1.31652 -0.67475 -0.68794 0.75781 0.87786 0.37018 0.93346 0.34074 1.02547 0.61543 4
1.31652 -0.67475 -0.68794 0.09166 0.12212 -0.34706 -0.13202 -0.21340 -0.27454 0.18799 4
-0.75940 1.48167 -0.68794 -0.44959 -0.33133 -0.82522 -0.64386 -0.57382 -0.35209 -0.78182 4
-0.75940 -0.67475 1.45328 -0.11651 -0.02903 -0.46660 -0.44606 -0.58734 -0.45244 -0.02752 4
-0.75940 1.48167 -0.68794 0.54964 0.07173 0.25064 0.10554 0.02312 0.48722 -0.02752 4
-0.75940 1.48167 -0.68794 0.79945 0.77709 0.84834 0.90185 0.77325 1.15775 0.94229 4
1.31652 -0.67475 -0.68794 -0.19978 -0.07942 0.13110 -0.46135 -0.64591 -0.38858 -0.20711 4
1.31652 -0.67475 -0.68794 0.38310 0.47480 0.25064 0.26766 0.12449 0.52827 0.25983 4
1.31652 -0.67475 -0.68794 0.21656 0.42441 0.72880 -0.03822 -0.19088 -0.21524 -0.13528 4
-0.75940 1.48167 -0.68794 0.54964 0.67633 0.37018 0.29111 0.05241 0.49634 0.29575 4
1.31652 -0.67475 -0.68794 0.34147 0.32365 0.37018 0.08005 -0.05121 0.33213 0.15207 4
1.31652 -0.67475 -0.68794 0.63291 0.67633 0.25064 0.53072 0.72144 0.38687 0.38195 4
1.31652 -0.67475 -0.68794 0.84108 0.77709 0.72880 1.24036 1.01878 1.02547 1.69658 4
-0.75940 1.48167 -0.68794 1.46560 1.53284 0.84834 1.69612 2.25773 1.34021 1.14343 4
-0.75940 1.48167 -0.68794 1.63214 1.38169 1.08742 1.81439 1.95137 2.01075 1.64630 4
1.31652 -0.67475 -0.68794 1.04925 1.07939 0.96788 1.29338 1.34542 1.21249 1.24042 4
1.31652 -0.67475 -0.68794 1.13252 1.07939 1.44604 1.66757 1.75539 2.20233 1.16499 4
-0.75940 1.48167 -0.68794 0.71618 0.82748 0.72880 1.05785 1.55491 0.63319 0.47175 4
-0.75940 1.48167 -0.68794 0.50801 0.12212 0.37018 0.41856 0.34975 0.38231 0.58310 4
1.31652 -0.67475 -0.68794 0.79945 0.92824 0.96788 1.14757 1.65177 0.90231 0.66931 4
1.31652 -0.67475 -0.68794 1.25743 1.02901 0.72880 1.42389 2.02571 1.25354 0.73396 4
-0.75940 1.48167 -0.68794 1.04925 0.92824 0.72880 1.17408 1.50761 1.25354 0.60824 4
-0.75940 1.48167 -0.68794 1.50723 1.53284 0.72880 1.28216 1.11565 1.25354 1.44515 4
1.31652 -0.67475 -0.68794 0.09166 0.02135 0.25064 -0.03720 -0.06473 0.05844 0.00840 4
-0.75940 -0.67475 1.45328 0.34147 0.22288 -0.10798 0.05253 -0.17286 -0.02822 0.25983 4
1.31652 -0.67475 -0.68794 -0.15815 -0.18018 -0.82522 -0.35327 -0.44993 -0.00542 -0.35079 4
-0.75940 1.48167 -0.68794 1.29906 1.43207 1.20696 1.99486 2.08653 1.68688 1.98394 4
-0.75940 1.48167 -0.68794 0.50801 0.52518 0.25064 0.35637 0.64710 0.27283 0.09101 4
1.31652 -0.67475 -0.68794 0.79945 0.77709 0.13110 0.35535 0.47815 0.35494 0.29575 4
1.31652 -0.67475 -0.68794 0.75781 0.67633 1.56558 1.03644 1.08186 0.92056 0.94229 4
1.31652 -0.67475 -0.68794 0.21656 0.12212 0.13110 -0.18402 -0.17286 -0.29279 0.09460 4
1.31652 -0.67475 -0.68794 0.50801 0.42441 0.25064 0.34311 0.20784 0.93424 0.08742 4
-0.75940 1.48167 -0.68794 0.63291 0.92824 0.72880 0.61432 0.36552 0.78828 0.69086 4
1.31652 -0.67475 -0.68794 0.88272 0.97863 0.37018 0.56334 0.59754 0.41424 0.61902 4
1.31652 -0.67475 -0.68794 1.42396 1.43207 1.32650 1.70428 1.65628 1.63671 1.48107 4
1.31652 -0.67475 -0.68794 0.54964 0.37403 0.01156 0.20852 -0.01517 0.48722 0.29575 4
1.31652 -0.67475 -0.68794 0.79945 1.02901 0.84834 1.60333 0.68089 0.10406 3.13334 4
-0.75940 1.48167 -0.68794 1.29906 1.07939 0.84834 1.61047 0.68990 2.08373 2.73823 4
1.31652 -0.67475 -0.68794 0.71618 0.77709 0.72880 0.39511 0.26866 0.54652 0.87045 4
-0.75940 1.48167 -0.68794 -0.19978 -0.07942 0.13110 -0.40527 -0.56481 -0.31103 -0.06344 4
-0.75940 -0.67475 1.45328 -0.69939 -0.58325 -0.10798 -0.80292 -0.80134 -0.89034 -0.81773 4
-0.75940 1.48167 -0.68794 0.34147 0.97863 1.68512 0.91307 0.63809 0.89775 0.83453 4
1.31652 -0.67475 -0.68794 -0.19978 -0.28095 0.37018 -0.47563 -0.65717 -0.17875 -0.27895 4
1.31652 -0.67475 -0.68794 0.67454 0.92824 0.84834 0.54907 0.52771 0.46898 0.97821 4
1.31652 -0.67475 -0.68794 0.88272 0.72671 0.13110 0.37268 0.28893 0.51459 0.47534 4
-0.75940 -0.67475 1.45328 -0.32468 -0.53286 -0.22752 -0.50520 -0.51525 -0.44331 -0.50883 4
-0.75940 -0.67475 1.45328 -0.07488 -0.18018 0.01156 -0.55719 -0.71799 -0.61209 -0.11013 4
1.31652 -0.67475 -0.68794 -1.44881 -1.43976 -1.18384 -1.32801 -1.35999 -1.26438 -1.22721 4
-0.75940 1.48167 -0.68794 0.00839 -0.02903 0.48972 -0.34818 -0.42290 -0.62121 -0.09936 4
-0.75940 1.48167 -0.68794 -1.19901 -1.03669 -0.82522 -1.11695 -1.14824 -1.08648 -1.06917 4
1.31652 -0.67475 -0.68794 -0.15815 -0.23057 0.25064 -0.38182 -0.51075 -0.26086 -0.17120 4
1.31652 -0.67475 -0.68794 -0.24141 -0.23057 -0.10798 -0.24418 -0.66843 -0.39314 0.16644 4
-0.75940 1.48167 -0.68794 0.63291 0.57556 0.60926 0.11982 -0.22692 0.59670 0.16644 4
-0.75940 1.48167 -0.68794 0.59127 0.57556 0.01156 0.57966 0.71243 0.57845 0.47534 4
-0.75940 1.48167 -0.68794 1.25743 1.18016 0.72880 1.99996 1.91308 1.91952 1.55291 4
1.31652 -0.67475 -0.68794 1.46560 1.68399 1.20696 2.94513 3.31421 2.16584 2.86754 4
1.31652 -0.67475 -0.68794 1.67377 0.97863 1.08742 2.34356 3.00335 2.23426 1.52058 4
-0.75940 1.48167 -0.68794 1.71540 1.68399 1.08742 2.14270 2.57535 1.81916 1.75046 4
1.31652 -0.67475 -0.68794 0.71618 0.72671 0.60926 0.84679 1.23954 0.69705 0.47534 4
-0.75940 1.48167 -0.68794 0.75781 0.67633 0.60926 0.39613 0.59079 0.13599 0.46457 4
1.31652 -0.67475 -0.68794 1.63214 1.68399 1.80466 2.74121 2.66771 3.49778 2.13839 4
1.31652 -0.67475 -0.68794 1.38233 1.18016 1.44604 1.94490 2.51002 1.38583 1.59601 4
1.31652 -0.67475 -0.68794 1.63214 1.58322 1.44604 2.60356 2.96280 1.66408 1.83308 4
-0.75940 -0.67475 1.45328 0.21656 0.12212 -0.10798 -0.02598 0.18081 -0.29279 -0.06344 4
1.31652 -0.67475 -0.68794 1.17416 1.12978 0.84834 1.10883 1.11114 1.27179 1.12188 4
1.31652 -0.67475 -0.68794 1.21579 0.97863 0.48972 0.87636 1.19900 1.18968 0.49690 4
-0.75940 1.48167 -0.68794 1.38233 1.43207 1.44604 1.50953 1.47607 1.70513 1.58883 4
-0.75940 1.48167 -0.68794 1.00762 1.02901 0.96788 1.61251 1.90182 1.29004 1.64271 5
1.31652 -0.67475 -0.68794 1.29906 1.33131 1.20696 1.61965 1.60897 1.58197 1.67144 5
1.31652 -0.67475 -0.68794 1.46560 1.43207 0.84834 1.24749 1.33866 1.07565 0.97821 5
1.31652 -0.67475 -0.68794 0.42474 0.42441 1.08742 0.19629 -0.07824 0.14967 0.79861 5
1.31652 -0.67475 -0.68794 0.00839 0.17250 -0.46660 -0.25845 -0.11654 -0.31103 -0.13528 5
-0.75940 1.48167 -0.68794 -0.07488 0.27326 0.72880 -0.40324 -0.37334 -0.63490 -0.16401 5
1.31652 -0.67475 -0.68794 0.21656 0.42441 0.37018 -0.08002 -0.07374 -0.19700 0.08024 5
-0.75940 -0.67475 1.45328 -0.90756 -0.83516 -0.58614 -1.02009 -0.98605 -1.18227 -0.95423 5
-0.75940 -0.67475 1.45328 0.84108 0.22288 0.84834 1.18734 0.95796 1.06196 1.12188 5
-0.75940 1.48167 -0.68794 -0.40795 -0.43210 -0.22752 -0.71013 -0.76079 -0.60753 -0.65610 5
-0.75940 1.48167 -0.68794 0.54964 0.47480 0.60926 0.67754 0.09295 0.59213 0.29575 5
-0.75940 1.48167 -0.68794 1.09089 1.38169 0.60926 1.61863 1.33415 1.08021 1.96957 5
-0.75940 1.48167 -0.68794 1.79867 1.68399 1.92420 2.41290 2.39739 3.15567 1.66785 5
1.31652 -0.67475 -0.68794 1.04925 1.02901 0.84834 1.25871 1.30262 0.82021 1.51699 5
-0.75940 1.48167 -0.68794 1.63214 1.58322 0.72880 1.59926 1.63826 1.32197 1.83667 5
-0.75940 1.48167 -0.68794 1.54887 1.23054 1.32650 2.13251 1.42426 2.06092 3.20877 5
-0.75940 1.48167 -0.68794 1.00762 1.12978 1.20696 0.98240 0.99401 0.97986 0.94229 5
-0.75940 1.48167 -0.68794 0.59127 0.57556 0.13110 0.56742 0.19207 0.55564 0.51126 5
1.31652 -0.67475 -0.68794 -0.53285 -0.53286 -0.70568 -0.84370 -0.65041 -0.89946 -0.78182 5
1.31652 -0.67475 -0.68794 0.21656 0.52518 -0.22752 -0.24520 -0.24494 -0.32016 -0.24303 5
-0.75940 1.48167 -0.68794 0.50801 0.67633 1.08742 0.05864 -0.05797 -0.01910 0.25983 5
1.31652 -0.67475 -0.68794 1.75704 1.48246 1.92420 3.06748 3.96522 1.67776 2.73464 5
-0.75940 1.48167 -0.68794 0.59127 0.42441 0.60926 0.51440 0.58853 0.65599 0.28857 5
1.31652 -0.67475 -0.68794 0.88272 0.82748 0.48972 0.53276 0.21460 0.39599 0.82735 5
-0.75940 1.48167 -0.68794 0.34147 0.42441 0.60926 0.30131 -0.16835 0.57845 0.94229 5
-0.75940 1.48167 -0.68794 0.00839 0.02135 0.25064 -0.24622 -0.38460 -0.26998 0.08024 5
-0.75940 1.48167 -0.68794 0.00839 0.22288 -0.34706 -0.03210 -0.12555 -0.13314 -0.44059 5
1.31652 -0.67475 -0.68794 1.63214 1.93590 2.28282 2.87477 2.81413 2.10197 2.74542 5
-0.75940 1.48167 -0.68794 0.42474 0.42441 -0.46660 0.26460 0.39481 -0.10577 0.25983 5
-0.75940 1.48167 -0.68794 0.59127 0.87786 1.08742 0.93040 0.25514 0.39599 1.76842 5
1.31652 -0.67475 -0.68794 0.25820 0.17250 -0.22752 -0.12692 -0.42965 -0.11489 0.25983 5
-0.75940 1.48167 -0.68794 0.67454 0.42441 1.32650 0.54907 0.54799 0.99354 0.54718 5
1.31652 -0.67475 -0.68794 0.59127 0.57556 0.84834 0.58374 0.18982 0.66968 1.08596 5
1.31652 -0.67475 -0.68794 0.79945 0.82748 1.20696 0.79377 0.83857 1.05740 0.83453 5
1.31652 -0.67475 -0.68794 0.75781 0.72671 0.96788 0.67448 0.56375 0.32757 0.61902 5
-0.75940 1.48167 -0.68794 0.05003 0.27326 0.72880 -0.02700 -0.27422 -0.23349 0.25983 5
-0.75940 1.48167 -0.68794 0.54964 0.67633 0.48972 0.55621 0.53222 0.68336 0.40351 5
-0.75940 1.48167 -0.68794 -0.61612 -0.48248 -0.34706 -0.67139 -0.70222 -0.73525 -0.49447 5
1.31652 -0.67475 -0.68794 0.88272 1.07939 0.37018 0.87738 0.23037 0.14967 1.22964 5
1.31652 -0.67475 -0.68794 0.79945 0.67633 1.08742 1.01197 1.10438 1.31741 0.65494 5
-0.75940 1.48167 -0.68794 0.50801 0.57556 0.01156 0.16162 0.09746 -0.17419 0.54718 5
-0.75940 -0.67475 1.45328 -0.11651 -0.07942 0.25064 -0.17077 -0.32829 -0.11945 -0.02752 5
-0.75940 -0.67475 1.45328 0.42474 0.47480 0.96788 0.04845 -0.26071 0.01739 0.43943 5
-0.75940 -0.67475 1.45328 0.67454 0.62595 0.01156 0.22484 -0.09401 0.18617 0.58310 5
-0.75940 -0.67475 1.45328 0.79945 0.77709 0.96788 0.71323 0.48716 0.77459 1.08596 5
1.31652 -0.67475 -0.68794 -0.15815 -0.07942 -0.34706 -0.11979 -0.38686 -0.19700 0.11616 5
1.31652 -0.67475 -0.68794 -0.15815 -0.28095 -0.22752 -0.35226 -0.59635 -0.01910 -0.13528 5
-0.75940 1.48167 -0.68794 0.46637 0.47480 0.60926 0.62758 0.04340 1.09389 0.25983 5
1.31652 -0.67475 -0.68794 0.79945 1.07939 0.84834 0.79989 0.79127 0.55108 1.12188 5
-0.75940 1.48167 -0.68794 1.21579 1.12978 1.20696 1.00177 0.73946 1.17600 1.35536 5
-0.75940 1.48167 -0.68794 1.46560 1.68399 1.56558 1.92553 1.10664 2.43040 2.14916 5
1.31652 -0.67475 -0.68794 0.79945 0.82748 0.72880 0.77848 0.71693 0.68336 0.69086 5
-0.75940 1.48167 -0.68794 -0.32468 -0.33133 0.13110 -0.48990 -0.54454 -0.59384 -0.35079 5
-0.75940 1.48167 -0.68794 0.84108 1.18016 1.32650 1.06703 0.41058 0.58301 2.09169 5
1.31652 -0.67475 -0.68794 0.54964 0.67633 0.37018 0.05762 -0.01517 -0.06015 0.29575 5
1.31652 -0.67475 -0.68794 -0.44959 -0.33133 -0.22752 -0.50825 -0.65267 -0.15138 -0.31487 5
-0.75940 1.48167 -0.68794 -0.74103 -0.58325 -0.70568 -0.90692 -0.97479 -0.73069 -0.81773 5
1.31652 -0.67475 -0.68794 0.09166 0.27326 0.37018 0.12798 -0.08050 -0.03278 0.08024 5
1.31652 -0.67475 -0.68794 -0.40795 -0.12980 -0.10798 -0.48276 -0.50850 -0.14682 -0.27895 5
1.31652 -0.67475 -0.68794 0.42474 0.62595 0.25064 0.63777 0.41508 0.21353 1.15780 5
-0.75940 1.48167 -0.68794 1.00762 1.18016 1.44604 1.26483 1.08862 0.69249 1.91210 5
-0.75940 -0.67475 1.45328 -0.65776 -0.78478 -0.94476 -0.79884 -0.88469 -0.95876 -0.49447 5
-0.75940 -0.67475 1.45328 0.42474 0.42441 0.72880 0.20954 -0.00616 0.30932 0.15207 5
-0.75940 1.48167 -0.68794 1.25743 1.43207 0.84834 1.75424 1.50761 1.73706 1.68940 5
-0.75940 1.48167 -0.68794 1.38233 1.38169 1.56558 2.25180 1.91984 2.26619 1.86181 5
1.31652 -0.67475 -0.68794 1.46560 1.43207 1.44604 1.41573 1.50310 1.14407 1.44874 5
1.31652 -0.67475 -0.68794 1.46560 1.33131 1.56558 1.85823 1.93335 1.75530 1.77920 5
1.31652 -0.67475 -0.68794 1.63214 1.73437 1.20696 2.56889 2.86594 2.71321 2.09528 5
1.31652 -0.67475 -0.68794 0.09166 -0.02903 0.84834 0.90083 0.84984 1.33109 0.70522 5
-0.75940 1.48167 -0.68794 1.00762 0.92824 0.96788 0.91715 0.78902 1.08477 0.76269 5
1.31652 -0.67475 -0.68794 0.00839 -0.02903 0.48972 -0.07492 -0.19538 -0.32016 0.29575 5
-0.75940 1.48167 -0.68794 1.21579 1.38169 0.84834 1.79094 1.53238 1.88303 2.41496 5
1.31652 -0.67475 -0.68794 1.04925 1.07939 0.96788 1.02522 0.93319 1.51811 1.19372 5
-0.75940 1.48167 -0.68794 -0.40795 -0.33133 0.01156 -0.66833 -0.75403 -0.57560 -0.45855 5
-0.75940 -0.67475 1.45328 0.42474 0.67633 0.72880 0.28194 0.08169 0.94337 0.25983 5
-0.75940 -0.67475 1.45328 0.71618 0.72671 0.60926 0.54703 0.27992 0.76091 0.69086 5
-0.75940 1.48167 -0.68794 -0.40795 -0.58325 -0.58614 -0.69688 -0.74502 -0.32016 -0.81773 5
-0.75940 1.48167 -0.68794 0.67454 0.42441 0.60926 0.80295 -0.01067 0.19529 1.05005 5
1.31652 -0.67475 -0.68794 1.04925 1.18016 1.56558 1.22099 1.48958 1.14407 1.41283 5
1.31652 -0.67475 -0.68794 1.42396 1.73437 1.44604 2.18349 1.42201 2.71321 2.08810 5
-0.75940 1.48167 -0.68794 -0.19978 -0.07942 0.25064 -0.04128 -0.38911 -0.62577 0.40351 5
-0.75940 1.48167 -0.68794 0.59127 0.92824 0.96788 0.45731 0.36552 0.10406 1.08596 5
-0.75940 -0.67475 1.45328 -0.36632 -0.18018 0.25064 -0.41037 -0.37559 -0.42507 -0.38671 5
-0.75940 -0.67475 1.45328 0.75781 0.52518 1.20696 0.48382 0.33399 0.41424 0.65494 5
1.31652 -0.67475 -0.68794 0.00839 0.02135 0.60926 -0.05759 -0.43191 0.16336 0.08024 5
-0.75940 1.48167 -0.68794 0.21656 0.17250 -0.10798 0.04641 0.01186 0.14055 0.22391 5
-0.75940 1.48167 -0.68794 0.75781 0.67633 0.72880 0.55825 0.49618 0.50091 0.76269 5
1.31652 -0.67475 -0.68794 1.67377 1.63361 1.20696 3.50998 3.20383 2.75882 3.49253 5
1.31652 -0.67475 -0.68794 1.50723 1.53284 1.92420 2.34968 2.06400 1.16688 3.74396 5
1.31652 -0.67475 -0.68794 -0.07488 -0.28095 0.84834 0.26052 -0.15483 -0.20612 0.51126 5
1.31652 -0.67475 -0.68794 0.42474 0.47480 0.13110 0.68570 0.99851 0.42792 0.43943 5
1.31652 -0.67475 -0.68794 0.54964 0.47480 0.13110 0.49809 0.52095 0.08581 0.33167 5
-0.75940 1.48167 -0.68794 0.38310 0.37403 0.37018 -0.19524 -0.34856 -0.19700 -0.02752 5
1.31652 -0.67475 -0.68794 0.09166 0.12212 -0.22752 -0.04740 -0.26296 0.00371 0.29575 5
1.31652 -0.67475 -0.68794 0.96598 1.02901 1.20696 1.59926 1.18097 1.64583 1.66067 5
-0.75940 1.48167 -0.68794 0.71618 0.62595 0.13110 0.66123 0.19658 1.05284 0.58310 5
1.31652 -0.67475 -0.68794 0.29983 0.12212 1.32650 -0.04128 -0.25620 -0.00998 0.33167 5
-0.75940 1.48167 -0.68794 0.46637 0.42441 2.28282 0.49401 -0.26747 0.23178 1.12188 5
-0.75940 1.48167 -0.68794 0.25820 0.47480 0.96788 0.26358 -0.28549 0.13143 1.08596 5
-0.75940 1.48167 -0.68794 -0.03324 0.02135 0.72880 0.08515 0.06367 0.35038 0.08024 5
-0.75940 1.48167 -0.68794 0.79945 0.72671 2.16328 0.53989 0.19658 0.58757 0.83453 5
-0.75940 1.48167 -0.68794 0.46637 0.67633 -0.10798 0.19629 0.14251 -0.14226 0.25983 5
-0.75940 1.48167 -0.68794 -0.32468 -0.43210 0.01156 -0.42669 -0.44993 -0.32928 -0.44418 5
1.31652 -0.67475 -0.68794 -0.65776 -0.58325 0.01156 -0.48582 -0.70673 -0.20612 -0.35079 5
-0.75940 1.48167 -0.68794 -0.19978 0.32365 0.37018 -0.17688 -0.70673 0.18160 -0.19634 5
-0.75940 1.48167 -0.68794 1.42396 1.23054 1.44604 2.48529 1.75990 2.17952 2.66280 5
1.31652 -0.67475 -0.68794 1.71540 1.78475 2.04374 2.85846 3.96522 2.20233 2.32876 5
-0.75940 1.48167 -0.68794 1.71540 1.43207 1.56558 2.20082 0.82055 1.60478 2.56941 5
-0.75940 -0.67475 1.45328 -0.78266 -0.68401 -0.34706 -0.90692 -0.99957 -1.09104 -0.66688 5
-0.75940 1.48167 -0.68794 0.21656 0.57556 0.25064 0.51644 -0.00841 0.12231 -0.35079 5
-0.75940 1.48167 -0.68794 0.88272 0.67633 0.84834 1.21181 0.25289 1.44056 1.80434 5
1.31652 -0.67475 -0.68794 1.96521 1.68399 1.20696 2.03972 1.55041 1.87390 2.30721 5
1.31652 -0.67475 -0.68794 -0.57449 -0.43210 -1.06430 -0.64182 -0.60761 -0.72612 -0.63814 5
-0.75940 1.48167 -0.68794 0.63291 0.67633 0.25064 0.36452 0.37453 0.36862 0.29575 5
1.31652 -0.67475 -0.68794 0.34147 0.17250 -0.10798 -0.03516 -0.08275 -0.11945 0.11616 5
1.31652 -0.67475 -0.68794 0.21656 0.27326 0.13110 0.02907 -0.14132 0.09950 0.11616 5
1.31652 -0.67475 -0.68794 0.54964 0.67633 0.13110 0.45731 0.37003 0.74266 0.61902 5
-0.75940 1.48167 -0.68794 0.05003 0.07173 0.48972 -0.09328 -0.29675 -0.20612 0.04432 5
1.31652 -0.67475 -0.68794 0.63291 0.87786 0.60926 0.84169 0.56601 0.88407 0.72678 5
1.31652 -0.67475 -0.68794 0.34147 0.57556 0.84834 0.33903 0.13575 0.02195 0.94229 5
1.31652 -0.67475 -0.68794 0.54964 0.92824 0.60926 0.56232 0.43761 0.56477 0.72678 5
-0.75940 1.48167 -0.68794 0.96598 1.33131 0.84834 0.79989 0.67864 0.71529 1.08596 5
1.31652 -0.67475 -0.68794 0.38310 0.57556 -0.34706 0.04131 0.08620 -0.03735 0.00840 5
-0.75940 1.48167 -0.68794 -0.19978 -0.33133 0.01156 -0.45829 -0.52877 -0.35665 -0.42981 5
-0.75940 1.48167 -0.68794 -0.03324 -0.07942 -0.46660 -0.36143 -0.44317 0.19073 -0.53038 5
1.31652 -0.67475 -0.68794 1.42396 1.07939 0.84834 1.40247 0.98500 2.09741 1.08596 5
1.31652 -0.67475 -0.68794 -0.15815 -0.23057 0.13110 -0.30841 -0.55580 -0.01454 -0.27895 5
1.31652 -0.67475 -0.68794 -0.49122 -0.58325 0.01156 -0.51641 -0.71123 -0.27454 -0.35079 5
1.31652 -0.67475 -0.68794 0.21656 0.07173 0.84834 0.43487 -0.13456 0.47354 0.37118 5
1.31652 -0.67475 -0.68794 0.96598 1.58322 2.16328 1.41165 1.28234 1.74618 1.20090 5
-0.75940 1.48167 -0.68794 0.59127 0.72671 1.44604 0.29825 -0.00616 0.20897 0.72678 5
-0.75940 -0.67475 1.45328 -0.03324 0.07173 0.48972 -0.47665 -0.67069 -0.35209 0.15207 5
-0.75940 1.48167 -0.68794 -0.03324 -0.07942 -0.22752 -0.41649 -0.65041 0.23634 -0.49447 5
1.31652 -0.67475 -0.68794 1.13252 1.28092 1.44604 1.96223 1.68331 1.25354 2.16353 5
1.31652 -0.67475 -0.68794 0.96598 0.82748 0.01156 0.74483 0.38354 0.52371 0.97821 5
1.31652 -0.67475 -0.68794 0.25820 0.27326 -0.10798 0.05966 0.07944 -0.20156 0.36759 5
-0.75940 1.48167 -0.68794 0.71618 0.87786 1.20696 0.78358 0.47140 1.14407 0.90637 5
-0.75940 1.48167 -0.68794 -0.03324 -0.02903 0.13110 0.00053 -0.02643 -0.11033 -0.24303 5
-0.75940 1.48167 -0.68794 0.71618 0.82748 0.72880 0.71119 0.92868 0.52827 0.40351 5
1.31652 -0.67475 -0.68794 -0.65776 -0.63363 0.01156 -0.71931 -0.69321 -0.72156 -0.93627 5
-0.75940 1.48167 -0.68794 0.13330 0.32365 0.48972 0.53378 0.14251 0.44617 0.83453 5
1.31652 -0.67475 -0.68794 0.96598 0.92824 1.08742 0.96812 0.38354 0.75635 1.62475 5
-0.75940 1.48167 -0.68794 1.79867 1.93590 1.32650 2.33541 1.07510 2.07917 3.38477 5
1.31652 -0.67475 -0.68794 0.92435 1.07939 0.72880 0.91001 0.67413 0.96161 0.72678 5
-0.75940 1.48167 -0.68794 1.04925 1.38169 0.60926 1.50341 1.37470 1.50442 1.26556 5
-0.75940 1.48167 -0.68794 1.25743 1.28092 0.48972 1.18530 1.04807 1.24898 1.30148 5
1.31652 -0.67475 -0.68794 0.09166 -0.02903 1.08742 0.01174 -0.18862 -0.07384 0.36759 5
-0.75940 1.48167 -0.68794 0.21656 0.32365 0.37018 0.23911 -0.20890 0.01739 0.69086 5
-0.75940 1.48167 -0.68794 -0.49122 -0.33133 -0.10798 -0.46645 -0.61662 -0.47068 -0.06344 5
1.31652 -0.67475 -0.68794 0.59127 0.62595 0.13110 0.33088 0.19883 -0.27454 0.72678 5
-0.75940 1.48167 -0.68794 0.00839 -0.18018 -0.10798 -0.46543 -0.59860 -0.45244 -0.20711 5
1.31652 -0.67475 -0.68794 -0.11651 0.07173 0.01156 -0.02089 -0.25620 0.31845 -0.02752 5
1.31652 -0.67475 -0.68794 1.63214 1.68399 2.16328 2.93799 2.36135 1.98794 3.06150 5
1.31652 -0.67475 -0.68794 0.96598 1.18016 1.44604 1.11699 0.36327 1.15775 1.66067 5
-0.75940 1.48167 -0.68794 0.38310 0.27326 0.01156 -0.04128 -0.16159 0.02195 -0.13528 5
-0.75940 -0.67475 1.45328 0.92435 0.72671 1.44604 1.09456 1.19900 0.71986 1.33740 5
1.31652 -0.67475 -0.68794 1.09089 1.07939 1.44604 1.10985 0.37679 1.43144 1.80434 5
1.31652 -0.67475 -0.68794 0.42474 0.62595 0.60926 0.04947 -0.30351 -0.01454 0.79861 5
1.31652 -0.67475 -0.68794 -0.40795 -0.43210 0.01156 -0.43076 -0.70898 -0.32928 -0.35079 5
1.31652 -0.67475 -0.68794 0.59127 0.72671 0.60926 0.88350 0.55925 0.93424 1.22964 5
1.31652 -0.67475 -0.68794 0.13330 0.27326 0.96788 0.34107 0.10872 0.41424 0.61902 5
1.31652 -0.67475 -0.68794 1.84031 1.78475 1.80466 3.40599 2.55508 2.65847 3.31293 5
-0.75940 1.48167 -0.68794 1.38233 1.53284 1.80466 1.81541 1.44453 1.08021 1.66067 5
-0.75940 -0.67475 1.45328 1.04925 1.07939 0.48972 0.68060 0.61106 0.20441 0.65494 5
-0.75940 1.48167 -0.68794 0.25820 0.27326 0.60926 0.28805 -0.10528 0.46441 0.40351 5
-0.75940 1.48167 -0.68794 -0.19978 -0.28095 0.37018 -0.35429 -0.53553 -0.34296 -0.24303 5
-0.75940 1.48167 -0.68794 0.05003 0.12212 -0.22752 0.35127 -0.08726 0.41424 0.18799 5
1.31652 -0.67475 -0.68794 0.88272 1.02901 2.16328 1.44836 0.91967 0.92056 2.37904 5
1.31652 -0.67475 -0.68794 0.46637 0.57556 0.84834 0.42060 0.18757 0.05388 1.05005 5
1.31652 -0.67475 -0.68794 0.50801 0.57556 1.20696 0.69793 0.14026 0.50091 1.15780 5
-0.75940 1.48167 -0.68794 0.46637 0.47480 0.48972 0.18915 -0.21340 0.14055 0.43943 5
-0.75940 1.48167 -0.68794 1.54887 1.58322 1.32650 1.83071 1.25531 1.42232 2.34312 5
1.31652 -0.67475 -0.68794 -0.07488 -0.02903 0.01156 0.04437 -0.21340 -0.31559 0.54718 5
-0.75940 1.48167 -0.68794 0.75781 0.92824 0.60926 0.70915 0.57952 0.57845 0.76269 5
-0.75940 1.48167 -0.68794 1.67377 1.53284 1.68512 2.67595 1.30937 1.98338 5.50398 5
-0.75940 1.48167 -0.68794 0.46637 0.47480 0.37018 0.01582 -0.19989 -0.38402 0.58310 5
1.31652 -0.67475 -0.68794 0.67454 0.82748 0.96788 0.81213 0.54348 0.97074 0.79861 5
1.31652 -0.67475 -0.68794 0.34147 0.47480 0.72880 0.15856 -0.07824 -0.22437 0.58310 5
-0.75940 1.48167 -0.68794 0.92435 0.92824 0.96788 0.98546 0.76424 0.61950 1.76842 5
-0.75940 1.48167 -0.68794 1.29906 1.43207 0.84834 1.97651 2.05274 1.93320 1.55291 5
1.31652 -0.67475 -0.68794 0.59127 0.47480 1.32650 1.02318 0.45112 1.30372 0.76269 5
-0.75940 1.48167 -0.68794 1.29906 1.73437 1.44604 1.95408 1.01653 2.48514 2.59456 5
-0.75940 1.48167 -0.68794 1.00762 1.18016 1.20696 1.29440 1.36118 1.48618 1.40923 5
-0.75940 1.48167 -0.68794 0.54964 0.42441 0.48972 0.14531 -0.00616 -0.22437 0.54718 5
-0.75940 -0.67475 1.45328 -0.61612 -0.53286 -0.46660 -0.84982 -1.10319 -1.04086 -0.56630 5
-0.75940 1.48167 -0.68794 0.05003 0.02135 0.60926 -0.03516 -0.53778 -0.10577 0.00840 5
-0.75940 1.48167 -0.68794 1.38233 1.48246 1.56558 2.01423 1.88830 2.36198 1.98394 5
-0.75940 1.48167 -0.68794 1.50723 1.48246 1.44604 1.30459 0.50519 1.30372 2.01985 5
-0.75940 1.48167 -0.68794 1.67377 1.68399 0.84834 2.64129 1.82748 2.47145 4.39050 5
-0.75940 1.48167 -0.68794 1.29906 1.63361 1.56558 2.06623 1.19674 2.07461 2.95374 5
-0.75940 1.48167 -0.68794 0.88272 0.92824 0.72880 0.98852 0.90165 0.78828 1.15780 5
-0.75940 -0.67475 1.45328 0.05003 0.12212 1.08742 -0.15649 -0.27197 -0.22437 -0.24303 5
-0.75940 1.48167 -0.68794 0.38310 0.42441 0.72880 0.54907 0.24613 0.05844 1.19372 5
-0.75940 -0.67475 1.45328 0.46637 0.37403 0.72880 0.71221 0.15378 0.32757 0.54718 5
-0.75940 1.48167 -0.68794 -0.19978 -0.07942 0.60926 -0.24112 -0.40262 -0.32016 -0.09936 5
1.31652 -0.67475 -0.68794 0.21656 0.32365 0.48972 0.33088 -0.05121 -0.11489 0.97821 5
1.31652 -0.67475 -0.68794 -0.28305 -0.18018 0.25064 -0.52151 -0.60536 -0.51630 -0.49447 5
-0.75940 1.48167 -0.68794 1.17416 0.92824 0.84834 1.86231 1.06158 1.11214 3.49253 5
-0.75940 1.48167 -0.68794 -0.61612 -0.28095 0.60926 -0.02496 -0.49273 0.09950 0.18799 5
-0.75940 1.48167 -0.68794 1.00762 0.82748 1.80466 1.17714 0.30245 0.43705 1.94802 5
