-0.75940 -0.67475 1.45328 -2.94765 -2.80010 -1.06430 -1.62879 -1.56047 -1.57455 -1.64387 1
-0.75940 -0.67475 1.45328 -2.03169 -1.99397 -1.30338 -1.47279 -1.44334 -1.37841 -1.50019 1
-0.75940 -0.67475 1.45328 -2.78111 -2.64895 -2.37924 -1.61248 -1.54471 -1.58824 -1.60795 1
1.31652 -0.67475 -0.68794 -2.40640 -2.49780 -1.90108 -1.57883 -1.49965 -1.56087 -1.60795 1
1.31652 -0.67475 -0.68794 -2.90602 -2.85048 -2.37924 -1.64103 -1.57624 -1.59280 -1.67979 1
-0.75940 -0.67475 1.45328 -2.82275 -2.80010 -2.25970 -1.63083 -1.56498 -1.57912 -1.64746 1
-0.75940 -0.67475 1.45328 -2.32314 -2.04435 -1.90108 -1.53397 -1.46586 -1.51982 -1.56125 1
-0.75940 -0.67475 1.45328 -2.36477 -2.29627 -2.02062 -1.57679 -1.51317 -1.52894 -1.58640 1
-0.75940 -0.67475 1.45328 -3.23909 -2.80010 -2.37924 -1.63083 -1.56273 -1.58824 -1.65824 1
-0.75940 -0.67475 1.45328 -2.69785 -2.64895 -2.14016 -1.61656 -1.56273 -1.57455 -1.63668 1
-0.75940 -0.67475 1.45328 -2.65621 -2.59857 -1.78154 -1.60840 -1.52894 -1.54719 -1.62232 1
-0.75940 -0.67475 1.45328 -2.53131 -2.49780 -2.14016 -1.59005 -1.52218 -1.55631 -1.60795 1
-0.75940 -0.67475 1.45328 -2.28150 -2.34665 -1.90108 -1.56048 -1.49515 -1.57455 -1.57203 1
-0.75940 -0.67475 1.45328 -2.07333 -2.09474 -2.02062 -1.50134 -1.44784 -1.45596 -1.52893 1
-0.75940 -0.67475 1.45328 -1.74025 -1.74205 -1.54246 -1.42793 -1.38927 -1.39210 -1.42476 1
-0.75940 -0.67475 1.45328 -2.19823 -2.04435 -1.66200 -1.49217 -1.43207 -1.47420 -1.49660 1
-0.75940 -0.67475 1.45328 -2.94765 -3.05201 -2.49877 -1.62064 -1.56498 -1.56999 -1.67979 1
1.31652 -0.67475 -0.68794 -2.03169 -2.04435 -0.94476 -1.45240 -1.37351 -1.38753 -1.50019 1
-0.75940 -0.67475 1.45328 -2.36477 -2.34665 -2.02062 -1.54621 -1.50641 -1.51982 -1.56485 1
-0.75940 -0.67475 1.45328 -1.69862 -1.69167 -1.18384 -1.36880 -1.30367 -1.40578 -1.41040 1
-0.75940 -0.67475 1.45328 -2.28150 -2.29627 -1.78154 -1.55028 -1.50866 -1.50613 -1.55407 1
-0.75940 -0.67475 1.45328 -1.99006 -1.89320 -1.78154 -1.49421 -1.43658 -1.46052 -1.50019 1
-0.75940 -0.67475 1.45328 -2.28150 -2.19550 -1.78154 -1.51970 -1.44334 -1.51069 -1.53611 1
-0.75940 -0.67475 1.45328 -1.74025 -1.79244 -1.42292 -1.40958 -1.37351 -1.36473 -1.39603 1
-0.75940 -0.67475 1.45328 -1.49045 -1.54052 -1.30338 -1.28111 -1.14599 -1.30999 -1.35652 1
-0.75940 -0.67475 1.45328 -1.15737 -1.28861 -1.18384 -1.22503 -1.15725 -1.26438 -1.24517 1
-0.75940 -0.67475 1.45328 -1.03247 -1.18784 -0.94476 -1.14448 -1.07616 -1.09560 -1.16615 1
-0.75940 -0.67475 1.45328 -1.15737 -1.08708 -1.18384 -1.18629 -1.06715 -1.24613 -1.23080 1
-0.75940 -0.67475 1.45328 -1.07410 -1.13746 -1.18384 -1.07311 -0.97479 -1.04086 -1.16615 1
-0.75940 -0.67475 1.45328 -1.99006 -1.99397 -2.02062 -1.48401 -1.43207 -1.49245 -1.47505 1
-0.75940 -0.67475 1.45328 -1.44881 -1.49014 -1.54246 -1.32291 -1.21357 -1.42403 -1.32060 1
-0.75940 1.48167 -0.68794 -1.94843 -1.84282 -1.54246 -1.40448 -1.38702 -1.43315 -1.42836 1
1.31652 -0.67475 -0.68794 -2.90602 -2.74971 -2.37924 -1.62777 -1.56948 -1.57912 -1.64387 1
-0.75940 -0.67475 1.45328 -2.28150 -2.29627 -1.90108 -1.54111 -1.49290 -1.49245 -1.55407 1
-0.75940 -0.67475 1.45328 -1.99006 -1.99397 -1.66200 -1.46770 -1.42081 -1.40578 -1.47864 1
-0.75940 -0.67475 1.45328 -2.44804 -2.29627 -2.14016 -1.55946 -1.52218 -1.52438 -1.57203 1
-0.75940 -0.67475 1.45328 -1.94843 -1.99397 -1.90108 -1.47687 -1.43207 -1.44683 -1.46427 1
-0.75940 -0.67475 1.45328 -1.24064 -1.43976 -1.06430 -1.29029 -1.23610 -1.26438 -1.29546 1
-0.75940 -0.67475 1.45328 -1.94843 -1.94359 -1.90108 -1.46260 -1.38026 -1.47876 -1.48583 1
-0.75940 -0.67475 1.45328 -2.23987 -2.19550 -1.66200 -1.52377 -1.49290 -1.50157 -1.49301 1
-0.75940 -0.67475 1.45328 -1.44881 -1.43976 -1.06430 -1.28417 -1.29016 -1.20052 -1.28468 1
-0.75940 -0.67475 1.45328 -1.86516 -1.89320 -1.78154 -1.44628 -1.38477 -1.50613 -1.46427 1
-0.75940 -0.67475 1.45328 -2.07333 -2.04435 -1.78154 -1.48401 -1.43433 -1.45596 -1.47146 1
1.31652 -0.67475 -0.68794 -2.11496 -2.09474 -1.42292 -1.44425 -1.40955 -1.39210 -1.42836 1
-0.75940 -0.67475 1.45328 -1.61535 -1.54052 -1.06430 -1.33923 -1.32170 -1.41490 -1.28468 1
-0.75940 -0.67475 1.45328 -2.19823 -2.09474 -1.66200 -1.50236 -1.45235 -1.46508 -1.50019 1
-0.75940 -0.67475 1.45328 -2.23987 -2.14512 -1.66200 -1.54009 -1.50416 -1.46508 -1.53611 1
1.31652 -0.67475 -0.68794 -1.78189 -1.89320 -1.30338 -1.39225 -1.34422 -1.31455 -1.39244 1
-0.75940 1.48167 -0.68794 -1.49045 -1.59091 -1.18384 -1.27601 -1.26763 -1.10929 -1.32060 1
-0.75940 -0.67475 1.45328 -2.28150 -2.19550 -1.90108 -1.53397 -1.45685 -1.54262 -1.53970 1
-0.75940 -0.67475 1.45328 -1.44881 -1.38937 -1.18384 -1.27091 -1.28115 -1.12297 -1.27031 1
-0.75940 -0.67475 1.45328 -1.86516 -1.79244 -1.06430 -1.40754 -1.36675 -1.31455 -1.44991 1
-0.75940 -0.67475 1.45328 -1.24064 -1.28861 -1.18384 -1.25154 -1.24060 -1.10016 -1.32060 1
-0.75940 -0.67475 1.45328 -1.15737 -1.43976 -1.42292 -1.17813 -1.06039 -1.30999 -1.21284 1
-0.75940 -0.67475 1.45328 -0.90756 -0.78478 -1.18384 -0.95688 -0.85315 -0.90858 -1.06917 1
-0.75940 1.48167 -0.68794 -0.65776 -0.73439 -0.70568 -0.80190 -0.70673 -0.64858 -0.85725 1
-0.75940 -0.67475 1.45328 -0.57449 -0.33133 -0.46660 -0.67649 -0.55805 -0.68507 -0.78541 1
-0.75940 -0.67475 1.45328 -1.24064 -1.33899 -0.94476 -1.21586 -1.09418 -1.26438 -1.24876 1
-0.75940 -0.67475 1.45328 -0.94920 -0.83516 -0.94476 -1.02825 -1.02435 -0.99069 -0.95423 1
-0.75940 -0.67475 1.45328 -0.61612 -0.78478 -0.70568 -0.93852 -0.89820 -0.84016 -0.98296 1
-0.75940 -0.67475 1.45328 -0.40795 -0.58325 -0.70568 -0.75908 -0.69096 -0.74437 -0.78182 1
-0.75940 -0.67475 1.45328 -2.07333 -2.14512 -1.18384 -1.46056 -1.37351 -1.37841 -1.46068 1
-0.75940 -0.67475 1.45328 -1.28227 -1.28861 -1.30338 -1.24746 -1.12572 -1.32824 -1.27031 1
-0.75940 -0.67475 1.45328 -0.99083 -1.23822 -1.18384 -1.15060 -1.04913 -1.18683 -1.17692 1
-0.75940 -0.67475 1.45328 -1.28227 -1.38937 -1.06430 -1.21688 -1.02210 -1.27350 -1.27390 1
-0.75940 -0.67475 1.45328 -0.99083 -1.08708 -0.82522 -1.07005 -0.96353 -1.09104 -1.13741 1
-0.75940 -0.67475 1.45328 -0.44959 -0.58325 -0.34706 -0.81006 -0.76304 -0.58472 -0.87161 1
-0.75940 -0.67475 1.45328 -0.44959 -0.53286 -0.46660 -0.93852 -1.05138 -0.88578 -0.73512 1
-0.75940 1.48167 -0.68794 -0.07488 -0.33133 -0.70568 -0.45320 -0.26521 -0.45244 -0.63814 1
-0.75940 -0.67475 1.45328 -2.03169 -1.99397 -1.54246 -1.44628 -1.38026 -1.40578 -1.50019 1
-0.75940 -0.67475 1.45328 -1.57372 -1.59091 -1.42292 -1.34432 -1.30593 -1.24613 -1.36011 1
1.31652 -0.67475 -0.68794 -1.69862 -1.69167 -1.42292 -1.32291 -1.25862 -1.29631 -1.32060 1
-0.75940 -0.67475 1.45328 -1.69862 -1.74205 -1.42292 -1.38715 -1.33071 -1.36473 -1.39244 1
-0.75940 -0.67475 1.45328 -2.11496 -2.19550 -1.42292 -1.52479 -1.49965 -1.46964 -1.50019 1
-0.75940 -0.67475 1.45328 -2.94765 -2.85048 -2.02062 -1.64205 -1.57850 -1.59736 -1.65824 1
1.31652 -0.67475 -0.68794 -2.19823 -2.09474 -1.78154 -1.49421 -1.42081 -1.40122 -1.50019 1
-0.75940 -0.67475 1.45328 -2.07333 -2.04435 -1.42292 -1.49421 -1.45685 -1.47876 -1.50019 1
-0.75940 -0.67475 1.45328 -1.86516 -1.79244 -1.54246 -1.43099 -1.38477 -1.37385 -1.46787 1
-0.75940 -0.67475 1.45328 -0.90756 -0.93593 -0.82522 -1.01703 -0.98605 -1.00437 -1.03325 1
-0.75940 -0.67475 1.45328 -1.90679 -1.89320 -1.66200 -1.43303 -1.38702 -1.39666 -1.46427 1
-0.75940 -0.67475 1.45328 -1.78189 -1.84282 -1.54246 -1.37389 -1.32620 -1.30999 -1.45350 1
-0.75940 -0.67475 1.45328 -1.28227 -1.18784 -1.42292 -1.17099 -1.13247 -1.13209 -1.21284 1
-0.75940 -0.67475 1.45328 -1.19901 -1.23822 -1.30338 -1.20668 -1.10094 -1.27806 -1.21284 1
-0.75940 -0.67475 1.45328 -0.69939 -0.63363 -0.58614 -0.57861 -0.40713 -0.63490 -0.77822 1
-0.75940 -0.67475 1.45328 -1.40718 -1.23822 -1.06430 -1.22605 -1.18879 -1.21420 -1.20207 1
-0.75940 -0.67475 1.45328 -1.57372 -1.59091 -1.42292 -1.34942 -1.31494 -1.35104 -1.30264 1
-0.75940 -0.67475 1.45328 -1.49045 -1.54052 -1.06430 -1.31680 -1.28115 -1.29631 -1.28468 1
-0.75940 -0.67475 1.45328 -0.99083 -1.08708 -1.18384 -1.10166 -0.99732 -1.06823 -1.16615 1
-0.75940 -0.67475 1.45328 -1.65698 -1.59091 -1.54246 -1.36676 -1.28115 -1.36929 -1.38884 1
-0.75940 -0.67475 1.45328 -1.24064 -1.49014 -1.42292 -1.26684 -1.21357 -1.26894 -1.21284 1
-0.75940 1.48167 -0.68794 -0.44959 -0.48248 -0.70568 -0.67751 -0.55130 -0.48893 -0.78182 1
-0.75940 -0.67475 1.45328 -0.78266 -0.58325 -0.82522 -0.94362 -0.85090 -0.86753 -0.92549 1
-0.75940 -0.67475 1.45328 -1.11574 -1.08708 -0.94476 -1.06088 -0.99506 -0.97700 -1.10509 1
-0.75940 -0.67475 1.45328 -2.03169 -1.99397 -1.78154 -1.46362 -1.42757 -1.38753 -1.50019 1
-0.75940 -0.67475 1.45328 -1.65698 -1.69167 -1.54246 -1.38001 -1.32620 -1.36929 -1.39244 1
-0.75940 -0.67475 1.45328 -0.49122 -0.63363 -0.82522 -0.87123 -0.52877 -1.33280 -0.93268 1
-0.75940 -0.67475 1.45328 -1.61535 -1.79244 -1.30338 -1.34432 -1.26313 -1.41034 -1.35293 1
-0.75940 -0.67475 1.45328 -1.03247 -0.98631 -0.58614 -1.04966 -0.92298 -1.10473 -1.09072 1
-0.75940 -0.67475 1.45328 -0.78266 -0.83516 -0.82522 -1.05986 -1.08292 -0.91771 -1.01170 1
-0.75940 -0.67475 1.45328 -1.36554 -1.43976 -1.30338 -1.30354 -1.29241 -1.17771 -1.32060 1
-0.75940 -0.67475 1.45328 -0.74103 -0.83516 -0.94476 -0.99256 -1.01759 -0.88578 -0.96141 1
-0.75940 -0.67475 1.45328 -1.15737 -1.18784 -0.94476 -1.16488 -1.16852 -1.09104 -1.09790 1
-0.75940 -0.67475 1.45328 -1.82352 -1.79244 -1.54246 -1.39327 -1.35098 -1.36929 -1.35652 1
-0.75940 -0.67475 1.45328 -1.90679 -1.89320 -1.66200 -1.41162 -1.35999 -1.37841 -1.46427 1
-0.75940 -0.67475 1.45328 -1.90679 -1.89320 -1.78154 -1.42589 -1.38477 -1.39210 -1.46427 1
1.31652 -0.67475 -0.68794 -0.24141 -0.33133 -0.58614 -0.41649 -0.34856 -0.34296 -0.60222 1
-0.75940 1.48167 -0.68794 0.50801 0.42441 -0.34706 0.09229 -0.02193 0.24546 -0.09936 1
-0.75940 -0.67475 1.45328 -0.36632 -0.58325 -0.82522 -0.39508 -0.03319 -0.48893 -0.74590 1
-0.75940 -0.67475 1.45328 -2.03169 -1.94359 -1.66200 -1.43711 -1.33521 -1.45140 -1.50019 1
-0.75940 -0.67475 1.45328 -1.11574 -1.13746 -1.06430 -1.27601 -1.22483 -1.23701 -1.17692 1
1.31652 -0.67475 -0.68794 -0.61612 -0.63363 -0.82522 -0.85084 -0.80810 -0.62121 -0.74590 1
-0.75940 -0.67475 1.45328 -1.15737 -1.13746 -1.30338 -1.17303 -1.15500 -1.12297 -1.10509 1
-0.75940 -0.67475 1.45328 -1.44881 -1.49014 -1.06430 -1.25970 -1.23159 -1.13666 -1.22721 1
-0.75940 -0.67475 1.45328 -2.15660 -2.09474 -1.78154 -1.49115 -1.43883 -1.46052 -1.51456 1
-0.75940 1.48167 -0.68794 0.05003 -0.12980 0.13110 -0.10959 -0.23142 -0.10577 0.11616 1
-0.75940 -0.67475 1.45328 -1.32391 -1.38937 -1.30338 -1.27193 -1.26763 -1.20508 -1.21284 1
-0.75940 -0.67475 1.45328 -1.40718 -1.33899 -1.18384 -1.17813 -1.18203 -1.16402 -1.14100 1
-0.75940 1.48167 -0.68794 -0.74103 -0.83516 -0.70568 -0.80598 -0.81711 -0.74893 -0.60222 1
1.31652 -0.67475 -0.68794 -1.19901 -1.74205 -0.94476 -1.16386 -1.14374 -1.15490 -1.14100 1
-0.75940 -0.67475 1.45328 -1.90679 -1.84282 -1.18384 -1.46464 -1.43658 -1.42403 -1.48583 1
-0.75940 -0.67475 1.45328 -2.07333 -2.09474 -1.78154 -1.47891 -1.40504 -1.46052 -1.50019 1
-0.75940 -0.67475 1.45328 -1.28227 -1.33899 -0.94476 -1.24135 -1.19555 -1.23701 -1.24876 1
-0.75940 -0.67475 1.45328 -1.74025 -1.69167 -1.30338 -1.34025 -1.29917 -1.33280 -1.33137 1
-0.75940 -0.67475 1.45328 -1.32391 -1.33899 -0.10798 -1.20056 -1.13247 -1.24157 -1.18770 1
-0.75940 -0.67475 1.45328 -1.19901 -1.33899 -1.06430 -1.40958 -1.23159 -1.11385 -1.28109 1
-0.75940 -0.67475 1.45328 -0.90756 -0.88554 -0.70568 -0.92833 -0.83062 -0.95876 -0.93268 1
-0.75940 -0.67475 1.45328 -1.28227 -1.28861 -1.06430 -1.10574 -0.94100 -1.01806 -1.14460 1
-0.75940 -0.67475 1.45328 -0.57449 -0.53286 -0.34706 -0.60410 -0.60536 -0.49805 -0.66328 1
-0.75940 -0.67475 1.45328 -0.53285 -0.48248 -0.94476 -0.74480 -0.57157 -0.79911 -0.88957 1
1.31652 -0.67475 -0.68794 -0.24141 -0.07942 -0.10798 -0.44606 -0.39361 -0.33840 -0.68124 1
1.31652 -0.67475 -0.68794 -0.07488 -0.18018 0.37018 -0.23704 0.04565 -0.39770 -0.60222 1
-0.75940 -0.67475 1.45328 -2.15660 -2.14512 -2.02062 -1.51868 -1.45460 -1.48789 -1.53611 1
-0.75940 -0.67475 1.45328 -0.99083 -1.08708 -0.70568 -1.03743 -0.84414 -1.24613 -1.04762 1
-0.75940 -0.67475 1.45328 -0.86593 -1.08708 -0.82522 -1.04558 -1.05363 -1.00893 -0.97219 1
-0.75940 -0.67475 1.45328 -0.82430 -0.83516 -0.58614 -0.93852 -0.88919 -0.85841 -0.96500 1
1.31652 -0.67475 -0.68794 -0.78266 -0.73439 -0.46660 -0.88041 -0.72475 -0.85841 -0.97219 1
-0.75940 -0.67475 1.45328 -0.65776 -0.63363 -0.82522 -0.85594 -0.86441 -0.72156 -0.87520 1
-0.75940 -0.67475 1.45328 -0.65776 -0.68401 0.13110 -0.80496 -0.74277 -0.82192 -0.78182 1
-0.75940 -0.67475 1.45328 -0.53285 -0.58325 -0.58614 -0.84268 -0.80810 -0.75349 -0.87161 1
-0.75940 -0.67475 1.45328 -0.40795 -0.58325 -0.94476 -0.76315 -0.64365 -0.63490 -0.88957 1
-0.75940 1.48167 -0.68794 0.42474 0.52518 0.13110 0.33801 0.48041 0.44161 0.18799 1
-0.75940 -0.67475 1.45328 -1.32391 -1.38937 -1.30338 -1.29029 -1.24736 -1.30543 -1.28468 1
-0.75940 -0.67475 1.45328 -0.82430 -0.83516 -0.70568 -1.00990 -0.83963 -1.23701 -0.99733 1
-0.75940 -0.67475 1.45328 -0.15815 -0.28095 -0.46660 -0.47869 -0.44993 -0.33840 -0.42263 1
-0.75940 -0.67475 1.45328 -0.36632 -0.48248 -0.34706 -0.58472 -0.35982 -0.71244 -0.65969 1
-0.75940 -0.67475 1.45328 -0.07488 -0.07942 -0.34706 -0.54292 -0.49273 -0.51174 -0.49447 1
-0.75940 -0.67475 1.45328 -0.53285 -0.58325 -0.70568 -0.87429 -0.82612 -0.89034 -0.85006 1
-0.75940 -0.67475 1.45328 -0.53285 -0.53286 -0.70568 -0.82229 -0.71123 -0.90858 -0.78182 1
-0.75940 -0.67475 1.45328 0.09166 -0.07942 -0.22752 -0.35022 -0.34180 -0.16963 -0.45855 1
-0.75940 -0.67475 1.45328 -0.74103 -0.73439 -0.94476 -1.02825 -1.01083 -0.93139 -1.01170 1
-0.75940 -0.67475 1.45328 -0.74103 -0.63363 -0.46660 -1.03437 -1.03336 -1.13666 -0.86443 1
1.31652 -0.67475 -0.68794 0.25820 -0.07942 -0.22752 -0.24724 -0.12330 -0.20156 -0.42263 1
-0.75940 -0.67475 1.45328 -0.99083 -1.59091 -1.18384 -1.10370 -1.04237 -1.07279 -1.13741 1
-0.75940 -0.67475 1.45328 -0.90756 -1.03669 -0.46660 -1.00480 -0.87568 -0.95420 -1.13741 1
1.31652 -0.67475 -0.68794 -0.90756 -1.08708 -0.94476 -1.00582 -0.92298 -1.02262 -1.03325 1
-0.75940 -0.67475 1.45328 -1.69862 -1.69167 -1.54246 -1.33617 -1.27664 -1.32367 -1.35652 1
1.31652 -0.67475 -0.68794 -0.86593 -0.63363 -0.82522 -0.81311 -0.83062 -0.77174 -0.78182 1
-0.75940 1.48167 -0.68794 -0.40795 -0.28095 -0.10798 -0.69892 -0.83738 -1.00893 -0.38671 1
1.31652 -0.67475 -0.68794 -1.44881 -1.43976 -0.70568 -1.08535 -1.00408 -1.07279 -1.10509 1
1.31652 -0.67475 -0.68794 -0.69939 -0.83516 -0.58614 -0.89468 -0.88469 -0.85385 -0.90394 1
-0.75940 -0.67475 1.45328 -0.90756 -0.83516 -0.94476 -0.73868 -0.58959 -0.67595 -0.89676 1
1.31652 -0.67475 -0.68794 -0.36632 -0.38171 -0.10798 -0.40222 -0.06698 -0.72156 -0.55912 1
-0.75940 -0.67475 1.45328 -0.15815 -0.18018 1.08742 -0.44096 -0.41614 -0.35209 -0.48010 1
-0.75940 -0.67475 1.45328 -0.69939 -0.53286 -0.46660 -0.68057 -0.57833 -0.64402 -0.81773 1
-0.75940 -0.67475 1.45328 -0.53285 -0.63363 -0.46660 -0.84268 -0.72700 -0.84016 -0.94704 1
-0.75940 -0.67475 1.45328 -0.19978 -0.28095 -0.70568 -0.68261 -0.63690 -0.82648 -0.76386 1
1.31652 -0.67475 -0.68794 0.54964 0.57556 0.01156 0.44303 0.49618 0.75179 0.17363 1
-0.75940 -0.67475 1.45328 -0.69939 -0.73439 -0.58614 -0.83045 -0.83963 -0.94964 -0.90394 1
-0.75940 -0.67475 1.45328 -0.53285 -0.63363 -0.70568 -0.92425 -0.93199 -1.11841 -0.81773 1
1.31652 -0.67475 -0.68794 0.17493 0.12212 -0.46660 -0.08614 0.19658 0.04020 -0.49447 1
-0.75940 1.48167 -0.68794 0.50801 0.42441 0.25064 0.22280 0.48491 0.20441 -0.09936 1
-0.75940 -0.67475 1.45328 -1.40718 -1.54052 -1.42292 -1.30864 -1.26763 -1.18683 -1.29905 1
-0.75940 -0.67475 1.45328 -1.03247 -1.03669 -0.94476 -0.99358 -0.82612 -1.07736 -1.09431 1
-0.75940 -0.67475 1.45328 -0.78266 -0.68401 -0.70568 -0.94668 -0.90271 -0.86753 -0.96141 1
-0.75940 -0.67475 1.45328 -0.61612 -0.73439 -1.06430 -0.97523 -0.89144 -1.07736 -0.86443 1
-0.75940 -0.67475 1.45328 -0.40795 -0.53286 -0.58614 -0.63061 -0.36208 -0.84472 -0.76386 1
-0.75940 -0.67475 1.45328 -0.65776 -0.98631 -1.18384 -1.00480 -0.91848 -0.82648 -1.10149 1
-0.75940 -0.67475 1.45328 -0.74103 -0.73439 -0.82522 -0.96911 -0.91622 -1.19139 -0.90035 1
-0.75940 -0.67475 1.45328 -1.24064 -1.23822 -1.42292 -1.22911 -1.17978 -1.28262 -1.19488 1
-0.75940 -0.67475 1.45328 -0.90756 -0.88554 -0.58614 -1.06903 -1.07165 -0.97700 -1.04043 1
-0.75940 -0.67475 1.45328 -0.82430 -0.83516 -0.82522 -0.87939 -0.80134 -0.90858 -0.87161 1
1.31652 -0.67475 -0.68794 -0.57449 -0.33133 -0.34706 -0.70300 -0.64816 -0.71700 -0.53038 1
-0.75940 -0.67475 1.45328 -1.24064 -1.23822 -1.18384 -1.16590 -1.14824 -1.08192 -1.17692 1
-0.75940 1.48167 -0.68794 0.00839 0.32365 -0.34706 -0.23908 -0.17511 -0.19700 -0.34001 1
-0.75940 -0.67475 1.45328 -1.03247 -1.18784 -0.94476 -1.16386 -1.15050 -1.10929 -1.13023 1
-0.75940 -0.67475 1.45328 -0.44959 -0.53286 -0.58614 -0.84268 -0.86666 -0.88121 -0.71716 1
-0.75940 -0.67475 1.45328 -1.36554 -1.43976 -1.18384 -1.27091 -1.18654 -1.30999 -1.29546 1
-0.75940 -0.67475 1.45328 -0.40795 -0.58325 -0.58614 -0.67445 -0.54904 -0.74437 -0.70998 1
-0.75940 1.48167 -0.68794 -0.11651 -0.33133 -0.70568 -0.50621 -0.32829 -0.57104 -0.65251 1
1.31652 -0.67475 -0.68794 0.17493 0.22288 0.37018 -0.05147 0.22361 -0.33384 -0.07781 1
-0.75940 -0.67475 1.45328 -1.36554 -1.59091 -0.58614 -0.74174 -0.67294 -0.68507 -0.79618 1
-0.75940 1.48167 -0.68794 -1.19901 -0.88554 -0.58614 -0.36959 -0.16384 -0.43875 -0.53757 1
1.31652 -0.67475 -0.68794 0.79945 0.52518 0.72880 0.60821 0.79127 0.75635 0.41069 1
-0.75940 1.48167 -0.68794 -0.53285 -0.33133 -0.46660 -0.68770 -0.62563 -0.84472 -0.49447 1
-0.75940 -0.67475 1.45328 -0.40795 -0.58325 -0.46660 -0.68974 -0.70222 -0.46156 -0.74590 1
-0.75940 -0.67475 1.45328 -0.36632 -0.73439 -0.34706 -0.62143 -0.51075 -0.64858 -0.67406 1
-0.75940 -0.67475 1.45328 -0.86593 -1.03669 -0.94476 -0.99358 -0.87793 -0.94051 -1.09790 1
-0.75940 -0.67475 1.45328 -0.36632 -0.58325 -0.94476 -0.63163 -0.55355 -0.48437 -0.81055 1
1.31652 -0.67475 -0.68794 -1.44881 -1.43976 -1.18384 -1.28825 -1.29016 -1.31455 -1.16256 1
-0.75940 -0.67475 1.45328 -1.28227 -1.28861 -1.18384 -1.24542 -1.17077 -1.15034 -1.27390 1
-0.75940 -0.67475 1.45328 -1.11574 -0.98631 -1.30338 -0.98848 -0.80359 -1.01350 -1.14819 2
-0.75940 -0.67475 1.45328 -0.82430 -1.08708 -1.06430 -0.97319 -0.98380 -0.94051 -0.85365 2
1.31652 -0.67475 -0.68794 -0.44959 -0.33133 -0.22752 -0.62347 -0.65492 -0.44331 -0.67406 2
1.31652 -0.67475 -0.68794 -0.99083 -1.03669 -1.30338 -1.15876 -1.10319 -1.10473 -1.10509 2
-0.75940 -0.67475 1.45328 -1.15737 -1.18784 -1.30338 -1.17915 -1.11445 -1.09104 -1.14100 2
-0.75940 -0.67475 1.45328 -0.74103 -0.68401 -0.70568 -0.91609 -0.94551 -0.87209 -0.85365 2
1.31652 -0.67475 -0.68794 -1.28227 -1.28861 -0.94476 -1.17609 -1.13923 -1.10473 -1.18411 2
1.31652 -0.67475 -0.68794 0.38310 0.32365 -1.06430 -0.00355 -0.08951 0.37318 -0.02752 2
-0.75940 -0.67475 1.45328 -1.94843 -1.84282 -1.66200 -1.48401 -1.45685 -1.43315 -1.46427 2
-0.75940 1.48167 -0.68794 -1.28227 -1.33899 -0.94476 -1.23625 -1.20005 -1.41034 -1.14100 2
1.31652 -0.67475 -0.68794 -1.40718 -1.43976 -1.30338 -1.28009 -1.30818 -1.16402 -1.21643 2
1.31652 -0.67475 -0.68794 -0.28305 -0.23057 -0.34706 -0.44810 -0.23818 -0.77174 -0.44059 2
1.31652 -0.67475 -0.68794 -0.15815 0.32365 0.01156 -0.00253 -0.08050 0.04476 0.00122 2
1.31652 -0.67475 -0.68794 0.00839 -0.12980 -0.22752 -0.13304 -0.09852 -0.34752 -0.09936 2
1.31652 -0.67475 -0.68794 -0.44959 -0.43210 -0.46660 -0.44198 -0.14582 -0.27910 -0.70998 2
1.31652 -0.67475 -0.68794 -0.36632 -0.48248 -0.94476 -0.79476 -0.74502 -0.74437 -0.88957 2
-0.75940 1.48167 -0.68794 0.05003 0.17250 -0.22752 -0.14324 -0.15483 0.14967 -0.24303 2
1.31652 -0.67475 -0.68794 0.09166 0.22288 0.01156 -0.22888 -0.33279 -0.19243 -0.16760 2
-0.75940 1.48167 -0.68794 0.46637 0.52518 0.96788 0.45425 0.22586 0.71986 0.26701 2
1.31652 -0.67475 -0.68794 1.38233 1.18016 0.84834 1.77769 2.10005 1.65495 1.19372 2
-0.75940 -0.67475 1.45328 -0.61612 -0.43210 -0.34706 -0.74786 -0.65717 -0.74893 -0.77104 2
-0.75940 -0.67475 1.45328 0.00839 -0.12980 -0.46660 -0.45014 -0.28098 -0.37489 -0.70639 2
1.31652 -0.67475 -0.68794 0.34147 0.27326 0.25064 0.32884 0.99175 0.01739 -0.23585 2
-0.75940 1.48167 -0.68794 0.38310 0.37403 0.13110 0.09943 0.23712 0.33213 -0.13528 2
-0.75940 -0.67475 1.45328 0.38310 0.32365 0.25064 -0.15037 -0.07599 -0.18787 -0.10654 2
1.31652 -0.67475 -0.68794 0.46637 0.47480 0.25064 0.58170 0.52771 0.31845 0.18799 2
1.31652 -0.67475 -0.68794 0.79945 0.62595 -0.10798 0.38899 0.77550 0.18160 0.06228 2
1.31652 -0.67475 -0.68794 0.84108 0.72671 1.08742 0.77032 1.02554 0.99810 0.33885 2
-0.75940 1.48167 -0.68794 -0.53285 -0.43210 -0.34706 -0.71421 -0.69096 -0.69419 -0.70279 2
-0.75940 -0.67475 1.45328 -0.15815 -0.12980 -0.82522 -0.56637 -0.50174 -0.70788 -0.48728 2
-0.75940 -0.67475 1.45328 0.17493 -0.02903 -0.10798 -0.47767 -0.40262 -0.56647 -0.38671 2
-0.75940 -0.67475 1.45328 0.38310 0.42441 -0.10798 -0.07085 0.09971 -0.35665 0.04432 2
1.31652 -0.67475 -0.68794 0.50801 0.42441 0.96788 -0.05963 -0.10528 0.04476 -0.01315 2
1.31652 -0.67475 -0.68794 -0.69939 -0.88554 -0.46660 -0.75908 -0.52201 -0.80823 -0.97937 2
1.31652 -0.67475 -0.68794 0.00839 -0.07942 0.01156 -0.22073 0.04114 -0.32472 -0.46932 2
-0.75940 -0.67475 1.45328 0.75781 0.67633 -0.22752 0.02805 -0.02869 0.09950 0.08742 2
-0.75940 1.48167 -0.68794 0.79945 0.27326 0.37018 0.37370 0.52996 0.50547 0.25983 2
-0.75940 -0.67475 1.45328 -0.94920 -1.08708 -1.18384 -1.07005 -1.03786 -0.99981 -1.02966 2
-0.75940 -0.67475 1.45328 -0.94920 -1.08708 -1.18384 -1.11899 -0.98380 -1.12297 -1.17692 2
-0.75940 -0.67475 1.45328 -0.49122 -0.63363 -0.70568 -0.88856 -0.79683 -0.97700 -0.85365 2
1.31652 -0.67475 -0.68794 -0.36632 -0.53286 0.48972 -0.74378 -0.62338 -0.68051 0.00122 2
-0.75940 -0.67475 1.45328 -0.24141 -0.38171 -0.34706 -0.72849 -0.68420 -0.81735 -0.63814 2
-0.75940 -0.67475 1.45328 -0.19978 -0.07942 -0.46660 -0.43382 -0.44317 -0.34296 -0.32565 2
-0.75940 -0.67475 1.45328 -0.19978 -0.18018 -0.46660 -0.47563 -0.51300 -0.30647 -0.47291 2
-0.75940 -0.67475 1.45328 0.21656 0.17250 0.25064 -0.12692 -0.09176 -0.04191 -0.20711 2
-0.75940 -0.67475 1.45328 0.59127 0.52518 0.25064 0.00970 0.07944 0.10862 -0.02752 2
-0.75940 -0.67475 1.45328 -0.57449 -0.83516 -0.10798 -0.01783 0.18531 -0.08296 -0.19993 2
-0.75940 -0.67475 1.45328 -0.74103 -0.78478 -0.82522 -1.00684 -0.91622 -1.14122 -0.96141 2
-0.75940 -0.67475 1.45328 -0.24141 -0.33133 0.01156 -0.68261 -0.80359 -0.75805 -0.34361 2
-0.75940 -0.67475 1.45328 -0.15815 -0.07942 0.13110 -0.25335 -0.11429 -0.34752 -0.22867 2
1.31652 -0.67475 -0.68794 -0.07488 -0.23057 -0.70568 -0.51029 -0.47921 -0.18787 -0.70998 2
-0.75940 -0.67475 1.45328 0.00839 -0.02903 0.13110 -0.26967 -0.24719 -0.24717 -0.20711 2
-0.75940 -0.67475 1.45328 -0.78266 -0.88554 -0.70568 -0.94056 -0.86441 -0.71700 -0.96141 2
-0.75940 -0.67475 1.45328 -1.69862 -1.54052 -1.30338 -1.33413 -1.29466 -1.34648 -1.30623 2
-0.75940 -0.67475 1.45328 -0.65776 -0.88554 -0.46660 -0.91915 -0.93424 -0.89490 -0.85365 2
1.31652 -0.67475 -0.68794 -0.53285 -0.63363 -0.46660 -0.68362 -0.52201 -0.57560 -0.76745 2
-0.75940 -0.67475 1.45328 -0.36632 -0.58325 -0.10798 -0.57555 -0.38686 -0.73981 -0.58067 2
1.31652 -0.67475 -0.68794 -0.32468 -0.18018 -0.10798 -0.43178 -0.49273 -0.42051 -0.54116 2
-0.75940 1.48167 -0.68794 -0.19978 -0.28095 0.01156 -0.39406 -0.37109 -0.34296 -0.43340 2
1.31652 -0.67475 -0.68794 -0.44959 -0.58325 -0.94476 -0.71625 -0.76980 -0.84016 -0.45855 2
-0.75940 1.48167 -0.68794 -0.36632 -0.28095 -0.46660 -0.45014 -0.40037 -0.36577 -0.38671 2
1.31652 -0.67475 -0.68794 -0.44959 -0.33133 -0.58614 -0.82025 -0.85991 -0.95876 -0.63814 2
1.31652 -0.67475 -0.68794 -0.90756 -0.98631 -1.18384 -1.02825 -1.03111 -0.97700 -0.88957 2
-0.75940 1.48167 -0.68794 -0.53285 -0.48248 -0.58614 -0.72033 -0.67069 -0.68963 -0.56630 2
-0.75940 -0.67475 1.45328 -0.86593 -0.83516 -0.58614 -0.96809 -0.88694 -1.06367 -0.96141 2
-0.75940 1.48167 -0.68794 -0.44959 -0.53286 0.96788 -0.79068 -0.93199 -0.58472 -0.74590 2
-0.75940 -0.67475 1.45328 -1.40718 -1.49014 -1.18384 -1.29742 -1.27214 -1.30087 -1.24876 2
-0.75940 -0.67475 1.45328 -0.86593 -0.88554 -0.94476 -0.99664 -0.83288 -1.19139 -1.03684 2
-0.75940 1.48167 -0.68794 -0.49122 -0.58325 -0.10798 -0.41241 -0.45218 -0.32928 -0.45855 2
-0.75940 -0.67475 1.45328 -0.44959 -0.38171 -0.70568 -0.55719 -0.49273 -0.59840 -0.54475 2
-0.75940 1.48167 -0.68794 0.46637 0.37403 0.13110 0.12084 0.22811 0.00827 0.02636 2
-0.75940 1.48167 -0.68794 0.63291 0.52518 0.25064 0.82844 1.09537 0.85214 0.36759 2
1.31652 -0.67475 -0.68794 0.71618 0.72671 0.25064 0.65409 0.92192 0.85214 0.18081 2
1.31652 -0.67475 -0.68794 0.75781 0.62595 0.37018 0.75707 0.67188 1.27179 0.38195 2
1.31652 -0.67475 -0.68794 -0.28305 -0.28095 -0.70568 -0.56025 -0.29675 -0.73069 -0.63814 2
-0.75940 -0.67475 1.45328 0.21656 0.12212 -0.22752 -0.39304 -0.29450 -0.33384 -0.45495 2
-0.75940 -0.67475 1.45328 0.25820 0.17250 -0.22752 -0.36857 -0.34180 -0.43419 -0.20352 2
-0.75940 -0.67475 1.45328 -0.99083 -0.98631 -0.70568 0.16570 0.25514 0.24546 -1.00092 2
1.31652 -0.67475 -0.68794 -0.61612 -0.83516 -0.58614 -0.81209 -0.61212 -0.93139 -0.88598 2
-0.75940 -0.67475 1.45328 -0.11651 -0.23057 0.13110 -0.12692 0.17630 -0.37033 -0.41904 2
-0.75940 -0.67475 1.45328 -0.07488 -0.18018 -0.70568 -0.60716 -0.53102 -0.75349 -0.55553 2
1.31652 -0.67475 -0.68794 0.63291 0.72671 -1.18384 0.45119 0.43986 0.80196 0.29575 2
-0.75940 1.48167 -0.68794 1.00762 0.82748 0.48972 0.64287 0.64034 0.98898 0.57592 2
-0.75940 -0.67475 1.45328 -1.03247 -0.93593 -1.18384 -1.02825 -0.93875 -0.98157 -1.08353 2
-0.75940 -0.67475 1.45328 -0.82430 -0.68401 -0.94476 -0.93343 -0.94325 -0.85841 -0.88957 2
-0.75940 -0.67475 1.45328 -0.44959 -0.23057 -0.22752 -0.49296 -0.42965 -0.58016 -0.46573 2
-0.75940 -0.67475 1.45328 -0.24141 -0.33133 -0.46660 -0.43790 -0.33279 -0.40226 -0.55912 2
-0.75940 -0.67475 1.45328 -0.15815 -0.07942 -0.34706 -0.54700 -0.60311 -0.33840 -0.49447 2
-0.75940 -0.67475 1.45328 0.29983 0.22288 -0.22752 -0.20543 -0.10753 -0.33840 -0.15324 2
1.31652 -0.67475 -0.68794 0.42474 0.42441 0.60926 0.27888 0.62458 0.08581 -0.06344 2
1.31652 -0.67475 -0.68794 0.46637 0.57556 0.25064 0.15856 0.05241 0.14511 0.36759 2
-0.75940 1.48167 -0.68794 0.92435 0.92824 1.20696 0.94060 1.05257 1.13039 0.81298 2
-0.75940 -0.67475 1.45328 -0.78266 -0.63363 -0.58614 -0.81413 -0.66393 -0.66226 -0.93268 2
-0.75940 1.48167 -0.68794 0.00839 0.02135 -0.10798 -0.07798 0.21234 0.15880 -0.44418 2
-0.75940 -0.67475 1.45328 -0.44959 -0.33133 -0.34706 -0.62449 -0.59860 -0.69876 -0.55194 2
-0.75940 -0.67475 1.45328 -0.19978 -0.28095 -0.10798 -0.61225 -0.60085 -0.52542 -0.21430 2
1.31652 -0.67475 -0.68794 -0.57449 -0.58325 -0.70568 -0.75602 -0.71799 -0.63490 -0.77822 2
1.31652 -0.67475 -0.68794 -0.53285 -0.48248 -0.34706 -0.57453 -0.64365 -0.63946 -0.35079 2
-0.75940 -0.67475 1.45328 -1.90679 -1.94359 -1.54246 -1.45342 -1.45235 -1.37841 -1.42836 2
1.31652 -0.67475 -0.68794 -0.03324 0.07173 0.84834 -0.15445 -0.45669 -0.08752 0.11616 2
-0.75940 1.48167 -0.68794 -0.53285 -0.58325 -0.58614 -0.79272 -0.76304 -0.71244 -0.78182 2
-0.75940 -0.67475 1.45328 -1.44881 -1.28861 -1.54246 -1.29029 -1.24961 -1.28262 -1.25594 2
-0.75940 -0.67475 1.45328 -0.36632 -0.53286 -0.58614 -0.51029 -0.49273 -0.68051 -0.39389 2
-0.75940 1.48167 -0.68794 0.46637 0.72671 0.96788 0.85801 0.60881 0.81565 0.94947 2
1.31652 -0.67475 -0.68794 -0.36632 -0.38171 -0.22752 -0.37876 -0.04671 -0.59384 -0.74590 2
-0.75940 -0.67475 1.45328 -0.61612 -0.68401 -0.82522 -0.79578 -0.67294 -0.80367 -0.85365 2
1.31652 -0.67475 -0.68794 0.63291 0.02135 0.13110 0.22484 0.39706 0.14055 0.20954 2
-0.75940 -0.67475 1.45328 -0.40795 -0.48248 -0.10798 -0.80190 -0.73601 -0.80367 -0.81773 2
1.31652 -0.67475 -0.68794 -0.15815 -0.18018 -0.58614 -0.55108 -0.45894 -0.56191 -0.61300 2
1.31652 -0.67475 -0.68794 0.09166 0.07173 -0.10798 -0.09939 -0.19313 -0.10577 -0.01674 2
-0.75940 -0.67475 1.45328 -1.11574 -1.18784 -1.18384 -1.13021 -1.01083 -1.23245 -1.15537 2
-0.75940 -0.67475 1.45328 -0.69939 -0.68401 -0.82522 -0.98848 -1.06490 -0.90858 -0.81773 2
-0.75940 -0.67475 1.45328 -0.49122 -0.53286 -0.46660 -0.67547 -0.54904 -0.74437 -0.70998 2
-0.75940 -0.67475 1.45328 -0.44959 -0.63363 -0.46660 -0.93852 -0.93199 -1.08648 -0.81773 2
-0.75940 -0.67475 1.45328 -0.03324 0.07173 0.01156 -0.38794 -0.29224 -0.36577 -0.48728 2
-0.75940 -0.67475 1.45328 0.42474 0.32365 0.25064 0.31456 0.57051 0.31389 0.00122 2
-0.75940 -0.67475 1.45328 -1.44881 -1.49014 -1.06430 -1.23931 -1.17527 -1.25525 -1.21284 2
1.31652 -0.67475 -0.68794 -0.49122 -0.53286 -0.46660 -0.60614 -0.39136 -0.76262 -0.71357 2
-0.75940 1.48167 -0.68794 -0.69939 -0.68401 -0.10798 -0.87939 -0.94100 -0.78542 -0.74590 2
1.31652 -0.67475 -0.68794 -0.90756 -0.93593 -0.46660 -0.87123 -0.72250 -0.85385 -1.01888 2
-0.75940 -0.67475 1.45328 -0.32468 -0.43210 -1.18384 -0.36245 -0.19313 -0.44331 -0.42263 2
1.31652 -0.67475 -0.68794 0.17493 0.42441 0.25064 -0.09838 0.09070 -0.16507 -0.16401 2
1.31652 -0.67475 -0.68794 -0.40795 -0.38171 -0.70568 -0.69178 -0.63464 -0.67139 -0.66688 2
1.31652 -0.67475 -0.68794 -0.40795 -0.48248 0.01156 -0.64284 -0.53328 -0.69419 -0.60222 2
1.31652 -0.67475 -0.68794 -0.61612 -0.88554 -0.94476 -0.91303 -0.85090 -0.96332 -0.88957 2
1.31652 -0.67475 -0.68794 0.59127 0.67633 0.01156 0.23503 0.01411 0.07669 0.54718 2
1.31652 -0.67475 -0.68794 0.09166 0.27326 0.25064 -0.21155 -0.40713 -0.38402 0.08024 2
-0.75940 1.48167 -0.68794 -0.74103 -0.12980 -0.82522 -0.94872 -1.00633 -0.75349 -0.78182 2
-0.75940 -0.67475 1.45328 -0.74103 -0.88554 -1.42292 -1.01194 -0.95001 -1.06823 -0.96141 2
-0.75940 1.48167 -0.68794 -0.44959 -0.43210 -0.82522 -0.83249 -0.88469 -0.70332 -0.70998 2
1.31652 -0.67475 -0.68794 -1.49045 -1.54052 -1.18384 -1.28111 -1.19555 -1.37841 -1.26313 2
1.31652 -0.67475 -0.68794 -0.19978 -0.02903 0.01156 -0.43484 -0.53328 -0.41138 -0.24303 2
-0.75940 -0.67475 1.45328 -1.90679 -1.84282 -1.42292 -1.43711 -1.40054 -1.35560 -1.42836 2
1.31652 -0.67475 -0.68794 -0.44959 -0.18018 0.25064 -0.39406 -0.63464 -0.84016 0.11616 2
-0.75940 1.48167 -0.68794 0.00839 0.12212 0.48972 -0.14834 -0.38235 -0.06928 0.25983 2
-0.75940 -0.67475 1.45328 -1.32391 -1.13746 -1.06430 -1.18017 -1.13473 -1.15034 -1.14100 2
1.31652 -0.67475 -0.68794 -1.11574 -1.08708 -1.18384 -1.06699 -0.97479 -1.05911 -1.10509 2
-0.75940 1.48167 -0.68794 0.29983 0.47480 1.20696 -0.23398 -0.34406 -0.47068 0.25983 2
-0.75940 1.48167 -0.68794 0.21656 0.22288 0.01156 -0.23500 -0.46344 0.04932 -0.09936 2
1.31652 -0.67475 -0.68794 -1.65698 -1.69167 -1.54246 -1.37389 -1.40504 -1.32367 -1.28468 2
-0.75940 -0.67475 1.45328 -0.40795 -0.43210 -0.58614 -0.69076 -0.61437 -0.52086 -0.75667 2
1.31652 -0.67475 -0.68794 -1.36554 -1.13746 -0.94476 -1.26072 -1.32170 -1.16859 -1.17692 2
1.31652 -0.67475 -0.68794 -0.36632 -0.33133 0.13110 -0.10551 -0.64591 -0.46156 -0.49447 2
-0.75940 1.48167 -0.68794 -0.40795 -0.48248 -0.34706 -0.77845 -0.85540 -0.90858 -0.70998 2
1.31652 -0.67475 -0.68794 -1.03247 -1.08708 -0.34706 -0.83962 -0.75854 -0.82648 -0.87161 2
-0.75940 1.48167 -0.68794 -0.15815 -0.18018 0.48972 -0.37673 -0.50399 0.19985 -0.54116 2
1.31652 -0.67475 -0.68794 -0.69939 -0.73439 -0.70568 -0.88653 -0.91172 -0.77174 -0.83929 2
1.31652 -0.67475 -0.68794 -0.19978 -0.07942 -0.34706 -0.47155 -0.40262 -0.48437 -0.52320 2
1.31652 -0.67475 -0.68794 0.92435 1.02901 0.72880 1.07416 1.16971 1.13495 1.08596 2
1.31652 -0.67475 -0.68794 1.09089 1.12978 0.60926 1.18428 1.02104 1.00723 1.19372 2
-0.75940 1.48167 -0.68794 0.42474 0.52518 0.48972 0.55927 0.80479 0.36862 0.07305 2
-0.75940 1.48167 -0.68794 0.59127 0.52518 0.01156 0.35840 0.47815 0.26371 0.09101 2
1.31652 -0.67475 -0.68794 0.59127 0.47480 0.25064 0.43895 0.71468 0.36406 0.22391 2
1.31652 -0.67475 -0.68794 1.04925 0.87786 0.48972 0.96914 0.94895 1.19881 0.96025 2
1.31652 -0.67475 -0.68794 -0.03324 -0.07942 0.13110 -0.10653 -0.03094 0.03564 -0.38671 2
-0.75940 -0.67475 1.45328 0.09166 -0.18018 -0.34706 -0.46849 -0.44993 -0.28823 -0.50165 2
1.31652 -0.67475 -0.68794 0.17493 0.02135 -0.46660 -0.07289 0.33624 -0.36577 -0.35079 2
1.31652 -0.67475 -0.68794 0.29983 0.22288 0.13110 0.14429 0.47140 -0.02822 -0.03470 2
1.31652 -0.67475 -0.68794 0.42474 0.37403 0.72880 0.39511 0.85434 0.33669 -0.07781 2
1.31652 -0.67475 -0.68794 0.46637 0.42441 0.01156 0.27072 0.57051 0.00827 0.10179 2
-0.75940 1.48167 -0.68794 0.67454 0.62595 0.60926 0.71119 1.13367 0.42792 0.38195 2
1.31652 -0.67475 -0.68794 0.67454 0.67633 0.01156 0.58883 0.88137 0.69705 0.25265 2
1.31652 -0.67475 -0.68794 0.71618 0.77709 0.13110 1.02318 1.90857 0.40968 0.34244 2
-0.75940 1.48167 -0.68794 0.75781 0.67633 0.37018 0.40429 0.39481 0.63319 0.33167 2
-0.75940 1.48167 -0.68794 1.46560 1.18016 1.20696 1.66757 2.23070 1.15319 1.15421 2
-0.75940 -0.67475 1.45328 -0.69939 -0.68401 -0.46660 -0.79680 -0.66618 -0.89034 -0.85365 2
-0.75940 -0.67475 1.45328 -0.36632 -0.38171 -0.34706 -0.58167 -0.51976 -0.72612 -0.53038 2
-0.75940 -0.67475 1.45328 -0.07488 -0.07942 -0.10798 -0.26967 -0.17736 -0.50261 -0.45855 2
-0.75940 -0.67475 1.45328 -0.03324 -0.12980 -0.34706 -0.33798 -0.26521 -0.45244 -0.34720 2
1.31652 -0.67475 -0.68794 0.00839 0.12212 0.37018 0.02704 0.30921 -0.35665 -0.24663 2
-0.75940 -0.67475 1.45328 0.05003 0.07173 -0.22752 -0.27477 0.14026 -0.63490 -0.51602 2
-0.75940 -0.67475 1.45328 0.05003 0.17250 -0.22752 -0.12488 0.26866 -0.54823 -0.20711 2
-0.75940 1.48167 -0.68794 0.17493 0.37403 0.25064 -0.05861 -0.02643 -0.16050 -0.22867 2
-0.75940 1.48167 -0.68794 0.21656 -0.02903 -0.34706 -0.36245 -0.28323 -0.39770 -0.27895 2
1.31652 -0.67475 -0.68794 0.25820 0.32365 0.01156 0.08515 0.21460 -0.22437 0.11616 2
-0.75940 -0.67475 1.45328 0.25820 0.17250 0.13110 -0.07798 -0.04896 -0.03735 -0.09936 2
1.31652 -0.67475 -0.68794 0.50801 0.57556 0.37018 0.17488 0.43310 0.14511 -0.02752 2
-0.75940 1.48167 -0.68794 0.67454 0.67633 0.84834 0.50421 0.46689 0.35494 0.69086 2
1.31652 -0.67475 -0.68794 0.84108 0.47480 0.72880 0.51644 0.61331 0.49178 0.54718 2
-0.75940 1.48167 -0.68794 0.88272 0.77709 0.72880 1.00279 1.05933 1.49986 0.76269 2
1.31652 -0.67475 -0.68794 1.04925 1.02901 1.20696 1.45447 1.60447 1.75987 0.97821 2
-0.75940 -0.67475 1.45328 -0.69939 -0.43210 -0.70568 -0.77947 -0.65942 -0.83560 -0.90035 2
1.31652 -0.67475 -0.68794 -0.15815 -0.23057 -0.82522 -0.56331 -0.54229 -0.51174 -0.59863 2
-0.75940 1.48167 -0.68794 0.46637 0.52518 0.84834 0.68570 1.30937 0.36406 0.47894 2
-0.75940 1.48167 -0.68794 0.54964 0.57556 0.25064 0.65715 1.14268 0.53284 0.09101 2
1.31652 -0.67475 -0.68794 0.63291 0.57556 1.44604 0.87738 1.26657 0.16336 0.84890 2
1.31652 -0.67475 -0.68794 0.88272 0.47480 0.25064 0.61738 0.54799 0.85670 0.47534 2
-0.75940 1.48167 -0.68794 1.04925 0.92824 0.48972 1.12922 1.54365 1.12582 0.57951 2
-0.75940 -0.67475 1.45328 -0.07488 -0.48248 -0.34706 -0.72645 -0.80134 -0.50718 -0.72435 2
-0.75940 -0.67475 1.45328 0.05003 -0.07942 0.13110 -0.55821 -0.74728 -0.45700 -0.31487 2
-0.75940 -0.67475 1.45328 0.13330 0.22288 0.72880 0.01480 0.05917 0.00827 0.00840 2
-0.75940 -0.67475 1.45328 0.13330 0.17250 0.01156 -0.17688 -0.17736 -0.37489 0.08024 2
-0.75940 -0.67475 1.45328 0.13330 0.22288 0.01156 -0.01885 0.15378 -0.07384 -0.06703 2
-0.75940 -0.67475 1.45328 0.13330 0.12212 0.01156 -0.41037 -0.49048 -0.57560 -0.02752 2
1.31652 -0.67475 -0.68794 0.38310 0.42441 0.01156 -0.06881 -0.09401 -0.29735 0.04432 2
-0.75940 -0.67475 1.45328 0.38310 0.27326 0.72880 0.03927 0.18306 -0.13314 0.08024 2
-0.75940 -0.67475 1.45328 0.67454 0.62595 0.13110 -0.05351 0.08845 0.41880 -0.13528 2
1.31652 -0.67475 -0.68794 0.71618 0.62595 0.48972 0.39409 0.40382 0.49178 0.39991 2
-0.75940 -0.67475 1.45328 0.71618 0.57556 -0.34706 0.19119 0.34525 0.08581 0.15207 2
1.31652 -0.67475 -0.68794 0.71618 0.62595 0.72880 0.59087 0.73495 0.54652 0.51126 2
-0.75940 1.48167 -0.68794 0.92435 0.82748 0.72880 0.88248 0.80704 0.78372 1.01413 3
1.31652 -0.67475 -0.68794 1.00762 1.02901 1.20696 1.31683 1.10664 1.49986 1.73250 3
-0.75940 1.48167 -0.68794 1.00762 1.02901 0.48972 0.84169 1.00076 0.87038 0.54718 3
-0.75940 1.48167 -0.68794 1.04925 0.87786 0.37018 1.03644 1.15169 1.26723 0.69086 3
1.31652 -0.67475 -0.68794 1.17416 0.92824 0.84834 0.95589 1.11790 1.21705 0.54718 3
1.31652 -0.67475 -0.68794 -0.19978 -0.38171 0.25064 0.47464 0.60655 0.38687 0.41069 3
-0.75940 -0.67475 1.45328 -0.32468 -0.38171 -0.58614 -0.75806 -0.76980 -0.76718 -0.63814 3
-0.75940 -0.67475 1.45328 0.00839 0.07173 -0.46660 -0.47461 -0.35532 -0.55279 -0.49806 3
-0.75940 -0.67475 1.45328 0.05003 0.22288 0.48972 -0.21257 -0.17286 -0.48437 0.00840 3
-0.75940 -0.67475 1.45328 0.05003 -0.02903 -0.46660 -0.40120 -0.39587 -0.29735 -0.36875 3
-0.75940 -0.67475 1.45328 0.25820 0.42441 0.84834 -0.18504 -0.24944 -0.04647 -0.13528 3
1.31652 -0.67475 -0.68794 0.25820 0.47480 -0.10798 0.01684 0.10197 -0.08752 -0.02752 3
1.31652 -0.67475 -0.68794 0.38310 0.32365 0.84834 0.22994 0.09521 0.43705 0.31730 3
-0.75940 1.48167 -0.68794 0.38310 0.32365 -0.46660 -0.05249 0.10197 -0.25630 -0.03470 3
1.31652 -0.67475 -0.68794 0.42474 0.42441 -0.22752 -0.08920 -0.18637 0.11318 -0.08858 3
1.31652 -0.67475 -0.68794 0.42474 0.42441 0.37018 0.30131 0.61106 0.30932 -0.02752 3
-0.75940 1.48167 -0.68794 0.42474 0.22288 0.37018 -0.06779 -0.04896 0.10862 -0.13528 3
1.31652 -0.67475 -0.68794 -0.15815 -0.18018 -0.46660 -0.35837 -0.12555 -0.38402 -0.51602 3
-0.75940 -0.67475 1.45328 -0.11651 0.47480 -0.10798 -0.29210 -0.32378 -0.24261 -0.25381 3
1.31652 -0.67475 -0.68794 0.00839 0.02135 -0.22752 -0.28802 -0.07149 -0.28366 -0.44777 3
1.31652 -0.67475 -0.68794 0.46637 0.52518 0.48972 0.47770 0.69215 0.82021 0.17003 3
1.31652 -0.67475 -0.68794 -0.19978 -0.18018 -0.10798 -0.09634 0.00735 -0.21068 -0.00238 3
-0.75940 1.48167 -0.68794 0.13330 0.12212 -0.22752 -0.15955 0.03889 -0.11945 -0.39030 3
-0.75940 1.48167 -0.68794 0.34147 0.32365 -0.10798 0.00256 0.15152 -0.06471 -0.00597 3
1.31652 -0.67475 -0.68794 0.59127 0.57556 0.25064 0.18405 0.33399 -0.03735 0.16644 3
-0.75940 -0.67475 1.45328 -0.94920 -0.98631 -0.70568 -1.04762 -1.06039 -0.89946 -1.03325 3
-0.75940 1.48167 -0.68794 -0.90756 -0.83516 -0.58614 -0.98543 -0.98605 -0.94964 -0.92549 3
-0.75940 1.48167 -0.68794 0.71618 0.42441 0.48972 0.62656 0.24613 1.18968 0.43943 3
-0.75940 1.48167 -0.68794 -0.03324 -0.07942 -0.34706 -0.29006 -0.28999 -0.08296 -0.38671 3
-0.75940 1.48167 -0.68794 0.21656 0.17250 0.13110 -0.06473 -0.28098 -0.27910 0.18799 3
-0.75940 1.48167 -0.68794 -0.44959 -0.43210 -0.46660 -0.58268 -0.58509 -0.28366 -0.63814 3
1.31652 -0.67475 -0.68794 -0.69939 -0.33133 -0.22752 -0.69688 -0.60085 -0.76718 -0.60222 3
1.31652 -0.67475 -0.68794 -0.53285 -0.33133 -0.22752 -0.52049 -0.49048 -0.56191 -0.31487 3
1.31652 -0.67475 -0.68794 0.13330 0.12212 -0.46660 -0.03516 0.14702 -0.32016 -0.11013 3
-0.75940 1.48167 -0.68794 0.34147 0.32365 0.25064 0.31456 0.39706 0.50091 0.06946 3
1.31652 -0.67475 -0.68794 0.54964 0.72671 0.48972 0.88350 0.94220 0.83845 0.69086 3
-0.75940 1.48167 -0.68794 0.63291 0.67633 -0.10798 1.24749 1.03230 0.09494 0.56514 3
-0.75940 1.48167 -0.68794 0.59127 0.62595 0.37018 0.71119 0.82281 0.80652 0.51126 3
-0.75940 1.48167 -0.68794 1.04925 0.92824 1.08742 1.24953 1.71935 1.04828 0.73396 3
1.31652 -0.67475 -0.68794 1.21579 1.12978 1.20696 1.65126 2.03697 1.71881 1.09315 3
1.31652 -0.67475 -0.68794 0.38310 0.42441 -0.10798 0.39001 0.84083 0.21353 0.08024 3
-0.75940 1.48167 -0.68794 0.38310 0.22288 0.48972 -0.03618 0.12674 -0.19700 -0.07421 3
1.31652 -0.67475 -0.68794 0.59127 0.62595 0.60926 0.56946 0.59529 0.47354 0.68727 3
-0.75940 1.48167 -0.68794 0.75781 0.67633 0.72880 0.46138 0.82731 0.59670 -0.03111 3
-0.75940 1.48167 -0.68794 0.75781 0.62595 0.37018 0.52052 1.03230 0.25915 0.05150 3
-0.75940 1.48167 -0.68794 1.00762 1.12978 0.96788 0.93040 0.98274 1.56372 0.56155 3
1.31652 -0.67475 -0.68794 1.04925 1.07939 -0.34706 0.71730 0.73946 0.93424 0.63698 3
1.31652 -0.67475 -0.68794 1.04925 1.12978 0.84834 0.89064 1.15169 0.88407 0.69804 3
-0.75940 -0.67475 1.45328 -0.15815 -0.23057 -0.34706 -0.47461 -0.51525 -0.76262 -0.20711 3
1.31652 -0.67475 -0.68794 1.04925 1.12978 0.37018 1.09965 1.16746 0.97986 0.90637 3
1.31652 -0.67475 -0.68794 -0.03324 -0.07942 -0.82522 0.08821 0.41508 -0.17419 -0.28973 3
1.31652 -0.67475 -0.68794 0.63291 0.67633 0.84834 0.57354 0.68089 0.68793 0.33167 3
-0.75940 1.48167 -0.68794 0.84108 0.77709 0.48972 0.86718 1.04356 0.71529 0.78784 3
-0.75940 1.48167 -0.68794 1.00762 0.82748 0.48972 0.68875 0.60430 1.23074 0.43224 3
-0.75940 -0.67475 1.45328 0.29983 0.27326 -0.22752 -0.10551 -0.02418 -0.06928 -0.12091 3
-0.75940 -0.67475 1.45328 0.42474 0.47480 0.48972 0.32782 0.61106 0.13143 0.05150 3
-0.75940 1.48167 -0.68794 0.46637 0.42441 0.25064 0.18609 0.15152 0.28652 0.36400 3
-0.75940 -0.67475 1.45328 0.50801 0.42441 -0.10798 0.05354 0.09070 0.05844 0.15207 3
1.31652 -0.67475 -0.68794 1.21579 1.18016 0.72880 1.16593 1.60222 1.11214 1.06441 3
1.31652 -0.67475 -0.68794 1.21579 1.18016 1.32650 1.24749 1.35217 0.79284 1.33740 3
1.31652 -0.67475 -0.68794 0.71618 0.67633 0.84834 0.39817 0.22361 0.73354 0.59747 3
-0.75940 -0.67475 1.45328 -0.40795 -0.33133 -0.70568 -0.76009 -0.79909 -0.74437 -0.56630 3
-0.75940 -0.67475 1.45328 0.34147 0.32365 -0.10798 -0.12387 -0.13006 -0.38402 0.06228 3
1.31652 -0.67475 -0.68794 0.59127 0.72671 0.01156 0.17080 0.22586 0.01739 0.36040 3
1.31652 -0.67475 -0.68794 0.00839 -0.07942 -0.22752 -0.42159 -0.42290 -0.30647 -0.39389 3
1.31652 -0.67475 -0.68794 0.42474 0.42441 -0.10798 0.18915 -0.02418 0.25915 -0.01674 3
-0.75940 1.48167 -0.68794 0.79945 0.77709 0.37018 0.74585 0.68089 0.82477 0.81298 3
1.31652 -0.67475 -0.68794 -0.53285 -0.58325 -0.34706 -0.63672 -0.76980 -0.60297 -0.38671 3
1.31652 -0.67475 -0.68794 -1.57372 -1.43976 -1.06430 -1.28723 -1.26087 -1.30543 -1.21284 3
-0.75940 -0.67475 1.45328 -0.86593 -0.83516 -0.34706 -0.89162 -0.90946 -0.71244 -0.88957 3
1.31652 -0.67475 -0.68794 -1.44881 -1.49014 -1.18384 -1.29233 -1.28340 -1.27350 -1.24517 3
1.31652 -0.67475 -0.68794 -1.32391 -1.23822 -1.30338 -1.24033 -1.23384 -1.17771 -1.21284 3
1.31652 -0.67475 -0.68794 0.71618 0.62595 0.37018 0.41550 0.62007 0.33669 0.28497 3
-0.75940 1.48167 -0.68794 0.96598 0.72671 1.32650 0.64185 0.59529 0.49178 0.82016 3
1.31652 -0.67475 -0.68794 0.96598 0.92824 0.72880 1.27604 1.27333 1.61390 0.82735 3
-0.75940 1.48167 -0.68794 0.96598 0.67633 0.84834 0.66428 0.57276 1.46337 0.35322 3
-0.75940 -0.67475 1.45328 -0.40795 -0.53286 -0.34706 -0.69790 -0.64816 -0.63946 -0.69561 3
-0.75940 -0.67475 1.45328 -0.07488 -0.07942 -0.10798 -0.39304 -0.24269 -0.53911 -0.38312 3
-0.75940 -0.67475 1.45328 0.38310 0.12212 -0.22752 -0.11061 -0.02643 -0.27454 -0.01674 3
-0.75940 -0.67475 1.45328 0.42474 0.32365 -0.34706 0.04641 0.43310 -0.08296 -0.30410 3
-0.75940 1.48167 -0.68794 0.63291 0.77709 0.13110 -0.10755 -0.02193 -0.20156 0.00122 3
1.31652 -0.67475 -0.68794 0.75781 0.67633 1.20696 1.23322 1.67655 1.13495 0.64416 3
1.31652 -0.67475 -0.68794 0.79945 0.52518 0.48972 0.24829 0.59529 0.17704 -0.07781 3
-0.75940 1.48167 -0.68794 1.17416 0.92824 0.84834 1.23730 1.27784 1.49986 0.94229 3
1.31652 -0.67475 -0.68794 0.17493 0.02135 0.01156 -0.18708 -0.04671 -0.27910 -0.19275 3
-0.75940 -0.67475 1.45328 0.42474 0.42441 0.13110 0.08821 0.48716 -0.00542 -0.15683 3
-0.75940 1.48167 -0.68794 0.88272 0.97863 1.32650 0.97322 0.70567 1.36758 0.97821 3
1.31652 -0.67475 -0.68794 -0.24141 -0.33133 0.37018 0.30029 0.40832 0.43705 0.06228 3
1.31652 -0.67475 -0.68794 -0.11651 -0.28095 -0.10798 -0.30128 -0.07149 -0.35209 -0.49447 3
-0.75940 1.48167 -0.68794 0.21656 0.07173 0.96788 0.68672 0.64260 1.09846 0.51845 3
1.31652 -0.67475 -0.68794 0.05003 0.17250 -0.22752 -0.25845 -0.27873 -0.37489 -0.13528 3
-0.75940 -0.67475 1.45328 0.09166 0.42441 -0.10798 -0.20543 -0.33730 0.03564 0.18799 3
1.31652 -0.67475 -0.68794 0.29983 0.57556 0.13110 0.11982 -0.11203 0.35950 0.22032 3
1.31652 -0.67475 -0.68794 0.25820 0.37403 -0.22752 0.06884 0.28443 -0.23349 0.00840 3
-0.75940 1.48167 -0.68794 0.38310 0.57556 0.37018 0.28499 0.39030 0.73354 0.11616 3
-0.75940 1.48167 -0.68794 0.38310 0.32365 1.20696 0.38593 0.39481 0.24090 0.18799 3
-0.75940 -0.67475 1.45328 -1.94843 -1.84282 -1.54246 -1.38001 -1.29917 -1.10929 -1.39244 3
-0.75940 -0.67475 1.45328 -0.28305 -0.23057 -0.46660 -0.48480 -0.39812 -0.62121 -0.44059 3
-0.75940 1.48167 -0.68794 0.71618 0.92824 0.96788 1.24240 0.71693 1.75987 0.68727 3
-0.75940 -0.67475 1.45328 0.21656 0.27326 -0.34706 -0.17892 -0.05121 -0.20156 -0.23585 3
1.31652 -0.67475 -0.68794 0.71618 -0.43210 0.37018 0.50523 0.57952 0.62406 0.22391 3
-0.75940 1.48167 -0.68794 0.29983 0.12212 0.96788 1.70428 1.87478 1.54548 1.53495 3
1.31652 -0.67475 -0.68794 0.84108 0.72671 0.48972 0.84169 1.34316 0.74722 0.28497 3
1.31652 -0.67475 -0.68794 1.04925 1.18016 1.08742 1.05377 1.02104 0.88863 1.06082 3
1.31652 -0.67475 -0.68794 -0.69939 -0.43210 -0.34706 -0.63774 -0.64816 -0.60753 -0.60222 3
-0.75940 1.48167 -0.68794 0.09166 -0.02903 0.13110 -0.29414 -0.39136 -0.08752 -0.24303 3
-0.75940 1.48167 -0.68794 -0.44959 -0.48248 -0.46660 -0.71625 -0.67069 -0.68507 -0.63814 3
-0.75940 1.48167 -0.68794 0.34147 0.37403 0.37018 -0.00559 -0.08275 0.22722 0.06228 3
-0.75940 1.48167 -0.68794 0.79945 0.67633 0.84834 0.38288 0.34300 0.30476 0.61902 3
-0.75940 1.48167 -0.68794 0.88272 0.92824 1.08742 1.13024 0.81380 1.37670 1.01413 3
-0.75940 1.48167 -0.68794 -0.11651 -0.07942 0.01156 -0.02904 0.44887 0.14511 -0.31487 3
1.31652 -0.67475 -0.68794 0.17493 0.52518 0.48972 0.14021 -0.08275 -0.13770 0.76269 3
1.31652 -0.67475 -0.68794 0.38310 0.27326 0.13110 0.15652 0.14927 0.50091 0.25983 3
1.31652 -0.67475 -0.68794 -0.53285 -0.28095 -0.10798 -0.70708 -0.68645 -0.52998 -0.67406 3
-0.75940 -0.67475 1.45328 -0.90756 -0.83516 -0.94476 -1.03437 -0.92749 -1.10473 -0.96141 3
-0.75940 1.48167 -0.68794 -0.44959 -0.33133 -0.34706 -0.54496 -0.48372 -0.39770 -0.42263 3
-0.75940 -0.67475 1.45328 -1.07410 -1.13746 -0.94476 -1.13633 -1.01534 -1.35104 -1.10509 3
-0.75940 1.48167 -0.68794 -0.94920 -0.83516 -0.82522 -0.94872 -0.90271 -0.94507 -0.85365 3
1.31652 -0.67475 -0.68794 0.25820 0.42441 0.84834 0.09229 -0.14357 0.19529 0.47534 3
-0.75940 1.48167 -0.68794 -1.24064 -1.18784 -0.58614 -1.13837 -1.20005 -1.04543 -1.07994 3
-0.75940 -0.67475 1.45328 0.71618 0.67633 0.25064 0.28092 0.24839 0.17704 0.76269 3
-0.75940 -0.67475 1.45328 -0.32468 -0.38171 -0.22752 -0.75602 -0.80359 -0.61665 -0.73871 3
1.31652 -0.67475 -0.68794 -1.28227 -1.23822 -0.94476 -1.22503 -1.31494 -1.03174 -1.13382 3
-0.75940 1.48167 -0.68794 -0.82430 -0.73439 -1.06430 -1.03335 -1.07616 -1.09104 -0.81773 3
1.31652 -0.67475 -0.68794 -0.90756 -0.83516 0.01156 -0.83962 -0.92749 -0.72156 -0.68124 3
-0.75940 1.48167 -0.68794 -1.49045 -1.49014 -1.18384 -1.26785 -1.26989 -1.25069 -1.16615 3
1.31652 -0.67475 -0.68794 -1.36554 -1.13746 -0.22752 -1.12613 -1.21582 -1.12753 -0.99374 3
-0.75940 1.48167 -0.68794 -0.32468 -0.33133 -0.10798 -0.55618 -0.75178 -0.44788 -0.50524 3
1.31652 -0.67475 -0.68794 -0.53285 -0.68401 -0.10798 -0.68057 -0.87342 -0.58016 -0.38671 3
-0.75940 1.48167 -0.68794 0.17493 0.32365 -0.10798 0.18303 0.31371 0.19073 -0.00956 3
-0.75940 1.48167 -0.68794 0.21656 0.42441 0.25064 0.09433 0.01186 -0.04647 0.27061 3
-0.75940 1.48167 -0.68794 0.63291 0.67633 0.37018 0.77746 1.32289 -0.10121 0.58669 3
-0.75940 1.48167 -0.68794 0.84108 0.72671 0.72880 1.06805 1.18998 0.88863 0.90637 3
1.31652 -0.67475 -0.68794 0.84108 0.82748 0.84834 1.02726 0.95121 0.82477 1.19372 3
1.31652 -0.67475 -0.68794 0.92435 1.18016 1.08742 1.17816 1.46255 1.08933 0.97462 3
-0.75940 1.48167 -0.68794 1.00762 0.92824 0.37018 0.79887 1.14944 0.50547 0.57232 3
-0.75940 1.48167 -0.68794 1.00762 1.07939 0.25064 0.78154 0.70116 0.22722 1.05005 3
1.31652 -0.67475 -0.68794 1.04925 1.18016 1.08742 1.61761 1.37470 1.29460 1.71095 3
1.31652 -0.67475 -0.68794 1.59050 1.58322 0.84834 2.29156 1.82523 2.17040 1.25478 3
-0.75940 1.48167 -0.68794 0.42474 0.42441 0.48972 0.48789 0.88588 0.30476 0.13411 3
1.31652 -0.67475 -0.68794 0.67454 0.72671 0.72880 0.72342 1.00302 0.51003 0.56155 3
1.31652 -0.67475 -0.68794 0.96598 1.07939 0.60926 1.10169 1.22828 1.46793 0.85608 3
1.31652 -0.67475 -0.68794 1.00762 1.23054 1.32650 1.14452 1.29361 1.03916 0.96743 3
-0.75940 1.48167 -0.68794 1.09089 1.02901 0.84834 1.19550 1.03230 1.75074 0.89919 3
1.31652 -0.67475 -0.68794 0.38310 0.27326 0.72880 0.09025 0.10197 0.02195 0.22750 3
1.31652 -0.67475 -0.68794 0.50801 0.62595 0.60926 1.18326 1.98516 0.44161 0.40351 3
1.31652 -0.67475 -0.68794 0.71618 0.42441 0.25064 0.08617 0.21460 0.02651 0.08024 3
1.31652 -0.67475 -0.68794 0.71618 0.67633 0.72880 0.40327 0.34074 0.48266 0.46457 3
-0.75940 1.48167 -0.68794 0.75781 0.67633 0.37018 0.35739 0.39706 0.11318 0.36400 3
1.31652 -0.67475 -0.68794 0.75781 0.62595 0.60926 0.61025 0.39255 0.35494 0.72678 3
1.31652 -0.67475 -0.68794 0.79945 1.02901 0.84834 0.92326 0.95571 0.52827 1.08596 3
-0.75940 1.48167 -0.68794 0.79945 0.67633 0.48972 0.61330 0.46689 0.80196 0.65494 3
-0.75940 1.48167 -0.68794 1.09089 1.12978 1.20696 1.27604 1.08411 1.87846 1.03568 3
1.31652 -0.67475 -0.68794 1.09089 0.82748 0.84834 1.08028 1.26207 1.03460 0.90637 3
-0.75940 1.48167 -0.68794 0.92435 0.97863 0.13110 0.62350 0.65611 0.77459 0.54718 3
-0.75940 1.48167 -0.68794 1.04925 1.38169 0.84834 1.41879 1.03906 1.32653 1.84026 3
-0.75940 -0.67475 1.45328 -0.57449 -0.48248 -0.58614 -0.75806 -0.67970 -0.86753 -0.65969 3
1.31652 -0.67475 -0.68794 0.13330 0.47480 0.01156 0.29213 0.26866 0.67880 0.21673 3
-0.75940 -0.67475 1.45328 0.29983 0.37403 0.25064 -0.01273 0.04114 0.05844 -0.02034 3
1.31652 -0.67475 -0.68794 0.34147 0.22288 0.25064 0.00460 0.29344 -0.06471 -0.14246 3
1.31652 -0.67475 -0.68794 0.46637 0.22288 -0.22752 -0.06269 0.02538 -0.06928 -0.07421 3
-0.75940 1.48167 -0.68794 0.63291 0.72671 0.96788 0.48076 0.40607 0.59213 0.61902 3
1.31652 -0.67475 -0.68794 0.63291 0.62595 0.48972 0.74483 0.91516 1.13039 0.17722 3
-0.75940 1.48167 -0.68794 0.71618 0.67633 0.48972 0.58476 0.10872 0.38687 1.00694 3
1.31652 -0.67475 -0.68794 0.84108 0.67633 0.48972 0.52154 0.63584 0.50091 0.51485 3
1.31652 -0.67475 -0.68794 0.96598 1.07939 0.96788 0.85291 0.84759 1.02091 0.93151 3
1.31652 -0.67475 -0.68794 1.00762 1.02901 1.32650 0.81009 1.03230 0.37318 0.97462 3
-0.75940 1.48167 -0.68794 1.21579 1.43207 0.37018 1.50341 2.24647 1.44513 0.82735 3
1.31652 -0.67475 -0.68794 0.00839 -0.43210 0.72880 0.26868 0.35426 0.38231 0.26701 3
1.31652 -0.67475 -0.68794 0.42474 0.32365 1.08742 0.40021 0.66737 0.40055 0.06946 3
1.31652 -0.67475 -0.68794 0.67454 0.67633 0.25064 0.65511 0.97148 0.46898 0.41787 3
-0.75940 1.48167 -0.68794 0.75781 0.47480 0.13110 0.58476 0.65386 0.52371 0.54718 3
-0.75940 1.48167 -0.68794 1.42396 1.43207 1.08742 1.73384 2.00769 2.01531 1.13266 3
-0.75940 -0.67475 1.45328 0.34147 0.52518 0.37018 0.08719 0.07268 0.31389 0.08024 3
-0.75940 -0.67475 1.45328 0.46637 0.32365 0.13110 -0.07798 -0.03094 -0.14682 0.02277 3
1.31652 -0.67475 -0.68794 0.63291 0.67633 0.25064 0.32884 0.11999 0.35494 0.51485 3
1.31652 -0.67475 -0.68794 0.75781 0.87786 1.44604 0.79581 0.92192 0.42336 1.07519 3
1.31652 -0.67475 -0.68794 0.84108 0.97863 1.08742 0.66836 0.72369 0.54652 0.82376 3
-0.75940 -0.67475 1.45328 0.96598 0.82748 -0.10798 0.55315 0.57952 0.63775 0.38555 3
-0.75940 1.48167 -0.68794 1.13252 1.28092 1.56558 1.24953 1.05032 0.88407 1.80434 3
-0.75940 1.48167 -0.68794 1.17416 0.92824 0.25064 0.85393 0.46464 1.04828 0.86686 3
1.31652 -0.67475 -0.68794 -0.15815 -0.23057 -0.58614 -0.70606 -0.67294 -0.70332 -0.61300 3
1.31652 -0.67475 -0.68794 0.54964 0.57556 0.60926 0.58374 0.70792 0.84301 0.25983 3
-0.75940 1.48167 -0.68794 1.54887 0.92824 0.25064 0.99463 1.46030 0.92056 0.29575 3
-0.75940 -0.67475 1.45328 -1.28227 -1.18784 -0.94476 -1.18017 -1.15725 -1.18683 -1.10509 3
1.31652 -0.67475 -0.68794 0.50801 0.72671 1.08742 0.43080 0.33624 0.77003 0.33167 3
-0.75940 1.48167 -0.68794 -0.61612 -0.48248 -0.34706 -0.65712 -0.61888 -0.68963 -0.56630 3
1.31652 -0.67475 -0.68794 0.59127 0.57556 -0.34706 -0.06065 -0.15709 0.17704 -0.06344 3
1.31652 -0.67475 -0.68794 -0.40795 -0.33133 -0.46660 -0.54190 -0.48147 -0.54823 -0.38671 3
-0.75940 1.48167 -0.68794 -1.36554 -1.43976 -1.18384 -1.24848 -1.18654 -1.30999 -1.18770 3
-0.75940 1.48167 -0.68794 -0.07488 -0.12980 0.60926 -0.14732 -0.76079 -0.09664 0.58669 3
1.31652 -0.67475 -0.68794 0.59127 0.82748 1.08742 0.72648 0.55249 0.19073 0.87764 3
1.31652 -0.67475 -0.68794 0.88272 0.92824 1.08742 1.08742 0.98725 1.20337 1.04286 3
-0.75940 1.48167 -0.68794 0.75781 0.77709 0.48972 0.67040 0.63584 0.62863 0.54718 3
-0.75940 1.48167 -0.68794 0.75781 0.92824 0.60926 1.01605 1.08411 1.10302 0.83453 3
1.31652 -0.67475 -0.68794 2.04848 1.93590 1.80466 2.78505 3.11823 2.74970 2.47962 3
1.31652 -0.67475 -0.68794 0.09166 0.22288 0.37018 -0.09022 -0.13907 -0.10577 0.04432 3
-0.75940 -0.67475 1.45328 0.21656 0.17250 -0.10798 -0.35226 -0.46119 -0.09664 -0.25740 3
1.31652 -0.67475 -0.68794 0.46637 0.32365 0.84834 0.80907 0.81605 0.82021 0.62979 3
-0.75940 1.48167 -0.68794 0.79945 0.72671 0.60926 0.37472 0.78001 2.33461 0.61184 3
1.31652 -0.67475 -0.68794 0.96598 0.87786 0.72880 0.63268 0.81154 0.92512 0.33167 4
1.31652 -0.67475 -0.68794 0.96598 1.07939 -1.42292 0.43487 0.70116 -0.04647 -0.45855 4
-0.75940 1.48167 -0.68794 0.79945 0.72671 0.72880 0.56232 0.79127 0.63319 0.34604 4
1.31652 -0.67475 -0.68794 0.88272 0.82748 0.60926 0.75809 0.97148 0.84301 0.39632 4
1.31652 -0.67475 -0.68794 0.88272 0.77709 0.48972 0.84475 1.18773 0.86126 0.43943 4
1.31652 -0.67475 -0.68794 1.75704 1.63361 1.68512 2.86866 3.65436 2.57637 2.10247 4
-0.75940 -0.67475 1.45328 0.67454 0.72671 0.37018 0.34821 0.29569 0.16336 0.43943 4
1.31652 -0.67475 -0.68794 0.84108 1.07939 0.60926 0.79173 1.38596 0.23634 0.52204 4
-0.75940 1.48167 -0.68794 0.88272 0.72671 0.60926 0.88248 0.86110 0.87951 1.07519 4
1.31652 -0.67475 -0.68794 1.21579 1.33131 0.84834 1.33212 1.71034 1.02091 0.90637 4
1.31652 -0.67475 -0.68794 0.25820 -0.02903 1.20696 1.17714 1.13592 1.47249 1.07878 4
1.31652 -0.67475 -0.68794 0.13330 0.12212 1.20696 -0.29210 -0.29900 -0.16050 1.01413 4
1.31652 -0.67475 -0.68794 0.38310 0.42441 0.13110 0.24727 0.18531 0.39143 0.32808 4
1.31652 -0.67475 -0.68794 0.42474 0.37403 0.01156 -0.18708 -0.15483 -0.36577 -0.01315 4
1.31652 -0.67475 -0.68794 0.88272 0.87786 0.96788 0.98138 0.61106 1.04372 1.65707 4
1.31652 -0.67475 -0.68794 -0.53285 -0.53286 0.01156 -0.68872 -0.68645 -0.59840 -0.46573 4
1.31652 -0.67475 -0.68794 1.13252 1.18016 1.44604 1.34640 1.11340 1.81460 1.30866 4
-0.75940 1.48167 -0.68794 0.42474 0.42441 -0.10798 -0.00049 0.01186 -0.13770 -0.02034 4
-0.75940 1.48167 -0.68794 1.34069 1.23054 0.72880 1.39024 1.70809 1.56829 0.96025 4
-0.75940 1.48167 -0.68794 1.09089 0.97863 0.60926 1.09761 1.00977 1.55916 1.12907 4
1.31652 -0.67475 -0.68794 0.09166 0.32365 0.60926 0.09433 -0.36208 -0.00542 0.43943 4
1.31652 -0.67475 -0.68794 1.00762 0.97863 0.60926 0.97526 0.33399 0.74266 2.01985 4
-0.75940 1.48167 -0.68794 -0.57449 -0.48248 -0.70568 -0.79578 -0.69096 -0.75349 -0.81773 4
-0.75940 1.48167 -0.68794 -0.40795 -0.33133 -0.34706 -0.49092 -0.55130 -0.08296 -0.60222 4
-0.75940 1.48167 -0.68794 -0.53285 -0.78478 0.25064 -0.60410 -0.67970 -0.00085 -0.81773 4
1.31652 -0.67475 -0.68794 0.05003 0.22288 -0.10798 0.10249 -0.35757 0.32757 0.08024 4
-0.75940 1.48167 -0.68794 1.04925 1.38169 1.08742 1.38004 1.33866 1.46337 1.37332 4
-0.75940 1.48167 -0.68794 0.84108 0.62595 0.72880 0.86922 0.74622 0.55564 1.19372 4
1.31652 -0.67475 -0.68794 1.13252 1.18016 0.96788 1.32396 1.00076 1.82829 0.95666 4
-0.75940 1.48167 -0.68794 1.59050 1.78475 2.16328 2.53627 2.28026 2.08829 2.34312 4
1.31652 -0.67475 -0.68794 1.59050 1.38169 0.96788 1.85925 2.30504 1.51811 1.50981 4
-0.75940 -0.67475 1.45328 0.21656 0.17250 0.37018 0.08923 0.23712 0.05844 0.02636 4
-0.75940 -0.67475 1.45328 0.46637 0.52518 0.01156 0.19935 0.24388 0.03564 0.22391 4
-0.75940 1.48167 -0.68794 0.84108 0.67633 0.48972 1.02930 1.10664 0.97530 0.57592 4
1.31652 -0.67475 -0.68794 1.13252 1.23054 0.84834 1.53808 1.71259 1.55004 1.19372 4
1.31652 -0.67475 -0.68794 1.59050 1.18016 1.44604 2.16411 2.66095 2.33005 1.37691 4
-0.75940 1.48167 -0.68794 0.17493 0.02135 -0.34706 -0.35633 -0.29224 -0.44788 -0.24303 4
-0.75940 1.48167 -0.68794 0.50801 0.57556 0.13110 0.31966 0.32948 0.30932 0.32808 4
1.31652 -0.67475 -0.68794 0.63291 0.62595 0.48972 0.37370 0.36778 0.19073 0.47534 4
1.31652 -0.67475 -0.68794 0.71618 0.42441 1.20696 0.51338 0.71017 0.62863 0.39273 4
1.31652 -0.67475 -0.68794 0.05003 0.12212 -0.10798 -0.31351 -0.29450 -0.22437 -0.40467 4
1.31652 -0.67475 -0.68794 0.84108 0.92824 1.08742 0.84373 1.08186 0.61494 0.69086 4
-0.75940 1.48167 -0.68794 1.00762 1.02901 0.37018 0.61229 0.64034 0.54196 0.74114 4
-0.75940 1.48167 -0.68794 1.04925 0.97863 0.84834 0.77236 0.68089 0.74266 1.08596 4
1.31652 -0.67475 -0.68794 -0.07488 -0.23057 -0.22752 -0.41955 -0.33279 -0.47524 -0.45855 4
1.31652 -0.67475 -0.68794 0.29983 0.32365 -0.22752 -0.00661 -0.52652 0.19529 0.33167 4
1.31652 -0.67475 -0.68794 -0.40795 -0.38171 -0.34706 -0.35429 -0.42064 -0.07384 -0.38671 4
-0.75940 1.48167 -0.68794 0.00839 0.22288 0.60926 -0.22786 -0.31702 -0.05559 -0.31487 4
1.31652 -0.67475 -0.68794 -0.61612 -0.53286 -0.58614 -0.71523 -0.80810 -0.56647 -0.60222 4
-0.75940 1.48167 -0.68794 -1.44881 -1.33899 -1.78154 -1.27193 -1.28340 -1.22332 -1.21284 4
-0.75940 1.48167 -0.68794 1.63214 1.68399 1.32650 2.69533 3.22186 1.83741 2.48680 4
1.31652 -0.67475 -0.68794 1.46560 1.93590 2.16328 2.39454 2.03247 2.04268 2.41855 4
1.31652 -0.67475 -0.68794 -0.03324 -0.12980 -0.34706 -0.50418 -0.46344 -0.49349 -0.49447 4
-0.75940 -0.67475 1.45328 -0.24141 -0.23057 -0.34706 -0.64488 -0.68420 -0.59384 -0.48010 4
-0.75940 1.48167 -0.68794 0.67454 0.57556 0.37018 0.55315 0.84533 0.78372 0.14130 4
-0.75940 -0.67475 1.45328 0.21656 0.37403 -0.70568 -0.07187 0.08394 -0.35209 0.15207 4
1.31652 -0.67475 -0.68794 1.42396 1.23054 1.68512 1.38922 1.37245 2.08829 1.05005 4
1.31652 -0.67475 -0.68794 0.21656 0.22288 -0.22752 0.02194 -0.19763 0.13599 0.01199 4
-0.75940 1.48167 -0.68794 0.29983 0.32365 0.01156 0.20343 0.10422 0.06757 0.43943 4
-0.75940 1.48167 -0.68794 0.42474 0.37403 -0.10798 0.11064 0.09746 0.20897 0.15207 4
1.31652 -0.67475 -0.68794 0.38310 0.72671 0.84834 0.72648 0.51645 0.73354 1.01413 4
1.31652 -0.67475 -0.68794 0.46637 0.67633 0.25064 0.28805 0.11548 0.32757 0.79861 4
-0.75940 1.48167 -0.68794 0.88272 0.72671 0.48972 0.75503 0.75297 1.40863 0.54718 4
-0.75940 1.48167 -0.68794 -0.53285 -0.28095 -0.22752 -0.38692 -0.26747 -0.25630 -0.56630 4
1.31652 -0.67475 -0.68794 0.79945 0.57556 1.20696 1.04561 0.95121 1.24898 0.83453 4
1.31652 -0.67475 -0.68794 0.88272 0.82748 1.20696 0.71119 0.60430 1.42232 0.33167 4
-0.75940 -0.67475 1.45328 -1.11574 -0.98631 -0.94476 -1.07413 -1.09643 -1.06367 -0.88957 4
1.31652 -0.67475 -0.68794 -0.19978 0.02135 0.25064 -0.34002 -0.35081 -0.39770 -0.13528 4
-0.75940 1.48167 -0.68794 -0.40795 -0.58325 -0.58614 -0.76825 -0.84639 -0.80823 -0.60222 4
-0.75940 1.48167 -0.68794 0.17493 0.07173 0.25064 -0.19422 -0.35982 -0.16050 -0.14605 4
-0.75940 1.48167 -0.68794 0.71618 0.67633 0.01156 0.62044 0.75748 0.50091 0.79861 4
-0.75940 -0.67475 1.45328 -0.44959 -0.63363 -0.58614 -0.69382 -0.71574 -0.66226 -0.52320 4
-0.75940 1.48167 -0.68794 0.50801 0.67633 1.08742 0.26460 0.24839 -0.17419 0.65494 4
-0.75940 1.48167 -0.68794 -0.19978 -0.33133 -0.58614 -0.47767 -0.78557 -0.29735 -0.35079 4
1.31652 -0.67475 -0.68794 -1.74025 -1.59091 -1.18384 -1.27601 -1.34197 -1.30999 -1.14460 4
1.31652 -0.67475 -0.68794 -1.24064 -1.08708 -0.94476 -1.18731 -1.15050 -1.21420 -1.11945 4
-0.75940 1.48167 -0.68794 1.29906 1.53284 1.32650 1.93470 2.25998 1.29004 1.26556 4
-0.75940 1.48167 -0.68794 0.59127 0.42441 0.25064 0.58170 1.02329 0.36406 0.08024 4
1.31652 -0.67475 -0.68794 0.71618 0.62595 0.25064 0.68060 0.92643 0.70617 0.50049 4
-0.75940 1.48167 -0.68794 1.13252 0.97863 1.08742 1.42592 1.48958 1.11214 1.45234 4
-0.75940 1.48167 -0.68794 1.59050 1.18016 1.08742 1.49118 1.37921 1.84653 1.19372 4
1.31652 -0.67475 -0.68794 1.04925 0.92824 0.37018 0.76115 0.92643 1.21249 0.39632 4
-0.75940 1.48167 -0.68794 1.54887 1.53284 0.96788 1.67879 1.69232 1.82829 1.53495 4
-0.75940 1.48167 -0.68794 2.13175 2.23820 1.80466 3.72818 5.08478 2.90023 2.49398 4
-0.75940 -0.67475 1.45328 0.34147 0.32365 0.84834 0.09127 0.24613 0.26827 -0.20711 4
-0.75940 1.48167 -0.68794 0.84108 0.97863 0.84834 0.65511 0.84759 0.68793 0.47175 4
1.31652 -0.67475 -0.68794 1.00762 1.02901 0.48972 0.72342 0.88588 0.52827 0.76269 4
-0.75940 1.48167 -0.68794 1.04925 0.97863 0.60926 0.67550 0.53672 0.85214 0.79143 4
-0.75940 1.48167 -0.68794 1.04925 1.83514 1.92420 1.69918 1.85000 1.80092 1.40923 4
1.31652 -0.67475 -0.68794 1.04925 1.18016 0.84834 1.44326 1.47382 1.62302 1.19372 4
1.31652 -0.67475 -0.68794 0.88272 0.72671 0.25064 0.90185 1.35668 0.56477 0.51126 4
1.31652 -0.67475 -0.68794 1.21579 1.38169 1.44604 1.78176 2.13384 1.76443 1.22964 4
1.31652 -0.67475 -0.68794 1.88194 1.43207 0.96788 2.17023 2.62491 1.97425 1.48107 4
-0.75940 1.48167 -0.68794 0.67454 0.97863 0.96788 1.23424 1.66304 0.76091 1.38050 4
1.31652 -0.67475 -0.68794 0.96598 1.18016 1.08742 1.79094 1.81847 2.18864 1.47030 4
-0.75940 1.48167 -0.68794 1.17416 0.97863 0.48972 0.94365 1.22377 1.02091 0.58310 4
1.31652 -0.67475 -0.68794 1.34069 1.12978 0.25064 1.11087 1.61798 1.02547 0.58310 4
-0.75940 1.48167 -0.68794 1.34069 1.58322 0.84834 1.65024 1.88379 1.77355 1.43079 4
-0.75940 1.48167 -0.68794 1.50723 1.38169 0.72880 1.53196 1.28009 2.51707 0.18799 4
1.31652 -0.67475 -0.68794 1.54887 1.68399 1.80466 2.40678 2.83891 2.43496 1.89055 4
-0.75940 1.48167 -0.68794 1.71540 1.53284 1.20696 2.27117 1.98066 3.09181 2.34672 4
-0.75940 1.48167 -0.68794 1.88194 1.58322 1.80466 2.26200 1.86577 2.75426 2.41496 4
1.31652 -0.67475 -0.68794 0.63291 0.87786 0.84834 0.96201 1.17196 0.94337 0.64416 4
-0.75940 1.48167 -0.68794 0.71618 0.67633 0.25064 0.58068 0.72144 0.70161 0.44302 4
1.31652 -0.67475 -0.68794 0.84108 0.82748 1.08742 0.69385 0.75748 0.66512 0.75551 4
1.31652 -0.67475 -0.68794 1.04925 1.18016 1.20696 1.59824 1.88154 1.71425 1.13266 4
-0.75940 -0.67475 1.45328 -0.86593 -0.83516 -0.94476 -0.93954 -0.86441 -1.07736 -0.90035 4
-0.75940 -0.67475 1.45328 -0.15815 -0.02903 -0.22752 -0.46849 -0.60761 -0.57560 -0.09936 4
-0.75940 1.48167 -0.68794 0.34147 0.37403 -0.34706 0.00358 -0.20664 -0.01910 -0.06344 4
1.31652 -0.67475 -0.68794 0.34147 0.47480 0.37018 0.21770 0.27767 0.02195 0.15207 4
-0.75940 -0.67475 1.45328 0.42474 0.42441 -0.10798 -0.00865 -0.09852 0.28196 0.00122 4
1.31652 -0.67475 -0.68794 0.75781 0.62595 0.13110 0.40735 0.37904 0.92968 0.33167 4
-0.75940 1.48167 -0.68794 0.84108 1.12978 0.96788 1.07110 0.56375 1.55460 0.97821 4
-0.75940 1.48167 -0.68794 0.96598 0.77709 1.08742 1.20467 1.41525 1.51355 0.62261 4
1.31652 -0.67475 -0.68794 1.13252 1.02901 0.84834 0.79377 0.65836 1.11670 0.94229 4
-0.75940 1.48167 -0.68794 1.88194 1.43207 1.32650 2.04686 2.12032 1.69144 1.44515 4
1.31652 -0.67475 -0.68794 0.17493 0.32365 0.01156 0.02194 -0.01517 0.09038 -0.00238 4
-0.75940 1.48167 -0.68794 0.50801 0.77709 0.25064 0.51033 0.24839 0.28196 0.84172 4
1.31652 -0.67475 -0.68794 1.34069 1.43207 1.44604 1.92451 2.04373 1.88303 1.80434 4
-0.75940 1.48167 -0.68794 -0.74103 -0.58325 -0.46660 -0.75500 -0.75403 -0.73525 -0.78182 4
1.31652 -0.67475 -0.68794 0.46637 0.62595 0.60926 0.20037 -0.17060 0.16336 0.54718 4
-0.75940 -0.67475 1.45328 -1.40718 -1.28861 -0.94476 -1.22605 -1.19780 -1.23245 -1.10509 4
1.31652 -0.67475 -0.68794 1.09089 1.83514 1.44604 1.46161 1.32740 1.78723 1.26556 4
-0.75940 1.48167 -0.68794 -0.69939 -0.63363 -0.82522 -0.81617 -0.87568 -0.89034 -0.76745 4
1.31652 -0.67475 -0.68794 -1.78189 -1.74205 -1.90108 -1.44527 -1.43207 -1.34648 -1.42836 4
-0.75940 -0.67475 1.45328 -0.03324 -0.28095 0.01156 -0.61939 -0.81936 -0.59840 -0.38671 4
-0.75940 1.48167 -0.68794 -0.40795 -0.28095 0.13110 -0.52763 -0.86666 -0.57104 -0.37234 4
1.31652 -0.67475 -0.68794 0.88272 0.97863 0.25064 0.99463 1.23053 0.60126 0.94229 4
1.31652 -0.67475 -0.68794 1.29906 1.23054 0.96788 1.42796 1.82072 1.19425 1.17576 4
1.31652 -0.67475 -0.68794 -0.36632 -0.33133 -0.46660 -0.48786 -0.47696 -0.47981 -0.48010 4
1.31652 -0.67475 -0.68794 0.96598 0.97863 0.37018 0.74789 0.88813 0.27739 0.76988 4
-0.75940 1.48167 -0.68794 1.09089 1.07939 0.37018 0.97934 0.74171 1.50899 1.05005 4
1.31652 -0.67475 -0.68794 1.17416 1.07939 1.20696 1.65126 2.12483 1.61390 0.94947 4
1.31652 -0.67475 -0.68794 1.79867 1.88552 1.20696 3.04811 3.55975 3.01883 1.91210 4
-0.75940 -0.67475 1.45328 0.71618 0.17250 0.37018 0.44813 0.66512 0.13599 0.25265 4
1.31652 -0.67475 -0.68794 0.92435 1.12978 0.84834 0.94467 1.08411 0.80652 0.92074 4
1.31652 -0.67475 -0.68794 0.96598 0.97863 0.96788 0.95487 1.03906 1.20337 0.89200 4
1.31652 -0.67475 -0.68794 1.59050 1.43207 0.84834 2.03157 2.60689 1.82373 1.44515 4
-0.75940 1.48167 -0.68794 0.92435 1.18016 0.96788 1.10271 1.23729 1.25354 0.89200 4
-0.75940 -0.67475 1.45328 0.21656 0.37403 0.13110 -0.09328 -0.24719 -0.21524 0.18799 4
1.31652 -0.67475 -0.68794 0.88272 1.07939 0.84834 0.74789 0.59754 0.60582 0.94229 4
-0.75940 1.48167 -0.68794 0.92435 0.97863 0.60926 0.86107 0.98049 0.42336 1.03209 4
-0.75940 1.48167 -0.68794 1.92358 1.68399 1.44604 2.53729 2.94703 2.59917 1.73250 4
1.31652 -0.67475 -0.68794 0.59127 0.47480 0.13110 0.23096 0.31822 0.01283 0.27420 4
1.31652 -0.67475 -0.68794 1.00762 0.92824 0.96788 1.28930 1.07735 0.56477 1.43797 4
1.31652 -0.67475 -0.68794 1.25743 0.97863 0.48972 1.43408 1.71485 1.60934 1.02490 4
1.31652 -0.67475 -0.68794 -0.19978 -0.23057 -0.10798 -0.56637 -0.60761 -0.99525 -0.23585 4
-0.75940 1.48167 -0.68794 -0.24141 -0.23057 -0.10798 -0.33900 -0.26521 -0.15594 -0.38671 4
1.31652 -0.67475 -0.68794 -0.49122 -0.48248 -0.34706 -0.79986 -0.85765 -0.66683 -0.67406 4
-0.75940 1.48167 -0.68794 1.13252 1.18016 1.20696 1.71549 1.32064 2.79988 1.80434 4
-0.75940 -0.67475 1.45328 -0.65776 -0.63363 -0.22752 -0.85900 -1.00408 -1.05911 -0.42263 4
1.31652 -0.67475 -0.68794 0.84108 0.77709 0.72880 1.24036 1.01878 1.02547 1.69658 4
-0.75940 1.48167 -0.68794 0.75781 0.82748 1.20696 0.62350 0.49618 0.69705 0.78425 4
-0.75940 1.48167 -0.68794 0.96598 0.92824 0.60926 0.68264 0.87687 0.53284 0.58310 4
-0.75940 1.48167 -0.68794 1.46560 1.53284 0.84834 1.69612 2.25773 1.34021 1.14343 4
-0.75940 -0.67475 1.45328 0.46637 0.62595 0.25064 0.15958 0.38129 0.04476 0.04073 4
-0.75940 -0.67475 1.45328 0.05003 -0.12980 -0.34706 -0.41853 -0.27873 -0.66226 -0.31487 4
-0.75940 1.48167 -0.68794 0.50801 0.12212 0.37018 0.41856 0.34975 0.38231 0.58310 4
1.31652 -0.67475 -0.68794 0.67454 0.82748 0.60926 0.60311 0.59754 0.37775 0.83812 4
-0.75940 1.48167 -0.68794 1.21579 1.02901 0.37018 0.91613 0.90615 1.13039 0.85608 4
1.31652 -0.67475 -0.68794 1.54887 1.48246 0.84834 2.67391 3.99225 1.75074 1.40205 4
-0.75940 1.48167 -0.68794 1.67377 1.53284 1.08742 1.96427 2.31405 1.70057 1.40923 4
1.31652 -0.67475 -0.68794 0.84108 0.62595 0.72880 0.68875 0.45563 0.69249 1.11829 4
1.31652 -0.67475 -0.68794 1.29906 1.33131 1.32650 1.94490 0.88813 1.30372 1.36254 4
1.31652 -0.67475 -0.68794 1.29906 1.12978 0.84834 1.45651 1.77116 1.55460 0.97102 4
1.31652 -0.67475 -0.68794 0.88272 0.72671 1.08742 0.77746 0.76874 0.68336 0.59747 4
-0.75940 1.48167 -0.68794 1.21579 1.12978 1.32650 1.99384 1.79594 1.75987 1.91569 4
1.31652 -0.67475 -0.68794 1.63214 1.38169 1.32650 1.87353 2.08203 1.84653 1.66426 4
-0.75940 1.48167 -0.68794 0.84108 0.82748 1.20696 1.77973 1.74413 2.09741 1.05364 4
1.31652 -0.67475 -0.68794 0.88272 0.77709 0.96788 0.84577 0.71243 1.16232 0.94229 4
-0.75940 -0.67475 1.45328 0.46637 0.17250 0.13110 0.00256 0.08845 -0.18331 0.13411 4
-0.75940 1.48167 -0.68794 0.63291 0.92824 0.72880 0.61432 0.36552 0.78828 0.69086 4
1.31652 -0.67475 -0.68794 0.88272 0.82748 0.37018 0.81620 0.79127 0.99810 0.69086 4
1.31652 -0.67475 -0.68794 1.21579 1.28092 1.20696 1.71345 1.74413 1.03003 1.93365 4
1.31652 -0.67475 -0.68794 1.21579 1.18016 1.44604 1.85925 1.17647 1.06196 3.00403 4
-0.75940 1.48167 -0.68794 0.50801 0.67633 0.60926 0.45731 0.44436 0.33213 0.43943 4
-0.75940 1.48167 -0.68794 0.34147 0.32365 0.48972 0.17590 -0.02418 0.11774 0.58310 4
1.31652 -0.67475 -0.68794 -0.19978 -0.02903 0.37018 -0.11571 -0.06022 -0.24717 0.04432 4
1.31652 -0.67475 -0.68794 -0.19978 -0.28095 0.37018 -0.47563 -0.65717 -0.17875 -0.27895 4
-0.75940 1.48167 -0.68794 -0.15815 -0.33133 0.96788 -0.53170 -0.57157 -0.28366 -0.49447 4
1.31652 -0.67475 -0.68794 0.88272 0.82748 0.96788 0.61432 0.44436 0.87494 0.54718 4
-0.75940 1.48167 -0.68794 0.71618 0.87786 1.08742 0.57048 0.05015 1.21249 0.65494 4
-0.75940 1.48167 -0.68794 0.46637 0.32365 0.96788 0.05151 0.03213 -0.15594 0.04432 4
-0.75940 1.48167 -0.68794 0.38310 0.42441 0.48972 0.29111 0.16729 0.67880 0.15207 4
-0.75940 -0.67475 1.45328 -0.32468 -0.53286 -0.22752 -0.50520 -0.51525 -0.44331 -0.50883 4
-0.75940 -0.67475 1.45328 -0.74103 -0.78478 -0.34706 -0.86205 -0.85991 -0.68507 -1.02606 4
1.31652 -0.67475 -0.68794 0.09166 0.12212 0.25064 -0.26355 -0.45894 -0.25173 0.00840 4
-0.75940 -0.67475 1.45328 0.67454 0.87786 0.13110 0.45935 0.04340 0.40968 0.87045 4
-0.75940 1.48167 -0.68794 -0.03324 -0.02903 -0.34706 -0.37775 -0.53102 -0.06471 -0.20711 4
1.31652 -0.67475 -0.68794 1.29906 1.28092 1.08742 1.58702 1.64502 1.28548 1.86181 4
1.31652 -0.67475 -0.68794 1.46560 1.68399 1.20696 2.94513 3.31421 2.16584 2.86754 4
-0.75940 1.48167 -0.68794 0.67454 0.62595 0.48972 0.51950 0.81605 0.37318 0.25983 4
1.31652 -0.67475 -0.68794 0.79945 0.87786 0.96788 0.87024 0.97824 0.66968 0.83453 4
-0.75940 1.48167 -0.68794 0.84108 0.72671 0.37018 0.76421 1.02329 0.53284 0.57232 4
1.31652 -0.67475 -0.68794 1.38233 1.18016 1.44604 1.94490 2.51002 1.38583 1.59601 4
-0.75940 -0.67475 1.45328 0.21656 0.12212 -0.10798 -0.02598 0.18081 -0.29279 -0.06344 4
-0.75940 -0.67475 1.45328 0.79945 0.77709 0.96788 0.66326 0.60430 0.68793 0.54718 4
1.31652 -0.67475 -0.68794 0.92435 0.92824 0.72880 1.23526 1.13367 1.17144 1.28711 4
-0.75940 1.48167 -0.68794 1.13252 1.28092 0.84834 1.40451 1.58419 1.20337 1.26556 4
1.31652 -0.67475 -0.68794 1.17416 1.12978 0.84834 1.10883 1.11114 1.27179 1.12188 4
1.31652 -0.67475 -0.68794 0.79945 0.77709 0.37018 0.40938 0.29569 0.46441 0.69086 5
1.31652 -0.67475 -0.68794 0.92435 1.18016 0.48972 0.74687 0.82956 0.59670 0.69086 5
1.31652 -0.67475 -0.68794 1.29906 1.33131 1.20696 1.61965 1.60897 1.58197 1.67144 5
1.31652 -0.67475 -0.68794 -0.15815 -0.12980 -0.10798 -0.48378 -0.32153 -0.44788 -0.38671 5
-0.75940 1.48167 -0.68794 0.96598 1.02901 1.44604 1.14554 1.12916 1.37670 1.22964 5
1.31652 -0.67475 -0.68794 0.42474 0.42441 1.08742 0.19629 -0.07824 0.14967 0.79861 5
1.31652 -0.67475 -0.68794 -0.44959 -0.38171 -0.10798 -0.57453 -0.61888 -0.43875 -0.49447 5
-0.75940 -0.67475 1.45328 0.29983 0.32365 0.72880 0.23605 -0.02193 0.33669 0.43943 5
-0.75940 1.48167 -0.68794 -0.99083 -0.83516 -0.70568 -0.96096 -0.96578 -0.98613 -0.92549 5
-0.75940 1.48167 -0.68794 0.54964 0.47480 0.60926 0.67754 0.09295 0.59213 0.29575 5
-0.75940 1.48167 -0.68794 -0.36632 -0.18018 -0.34706 -0.28190 -0.63239 -0.23349 -0.27895 5
-0.75940 1.48167 -0.68794 1.09089 1.38169 0.60926 1.61863 1.33415 1.08021 1.96957 5
1.31652 -0.67475 -0.68794 0.88272 0.97863 0.84834 0.79989 0.88137 0.65143 0.72678 5
-0.75940 1.48167 -0.68794 0.92435 1.02901 1.08742 0.93244 0.75072 1.04372 1.23323 5
-0.75940 1.48167 -0.68794 1.63214 1.58322 0.72880 1.59926 1.63826 1.32197 1.83667 5
-0.75940 1.48167 -0.68794 1.29906 0.97863 0.72880 1.04969 1.34091 1.06196 0.83453 5
-0.75940 1.48167 -0.68794 1.88194 2.08705 1.56558 2.92575 2.07977 2.21145 3.49971 5
1.31652 -0.67475 -0.68794 1.04925 1.02901 0.84834 0.99463 1.23954 0.72898 0.89919 5
1.31652 -0.67475 -0.68794 -0.94920 -0.83516 -0.46660 -0.92629 -0.90721 -0.90858 -0.81773 5
-0.75940 1.48167 -0.68794 1.09089 0.92824 0.01156 0.69691 0.81605 1.24898 0.33167 5
-0.75940 1.48167 -0.68794 -0.11651 -0.12980 -0.46660 -0.43076 -0.43867 -0.53454 -0.32924 5
-0.75940 1.48167 -0.68794 -0.36632 -0.28095 -0.10798 -0.65610 -0.75629 -0.40226 -0.60222 5
-0.75940 -0.67475 1.45328 -1.24064 -1.28861 -0.94476 -1.16691 -1.09418 -1.11385 -1.19488 5
-0.75940 -0.67475 1.45328 0.21656 0.07173 -0.10798 -0.03924 -0.27422 0.19073 0.29575 5
-0.75940 1.48167 -0.68794 -0.82430 -0.83516 -0.10798 -0.91100 -0.95902 -0.92683 -0.70998 5
-0.75940 1.48167 -0.68794 -0.36632 -0.28095 0.13110 -0.48684 -0.57382 -0.36121 -0.06344 5
-0.75940 1.48167 -0.68794 1.13252 0.92824 0.37018 1.11699 1.30262 0.97986 0.69086 5
-0.75940 1.48167 -0.68794 0.59127 0.42441 0.60926 0.51440 0.58853 0.65599 0.28857 5
-0.75940 1.48167 -0.68794 1.21579 1.18016 1.32650 1.10373 1.11340 1.04828 1.20809 5
-0.75940 -0.67475 1.45328 0.79945 0.72671 0.96788 0.61534 0.76199 0.77459 0.48253 5
-0.75940 1.48167 -0.68794 0.00839 0.02135 0.25064 -0.24622 -0.38460 -0.26998 0.08024 5
-0.75940 1.48167 -0.68794 0.42474 0.42441 -0.94476 0.20954 0.32272 0.37775 -0.02752 5
1.31652 -0.67475 -0.68794 -0.24141 -0.28095 -0.10798 -0.40629 -0.43416 -0.34752 -0.17120 5
1.31652 -0.67475 -0.68794 -1.07410 -1.28861 -1.42292 -1.14754 -1.17077 -1.04543 -1.06917 5
-0.75940 1.48167 -0.68794 1.50723 1.43207 1.44604 1.79604 1.23278 2.10654 1.80434 5
1.31652 -0.67475 -0.68794 0.84108 0.57556 0.01156 0.74687 0.55474 0.22266 1.15780 5
-0.75940 1.48167 -0.68794 0.42474 0.52518 1.20696 0.33699 0.14702 0.56477 0.72678 5
-0.75940 1.48167 -0.68794 0.46637 0.47480 0.72880 0.16060 0.06592 0.30020 0.33167 5
-0.75940 -0.67475 1.45328 -1.69862 -1.64129 -1.42292 -1.36676 -1.33296 -1.35104 -1.35652 5
1.31652 -0.67475 -0.68794 0.54964 0.62595 0.96788 0.60107 0.27542 0.91144 0.87045 5
1.31652 -0.67475 -0.68794 0.88272 1.07939 0.37018 0.87738 0.23037 0.14967 1.22964 5
-0.75940 1.48167 -0.68794 0.13330 0.27326 0.84834 0.12900 -0.16835 -0.06015 0.69086 5
1.31652 -0.67475 -0.68794 0.79945 0.67633 1.08742 1.01197 1.10438 1.31741 0.65494 5
1.31652 -0.67475 -0.68794 1.25743 1.18016 1.08742 1.54624 1.50535 1.41776 1.12188 5
1.31652 -0.67475 -0.68794 1.34069 1.12978 0.25064 1.04867 0.46914 1.01635 1.15780 5
1.31652 -0.67475 -0.68794 0.34147 0.27326 1.08742 0.31150 -0.13681 -0.40682 1.08596 5
-0.75940 -0.67475 1.45328 -0.07488 -0.07942 -0.46660 -0.34614 -0.40037 -0.01454 -0.49447 5
1.31652 -0.67475 -0.68794 -0.90756 -0.63363 -0.10798 -0.90182 -1.04237 -1.00893 -0.65251 5
1.31652 -0.67475 -0.68794 0.25820 0.47480 0.48972 0.46648 0.14927 0.43248 0.38914 5
1.31652 -0.67475 -0.68794 -0.15815 -0.07942 -0.34706 -0.11979 -0.38686 -0.19700 0.11616 5
1.31652 -0.67475 -0.68794 -0.15815 -0.28095 -0.22752 -0.35226 -0.59635 -0.01910 -0.13528 5
-0.75940 1.48167 -0.68794 0.46637 0.47480 0.60926 0.62758 0.04340 1.09389 0.25983 5
1.31652 -0.67475 -0.68794 0.79945 0.97863 1.08742 1.42491 1.48958 1.70969 0.79861 5
-0.75940 -0.67475 1.45328 -0.07488 0.12212 -0.10798 -0.24010 -0.10077 -0.33384 -0.24303 5
1.31652 -0.67475 -0.68794 1.25743 1.38169 1.08742 1.85314 2.32756 1.21249 1.65348 5
-0.75940 1.48167 -0.68794 1.63214 1.68399 0.72880 2.25282 2.49426 1.90127 1.94802 5
1.31652 -0.67475 -0.68794 0.42474 0.32365 0.48972 0.27072 0.55700 -0.13314 0.25983 5
-0.75940 1.48167 -0.68794 1.50723 1.38169 0.96788 1.44938 1.11790 1.70513 1.62116 5
1.31652 -0.67475 -0.68794 1.96521 1.98629 1.80466 2.74121 1.98967 2.83637 2.92501 5
1.31652 -0.67475 -0.68794 0.21656 0.22288 0.48972 0.20547 -0.19088 -0.06471 0.83453 5
-0.75940 1.48167 -0.68794 -0.07488 0.07173 -0.22752 -0.13202 -0.37559 0.14055 0.08024 5
-0.75940 1.48167 -0.68794 0.84108 1.18016 1.32650 1.06703 0.41058 0.58301 2.09169 5
1.31652 -0.67475 -0.68794 -0.24141 0.07173 0.60926 -0.16363 -0.42965 -0.42507 0.33167 5
-0.75940 1.48167 -0.68794 0.54964 0.57556 0.48972 0.55417 0.66062 0.65599 0.40351 5
1.31652 -0.67475 -0.68794 -0.07488 0.12212 0.01156 -0.12183 -0.49048 -0.24261 0.36759 5
-0.75940 1.48167 -0.68794 0.29983 0.22288 -0.34706 -0.05351 -0.20890 -0.08296 0.17363 5
1.31652 -0.67475 -0.68794 0.25820 0.32365 -0.10798 0.15041 0.09521 0.27283 0.29575 5
-0.75940 1.48167 -0.68794 1.00762 1.18016 1.44604 1.26483 1.08862 0.69249 1.91210 5
1.31652 -0.67475 -0.68794 -1.44881 -1.54052 -1.30338 -1.25256 -1.16852 -1.22332 -1.28468 5
1.31652 -0.67475 -0.68794 0.13330 0.07173 -0.22752 -0.00865 -0.39361 0.41424 0.00840 5
-0.75940 1.48167 -0.68794 1.38233 1.38169 1.56558 2.25180 1.91984 2.26619 1.86181 5
-0.75940 1.48167 -0.68794 1.46560 1.68399 1.56558 1.97549 1.66754 1.94232 1.99471 5
-0.75940 1.48167 -0.68794 1.25743 1.43207 1.20696 1.47283 1.58194 1.71425 1.24401 5
1.31652 -0.67475 -0.68794 0.21656 0.12212 0.72880 0.03621 -0.10528 0.54652 0.04432 5
-0.75940 1.48167 -0.68794 0.96598 0.67633 1.20696 0.65715 0.34750 0.91600 1.01772 5
-0.75940 1.48167 -0.68794 0.25820 0.12212 0.01156 0.08005 -0.13231 0.56933 -0.20711 5
-0.75940 1.48167 -0.68794 1.42396 1.43207 0.48972 1.64718 1.50761 1.09389 1.44515 5
1.31652 -0.67475 -0.68794 0.21656 0.27326 0.48972 0.15754 -0.07824 0.35038 0.40351 5
-0.75940 1.48167 -0.68794 -0.40795 -0.33133 0.01156 -0.66833 -0.75403 -0.57560 -0.45855 5
-0.75940 1.48167 -0.68794 0.46637 0.67633 0.60926 0.42774 0.24613 0.72442 0.47534 5
-0.75940 1.48167 -0.68794 1.17416 1.63361 1.08742 1.41369 1.51887 1.11214 1.19372 5
1.31652 -0.67475 -0.68794 -0.07488 -0.07942 -0.34706 0.25746 -0.08275 0.66512 0.15207 5
1.31652 -0.67475 -0.68794 1.79867 1.28092 1.08742 1.67471 1.68782 2.46233 0.69086 5
1.31652 -0.67475 -0.68794 -0.57449 -0.63363 0.25064 -0.50825 -0.85991 -0.50718 -0.17120 5
1.31652 -0.67475 -0.68794 1.54887 1.43207 1.44604 2.19368 2.35459 2.36654 1.87618 5
1.31652 -0.67475 -0.68794 0.96598 0.92824 0.84834 0.90593 0.66287 1.02091 1.19372 5
1.31652 -0.67475 -0.68794 1.04925 1.18016 1.56558 1.22099 1.48958 1.14407 1.41283 5
-0.75940 -0.67475 1.45328 -0.36632 -0.18018 0.25064 -0.41037 -0.37559 -0.42507 -0.38671 5
-0.75940 1.48167 -0.68794 -0.40795 -0.07942 -0.58614 -0.58676 -0.78106 -0.71244 -0.20711 5
-0.75940 1.48167 -0.68794 0.00839 0.07173 0.25064 -0.23092 -0.55805 -0.08752 0.22391 5
-0.75940 1.48167 -0.68794 0.05003 0.17250 -0.22752 -0.22786 -0.66618 -0.13314 0.11616 5
1.31652 -0.67475 -0.68794 1.50723 1.53284 1.92420 2.34968 2.06400 1.16688 3.74396 5
1.31652 -0.67475 -0.68794 1.42396 1.43207 1.80466 2.29972 1.59095 3.28795 2.52272 5
-0.75940 1.48167 -0.68794 1.21579 1.33131 0.60926 1.37189 0.71468 1.61846 1.91210 5
-0.75940 -0.67475 1.45328 0.00839 -0.02903 0.25064 -0.06881 -0.23368 0.22266 0.11616 5
1.31652 -0.67475 -0.68794 -0.40795 -0.23057 0.13110 -0.43076 -0.56031 -0.66226 -0.17120 5
1.31652 -0.67475 -0.68794 0.05003 0.32365 1.56558 0.01276 -0.17736 0.33669 0.04432 5
-0.75940 1.48167 -0.68794 1.34069 1.33131 1.80466 1.78176 1.37245 1.68688 1.68581 5
-0.75940 1.48167 -0.68794 2.42319 2.43973 2.64144 2.90842 2.39289 2.18408 4.01335 5
1.31652 -0.67475 -0.68794 1.00762 0.92824 1.20696 1.49016 1.71935 1.74162 1.04645 5
-0.75940 1.48167 -0.68794 0.46637 0.42441 2.28282 0.49401 -0.26747 0.23178 1.12188 5
-0.75940 1.48167 -0.68794 0.42474 0.77709 0.60926 0.43182 0.26866 0.76091 0.43943 5
-0.75940 1.48167 -0.68794 -0.03324 0.02135 0.72880 0.08515 0.06367 0.35038 0.08024 5
-0.75940 1.48167 -0.68794 -0.19978 0.32365 0.37018 -0.17688 -0.70673 0.18160 -0.19634 5
-0.75940 1.48167 -0.68794 0.13330 0.07173 0.84834 0.14021 -0.38010 0.55108 0.25983 5
1.31652 -0.67475 -0.68794 1.71540 1.78475 2.04374 2.85846 3.96522 2.20233 2.32876 5
-0.75940 1.48167 -0.68794 0.00839 -0.02903 -0.58614 -0.22175 -0.22016 0.09950 -0.27895 5
-0.75940 1.48167 -0.68794 0.96598 0.97863 1.20696 0.82946 0.37904 1.18512 0.90637 5
1.31652 -0.67475 -0.68794 1.42396 1.23054 0.25064 1.32193 1.25306 1.11214 1.37332 5
-0.75940 1.48167 -0.68794 1.09089 1.02901 0.48972 0.53683 0.16504 0.92968 0.94229 5
1.31652 -0.67475 -0.68794 0.54964 0.42441 -0.46660 -0.16363 -0.11203 -0.44788 -0.13528 5
-0.75940 -0.67475 1.45328 -0.44959 -0.07942 0.48972 -0.64998 -0.89144 -0.98157 -0.29332 5
1.31652 -0.67475 -0.68794 0.75781 0.87786 1.44604 0.96914 0.99175 1.19425 0.94947 5
-0.75940 1.48167 -0.68794 0.84108 0.77709 -0.10798 0.96609 1.12916 0.79284 0.87404 5
-0.75940 1.48167 -0.68794 0.88272 0.67633 0.84834 1.21181 0.25289 1.44056 1.80434 5
1.31652 -0.67475 -0.68794 1.96521 1.68399 1.20696 2.03972 1.55041 1.87390 2.30721 5
1.31652 -0.67475 -0.68794 0.21656 0.27326 0.13110 0.02907 -0.14132 0.09950 0.11616 5
-0.75940 1.48167 -0.68794 0.09166 0.07173 1.08742 0.02602 -0.20439 -0.20156 0.43943 5
1.31652 -0.67475 -0.68794 0.71618 0.67633 0.60926 0.58578 0.30921 0.36406 0.54718 5
-0.75940 1.48167 -0.68794 0.34147 0.42441 1.32650 0.35637 0.21009 0.63775 0.33167 5
1.31652 -0.67475 -0.68794 0.34147 0.57556 0.84834 0.33903 0.13575 0.02195 0.94229 5
1.31652 -0.67475 -0.68794 0.54964 0.92824 0.60926 0.56232 0.43761 0.56477 0.72678 5
-0.75940 1.48167 -0.68794 -0.19978 -0.33133 0.01156 -0.45829 -0.52877 -0.35665 -0.42981 5
1.31652 -0.67475 -0.68794 -0.86593 -0.83516 -0.58614 -1.10166 -1.16852 -1.12753 -0.90035 5
-0.75940 1.48167 -0.68794 -0.03324 -0.07942 -0.46660 -0.36143 -0.44317 0.19073 -0.53038 5
1.31652 -0.67475 -0.68794 -0.15815 -0.23057 0.13110 -0.30841 -0.55580 -0.01454 -0.27895 5
1.31652 -0.67475 -0.68794 0.21656 0.07173 0.84834 0.43487 -0.13456 0.47354 0.37118 5
1.31652 -0.67475 -0.68794 -0.07488 -0.02903 0.13110 -0.27273 -0.65041 -0.15594 -0.03470 5
-0.75940 1.48167 -0.68794 0.59127 0.72671 1.44604 0.29825 -0.00616 0.20897 0.72678 5
1.31652 -0.67475 -0.68794 1.00762 0.87786 1.08742 1.35557 0.75297 0.89319 1.55291 5
-0.75940 1.48167 -0.68794 0.29983 0.27326 1.08742 0.56538 0.28218 0.57389 0.65494 5
-0.75940 1.48167 -0.68794 0.71618 0.72671 0.84834 0.48687 0.14251 0.32301 1.30148 5
-0.75940 -0.67475 1.45328 -0.36632 -0.18018 0.13110 -0.50214 -0.57608 -0.54367 0.11616 5
1.31652 -0.67475 -0.68794 1.04925 1.38169 0.48972 0.84373 0.57502 1.05284 1.73250 5
-0.75940 -0.67475 1.45328 -0.03324 0.07173 0.48972 -0.47665 -0.67069 -0.35209 0.15207 5
1.31652 -0.67475 -0.68794 -0.28305 -0.18018 -0.10798 -0.48276 -0.52877 -0.77174 -0.39748 5
1.31652 -0.67475 -0.68794 0.67454 0.82748 0.37018 0.66123 0.64710 0.63775 0.40351 5
-0.75940 -0.67475 1.45328 -0.36632 -0.28095 -0.34706 -0.62347 -0.67069 -0.69419 -0.45855 5
1.31652 -0.67475 -0.68794 0.92435 0.72671 1.20696 1.30153 1.00527 1.11670 1.30148 5
-0.75940 1.48167 -0.68794 -0.49122 -0.18018 0.01156 -0.55719 -0.65942 -0.66683 -0.17120 5
-0.75940 1.48167 -0.68794 -0.36632 -0.38171 -0.22752 -0.48990 -0.50399 -0.27454 -0.56989 5
1.31652 -0.67475 -0.68794 -0.65776 -0.63363 0.01156 -0.71931 -0.69321 -0.72156 -0.93627 5
-0.75940 -0.67475 1.45328 -0.03324 -0.02903 0.01156 -0.31045 -0.32829 -0.31559 -0.24303 5
-0.75940 1.48167 -0.68794 0.17493 0.17250 -0.34706 -0.12387 -0.29450 -0.28366 0.15207 5
-0.75940 1.48167 -0.68794 0.13330 0.67633 0.37018 0.79173 0.77100 1.15775 0.72678 5
-0.75940 1.48167 -0.68794 1.04925 1.38169 2.16328 1.88270 0.90615 0.99354 4.13907 5
1.31652 -0.67475 -0.68794 0.54964 0.42441 1.08742 0.92632 0.51194 0.87038 1.33740 5
1.31652 -0.67475 -0.68794 0.34147 0.47480 1.08742 0.19935 -0.02418 -0.21068 0.97821 5
1.31652 -0.67475 -0.68794 1.67377 1.58322 1.80466 2.16615 1.52337 2.66303 2.45088 5
-0.75940 -0.67475 1.45328 -0.61612 -0.58325 0.01156 -0.72339 -0.67294 -0.65314 -0.79978 5
-0.75940 1.48167 -0.68794 0.75781 1.07939 0.72880 0.63472 0.32047 0.40055 1.30148 5
-0.75940 1.48167 -0.68794 0.21656 0.32365 0.37018 0.23911 -0.20890 0.01739 0.69086 5
-0.75940 1.48167 -0.68794 1.00762 1.12978 1.68512 1.47792 1.15620 1.68688 1.68940 5
-0.75940 1.48167 -0.68794 0.38310 0.57556 0.96788 0.34821 0.20559 0.87951 0.40351 5
-0.75940 1.48167 -0.68794 1.63214 1.88552 2.04374 2.32521 2.00544 2.21145 3.02558 5
-0.75940 1.48167 -0.68794 -0.57449 -0.58325 -0.34706 -0.77539 -0.90496 -0.71700 -0.75667 5
1.31652 -0.67475 -0.68794 -0.07488 -0.07942 0.01156 -0.18810 -0.28774 0.03108 -0.38671 5
1.31652 -0.67475 -0.68794 -0.40795 -0.43210 0.01156 -0.43076 -0.70898 -0.32928 -0.35079 5
1.31652 -0.67475 -0.68794 0.59127 0.72671 0.60926 0.88350 0.55925 0.93424 1.22964 5
1.31652 -0.67475 -0.68794 0.34147 0.17250 0.48972 0.23197 -0.04446 0.34582 0.25983 5
-0.75940 1.48167 -0.68794 1.38233 1.53284 1.80466 1.81541 1.44453 1.08021 1.66067 5
-0.75940 1.48167 -0.68794 0.84108 0.77709 1.20696 0.70507 0.35651 0.45529 1.30148 5
-0.75940 1.48167 -0.68794 0.38310 0.32365 0.01156 0.25441 0.08620 0.18617 0.47534 5
-0.75940 1.48167 -0.68794 -0.03324 -0.02903 0.01156 -0.02292 -0.35982 0.02195 0.15207 5
-0.75940 1.48167 -0.68794 1.13252 1.12978 1.44604 1.72773 1.41299 2.73602 1.51699 5
-0.75940 1.48167 -0.68794 0.05003 0.17250 0.72880 0.24523 -0.04896 0.53740 0.28138 5
1.31652 -0.67475 -0.68794 0.88272 1.02901 2.16328 1.44836 0.91967 0.92056 2.37904 5
1.31652 -0.67475 -0.68794 0.59127 0.67633 0.72880 0.54601 0.26866 0.44161 0.79861 5
1.31652 -0.67475 -0.68794 0.50801 0.47480 -0.34706 0.40429 0.14251 0.28652 0.08024 5
1.31652 -0.67475 -0.68794 -0.03324 0.17250 0.37018 -0.11265 -0.28098 -0.52542 0.11616 5
-0.75940 -0.67475 1.45328 0.54964 0.57556 1.32650 0.52970 0.04114 0.05844 0.97821 5
-0.75940 -0.67475 1.45328 0.71618 0.52518 0.72880 0.91613 0.22811 0.69705 0.94229 5
-0.75940 1.48167 -0.68794 0.75781 0.92824 0.60926 0.70915 0.57952 0.57845 0.76269 5
-0.75940 -0.67475 1.45328 0.46637 0.82748 1.32650 0.99463 0.77100 0.66968 1.22964 5
-0.75940 1.48167 -0.68794 1.84031 1.78475 1.20696 2.31909 2.18114 2.33917 2.49039 5
1.31652 -0.67475 -0.68794 1.46560 1.23054 1.20696 0.99871 0.84984 0.47810 1.30148 5
1.31652 -0.67475 -0.68794 0.38310 0.67633 1.32650 0.40938 0.46914 0.09038 0.47534 5
-0.75940 1.48167 -0.68794 0.17493 -0.02903 0.84834 0.30844 -0.45443 0.24090 1.01413 5
1.31652 -0.67475 -0.68794 0.96598 0.97863 0.60926 1.25361 1.14944 1.12126 1.08596 5
-0.75940 1.48167 -0.68794 1.29906 1.43207 0.84834 1.97651 2.05274 1.93320 1.55291 5
1.31652 -0.67475 -0.68794 0.59127 0.47480 1.32650 1.02318 0.45112 1.30372 0.76269 5
-0.75940 1.48167 -0.68794 1.00762 1.18016 1.20696 1.29440 1.36118 1.48618 1.40923 5
-0.75940 1.48167 -0.68794 0.54964 0.42441 0.48972 0.14531 -0.00616 -0.22437 0.54718 5
-0.75940 -0.67475 1.45328 -0.61612 -0.53286 -0.46660 -0.84982 -1.10319 -1.04086 -0.56630 5
-0.75940 1.48167 -0.68794 0.05003 0.02135 0.60926 -0.03516 -0.53778 -0.10577 0.00840 5
-0.75940 1.48167 -0.68794 0.46637 0.32365 0.84834 0.49809 0.18531 0.49178 0.69086 5
1.31652 -0.67475 -0.68794 1.00762 1.07939 1.08742 1.28828 1.00977 1.23074 1.22964 5
-0.75940 1.48167 -0.68794 0.05003 0.07173 0.25064 -0.10449 -0.55130 -0.35665 0.65494 5
1.31652 -0.67475 -0.68794 1.46560 1.73437 1.56558 2.65352 1.72160 2.82268 2.45088 5
-0.75940 1.48167 -0.68794 1.25743 1.38169 1.32650 1.84702 1.46481 1.72337 2.63047 5
-0.75940 1.48167 -0.68794 0.38310 0.42441 0.72880 0.54907 0.24613 0.05844 1.19372 5
-0.75940 1.48167 -0.68794 0.50801 0.62595 0.72880 0.55111 0.17180 0.47354 0.85608 5
1.31652 -0.67475 -0.68794 0.96598 1.02901 0.84834 1.09965 0.70116 0.77915 2.37904 5
1.31652 -0.67475 -0.68794 1.25743 1.48246 1.44604 1.24342 0.83632 0.78372 1.62475 5
-0.75940 1.48167 -0.68794 1.29906 1.43207 1.44604 1.56459 0.74622 2.07004 2.48680 5
-0.75940 1.48167 -0.68794 0.79945 0.62595 1.44604 0.80907 0.09746 0.81565 1.40923 5
-0.75940 1.48167 -0.68794 0.21656 0.07173 -0.10798 -0.10959 -0.25846 -0.01454 0.15207 5
-0.75940 1.48167 -0.68794 2.29829 2.23820 1.32650 3.46104 2.58436 3.73497 2.73823 5
1.31652 -0.67475 -0.68794 0.71618 0.82748 0.25064 0.55927 0.29569 0.19985 0.87045 5
1.31652 -0.67475 -0.68794 1.17416 1.28092 2.04374 2.76262 1.77567 1.91952 4.64193 5
