-0.75940 -0.67475 1.45328 -3.73871 -3.55584 -3.09647 -1.68589 -1.61454 -1.64298 -1.70493 1
-0.75940 -0.67475 1.45328 -3.11419 -3.10239 -2.73785 -1.65938 -1.59877 -1.61105 -1.67979 1
-0.75940 -0.67475 1.45328 -3.28073 -3.10239 -2.61831 -1.66346 -1.59877 -1.62017 -1.68697 1
1.31652 -0.67475 -0.68794 -3.07256 -3.00163 -2.37924 -1.65836 -1.58976 -1.62017 -1.67979 1
-0.75940 -0.67475 1.45328 -3.19746 -3.05201 -2.49877 -1.66142 -1.59426 -1.62473 -1.68697 1
-0.75940 -0.67475 1.45328 -2.57294 -2.59857 -2.02062 -1.60636 -1.55146 -1.56543 -1.62591 1
-0.75940 -0.67475 1.45328 -2.32314 -2.19550 -1.90108 -1.51460 -1.42982 -1.51982 -1.53611 1
-0.75940 -0.67475 1.45328 -2.32314 -2.14512 -1.90108 -1.49625 -1.41856 -1.42403 -1.52893 1
-0.75940 -0.67475 1.45328 -3.07256 -3.05201 -2.14016 -1.65428 -1.59652 -1.61561 -1.67979 1
-0.75940 -0.67475 1.45328 -2.86438 -2.85048 -2.49877 -1.63593 -1.57624 -1.59736 -1.65464 1
-0.75940 -0.67475 1.45328 -2.23987 -2.29627 -2.02062 -1.52072 -1.47938 -1.45140 -1.57203 1
-0.75940 -0.67475 1.45328 -2.44804 -2.44742 -1.90108 -1.58495 -1.53344 -1.51526 -1.45709 1
-0.75940 -0.67475 1.45328 -2.65621 -2.59857 -1.78154 -1.60840 -1.52894 -1.54719 -1.62232 1
-0.75940 -0.67475 1.45328 -2.48967 -2.39703 -1.66200 -1.57475 -1.51092 -1.52894 -1.60077 1
-0.75940 -0.67475 1.45328 -2.07333 -2.14512 -1.66200 -1.51154 -1.46361 -1.44683 -1.53252 1
-0.75940 -0.67475 1.45328 -2.53131 -2.49780 -2.14016 -1.59005 -1.52218 -1.55631 -1.60795 1
1.31652 -0.67475 -0.68794 -2.98929 -2.85048 -2.37924 -1.64001 -1.57624 -1.60648 -1.65824 1
-0.75940 -0.67475 1.45328 -2.28150 -2.29627 -1.78154 -1.52581 -1.46361 -1.47876 -1.56125 1
-0.75940 -0.67475 1.45328 -2.90602 -2.85048 -2.37924 -1.63287 -1.57624 -1.57455 -1.65105 1
-0.75940 -0.67475 1.45328 -2.11496 -2.09474 -1.66200 -1.48605 -1.46586 -1.42403 -1.46427 1
-0.75940 -0.67475 1.45328 -2.15660 -2.04435 -1.66200 -1.47483 -1.44334 -1.27350 -1.46427 1
-0.75940 -0.67475 1.45328 -1.86516 -1.89320 -1.42292 -1.44323 -1.40504 -1.26438 -1.46427 1
-0.75940 1.48167 -0.68794 -1.36554 -1.38937 -1.18384 -1.30558 -1.23835 -1.29631 -1.32060 1
1.31652 -0.67475 -0.68794 -2.69785 -2.69933 -2.02062 -1.61860 -1.55372 -1.57455 -1.64387 1
-0.75940 -0.67475 1.45328 -2.57294 -2.54818 -1.90108 -1.58291 -1.52443 -1.49701 -1.60795 1
-0.75940 -0.67475 1.45328 -1.90679 -1.79244 -1.42292 -1.35860 -1.32620 -1.19139 -1.43913 1
-0.75940 -0.67475 1.45328 -1.82352 -1.89320 -1.66200 -1.40244 -1.33972 -1.36473 -1.44991 1
-0.75940 -0.67475 1.45328 -2.03169 -1.99397 -1.30338 -1.47076 -1.43207 -1.42859 -1.47146 1
-0.75940 -0.67475 1.45328 -1.74025 -1.79244 -1.42292 -1.40958 -1.37351 -1.36473 -1.39603 1
-0.75940 -0.67475 1.45328 -0.94920 -0.88554 -1.06430 -1.09758 -0.98380 -1.07279 -1.19129 1
-0.75940 -0.67475 1.45328 -0.69939 -0.68401 -0.82522 -0.93751 -0.88018 -0.91771 -0.98655 1
-0.75940 -0.67475 1.45328 -1.44881 -1.49014 -1.54246 -1.32291 -1.21357 -1.42403 -1.32060 1
-0.75940 -0.67475 1.45328 -2.11496 -2.14512 -1.78154 -1.47279 -1.40504 -1.44227 -1.51097 1
-0.75940 -0.67475 1.45328 -2.03169 -1.94359 -1.42292 -1.42079 -1.29466 -1.44683 -1.47864 1
1.31652 -0.67475 -0.68794 -1.24064 -1.03669 -1.18384 -1.02825 -0.99056 -1.13209 -1.03325 1
-0.75940 1.48167 -0.68794 -1.28227 -1.33899 -1.30338 -1.19954 -1.15050 -1.15946 -1.21284 1
-0.75940 -0.67475 1.45328 -2.28150 -2.29627 -1.90108 -1.54111 -1.49290 -1.49245 -1.55407 1
-0.75940 -0.67475 1.45328 -2.28150 -2.24588 -1.78154 -1.54519 -1.49740 -1.47876 -1.55407 1
-0.75940 -0.67475 1.45328 -2.44804 -2.29627 -2.14016 -1.55946 -1.52218 -1.52438 -1.57203 1
1.31652 -0.67475 -0.68794 -2.07333 -2.09474 -1.42292 -1.48809 -1.45235 -1.42859 -1.50019 1
1.31652 -0.67475 -0.68794 -1.99006 -1.94359 -1.54246 -1.47381 -1.43207 -1.43771 -1.46427 1
-0.75940 -0.67475 1.45328 -2.23987 -2.19550 -1.66200 -1.52377 -1.49290 -1.50157 -1.49301 1
-0.75940 -0.67475 1.45328 -1.07410 -1.08708 -1.18384 -1.10778 -0.99506 -1.07736 -1.16256 1
-0.75940 -0.67475 1.45328 -1.65698 -1.64129 -1.66200 -1.36166 -1.27890 -1.41490 -1.39244 1
-0.75940 -0.67475 1.45328 -1.24064 -1.33899 -1.18384 -1.20464 -1.13473 -1.15034 -1.21284 1
-0.75940 -0.67475 1.45328 -1.61535 -1.54052 -1.06430 -1.33923 -1.32170 -1.41490 -1.28468 1
-0.75940 -0.67475 1.45328 -1.49045 -1.33899 -1.06430 -1.28315 -1.27890 -1.15946 -1.21284 1
-0.75940 -0.67475 1.45328 -2.19823 -2.09474 -1.66200 -1.50236 -1.45235 -1.46508 -1.50019 1
1.31652 -0.67475 -0.68794 -1.78189 -1.89320 -1.30338 -1.39225 -1.34422 -1.31455 -1.39244 1
-0.75940 -0.67475 1.45328 -1.57372 -1.59091 -1.42292 -1.31680 -1.28791 -1.28262 -1.30264 1
-0.75940 -0.67475 1.45328 -1.15737 -1.18784 -1.06430 -1.05374 -0.97479 -1.06823 -1.09790 1
-0.75940 -0.67475 1.45328 -0.94920 -0.83516 -0.94476 -0.88653 -0.68195 -1.04999 -0.95423 1
-0.75940 -0.67475 1.45328 -1.74025 -1.74205 -1.54246 -1.38715 -1.35549 -1.30543 -1.41040 1
-0.75940 -0.67475 1.45328 -0.90756 -0.78478 -1.18384 -0.95688 -0.85315 -0.90858 -1.06917 1
-0.75940 -0.67475 1.45328 -0.82430 -0.68401 -0.94476 -0.91100 -0.88018 -0.77174 -0.99733 1
-0.75940 -0.67475 1.45328 -0.82430 -0.93593 -0.94476 -0.92119 -0.87793 -0.99069 -0.96141 1
-0.75940 -0.67475 1.45328 -0.69939 -0.63363 -0.22752 -0.77335 -0.67744 -0.88578 -0.75308 1
-0.75940 1.48167 -0.68794 -0.65776 -0.73439 -0.70568 -0.80190 -0.70673 -0.64858 -0.85725 1
-0.75940 -0.67475 1.45328 -2.07333 -2.14512 -1.78154 -1.47381 -1.37576 -1.46508 -1.51456 1
-0.75940 -0.67475 1.45328 -1.74025 -1.74205 -2.02062 -1.38205 -1.32620 -1.40122 -1.43554 1
-0.75940 -0.67475 1.45328 -1.69862 -1.84282 -1.30338 -1.40142 -1.31494 -1.37841 -1.42476 1
-0.75940 -0.67475 1.45328 -1.24064 -1.33899 -0.94476 -1.21586 -1.09418 -1.26438 -1.24876 1
-0.75940 -0.67475 1.45328 -0.74103 -0.78478 -0.70568 -0.84778 -0.69321 -0.77174 -1.02606 1
-0.75940 -0.67475 1.45328 -1.24064 -1.33899 -1.18384 -1.24542 -1.20005 -1.27806 -1.17333 1
-0.75940 -0.67475 1.45328 -1.19901 -1.33899 -0.70568 -1.16793 -1.12346 -1.15946 -1.17333 1
-0.75940 -0.67475 1.45328 -1.03247 -1.18784 -0.70568 -1.01907 -0.77205 -1.23245 -1.12304 1
-0.75940 -0.67475 1.45328 -0.99083 -1.08708 -0.82522 -1.07005 -0.96353 -1.09104 -1.13741 1
-0.75940 -0.67475 1.45328 -0.82430 -0.68401 -0.82522 -0.89672 -0.71123 -0.82192 -1.08353 1
-0.75940 -0.67475 1.45328 -0.44959 -0.58325 -0.34706 -0.81006 -0.76304 -0.58472 -0.87161 1
-0.75940 -0.67475 1.45328 -0.44959 -0.53286 -0.46660 -0.93852 -1.05138 -0.88578 -0.73512 1
1.31652 -0.67475 -0.68794 -0.32468 -0.38171 -0.22752 -0.61735 -0.49949 -0.68963 -0.59863 1
-0.75940 -0.67475 1.45328 -1.90679 -1.94359 -1.66200 -1.44323 -1.40730 -1.50613 -1.42476 1
-0.75940 -0.67475 1.45328 -1.86516 -1.79244 -1.30338 -1.45138 -1.39378 -1.48789 -1.41758 1
-0.75940 -0.67475 1.45328 -0.74103 -0.83516 -0.70568 -0.94158 -0.90045 -0.91771 -0.96141 1
-0.75940 -0.67475 1.45328 -1.24064 -1.64129 -0.94476 -0.88653 -0.87117 -0.81735 -0.90753 1
-0.75940 -0.67475 1.45328 -1.32391 -1.38937 -1.54246 -1.23829 -1.19104 -1.24157 -1.21284 1
-0.75940 -0.67475 1.45328 -0.90756 -0.98631 -1.18384 -1.11593 -1.05814 -1.08648 -1.10509 1
-0.75940 -0.67475 1.45328 0.21656 0.42441 -0.22752 -0.05045 -0.09852 -0.36577 -0.06344 1
-0.75940 -0.67475 1.45328 -2.03169 -1.99397 -1.54246 -1.44628 -1.38026 -1.40578 -1.50019 1
-0.75940 1.48167 -0.68794 -1.94843 -1.99397 -1.54246 -1.12919 -1.10995 -1.03174 -1.46427 1
1.31652 -0.67475 -0.68794 -1.57372 -1.74205 -1.30338 -1.37491 -1.32170 -1.33280 -1.39244 1
-0.75940 -0.67475 1.45328 -2.11496 -2.19550 -1.42292 -1.52479 -1.49965 -1.46964 -1.50019 1
1.31652 -0.67475 -0.68794 -2.19823 -2.19550 -1.54246 -1.49726 -1.41856 -1.46508 -1.50019 1
-0.75940 -0.67475 1.45328 -2.40640 -2.39703 -1.78154 -1.56252 -1.51542 -1.51982 -1.55766 1
-0.75940 -0.67475 1.45328 -1.19901 -1.23822 -1.30338 -1.20668 -1.10094 -1.27806 -1.21284 1
-0.75940 -0.67475 1.45328 -0.69939 -0.63363 -0.58614 -0.57861 -0.40713 -0.63490 -0.77822 1
-0.75940 -0.67475 1.45328 -0.69939 -0.83516 -0.94476 -0.84064 -0.78557 -0.85841 -0.92549 1
-0.75940 -0.67475 1.45328 -0.61612 -0.58325 -0.34706 -0.71625 -0.61212 -0.83560 -0.86802 1
-0.75940 -0.67475 1.45328 -0.53285 -0.63363 -0.58614 -0.83045 -0.76530 -0.71700 -0.91831 1
-0.75940 -0.67475 1.45328 -1.49045 -1.54052 -1.06430 -1.31680 -1.28115 -1.29631 -1.28468 1
-0.75940 -0.67475 1.45328 -1.78189 -1.79244 -1.66200 -1.43609 -1.39153 -1.40578 -1.44272 1
-0.75940 -0.67475 1.45328 -0.78266 -0.78478 -0.94476 -0.77437 -0.47471 -0.89490 -1.01888 1
-0.75940 -0.67475 1.45328 -1.24064 -1.49014 -1.42292 -1.26684 -1.21357 -1.26894 -1.21284 1
-0.75940 -0.67475 1.45328 -0.86593 -0.88554 -0.70568 -1.05986 -1.10094 -1.05911 -1.03684 1
-0.75940 -0.67475 1.45328 -0.69939 -0.68401 -0.46660 -0.67139 -0.28323 -0.78542 -0.86443 1
-0.75940 1.48167 -0.68794 -1.57372 -1.89320 -1.66200 -1.34331 -1.27664 -1.31455 -1.35652 1
-0.75940 1.48167 -0.68794 -0.44959 -0.48248 -0.70568 -0.67751 -0.55130 -0.48893 -0.78182 1
-0.75940 -0.67475 1.45328 -1.36554 -1.38937 -1.18384 -1.24338 -1.18203 -1.27806 -1.24876 1
-0.75940 -0.67475 1.45328 -1.28227 -1.28861 -1.18384 -1.16691 -1.05363 -1.05911 -1.25235 1
-0.75940 -0.67475 1.45328 -1.19901 -1.33899 -1.06430 -1.17915 -1.19330 -1.04999 -1.17692 1
-0.75940 -0.67475 1.45328 -0.78266 -0.73439 -0.82522 -0.91915 -0.77205 -0.93139 -1.06917 1
-0.75940 -0.67475 1.45328 -1.03247 -0.93593 -1.30338 -1.14448 -1.09643 -1.11385 -1.16615 1
-0.75940 -0.67475 1.45328 -1.36554 -1.43976 -1.54246 -1.32597 -1.26538 -1.32824 -1.32778 1
-0.75940 -0.67475 1.45328 -1.03247 -0.93593 -1.18384 -1.01703 -0.93875 -1.02718 -1.14100 1
-0.75940 -0.67475 1.45328 -1.36554 -1.43976 -1.30338 -1.30354 -1.29241 -1.17771 -1.32060 1
-0.75940 -0.67475 1.45328 -1.82352 -1.79244 -1.54246 -1.39327 -1.35098 -1.36929 -1.35652 1
-0.75940 -0.67475 1.45328 -1.19901 -1.33899 -1.06430 -1.19546 -1.14149 -1.20508 -0.20711 1
1.31652 -0.67475 -0.68794 -1.15737 -1.08708 -0.58614 -0.98950 -0.87793 -0.87209 -0.97937 1
-0.75940 -0.67475 1.45328 -2.40640 -2.29627 -1.90108 -1.57170 -1.51993 -1.51526 -1.58640 1
-0.75940 -0.67475 1.45328 -1.24064 -1.18784 -1.06430 -1.10370 -1.06490 -1.09560 -1.14100 1
-0.75940 -0.67475 1.45328 -1.15737 -1.23822 -1.18384 -1.18425 -1.19780 -1.04543 -1.21284 1
-0.75940 1.48167 -0.68794 0.50801 0.42441 -0.34706 0.09229 -0.02193 0.24546 -0.09936 1
-0.75940 -0.67475 1.45328 -1.74025 -1.79244 -3.33555 -1.41672 -1.35999 -1.38753 0.80221 1
-0.75940 -0.67475 1.45328 -1.28227 -1.33899 -1.42292 -1.21586 -1.20005 -1.13666 -1.19847 1
-0.75940 -0.67475 1.45328 -2.03169 -1.94359 -1.66200 -1.43711 -1.33521 -1.45140 -1.50019 1
-0.75940 -0.67475 1.45328 -1.44881 -1.59091 -1.54246 -1.34432 -1.24285 -1.32367 -1.42117 1
-0.75940 -0.67475 1.45328 -1.11574 -1.13746 -1.06430 -1.27601 -1.22483 -1.23701 -1.17692 1
1.31652 -0.67475 -0.68794 -0.99083 -0.98631 -0.94476 -0.90488 -0.83963 -0.81279 -0.92549 1
1.31652 -0.67475 -0.68794 -0.61612 -0.63363 -0.82522 -0.85084 -0.80810 -0.62121 -0.74590 1
-0.75940 1.48167 -0.68794 -1.65698 -1.49014 -1.18384 -1.29946 -1.23610 -1.31911 -1.27031 1
-0.75940 -0.67475 1.45328 -2.15660 -2.09474 -1.78154 -1.49115 -1.43883 -1.46052 -1.51456 1
-0.75940 -0.67475 1.45328 -1.36554 -1.49014 -1.18384 -1.32597 -1.32845 -1.30999 -1.17692 1
-0.75940 -0.67475 1.45328 -0.99083 -1.08708 -0.46660 -1.02927 -1.04913 -1.00893 -0.92549 1
1.31652 -0.67475 -0.68794 -1.78189 -1.84282 -1.42292 -1.41570 -1.37576 -1.42859 -1.35652 1
-0.75940 -0.67475 1.45328 -1.65698 -1.59091 -1.42292 -1.33107 -1.35098 -1.32367 -1.26313 1
-0.75940 -0.67475 1.45328 -2.03169 -2.04435 -2.02062 -1.45852 -1.41631 -1.39666 -1.47505 1
-0.75940 -0.67475 1.45328 -1.15737 -1.08708 -0.94476 -1.09962 -1.07165 -1.07279 -1.06917 1
-0.75940 -0.67475 1.45328 -1.57372 -1.59091 -1.54246 -1.31782 -1.30142 -1.24613 -1.32060 1
-0.75940 -0.67475 1.45328 -1.57372 -1.59091 -1.54246 -1.31068 -1.19330 -1.30087 -1.39603 1
-0.75940 -0.67475 1.45328 -0.61612 -0.73439 -0.82522 -0.77845 -0.56707 -0.25173 -0.86084 1
-0.75940 -0.67475 1.45328 -0.57449 -0.53286 -0.34706 -0.60410 -0.60536 -0.49805 -0.66328 1
-0.75940 -0.67475 1.45328 -0.49122 -0.63363 -0.70568 -0.78966 -0.82837 -0.82192 -0.85365 1
1.31652 -0.67475 -0.68794 -0.07488 -0.18018 0.37018 -0.23704 0.04565 -0.39770 -0.60222 1
1.31652 -0.67475 -0.68794 0.38310 0.52518 0.72880 0.15245 0.21685 0.11774 -0.17838 1
-0.75940 -0.67475 1.45328 -0.99083 -1.08708 -0.70568 -1.03743 -0.84414 -1.24613 -1.04762 1
-0.75940 -0.67475 1.45328 -0.94920 -1.08708 -0.94476 -1.11492 -1.05363 -1.12753 -1.08713 1
1.31652 -0.67475 -0.68794 -0.78266 -0.73439 -0.46660 -0.88041 -0.72475 -0.85841 -0.97219 1
-0.75940 -0.67475 1.45328 -0.65776 -0.63363 -0.82522 -0.85594 -0.86441 -0.72156 -0.87520 1
1.31652 -0.67475 -0.68794 -0.44959 -0.48248 -0.82522 -0.58065 -0.40262 -0.37489 -0.78900 1
-0.75940 -0.67475 1.45328 -0.40795 -0.58325 -0.94476 -0.76315 -0.64365 -0.63490 -0.88957 1
-0.75940 1.48167 -0.68794 -0.15815 -0.18018 -0.34706 -0.57963 -0.51075 -0.27910 -0.70639 1
-0.75940 1.48167 -0.68794 -0.03324 0.52518 0.25064 0.38797 0.73721 0.16336 0.10897 1
-0.75940 -0.67475 1.45328 -1.61535 -1.59091 -1.06430 -1.26480 -1.15951 -1.28718 -1.34215 1
-0.75940 -0.67475 1.45328 -1.57372 -1.64129 -1.18384 -1.27907 -1.18654 -1.27806 -1.37089 1
-0.75940 -0.67475 1.45328 -1.28227 -1.18784 -1.18384 -1.19139 -1.21807 -1.04999 -1.17692 1
-0.75940 -0.67475 1.45328 -1.24064 -1.38937 -1.30338 -1.24542 -1.19330 -1.29174 -1.21284 1
-0.75940 -0.67475 1.45328 -1.11574 -1.08708 -1.06430 -1.02417 -0.86892 -1.12297 -1.07635 1
-0.75940 -0.67475 1.45328 -1.24064 -1.28861 -1.30338 -1.04660 -0.77656 -1.22788 -1.23439 1
-0.75940 -0.67475 1.45328 -0.57449 -0.73439 -0.10798 -0.66833 -0.38460 -0.73981 -0.95063 1
-0.75940 1.48167 -0.68794 -0.40795 -0.43210 -0.58614 -0.53578 -0.35307 -0.58016 -0.75667 1
-0.75940 1.48167 -0.68794 -0.24141 -0.28095 -0.46660 -0.52151 -0.42290 -0.47524 -0.68124 1
-0.75940 -0.67475 1.45328 -1.36554 -1.43976 -1.54246 -1.31374 -1.24511 -1.31455 -1.32060 1
-0.75940 -0.67475 1.45328 -1.24064 -1.28861 -1.42292 -1.24848 -1.19780 -0.80367 -1.21284 1
-0.75940 -0.67475 1.45328 -1.11574 -1.08708 -1.18384 -1.17609 -1.13923 -1.16402 -1.14100 1
-0.75940 -0.67475 1.45328 -0.32468 -0.33133 -0.22752 -0.46135 -0.29675 -0.47524 -0.56630 1
-0.75940 -0.67475 1.45328 -0.03324 -0.18018 -0.22752 -0.55923 -0.55805 -0.64858 -0.35438 1
-0.75940 -0.67475 1.45328 -1.78189 -1.94359 -1.54246 -1.42997 -1.36450 -1.39666 -1.45709 1
-0.75940 -0.67475 1.45328 -1.44881 -1.43976 -1.42292 -1.28213 -1.21357 -1.26438 -1.28468 1
-0.75940 -0.67475 1.45328 -0.74103 -0.73439 -0.94476 -1.02825 -1.01083 -0.93139 -1.01170 1
-0.75940 -0.67475 1.45328 -0.49122 -0.38171 -0.70568 -0.78253 -0.88243 -0.77174 -0.52320 1
-0.75940 -0.67475 1.45328 -0.03324 -0.28095 -0.58614 -0.33492 -0.13907 -0.09664 -0.69202 1
-0.75940 -0.67475 1.45328 -1.65698 -1.59091 -1.66200 -1.33413 -1.22483 -1.32367 -1.42836 1
-0.75940 1.48167 -0.68794 -0.40795 -0.28095 0.01156 -0.28496 -0.19313 -0.44788 -0.31128 1
-0.75940 -0.67475 1.45328 -1.61535 -1.49014 -1.42292 -1.30252 -1.27439 -1.29631 -1.24876 1
-0.75940 -0.67475 1.45328 -1.40718 -1.28861 -0.70568 -1.23421 -1.25186 -1.16859 -1.14100 1
-0.75940 -0.67475 1.45328 -2.07333 -2.09474 -1.54246 -1.51460 -1.48163 -1.47420 -1.50019 1
1.31652 -0.67475 -0.68794 -1.28227 -1.28861 -1.06430 -1.23625 -1.25637 -1.18227 -1.17692 1
-0.75940 -0.67475 1.45328 -1.24064 -1.08708 -1.54246 -1.39632 -1.35323 -1.37385 -1.39962 1
-0.75940 -0.67475 1.45328 -0.90756 -0.83516 -0.94476 -1.00990 -0.96803 -0.99525 -1.03325 1
-0.75940 1.48167 -0.68794 -0.57449 -0.58325 -0.46660 -0.76111 -0.74277 -0.69419 -0.72794 1
1.31652 -0.67475 -0.68794 0.54964 0.57556 0.01156 0.44303 0.49618 0.75179 0.17363 1
-0.75940 -0.67475 1.45328 -0.69939 -0.68401 -0.94476 -0.86002 -0.67744 -0.97700 -0.97578 1
1.31652 -0.67475 -0.68794 0.17493 0.12212 -0.46660 -0.08614 0.19658 0.04020 -0.49447 1
1.31652 -0.67475 -0.68794 0.75781 0.42441 0.25064 0.75299 1.56617 0.26371 0.08383 1
-0.75940 -0.67475 1.45328 -1.24064 -1.33899 -1.06430 -1.22197 -1.19104 -1.15034 -1.24158 1
-0.75940 -0.67475 1.45328 -1.03247 -1.03669 -0.94476 -0.99358 -0.82612 -1.07736 -1.09431 1
-0.75940 -0.67475 1.45328 -0.99083 -1.03669 -0.94476 -1.13735 -1.18429 -1.09104 -1.06198 1
-0.75940 -0.67475 1.45328 -0.61612 -0.73439 -1.06430 -0.97523 -0.89144 -1.07736 -0.86443 1
-0.75940 -0.67475 1.45328 -1.61535 -1.84282 -1.54246 -1.30864 -1.19330 -1.28718 -1.41040 1
-0.75940 -0.67475 1.45328 -0.61612 -0.73439 -0.82522 -0.95178 -0.90946 -0.92227 -0.92908 1
-0.75940 -0.67475 1.45328 -0.57449 -0.58325 -0.82522 -0.78355 -0.65942 -0.67139 -0.91472 1
-0.75940 -0.67475 1.45328 -1.24064 -1.28861 -1.30338 -1.25256 -1.23384 -1.20508 -1.19847 1
-0.75940 -0.67475 1.45328 -0.74103 -0.73439 -0.82522 -0.96911 -0.91622 -1.19139 -0.90035 1
-0.75940 -0.67475 1.45328 -0.07488 -0.23057 -0.34706 -0.52355 -0.55130 -0.33840 -0.53038 1
-0.75940 -0.67475 1.45328 -1.19901 -1.18784 -1.30338 -1.22401 -1.22258 -1.22332 -1.17692 1
-0.75940 1.48167 -0.68794 -1.28227 -1.13746 -0.94476 -1.14244 -1.09418 -1.13666 -1.11586 1
-0.75940 -0.67475 1.45328 -1.78189 -1.74205 -1.54246 -1.38103 -1.36675 -1.36017 -1.35652 1
-0.75940 -0.67475 1.45328 -0.78266 -0.88554 -0.94476 -0.90386 -0.75403 -0.96788 -0.99733 1
-0.75940 -0.67475 1.45328 -0.32468 -0.38171 -0.94476 -0.64386 -0.63239 -0.66683 -0.78182 1
-0.75940 -0.67475 1.45328 -1.36554 -1.59091 -0.58614 -0.74174 -0.67294 -0.68507 -0.79618 1
-0.75940 1.48167 -0.68794 -0.32468 -0.43210 0.25064 0.17488 0.24839 0.16792 0.24546 1
-0.75940 -0.67475 1.45328 -0.78266 -0.78478 -1.06430 -1.03743 -1.08742 -1.05455 -0.83210 1
-0.75940 -0.67475 1.45328 -0.94920 -0.78478 -0.82522 -1.00684 -0.93199 -0.97244 -0.92549 1
1.31652 -0.67475 -0.68794 -0.32468 -0.23057 -0.82522 -0.55618 -0.28549 -0.69876 -0.76026 1
-0.75940 -0.67475 1.45328 -0.90756 -0.78478 -0.94476 -0.89366 -0.75178 -0.95876 -0.97937 1
-0.75940 -0.67475 1.45328 -0.61612 -0.58325 -0.10798 -0.68261 -0.62563 -0.78542 -0.70639 1
-0.75940 -0.67475 1.45328 -0.74103 -0.73439 -0.70568 -1.00888 -1.00858 -0.94051 -1.02247 1
1.31652 -0.67475 -0.68794 -0.11651 -0.02903 -0.34706 -0.27782 -0.14582 -0.23349 -0.41904 1
-0.75940 -0.67475 1.45328 -0.94920 -1.03669 -0.94476 -1.15060 -1.16852 -1.04999 -1.10509 1
-0.75940 -0.67475 1.45328 -0.36632 -0.73439 -0.34706 -0.62143 -0.51075 -0.64858 -0.67406 1
-0.75940 -0.67475 1.45328 -1.11574 -1.18784 -0.94476 -1.10982 -1.05363 -1.06823 -1.13382 2
-0.75940 -0.67475 1.45328 -0.99083 -1.08708 -1.30338 -1.07107 -0.94325 -1.18683 -1.08353 2
-0.75940 -0.67475 1.45328 -0.82430 -1.08708 -1.06430 -0.97319 -0.98380 -0.94051 -0.85365 2
-0.75940 1.48167 -0.68794 -0.61612 -0.53286 -0.82522 -0.62449 -0.55130 -0.58472 -0.67406 2
-0.75940 -0.67475 1.45328 -0.03324 0.02135 -0.46660 -0.47665 -0.54454 -0.63490 -0.35079 2
1.31652 -0.67475 -0.68794 -0.44959 -0.23057 -0.10798 -0.48786 -0.37334 -0.55279 -0.49447 2
1.31652 -0.67475 -0.68794 -0.44959 -0.33133 -0.22752 -0.62347 -0.65492 -0.44331 -0.67406 2
-0.75940 -0.67475 1.45328 -1.86516 -1.79244 -1.42292 -1.42997 -1.42306 -1.40578 -1.42836 2
1.31652 -0.67475 -0.68794 -1.36554 -1.13746 -0.82522 -1.19852 -1.22934 -1.16402 -1.03325 2
-0.75940 1.48167 -0.68794 -1.19901 -1.03669 -1.06430 -1.11593 -1.05363 -1.16859 -1.06917 2
1.31652 -0.67475 -0.68794 -1.40718 -1.43976 -1.18384 -1.34738 -1.39378 -1.27350 -1.26313 2
1.31652 -0.67475 -0.68794 0.00839 -0.12980 -0.22752 -0.13304 -0.09852 -0.34752 -0.09936 2
-0.75940 1.48167 -0.68794 -0.44959 -0.43210 -0.46660 -0.50316 -0.31252 -0.80823 -0.66688 2
1.31652 -0.67475 -0.68794 -0.28305 -0.23057 -0.34706 -0.36653 -0.17736 -0.51630 -0.49806 2
-0.75940 1.48167 -0.68794 0.05003 0.17250 0.25064 0.04233 -0.14132 0.46898 -0.26458 2
-0.75940 1.48167 -0.68794 0.09166 -0.07942 -0.10798 -0.01477 0.15378 0.14055 -0.24303 2
1.31652 -0.67475 -0.68794 0.09166 0.22288 0.01156 -0.22888 -0.33279 -0.19243 -0.16760 2
-0.75940 1.48167 -0.68794 0.34147 -0.07942 -0.22752 -0.26763 -0.23368 -0.12857 -0.42263 2
-0.75940 1.48167 -0.68794 0.54964 0.47480 0.13110 0.47770 0.70342 0.58301 0.08024 2
-0.75940 1.48167 -0.68794 0.75781 0.72671 0.48972 0.86413 1.01653 0.71986 0.65494 2
1.31652 -0.67475 -0.68794 0.88272 0.72671 0.25064 0.71323 0.71693 0.61494 0.60824 2
-0.75940 -0.67475 1.45328 -0.65776 -0.73439 -0.70568 -0.85186 -0.72475 -0.79455 -0.93268 2
-0.75940 1.48167 -0.68794 0.21656 0.07173 -0.10798 -0.02904 0.30470 0.04476 -0.45855 2
1.31652 -0.67475 -0.68794 0.29983 0.37403 0.48972 0.13817 0.27317 0.33669 -0.12450 2
-0.75940 -0.67475 1.45328 0.38310 0.32365 0.25064 -0.15037 -0.07599 -0.18787 -0.10654 2
-0.75940 1.48167 -0.68794 0.79945 0.72671 0.48972 0.57864 0.91967 0.58301 0.30293 2
1.31652 -0.67475 -0.68794 0.88272 0.62595 0.37018 0.61942 1.03455 0.27739 0.34604 2
-0.75940 1.48167 -0.68794 -0.57449 -0.43210 -0.58614 -0.81209 -0.79008 -0.66226 -0.82133 2
-0.75940 -0.67475 1.45328 -0.57449 -0.78478 -0.94476 -0.93139 -0.00616 -0.94051 -0.92549 2
-0.75940 1.48167 -0.68794 -0.53285 -0.43210 -0.34706 -0.71421 -0.69096 -0.69419 -0.70279 2
-0.75940 -0.67475 1.45328 -0.40795 -0.53286 -0.94476 -0.66323 -0.47696 -0.81735 -0.70998 2
-0.75940 -0.67475 1.45328 -0.36632 -0.53286 -0.58614 -0.72645 -0.68871 -0.62577 -0.76745 2
-0.75940 -0.67475 1.45328 -0.15815 -0.12980 -0.82522 -0.56637 -0.50174 -0.70788 -0.48728 2
-0.75940 -0.67475 1.45328 0.17493 0.27326 -0.10798 -0.11673 0.05691 -0.29735 -0.08499 2
1.31652 -0.67475 -0.68794 0.34147 0.37403 0.25064 -0.06677 0.01862 0.03108 -0.14246 2
1.31652 -0.67475 -0.68794 -0.69939 -0.88554 -0.46660 -0.75908 -0.52201 -0.80823 -0.97937 2
1.31652 -0.67475 -0.68794 0.50801 0.47480 0.25064 0.15754 0.22586 0.45073 -0.03830 2
-0.75940 1.48167 -0.68794 0.54964 0.52518 0.13110 0.32986 0.42184 0.36406 0.25983 2
1.31652 -0.67475 -0.68794 1.04925 0.77709 0.01156 0.70609 0.52095 0.57389 -0.17120 2
-0.75940 -0.67475 1.45328 -0.61612 -0.68401 -1.06430 -1.02825 -0.99506 -1.06367 -0.96141 2
-0.75940 -0.67475 1.45328 -0.36632 -0.38171 -0.46660 -0.59696 -0.48822 -0.60753 -0.63814 2
-0.75940 -0.67475 1.45328 -0.28305 -0.33133 -0.58614 -0.74888 -0.69997 -0.78542 -0.68843 2
-0.75940 -0.67475 1.45328 -0.19978 -0.18018 -0.46660 -0.47563 -0.51300 -0.30647 -0.47291 2
-0.75940 -0.67475 1.45328 -0.07488 -0.18018 -0.34706 -0.52661 -0.54679 -0.49349 -0.38671 2
-0.75940 -0.67475 1.45328 0.21656 0.07173 0.13110 -0.09634 0.06142 -0.18787 -0.12450 2
-0.75940 -0.67475 1.45328 0.21656 0.17250 0.25064 -0.12692 -0.09176 -0.04191 -0.20711 2
-0.75940 -0.67475 1.45328 0.29983 0.32365 -0.22752 -0.21461 -0.04671 -0.28823 -0.27895 2
1.31652 -0.67475 -0.68794 0.42474 0.47480 0.60926 0.07802 0.07719 -0.00085 0.20954 2
1.31652 -0.67475 -0.68794 0.67454 0.67633 0.13110 0.11268 0.10872 0.09038 0.22391 2
-0.75940 1.48167 -0.68794 0.67454 0.72671 0.01156 0.33088 0.51420 0.49178 0.00840 2
1.31652 -0.67475 -0.68794 0.05003 0.02135 0.01156 -0.15139 -0.04446 -0.08296 -0.20352 2
-0.75940 1.48167 -0.68794 0.09166 0.17250 -0.10798 -0.11775 0.07719 0.00827 -0.42622 2
-0.75940 -0.67475 1.45328 0.50801 0.42441 0.25064 0.12798 0.17180 0.20897 0.10179 2
-0.75940 -0.67475 1.45328 0.00839 -0.02903 0.13110 -0.26967 -0.24719 -0.24717 -0.20711 2
1.31652 -0.67475 -0.68794 0.25820 0.27326 0.01156 -0.16159 -0.08275 -0.14682 -0.17838 2
1.31652 -0.67475 -0.68794 0.71618 0.72671 0.01156 0.41244 0.35201 0.73810 0.22391 2
-0.75940 1.48167 -0.68794 0.71618 0.52518 0.37018 0.26154 0.29794 0.15424 0.18799 2
-0.75940 -0.67475 1.45328 -0.78266 -0.88554 -0.70568 -0.94056 -0.86441 -0.71700 -0.96141 2
-0.75940 1.48167 -0.68794 -0.57449 -0.53286 23.68045 -0.47869 -0.12330 -0.58928 -0.75667 2
1.31652 -0.67475 -0.68794 -0.53285 -0.63363 -0.46660 -0.68362 -0.52201 -0.57560 -0.76745 2
1.31652 -0.67475 -0.68794 -0.32468 -0.18018 -0.10798 -0.43178 -0.49273 -0.42051 -0.54116 2
-0.75940 1.48167 -0.68794 0.09166 0.12212 -0.22752 -0.26457 -0.21115 -0.21980 -0.25381 2
-0.75940 1.48167 -0.68794 0.71618 0.22288 0.01156 0.16366 0.35426 0.17704 -0.13528 2
-0.75940 1.48167 -0.68794 -0.69939 -0.78478 -0.58614 -0.87327 -0.97479 -0.61665 -0.85365 2
1.31652 -0.67475 -0.68794 -0.90756 -0.98631 -1.18384 -1.02825 -1.03111 -0.97700 -0.88957 2
1.31652 -0.67475 -0.68794 -0.86593 -0.68401 -0.58614 -0.83045 -0.83062 -0.79911 -0.74590 2
-0.75940 -0.67475 1.45328 -0.53285 -0.73439 -0.70568 -0.78457 -0.60536 -0.96788 -0.92549 2
-0.75940 1.48167 -0.68794 -0.53285 -0.48248 -0.58614 -0.72033 -0.67069 -0.68963 -0.56630 2
1.31652 -0.67475 -0.68794 -0.78266 -0.73439 -0.58614 -0.86205 -0.87117 -0.79455 -0.74590 2
-0.75940 -0.67475 1.45328 -0.40795 -0.53286 -0.82522 -0.73562 -0.71349 -0.63033 -0.85365 2
1.31652 -0.67475 -0.68794 -0.36632 -0.38171 -0.94476 -0.64284 -0.52427 -0.72156 -0.74590 2
1.31652 -0.67475 -0.68794 0.00839 0.17250 -0.34706 -0.03414 0.19883 -0.09208 -0.31487 2
-0.75940 1.48167 -0.68794 0.05003 -0.02903 0.25064 0.12288 0.20784 0.42792 -0.17120 2
-0.75940 1.48167 -0.68794 0.63291 0.52518 0.13110 0.21158 0.17630 0.40055 0.06587 2
-0.75940 -0.67475 1.45328 -0.11651 -0.12980 0.37018 -0.58982 -0.50850 -0.65770 -0.51602 2
-0.75940 1.48167 -0.68794 0.59127 0.57556 0.25064 0.55417 0.82055 -0.13314 0.18799 2
-0.75940 -0.67475 1.45328 -0.53285 -0.58325 -0.94476 -0.72951 -0.48372 -0.94507 -0.83210 2
-0.75940 -0.67475 1.45328 -0.53285 -0.63363 -0.82522 -0.84370 -0.77656 -0.85385 -0.92549 2
-0.75940 -0.67475 1.45328 -0.11651 -0.23057 0.13110 -0.12692 0.17630 -0.37033 -0.41904 2
-0.75940 -0.67475 1.45328 -0.07488 -0.18018 -0.70568 -0.60716 -0.53102 -0.75349 -0.55553 2
-0.75940 -0.67475 1.45328 -0.24141 -0.33133 -0.46660 -0.43790 -0.33279 -0.40226 -0.55912 2
1.31652 -0.67475 -0.68794 -0.03324 0.57556 0.25064 0.24829 0.43535 0.16792 0.11616 2
-0.75940 -0.67475 1.45328 0.05003 -0.28095 -0.34706 -0.43382 -0.30351 -0.61665 -0.38671 2
1.31652 -0.67475 -0.68794 0.59127 0.77709 0.25064 0.51950 0.77100 0.45985 0.26701 2
-0.75940 -0.67475 1.45328 0.59127 0.22288 0.60926 0.31762 0.41959 0.24090 0.24187 2
-0.75940 -0.67475 1.45328 -1.24064 -1.23822 -1.18384 -1.20668 -1.14149 -1.28718 -1.14100 2
-0.75940 -0.67475 1.45328 -1.11574 -1.28861 -1.18384 -1.25154 -1.23835 -1.33736 -1.14819 2
-0.75940 -0.67475 1.45328 -0.53285 -0.38171 -0.70568 -0.88143 -0.95001 -0.86753 -0.67047 2
-0.75940 -0.67475 1.45328 -0.24141 -0.33133 -0.58614 -0.65610 -0.53328 -0.70788 -0.63814 2
-0.75940 -0.67475 1.45328 -0.19978 -0.28095 -0.10798 -0.61225 -0.60085 -0.52542 -0.21430 2
1.31652 -0.67475 -0.68794 0.09166 0.02135 -0.46660 -0.29618 -0.21115 -0.13770 -0.57349 2
1.31652 -0.67475 -0.68794 0.29983 0.12212 0.25064 0.09535 0.36327 0.14511 -0.05266 2
-0.75940 1.48167 -0.68794 -0.11651 -0.23057 -0.10798 -0.40120 -0.34856 -0.32472 -0.49447 2
-0.75940 -0.67475 1.45328 -1.90679 -1.94359 -1.54246 -1.45342 -1.45235 -1.37841 -1.42836 2
-0.75940 -0.67475 1.45328 -1.49045 -1.23822 -0.94476 -1.23625 -1.22934 -1.11841 -1.17692 2
-0.75940 -0.67475 1.45328 -0.57449 -0.33133 -0.34706 -0.60308 -0.56932 -0.68051 -0.38671 2
1.31652 -0.67475 -0.68794 -1.28227 -1.28861 -0.82522 -1.23319 -1.25186 -1.12297 -1.17692 2
1.31652 -0.67475 -0.68794 -0.36632 -0.38171 -0.22752 -0.37876 -0.04671 -0.59384 -0.74590 2
-0.75940 1.48167 -0.68794 -0.15815 -0.18018 -0.46660 -0.52253 -0.46795 -0.43875 -0.66688 2
1.31652 -0.67475 -0.68794 0.21656 0.32365 0.37018 0.17692 0.02312 0.13143 0.08024 2
-0.75940 1.48167 -0.68794 0.42474 0.52518 0.60926 0.48178 0.62683 0.30932 0.30653 2
-0.75940 1.48167 -0.68794 0.71618 0.62595 0.48972 0.50115 0.59980 0.50547 0.36759 2
-0.75940 -0.67475 1.45328 -0.61612 -0.68401 -0.82522 -0.79578 -0.67294 -0.80367 -0.85365 2
1.31652 -0.67475 -0.68794 0.21656 0.32365 0.48972 0.31864 0.47365 0.18617 0.22391 2
1.31652 -0.67475 -0.68794 0.29983 0.07173 -0.22752 -0.13712 0.04565 -0.09664 -0.31128 2
1.31652 -0.67475 -0.68794 0.63291 0.02135 0.13110 0.22484 0.39706 0.14055 0.20954 2
-0.75940 -0.67475 1.45328 -0.82430 -0.83516 -0.70568 -0.86409 -0.85540 -0.80823 -0.95063 2
-0.75940 -0.67475 1.45328 -0.74103 -0.68401 -0.46660 -0.88245 -0.81936 -0.90858 -0.81773 2
-0.75940 -0.67475 1.45328 -0.53285 -0.68401 -1.18384 -0.90692 -0.81035 -1.02718 -0.92549 2
-0.75940 -0.67475 1.45328 0.00839 -0.18018 -0.82522 -0.53374 -0.32378 -0.66683 -0.56630 2
1.31652 -0.67475 -0.68794 0.09166 0.07173 -0.10798 -0.09939 -0.19313 -0.10577 -0.01674 2
1.31652 -0.67475 -0.68794 0.63291 0.62595 0.25064 0.20241 0.28443 0.02195 0.25983 2
-0.75940 -0.67475 1.45328 -0.57449 -0.38171 -0.70568 -0.64182 -0.54454 -0.52086 -0.81055 2
-0.75940 -0.67475 1.45328 -0.44959 -0.63363 -0.46660 -0.93852 -0.93199 -1.08648 -0.81773 2
-0.75940 -0.67475 1.45328 -0.03324 0.07173 0.01156 -0.38794 -0.29224 -0.36577 -0.48728 2
-0.75940 -0.67475 1.45328 0.42474 0.32365 0.25064 0.31456 0.57051 0.31389 0.00122 2
1.31652 -0.67475 -0.68794 0.54964 0.57556 -0.10798 0.32782 0.28893 0.16792 0.29575 2
-0.75940 -0.67475 1.45328 -0.19978 -0.12980 0.13110 -0.08614 -0.12330 0.00827 0.04791 2
-0.75940 -0.67475 1.45328 -0.40795 -0.53286 -0.10798 -0.71625 -0.65267 -0.82648 -0.68483 2
-0.75940 -0.67475 1.45328 0.05003 -0.12980 -0.58614 -0.72135 -0.70673 -0.72612 -0.65251 2
-0.75940 1.48167 -0.68794 -0.61612 -0.43210 -0.58614 -0.48990 -0.18637 -0.54367 -0.76386 2
-0.75940 -0.67475 1.45328 -1.57372 -1.59091 -1.06430 -1.31272 -1.26087 -1.19595 -1.32060 2
-0.75940 1.48167 -0.68794 -0.44959 -0.58325 -0.58614 -0.69688 -0.73827 -0.48893 -0.60222 2
1.31652 -0.67475 -0.68794 0.71618 0.82748 0.48972 0.64695 1.07060 0.59670 0.18799 2
-0.75940 -0.67475 1.45328 0.13330 0.12212 0.01156 -0.18096 0.00060 -0.19700 -0.28973 2
-0.75940 1.48167 -0.68794 0.46637 0.52518 -0.10798 0.19833 0.19432 0.25003 0.25983 2
-0.75940 -0.67475 1.45328 -0.19978 -0.48248 -0.46660 -0.79476 -0.77431 -0.68507 -0.77822 2
-0.75940 -0.67475 1.45328 0.29983 0.12212 0.01156 0.01684 0.24613 0.30476 -0.27895 2
-0.75940 -0.67475 1.45328 -0.36632 -0.53286 -0.70568 -0.77335 -0.71349 -0.83560 -0.70998 2
1.31652 -0.67475 -0.68794 -1.15737 -1.54052 -0.94476 -1.04252 -1.00182 -1.02718 -1.05480 2
-0.75940 1.48167 -0.68794 -0.07488 -0.07942 -0.34706 -0.43586 -0.32829 -0.52542 -0.44777 2
1.31652 -0.67475 -0.68794 0.29983 0.22288 0.37018 0.07903 0.18306 -0.07840 -0.07062 2
1.31652 -0.67475 -0.68794 -0.44959 -0.38171 -0.46660 -0.50825 -0.29900 0.42336 -0.70998 2
1.31652 -0.67475 -0.68794 -0.15815 -0.02903 -0.70568 -0.41547 -0.24494 -0.18787 -0.45855 2
1.31652 -0.67475 -0.68794 -0.49122 -0.48248 -0.82522 -0.81107 -0.84414 -0.67139 -0.45855 2
1.31652 -0.67475 -0.68794 -1.24064 -1.23822 -1.06430 -1.17405 -1.18654 -1.12297 -1.05121 2
-0.75940 -0.67475 1.45328 -2.03169 -2.04435 -1.42292 -1.43099 -1.38477 -1.29174 -1.41399 2
-0.75940 1.48167 -0.68794 0.67454 0.92824 1.08742 0.59087 0.49392 0.71073 0.69086 2
-0.75940 1.48167 -0.68794 0.50801 0.52518 0.72880 0.21158 0.02538 0.82477 0.36759 2
-0.75940 1.48167 -0.68794 -0.69939 -0.68401 0.01156 -0.70708 -0.78106 -0.65770 -0.56630 2
1.31652 -0.67475 -0.68794 -0.19978 -0.02903 0.01156 -0.43484 -0.53328 -0.41138 -0.24303 2
-0.75940 1.48167 -0.68794 -0.19978 -0.38171 -0.10798 -0.77233 -0.84639 -0.68507 -0.60222 2
1.31652 -0.67475 -0.68794 -1.28227 -1.28861 -0.82522 -1.21280 -1.21132 -1.11385 -1.17692 2
1.31652 -0.67475 -0.68794 0.46637 0.47480 0.72880 0.20648 0.21910 0.71529 -0.13528 2
-0.75940 -0.67475 1.45328 -0.49122 -0.33133 -0.46660 -0.72951 -0.61888 -0.56191 -0.70998 2
1.31652 -0.67475 -0.68794 -0.07488 0.47480 -0.10798 -0.21665 -0.28999 -0.16507 -0.02752 2
-0.75940 1.48167 -0.68794 0.29983 0.47480 1.20696 -0.23398 -0.34406 -0.47068 0.25983 2
-0.75940 -0.67475 1.45328 -0.32468 -0.18018 -0.34706 -0.48480 -0.32603 -0.36121 -0.85365 2
-0.75940 1.48167 -0.68794 0.21656 0.22288 0.01156 -0.23500 -0.46344 0.04932 -0.09936 2
1.31652 -0.67475 -0.68794 -1.49045 -1.38937 -1.18384 -1.29233 -1.26763 -1.23245 -1.29186 2
1.31652 -0.67475 -0.68794 -1.44881 -1.54052 -1.42292 -1.29946 -1.25862 -1.29631 -1.26313 2
1.31652 -0.67475 -0.68794 -0.03324 -0.23057 0.01156 -0.34512 -0.49949 0.20897 -0.56630 2
1.31652 -0.67475 -0.68794 -0.57449 -0.68401 -0.10798 -0.74786 -0.86441 -0.20612 -0.85365 2
-0.75940 -0.67475 1.45328 -0.69939 -0.43210 -0.58614 -0.66833 -0.52201 -0.88121 -0.66328 2
1.31652 -0.67475 -0.68794 0.25820 0.27326 0.13110 0.28499 0.62683 -0.11489 -0.00238 2
1.31652 -0.67475 -0.68794 0.38310 0.47480 0.25064 0.25135 0.13575 0.31845 0.25624 2
1.31652 -0.67475 -0.68794 0.75781 1.02901 0.25064 0.95283 0.83632 1.37670 0.58310 2
1.31652 -0.67475 -0.68794 0.79945 0.92824 0.60926 0.97526 1.24405 0.67424 0.54718 2
-0.75940 1.48167 -0.68794 -0.15815 -0.18018 -0.22752 -0.31555 -0.19313 -0.36121 -0.43340 2
-0.75940 1.48167 -0.68794 0.21656 0.37403 0.37018 0.32986 0.83182 -0.02366 -0.14964 2
-0.75940 1.48167 -0.68794 0.29983 0.47480 0.48972 0.28194 0.41959 0.24090 0.25265 2
1.31652 -0.67475 -0.68794 0.59127 0.47480 0.25064 0.43895 0.71468 0.36406 0.22391 2
1.31652 -0.67475 -0.68794 0.00839 -0.02903 -0.46660 -0.14936 0.07268 -0.22893 -0.27177 2
1.31652 -0.67475 -0.68794 0.17493 0.07173 0.01156 -0.01783 0.46013 -0.48893 -0.14964 2
1.31652 -0.67475 -0.68794 0.38310 0.52518 0.25064 0.42570 0.82055 0.20897 0.08024 2
-0.75940 1.48167 -0.68794 0.42474 0.62595 0.60926 0.08209 0.34074 0.14967 -0.00597 2
1.31652 -0.67475 -0.68794 0.42474 0.37403 0.13110 0.03723 0.25064 0.12687 -0.13528 2
1.31652 -0.67475 -0.68794 0.46637 0.47480 1.32650 2.10090 2.63842 2.23882 1.45234 2
1.31652 -0.67475 -0.68794 0.46637 0.37403 -0.10798 -0.03006 0.08169 0.09950 -0.13528 2
-0.75940 1.48167 -0.68794 0.75781 0.67633 0.37018 0.40429 0.39481 0.63319 0.33167 2
-0.75940 1.48167 -0.68794 0.92435 0.87786 -2.97693 0.66836 0.68540 1.16232 0.35681 2
-0.75940 1.48167 -0.68794 1.21579 0.97863 1.56558 1.09252 1.11790 1.11214 0.82016 2
-0.75940 -0.67475 1.45328 -0.19978 -0.28095 -0.10798 -0.47869 -0.29224 -0.69876 -0.59145 2
-0.75940 -0.67475 1.45328 -0.19978 0.02135 0.01156 -0.34104 -0.45443 -0.16507 -0.30769 2
-0.75940 -0.67475 1.45328 -0.07488 -0.07942 -0.10798 -0.26967 -0.17736 -0.50261 -0.45855 2
-0.75940 -0.67475 1.45328 0.05003 0.07173 -0.22752 -0.27477 0.14026 -0.63490 -0.51602 2
-0.75940 -0.67475 1.45328 0.05003 0.07173 -0.70568 -0.51845 -0.48147 -0.52086 -0.35797 2
-0.75940 -0.67475 1.45328 0.09166 -0.07942 -0.10798 -0.46135 -0.31477 -0.54367 -0.60941 2
1.31652 -0.67475 -0.68794 0.25820 0.32365 0.01156 0.08515 0.21460 -0.22437 0.11616 2
1.31652 -0.67475 -0.68794 0.38310 0.27326 -0.34706 0.13817 0.10647 0.02651 0.25983 2
1.31652 -0.67475 -0.68794 0.50801 0.57556 0.37018 0.17488 0.43310 0.14511 -0.02752 2
1.31652 -0.67475 -0.68794 0.84108 0.47480 0.72880 0.51644 0.61331 0.49178 0.54718 2
1.31652 -0.67475 -0.68794 1.34069 1.38169 1.56558 1.96529 2.05049 2.14759 1.59601 2
1.31652 -0.67475 -0.68794 -0.90756 -0.93593 -0.58614 -0.89570 -0.71123 -1.05455 -0.97578 2
-0.75940 -0.67475 1.45328 -0.69939 -0.43210 -0.70568 -0.77947 -0.65942 -0.83560 -0.90035 2
1.31652 -0.67475 -0.68794 0.42474 0.57556 0.25064 0.51236 1.06158 0.23634 -0.00597 2
-0.75940 1.48167 -0.68794 0.67454 0.77709 0.48972 0.75911 0.25965 0.97530 1.01413 2
-0.75940 1.48167 -0.68794 0.96598 1.07939 1.56558 1.43714 1.37019 1.40407 1.17576 2
-0.75940 -0.67475 1.45328 -0.07488 -0.48248 -0.34706 -0.72645 -0.80134 -0.50718 -0.72435 2
-0.75940 -0.67475 1.45328 0.00839 -0.18018 -0.46660 -0.33594 -0.21566 -0.30647 -0.43699 2
-0.75940 -0.67475 1.45328 0.05003 -0.07942 0.13110 -0.55821 -0.74728 -0.45700 -0.31487 2
-0.75940 -0.67475 1.45328 0.13330 0.17250 0.01156 -0.17688 -0.17736 -0.37489 0.08024 2
-0.75940 -0.67475 1.45328 0.13330 0.22288 0.01156 -0.01885 0.15378 -0.07384 -0.06703 2
-0.75940 -0.67475 1.45328 0.17493 -0.07942 -0.22752 -0.29108 -0.13907 -0.32016 -0.42263 2
-0.75940 -0.67475 1.45328 0.34147 0.12212 0.37018 -0.17485 -0.22241 0.04932 -0.05626 2
-0.75940 1.48167 -0.68794 0.34147 0.32365 0.25064 0.06986 0.34074 -0.28823 0.22391 2
1.31652 -0.67475 -0.68794 0.42474 0.37403 0.48972 0.02092 0.18531 0.15880 0.00122 2
1.31652 -0.67475 -0.68794 0.63291 0.62595 0.60926 0.46954 0.65161 0.55108 0.25983 2
1.31652 -0.67475 -0.68794 0.71618 0.62595 0.72880 0.59087 0.73495 0.54652 0.51126 2
-0.75940 -0.67475 1.45328 0.79945 0.62595 0.01156 0.05660 0.00060 -0.18787 0.40351 2
-0.75940 1.48167 -0.68794 0.79945 0.72671 0.84834 0.43182 0.47140 0.38231 0.43943 3
1.31652 -0.67475 -0.68794 1.00762 1.02901 0.48972 1.02216 1.38371 1.17144 0.56155 3
1.31652 -0.67475 -0.68794 -0.19978 -0.38171 0.25064 0.47464 0.60655 0.38687 0.41069 3
1.31652 -0.67475 -0.68794 0.38310 0.47480 0.84834 0.39001 0.54573 0.30932 0.36759 3
-0.75940 1.48167 -0.68794 1.09089 1.12978 1.44604 1.46569 1.59321 1.21705 1.63193 3
-0.75940 1.48167 -0.68794 1.34069 1.28092 0.84834 1.54114 1.61348 1.79636 1.31225 3
-0.75940 -0.67475 1.45328 -0.03324 -0.12980 -0.34706 -0.50621 -0.51751 -0.31559 -0.53038 3
-0.75940 -0.67475 1.45328 0.05003 -0.12980 -0.22752 -0.51743 -0.50624 -0.59840 -0.40108 3
-0.75940 -0.67475 1.45328 0.29983 0.37403 0.60926 0.00664 -0.06248 -0.01454 0.28857 3
-0.75940 1.48167 -0.68794 0.42474 0.57556 0.84834 0.55111 0.51420 0.19529 0.79861 3
1.31652 -0.67475 -0.68794 0.42474 0.67633 0.13110 0.05762 0.03213 -0.06928 0.21673 3
-0.75940 -0.67475 1.45328 -1.40718 -1.38937 -0.82522 -1.13735 -0.97704 -1.16859 -1.18770 3
-0.75940 -0.67475 1.45328 -0.49122 -0.53286 -1.18384 -0.80802 -0.71574 -0.97244 -0.79978 3
1.31652 -0.67475 -0.68794 0.59127 0.57556 0.25064 0.18405 0.33399 -0.03735 0.16644 3
-0.75940 -0.67475 1.45328 -0.40795 -0.48248 -0.70568 -0.76111 -0.82161 -0.76718 -0.67406 3
1.31652 -0.67475 -0.68794 0.50801 0.47480 0.01156 0.28805 0.46239 0.04020 0.40351 3
-0.75940 1.48167 -0.68794 0.29983 0.17250 -0.34706 0.21056 0.00735 0.29564 0.69086 3
-0.75940 -0.67475 1.45328 -1.57372 -1.69167 -1.06430 -1.34331 -1.33972 -1.29174 -1.32060 3
1.31652 -0.67475 -0.68794 -1.07410 -1.03669 -0.82522 -1.11492 -1.17978 -1.05455 -1.02606 3
1.31652 -0.67475 -0.68794 -1.03247 -1.03669 -0.22752 -1.09146 -1.18654 -1.03174 -0.96141 3
-0.75940 1.48167 -0.68794 -1.61535 -1.49014 -1.42292 -1.28213 -1.33746 -1.19139 -1.21284 3
1.31652 -0.67475 -0.68794 0.13330 0.12212 -0.46660 -0.03516 0.14702 -0.32016 -0.11013 3
-0.75940 1.48167 -0.68794 0.63291 0.67633 -0.10798 1.24749 1.03230 0.09494 0.56514 3
-0.75940 1.48167 -0.68794 1.38233 1.43207 0.96788 1.69306 2.30729 0.77459 1.44156 3
-0.75940 -0.67475 1.45328 -0.07488 -0.07942 -0.34706 -0.48174 -0.42515 -0.57560 -0.50883 3
-0.75940 -0.67475 1.45328 -0.03324 -0.12980 -0.10798 -0.39916 -0.27422 -0.46612 -0.45855 3
1.31652 -0.67475 -0.68794 0.38310 0.42441 -0.10798 0.39001 0.84083 0.21353 0.08024 3
1.31652 -0.67475 -0.68794 0.79945 0.82748 0.37018 0.55315 0.65611 0.61038 0.51126 3
1.31652 -0.67475 -0.68794 1.00762 0.72671 0.25064 0.74075 1.10889 0.71986 0.33167 3
1.31652 -0.67475 -0.68794 1.04925 1.07939 -0.34706 0.71730 0.73946 0.93424 0.63698 3
1.31652 -0.67475 -0.68794 1.04925 1.02901 0.37018 1.17918 1.63150 1.07109 0.69086 3
-0.75940 1.48167 -0.68794 1.04925 0.82748 0.37018 0.59801 0.83632 0.43248 0.47894 3
-0.75940 -0.67475 1.45328 -0.65776 -0.48248 -0.70568 -0.82637 -0.79909 -0.94964 -0.70998 3
-0.75940 -0.67475 1.45328 -0.15815 -0.23057 -0.34706 -0.47461 -0.51525 -0.76262 -0.20711 3
-0.75940 1.48167 -0.68794 -0.07488 -0.12980 -0.10798 -0.63774 -0.71123 -0.44331 -0.55194 3
-0.75940 -0.67475 1.45328 0.00839 -0.33133 -0.46660 -0.40222 -0.24719 -0.60753 -0.35079 3
-0.75940 -0.67475 1.45328 0.21656 0.57556 0.25064 0.21872 0.54799 -0.06015 0.03354 3
1.31652 -0.67475 -0.68794 0.63291 0.42441 0.13110 0.09841 0.32948 -0.23349 0.00840 3
-0.75940 1.48167 -0.68794 1.13252 0.97863 1.20696 1.17408 1.19900 1.43144 0.97462 3
1.31652 -0.67475 -0.68794 1.67377 1.63361 1.20696 3.06238 4.02604 3.28795 2.01985 3
1.31652 -0.67475 -0.68794 -0.19978 -0.43210 -0.22752 -0.47767 -0.22692 -0.65770 -0.61300 3
1.31652 -0.67475 -0.68794 -0.03324 -0.07942 -0.82522 0.08821 0.41508 -0.17419 -0.28973 3
-0.75940 -0.67475 1.45328 -0.11651 -0.07942 0.13110 -0.51233 -0.57833 -0.34296 -0.44418 3
-0.75940 1.48167 -0.68794 0.46637 0.42441 0.25064 0.18609 0.15152 0.28652 0.36400 3
1.31652 -0.67475 -0.68794 0.54964 0.92824 0.25064 0.63879 0.56601 0.77003 0.76269 3
-0.75940 -0.67475 1.45328 0.54964 0.52518 -0.34706 -0.15037 -0.11429 -0.27910 -0.00597 3
1.31652 -0.67475 -0.68794 0.67454 0.82748 0.96788 0.68977 0.43986 0.99810 0.97462 3
1.31652 -0.67475 -0.68794 0.29983 0.17250 -0.10798 0.22994 0.67413 0.19073 -0.29691 3
-0.75940 1.48167 -0.68794 0.92435 1.02901 0.72880 0.80499 0.77775 0.82477 0.82735 3
1.31652 -0.67475 -0.68794 0.54964 -0.02903 0.25064 0.04947 -0.15033 0.73810 0.04432 3
-0.75940 1.48167 -0.68794 0.59127 0.52518 0.48972 0.18813 0.18531 0.19985 0.34963 3
-0.75940 1.48167 -0.68794 0.96598 0.92824 0.25064 0.76013 0.89940 0.45985 0.69445 3
-0.75940 1.48167 -0.68794 1.09089 0.82748 0.48972 0.76522 0.83857 0.73810 0.60106 3
1.31652 -0.67475 -0.68794 0.05003 0.07173 -0.46660 -0.25030 -0.10753 -0.15594 -0.74949 3
-0.75940 1.48167 -0.68794 0.05003 -0.12980 -0.58614 -0.53069 -0.49723 -0.39314 -0.55912 3
-0.75940 1.48167 -0.68794 -0.32468 -0.18018 -0.94476 -0.55516 -0.62113 -0.59384 -0.38671 3
1.31652 -0.67475 -0.68794 -0.53285 -0.58325 -0.34706 -0.63672 -0.76980 -0.60297 -0.38671 3
1.31652 -0.67475 -0.68794 -0.15815 -0.12980 -0.34706 -0.39508 -0.31252 -0.22893 -0.45855 3
-0.75940 1.48167 -0.68794 -0.78266 -0.58325 -1.18384 -0.88041 -0.90946 -0.83560 -0.85365 3
-0.75940 1.48167 -0.68794 0.21656 0.32365 -0.34706 -0.12998 -0.13231 0.29108 0.04432 3
-0.75940 1.48167 -0.68794 -0.28305 -0.28095 0.37018 -0.51131 -0.54003 -0.50261 -0.42263 3
1.31652 -0.67475 -0.68794 -1.57372 -1.43976 -1.06430 -1.28723 -1.26087 -1.30543 -1.21284 3
-0.75940 -0.67475 1.45328 -0.32468 -0.53286 -0.46660 -0.65304 -0.67294 -0.53454 -0.74590 3
1.31652 -0.67475 -0.68794 -0.94920 -1.08708 -0.94476 -1.07617 -1.06039 -1.01806 -1.06917 3
1.31652 -0.67475 -0.68794 -0.28305 -0.12980 -0.46660 -0.31555 -0.12104 -0.52086 -0.38671 3
1.31652 -0.67475 -0.68794 0.79945 0.77709 0.60926 0.61942 0.73946 0.63775 0.31371 3
-0.75940 1.48167 -0.68794 0.59127 0.62595 0.60926 0.38084 0.59304 0.09038 0.36040 3
1.31652 -0.67475 -0.68794 0.84108 0.62595 0.84834 0.71424 1.10664 0.70617 0.23110 3
1.31652 -0.67475 -0.68794 1.04925 0.97863 0.96788 1.30561 1.58645 1.39495 1.01413 3
-0.75940 -0.67475 1.45328 -1.03247 -1.43976 -0.94476 -1.12409 -1.05814 -1.09560 -1.14100 3
-0.75940 -0.67475 1.45328 0.42474 0.32365 -0.34706 0.04641 0.43310 -0.08296 -0.30410 3
-0.75940 1.48167 -0.68794 0.42474 0.67633 0.48972 0.13511 0.00510 0.36862 0.23110 3
1.31652 -0.67475 -0.68794 0.42474 0.42441 0.37018 0.11676 0.00510 0.27739 0.13411 3
-0.75940 1.48167 -0.68794 0.63291 0.77709 0.13110 -0.10755 -0.02193 -0.20156 0.00122 3
1.31652 -0.67475 -0.68794 0.75781 0.67633 1.20696 1.23322 1.67655 1.13495 0.64416 3
-0.75940 1.48167 -0.68794 0.96598 0.92824 0.72880 0.88860 0.92643 1.43144 0.54718 3
-0.75940 -0.67475 1.45328 -0.28305 -0.18018 -0.46660 -0.64794 -0.62563 -0.70788 -0.46214 3
-0.75940 -0.67475 1.45328 0.05003 0.12212 0.01156 -0.31045 -0.46570 0.04476 -0.22148 3
1.31652 -0.67475 -0.68794 0.05003 0.02135 -0.34706 -0.12183 -0.06022 -0.06928 -0.17120 3
-0.75940 -0.67475 1.45328 0.50801 0.52518 0.01156 -0.13304 -0.15033 -0.25173 0.18799 3
-0.75940 1.48167 -0.68794 0.71618 0.87786 0.60926 0.51950 0.41959 0.84301 0.56155 3
-0.75940 -0.67475 1.45328 -0.49122 -0.48248 -0.82522 -0.76825 -0.62789 -0.19700 -0.97219 3
1.31652 -0.67475 -0.68794 -0.11651 -0.28095 -0.10798 -0.30128 -0.07149 -0.35209 -0.49447 3
1.31652 -0.67475 -0.68794 -0.07488 -0.38171 -0.58614 -0.43688 -0.08050 -0.23349 -0.66688 3
-0.75940 1.48167 -0.68794 0.92435 0.97863 0.72880 0.88656 0.68765 1.29004 0.83453 3
1.31652 -0.67475 -0.68794 0.05003 0.17250 0.37018 -0.07798 -0.23593 -0.08752 0.14848 3
1.31652 -0.67475 -0.68794 0.05003 0.17250 -0.22752 -0.25845 -0.27873 -0.37489 -0.13528 3
1.31652 -0.67475 -0.68794 0.29983 0.57556 0.13110 0.11982 -0.11203 0.35950 0.22032 3
1.31652 -0.67475 -0.68794 0.50801 0.62595 0.13110 0.26052 0.19432 0.51003 0.18799 3
1.31652 -0.67475 -0.68794 0.25820 0.37403 -0.22752 0.06884 0.28443 -0.23349 0.00840 3
-0.75940 1.48167 -0.68794 0.75781 0.47480 -0.10798 0.46954 0.51420 0.75179 0.25265 3
1.31652 -0.67475 -0.68794 -0.94920 -0.83516 -0.94476 -0.96503 -0.96128 -0.99069 -0.96141 3
-0.75940 1.48167 -0.68794 -0.28305 -0.23057 0.48972 -0.35226 -0.51300 -0.08752 -0.24303 3
1.31652 -0.67475 -0.68794 -1.90679 -1.84282 -1.18384 -1.40754 -1.40279 -1.22788 -1.35652 3
1.31652 -0.67475 -0.68794 1.34069 1.02901 0.96788 1.27604 1.22603 1.18512 0.96025 3
-0.75940 1.48167 -0.68794 0.25820 0.22288 0.01156 -0.15139 -0.03094 0.02651 -0.26818 3
1.31652 -0.67475 -0.68794 0.84108 0.87786 0.37018 0.40021 0.45338 0.12687 0.72678 3
-0.75940 1.48167 -0.68794 0.29983 0.12212 0.96788 1.70428 1.87478 1.54548 1.53495 3
-0.75940 1.48167 -0.68794 0.38310 0.42441 0.25064 0.27684 0.77325 0.07669 -0.21430 3
1.31652 -0.67475 -0.68794 0.84108 0.72671 0.48972 0.84169 1.34316 0.74722 0.28497 3
-0.75940 -0.67475 1.45328 -0.57449 -0.58325 -0.22752 -0.72645 -0.65041 -0.96788 -0.63814 3
-0.75940 1.48167 -0.68794 0.75781 0.87786 0.37018 0.51338 0.72369 0.08581 0.58310 3
-0.75940 1.48167 -0.68794 0.29983 0.32365 -0.10798 -0.05351 -0.04220 -0.17419 0.14489 3
1.31652 -0.67475 -0.68794 -0.19978 -0.28095 -0.34706 -0.51335 -0.40713 -0.49349 -0.61300 3
1.31652 -0.67475 -0.68794 0.63291 0.67633 1.56558 0.70813 0.74847 0.97530 0.49690 3
-0.75940 1.48167 -0.68794 -0.69939 -0.68401 -0.94476 -0.77029 -0.77205 -0.85385 -0.78182 3
-0.75940 1.48167 -0.68794 -0.40795 -0.33133 -0.34706 -0.51029 -0.36883 -0.87209 -0.60222 3
1.31652 -0.67475 -0.68794 0.50801 0.52518 1.08742 0.19017 0.01862 0.29564 0.33167 3
1.31652 -0.67475 -0.68794 0.21656 -0.02903 0.01156 -0.05351 -0.51976 -0.15594 0.11616 3
-0.75940 -0.67475 1.45328 -1.44881 -1.49014 -1.30338 -1.33515 -1.30142 -1.33280 -1.28468 3
1.31652 -0.67475 -0.68794 0.05003 0.27326 0.37018 -0.26457 -0.32153 -0.19243 -0.24303 3
-0.75940 1.48167 -0.68794 -0.44959 -0.48248 -0.22752 -0.72747 -0.79909 -0.60753 -0.63814 3
1.31652 -0.67475 -0.68794 0.38310 0.27326 0.13110 0.15652 0.14927 0.50091 0.25983 3
-0.75940 1.48167 -0.68794 0.50801 0.42441 0.48972 0.50625 0.63133 0.97530 0.08024 3
-0.75940 -0.67475 1.45328 -0.90756 -0.83516 -0.94476 -1.03437 -0.92749 -1.10473 -0.96141 3
-0.75940 1.48167 -0.68794 -0.19978 -0.12980 0.01156 -0.23092 -0.19313 -0.04191 0.00840 3
-0.75940 1.48167 -0.68794 -0.07488 0.07173 0.01156 -0.27579 -0.21566 -0.26086 -0.27895 3
-0.75940 -0.67475 1.45328 -0.90756 -0.98631 -0.70568 -1.08535 -1.06490 -1.12753 -1.00092 3
-0.75940 1.48167 -0.68794 -0.57449 -0.58325 0.01156 -0.63264 -0.62338 -0.49349 -0.74590 3
-0.75940 1.48167 -0.68794 -0.28305 -0.28095 0.13110 -0.31861 -0.49723 0.00371 -0.20711 3
-0.75940 1.48167 -0.68794 -1.19901 -1.18784 -0.82522 -1.16590 -1.17302 -1.18227 -1.10509 3
-0.75940 -0.67475 1.45328 -0.19978 -0.23057 0.25064 -0.41241 -0.44542 -0.12857 -0.56630 3
1.31652 -0.67475 -0.68794 -1.49045 -1.54052 -1.42292 -1.34534 -1.34873 -1.25981 -1.32778 3
-0.75940 1.48167 -0.68794 -0.82430 -0.73439 -1.06430 -1.03335 -1.07616 -1.09104 -0.81773 3
1.31652 -0.67475 -0.68794 -0.53285 -0.43210 -0.34706 -0.73766 -0.76530 -0.78542 -0.58067 3
-0.75940 1.48167 -0.68794 -0.90756 -0.68401 -0.22752 -0.94056 -0.96128 -0.84016 -0.85365 3
-0.75940 1.48167 -0.68794 -1.49045 -1.49014 -1.18384 -1.26785 -1.26989 -1.25069 -1.16615 3
1.31652 -0.67475 -0.68794 -0.65776 -0.63363 -1.18384 -0.91609 -0.97479 -0.97244 -0.81773 3
-0.75940 1.48167 -0.68794 -0.32468 -0.33133 -0.10798 -0.55618 -0.75178 -0.44788 -0.50524 3
1.31652 -0.67475 -0.68794 -0.53285 -0.68401 -0.10798 -0.68057 -0.87342 -0.58016 -0.38671 3
-0.75940 1.48167 -0.68794 -0.69939 -0.68401 -0.22752 -0.83453 -0.92974 -0.59384 -0.78182 3
-0.75940 1.48167 -0.68794 0.21656 0.42441 0.25064 0.09433 0.01186 -0.04647 0.27061 3
1.31652 -0.67475 -0.68794 0.38310 0.27326 -0.22752 -0.15343 -0.04671 -0.04647 -0.32205 3
-0.75940 1.48167 -0.68794 0.59127 0.72671 0.25064 0.57354 0.62458 0.43248 0.65494 3
-0.75940 1.48167 -0.68794 0.63291 0.67633 0.37018 0.77746 1.32289 -0.10121 0.58669 3
1.31652 -0.67475 -0.68794 0.38310 0.42441 0.37018 0.74687 0.91516 0.69249 0.40351 3
-0.75940 1.48167 -0.68794 0.84108 0.72671 0.72880 1.06805 1.18998 0.88863 0.90637 3
1.31652 -0.67475 -0.68794 0.92435 1.18016 1.08742 1.17816 1.46255 1.08933 0.97462 3
-0.75940 1.48167 -0.68794 1.25743 1.63361 2.04374 1.54624 1.71034 1.08477 1.40923 3
1.31652 -0.67475 -0.68794 1.38233 0.97863 1.44604 2.12741 2.40415 2.01531 1.73250 3
-0.75940 -0.67475 1.45328 0.42474 0.27326 -0.22752 -0.04841 -0.19763 0.31845 0.04432 3
1.31652 -0.67475 -0.68794 0.67454 0.72671 0.72880 0.72342 1.00302 0.51003 0.56155 3
1.31652 -0.67475 -0.68794 0.75781 0.52518 0.72880 0.46444 0.55024 0.83389 0.22391 3
1.31652 -0.67475 -0.68794 1.59050 1.28092 1.20696 1.72671 2.38613 1.20793 1.30148 3
-0.75940 1.48167 -0.68794 1.63214 1.73437 1.32650 2.59846 3.00560 2.73146 2.14557 3
-0.75940 1.48167 -0.68794 1.63214 1.43207 1.44604 2.38129 2.45146 2.63110 2.03063 3
-0.75940 -0.67475 1.45328 0.05003 0.12212 0.37018 -0.03822 0.50969 -0.63490 -0.33642 3
-0.75940 -0.67475 1.45328 0.38310 0.32365 -0.22752 -0.12692 -0.05572 -0.01910 -0.26458 3
1.31652 -0.67475 -0.68794 0.50801 0.67633 0.25064 0.48178 0.77550 0.16792 0.35681 3
-0.75940 1.48167 -0.68794 0.63291 0.47480 0.13110 0.12390 0.26866 -0.08296 0.21673 3
1.31652 -0.67475 -0.68794 0.71618 0.42441 0.25064 0.08617 0.21460 0.02651 0.08024 3
1.31652 -0.67475 -0.68794 0.71618 0.67633 0.72880 0.40327 0.34074 0.48266 0.46457 3
1.31652 -0.67475 -0.68794 0.79945 1.02901 0.84834 0.92326 0.95571 0.52827 1.08596 3
1.31652 -0.67475 -0.68794 0.96598 1.18016 0.96788 0.98852 0.57276 1.08477 1.21168 3
-0.75940 1.48167 -0.68794 1.04925 1.02901 0.72880 1.50545 1.64502 1.53635 1.09315 3
-0.75940 1.48167 -0.68794 1.17416 1.23054 0.96788 1.35047 1.23954 1.47249 1.40923 3
-0.75940 1.48167 -0.68794 1.04925 1.38169 0.84834 1.41879 1.03906 1.32653 1.84026 3
1.31652 -0.67475 -0.68794 1.13252 0.97863 0.60926 1.11189 1.03455 1.55460 0.76269 3
1.31652 -0.67475 -0.68794 1.21579 1.02901 0.84834 1.42287 1.31388 2.43496 0.76269 3
1.31652 -0.67475 -0.68794 1.21579 0.92824 1.20696 1.40757 1.15620 1.89215 1.26556 3
-0.75940 -0.67475 1.45328 -0.07488 -0.58325 -0.82522 -0.72237 -0.65942 -0.52542 -0.79978 3
-0.75940 -0.67475 1.45328 0.05003 0.22288 -0.10798 -0.41445 -0.51525 -0.32016 -0.18197 3
1.31652 -0.67475 -0.68794 0.42474 0.62595 1.08742 0.31864 0.06818 0.33669 0.83453 3
1.31652 -0.67475 -0.68794 0.46637 0.52518 0.37018 0.41754 0.49392 0.38231 0.40351 3
-0.75940 1.48167 -0.68794 0.50801 0.37403 0.01156 0.17182 0.32047 0.36406 0.10179 3
-0.75940 -0.67475 1.45328 0.79945 0.42441 -0.10798 0.19425 -0.00616 0.41880 0.41428 3
-0.75940 1.48167 -0.68794 0.92435 0.82748 0.84834 0.84577 0.99626 1.20793 0.47534 3
1.31652 -0.67475 -0.68794 1.09089 1.43207 0.96788 0.90797 1.02104 0.91600 0.90637 3
1.31652 -0.67475 -0.68794 1.13252 1.23054 1.32650 1.47181 1.31163 1.35846 1.84026 3
1.31652 -0.67475 -0.68794 1.46560 1.58322 0.84834 2.09580 2.18565 1.94232 2.16353 3
-0.75940 1.48167 -0.68794 1.54887 1.33131 1.56558 1.53298 1.99417 0.97074 1.40923 3
1.31652 -0.67475 -0.68794 0.79945 0.62595 0.13110 0.52562 0.68314 0.82933 0.12693 3
-0.75940 1.48167 -0.68794 0.92435 0.67633 0.25064 0.72546 0.78226 1.15319 0.37477 3
-0.75940 -0.67475 1.45328 -0.03324 -0.23057 -0.58614 -0.50520 -0.46795 -0.22437 -0.68843 3
-0.75940 -0.67475 1.45328 0.17493 0.17250 0.01156 -0.02904 -0.24494 0.45985 0.03713 3
-0.75940 -0.67475 1.45328 0.67454 0.82748 0.60926 0.49401 0.55249 0.11774 0.81298 3
-0.75940 1.48167 -0.68794 1.09089 1.18016 0.84834 1.05887 1.01878 0.72898 1.11470 3
-0.75940 1.48167 -0.68794 0.21656 0.62595 0.25064 0.18711 0.09746 0.57389 0.20595 3
1.31652 -0.67475 -0.68794 0.71618 0.82748 0.48972 0.57762 0.47590 0.43248 0.73396 3
-0.75940 1.48167 -0.68794 1.54887 0.92824 0.25064 0.99463 1.46030 0.92056 0.29575 3
1.31652 -0.67475 -0.68794 0.05003 0.17250 -0.22752 -0.16975 -0.26972 -0.41138 0.04432 3
-0.75940 1.48167 -0.68794 -1.03247 -0.98631 -0.58614 -0.98339 -0.95452 -1.01350 -0.88957 3
1.31652 -0.67475 -0.68794 0.21656 0.32365 -0.10798 0.10249 0.03889 0.26371 0.18799 3
1.31652 -0.67475 -0.68794 -0.49122 -0.48248 -0.22752 -0.61633 -0.67069 -0.56647 -0.53038 3
-0.75940 1.48167 -0.68794 -0.24141 -0.23057 -0.22752 -0.28190 -0.21115 -0.01454 -0.45855 3
-0.75940 1.48167 -0.68794 -0.36632 -0.02903 -0.22752 -0.38998 -0.37109 -0.32928 -0.20711 3
-0.75940 1.48167 -0.68794 -0.03324 0.17250 0.25064 -0.03210 0.11548 0.19073 -0.06344 3
-0.75940 1.48167 -0.68794 -0.94920 -0.93593 -0.70568 -1.03539 -1.05363 -1.04999 -1.03325 3
-0.75940 1.48167 -0.68794 -0.07488 -0.12980 0.60926 -0.14732 -0.76079 -0.09664 0.58669 3
1.31652 -0.67475 -0.68794 0.67454 0.67633 0.84834 0.75911 0.81154 0.86126 0.50408 3
-0.75940 1.48167 -0.68794 0.75781 0.77709 0.48972 0.67040 0.63584 0.62863 0.54718 3
1.31652 -0.67475 -0.68794 0.63291 0.82748 1.68512 2.36294 2.90874 2.17496 1.81153 3
-0.75940 1.48167 -0.68794 0.67454 0.72671 0.25064 0.51033 0.41058 0.93880 0.38914 3
-0.75940 1.48167 -0.68794 1.04925 1.28092 0.84834 0.93958 1.12691 0.87494 0.75551 3
1.31652 -0.67475 -0.68794 1.13252 1.07939 0.60926 1.25973 1.50761 1.07109 0.98180 3
-0.75940 -0.67475 1.45328 0.21656 0.17250 0.13110 0.12492 0.32948 -0.08752 -0.02034 3
-0.75940 1.48167 -0.68794 0.38310 0.37403 0.37018 0.38389 0.75297 0.19985 0.18799 3
1.31652 -0.67475 -0.68794 0.46637 0.32365 0.84834 0.80907 0.81605 0.82021 0.62979 3
-0.75940 -0.67475 1.45328 0.50801 0.52518 0.13110 0.03621 -0.09176 -0.12401 0.40351 3
1.31652 -0.67475 -0.68794 0.59127 0.67633 0.01156 0.41142 0.59980 0.33213 0.28138 3
1.31652 -0.67475 -0.68794 0.88272 0.77709 0.48972 0.84475 1.18773 0.86126 0.43943 4
-0.75940 -0.67475 1.45328 0.17493 0.22288 0.25064 -0.17688 -0.03094 -0.20612 -0.22148 4
-0.75940 -0.67475 1.45328 0.54964 0.67633 0.13110 0.29723 0.48716 0.24090 0.14489 4
1.31652 -0.67475 -0.68794 0.59127 0.62595 0.37018 0.76013 0.59754 1.87846 0.18799 4
1.31652 -0.67475 -0.68794 0.59127 0.52518 0.72880 0.61330 0.94895 0.68336 0.18799 4
1.31652 -0.67475 -0.68794 0.63291 0.42441 1.32650 1.04256 1.16070 1.32197 0.87404 4
1.31652 -0.67475 -0.68794 0.79945 0.67633 1.32650 1.08028 1.05483 1.42232 0.97462 4
-0.75940 1.48167 -0.68794 1.17416 1.02901 0.84834 1.12514 1.42201 1.07565 0.61902 4
-0.75940 1.48167 -0.68794 0.09166 -0.07942 0.25064 0.80601 1.16521 0.86126 0.34963 4
1.31652 -0.67475 -0.68794 0.25820 -0.02903 1.20696 1.17714 1.13592 1.47249 1.07878 4
-0.75940 1.48167 -0.68794 1.09089 0.97863 0.84834 0.94162 1.17647 1.05740 0.62620 4
1.31652 -0.67475 -0.68794 0.38310 0.42441 0.13110 0.24727 0.18531 0.39143 0.32808 4
1.31652 -0.67475 -0.68794 0.88272 0.87786 0.96788 0.98138 0.61106 1.04372 1.65707 4
-0.75940 1.48167 -0.68794 0.00839 -0.07942 -0.10798 -0.23398 -0.18637 -0.38858 -0.22148 4
-0.75940 1.48167 -0.68794 0.88272 0.82748 0.72880 0.78868 0.46464 0.21810 0.51485 4
-0.75940 1.48167 -0.68794 -0.86593 -0.88554 -0.22752 -0.84676 -0.87793 -0.68051 -0.86084 4
-0.75940 1.48167 -0.68794 -1.03247 -0.73439 -0.58614 -0.80598 -0.67069 -0.54823 -0.85365 4
-0.75940 -0.67475 1.45328 -0.94920 -1.08708 -0.58614 -1.16080 -1.18203 -1.17771 -1.14100 4
-0.75940 -0.67475 1.45328 0.13330 -0.02903 0.25064 -0.14324 -0.23593 0.24546 -0.35079 4
-0.75940 1.48167 -0.68794 0.71618 0.87786 0.84834 0.88656 0.76874 1.22618 0.76629 4
-0.75940 1.48167 -0.68794 1.00762 1.12978 0.84834 1.03134 1.38596 0.78372 0.83453 4
-0.75940 -0.67475 1.45328 0.21656 0.17250 0.37018 0.08923 0.23712 0.05844 0.02636 4
-0.75940 1.48167 -0.68794 0.34147 0.42441 0.84834 0.83150 0.77100 0.59213 0.49690 4
-0.75940 1.48167 -0.68794 0.59127 0.57556 0.13110 -0.06779 -0.07599 -0.00998 0.02636 4
-0.75940 1.48167 -0.68794 0.79945 0.72671 0.60926 0.43691 0.55925 0.36862 0.51126 4
1.31652 -0.67475 -0.68794 0.92435 0.87786 0.72880 1.10271 1.34091 1.13951 0.90637 4
-0.75940 1.48167 -0.68794 0.54964 0.57556 0.72880 0.43589 0.46914 0.54196 0.22391 4
-0.75940 -0.67475 1.45328 0.00839 -0.02903 -0.34706 -0.35022 -0.27422 -0.27454 -0.50883 4
-0.75940 1.48167 -0.68794 0.50801 0.57556 0.13110 0.31966 0.32948 0.30932 0.32808 4
1.31652 -0.67475 -0.68794 0.63291 0.62595 0.48972 0.37370 0.36778 0.19073 0.47534 4
-0.75940 1.48167 -0.68794 0.63291 0.92824 0.48972 0.59801 0.67639 0.68793 0.50408 4
-0.75940 1.48167 -0.68794 0.67454 0.82748 0.25064 0.62350 0.32047 0.65599 0.79861 4
1.31652 -0.67475 -0.68794 0.79945 0.72671 0.60926 0.52358 0.54799 0.70161 0.47534 4
-0.75940 1.48167 -0.68794 1.13252 1.23054 0.72880 1.22812 1.18323 1.17144 1.14343 4
1.31652 -0.67475 -0.68794 1.13252 1.02901 0.96788 0.88146 0.63359 0.48266 0.71959 4
1.31652 -0.67475 -0.68794 0.67454 0.47480 0.48972 0.59699 0.78226 0.84301 0.23110 4
-0.75940 -0.67475 1.45328 -0.03324 0.02135 0.01156 -0.26457 -0.08951 -0.47068 -0.31846 4
-0.75940 -0.67475 1.45328 0.09166 -0.07942 0.13110 -0.25233 -0.23818 -0.40226 -0.13528 4
-0.75940 1.48167 -0.68794 0.25820 0.32365 0.01156 0.03519 -0.06022 -0.08296 0.24906 4
1.31652 -0.67475 -0.68794 0.75781 0.72671 1.08742 0.79887 0.62683 1.22618 0.65494 4
1.31652 -0.67475 -0.68794 0.75781 0.47480 -0.22752 0.28499 0.58853 0.01283 0.19158 4
1.31652 -0.67475 -0.68794 0.84108 0.92824 1.08742 0.84373 1.08186 0.61494 0.69086 4
-0.75940 1.48167 -0.68794 1.42396 1.28092 0.84834 1.08538 0.84308 0.92056 1.62475 4
1.31652 -0.67475 -0.68794 0.38310 0.32365 0.13110 0.10758 0.00510 0.13599 0.24906 4
-0.75940 -0.67475 1.45328 1.67377 1.43207 1.92420 2.48937 1.86577 2.37110 2.98966 4
1.31652 -0.67475 -0.68794 1.42396 1.43207 1.56558 2.74121 3.48541 2.60830 1.84744 4
1.31652 -0.67475 -0.68794 -0.03324 -0.12980 -0.34706 -0.50418 -0.46344 -0.49349 -0.49447 4
1.31652 -0.67475 -0.68794 0.84108 0.72671 0.84834 0.48178 0.57276 0.71529 0.33167 4
1.31652 -0.67475 -0.68794 0.92435 0.72671 0.13110 0.71832 1.37695 0.44161 -0.09936 4
-0.75940 -0.67475 1.45328 0.13330 0.07173 0.37018 -0.25845 -0.16835 -0.12401 -0.35079 4
-0.75940 1.48167 -0.68794 0.84108 0.77709 0.60926 0.80907 0.66737 1.05284 0.87045 4
-0.75940 1.48167 -0.68794 0.42474 0.72671 0.72880 0.55315 0.66062 0.61950 0.51126 4
-0.75940 -0.67475 1.45328 0.59127 0.67633 0.37018 0.31660 0.57276 0.03108 0.26342 4
1.31652 -0.67475 -0.68794 1.46560 1.38169 1.80466 2.21000 2.35685 2.35285 1.91928 4
-0.75940 -0.67475 1.45328 0.21656 0.37403 -0.70568 -0.07187 0.08394 -0.35209 0.15207 4
1.31652 -0.67475 -0.68794 1.42396 1.23054 1.68512 1.38922 1.37245 2.08829 1.05005 4
-0.75940 1.48167 -0.68794 0.17493 0.02135 -0.34706 -0.27579 -0.27873 -0.31559 -0.20711 4
1.31652 -0.67475 -0.68794 0.46637 0.67633 0.25064 0.28805 0.11548 0.32757 0.79861 4
-0.75940 1.48167 -0.68794 0.88272 0.72671 0.48972 0.75503 0.75297 1.40863 0.54718 4
-0.75940 1.48167 -0.68794 0.13330 0.67633 0.37018 0.20241 0.15603 0.12231 0.15207 4
1.31652 -0.67475 -0.68794 0.05003 0.12212 0.60926 0.13409 -0.18187 0.53284 0.04432 4
1.31652 -0.67475 -0.68794 -0.28305 -0.12980 0.01156 -0.57045 -0.62113 -0.48437 -0.63814 4
-0.75940 -0.67475 1.45328 -1.11574 -0.98631 -0.94476 -1.07413 -1.09643 -1.06367 -0.88957 4
1.31652 -0.67475 -0.68794 0.25820 0.42441 0.13110 0.17590 0.18306 0.59670 0.33167 4
1.31652 -0.67475 -0.68794 0.42474 0.62595 0.01156 0.01786 -0.04896 -0.06471 0.00840 4
-0.75940 1.48167 -0.68794 0.00839 0.02135 -0.10798 -0.24520 -0.29900 -0.25630 -0.02752 4
-0.75940 1.48167 -0.68794 -0.40795 -0.58325 -0.58614 -0.76825 -0.84639 -0.80823 -0.60222 4
-0.75940 -0.67475 1.45328 0.46637 0.37403 0.25064 0.11778 0.10647 0.25915 0.11616 4
-0.75940 -0.67475 1.45328 -0.65776 -0.78478 -0.46660 -0.98237 -1.07841 -0.88121 -0.96141 4
-0.75940 1.48167 -0.68794 0.50801 0.67633 1.08742 0.26460 0.24839 -0.17419 0.65494 4
1.31652 -0.67475 -0.68794 -0.57449 -0.58325 -0.46660 -0.70402 -0.80134 -0.33384 -0.56630 4
1.31652 -0.67475 -0.68794 -1.74025 -1.59091 -1.18384 -1.27601 -1.34197 -1.30999 -1.14460 4
1.31652 -0.67475 -0.68794 -1.24064 -1.08708 -0.94476 -1.18731 -1.15050 -1.21420 -1.11945 4
-0.75940 1.48167 -0.68794 0.13330 0.12212 0.01156 -0.04841 0.04340 -0.07384 -0.20711 4
1.31652 -0.67475 -0.68794 0.63291 0.67633 0.84834 1.05173 0.85434 0.97530 0.87045 4
1.31652 -0.67475 -0.68794 0.63291 0.87786 0.84834 0.94060 1.11114 0.87038 0.75910 4
-0.75940 1.48167 -0.68794 0.79945 0.97863 0.48972 1.10883 1.21251 0.86126 0.93151 4
-0.75940 1.48167 -0.68794 1.29906 1.53284 1.32650 1.93470 2.25998 1.29004 1.26556 4
1.31652 -0.67475 -0.68794 0.54964 0.57556 0.37018 0.62656 0.74396 0.73810 0.25983 4
-0.75940 1.48167 -0.68794 0.79945 1.02901 0.96788 1.02522 1.05708 0.87038 1.07160 4
-0.75940 1.48167 -0.68794 1.13252 0.97863 1.08742 1.42592 1.48958 1.11214 1.45234 4
-0.75940 1.48167 -0.68794 1.13252 1.23054 1.08742 1.05479 0.84083 0.82021 1.70377 4
-0.75940 1.48167 -0.68794 1.92358 2.18782 1.68512 3.41822 3.77150 3.03251 3.15848 4
-0.75940 1.48167 -0.68794 2.13175 2.23820 1.80466 3.72818 5.08478 2.90023 2.49398 4
1.31652 -0.67475 -0.68794 0.34147 -0.18018 -0.34706 -0.17281 -0.03319 -0.46156 -0.50524 4
-0.75940 1.48167 -0.68794 1.21579 1.23054 2.04374 1.49424 1.21927 2.79532 0.96025 4
-0.75940 1.48167 -0.68794 1.42396 1.58322 1.20696 1.90616 1.74413 1.99250 1.85822 4
1.31652 -0.67475 -0.68794 1.00762 1.02901 0.37018 1.44836 1.26657 1.62302 1.37332 4
1.31652 -0.67475 -0.68794 1.09089 1.02901 1.80466 1.94694 2.38388 2.08829 1.29789 4
-0.75940 1.48167 -0.68794 1.46560 1.43207 0.72880 1.74404 1.77567 1.33109 0.58310 4
-0.75940 -0.67475 1.45328 0.25820 0.52518 0.13110 0.14633 0.11323 -0.20612 0.27061 4
-0.75940 -0.67475 1.45328 0.54964 0.52518 0.13110 0.14837 0.26866 -0.01910 0.15207 4
-0.75940 1.48167 -0.68794 0.79945 1.33131 0.60926 0.63268 0.63133 0.57389 0.84890 4
-0.75940 1.48167 -0.68794 1.17416 0.97863 0.48972 0.94365 1.22377 1.02091 0.58310 4
-0.75940 1.48167 -0.68794 1.88194 1.58322 1.80466 2.26200 1.86577 2.75426 2.41496 4
1.31652 -0.67475 -0.68794 0.63291 0.87786 0.84834 0.96201 1.17196 0.94337 0.64416 4
-0.75940 1.48167 -0.68794 0.71618 0.67633 0.25064 0.58068 0.72144 0.70161 0.44302 4
1.31652 -0.67475 -0.68794 0.84108 0.82748 1.08742 0.69385 0.75748 0.66512 0.75551 4
1.31652 -0.67475 -0.68794 1.71540 1.68399 1.68512 2.52913 2.56409 2.08373 2.90346 4
1.31652 -0.67475 -0.68794 0.34147 0.47480 0.37018 0.21770 0.27767 0.02195 0.15207 4
-0.75940 1.48167 -0.68794 0.84108 1.12978 0.96788 1.07110 0.56375 1.55460 0.97821 4
-0.75940 1.48167 -0.68794 0.84108 0.62595 0.13110 0.31660 0.52095 0.17704 0.18799 4
-0.75940 1.48167 -0.68794 0.92435 0.97863 0.37018 0.93958 1.05708 1.21705 0.76269 4
1.31652 -0.67475 -0.68794 1.25743 1.07939 0.25064 0.98546 0.88588 0.94793 1.24042 4
-0.75940 1.48167 -0.68794 1.25743 1.02901 1.08742 1.31377 1.21702 1.11214 1.33380 4
-0.75940 -0.67475 1.45328 0.21656 0.12212 -0.58614 -0.32778 -0.30126 -0.39770 -0.21430 4
-0.75940 1.48167 -0.68794 1.54887 1.58322 1.32650 2.01525 1.91758 2.84093 1.80434 4
-0.75940 -0.67475 1.45328 -1.40718 -1.28861 -0.94476 -1.22605 -1.19780 -1.23245 -1.10509 4
1.31652 -0.67475 -0.68794 1.09089 1.83514 1.44604 1.46161 1.32740 1.78723 1.26556 4
1.31652 -0.67475 -0.68794 0.29983 0.47480 0.60926 0.06374 0.18982 -0.10121 0.04432 4
1.31652 -0.67475 -0.68794 0.92435 0.87786 0.25064 0.51440 0.55474 0.56020 0.51126 4
-0.75940 -0.67475 1.45328 0.00839 0.22288 0.25064 -0.18810 -0.16610 -0.17875 -0.17120 4
-0.75940 -0.67475 1.45328 -0.44959 -0.58325 -0.10798 -0.53374 -0.57608 -0.31103 -0.62018 4
1.31652 -0.67475 -0.68794 -0.86593 -0.68401 -0.34706 -0.77335 -0.87568 -0.62121 -0.68124 4
-0.75940 1.48167 -0.68794 -0.65776 -0.73439 0.01156 -0.75908 -0.81485 -0.60753 -0.70998 4
1.31652 -0.67475 -0.68794 1.29906 1.12978 0.60926 1.32295 1.64276 0.89775 1.20090 4
-0.75940 -0.67475 1.45328 0.25820 0.27326 0.13110 -0.26763 -0.43867 -0.21068 0.00840 4
-0.75940 -0.67475 1.45328 0.34147 0.22288 0.25064 -0.01477 -0.12330 -0.11033 0.36759 4
1.31652 -0.67475 -0.68794 0.63291 0.87786 1.08742 0.58272 0.65836 0.75635 0.92074 4
-0.75940 1.48167 -0.68794 0.71618 0.42441 -0.22752 0.08923 0.13350 -0.08296 0.23828 4
-0.75940 1.48167 -0.68794 1.09089 1.07939 0.72880 1.42389 2.20367 0.75635 0.66212 4
1.31652 -0.67475 -0.68794 1.17416 1.07939 1.20696 1.65126 2.12483 1.61390 0.94947 4
-0.75940 1.48167 -0.68794 0.84108 0.92824 0.48972 0.79173 0.96022 0.24090 0.83453 4
1.31652 -0.67475 -0.68794 0.96598 0.97863 0.96788 0.95487 1.03906 1.20337 0.89200 4
-0.75940 1.48167 -0.68794 1.21579 1.07939 0.72880 1.21895 1.35668 1.44969 0.94229 4
1.31652 -0.67475 -0.68794 0.75781 0.77709 1.80466 0.27072 0.28218 -0.04191 0.36759 4
1.31652 -0.67475 -0.68794 0.88272 1.07939 0.84834 0.74789 0.59754 0.60582 0.94229 4
1.31652 -0.67475 -0.68794 1.04925 0.97863 0.72880 1.49016 1.51211 1.55916 1.12188 4
-0.75940 1.48167 -0.68794 1.46560 1.48246 1.92420 1.70733 1.29586 2.26163 1.55291 4
1.31652 -0.67475 -0.68794 -0.11651 -0.12980 -0.34706 -0.50621 -0.51976 -0.42963 -0.36516 4
1.31652 -0.67475 -0.68794 1.00762 0.92824 0.96788 1.28930 1.07735 0.56477 1.43797 4
1.31652 -0.67475 -0.68794 1.21579 1.07939 0.60926 0.70303 0.75072 0.95249 0.55437 4
-0.75940 -0.67475 1.45328 -0.11651 -0.02903 -0.46660 -0.44606 -0.58734 -0.45244 -0.02752 4
1.31652 -0.67475 -0.68794 -0.19978 -0.07942 0.13110 -0.46135 -0.64591 -0.38858 -0.20711 4
-0.75940 1.48167 -0.68794 -0.24141 -0.23057 -0.10798 -0.33900 -0.26521 -0.15594 -0.38671 4
1.31652 -0.67475 -0.68794 -0.94920 -0.98631 -0.34706 -0.95688 -0.98155 -0.84016 -0.88957 4
-0.75940 1.48167 -0.68794 -0.24141 -0.33133 0.25064 -0.47257 -0.44092 -0.41595 -0.43699 4
-0.75940 1.48167 -0.68794 1.13252 1.18016 1.20696 1.71549 1.32064 2.79988 1.80434 4
-0.75940 -0.67475 1.45328 -0.61612 -0.53286 -0.58614 -0.79578 -0.79008 -0.66226 -0.90753 4
-0.75940 -0.67475 1.45328 -0.28305 -0.23057 0.01156 -0.58370 -0.72700 -0.48893 -0.45855 4
-0.75940 1.48167 -0.68794 -0.61612 -0.58325 -0.34706 -0.78558 -0.78557 -0.82648 -0.67406 4
1.31652 -0.67475 -0.68794 -0.90756 -0.88554 -0.94476 -1.07719 -1.07165 -1.12297 -0.96859 4
1.31652 -0.67475 -0.68794 0.63291 0.67633 0.25064 0.53072 0.72144 0.38687 0.38195 4
1.31652 -0.67475 -0.68794 0.84108 0.77709 0.72880 1.24036 1.01878 1.02547 1.69658 4
1.31652 -0.67475 -0.68794 1.54887 1.63361 1.32650 1.05887 2.42893 2.39847 1.54213 4
1.31652 -0.67475 -0.68794 0.63291 0.67633 2.16328 0.66938 0.73270 0.39143 0.87045 4
-0.75940 1.48167 -0.68794 1.04925 1.12978 1.32650 1.62882 1.48508 1.91496 1.38768 4
1.31652 -0.67475 -0.68794 0.88272 1.07939 0.72880 1.13432 1.24405 1.04828 1.01413 4
-0.75940 -0.67475 1.45328 0.79945 0.62595 0.37018 0.27990 0.39481 -0.08752 0.32448 4
1.31652 -0.67475 -0.68794 1.04925 1.18016 1.20696 1.10067 1.07285 1.05284 1.15780 4
-0.75940 1.48167 -0.68794 1.17416 1.33131 1.32650 1.90718 2.21268 1.65039 1.66067 4
-0.75940 1.48167 -0.68794 1.21579 1.02901 0.37018 0.91613 0.90615 1.13039 0.85608 4
1.31652 -0.67475 -0.68794 1.21579 1.33131 1.32650 0.79173 0.77775 0.84758 0.66571 4
1.31652 -0.67475 -0.68794 1.34069 1.28092 0.84834 1.23016 1.25081 0.60582 1.58883 4
-0.75940 1.48167 -0.68794 1.04925 0.92824 0.72880 1.17408 1.50761 1.25354 0.60824 4
1.31652 -0.67475 -0.68794 0.79945 0.72671 0.37018 0.87024 0.75523 1.76443 0.56514 4
1.31652 -0.67475 -0.68794 1.29906 1.33131 1.32650 1.94490 0.88813 1.30372 1.36254 4
1.31652 -0.67475 -0.68794 -0.19978 0.12212 -0.34706 -0.42567 -0.47020 -0.27910 -0.24303 4
1.31652 -0.67475 -0.68794 -0.03324 0.02135 -0.58614 -0.11979 -0.43416 -0.21524 0.15207 4
-0.75940 1.48167 -0.68794 1.29906 1.43207 1.20696 1.99486 2.08653 1.68688 1.98394 4
-0.75940 1.48167 -0.68794 0.50801 0.52518 0.25064 0.35637 0.64710 0.27283 0.09101 4
-0.75940 1.48167 -0.68794 1.29906 1.43207 0.84834 1.31377 1.59321 0.92512 1.36972 4
-0.75940 1.48167 -0.68794 0.88272 1.07939 0.48972 1.03440 0.87236 1.27635 0.79861 4
1.31652 -0.67475 -0.68794 0.29983 0.42441 0.13110 0.21770 0.29569 -0.14682 0.24187 4
1.31652 -0.67475 -0.68794 0.75781 0.67633 1.56558 1.03644 1.08186 0.92056 0.94229 4
1.31652 -0.67475 -0.68794 0.50801 0.42441 0.25064 0.34311 0.20784 0.93424 0.08742 4
-0.75940 1.48167 -0.68794 1.04925 0.97863 0.60926 1.07722 0.96022 0.91600 1.37332 4
1.31652 -0.67475 -0.68794 1.21579 1.28092 1.20696 1.71345 1.74413 1.03003 1.93365 4
1.31652 -0.67475 -0.68794 -0.19978 -0.07942 -0.22752 -0.33492 -0.45669 -0.43419 0.00840 4
-0.75940 1.48167 -0.68794 0.34147 0.42441 -0.10798 0.32578 0.12449 -0.28366 0.51126 4
-0.75940 1.48167 -0.68794 0.88272 0.72671 0.25064 0.45629 0.14702 1.41776 0.33167 4
1.31652 -0.67475 -0.68794 -0.11651 -0.07942 -0.22752 -0.37775 -0.40262 -0.12857 -0.24303 4
-0.75940 1.48167 -0.68794 -0.15815 -0.33133 0.96788 -0.53170 -0.57157 -0.28366 -0.49447 4
1.31652 -0.67475 -0.68794 0.38310 0.52518 0.01156 0.25441 0.39255 0.23634 0.04432 4
-0.75940 -0.67475 1.45328 -0.74103 -0.78478 -0.34706 -0.86205 -0.85991 -0.68507 -1.02606 4
-0.75940 -0.67475 1.45328 -0.07488 -0.18018 0.01156 -0.55719 -0.71799 -0.61209 -0.11013 4
-0.75940 1.48167 -0.68794 0.00839 -0.02903 0.48972 -0.34818 -0.42290 -0.62121 -0.09936 4
1.31652 -0.67475 -0.68794 -0.03324 -0.23057 -0.58614 -0.32575 -0.54454 -0.07840 -0.24303 4
1.31652 -0.67475 -0.68794 -0.15815 -0.23057 0.25064 -0.38182 -0.51075 -0.26086 -0.17120 4
1.31652 -0.67475 -0.68794 0.42474 0.42441 0.60926 0.18915 -0.14357 0.40512 0.12334 4
1.31652 -0.67475 -0.68794 0.54964 0.52518 -0.22752 0.55723 0.43085 0.22722 0.65494 4
-0.75940 1.48167 -0.68794 0.59127 0.57556 0.01156 0.57966 0.71243 0.57845 0.47534 4
1.31652 -0.67475 -0.68794 0.75781 0.97863 0.60926 1.04256 0.77550 0.92056 1.22964 4
1.31652 -0.67475 -0.68794 2.00685 1.93590 1.92420 3.00426 2.91775 2.99602 2.74182 4
1.31652 -0.67475 -0.68794 1.38233 1.23054 1.68512 1.53808 1.69457 2.04724 1.06082 4
1.31652 -0.67475 -0.68794 1.46560 1.68399 1.20696 2.94513 3.31421 2.16584 2.86754 4
1.31652 -0.67475 -0.68794 1.59050 1.43207 1.20696 2.39760 3.09571 2.06548 1.93006 4
1.31652 -0.67475 -0.68794 1.67377 0.97863 1.08742 2.34356 3.00335 2.23426 1.52058 4
-0.75940 1.48167 -0.68794 0.59127 0.57556 0.37018 0.40225 0.47365 -0.62577 0.47534 4
-0.75940 1.48167 -0.68794 0.75781 0.67633 0.60926 0.39613 0.59079 0.13599 0.46457 4
-0.75940 1.48167 -0.68794 0.84108 0.72671 0.37018 0.76421 1.02329 0.53284 0.57232 4
-0.75940 1.48167 -0.68794 1.46560 1.38169 -0.22752 1.48302 1.41074 1.76443 -0.31487 4
1.31652 -0.67475 -0.68794 1.63214 1.68399 1.80466 2.74121 2.66771 3.49778 2.13839 4
-0.75940 -0.67475 1.45328 0.79945 0.77709 0.96788 0.66326 0.60430 0.68793 0.54718 4
-0.75940 1.48167 -0.68794 0.79945 1.07939 0.37018 1.01299 1.39272 0.72898 0.69086 4
-0.75940 -0.67475 1.45328 0.84108 0.62595 0.37018 0.74789 1.27784 0.22722 0.54359 4
-0.75940 1.48167 -0.68794 1.00762 0.72671 1.20696 1.10577 1.50085 1.00267 0.79861 4
-0.75940 1.48167 -0.68794 1.13252 1.28092 0.84834 1.40451 1.58419 1.20337 1.26556 4
1.31652 -0.67475 -0.68794 1.88194 1.88552 1.56558 2.83807 3.26015 2.19320 2.81007 4
-0.75940 1.48167 -0.68794 0.75781 0.87786 0.48972 0.86922 1.00076 1.26723 0.60106 4
-0.75940 1.48167 -0.68794 1.00762 1.02901 0.96788 1.61251 1.90182 1.29004 1.64271 5
-0.75940 1.48167 -0.68794 1.21579 1.23054 1.56558 1.16797 1.27784 0.60126 1.27274 5
1.31652 -0.67475 -0.68794 1.46560 1.43207 0.84834 1.24749 1.33866 1.07565 0.97821 5
-0.75940 1.48167 -0.68794 1.63214 1.68399 0.96788 1.71651 1.67881 1.64127 1.88336 5
1.31652 -0.67475 -0.68794 0.67454 0.37403 0.01156 0.31252 0.31596 0.25459 0.40351 5
-0.75940 1.48167 -0.68794 1.63214 1.68399 1.80466 2.59235 2.23971 2.75426 2.60892 5
1.31652 -0.67475 -0.68794 0.79945 1.02901 0.84834 0.65613 0.35201 0.41880 1.15780 5
-0.75940 1.48167 -0.68794 0.96598 1.02901 1.44604 1.14554 1.12916 1.37670 1.22964 5
1.31652 -0.67475 -0.68794 0.00839 0.17250 -0.46660 -0.25845 -0.11654 -0.31103 -0.13528 5
-0.75940 1.48167 -0.68794 1.04925 0.92824 0.60926 0.64389 0.56601 0.34125 0.90637 5
-0.75940 1.48167 -0.68794 -0.15815 -0.23057 -0.10798 -0.42873 -0.48822 -0.57560 -0.27895 5
-0.75940 1.48167 -0.68794 -0.07488 0.27326 0.72880 -0.40324 -0.37334 -0.63490 -0.16401 5
1.31652 -0.67475 -0.68794 0.21656 0.42441 0.37018 -0.08002 -0.07374 -0.19700 0.08024 5
-0.75940 1.48167 -0.68794 -0.99083 -0.83516 -0.70568 -0.96096 -0.96578 -0.98613 -0.92549 5
-0.75940 1.48167 -0.68794 -0.19978 -0.02903 0.25064 -0.47359 -0.47921 -0.49805 -0.38671 5
-0.75940 -0.67475 1.45328 -0.74103 -0.73439 -0.70568 -0.90896 -0.91848 -1.03174 -0.74590 5
-0.75940 1.48167 -0.68794 0.50801 0.07173 0.37018 -0.26559 -0.26747 -0.31559 -0.31487 5
-0.75940 1.48167 -0.68794 -0.40795 -0.43210 -0.22752 -0.71013 -0.76079 -0.60753 -0.65610 5
-0.75940 1.48167 -0.68794 0.54964 0.47480 0.60926 0.67754 0.09295 0.59213 0.29575 5
1.31652 -0.67475 -0.68794 -0.03324 -0.07942 0.60926 0.05660 -0.38235 0.18617 -0.20711 5
1.31652 -0.67475 -0.68794 -0.61612 -0.48248 0.48972 -0.53374 -0.83513 -0.51174 -0.09936 5
-0.75940 1.48167 -0.68794 -0.36632 -0.18018 -0.34706 -0.28190 -0.63239 -0.23349 -0.27895 5
1.31652 -0.67475 -0.68794 0.88272 0.62595 0.25064 0.62554 0.80929 0.47354 0.52204 5
-0.75940 1.48167 -0.68794 1.63214 1.58322 0.72880 1.59926 1.63826 1.32197 1.83667 5
-0.75940 1.48167 -0.68794 0.71618 0.62595 1.32650 0.90695 0.49392 1.37670 1.14343 5
1.31652 -0.67475 -0.68794 1.00762 0.87786 1.20696 1.44836 1.13592 2.07461 1.48107 5
-0.75940 1.48167 -0.68794 1.09089 1.07939 1.44604 1.35659 1.64952 1.17144 1.19372 5
1.31652 -0.67475 -0.68794 0.59127 0.62595 0.84834 0.33088 0.10197 0.53740 1.87618 5
1.31652 -0.67475 -0.68794 0.63291 0.42441 0.25064 0.07700 0.04565 0.13599 0.11616 5
1.31652 -0.67475 -0.68794 1.04925 1.02901 0.84834 0.99463 1.23954 0.72898 0.89919 5
-0.75940 1.48167 -0.68794 1.00762 1.12978 1.20696 0.98240 0.99401 0.97986 0.94229 5
-0.75940 1.48167 -0.68794 1.09089 0.92824 0.01156 0.69691 0.81605 1.24898 0.33167 5
1.31652 -0.67475 -0.68794 -0.53285 -0.53286 -0.70568 -0.84370 -0.65041 -0.89946 -0.78182 5
-0.75940 -0.67475 1.45328 -0.61612 -0.48248 -0.34706 -0.77233 -0.75854 -0.85841 -0.67406 5
1.31652 -0.67475 -0.68794 1.75704 1.48246 1.92420 3.06748 3.96522 1.67776 2.73464 5
1.31652 -0.67475 -0.68794 0.88272 0.82748 0.48972 0.53276 0.21460 0.39599 0.82735 5
-0.75940 1.48167 -0.68794 0.34147 0.42441 0.60926 0.30131 -0.16835 0.57845 0.94229 5
1.31652 -0.67475 -0.68794 0.79945 0.92824 1.44604 0.79989 0.45563 0.75179 1.37332 5
-0.75940 1.48167 -0.68794 0.00839 0.22288 -0.34706 -0.03210 -0.12555 -0.13314 -0.44059 5
-0.75940 1.48167 -0.68794 0.42474 0.42441 -0.46660 0.26460 0.39481 -0.10577 0.25983 5
-0.75940 1.48167 -0.68794 0.59127 0.87786 1.08742 0.93040 0.25514 0.39599 1.76842 5
-0.75940 1.48167 -0.68794 -0.61612 -0.48248 -0.34706 -0.67139 -0.70222 -0.73525 -0.49447 5
1.31652 -0.67475 -0.68794 0.88272 1.07939 0.37018 0.87738 0.23037 0.14967 1.22964 5
1.31652 -0.67475 -0.68794 0.79945 0.67633 1.08742 1.01197 1.10438 1.31741 0.65494 5
-0.75940 1.48167 -0.68794 -0.28305 -0.18018 -0.10798 -0.51029 -0.50850 -0.52542 -0.27895 5
-0.75940 -0.67475 1.45328 -0.69939 -0.63363 -0.94476 -0.94362 -1.06940 -0.82192 -0.85365 5
1.31652 -0.67475 -0.68794 -0.19978 0.07173 0.60926 -0.28598 -0.49723 -0.38858 0.08024 5
-0.75940 1.48167 -0.68794 0.63291 0.97863 1.20696 0.61229 0.35651 0.68793 0.87045 5
-0.75940 -0.67475 1.45328 0.75781 0.82748 0.37018 0.32578 0.24839 0.13143 0.76269 5
-0.75940 1.48167 -0.68794 -0.11651 -0.07942 -0.22752 -0.52049 -0.63239 -0.40226 -0.31487 5
-0.75940 -0.67475 1.45328 0.79945 0.77709 0.96788 0.71323 0.48716 0.77459 1.08596 5
-0.75940 1.48167 -0.68794 0.09166 -0.07942 0.25064 -0.04943 -0.11203 0.29108 -0.20711 5
1.31652 -0.67475 -0.68794 -0.15815 -0.28095 -0.22752 -0.35226 -0.59635 -0.01910 -0.13528 5
1.31652 -0.67475 -0.68794 1.25743 1.38169 1.08742 1.85314 2.32756 1.21249 1.65348 5
-0.75940 1.48167 -0.68794 1.63214 1.68399 0.72880 2.25282 2.49426 1.90127 1.94802 5
1.31652 -0.67475 -0.68794 1.67377 1.68399 2.40236 2.81666 4.46756 2.12022 1.88695 5
1.31652 -0.67475 -0.68794 0.42474 0.32365 0.48972 0.27072 0.55700 -0.13314 0.25983 5
-0.75940 -0.67475 1.45328 0.92435 0.92824 0.60926 1.34640 1.60222 1.49530 0.88123 5
1.31652 -0.67475 -0.68794 1.63214 1.43207 1.56558 2.64333 3.54173 2.38935 1.95520 5
1.31652 -0.67475 -0.68794 0.38310 0.07173 -0.22752 0.10452 0.30695 0.13599 -0.00597 5
1.31652 -0.67475 -0.68794 1.42396 1.38169 1.08742 1.51463 1.37470 1.85110 1.52058 5
-0.75940 1.48167 -0.68794 1.04925 1.07939 1.32650 1.16593 0.72144 1.63671 1.44515 5
-0.75940 1.48167 -0.68794 -0.32468 -0.33133 0.13110 -0.48990 -0.54454 -0.59384 -0.35079 5
-0.75940 1.48167 -0.68794 0.84108 1.18016 1.32650 1.06703 0.41058 0.58301 2.09169 5
1.31652 -0.67475 -0.68794 0.54964 0.67633 0.37018 0.05762 -0.01517 -0.06015 0.29575 5
1.31652 -0.67475 -0.68794 0.63291 0.72671 0.84834 0.81620 0.23938 0.84758 1.26556 5
-0.75940 1.48167 -0.68794 0.54964 0.57556 0.48972 0.55417 0.66062 0.65599 0.40351 5
-0.75940 1.48167 -0.68794 0.17493 0.37403 0.84834 0.04845 -0.05797 0.07669 0.40351 5
-0.75940 1.48167 -0.68794 1.21579 1.12978 0.25064 1.17714 0.71919 1.52723 0.94229 5
-0.75940 -0.67475 1.45328 -0.65776 -0.78478 -0.94476 -0.79884 -0.88469 -0.95876 -0.49447 5
1.31652 -0.67475 -0.68794 0.13330 0.07173 -0.22752 -0.00865 -0.39361 0.41424 0.00840 5
-0.75940 1.48167 -0.68794 1.38233 1.38169 1.56558 2.25180 1.91984 2.26619 1.86181 5
1.31652 -0.67475 -0.68794 1.21579 1.02901 0.96788 1.73588 2.55282 1.06653 1.11111 5
1.31652 -0.67475 -0.68794 1.46560 1.43207 1.44604 1.41573 1.50310 1.14407 1.44874 5
-0.75940 1.48167 -0.68794 0.67454 0.87786 0.72880 0.53582 0.34750 0.82933 0.69086 5
-0.75940 1.48167 -0.68794 1.13252 1.18016 0.48972 0.91409 0.62232 1.26267 1.11470 5
1.31652 -0.67475 -0.68794 0.75781 0.82748 0.72880 0.64491 0.59529 0.25003 0.74833 5
-0.75940 1.48167 -0.68794 1.21579 1.38169 0.84834 1.79094 1.53238 1.88303 2.41496 5
-0.75940 1.48167 -0.68794 -0.40795 -0.33133 0.01156 -0.66833 -0.75403 -0.57560 -0.45855 5
1.31652 -0.67475 -0.68794 0.42474 0.47480 1.08742 0.66734 0.87011 0.56933 0.40351 5
-0.75940 1.48167 -0.68794 0.79945 0.92824 0.84834 0.64695 0.52996 0.45073 1.08596 5
-0.75940 -0.67475 1.45328 -0.24141 -0.28095 0.13110 -0.63978 -0.83062 -0.75349 -0.19275 5
-0.75940 -0.67475 1.45328 -0.28305 -0.23057 -0.58614 -0.29720 -0.14808 -0.17419 -0.53038 5
1.31652 -0.67475 -0.68794 0.17493 0.12212 -0.34706 0.29723 -0.02869 -0.06015 0.47534 5
-0.75940 1.48167 -0.68794 0.67454 0.42441 0.60926 0.80295 -0.01067 0.19529 1.05005 5
-0.75940 -0.67475 1.45328 -0.36632 -0.18018 0.25064 -0.41037 -0.37559 -0.42507 -0.38671 5
-0.75940 1.48167 -0.68794 -0.40795 -0.07942 -0.58614 -0.58676 -0.78106 -0.71244 -0.20711 5
1.31652 -0.67475 -0.68794 0.05003 0.17250 -0.70568 -0.18300 -0.55130 -0.17875 0.40351 5
1.31652 -0.67475 -0.68794 0.00839 0.02135 0.60926 -0.05759 -0.43191 0.16336 0.08024 5
-0.75940 1.48167 -0.68794 0.84108 0.87786 0.48972 0.82640 1.23504 0.10406 0.79861 5
-0.75940 1.48167 -0.68794 0.00839 -0.28095 0.01156 -0.45320 -0.74502 -0.30191 -0.20711 5
-0.75940 1.48167 -0.68794 0.75781 0.67633 0.72880 0.55825 0.49618 0.50091 0.76269 5
-0.75940 1.48167 -0.68794 -0.07488 0.17250 0.01156 -0.12794 -0.24944 -0.07384 0.11616 5
1.31652 -0.67475 -0.68794 0.79945 0.77709 1.56558 0.79581 0.12674 0.63775 1.05005 5
1.31652 -0.67475 -0.68794 -0.32468 -0.12980 0.01156 -0.40629 -0.58959 -0.48893 -0.09936 5
-0.75940 1.48167 -0.68794 0.92435 1.28092 1.20696 0.84271 0.97599 0.61038 1.08596 5
1.31652 -0.67475 -0.68794 0.42474 0.47480 0.13110 0.68570 0.99851 0.42792 0.43943 5
1.31652 -0.67475 -0.68794 -0.28305 0.12212 -0.34706 -0.44810 -0.54229 -0.33840 -0.13528 5
1.31652 -0.67475 -0.68794 0.50801 0.67633 -0.46660 0.23707 0.22811 0.28196 0.29575 5
-0.75940 -0.67475 1.45328 -1.15737 -1.03669 -1.06430 -1.17609 -1.20681 -1.14578 -1.06917 5
-0.75940 1.48167 -0.68794 1.00762 1.43207 0.84834 0.94365 0.94895 1.13039 0.65494 5
-0.75940 -0.67475 1.45328 0.00839 -0.02903 0.25064 -0.06881 -0.23368 0.22266 0.11616 5
-0.75940 -0.67475 1.45328 -0.61612 -0.63363 -0.10798 -0.78660 -0.72925 -0.84928 -0.87161 5
-0.75940 -0.67475 1.45328 -0.69939 -0.63363 -0.46660 -0.69688 -0.73376 -0.66226 -0.56630 5
1.31652 -0.67475 -0.68794 0.09166 0.02135 -0.10798 0.06782 -0.33279 -0.25630 0.58310 5
1.31652 -0.67475 -0.68794 0.05003 0.32365 1.56558 0.01276 -0.17736 0.33669 0.04432 5
-0.75940 1.48167 -0.68794 1.88194 2.03667 2.28282 3.42536 3.93143 3.08725 2.68076 5
-0.75940 1.48167 -0.68794 2.42319 2.43973 2.64144 2.90842 2.39289 2.18408 4.01335 5
1.31652 -0.67475 -0.68794 -0.24141 -0.23057 -0.10798 -0.39814 -0.71799 -0.52998 0.15207 5
1.31652 -0.67475 -0.68794 1.04925 0.87786 0.96788 1.96631 1.98742 1.44513 2.09169 5
-0.75940 1.48167 -0.68794 0.92435 1.02901 0.84834 0.78256 0.96472 0.73354 0.87045 5
-0.75940 1.48167 -0.68794 0.46637 0.67633 -0.10798 0.19629 0.14251 -0.14226 0.25983 5
-0.75940 1.48167 -0.68794 1.71540 1.43207 1.56558 2.20082 0.82055 1.60478 2.56941 5
-0.75940 1.48167 -0.68794 0.38310 0.57556 0.37018 0.08821 -0.15709 0.53284 0.33167 5
-0.75940 1.48167 -0.68794 0.00839 -0.02903 -0.58614 -0.22175 -0.22016 0.09950 -0.27895 5
-0.75940 1.48167 -0.68794 0.96598 0.97863 1.20696 0.82946 0.37904 1.18512 0.90637 5
1.31652 -0.67475 -0.68794 1.17416 1.28092 0.37018 1.13024 1.06609 0.69249 1.76842 5
1.31652 -0.67475 -0.68794 0.54964 0.42441 -0.46660 -0.16363 -0.11203 -0.44788 -0.13528 5
1.31652 -0.67475 -0.68794 -0.19978 -0.23057 -0.46660 -0.39814 -0.58058 -0.50718 -0.02752 5
-0.75940 1.48167 -0.68794 1.25743 1.28092 1.92420 1.58090 1.16295 2.23426 1.53854 5
1.31652 -0.67475 -0.68794 -0.57449 -0.43210 -1.06430 -0.64182 -0.60761 -0.72612 -0.63814 5
1.31652 -0.67475 -0.68794 0.29983 0.42441 0.48972 0.19017 0.32723 -0.02366 0.15207 5
1.31652 -0.67475 -0.68794 0.29983 0.42441 0.84834 0.37166 0.10872 0.23634 0.94229 5
-0.75940 1.48167 -0.68794 0.34147 0.42441 1.32650 0.35637 0.21009 0.63775 0.33167 5
1.31652 -0.67475 -0.68794 0.34147 0.57556 0.84834 0.33903 0.13575 0.02195 0.94229 5
1.31652 -0.67475 -0.68794 0.54964 0.92824 0.60926 0.56232 0.43761 0.56477 0.72678 5
-0.75940 1.48167 -0.68794 0.96598 1.33131 0.84834 0.79989 0.67864 0.71529 1.08596 5
1.31652 -0.67475 -0.68794 0.38310 0.57556 -0.34706 0.04131 0.08620 -0.03735 0.00840 5
1.31652 -0.67475 -0.68794 1.09089 1.23054 0.84834 0.88656 0.57051 0.75635 1.26556 5
-0.75940 1.48167 -0.68794 0.84108 0.92824 0.25064 0.25339 -0.06698 0.39143 0.47534 5
1.31652 -0.67475 -0.68794 0.63291 0.62595 0.84834 0.56334 0.57276 0.60582 0.54718 5
1.31652 -0.67475 -0.68794 -0.86593 -0.83516 -0.58614 -1.10166 -1.16852 -1.12753 -0.90035 5
1.31652 -0.67475 -0.68794 0.34147 0.32365 1.08742 0.16366 -0.06923 0.47354 0.11616 5
1.31652 -0.67475 -0.68794 0.00839 0.02135 -0.22752 0.32884 0.12224 0.56933 0.40351 5
1.31652 -0.67475 -0.68794 -0.03324 -0.07942 -0.46660 -0.01171 -0.27648 -0.00085 0.18799 5
1.31652 -0.67475 -0.68794 0.50801 -0.02903 0.25064 0.87228 0.34074 0.19529 0.61902 5
-0.75940 1.48167 -0.68794 -0.36632 -0.07942 -0.34706 -0.14222 -0.66168 -0.01454 0.00840 5
1.31652 -0.67475 -0.68794 0.96598 1.58322 2.16328 1.41165 1.28234 1.74618 1.20090 5
1.31652 -0.67475 -0.68794 1.00762 0.87786 1.08742 1.35557 0.75297 0.89319 1.55291 5
-0.75940 1.48167 -0.68794 0.63291 0.62595 1.44604 0.41244 0.14702 0.20897 0.36759 5
-0.75940 -0.67475 1.45328 0.79945 0.77709 0.72880 0.77338 0.54573 1.13039 0.65494 5
1.31652 -0.67475 -0.68794 0.67454 0.82748 0.37018 0.66123 0.64710 0.63775 0.40351 5
-0.75940 -0.67475 1.45328 -0.36632 -0.28095 -0.34706 -0.62347 -0.67069 -0.69419 -0.45855 5
-0.75940 1.48167 -0.68794 0.71618 0.87786 1.20696 0.78358 0.47140 1.14407 0.90637 5
-0.75940 1.48167 -0.68794 -0.49122 -0.18018 0.01156 -0.55719 -0.65942 -0.66683 -0.17120 5
1.31652 -0.67475 -0.68794 1.04925 1.12978 1.20696 1.05173 0.71919 1.14407 1.49185 5
-0.75940 1.48167 -0.68794 1.34069 1.38169 0.96788 1.91533 1.75765 1.92864 1.76842 5
-0.75940 1.48167 -0.68794 0.88272 0.92824 0.37018 0.35942 0.03439 0.16792 0.87045 5
1.31652 -0.67475 -0.68794 1.13252 1.38169 1.08742 1.00177 0.77100 0.75635 1.55291 5
1.31652 -0.67475 -0.68794 0.46637 0.52518 0.60926 0.81315 0.51194 0.14511 1.40923 5
1.31652 -0.67475 -0.68794 0.09166 0.12212 0.60926 0.18507 -0.10753 0.16336 0.15207 5
-0.75940 1.48167 -0.68794 0.84108 1.18016 1.80466 1.52483 0.68540 0.71986 3.06150 5
1.31652 -0.67475 -0.68794 0.67454 0.77709 0.84834 0.64491 0.32948 0.81565 1.19372 5
-0.75940 1.48167 -0.68794 0.38310 0.27326 0.01156 -0.04128 -0.16159 0.02195 -0.13528 5
-0.75940 -0.67475 1.45328 0.63291 0.37403 0.84834 0.46546 0.10647 0.32301 0.83453 5
-0.75940 1.48167 -0.68794 1.34069 1.18016 0.84834 1.79706 0.82055 1.17144 2.45088 5
-0.75940 -0.67475 1.45328 -0.69939 -0.78478 -0.10798 -0.62551 -0.85315 -0.82192 -0.31487 5
1.31652 -0.67475 -0.68794 0.42474 0.62595 0.60926 0.04947 -0.30351 -0.01454 0.79861 5
1.31652 -0.67475 -0.68794 0.13330 0.27326 0.96788 0.34107 0.10872 0.41424 0.61902 5
-0.75940 1.48167 -0.68794 -0.28305 -0.48248 -0.70568 -0.66935 -0.89370 -0.67139 -0.31487 5
1.31652 -0.67475 -0.68794 2.09011 1.63361 1.92420 2.45368 1.69232 2.69040 3.01481 5
-0.75940 1.48167 -0.68794 0.46637 0.47480 0.48972 0.18915 -0.21340 0.14055 0.43943 5
-0.75940 1.48167 -0.68794 1.17416 1.28092 1.20696 1.36067 0.98274 0.92056 1.69658 5
-0.75940 1.48167 -0.68794 0.79945 0.77709 1.92420 1.39126 0.67639 0.94337 1.94802 5
1.31652 -0.67475 -0.68794 1.00762 0.92824 1.20696 0.81620 0.74171 0.88863 1.12188 5
-0.75940 -0.67475 1.45328 0.13330 0.27326 0.13110 0.28805 0.31146 0.35950 0.18081 5
-0.75940 -0.67475 1.45328 0.54964 0.57556 1.32650 0.52970 0.04114 0.05844 0.97821 5
-0.75940 -0.67475 1.45328 0.71618 0.52518 0.72880 0.91613 0.22811 0.69705 0.94229 5
1.31652 -0.67475 -0.68794 1.17416 1.18016 0.60926 1.03848 0.86561 1.61390 0.79861 5
1.31652 -0.67475 -0.68794 0.34147 0.47480 0.72880 0.15856 -0.07824 -0.22437 0.58310 5
1.31652 -0.67475 -0.68794 0.75781 0.72671 1.20696 1.08334 0.77100 0.51915 1.66067 5
-0.75940 1.48167 -0.68794 0.63291 0.67633 0.96788 0.67958 0.68314 0.79284 0.58310 5
1.31652 -0.67475 -0.68794 -0.82430 -0.93593 -0.34706 -0.97115 -1.10770 -1.13209 -0.78182 5
1.31652 -0.67475 -0.68794 0.17493 0.02135 0.13110 0.09025 -0.25170 0.14055 0.51126 5
1.31652 -0.67475 -0.68794 -0.36632 -0.12980 0.25064 -0.30026 -0.65267 -0.36577 0.07664 5
-0.75940 1.48167 -0.68794 1.09089 0.92824 0.96788 1.19652 0.66963 1.21705 1.48107 5
-0.75940 1.48167 -0.68794 1.29906 1.43207 0.84834 1.97651 2.05274 1.93320 1.55291 5
1.31652 -0.67475 -0.68794 1.46560 1.28092 0.48972 1.82867 1.21927 0.75635 2.16353 5
1.31652 -0.67475 -0.68794 0.29983 0.42441 1.08742 0.49197 0.09521 -0.05103 1.22964 5
-0.75940 1.48167 -0.68794 0.34147 0.47480 0.84834 0.37574 -0.07824 0.24090 0.79861 5
1.31652 -0.67475 -0.68794 0.88272 1.07939 0.48972 0.38186 0.27992 0.57845 0.83453 5
1.31652 -0.67475 -0.68794 0.63291 0.92824 0.48972 0.37982 0.18081 -0.06471 0.65494 5
-0.75940 1.48167 -0.68794 0.54964 0.42441 0.48972 0.14531 -0.00616 -0.22437 0.54718 5
-0.75940 -0.67475 1.45328 -0.61612 -0.53286 -0.46660 -0.84982 -1.10319 -1.04086 -0.56630 5
1.31652 -0.67475 -0.68794 -0.19978 -0.28095 0.37018 -0.34410 -0.42290 -0.40226 -0.17120 5
-0.75940 1.48167 -0.68794 0.05003 0.07173 0.25064 -0.10449 -0.55130 -0.35665 0.65494 5
-0.75940 1.48167 -0.68794 1.67377 1.68399 0.84834 2.64129 1.82748 2.47145 4.39050 5
1.31652 -0.67475 -0.68794 0.92435 1.18016 1.56558 1.33620 0.85885 1.19425 1.37332 5
-0.75940 1.48167 -0.68794 1.04925 1.18016 0.84834 1.21079 1.12916 1.08477 1.48107 5
-0.75940 1.48167 -0.68794 1.25743 1.38169 1.32650 1.84702 1.46481 1.72337 2.63047 5
1.31652 -0.67475 -0.68794 0.63291 0.62595 0.37018 0.42264 0.35201 0.14055 0.61902 5
-0.75940 -0.67475 1.45328 0.05003 0.12212 1.08742 -0.15649 -0.27197 -0.22437 -0.24303 5
-0.75940 1.48167 -0.68794 0.71618 0.77709 1.68512 1.05173 0.79127 0.36406 1.98394 5
1.31652 -0.67475 -0.68794 -0.28305 -0.18018 0.25064 -0.52151 -0.60536 -0.51630 -0.49447 5
-0.75940 1.48167 -0.68794 -0.28305 -0.43210 -0.22752 -0.29618 -0.87568 -0.44788 -0.24303 5
1.31652 -0.67475 -0.68794 1.09089 1.33131 1.80466 2.07031 1.72611 1.33565 2.48680 5
-0.75940 1.48167 -0.68794 -0.03324 -0.12980 0.96788 -0.38488 -0.90721 -0.64402 0.04432 5
-0.75940 1.48167 -0.68794 0.79945 1.12978 2.04374 0.72342 0.08394 0.81565 1.12188 5
1.31652 -0.67475 -0.68794 -0.07488 -0.07942 0.48972 -0.02292 -0.48597 -0.22437 0.43943 5
-0.75940 1.48167 -0.68794 1.00762 0.82748 1.80466 1.17714 0.30245 0.43705 1.94802 5
