-0.75940 -0.67475 1.45328 -3.28073 -3.10239 -2.61831 -1.66346 -1.59877 -1.62017 -1.68697 1
-0.75940 -0.67475 1.45328 -2.78111 -2.69933 -2.61831 -1.62573 -1.56273 -1.60192 -1.64028 1
-0.75940 -0.67475 1.45328 -2.98929 -2.90086 -2.14016 -1.64715 -1.58525 -1.60648 -1.61513 1
-0.75940 -0.67475 1.45328 -2.57294 -2.59857 -2.02062 -1.60636 -1.55146 -1.56543 -1.62591 1
-0.75940 -0.67475 1.45328 -2.03169 -1.99397 -1.30338 -1.47279 -1.44334 -1.37841 -1.50019 1
-0.75940 -0.67475 1.45328 -2.78111 -2.64895 -2.37924 -1.61248 -1.54471 -1.58824 -1.60795 1
-0.75940 -0.67475 1.45328 -2.98929 -3.00163 -2.85739 -1.65122 -1.58976 -1.62473 -1.67979 1
-0.75940 -0.67475 1.45328 -2.73948 -2.74971 -2.37924 -1.62369 -1.55822 -1.60192 -1.64746 1
-0.75940 -0.67475 1.45328 -3.03092 -3.00163 -2.73785 -1.65020 -1.58525 -1.60192 -1.67260 1
-0.75940 -0.67475 1.45328 -2.48967 -2.39703 -1.66200 -1.57475 -1.51092 -1.52894 -1.60077 1
-0.75940 -0.67475 1.45328 -2.23987 -2.14512 -2.02062 -1.54213 -1.49064 -1.49245 -1.56485 1
-0.75940 -0.67475 1.45328 -2.07333 -2.09474 -2.02062 -1.50134 -1.44784 -1.45596 -1.52893 1
-0.75940 -0.67475 1.45328 -1.74025 -1.74205 -1.54246 -1.42793 -1.38927 -1.39210 -1.42476 1
1.31652 -0.67475 -0.68794 -2.98929 -2.85048 -2.37924 -1.64001 -1.57624 -1.60648 -1.65824 1
-0.75940 -0.67475 1.45328 -2.28150 -2.29627 -1.78154 -1.52581 -1.46361 -1.47876 -1.56125 1
-0.75940 -0.67475 1.45328 -2.19823 -2.04435 -1.66200 -1.49217 -1.43207 -1.47420 -1.49660 1
1.31652 -0.67475 -0.68794 -2.32314 -2.29627 -1.78154 -1.56048 -1.50866 -1.52438 -1.57203 1
-0.75940 -0.67475 1.45328 -2.90602 -2.85048 -2.14016 -1.64205 -1.58300 -1.61561 -1.65824 1
-0.75940 -0.67475 1.45328 -2.23987 -2.19550 -1.54246 -1.51358 -1.46361 -1.46052 -1.53611 1
-0.75940 -0.67475 1.45328 -2.57294 -2.54818 -1.90108 -1.58291 -1.52443 -1.49701 -1.60795 1
-0.75940 -0.67475 1.45328 -2.36477 -2.34665 -2.02062 -1.54621 -1.50641 -1.51982 -1.56485 1
-0.75940 -0.67475 1.45328 -1.69862 -1.69167 -1.18384 -1.36880 -1.30367 -1.40578 -1.41040 1
-0.75940 -0.67475 1.45328 -0.86593 -0.88554 -0.58614 -0.92323 -0.85765 -0.80823 -0.99733 1
-0.75940 -0.67475 1.45328 -1.53208 -1.43976 -1.42292 -1.27907 -1.21357 -1.21420 -1.32060 1
-0.75940 -0.67475 1.45328 -1.15737 -1.28861 -1.18384 -1.22503 -1.15725 -1.26438 -1.24517 1
-0.75940 -0.67475 1.45328 -1.07410 -1.38937 -0.94476 -1.08127 -0.96803 -1.09104 -1.12664 1
-0.75940 -0.67475 1.45328 -1.03247 -1.18784 -0.94476 -1.14448 -1.07616 -1.09560 -1.16615 1
-0.75940 -0.67475 1.45328 -1.32391 -1.54052 -1.42292 -1.28519 -1.26538 -1.33280 -1.33497 1
-0.75940 -0.67475 1.45328 -0.69939 -0.68401 -0.82522 -0.93751 -0.88018 -0.91771 -0.98655 1
-0.75940 -0.67475 1.45328 -2.61458 -2.39703 -2.25970 -1.59311 -1.53344 -1.54719 -1.62232 1
-0.75940 -0.67475 1.45328 -1.99006 -1.99397 -2.02062 -1.48401 -1.43207 -1.49245 -1.47505 1
-0.75940 -0.67475 1.45328 -2.82275 -2.74971 -2.37924 -1.63491 -1.57174 -1.59736 -1.65105 1
-0.75940 -0.67475 1.45328 -1.94843 -1.99397 -1.66200 -1.46260 -1.40279 -1.46052 -1.50019 1
-0.75940 -0.67475 1.45328 -2.23987 -2.19550 -1.90108 -1.51460 -1.43883 -1.47876 -1.53611 1
1.31652 -0.67475 -0.68794 -1.24064 -1.03669 -1.18384 -1.02825 -0.99056 -1.13209 -1.03325 1
-0.75940 1.48167 -0.68794 -1.94843 -1.84282 -1.54246 -1.40448 -1.38702 -1.43315 -1.42836 1
1.31652 -0.67475 -0.68794 -2.90602 -2.74971 -2.37924 -1.62777 -1.56948 -1.57912 -1.64387 1
-0.75940 -0.67475 1.45328 -2.28150 -2.29627 -1.90108 -1.54111 -1.49290 -1.49245 -1.55407 1
-0.75940 -0.67475 1.45328 -1.36554 -1.49014 -1.42292 -1.32393 -1.28565 -1.36017 -1.28468 1
-0.75940 -0.67475 1.45328 -1.24064 -1.43976 -1.06430 -1.29029 -1.23610 -1.26438 -1.29546 1
-0.75940 -0.67475 1.45328 -2.44804 -2.39703 -2.14016 -1.57373 -1.50191 -1.52894 -1.60077 1
-0.75940 -0.67475 1.45328 -2.78111 -2.80010 -2.25970 -1.63593 -1.57850 -1.60192 -1.65105 1
-0.75940 -0.67475 1.45328 -1.44881 -1.43976 -1.06430 -1.28417 -1.29016 -1.20052 -1.28468 1
-0.75940 -0.67475 1.45328 -1.07410 -1.08708 -1.18384 -1.10778 -0.99506 -1.07736 -1.16256 1
-0.75940 -0.67475 1.45328 -2.11496 -2.19550 -1.90108 -1.48809 -1.41856 -1.49245 -1.50019 1
-0.75940 -0.67475 1.45328 -1.36554 -1.28861 -1.42292 -1.33209 -1.25412 -1.18683 -1.21284 1
1.31652 -0.67475 -0.68794 -2.11496 -2.09474 -1.42292 -1.44425 -1.40955 -1.39210 -1.42836 1
-0.75940 -0.67475 1.45328 -1.90679 -1.94359 -1.30338 -1.42895 -1.39829 -1.33736 -1.42836 1
-0.75940 -0.67475 1.45328 -2.07333 -2.04435 -1.54246 -1.46464 -1.41631 -1.38753 -1.46427 1
-0.75940 -0.67475 1.45328 -1.53208 -1.49014 -1.42292 -1.28213 -1.25862 -1.14122 -1.32060 1
-0.75940 -0.67475 1.45328 -2.28150 -2.19550 -1.90108 -1.53397 -1.45685 -1.54262 -1.53970 1
-0.75940 -0.67475 1.45328 -1.44881 -1.38937 -1.18384 -1.27091 -1.28115 -1.12297 -1.27031 1
-0.75940 -0.67475 1.45328 -1.03247 -0.98631 -0.94476 -1.06597 -1.03336 -1.10016 -1.04043 1
1.31652 -0.67475 -0.68794 -0.90756 -1.03669 -0.94476 -1.02723 -0.91622 -1.18683 -1.06198 1
-0.75940 -0.67475 1.45328 -2.23987 -2.19550 -2.14016 -1.52072 -1.48614 -1.45140 -1.52174 1
-0.75940 -0.67475 1.45328 -1.28227 -1.18784 -1.06430 -1.18221 -1.14824 -1.11841 -1.23439 1
-0.75940 -0.67475 1.45328 -1.24064 -1.28861 -1.18384 -1.25154 -1.24060 -1.10016 -1.32060 1
-0.75940 -0.67475 1.45328 -0.69939 -0.63363 -0.22752 -0.77335 -0.67744 -0.88578 -0.75308 1
-0.75940 1.48167 -0.68794 -0.65776 -0.73439 -0.70568 -0.80190 -0.70673 -0.64858 -0.85725 1
-0.75940 1.48167 -0.68794 -0.49122 -0.58325 -0.34706 -0.70708 -0.58283 -0.68051 -0.92908 1
1.31652 -0.67475 -0.68794 -0.36632 -0.33133 -0.58614 -0.31045 -0.17511 -0.67595 -0.49447 1
-0.75940 -0.67475 1.45328 -2.07333 -2.14512 -1.78154 -1.47381 -1.37576 -1.46508 -1.51456 1
-0.75940 -0.67475 1.45328 -1.28227 -1.28861 -0.94476 -1.23931 -1.09418 -1.40578 -1.25954 1
-0.75940 -0.67475 1.45328 -1.24064 -1.33899 -0.94476 -1.21586 -1.09418 -1.26438 -1.24876 1
-0.75940 -0.67475 1.45328 -1.65698 -1.84282 -1.54246 -1.40652 -1.36450 -1.35560 -1.06917 1
-0.75940 -0.67475 1.45328 -1.24064 -1.33899 -1.06430 -1.18731 -1.12346 -1.26894 -1.15896 1
-0.75940 -0.67475 1.45328 -1.28227 -1.38937 -1.06430 -1.21688 -1.02210 -1.27350 -1.27390 1
-0.75940 -0.67475 1.45328 -0.99083 -1.08708 -0.82522 -1.07005 -0.96353 -1.09104 -1.13741 1
-0.75940 -0.67475 1.45328 -0.99083 -1.08708 -1.18384 -1.14142 -1.15500 -1.03630 -0.92549 1
-0.75940 -0.67475 1.45328 -1.94843 -1.99397 -1.90108 -1.44628 -1.36675 -1.43315 -1.50019 1
-0.75940 -0.67475 1.45328 -1.94843 -1.99397 -1.78154 -1.49217 -1.45010 -1.44683 -1.50019 1
-0.75940 -0.67475 1.45328 -1.99006 -1.94359 -1.66200 -1.47076 -1.38927 -1.44227 -1.52174 1
-0.75940 -0.67475 1.45328 -0.86593 -0.93593 -0.58614 -0.96605 -0.76530 -1.05455 -1.09072 1
-0.75940 -0.67475 1.45328 -1.19901 -1.28861 -1.30338 -1.13225 -1.10094 -1.09104 -1.10509 1
1.31652 -0.67475 -0.68794 -1.36554 -1.38937 -1.18384 -1.23625 -1.24511 -1.16402 -1.17692 1
-0.75940 -0.67475 1.45328 -1.61535 -1.43976 -1.18384 -1.32291 -1.31269 -1.31911 -1.28468 1
-0.75940 -0.67475 1.45328 -2.07333 -2.04435 -1.42292 -1.49421 -1.45685 -1.47876 -1.50019 1
-0.75940 -0.67475 1.45328 -1.78189 -1.84282 -1.54246 -1.37389 -1.32620 -1.30999 -1.45350 1
-0.75940 -0.67475 1.45328 -0.69939 -0.83516 -0.94476 -0.84064 -0.78557 -0.85841 -0.92549 1
-0.75940 1.48167 -0.68794 -0.53285 -0.58325 -0.58614 -0.75194 -0.70673 -0.63033 -0.87880 1
-0.75940 1.48167 -0.68794 0.05003 0.12212 0.72880 -0.00151 0.22811 0.25003 -0.63455 1
-0.75940 -0.67475 1.45328 -1.61535 -1.69167 -1.54246 -1.35758 -1.28340 -1.34648 -1.37089 1
-0.75940 -0.67475 1.45328 -1.40718 -1.23822 -1.06430 -1.22605 -1.18879 -1.21420 -1.20207 1
-0.75940 -0.67475 1.45328 -0.82430 -0.78478 -0.58614 -1.02417 -1.02660 -0.94507 -0.97578 1
-0.75940 -0.67475 1.45328 -0.53285 -0.38171 -0.46660 -0.60206 -0.42740 -0.66226 -0.74949 1
-0.75940 -0.67475 1.45328 -1.53208 -1.64129 -1.30338 -1.27907 -1.16626 -1.30087 -1.33497 1
-0.75940 -0.67475 1.45328 -0.99083 -1.08708 -1.18384 -1.10166 -0.99732 -1.06823 -1.16615 1
-0.75940 -0.67475 1.45328 -1.78189 -1.79244 -1.66200 -1.43609 -1.39153 -1.40578 -1.44272 1
-0.75940 -0.67475 1.45328 -0.94920 -1.03669 -1.06430 -1.15468 -1.16852 -1.17771 -1.06917 1
-0.75940 -0.67475 1.45328 -0.86593 -0.88554 -0.70568 -1.05986 -1.10094 -1.05911 -1.03684 1
1.31652 -0.67475 -0.68794 -1.44881 -1.43976 -1.18384 -1.22809 -1.17077 -1.12297 -1.24876 1
-0.75940 1.48167 -0.68794 -1.15737 -1.08708 -0.94476 -1.13429 -1.11671 -1.12753 -1.14100 1
-0.75940 -0.67475 1.45328 -1.44881 -1.43976 -1.42292 -1.29844 -1.25412 -1.22332 -1.33497 1
-0.75940 -0.67475 1.45328 -0.90756 -0.98631 -0.82522 -0.95688 -0.86666 -0.89034 -1.05839 1
-0.75940 -0.67475 1.45328 -2.03169 -1.99397 -1.78154 -1.46362 -1.42757 -1.38753 -1.50019 1
-0.75940 -0.67475 1.45328 -1.03247 -1.08708 -0.70568 -1.08127 -0.99957 -0.99981 -1.17692 1
-0.75940 -0.67475 1.45328 -0.49122 -0.63363 -0.82522 -0.87123 -0.52877 -1.33280 -0.93268 1
-0.75940 -0.67475 1.45328 -1.61535 -1.79244 -1.30338 -1.34432 -1.26313 -1.41034 -1.35293 1
-0.75940 -0.67475 1.45328 -1.03247 -0.98631 -0.58614 -1.04966 -0.92298 -1.10473 -1.09072 1
-0.75940 -0.67475 1.45328 -1.82352 -1.79244 -1.54246 -1.39327 -1.35098 -1.36929 -1.35652 1
1.31652 -0.67475 -0.68794 -1.19901 -1.38937 -1.06430 -1.24338 -1.24285 -1.17771 -1.21284 2
-0.75940 -0.67475 1.45328 -2.40640 -2.34665 -1.78154 -1.56456 -1.52668 -1.46508 -1.57921 2
-0.75940 -0.67475 1.45328 -0.90756 -0.98631 -1.06430 -0.99664 -0.80359 -1.12753 -1.11945 2
-0.75940 -0.67475 1.45328 -1.61535 -1.64129 -1.78154 -1.39530 -1.35774 -1.35560 -1.35293 2
-0.75940 -0.67475 1.45328 -1.03247 -1.08708 -0.58614 -1.04150 -1.01759 -0.98613 -1.04402 2
-0.75940 -0.67475 1.45328 -0.69939 -0.58325 -0.70568 -0.91405 -0.90946 -0.83104 -0.88957 2
-0.75940 1.48167 -0.68794 -0.15815 -0.07942 -0.34706 -0.50112 -0.51075 -0.46156 -0.45855 2
-0.75940 -0.67475 1.45328 -1.44881 -1.49014 -1.06430 -1.25970 -1.23159 -1.13666 -1.22721 2
-0.75940 1.48167 -0.68794 -1.82352 -1.79244 -1.42292 -1.37185 -1.31494 -1.33280 -1.37089 2
-0.75940 -0.67475 1.45328 -1.28227 -1.28861 -1.06430 -1.14856 -1.06940 -1.17315 -1.14100 2
-0.75940 -0.67475 1.45328 -0.99083 -1.08708 -0.46660 -1.02927 -1.04913 -1.00893 -0.92549 2
-0.75940 -0.67475 1.45328 -1.32391 -1.38937 -1.30338 -1.27193 -1.26763 -1.20508 -1.21284 2
-0.75940 -0.67475 1.45328 -1.61535 -1.59091 -0.82522 -1.34025 -1.32395 -1.32824 -1.28468 2
-0.75940 1.48167 -0.68794 -0.74103 -0.83516 -0.70568 -0.80598 -0.81711 -0.74893 -0.60222 2
-0.75940 -0.67475 1.45328 -1.36554 -1.33899 -1.06430 -1.24746 -1.24060 -1.25069 -1.06917 2
-0.75940 -0.67475 1.45328 -1.28227 -1.33899 -0.94476 -1.22197 -1.22033 -1.22332 -1.21284 2
-0.75940 -0.67475 1.45328 -1.65698 -1.59091 -1.42292 -1.33107 -1.35098 -1.32367 -1.26313 2
-0.75940 -0.67475 1.45328 -0.65776 -0.73439 -0.94476 -0.69178 -0.38235 -0.86297 -0.92190 2
-0.75940 -0.67475 1.45328 -1.57372 -1.59091 -1.54246 -1.31782 -1.30142 -1.24613 -1.32060 2
-0.75940 -0.67475 1.45328 -1.53208 -1.59091 -1.66200 -1.23625 -1.15050 -1.25981 -1.32060 2
-0.75940 -0.67475 1.45328 -1.28227 -1.28861 -1.06430 -1.10574 -0.94100 -1.01806 -1.14460 2
-0.75940 -0.67475 1.45328 -0.78266 -0.83516 -0.94476 -0.94668 -0.90946 -0.89490 -0.96141 2
-0.75940 -0.67475 1.45328 -0.61612 -0.48248 -0.22752 -0.71523 -0.75854 -0.48893 -0.73153 2
-0.75940 1.48167 -0.68794 -0.32468 -0.38171 -0.58614 -0.71421 -0.72024 -0.77630 -0.78900 2
1.31652 -0.67475 -0.68794 0.05003 -0.02903 -0.34706 -0.36143 -0.39587 -0.18331 -0.37952 2
1.31652 -0.67475 -0.68794 0.38310 0.52518 0.72880 0.15245 0.21685 0.11774 -0.17838 2
-0.75940 -0.67475 1.45328 -1.15737 -1.18784 -1.42292 -1.18323 -1.06940 -1.19595 -1.24876 2
-0.75940 -0.67475 1.45328 -0.69939 -0.78478 -0.70568 -0.93445 -0.92298 -0.88121 -0.85365 2
-0.75940 -0.67475 1.45328 -0.65776 -0.68401 0.13110 -0.80496 -0.74277 -0.82192 -0.78182 2
-0.75940 -0.67475 1.45328 -0.53285 -0.58325 -0.58614 -0.84268 -0.80810 -0.75349 -0.87161 2
-0.75940 -0.67475 1.45328 -0.40795 -0.58325 -0.94476 -0.76315 -0.64365 -0.63490 -0.88957 2
-0.75940 1.48167 -0.68794 0.42474 0.52518 0.13110 0.33801 0.48041 0.44161 0.18799 2
1.31652 -0.67475 -0.68794 0.50801 0.57556 0.48972 0.25848 0.45112 0.50547 0.18799 2
-0.75940 -0.67475 1.45328 -1.32391 -1.43976 -1.30338 -1.25562 -1.19330 -1.20052 -1.28468 2
-0.75940 -0.67475 1.45328 -0.94920 -0.73439 -0.70568 -1.01703 -0.91172 -1.00437 -0.49447 2
-0.75940 -0.67475 1.45328 -0.82430 -0.83516 -0.70568 -1.00990 -0.83963 -1.23701 -0.99733 2
-0.75940 -0.67475 1.45328 -0.82430 -0.88554 -0.94476 -1.06699 -1.05138 -1.10016 -0.95423 2
-0.75940 -0.67475 1.45328 -0.53285 -0.48248 -0.82522 -0.73970 -0.61662 -0.74437 -0.92549 2
-0.75940 -0.67475 1.45328 -1.24064 -1.28861 -1.30338 -1.04660 -0.77656 -1.22788 -1.23439 2
-0.75940 -0.67475 1.45328 -0.57449 -0.73439 -0.10798 -0.66833 -0.38460 -0.73981 -0.95063 2
-0.75940 -0.67475 1.45328 -1.36554 -1.33899 -1.54246 -1.24033 -1.17527 -1.24613 -1.24158 2
-0.75940 -0.67475 1.45328 -1.32391 -1.38937 -1.30338 -1.23625 -1.19780 -1.16859 -1.24158 2
-0.75940 -0.67475 1.45328 -1.11574 -1.08708 -1.18384 -1.17609 -1.13923 -1.16402 -1.14100 2
-0.75940 -0.67475 1.45328 -1.11574 -1.23822 -0.94476 -1.11695 -1.04462 -1.08192 -1.16256 2
1.31652 -0.67475 -0.68794 -0.40795 -0.48248 -0.94476 -0.81617 -0.73376 -0.74437 -0.91112 2
-0.75940 -0.67475 1.45328 -0.03324 -0.18018 -0.22752 -0.55923 -0.55805 -0.64858 -0.35438 2
-0.75940 1.48167 -0.68794 1.63214 1.18016 0.96788 1.25667 1.22377 1.28548 1.40923 2
1.31652 -0.67475 -0.68794 -0.65776 -0.88554 -0.46660 -0.84574 -0.72250 -0.82648 -0.87520 2
-0.75940 -0.67475 1.45328 -1.44881 -1.43976 -1.42292 -1.28213 -1.21357 -1.26438 -1.28468 2
-0.75940 -0.67475 1.45328 -0.74103 -0.78478 -0.70568 -0.91507 -0.93650 -0.78542 -0.92549 2
-0.75940 -0.67475 1.45328 -0.74103 -0.63363 -0.46660 -1.03437 -1.03336 -1.13666 -0.86443 2
1.31652 -0.67475 -0.68794 0.34147 0.07173 -0.34706 -0.32982 -0.25846 -0.23805 -0.38671 2
-0.75940 -0.67475 1.45328 -2.03169 -2.09474 -1.78154 -1.50746 -1.45685 -1.47876 -1.50019 2
-0.75940 -0.67475 1.45328 -0.53285 -0.58325 -0.70568 -0.73664 -0.66168 -0.74437 -0.72794 2
-0.75940 -0.67475 1.45328 -1.07410 -1.13746 -0.94476 -1.09248 -0.98831 -1.08192 -1.12664 2
1.31652 -0.67475 -0.68794 -0.82430 -0.78478 -1.42292 -0.95382 -1.01534 -0.89490 -0.81773 2
-0.75940 -0.67475 1.45328 -1.03247 -0.98631 -0.94476 -1.43099 -1.14149 -0.99981 -1.10509 2
-0.75940 -0.67475 1.45328 -1.69862 -1.69167 -1.54246 -1.33617 -1.27664 -1.32367 -1.35652 2
-0.75940 -0.67475 1.45328 -2.07333 -2.09474 -1.54246 -1.51460 -1.48163 -1.47420 -1.50019 2
-0.75940 1.48167 -0.68794 -1.15737 -1.03669 -0.82522 -1.01397 -1.00408 -0.96788 -0.99733 2
-0.75940 -0.67475 1.45328 -0.15815 -0.18018 1.08742 -0.44096 -0.41614 -0.35209 -0.48010 2
-0.75940 -0.67475 1.45328 -1.53208 -1.43976 -1.66200 -1.31272 -1.33746 -1.28718 -1.21284 2
-0.75940 -0.67475 1.45328 -0.69939 -0.53286 -0.46660 -0.68057 -0.57833 -0.64402 -0.81773 2
-0.75940 1.48167 -0.68794 -0.57449 -0.58325 -0.46660 -0.76111 -0.74277 -0.69419 -0.72794 2
-0.75940 -0.67475 1.45328 -0.19978 -0.28095 -0.70568 -0.68261 -0.63690 -0.82648 -0.76386 2
1.31652 -0.67475 -0.68794 0.00839 0.07173 -0.10798 -0.06983 0.15603 0.07669 -0.26458 2
-0.75940 1.48167 -0.68794 0.25820 0.17250 0.01156 0.27378 0.36327 0.39599 0.00840 2
-0.75940 -0.67475 1.45328 -0.69939 -0.73439 -0.58614 -0.83045 -0.83963 -0.94964 -0.90394 2
-0.75940 -0.67475 1.45328 -0.49122 -0.53286 -0.82522 -0.78864 -0.67970 -0.75805 -0.86443 2
-0.75940 -0.67475 1.45328 -0.24141 -0.28095 -0.46660 -0.64590 -0.56932 -0.54823 -0.73871 2
1.31652 -0.67475 -0.68794 0.17493 0.12212 -0.46660 -0.08614 0.19658 0.04020 -0.49447 2
-0.75940 -0.67475 1.45328 -1.40718 -1.54052 -1.42292 -1.30864 -1.26763 -1.18683 -1.29905 2
-0.75940 -0.67475 1.45328 -0.61612 -0.73439 -1.06430 -0.97523 -0.89144 -1.07736 -0.86443 2
-0.75940 -0.67475 1.45328 -1.61535 -1.84282 -1.54246 -1.30864 -1.19330 -1.28718 -1.41040 2
-0.75940 -0.67475 1.45328 -0.57449 -0.58325 -0.82522 -0.78355 -0.65942 -0.67139 -0.91472 2
-0.75940 -0.67475 1.45328 -0.03324 -0.12980 0.13110 -0.11979 0.29119 -0.35209 -0.35438 2
-0.75940 -0.67475 1.45328 -1.28227 -1.38937 -1.18384 -1.31170 -1.30367 -1.25981 -1.24876 2
-0.75940 -0.67475 1.45328 -0.74103 -0.73439 -1.06430 -1.08229 -1.12797 -1.11841 -0.88957 2
-0.75940 1.48167 -0.68794 0.21656 0.17250 0.01156 0.25135 0.58628 0.12687 -0.14605 2
1.31652 -0.67475 -0.68794 -0.57449 -0.33133 -0.34706 -0.70300 -0.64816 -0.71700 -0.53038 2
-0.75940 -0.67475 1.45328 -1.11574 -0.93593 -1.18384 -1.05884 -0.95677 -1.19139 -1.06917 2
-0.75940 -0.67475 1.45328 -1.07410 -0.98631 -1.06430 -1.05170 -1.02885 -0.99069 -1.04762 2
-0.75940 -0.67475 1.45328 -0.78266 -0.88554 -0.94476 -0.90386 -0.75403 -0.96788 -0.99733 2
1.31652 -0.67475 -0.68794 0.29983 0.42441 0.01156 0.14531 0.50744 0.01283 -0.14964 2
-0.75940 -0.67475 1.45328 -0.32468 -0.38171 -0.94476 -0.64386 -0.63239 -0.66683 -0.78182 2
-0.75940 -0.67475 1.45328 -0.44959 -0.53286 0.13110 -0.77539 -0.91622 -0.71700 -0.83210 2
-0.75940 -0.67475 1.45328 -0.32468 -0.38171 -0.58614 -0.39100 0.09295 -0.42963 -0.79618 2
-0.75940 -0.67475 1.45328 -0.86593 -0.83516 -0.70568 -1.02723 -1.05814 -0.95876 -0.97937 2
-0.75940 1.48167 -0.68794 -0.11651 -0.33133 -0.70568 -0.50621 -0.32829 -0.57104 -0.65251 2
-0.75940 -0.67475 1.45328 -0.40795 -0.43210 -0.82522 -0.83860 -0.87793 -0.74437 -0.80337 2
1.31652 -0.67475 -0.68794 -0.15815 -0.07942 0.25064 -0.10959 -0.06698 -0.21524 -0.38671 2
-0.75940 -0.67475 1.45328 -0.61612 -0.73439 -0.58614 -0.88754 -0.74052 -0.99981 -0.92549 2
-0.75940 -0.67475 1.45328 -1.69862 -1.79244 -1.90108 -1.42691 -1.34197 -1.39666 -1.46068 2
-0.75940 1.48167 -0.68794 -0.53285 -0.33133 -0.46660 -0.68770 -0.62563 -0.84472 -0.49447 2
-0.75940 -0.67475 1.45328 -0.61612 -0.58325 -0.10798 -0.68261 -0.62563 -0.78542 -0.70639 2
-0.75940 -0.67475 1.45328 -0.40795 -0.58325 -0.46660 -0.68974 -0.70222 -0.46156 -0.74590 2
-0.75940 1.48167 -0.68794 0.00839 0.02135 -0.58614 -0.11061 0.25514 -0.16050 -0.42263 2
1.31652 -0.67475 -0.68794 -0.11651 -0.02903 -0.34706 -0.27782 -0.14582 -0.23349 -0.41904 2
-0.75940 -0.67475 1.45328 -1.07410 -0.98631 -1.30338 -1.04354 -0.92974 -1.18683 -1.04402 2
1.31652 -0.67475 -0.68794 -1.44881 -1.43976 -1.18384 -1.28825 -1.29016 -1.31455 -1.16256 2
-0.75940 -0.67475 1.45328 -0.99083 -1.08708 -1.30338 -1.07107 -0.94325 -1.18683 -1.08353 3
-0.75940 -0.67475 1.45328 -0.82430 -1.08708 -1.06430 -0.97319 -0.98380 -0.94051 -0.85365 3
-0.75940 1.48167 -0.68794 -0.61612 -0.53286 -0.82522 -0.62449 -0.55130 -0.58472 -0.67406 3
-0.75940 1.48167 -0.68794 -0.19978 -0.07942 0.01156 -0.34104 -0.46344 -0.04647 -0.13528 3
-0.75940 1.48167 -0.68794 -1.03247 -0.88554 -0.70568 -0.97013 -0.98605 -0.74893 -0.99733 3
-0.75940 -0.67475 1.45328 -1.15737 -1.18784 -1.30338 -1.17915 -1.11445 -1.09104 -1.14100 3
-0.75940 1.48167 -0.68794 -0.03324 -0.02903 -0.58614 -0.10755 -0.17736 0.03564 -0.13528 3
-0.75940 1.48167 -0.68794 -0.90756 -1.03669 -0.22752 -1.03743 -1.03111 -0.95876 -0.96141 3
1.31652 -0.67475 -0.68794 -1.44881 -1.33899 -0.70568 -1.09350 -1.06715 -1.06823 -1.06557 3
1.31652 -0.67475 -0.68794 -1.36554 -1.13746 -0.82522 -1.19852 -1.22934 -1.16402 -1.03325 3
-0.75940 -0.67475 1.45328 -1.36554 -1.28861 -1.18384 -1.23013 -1.22033 -1.28262 -1.06917 3
-0.75940 1.48167 -0.68794 0.71618 0.87786 1.08742 0.66123 0.79577 1.00267 0.04432 3
1.31652 -0.67475 -0.68794 -0.44959 -0.28095 0.13110 -0.49398 -0.54454 -0.33384 -0.38671 3
-0.75940 -0.67475 1.45328 -1.57372 -1.49014 -0.94476 -1.29844 -1.26538 -1.11385 -1.21284 3
1.31652 -0.67475 -0.68794 -0.44959 -0.33133 -0.46660 -0.50621 -0.42064 -0.79455 -0.50165 3
1.31652 -0.67475 -0.68794 -0.15815 0.32365 0.01156 -0.00253 -0.08050 0.04476 0.00122 3
-0.75940 1.48167 -0.68794 0.21656 0.22288 -0.34706 0.19221 0.19883 -0.05103 0.31730 3
-0.75940 -0.67475 1.45328 -1.74025 -1.79244 -1.66200 -1.39632 -1.38026 -1.36929 -1.42836 3
1.31652 -0.67475 -0.68794 -0.44959 -0.43210 -0.46660 -0.44198 -0.14582 -0.27910 -0.70998 3
1.31652 -0.67475 -0.68794 -0.24141 -0.12980 -0.10798 -0.39814 -0.25170 -0.46612 -0.64173 3
1.31652 -0.67475 -0.68794 0.09166 0.27326 0.01156 0.09229 0.06367 0.44161 -0.13887 3
1.31652 -0.67475 -0.68794 0.54964 0.62595 0.48972 0.76930 0.53898 0.56477 0.50408 3
-0.75940 1.48167 -0.68794 0.54964 0.47480 0.13110 0.47770 0.70342 0.58301 0.08024 3
1.31652 -0.67475 -0.68794 1.38233 1.18016 0.84834 1.77769 2.10005 1.65495 1.19372 3
-0.75940 -0.67475 1.45328 -0.61612 -0.43210 -0.34706 -0.74786 -0.65717 -0.74893 -0.77104 3
-0.75940 -0.67475 1.45328 -0.11651 -0.02903 -0.34706 -0.30433 -0.05797 -0.37489 -0.40826 3
-0.75940 -0.67475 1.45328 -0.07488 -0.23057 -0.34706 -0.44300 -0.18862 -0.49349 -0.63814 3
-0.75940 -0.67475 1.45328 0.00839 -0.07942 -0.22752 -0.37367 -0.15483 -0.51174 -0.49447 3
-0.75940 -0.67475 1.45328 0.00839 -0.12980 -0.46660 -0.45014 -0.28098 -0.37489 -0.70639 3
-0.75940 -0.67475 1.45328 0.05003 -0.07942 -0.34706 -0.43178 -0.36208 -0.48893 -0.35079 3
1.31652 -0.67475 -0.68794 0.29983 0.07173 0.13110 0.04743 0.31822 0.07213 -0.24303 3
-0.75940 1.48167 -0.68794 0.63291 0.57556 0.25064 0.55825 0.83857 0.74266 0.08024 3
1.31652 -0.67475 -0.68794 0.79945 0.62595 -0.10798 0.38899 0.77550 0.18160 0.06228 3
-0.75940 1.48167 -0.68794 0.79945 0.72671 0.48972 0.57864 0.91967 0.58301 0.30293 3
1.31652 -0.67475 -0.68794 0.84108 0.72671 1.08742 0.77032 1.02554 0.99810 0.33885 3
-0.75940 -0.67475 1.45328 -1.44881 -1.54052 -1.18384 -1.32597 -1.23384 -1.36929 -1.33856 3
-0.75940 -0.67475 1.45328 -1.15737 -1.28861 -1.30338 -1.24644 -1.18203 -1.30087 -1.23439 3
-0.75940 -0.67475 1.45328 -1.07410 -1.13746 -1.06430 -1.13429 -1.10094 -1.07736 -1.10509 3
-0.75940 -0.67475 1.45328 -0.57449 -0.78478 -0.94476 -0.93139 -0.00616 -0.94051 -0.92549 3
-0.75940 -0.67475 1.45328 -0.44959 -0.43210 -0.94476 -0.85186 -0.83062 -0.86753 -0.74590 3
-0.75940 -0.67475 1.45328 -0.15815 -0.12980 -0.82522 -0.56637 -0.50174 -0.70788 -0.48728 3
-0.75940 1.48167 -0.68794 0.46637 0.37403 0.25064 0.05966 0.18306 -0.22437 0.10179 3
1.31652 -0.67475 -0.68794 0.50801 0.42441 0.96788 -0.05963 -0.10528 0.04476 -0.01315 3
1.31652 -0.67475 -0.68794 0.42474 0.52518 0.60926 0.17692 0.18531 0.60126 -0.00238 3
1.31652 -0.67475 -0.68794 0.50801 0.47480 0.25064 0.15754 0.22586 0.45073 -0.03830 3
-0.75940 1.48167 -0.68794 0.54964 0.52518 0.13110 0.32986 0.42184 0.36406 0.25983 3
1.31652 -0.67475 -0.68794 0.63291 0.47480 0.37018 0.23707 0.34750 0.25459 0.08024 3
-0.75940 -0.67475 1.45328 -0.40795 -0.48248 0.13110 -0.40018 -0.34631 -0.39770 -0.35079 3
-0.75940 -0.67475 1.45328 -0.40795 -0.48248 -0.34706 -0.68974 -0.69547 -0.45700 -0.81773 3
-0.75940 -0.67475 1.45328 -0.24141 -0.07942 -0.82522 -0.46237 -0.49048 -0.49349 -0.35079 3
-0.75940 -0.67475 1.45328 -0.07488 -0.18018 -0.34706 -0.52661 -0.54679 -0.49349 -0.38671 3
1.31652 -0.67475 -0.68794 0.00839 0.07173 0.13110 0.03315 -0.03094 -0.15594 0.34963 3
-0.75940 -0.67475 1.45328 0.00839 -0.28095 -0.10798 -0.43586 -0.44317 -0.19700 -0.45855 3
-0.75940 -0.67475 1.45328 0.17493 0.12212 -0.34706 -0.22786 -0.00616 -0.62577 -0.13528 3
-0.75940 -0.67475 1.45328 0.21656 0.17250 0.25064 -0.12692 -0.09176 -0.04191 -0.20711 3
1.31652 -0.67475 -0.68794 0.42474 0.47480 0.60926 0.07802 0.07719 -0.00085 0.20954 3
-0.75940 1.48167 -0.68794 0.42474 0.57556 1.32650 0.34209 0.25965 0.60582 1.66067 3
-0.75940 1.48167 -0.68794 0.67454 0.72671 0.01156 0.33088 0.51420 0.49178 0.00840 3
-0.75940 1.48167 -0.68794 0.88272 0.92824 0.96788 0.74993 0.69666 0.47354 1.15421 3
-0.75940 -0.67475 1.45328 -0.57449 -0.83516 -0.10798 -0.01783 0.18531 -0.08296 -0.19993 3
-0.75940 -0.67475 1.45328 -0.32468 -0.43210 -0.82522 -0.62857 -0.74052 -0.52542 -0.40826 3
-0.75940 1.48167 -0.68794 -0.28305 -0.53286 0.48972 0.10351 -0.04896 0.31389 0.31371 3
-0.75940 -0.67475 1.45328 0.17493 0.12212 0.60926 0.13205 0.28893 0.35494 -0.07781 3
-0.75940 -0.67475 1.45328 -0.24141 -0.28095 -0.10798 -0.65100 -0.68871 -0.58472 -0.53038 3
-0.75940 -0.67475 1.45328 -0.15815 -0.07942 0.13110 -0.25335 -0.11429 -0.34752 -0.22867 3
1.31652 -0.67475 -0.68794 -0.07488 -0.23057 -0.70568 -0.51029 -0.47921 -0.18787 -0.70998 3
-0.75940 -0.67475 1.45328 -0.03324 0.02135 -0.70568 -0.63264 -0.64365 -0.81279 -0.39389 3
-0.75940 1.48167 -0.68794 0.71618 0.52518 0.37018 0.26154 0.29794 0.15424 0.18799 3
-0.75940 -0.67475 1.45328 -0.90756 -0.83516 -0.70568 -1.04558 -0.99506 -0.92227 -1.05121 3
-0.75940 -0.67475 1.45328 -0.40795 -0.43210 -0.46660 -0.63264 -0.41163 -0.64858 -0.73512 3
1.31652 -0.67475 -0.68794 -0.32468 -0.18018 -0.10798 -0.43178 -0.49273 -0.42051 -0.54116 3
1.31652 -0.67475 -0.68794 0.00839 -0.02903 -0.22752 -0.22481 -0.14808 0.15424 -0.45855 3
1.31652 -0.67475 -0.68794 -0.44959 -0.33133 -0.58614 -0.82025 -0.85991 -0.95876 -0.63814 3
1.31652 -0.67475 -0.68794 -0.90756 -0.98631 -1.18384 -1.02825 -1.03111 -0.97700 -0.88957 3
-0.75940 -0.67475 1.45328 -0.24141 -0.23057 -0.34706 -0.49704 -0.37784 -0.52086 -0.53038 3
-0.75940 -0.67475 1.45328 -1.74025 -1.69167 -1.66200 -1.41060 -1.37351 -1.36017 -1.42836 3
-0.75940 1.48167 -0.68794 -0.78266 -0.68401 -0.70568 -0.91100 -0.92523 -0.77630 -0.93268 3
-0.75940 -0.67475 1.45328 -1.65698 -2.09474 -1.42292 -1.48707 -1.44109 -1.44227 -1.48583 3
-0.75940 1.48167 -0.68794 -0.44959 -0.53286 0.96788 -0.79068 -0.93199 -0.58472 -0.74590 3
1.31652 -0.67475 -0.68794 -1.11574 -1.23822 -1.06430 -1.13735 -1.12346 -1.10016 -1.14100 3
-0.75940 -0.67475 1.45328 -1.40718 -1.49014 -1.18384 -1.29742 -1.27214 -1.30087 -1.24876 3
-0.75940 1.48167 -0.68794 -0.49122 -0.58325 -0.10798 -0.41241 -0.45218 -0.32928 -0.45855 3
-0.75940 1.48167 -0.68794 0.63291 0.52518 0.25064 0.82844 1.09537 0.85214 0.36759 3
1.31652 -0.67475 -0.68794 0.71618 0.72671 0.25064 0.65409 0.92192 0.85214 0.18081 3
1.31652 -0.67475 -0.68794 0.75781 0.62595 0.37018 0.75707 0.67188 1.27179 0.38195 3
-0.75940 -0.67475 1.45328 -0.28305 -0.33133 -0.34706 -0.57963 -0.36208 -0.59840 -0.78182 3
1.31652 -0.67475 -0.68794 0.46637 0.47480 -0.22752 0.04743 0.22811 -0.07384 -0.09936 3
-0.75940 1.48167 -0.68794 0.59127 0.57556 0.25064 0.55417 0.82055 -0.13314 0.18799 3
-0.75940 -0.67475 1.45328 -0.99083 -0.98631 -0.70568 0.16570 0.25514 0.24546 -1.00092 3
-0.75940 -0.67475 1.45328 -0.94920 -0.93593 -0.94476 -1.07821 -1.06039 -1.12297 -0.99733 3
1.31652 -0.67475 -0.68794 -0.61612 -0.83516 -0.58614 -0.81209 -0.61212 -0.93139 -0.88598 3
-0.75940 -0.67475 1.45328 -0.53285 -0.58325 -0.94476 -0.72951 -0.48372 -0.94507 -0.83210 3
-0.75940 1.48167 -0.68794 0.50801 0.47480 -0.22752 0.09535 0.23262 0.23634 -0.09936 3
-0.75940 -0.67475 1.45328 -0.15815 -0.07942 -0.34706 -0.54700 -0.60311 -0.33840 -0.49447 3
-0.75940 -0.67475 1.45328 0.29983 0.22288 -0.22752 -0.20543 -0.10753 -0.33840 -0.15324 3
-0.75940 1.48167 -0.68794 0.42474 0.17250 0.25064 0.09739 0.43085 -0.00542 -0.07781 3
-0.75940 -0.67475 1.45328 0.09166 -0.07942 -0.10798 -0.10959 0.03889 0.25003 -0.23944 3
1.31652 -0.67475 -0.68794 0.59127 0.77709 0.25064 0.51950 0.77100 0.45985 0.26701 3
-0.75940 -0.67475 1.45328 -1.24064 -1.23822 -1.18384 -1.20668 -1.14149 -1.28718 -1.14100 3
-0.75940 -0.67475 1.45328 -1.11574 -1.28861 -1.18384 -1.25154 -1.23835 -1.33736 -1.14819 3
-0.75940 -0.67475 1.45328 0.00839 -0.07942 -0.70568 -0.41037 -0.26071 -0.49805 -0.42263 4
1.31652 -0.67475 -0.68794 -0.57449 -0.58325 -0.70568 -0.75602 -0.71799 -0.63490 -0.77822 4
1.31652 -0.67475 -0.68794 0.63291 0.57556 0.96788 0.74279 0.69891 1.22618 0.47894 4
-0.75940 -0.67475 1.45328 -0.94920 -0.83516 -0.82522 -0.95382 -0.89595 -1.04086 -0.97578 4
1.31652 -0.67475 -0.68794 -0.53285 -0.48248 -0.34706 -0.57453 -0.64365 -0.63946 -0.35079 4
-0.75940 -0.67475 1.45328 -1.49045 -1.23822 -0.94476 -1.23625 -1.22934 -1.11841 -1.17692 4
-0.75940 -0.67475 1.45328 -1.11574 -1.08708 -0.82522 -1.16182 -1.18879 -1.30087 -1.10509 4
-0.75940 -0.67475 1.45328 -1.44881 -1.28861 -1.54246 -1.29029 -1.24961 -1.28262 -1.25594 4
-0.75940 1.48167 -0.68794 0.46637 0.72671 0.96788 0.85801 0.60881 0.81565 0.94947 4
-0.75940 -0.67475 1.45328 -0.24141 -0.07942 0.13110 -0.51131 -0.47245 -0.45700 -0.53398 4
-0.75940 1.48167 -0.68794 0.71618 0.62595 0.48972 0.50115 0.59980 0.50547 0.36759 4
1.31652 -0.67475 -0.68794 0.75781 0.97863 1.20696 1.17103 1.40624 1.02091 0.90637 4
-0.75940 -0.67475 1.45328 -0.11651 -0.02903 -0.22752 -0.46849 -0.23818 -0.59384 -0.64892 4
-0.75940 -0.67475 1.45328 -0.03324 -0.28095 -0.22752 -0.60002 -0.54904 -0.53454 -0.61300 4
1.31652 -0.67475 -0.68794 0.63291 0.02135 0.13110 0.22484 0.39706 0.14055 0.20954 4
-0.75940 -0.67475 1.45328 -0.82430 -0.83516 -0.70568 -0.86409 -0.85540 -0.80823 -0.95063 4
-0.75940 -0.67475 1.45328 -0.40795 -0.48248 -0.10798 -0.80190 -0.73601 -0.80367 -0.81773 4
1.31652 -0.67475 -0.68794 -0.15815 -0.18018 -0.58614 -0.55108 -0.45894 -0.56191 -0.61300 4
-0.75940 -0.67475 1.45328 -1.28227 -1.23822 -1.06430 -1.22911 -1.10770 -1.17771 -1.23080 4
-0.75940 -0.67475 1.45328 -0.24141 -0.33133 -0.58614 -0.51641 -0.22241 -0.60297 -0.71357 4
-0.75940 1.48167 -0.68794 1.09089 0.47480 0.72880 0.91001 1.00752 1.11670 0.67649 4
-0.75940 -0.67475 1.45328 -0.69939 -0.88554 -1.06430 -1.02213 -0.94551 -1.10929 -0.99733 4
-0.75940 -0.67475 1.45328 0.21656 0.42441 0.01156 -0.15445 -0.06698 -0.43875 0.00840 4
1.31652 -0.67475 -0.68794 0.54964 0.57556 -0.10798 0.32782 0.28893 0.16792 0.29575 4
-0.75940 -0.67475 1.45328 0.05003 -0.12980 -0.58614 -0.72135 -0.70673 -0.72612 -0.65251 4
1.31652 -0.67475 -0.68794 -0.03324 0.17250 -0.34706 -0.07900 0.05691 0.22266 -0.35079 4
-0.75940 1.48167 -0.68794 -0.44959 -0.58325 -0.58614 -0.69688 -0.73827 -0.48893 -0.60222 4
-0.75940 -0.67475 1.45328 -0.32468 -0.33133 -0.34706 -0.54394 -0.49048 -0.42051 -0.62018 4
-0.75940 -0.67475 1.45328 -0.11651 -0.18018 -0.34706 -0.47257 -0.29900 -0.49349 -0.59863 4
-0.75940 -0.67475 1.45328 0.13330 0.12212 0.01156 -0.18096 0.00060 -0.19700 -0.28973 4
1.31652 -0.67475 -0.68794 -0.07488 -0.18018 -0.46660 -0.44096 -0.25846 -0.40226 -0.69920 4
1.31652 -0.67475 -0.68794 0.21656 -0.23057 -0.22752 -0.20645 -0.07374 -0.16507 -0.35079 4
1.31652 -0.67475 -0.68794 0.54964 0.42441 0.37018 0.09229 0.04340 0.30020 0.00840 4
-0.75940 -0.67475 1.45328 -0.07488 -0.07942 0.01156 -0.22888 -0.04446 -0.19243 -0.43340 4
1.31652 -0.67475 -0.68794 -0.40795 -0.48248 0.01156 -0.64284 -0.53328 -0.69419 -0.60222 4
1.31652 -0.67475 -0.68794 -0.15815 -0.02903 -0.70568 -0.41547 -0.24494 -0.18787 -0.45855 4
1.31652 -0.67475 -0.68794 0.09166 0.27326 0.25064 -0.21155 -0.40713 -0.38402 0.08024 4
-0.75940 1.48167 -0.68794 -0.44959 -0.43210 -0.82522 -0.83249 -0.88469 -0.70332 -0.70998 4
-0.75940 1.48167 -0.68794 -0.99083 -0.83516 -0.70568 -0.96503 -0.93875 -1.07279 -0.87520 4
-0.75940 1.48167 -0.68794 0.67454 0.92824 1.08742 0.59087 0.49392 0.71073 0.69086 4
-0.75940 1.48167 -0.68794 -0.61612 -0.63363 -0.46660 -0.84064 -0.87342 -0.78086 -0.74590 4
-0.75940 1.48167 -0.68794 -0.65776 -0.83516 -0.34706 -0.76213 -0.81485 -0.62121 -0.70998 4
-0.75940 -0.67475 1.45328 -1.90679 -1.84282 -1.42292 -1.43711 -1.40054 -1.35560 -1.42836 4
-0.75940 -0.67475 1.45328 -1.36554 -1.33899 -1.30338 -1.28723 -1.28340 -1.26894 -1.21284 4
1.31652 -0.67475 -0.68794 -0.69939 -0.53286 -0.34706 -0.71625 -1.02435 -0.90402 -0.35079 4
-0.75940 1.48167 -0.68794 0.00839 0.12212 0.48972 -0.14834 -0.38235 -0.06928 0.25983 4
1.31652 -0.67475 -0.68794 -1.11574 -1.08708 -1.18384 -1.06699 -0.97479 -1.05911 -1.10509 4
-0.75940 -0.67475 1.45328 -1.36554 -1.28861 -0.82522 -1.28417 -1.30593 -1.23701 -1.14100 4
-0.75940 1.48167 -0.68794 0.05003 0.32365 -0.10798 -0.09226 -0.20890 -0.08296 -0.14605 4
1.31652 -0.67475 -0.68794 -1.36554 -1.13746 -0.94476 -1.26072 -1.32170 -1.16859 -1.17692 4
1.31652 -0.67475 -0.68794 -1.49045 -1.38937 -1.06430 -1.28825 -1.31944 -1.19139 -1.21284 4
1.31652 -0.67475 -0.68794 -0.57449 -0.68401 -0.10798 -0.74786 -0.86441 -0.20612 -0.85365 4
-0.75940 1.48167 -0.68794 -0.07488 -0.18018 -0.22752 -0.51641 -0.72925 -0.46156 -0.39030 4
1.31652 -0.67475 -0.68794 -0.44959 -0.38171 0.96788 -0.64998 -0.75629 -0.47524 -0.54834 4
1.31652 -0.67475 -0.68794 0.25820 0.27326 0.13110 0.28499 0.62683 -0.11489 -0.00238 4
-0.75940 1.48167 -0.68794 0.42474 0.57556 0.01156 0.26358 0.37228 0.00827 0.22750 4
1.31652 -0.67475 -0.68794 0.67454 0.47480 0.48972 0.56029 0.27767 1.10302 0.61902 4
1.31652 -0.67475 -0.68794 0.79945 0.92824 0.60926 0.97526 1.24405 0.67424 0.54718 4
-0.75940 1.48167 -0.68794 0.92435 0.77709 0.60926 0.94977 1.39047 0.72898 0.23469 4
-0.75940 1.48167 -0.68794 1.25743 1.18016 0.37018 1.32498 1.21026 1.45881 1.30148 4
-0.75940 1.48167 -0.68794 -0.15815 -0.18018 -0.22752 -0.31555 -0.19313 -0.36121 -0.43340 4
1.31652 -0.67475 -0.68794 -0.15815 0.02135 -0.34706 -0.38080 -0.31702 -0.43419 -0.60222 4
1.31652 -0.67475 -0.68794 0.42474 0.67633 0.48972 0.58170 0.61331 0.85670 0.36759 4
1.31652 -0.67475 -0.68794 0.46637 0.82748 -0.22752 0.62146 1.02104 0.69249 -0.01315 4
-0.75940 1.48167 -0.68794 0.59127 0.52518 0.01156 0.35840 0.47815 0.26371 0.09101 4
-0.75940 1.48167 -0.68794 0.67454 0.82748 0.25064 0.62350 0.75297 0.76547 0.40351 4
1.31652 -0.67475 -0.68794 1.04925 0.87786 0.48972 0.96914 0.94895 1.19881 0.96025 4
-0.75940 1.48167 -0.68794 1.09089 0.52518 0.48972 1.35659 1.48733 1.37214 -0.40467 4
-0.75940 -0.67475 1.45328 0.09166 -0.18018 -0.34706 -0.46849 -0.44993 -0.28823 -0.50165 4
1.31652 -0.67475 -0.68794 0.34147 0.47480 0.25064 0.26664 0.43761 0.53740 -0.06344 4
1.31652 -0.67475 -0.68794 0.42474 0.27326 0.01156 0.03417 0.18757 0.09494 -0.12091 4
-0.75940 1.48167 -0.68794 0.67454 0.62595 0.60926 0.71119 1.13367 0.42792 0.38195 4
-0.75940 1.48167 -0.68794 1.04925 0.92824 1.20696 1.29542 1.27108 1.44513 1.33380 4
-0.75940 1.48167 -0.68794 1.21579 0.97863 1.56558 1.09252 1.11790 1.11214 0.82016 4
-0.75940 1.48167 -0.68794 1.38233 1.33131 0.37018 1.27502 1.19224 1.18512 1.08596 4
-0.75940 -0.67475 1.45328 -0.19978 0.02135 0.01156 -0.34104 -0.45443 -0.16507 -0.30769 4
-0.75940 -0.67475 1.45328 -0.03324 -0.12980 -0.34706 -0.33798 -0.26521 -0.45244 -0.34720 4
-0.75940 -0.67475 1.45328 0.09166 -0.07942 -0.10798 -0.46135 -0.31477 -0.54367 -0.60941 4
-0.75940 -0.67475 1.45328 0.25820 0.22288 0.01156 -0.12692 -0.08275 -0.14226 -0.06344 4
-0.75940 -0.67475 1.45328 0.29983 0.47480 0.13110 0.29621 0.84533 -0.17419 -0.02752 4
-0.75940 1.48167 -0.68794 0.38310 0.52518 -0.10798 0.30742 0.16954 0.65599 0.19158 4
-0.75940 1.48167 -0.68794 0.84108 1.07939 0.48972 0.88758 0.95571 1.32653 0.59028 4
1.31652 -0.67475 -0.68794 1.34069 1.38169 1.56558 1.96529 2.05049 2.14759 1.59601 4
1.31652 -0.67475 -0.68794 -0.90756 -0.93593 -0.58614 -0.89570 -0.71123 -1.05455 -0.97578 4
-0.75940 -0.67475 1.45328 -0.44959 -0.63363 0.01156 -0.74888 -0.58734 -0.63946 -0.88239 4
-0.75940 -0.67475 1.45328 0.05003 0.22288 -0.22752 -0.25335 -0.06022 -0.35665 -0.35797 4
-0.75940 1.48167 -0.68794 0.17493 0.02135 0.01156 -0.17994 -0.01292 -0.02822 -0.25740 4
-0.75940 1.48167 -0.68794 0.29983 0.27326 0.25064 0.08719 0.52321 0.02651 -0.39748 4
-0.75940 1.48167 -0.68794 0.46637 0.27326 0.01156 0.25339 0.52095 0.32757 -0.21071 4
-0.75940 1.48167 -0.68794 0.67454 1.07939 0.72880 0.93856 1.08411 1.03916 0.66571 4
-0.75940 -0.67475 1.45328 -0.07488 -0.48248 -0.34706 -0.72645 -0.80134 -0.50718 -0.72435 4
-0.75940 -0.67475 1.45328 -0.03324 0.02135 0.13110 -0.37265 -0.28323 -0.19243 -0.53038 4
-0.75940 -0.67475 1.45328 0.00839 -0.18018 -0.46660 -0.33594 -0.21566 -0.30647 -0.43699 4
-0.75940 -0.67475 1.45328 0.05003 -0.07942 0.13110 -0.55821 -0.74728 -0.45700 -0.31487 4
-0.75940 -0.67475 1.45328 0.13330 0.17250 0.01156 -0.17688 -0.17736 -0.37489 0.08024 4
-0.75940 -0.67475 1.45328 0.17493 -0.07942 -0.22752 -0.29108 -0.13907 -0.32016 -0.42263 4
-0.75940 -0.67475 1.45328 0.38310 0.37403 0.37018 0.07802 0.05015 -0.09208 0.29575 4
-0.75940 -0.67475 1.45328 0.46637 0.37403 -0.34706 -0.24316 -0.25395 -0.36577 -0.02752 4
1.31652 -0.67475 -0.68794 0.63291 0.62595 0.60926 0.46954 0.65161 0.55108 0.25983 4
-0.75940 1.48167 -0.68794 0.67454 0.62595 0.37018 0.29621 0.15152 0.39599 0.68727 4
1.31652 -0.67475 -0.68794 0.84108 0.92824 0.72880 0.55009 0.47365 0.35950 0.82735 5
-0.75940 1.48167 -0.68794 0.92435 0.82748 0.72880 0.88248 0.80704 0.78372 1.01413 5
1.31652 -0.67475 -0.68794 1.00762 0.77709 0.25064 0.80091 0.94670 0.84758 0.65494 5
1.31652 -0.67475 -0.68794 1.04925 1.02901 0.48972 1.13126 1.25756 1.00267 0.91715 5
1.31652 -0.67475 -0.68794 1.13252 0.92824 0.60926 1.00075 1.38596 0.80652 0.73396 5
-0.75940 1.48167 -0.68794 0.17493 -0.23057 0.25064 0.59087 0.82506 0.58301 0.32808 5
1.31652 -0.67475 -0.68794 0.67454 0.67633 0.84834 0.86413 0.89264 1.13951 0.74833 5
1.31652 -0.67475 -0.68794 0.84108 0.87786 0.84834 0.86718 1.00076 0.96161 0.57232 5
-0.75940 -0.67475 1.45328 0.25820 0.42441 0.84834 -0.18504 -0.24944 -0.04647 -0.13528 5
-0.75940 -0.67475 1.45328 0.34147 0.27326 0.13110 0.03213 0.17180 -0.20612 0.11616 5
1.31652 -0.67475 -0.68794 0.42474 0.42441 -0.22752 -0.08920 -0.18637 0.11318 -0.08858 5
-0.75940 1.48167 -0.68794 0.42474 0.22288 0.37018 -0.06779 -0.04896 0.10862 -0.13528 5
1.31652 -0.67475 -0.68794 0.42474 0.67633 0.13110 0.05762 0.03213 -0.06928 0.21673 5
1.31652 -0.67475 -0.68794 0.79945 0.82748 0.25064 0.74687 0.45563 1.10758 0.83453 5
1.31652 -0.67475 -0.68794 0.79945 0.62595 0.25064 0.97934 1.02554 2.37110 0.61902 5
-0.75940 -0.67475 1.45328 -0.11651 0.47480 -0.10798 -0.29210 -0.32378 -0.24261 -0.25381 5
1.31652 -0.67475 -0.68794 1.13252 1.07939 1.32650 1.50239 1.69007 1.57285 1.05723 5
-0.75940 -0.67475 1.45328 -0.57449 -0.53286 -1.42292 -0.76825 -0.64365 -0.73981 -0.81773 5
1.31652 -0.67475 -0.68794 -0.69939 -0.58325 -0.70568 -0.75500 -0.71799 -0.84016 -0.78182 5
-0.75940 1.48167 -0.68794 0.29983 0.17250 -0.34706 0.21056 0.00735 0.29564 0.69086 5
-0.75940 1.48167 -0.68794 -0.15815 -0.07942 0.60926 -0.20339 -0.41389 -0.23349 0.08024 5
1.31652 -0.67475 -0.68794 -0.40795 -0.53286 -0.34706 -0.74684 -0.78106 -0.67139 -0.67406 5
-0.75940 1.48167 -0.68794 -1.28227 -1.23822 -0.82522 -1.13939 -1.11220 -1.11385 -1.11586 5
1.31652 -0.67475 -0.68794 -0.82430 -0.83516 -0.46660 -0.92425 -0.97930 -0.67595 -0.96141 5
-0.75940 1.48167 -0.68794 -1.61535 -1.49014 -1.42292 -1.28213 -1.33746 -1.19139 -1.21284 5
1.31652 -0.67475 -0.68794 0.54964 0.72671 0.48972 0.88350 0.94220 0.83845 0.69086 5
1.31652 -0.67475 -0.68794 1.00762 0.82748 0.48972 0.86107 0.79352 1.40407 0.55796 5
1.31652 -0.67475 -0.68794 1.21579 1.12978 1.20696 1.65126 2.03697 1.71881 1.09315 5
-0.75940 -0.67475 1.45328 -0.07488 -0.07942 -0.34706 -0.48174 -0.42515 -0.57560 -0.50883 5
-0.75940 1.48167 -0.68794 0.17493 0.22288 0.01156 0.00664 0.34300 -0.09664 -0.27177 5
-0.75940 1.48167 -0.68794 0.38310 0.22288 0.48972 -0.03618 0.12674 -0.19700 -0.07421 5
-0.75940 1.48167 -0.68794 0.75781 0.62595 0.37018 0.52052 1.03230 0.25915 0.05150 5
1.31652 -0.67475 -0.68794 0.79945 0.82748 0.37018 0.55315 0.65611 0.61038 0.51126 5
-0.75940 1.48167 -0.68794 1.17416 0.97863 0.60926 1.06091 1.07735 1.24898 0.87045 5
-0.75940 -0.67475 1.45328 -0.15815 -0.23057 -0.34706 -0.47461 -0.51525 -0.76262 -0.20711 5
-0.75940 -0.67475 1.45328 -0.15815 -0.28095 -0.10798 -0.59186 -0.42740 -0.78086 -0.53038 5
-0.75940 1.48167 -0.68794 -0.07488 -0.12980 -0.10798 -0.63774 -0.71123 -0.44331 -0.55194 5
1.31652 -0.67475 -0.68794 0.54964 0.62595 0.13110 0.19323 0.42860 -0.06928 0.10897 5
1.31652 -0.67475 -0.68794 0.63291 1.02901 1.08742 0.93040 1.12691 0.85670 0.54718 5
-0.75940 1.48167 -0.68794 1.50723 1.33131 1.56558 1.89290 2.10455 2.15671 1.59601 5
1.31652 -0.67475 -0.68794 1.67377 1.63361 1.20696 3.06238 4.02604 3.28795 2.01985 5
1.31652 -0.67475 -0.68794 -0.19978 -0.43210 -0.22752 -0.47767 -0.22692 -0.65770 -0.61300 5
-0.75940 1.48167 -0.68794 0.13330 0.12212 0.01156 -0.05147 0.09295 -0.00085 -0.20711 5
-0.75940 1.48167 -0.68794 0.84108 0.77709 0.48972 0.86718 1.04356 0.71529 0.78784 5
-0.75940 -0.67475 1.45328 -0.19978 -0.18018 -0.22752 -0.65508 -0.66618 -0.69876 -0.45495 5
-0.75940 -0.67475 1.45328 -0.15815 0.17250 -0.34706 -0.44300 -0.51525 -0.39314 -0.27895 5
-0.75940 1.48167 -0.68794 0.46637 0.42441 0.72880 0.28907 0.46013 0.46898 0.06587 5
-0.75940 -0.67475 1.45328 0.50801 0.42441 -0.10798 0.05354 0.09070 0.05844 0.15207 5
-0.75940 1.48167 -0.68794 0.75781 1.07939 -0.10798 0.59699 0.83632 0.45529 0.36759 5
-0.75940 -0.67475 1.45328 1.21579 0.77709 0.84834 0.87228 0.79352 1.29004 1.05723 5
1.31652 -0.67475 -0.68794 1.21579 1.18016 1.32650 1.24749 1.35217 0.79284 1.33740 5
1.31652 -0.67475 -0.68794 0.25820 0.17250 0.25064 0.09025 0.46464 0.03564 -0.30410 5
-0.75940 1.48167 -0.68794 0.54964 0.32365 0.01156 0.36350 0.53222 0.27283 0.38555 5
1.31652 -0.67475 -0.68794 0.71618 0.67633 0.84834 0.39817 0.22361 0.73354 0.59747 5
-0.75940 1.48167 -0.68794 0.84108 0.82748 -0.70568 0.62656 0.75297 0.09950 0.38555 5
1.31652 -0.67475 -0.68794 0.96598 0.77709 0.48972 0.36146 0.43535 0.40055 0.32089 5
-0.75940 -0.67475 1.45328 0.09166 0.12212 0.13110 -0.28598 -0.38911 -0.26542 -0.01315 5
1.31652 -0.67475 -0.68794 0.29983 0.42441 0.13110 0.13307 0.13125 0.26371 0.18081 5
-0.75940 -0.67475 1.45328 0.34147 0.32365 -0.10798 -0.12387 -0.13006 -0.38402 0.06228 5
1.31652 -0.67475 -0.68794 0.42474 0.62595 0.25064 0.30539 0.41058 0.14055 0.26701 5
1.31652 -0.67475 -0.68794 0.54964 -0.02903 0.25064 0.04947 -0.15033 0.73810 0.04432 5
-0.75940 1.48167 -0.68794 0.96598 0.92824 0.25064 0.76013 0.89940 0.45985 0.69445 5
1.31652 -0.67475 -0.68794 0.42474 0.72671 0.25064 0.24013 0.34300 0.72898 0.08383 5
1.31652 -0.67475 -0.68794 0.42474 0.42441 -0.10798 0.18915 -0.02418 0.25915 -0.01674 5
-0.75940 1.48167 -0.68794 0.21656 0.32365 -0.34706 -0.12998 -0.13231 0.29108 0.04432 5
-0.75940 1.48167 -0.68794 0.17493 0.02135 -0.58614 -0.31045 -0.31252 -0.20612 -0.13528 5
-0.75940 -0.67475 1.45328 -1.69862 -1.59091 -1.42292 -1.37083 -1.36224 -1.33736 -1.28468 5
-0.75940 -0.67475 1.45328 -0.86593 -0.83516 -0.34706 -0.89162 -0.90946 -0.71244 -0.88957 5
1.31652 -0.67475 -0.68794 -1.32391 -1.23822 -1.30338 -1.24033 -1.23384 -1.17771 -1.21284 5
-0.75940 1.48167 -0.68794 0.29983 0.57556 0.48972 0.41346 0.32723 0.19985 0.70522 5
1.31652 -0.67475 -0.68794 0.71618 0.62595 0.37018 0.41550 0.62007 0.33669 0.28497 5
1.31652 -0.67475 -0.68794 1.04925 0.97863 0.96788 1.30561 1.58645 1.39495 1.01413 5
-0.75940 -0.67475 1.45328 -0.40795 -0.53286 -0.34706 -0.69790 -0.64816 -0.63946 -0.69561 5
-0.75940 -0.67475 1.45328 -0.19978 -0.43210 -0.34706 -0.61327 -0.58734 -0.70788 -0.53398 5
-0.75940 -0.67475 1.45328 -0.07488 -0.07942 -0.10798 -0.39304 -0.24269 -0.53911 -0.38312 5
-0.75940 -0.67475 1.45328 0.05003 -0.02903 -0.22752 -0.34104 -0.29224 -0.37489 -0.35079 5
-0.75940 -0.67475 1.45328 0.42474 0.32365 -0.34706 0.04641 0.43310 -0.08296 -0.30410 5
-0.75940 1.48167 -0.68794 0.42474 0.67633 0.48972 0.13511 0.00510 0.36862 0.23110 5
-0.75940 1.48167 -0.68794 0.50801 0.57556 0.60926 0.21770 0.19883 0.42792 0.14489 5
-0.75940 1.48167 -0.68794 0.63291 0.77709 0.13110 -0.10755 -0.02193 -0.20156 0.00122 5
1.31652 -0.67475 -0.68794 0.84108 0.72671 0.48972 0.63777 0.99175 0.30932 0.36759 5
-0.75940 1.48167 -0.68794 0.25820 -0.02903 -0.46660 0.17182 0.44662 0.14055 -0.23226 5
1.31652 -0.67475 -0.68794 0.75781 0.67633 1.20696 1.23322 1.67655 1.13495 0.64416 5
-0.75940 1.48167 -0.68794 1.17416 0.92824 0.84834 1.23730 1.27784 1.49986 0.94229 5
-0.75940 -0.67475 1.45328 0.05003 0.12212 0.01156 -0.31045 -0.46570 0.04476 -0.22148 5
1.31652 -0.67475 -0.68794 0.17493 0.02135 0.01156 -0.18708 -0.04671 -0.27910 -0.19275 5
-0.75940 1.48167 -0.68794 0.71618 0.87786 0.60926 0.51950 0.41959 0.84301 0.56155 5
1.31652 -0.67475 -0.68794 0.84108 0.62595 0.25064 0.60209 0.88588 0.46441 0.34604 5
-0.75940 1.48167 -0.68794 0.92435 0.97863 0.72880 0.88656 0.68765 1.29004 0.83453 5
-0.75940 1.48167 -0.68794 1.04925 1.18016 0.60926 0.83456 1.29586 0.61950 0.44302 5
-0.75940 -0.67475 1.45328 0.34147 0.22288 -0.34706 -0.35531 -0.35081 -0.37945 -0.20711 5
1.31652 -0.67475 -0.68794 0.84108 0.87786 0.37018 0.71017 0.65836 0.88863 0.76269 5
1.31652 -0.67475 -0.68794 -0.94920 -0.83516 -0.94476 -0.96503 -0.96128 -0.99069 -0.96141 5
-0.75940 1.48167 -0.68794 0.75781 0.67633 0.13110 0.25237 0.14477 0.13143 0.58310 5
-0.75940 1.48167 -0.68794 -0.28305 -0.23057 0.48972 -0.35226 -0.51300 -0.08752 -0.24303 5
-0.75940 -0.67475 1.45328 -1.94843 -1.84282 -1.54246 -1.38001 -1.29917 -1.10929 -1.39244 5
-0.75940 1.48167 -0.68794 0.71618 0.92824 0.96788 1.24240 0.71693 1.75987 0.68727 5
1.31652 -0.67475 -0.68794 0.71618 0.67633 0.25064 0.63879 1.17422 0.51459 0.04432 5
1.31652 -0.67475 -0.68794 0.84108 0.87786 0.37018 0.40021 0.45338 0.12687 0.72678 5
1.31652 -0.67475 -0.68794 1.04925 1.18016 1.08742 1.05377 1.02104 0.88863 1.06082 5
-0.75940 1.48167 -0.68794 0.59127 0.47480 0.01156 0.17386 0.13575 0.38231 0.23110 6
1.31652 -0.67475 -0.68794 0.63291 0.67633 1.56558 0.70813 0.74847 0.97530 0.49690 6
-0.75940 1.48167 -0.68794 0.75781 0.72671 0.60926 0.67856 0.69215 1.09846 0.47534 6
-0.75940 1.48167 -0.68794 -0.40795 -0.18018 -0.46660 -0.60817 -0.65717 -0.59384 -0.49447 6
-0.75940 1.48167 -0.68794 0.63291 0.62595 0.25064 0.19017 0.01637 0.12231 0.47534 6
-0.75940 1.48167 -0.68794 0.34147 0.37403 0.37018 -0.00559 -0.08275 0.22722 0.06228 6
-0.75940 1.48167 -0.68794 -0.28305 -0.28095 -0.34706 -0.57045 -0.51525 -0.66683 -0.46573 6
1.31652 -0.67475 -0.68794 -0.53285 -0.58325 -0.46660 -0.63978 -0.60987 -0.66226 -0.59145 6
-0.75940 1.48167 -0.68794 0.67454 0.77709 0.48972 0.46444 0.04790 0.50091 0.83453 6
-0.75940 1.48167 -0.68794 0.88272 0.92824 1.08742 1.13024 0.81380 1.37670 1.01413 6
-0.75940 1.48167 -0.68794 -0.11651 -0.07942 0.01156 -0.02904 0.44887 0.14511 -0.31487 6
1.31652 -0.67475 -0.68794 0.50801 0.52518 1.08742 0.19017 0.01862 0.29564 0.33167 6
-0.75940 -0.67475 1.45328 -0.82430 -0.28095 -0.82522 -1.02417 -1.04012 -0.93139 -0.99733 6
-0.75940 1.48167 -0.68794 0.09166 0.27326 0.48972 -0.03720 -0.19763 -0.00998 0.00840 6
-0.75940 1.48167 -0.68794 -0.44959 -0.48248 -0.22752 -0.72747 -0.79909 -0.60753 -0.63814 6
-0.75940 1.48167 -0.68794 0.50801 0.42441 0.48972 0.50625 0.63133 0.97530 0.08024 6
1.31652 -0.67475 -0.68794 -0.40795 -0.33133 -0.34706 -0.48072 -0.37109 -0.59840 -0.42263 6
-0.75940 1.48167 -0.68794 -0.07488 0.07173 0.01156 -0.27579 -0.21566 -0.26086 -0.27895 6
-0.75940 -0.67475 1.45328 -1.36554 -1.33899 -0.70568 -1.21382 -1.19104 -1.16859 -1.10509 6
-0.75940 1.48167 -0.68794 -0.94920 -0.83516 -0.82522 -0.94872 -0.90271 -0.94507 -0.85365 6
-0.75940 -0.67475 1.45328 -0.90756 -0.98631 -0.70568 -1.08535 -1.06490 -1.12753 -1.00092 6
-0.75940 1.48167 -0.68794 -1.24064 -1.18784 -0.58614 -1.13837 -1.20005 -1.04543 -1.07994 6
-0.75940 -0.67475 1.45328 -0.03324 0.17250 0.72880 -0.30230 -0.35757 -0.06015 -0.31487 6
1.31652 -0.67475 -0.68794 -0.32468 -0.38171 0.01156 -0.52253 -0.69997 -0.35665 -0.45855 6
1.31652 -0.67475 -0.68794 -0.90756 -0.83516 0.01156 -0.83962 -0.92749 -0.72156 -0.68124 6
1.31652 -0.67475 -0.68794 -1.36554 -1.13746 -0.22752 -1.12613 -1.21582 -1.12753 -0.99374 6
1.31652 -0.67475 -0.68794 -1.03247 -1.03669 -1.30338 -1.08433 -1.13247 -1.00437 -0.99733 6
1.31652 -0.67475 -0.68794 -0.28305 -0.28095 0.01156 -0.13916 -0.51525 -0.12401 -0.38671 6
-0.75940 1.48167 -0.68794 0.17493 0.32365 -0.10798 0.18303 0.31371 0.19073 -0.00956 6
1.31652 -0.67475 -0.68794 0.38310 0.27326 -0.22752 -0.15343 -0.04671 -0.04647 -0.32205 6
-0.75940 1.48167 -0.68794 0.59127 0.72671 0.25064 0.57354 0.62458 0.43248 0.65494 6
-0.75940 1.48167 -0.68794 0.67454 0.67633 0.84834 1.12820 1.12466 0.47354 1.14703 6
1.31652 -0.67475 -0.68794 0.38310 0.42441 0.37018 0.74687 0.91516 0.69249 0.40351 6
-0.75940 1.48167 -0.68794 0.84108 0.67633 0.84834 0.64185 0.52321 0.61038 0.79143 6
-0.75940 1.48167 -0.68794 0.96598 0.92824 0.84834 1.15267 0.60430 1.00723 1.15780 6
1.31652 -0.67475 -0.68794 1.04925 1.18016 1.08742 1.61761 1.37470 1.29460 1.71095 6
1.31652 -0.67475 -0.68794 1.59050 1.58322 0.84834 2.29156 1.82523 2.17040 1.25478 6
1.31652 -0.67475 -0.68794 0.96598 1.07939 0.60926 1.10169 1.22828 1.46793 0.85608 6
1.31652 -0.67475 -0.68794 1.00762 1.23054 1.32650 1.14452 1.29361 1.03916 0.96743 6
-0.75940 1.48167 -0.68794 1.00762 0.72671 0.72880 0.62350 0.75973 0.66968 0.47534 6
1.31652 -0.67475 -0.68794 1.59050 1.28092 1.20696 1.72671 2.38613 1.20793 1.30148 6
-0.75940 1.48167 -0.68794 1.63214 1.73437 1.32650 2.59846 3.00560 2.73146 2.14557 6
-0.75940 1.48167 -0.68794 0.13330 0.12212 0.13110 0.07496 0.32498 -0.16050 -0.15324 6
-0.75940 -0.67475 1.45328 0.25820 0.22288 0.37018 -0.18198 -0.20664 -0.33840 0.29575 6
1.31652 -0.67475 -0.68794 0.46637 0.52518 0.37018 1.24546 1.40624 0.84301 0.40710 6
1.31652 -0.67475 -0.68794 0.50801 0.82748 1.08742 0.69793 0.73270 0.66512 0.69086 6
1.31652 -0.67475 -0.68794 0.50801 0.62595 0.60926 1.18326 1.98516 0.44161 0.40351 6
1.31652 -0.67475 -0.68794 0.50801 0.67633 0.25064 0.48178 0.77550 0.16792 0.35681 6
1.31652 -0.67475 -0.68794 0.54964 0.47480 0.37018 0.11574 0.12900 0.06757 0.25983 6
-0.75940 1.48167 -0.68794 0.59127 0.57556 0.25064 0.30844 0.23487 0.14055 -0.09577 6
1.31652 -0.67475 -0.68794 0.71618 0.42441 0.25064 0.08617 0.21460 0.02651 0.08024 6
1.31652 -0.67475 -0.68794 0.75781 0.62595 0.60926 0.61025 0.39255 0.35494 0.72678 6
-0.75940 1.48167 -0.68794 0.79945 0.92824 0.25064 0.94671 1.06609 1.21249 0.82735 6
1.31652 -0.67475 -0.68794 0.92435 0.67633 0.72880 0.74381 0.72594 0.81108 0.91715 6
-0.75940 1.48167 -0.68794 1.09089 1.18016 1.20696 1.08232 0.92192 1.28548 1.14703 6
-0.75940 1.48167 -0.68794 1.13252 0.87786 1.68512 1.46671 1.64276 1.56829 1.10392 6
1.31652 -0.67475 -0.68794 0.84108 1.12978 0.84834 1.18632 1.49409 1.29004 0.77347 6
-0.75940 1.48167 -0.68794 0.88272 0.92824 0.84834 0.57456 0.48491 0.79740 0.64775 6
-0.75940 1.48167 -0.68794 0.92435 0.97863 0.13110 0.62350 0.65611 0.77459 0.54718 6
1.31652 -0.67475 -0.68794 1.21579 1.02901 0.84834 1.42287 1.31388 2.43496 0.76269 6
-0.75940 -0.67475 1.45328 0.13330 0.17250 -0.22752 -0.22073 -0.28774 -0.10577 -0.09936 6
1.31652 -0.67475 -0.68794 0.34147 0.22288 0.25064 0.00460 0.29344 -0.06471 -0.14246 6
-0.75940 -0.67475 1.45328 0.42474 0.17250 -0.10798 -0.06575 0.02087 0.14055 0.00122 6
-0.75940 1.48167 -0.68794 0.42474 0.62595 0.37018 0.58578 0.67413 0.52371 0.72678 6
-0.75940 1.48167 -0.68794 0.50801 0.37403 0.01156 0.17182 0.32047 0.36406 0.10179 6
1.31652 -0.67475 -0.68794 0.54964 0.82748 0.60926 0.77134 0.89940 0.49634 0.50408 6
1.31652 -0.67475 -0.68794 0.84108 0.67633 0.48972 0.52154 0.63584 0.50091 0.51485 6
1.31652 -0.67475 -0.68794 1.00762 1.02901 1.32650 0.81009 1.03230 0.37318 0.97462 6
1.31652 -0.67475 -0.68794 1.13252 1.23054 1.32650 1.47181 1.31163 1.35846 1.84026 6
-0.75940 1.48167 -0.68794 1.21579 1.43207 0.37018 1.50341 2.24647 1.44513 0.82735 6
1.31652 -0.67475 -0.68794 1.29906 1.12978 1.32650 1.27400 1.04807 1.91952 1.24760 6
-0.75940 1.48167 -0.68794 1.54887 1.33131 1.56558 1.53298 1.99417 0.97074 1.40923 6
1.31652 -0.67475 -0.68794 1.63214 1.63361 1.44604 2.03666 2.52129 1.69144 1.76842 6
1.31652 -0.67475 -0.68794 0.21656 0.12212 0.48972 1.04358 1.23053 1.18968 0.75551 6
1.31652 -0.67475 -0.68794 0.42474 0.32365 1.08742 0.40021 0.66737 0.40055 0.06946 6
1.31652 -0.67475 -0.68794 1.09089 1.38169 1.20696 1.21487 1.23053 1.39039 0.99976 6
-0.75940 -0.67475 1.45328 0.17493 0.17250 0.01156 -0.02904 -0.24494 0.45985 0.03713 6
-0.75940 -0.67475 1.45328 0.34147 0.52518 0.37018 0.08719 0.07268 0.31389 0.08024 6
-0.75940 1.48167 -0.68794 0.71618 0.52518 0.13110 0.59087 0.53447 1.03916 0.42865 6
1.31652 -0.67475 -0.68794 0.75781 0.87786 1.44604 0.79581 0.92192 0.42336 1.07519 6
-0.75940 -0.67475 1.45328 1.04925 1.12978 0.25064 0.83456 0.85660 1.05284 0.65853 6
-0.75940 1.48167 -0.68794 0.38310 0.27326 0.25064 0.00155 0.12674 -0.22437 0.04432 6
-0.75940 1.48167 -0.68794 0.63291 0.62595 1.20696 0.62350 0.59754 0.71986 0.70882 6
1.31652 -0.67475 -0.68794 -0.49122 -0.48248 -0.22752 -0.61633 -0.67069 -0.56647 -0.53038 6
-0.75940 1.48167 -0.68794 0.46637 0.67633 0.37018 0.29621 0.32047 0.45073 0.33167 6
-0.75940 1.48167 -0.68794 -0.36632 -0.02903 -0.22752 -0.38998 -0.37109 -0.32928 -0.20711 6
1.31652 -0.67475 -0.68794 -1.53208 -1.33899 -1.18384 -1.26887 -1.29241 -1.25525 -1.21284 6
-0.75940 1.48167 -0.68794 -1.36554 -1.43976 -1.18384 -1.24848 -1.18654 -1.30999 -1.18770 6
-0.75940 1.48167 -0.68794 0.46637 0.52518 1.08742 0.38389 -0.03545 0.17704 0.58310 6
-0.75940 1.48167 -0.68794 -0.15815 -0.33133 -0.58614 -0.48786 -0.43191 -0.55279 -0.51602 6
-0.75940 1.48167 -0.68794 -0.07488 -0.12980 0.60926 -0.14732 -0.76079 -0.09664 0.58669 6
1.31652 -0.67475 -0.68794 0.67454 0.67633 0.84834 0.75911 0.81154 0.86126 0.50408 6
-0.75940 1.48167 -0.68794 1.71540 1.63361 0.60926 2.42207 3.19482 2.16584 1.40923 6
1.31652 -0.67475 -0.68794 2.04848 1.93590 1.80466 2.78505 3.11823 2.74970 2.47962 6
-0.75940 1.48167 -0.68794 0.67454 0.72671 0.25064 0.51033 0.41058 0.93880 0.38914 6
1.31652 -0.67475 -0.68794 1.13252 1.07939 0.60926 1.25973 1.50761 1.07109 0.98180 6
-0.75940 -0.67475 1.45328 -0.28305 -0.43210 -0.34706 -0.55108 -0.48372 -0.49805 -0.55553 6
1.31652 -0.67475 -0.68794 0.46637 0.32365 0.84834 0.80907 0.81605 0.82021 0.62979 6
-0.75940 -0.67475 1.45328 0.50801 0.52518 0.13110 0.03621 -0.09176 -0.12401 0.40351 6
-0.75940 1.48167 -0.68794 0.88272 0.67633 0.37018 0.35025 0.41733 0.65143 0.18799 6
1.31652 -0.67475 -0.68794 0.67454 0.67633 1.20696 0.60515 1.03906 0.60582 0.15207 7
1.31652 -0.67475 -0.68794 0.88272 0.82748 0.60926 0.75809 0.97148 0.84301 0.39632 7
1.31652 -0.67475 -0.68794 0.05003 -0.02903 0.25064 0.00562 -0.03319 0.05844 0.09820 7
1.31652 -0.67475 -0.68794 0.46637 0.52518 0.25064 0.44915 0.72594 0.11774 0.47534 7
-0.75940 -0.67475 1.45328 0.54964 0.67633 0.13110 0.29723 0.48716 0.24090 0.14489 7
1.31652 -0.67475 -0.68794 0.59127 0.62595 0.37018 0.76013 0.59754 1.87846 0.18799 7
1.31652 -0.67475 -0.68794 0.63291 0.42441 1.32650 1.04256 1.16070 1.32197 0.87404 7
1.31652 -0.67475 -0.68794 0.84108 0.82748 -0.46660 0.09739 0.43535 -0.00542 -0.04189 7
1.31652 -0.67475 -0.68794 1.21579 1.33131 0.84834 1.33212 1.71034 1.02091 0.90637 7
1.31652 -0.67475 -0.68794 1.34069 0.97863 1.20696 1.43612 1.38596 2.05180 1.22964 7
-0.75940 1.48167 -0.68794 0.09166 -0.07942 0.25064 0.80601 1.16521 0.86126 0.34963 7
1.31652 -0.67475 -0.68794 1.34069 1.02901 0.60926 1.46059 1.47156 1.79636 1.19731 7
1.31652 -0.67475 -0.68794 1.13252 1.18016 1.44604 1.34640 1.11340 1.81460 1.30866 7
1.31652 -0.67475 -0.68794 -0.49122 -0.02903 -0.10798 -0.10449 0.34525 -0.08296 -0.67047 7
-0.75940 1.48167 -0.68794 0.00839 -0.07942 -0.10798 -0.23398 -0.18637 -0.38858 -0.22148 7
1.31652 -0.67475 -0.68794 0.50801 0.52518 0.25064 0.76930 0.99851 0.32301 0.60465 7
-0.75940 1.48167 -0.68794 0.88272 0.87786 1.20696 0.68672 0.79577 0.28196 -0.54834 7
1.31652 -0.67475 -0.68794 -0.49122 -0.48248 -0.82522 -0.69484 -0.77205 -0.87665 -0.35079 7
1.31652 -0.67475 -0.68794 -0.11651 -0.07942 0.01156 -0.28190 -0.45218 -0.26998 -0.06344 7
1.31652 -0.67475 -0.68794 0.29983 0.42441 0.37018 0.17080 0.00060 0.82477 0.79861 7
-0.75940 -0.67475 1.45328 -0.44959 -0.33133 -0.82522 -0.73562 -0.86892 -0.66226 -0.49447 7
-0.75940 1.48167 -0.68794 -0.40795 -0.33133 -0.34706 -0.49092 -0.55130 -0.08296 -0.60222 7
1.31652 -0.67475 -0.68794 0.42474 0.27326 -0.22752 0.37064 0.03889 0.37775 0.58310 7
-0.75940 1.48167 -0.68794 0.59127 0.67633 0.60926 0.65103 0.38129 0.30476 0.94229 7
-0.75940 1.48167 -0.68794 0.71618 0.87786 0.84834 0.88656 0.76874 1.22618 0.76629 7
1.31652 -0.67475 -0.68794 0.92435 0.87786 0.37018 1.09048 1.00752 1.07565 0.40351 7
-0.75940 1.48167 -0.68794 1.59050 1.78475 2.16328 2.53627 2.28026 2.08829 2.34312 7
1.31652 -0.67475 -0.68794 0.54964 0.52518 0.13110 0.20445 0.09295 0.54196 0.11616 7
1.31652 -0.67475 -0.68794 1.21579 1.18016 0.96788 1.69816 1.98742 1.67776 1.37332 7
-0.75940 -0.67475 1.45328 0.46637 0.52518 0.01156 0.19935 0.24388 0.03564 0.22391 7
-0.75940 -0.67475 1.45328 0.46637 0.52518 0.01156 0.00155 0.14477 -0.14226 -0.00597 7
-0.75940 1.48167 -0.68794 0.63291 0.67633 0.72880 0.52868 0.59079 0.61038 0.51126 7
-0.75940 1.48167 -0.68794 0.84108 0.67633 0.48972 1.02930 1.10664 0.97530 0.57592 7
1.31652 -0.67475 -0.68794 1.25743 1.07939 0.13110 0.88962 1.09537 1.08021 0.61902 7
1.31652 -0.67475 -0.68794 1.38233 1.23054 1.20696 1.56357 1.43552 1.37214 1.73250 7
-0.75940 -0.67475 1.45328 0.00839 -0.02903 -0.34706 -0.35022 -0.27422 -0.27454 -0.50883 7
1.31652 -0.67475 -0.68794 0.79945 0.72671 0.60926 0.52358 0.54799 0.70161 0.47534 7
1.31652 -0.67475 -0.68794 1.34069 1.43207 1.20696 2.15392 2.39064 2.09285 1.80075 7
-0.75940 1.48167 -0.68794 0.42474 0.12212 1.20696 1.90718 2.49876 1.79180 1.22605 7
1.31652 -0.67475 -0.68794 0.84108 0.72671 0.96788 0.80397 0.92643 1.06653 0.70882 7
-0.75940 -0.67475 1.45328 0.09166 -0.07942 0.13110 -0.25233 -0.23818 -0.40226 -0.13528 7
1.31652 -0.67475 -0.68794 0.25820 0.52518 0.48972 0.06374 -0.11203 0.11774 0.25983 7
1.31652 -0.67475 -0.68794 0.75781 0.47480 -0.22752 0.28499 0.58853 0.01283 0.19158 7
1.31652 -0.67475 -0.68794 0.84108 0.92824 1.08742 0.84373 1.08186 0.61494 0.69086 7
-0.75940 1.48167 -0.68794 -0.03324 0.02135 0.48972 -0.23806 -0.33730 -0.25173 -0.09936 7
-0.75940 -0.67475 1.45328 1.67377 1.43207 1.92420 2.48937 1.86577 2.37110 2.98966 7
1.31652 -0.67475 -0.68794 1.42396 1.43207 1.56558 2.74121 3.48541 2.60830 1.84744 7
-0.75940 1.48167 -0.68794 1.63214 1.68399 1.32650 2.69533 3.22186 1.83741 2.48680 7
-0.75940 1.48167 -0.68794 1.00762 1.18016 0.72880 1.10373 1.14493 0.93424 0.72678 7
-0.75940 -0.67475 1.45328 0.13330 0.07173 0.37018 -0.25845 -0.16835 -0.12401 -0.35079 7
1.31652 -0.67475 -0.68794 0.21656 0.22288 0.96788 -0.00457 0.36552 -0.19700 -0.09936 7
1.31652 -0.67475 -0.68794 0.38310 0.37403 0.48972 0.37880 0.70567 -0.15138 0.43943 7
-0.75940 1.48167 -0.68794 0.42474 0.72671 0.72880 0.55315 0.66062 0.61950 0.51126 7
-0.75940 -0.67475 1.45328 0.59127 0.67633 0.37018 0.31660 0.57276 0.03108 0.26342 7
1.31652 -0.67475 -0.68794 1.46560 1.38169 1.80466 2.21000 2.35685 2.35285 1.91928 7
-0.75940 1.48167 -0.68794 0.67454 0.57556 0.37018 0.55315 0.84533 0.78372 0.14130 7
-0.75940 1.48167 -0.68794 -0.15815 0.02135 0.25064 -0.37673 -0.33504 -0.32472 -0.20711 7
-0.75940 1.48167 -0.68794 -0.65776 -0.53286 0.25064 -0.70096 -0.80359 -0.50718 -0.60222 7
-0.75940 1.48167 -0.68794 0.13330 0.67633 0.37018 0.20241 0.15603 0.12231 0.15207 7
1.31652 -0.67475 -0.68794 -0.28305 -0.12980 0.01156 -0.57045 -0.62113 -0.48437 -0.63814 7
1.31652 -0.67475 -0.68794 0.88272 0.82748 1.20696 0.71119 0.60430 1.42232 0.33167 7
1.31652 -0.67475 -0.68794 0.50801 0.47480 0.25064 0.32272 0.34300 0.24546 0.51126 7
-0.75940 -0.67475 1.45328 -0.28305 -0.28095 -0.46660 -0.61123 -0.64365 -0.37945 -0.60222 7
-0.75940 1.48167 -0.68794 0.34147 0.82748 0.37018 0.19527 0.20559 0.35494 0.11616 7
1.31652 -0.67475 -0.68794 0.21656 0.42441 -0.22752 0.18609 0.08394 0.52827 0.36759 7
-0.75940 1.48167 -0.68794 0.75781 1.18016 0.37018 0.42774 0.30470 0.46441 0.76269 7
-0.75940 1.48167 -0.68794 -0.69939 -0.53286 -0.58614 -0.84370 -0.90496 -0.80367 -0.77463 7
-0.75940 1.48167 -0.68794 -0.94920 -0.88554 -0.58614 -0.90080 -0.87568 -0.73069 -1.00810 7
-0.75940 -0.67475 1.45328 0.09166 0.42441 0.72880 -0.09736 -0.24269 -0.22893 0.40351 7
1.31652 -0.67475 -0.68794 -0.57449 -0.58325 -0.46660 -0.70402 -0.80134 -0.33384 -0.56630 7
-0.75940 1.48167 -0.68794 -0.78266 -0.83516 -0.58614 -0.90182 -0.95452 -0.67595 -0.92549 7
1.31652 -0.67475 -0.68794 -1.74025 -1.59091 -1.18384 -1.27601 -1.34197 -1.30999 -1.14460 7
-0.75940 1.48167 -0.68794 0.21656 0.22288 0.37018 -0.08920 -0.31702 0.42336 -0.04189 7
-0.75940 1.48167 -0.68794 0.05003 0.47480 0.60926 0.30946 -0.19763 0.92056 0.41428 7
-0.75940 1.48167 -0.68794 0.79945 0.97863 0.48972 1.10883 1.21251 0.86126 0.93151 7
-0.75940 1.48167 -0.68794 0.84108 0.82748 1.44604 1.12922 1.03681 0.95249 1.02131 7
1.31652 -0.67475 -0.68794 0.54964 0.57556 0.37018 0.62656 0.74396 0.73810 0.25983 7
-0.75940 1.48167 -0.68794 0.79945 1.02901 0.96788 1.02522 1.05708 0.87038 1.07160 7
1.31652 -0.67475 -0.68794 0.92435 0.82748 0.84834 1.11393 1.18773 0.82021 1.12188 7
1.31652 -0.67475 -0.68794 1.00762 1.12978 0.84834 1.64616 1.89055 1.47249 1.38768 7
1.31652 -0.67475 -0.68794 1.00762 0.92824 0.84834 1.03950 1.23278 1.08021 0.79143 7
1.31652 -0.67475 -0.68794 1.04925 1.12978 1.68512 1.73282 1.38371 1.16232 1.58883 7
-0.75940 1.48167 -0.68794 1.59050 1.18016 1.08742 1.49118 1.37921 1.84653 1.19372 7
1.31652 -0.67475 -0.68794 1.84031 1.58322 1.80466 2.24772 2.41767 2.53531 1.87618 7
-0.75940 -0.67475 1.45328 -0.49122 -0.68401 -0.70568 -0.98441 -0.97704 -0.98157 -0.90394 7
-0.75940 -0.67475 1.45328 0.21656 0.22288 0.13110 -0.08002 0.06818 -0.08752 -0.11373 7
-0.75940 1.48167 -0.68794 0.84108 0.97863 0.84834 0.65511 0.84759 0.68793 0.47175 7
1.31652 -0.67475 -0.68794 1.00762 1.18016 0.48972 1.38412 1.73963 0.58757 1.39127 7
-0.75940 1.48167 -0.68794 1.42396 1.58322 1.20696 1.90616 1.74413 1.99250 1.85822 7
1.31652 -0.67475 -0.68794 0.84108 0.62595 0.96788 0.62656 0.41283 1.31284 0.47534 7
1.31652 -0.67475 -0.68794 0.88272 0.72671 0.25064 0.90185 1.35668 0.56477 0.51126 7
1.31652 -0.67475 -0.68794 1.09089 1.02901 1.80466 1.94694 2.38388 2.08829 1.29789 7
1.31652 -0.67475 -0.68794 1.29906 1.07939 0.72880 1.59620 2.17213 1.14407 1.12188 7
-0.75940 -0.67475 1.45328 0.54964 0.52518 0.13110 0.14837 0.26866 -0.01910 0.15207 7
1.31652 -0.67475 -0.68794 0.96598 1.18016 1.08742 1.79094 1.81847 2.18864 1.47030 7
1.31652 -0.67475 -0.68794 1.04925 1.18016 1.08742 1.34436 1.37695 1.42688 0.99976 7
-0.75940 1.48167 -0.68794 1.29906 1.02901 1.44604 1.58804 1.59771 1.44513 1.66426 7
-0.75940 1.48167 -0.68794 1.71540 1.53284 1.20696 2.27117 1.98066 3.09181 2.34672 7
-0.75940 1.48167 -0.68794 0.34147 0.37403 -0.34706 0.00358 -0.20664 -0.01910 -0.06344 7
1.31652 -0.67475 -0.68794 0.34147 0.47480 0.37018 0.21770 0.27767 0.02195 0.15207 7
1.31652 -0.67475 -0.68794 0.63291 0.52518 0.72880 0.71730 0.43535 1.42688 0.64775 8
1.31652 -0.67475 -0.68794 0.75781 0.62595 0.13110 0.40735 0.37904 0.92968 0.33167 8
-0.75940 1.48167 -0.68794 0.79945 0.87786 0.72880 0.47566 0.05691 0.29564 0.72678 8
-0.75940 1.48167 -0.68794 0.84108 1.12978 0.96788 1.07110 0.56375 1.55460 0.97821 8
-0.75940 1.48167 -0.68794 0.92435 0.97863 0.37018 0.93958 1.05708 1.21705 0.76269 8
1.31652 -0.67475 -0.68794 1.00762 0.82748 0.84834 1.00177 1.32064 0.51915 0.71600 8
1.31652 -0.67475 -0.68794 1.13252 1.02901 0.84834 0.79377 0.65836 1.11670 0.94229 8
-0.75940 1.48167 -0.68794 1.25743 1.02901 1.08742 1.31377 1.21702 1.11214 1.33380 8
-0.75940 1.48167 -0.68794 0.50801 0.77709 0.25064 0.51033 0.24839 0.28196 0.84172 8
-0.75940 1.48167 -0.68794 -0.74103 -0.58325 -0.46660 -0.75500 -0.75403 -0.73525 -0.78182 8
-0.75940 1.48167 -0.68794 0.46637 0.47480 -0.46660 0.22688 0.17855 0.69705 0.18799 8
1.31652 -0.67475 -0.68794 0.92435 0.87786 0.25064 0.51440 0.55474 0.56020 0.51126 8
1.31652 -0.67475 -0.68794 -1.78189 -1.74205 -1.90108 -1.44527 -1.43207 -1.34648 -1.42836 8
1.31652 -0.67475 -0.68794 -0.19978 -0.18018 -0.22752 -0.24418 -0.38010 -0.11489 -0.42263 8
-0.75940 1.48167 -0.68794 -0.40795 -0.28095 0.13110 -0.52763 -0.86666 -0.57104 -0.37234 8
1.31652 -0.67475 -0.68794 0.17493 0.42441 0.25064 0.10351 0.12449 -0.27910 0.17003 8
1.31652 -0.67475 -0.68794 0.46637 0.52518 0.96788 0.64491 0.54348 0.87951 0.61902 8
-0.75940 1.48167 -0.68794 0.59127 0.57556 0.25064 0.40123 0.23712 0.85670 0.36040 8
1.31652 -0.67475 -0.68794 0.88272 0.97863 0.25064 0.99463 1.23053 0.60126 0.94229 8
1.31652 -0.67475 -0.68794 1.75704 1.63361 0.84834 2.14372 2.47849 1.88303 1.78997 8
1.31652 -0.67475 -0.68794 -0.36632 -0.33133 -0.46660 -0.48786 -0.47696 -0.47981 -0.48010 8
-0.75940 1.48167 -0.68794 0.96598 0.87786 0.72880 0.81111 0.58853 1.79180 0.34963 8
-0.75940 1.48167 -0.68794 1.09089 1.07939 0.37018 0.97934 0.74171 1.50899 1.05005 8
1.31652 -0.67475 -0.68794 1.42396 1.33131 1.32650 1.75831 1.84099 1.66408 1.70018 8
-0.75940 1.48167 -0.68794 1.63214 1.58322 0.96788 1.81541 2.19466 2.06548 1.06800 8
1.31652 -0.67475 -0.68794 1.79867 1.88552 1.20696 3.04811 3.55975 3.01883 1.91210 8
1.31652 -0.67475 -0.68794 0.46637 0.37403 0.25064 0.25237 0.32498 0.12687 0.34604 8
-0.75940 1.48167 -0.68794 0.46637 0.32365 -0.34706 -0.08818 0.01637 0.13599 -0.31487 8
1.31652 -0.67475 -0.68794 0.96598 0.97863 0.96788 0.95487 1.03906 1.20337 0.89200 8
-0.75940 1.48167 -0.68794 0.59127 0.22288 1.68512 1.41879 1.32289 1.96513 1.22964 8
-0.75940 1.48167 -0.68794 0.84108 1.07939 0.37018 0.68264 0.57727 0.71529 0.83453 8
1.31652 -0.67475 -0.68794 1.25743 1.12978 0.13110 1.09252 0.89039 1.45881 1.05005 8
-0.75940 1.48167 -0.68794 1.29906 1.12978 1.08742 1.35659 1.15169 1.94232 1.20090 8
1.31652 -0.67475 -0.68794 0.59127 0.47480 0.13110 0.23096 0.31822 0.01283 0.27420 8
-0.75940 1.48167 -0.68794 -0.15815 -0.02903 0.96788 -0.45422 -0.54229 -0.52086 -0.42263 8
1.31652 -0.67475 -0.68794 -0.19978 -0.23057 -0.10798 -0.56637 -0.60761 -0.99525 -0.23585 8
1.31652 -0.67475 -0.68794 -0.61612 -0.73439 0.01156 -0.71523 -0.77881 -0.59840 -0.56630 8
-0.75940 1.48167 -0.68794 0.79945 0.77709 0.84834 0.90185 0.77325 1.15775 0.94229 8
1.31652 -0.67475 -0.68794 0.59127 0.92824 0.60926 0.47158 0.19207 0.90687 0.25983 8
1.31652 -0.67475 -0.68794 -0.94920 -0.98631 -0.34706 -0.95688 -0.98155 -0.84016 -0.88957 8
-0.75940 -0.67475 1.45328 -0.69939 -0.98631 -0.58614 -0.95076 -1.01534 -0.89946 -0.85365 8
1.31652 -0.67475 -0.68794 0.63291 0.67633 0.25064 0.53072 0.72144 0.38687 0.38195 8
-0.75940 1.48167 -0.68794 1.46560 1.68399 1.44604 1.85110 1.87478 1.96969 1.59601 8
1.31652 -0.67475 -0.68794 1.54887 1.63361 1.32650 1.05887 2.42893 2.39847 1.54213 8
-0.75940 -0.67475 1.45328 0.88272 0.57556 0.25064 0.41346 0.30245 0.54196 0.61902 8
1.31652 -0.67475 -0.68794 1.13252 1.07939 1.44604 1.66757 1.75539 2.20233 1.16499 8
1.31652 -0.67475 -0.68794 0.75781 0.67633 0.37018 0.49911 0.35201 0.71073 0.51126 8
1.31652 -0.67475 -0.68794 0.67454 0.82748 0.60926 0.60311 0.59754 0.37775 0.83812 8
1.31652 -0.67475 -0.68794 0.79945 0.92824 0.96788 1.14757 1.65177 0.90231 0.66931 8
1.31652 -0.67475 -0.68794 1.04925 1.18016 1.20696 1.10067 1.07285 1.05284 1.15780 8
-0.75940 1.48167 -0.68794 1.17416 1.33131 1.32650 1.90718 2.21268 1.65039 1.66067 8
-0.75940 1.48167 -0.68794 1.25743 1.28092 1.08742 1.48608 1.55041 2.01987 1.15780 8
1.31652 -0.67475 -0.68794 1.54887 1.48246 0.84834 2.67391 3.99225 1.75074 1.40205 8
-0.75940 1.48167 -0.68794 0.79945 0.92824 0.84834 0.56742 0.58628 0.54196 0.74833 8
1.31652 -0.67475 -0.68794 1.29906 1.33131 1.32650 1.94490 0.88813 1.30372 1.36254 8
1.31652 -0.67475 -0.68794 1.29906 1.12978 0.84834 1.45651 1.77116 1.55460 0.97102 8
1.31652 -0.67475 -0.68794 -0.57449 -0.58325 -0.82522 -0.84166 -0.88694 -0.76262 -0.67406 8
-0.75940 -0.67475 1.45328 0.13330 -0.07942 0.13110 -0.14630 -0.19989 0.00371 -0.17120 8
-0.75940 -0.67475 1.45328 0.34147 0.22288 -0.10798 0.05253 -0.17286 -0.02822 0.25983 8
-0.75940 1.48167 -0.68794 0.00839 -0.07942 -0.58614 -0.40629 -0.46795 -0.33384 -0.42263 8
1.31652 -0.67475 -0.68794 0.88272 0.72671 1.08742 0.77746 0.76874 0.68336 0.59747 8
1.31652 -0.67475 -0.68794 1.13252 0.97863 1.20696 1.24342 1.43327 0.95249 -0.43699 8
-0.75940 -0.67475 1.45328 0.21656 0.37403 -0.34706 -0.31963 -0.32153 -0.40226 -0.20711 8
1.31652 -0.67475 -0.68794 1.00762 1.02901 0.60926 1.17103 0.97373 0.64687 1.54932 8
-0.75940 1.48167 -0.68794 0.88272 1.07939 0.48972 1.03440 0.87236 1.27635 0.79861 8
1.31652 -0.67475 -0.68794 0.50801 1.02901 0.48972 0.79377 1.25982 0.55108 0.43943 8
1.31652 -0.67475 -0.68794 0.88272 0.77709 0.96788 0.84577 0.71243 1.16232 0.94229 8
-0.75940 1.48167 -0.68794 0.92435 0.77709 0.37018 0.49809 0.48491 0.15424 0.79861 8
-0.75940 1.48167 -0.68794 1.25743 1.02901 0.25064 0.74993 0.52095 1.12582 1.05723 8
1.31652 -0.67475 -0.68794 1.29906 1.38169 1.08742 1.71957 1.56843 1.67320 1.73250 8
-0.75940 1.48167 -0.68794 1.63214 1.83514 1.56558 1.87761 1.87478 2.20689 1.73250 8
-0.75940 1.48167 -0.68794 0.50801 0.67633 0.60926 0.45731 0.44436 0.33213 0.43943 8
1.31652 -0.67475 -0.68794 -0.19978 -0.07942 -0.22752 -0.33492 -0.45669 -0.43419 0.00840 8
-0.75940 1.48167 -0.68794 0.42474 0.42441 0.48972 0.30335 -0.20664 0.45985 0.65494 8
1.31652 -0.67475 -0.68794 0.71618 0.77709 0.84834 0.84781 0.83182 1.06196 0.76269 8
-0.75940 1.48167 -0.68794 0.59127 0.47480 0.37018 0.47260 0.69441 0.32757 0.43943 8
-0.75940 1.48167 -0.68794 0.34147 0.97863 1.68512 0.91307 0.63809 0.89775 0.83453 8
1.31652 -0.67475 -0.68794 -0.11651 -0.07942 -0.22752 -0.37775 -0.40262 -0.12857 -0.24303 8
1.31652 -0.67475 -0.68794 0.13330 0.12212 0.37018 -0.18402 -0.03545 -0.26086 -0.17120 8
1.31652 -0.67475 -0.68794 0.17493 0.32365 -0.46660 0.05660 -0.05347 -0.08296 0.00840 8
-0.75940 1.48167 -0.68794 0.50801 0.57556 0.72880 0.33190 0.12224 0.39599 0.18799 8
-0.75940 1.48167 -0.68794 1.13252 0.92824 0.60926 0.73770 0.44662 1.07109 0.94229 8
-0.75940 -0.67475 1.45328 -0.32468 -0.53286 -0.22752 -0.50520 -0.51525 -0.44331 -0.50883 8
-0.75940 -0.67475 1.45328 -0.74103 -0.78478 -0.34706 -0.86205 -0.85991 -0.68507 -1.02606 8
-0.75940 1.48167 -0.68794 -0.36632 -0.33133 -0.82522 -0.61939 -0.63464 -0.55735 -0.60222 8
1.31652 -0.67475 -0.68794 -0.24141 -0.23057 -0.10798 -0.24418 -0.66843 -0.39314 0.16644 8
-0.75940 1.48167 -0.68794 0.63291 0.57556 0.60926 0.11982 -0.22692 0.59670 0.16644 8
-0.75940 1.48167 -0.68794 1.25743 1.18016 0.72880 1.99996 1.91308 1.91952 1.55291 8
-0.75940 1.48167 -0.68794 1.50723 1.28092 0.96788 1.74608 1.50310 2.18408 1.19013 8
-0.75940 1.48167 -0.68794 1.71540 1.68399 1.08742 2.14270 2.57535 1.81916 1.75046 8
-0.75940 1.48167 -0.68794 1.50723 1.63361 0.96788 1.43918 2.70600 2.17952 1.37332 8
1.31652 -0.67475 -0.68794 1.63214 1.68399 1.80466 2.74121 2.66771 3.49778 2.13839 8
1.31652 -0.67475 -0.68794 1.63214 1.58322 1.44604 2.60356 2.96280 1.66408 1.83308 8
-0.75940 -0.67475 1.45328 0.21656 0.12212 -0.10798 -0.02598 0.18081 -0.29279 -0.06344 8
-0.75940 1.48167 -0.68794 0.71618 0.77709 0.25064 0.83966 1.09537 1.01179 0.50049 8
-0.75940 -0.67475 1.45328 0.84108 0.62595 0.37018 0.74789 1.27784 0.22722 0.54359 8
1.31652 -0.67475 -0.68794 1.17416 1.12978 0.84834 1.10883 1.11114 1.27179 1.12188 8
1.31652 -0.67475 -0.68794 1.21579 0.97863 0.48972 0.87636 1.19900 1.18968 0.49690 8
-0.75940 1.48167 -0.68794 1.38233 1.43207 1.44604 1.50953 1.47607 1.70513 1.58883 8
1.31652 -0.67475 -0.68794 0.79945 0.77709 0.37018 0.40938 0.29569 0.46441 0.69086 8
1.31652 -0.67475 -0.68794 1.17416 1.07939 1.44604 0.89879 0.68540 0.79284 1.41642 9
-0.75940 1.48167 -0.68794 1.63214 1.68399 1.80466 2.59235 2.23971 2.75426 2.60892 9
1.31652 -0.67475 -0.68794 0.34147 0.17250 -0.94476 -0.23296 -0.24269 -0.13314 -0.42263 9
1.31652 -0.67475 -0.68794 0.71618 0.92824 0.60926 0.90287 0.59529 0.04020 1.80434 9
1.31652 -0.67475 -0.68794 -0.90756 -0.93593 -0.34706 -0.89876 -1.31269 -0.82648 -0.81773 9
-0.75940 1.48167 -0.68794 1.04925 0.92824 0.60926 0.64389 0.56601 0.34125 0.90637 9
1.31652 -0.67475 -0.68794 0.05003 0.27326 -0.10798 -0.18810 -0.14357 -0.44788 -0.13528 9
-0.75940 -0.67475 1.45328 0.09166 0.02135 0.37018 -0.40222 -0.38235 -0.35665 -0.41185 9
-0.75940 -0.67475 1.45328 -0.90756 -0.83516 -0.58614 -1.02009 -0.98605 -1.18227 -0.95423 9
1.31652 -0.67475 -0.68794 -0.03324 -0.07942 0.60926 0.05660 -0.38235 0.18617 -0.20711 9
1.31652 -0.67475 -0.68794 0.96598 1.78475 1.32650 1.66859 1.63601 1.37214 1.66785 9
-0.75940 1.48167 -0.68794 1.09089 1.38169 0.60926 1.61863 1.33415 1.08021 1.96957 9
1.31652 -0.67475 -0.68794 1.00762 0.92824 0.84834 1.39024 1.41525 1.77811 0.99617 9
1.31652 -0.67475 -0.68794 2.00685 1.78475 0.96788 3.20003 3.46289 3.02339 2.11684 9
-0.75940 1.48167 -0.68794 1.79867 1.68399 1.92420 2.41290 2.39739 3.15567 1.66785 9
1.31652 -0.67475 -0.68794 0.88272 0.62595 0.25064 0.62554 0.80929 0.47354 0.52204 9
1.31652 -0.67475 -0.68794 1.04925 1.02901 0.84834 1.25871 1.30262 0.82021 1.51699 9
-0.75940 1.48167 -0.68794 1.04925 1.58322 1.44604 1.70428 1.77342 1.70057 1.37332 9
-0.75940 1.48167 -0.68794 1.21579 1.18016 1.20696 1.42389 0.97373 1.57285 1.44515 9
1.31652 -0.67475 -0.68794 1.75704 1.83514 1.56558 2.56584 2.47624 2.67672 2.77415 9
-0.75940 1.48167 -0.68794 1.88194 2.08705 1.56558 2.92575 2.07977 2.21145 3.49971 9
1.31652 -0.67475 -0.68794 -0.94920 -0.83516 -0.46660 -0.92629 -0.90721 -0.90858 -0.81773 9
1.31652 -0.67475 -0.68794 -0.36632 -0.28095 -0.22752 -0.43076 -0.26747 -0.35209 -0.45855 9
-0.75940 1.48167 -0.68794 0.59127 0.57556 0.13110 0.56742 0.19207 0.55564 0.51126 9
1.31652 -0.67475 -0.68794 0.21656 0.52518 -0.22752 -0.24520 -0.24494 -0.32016 -0.24303 9
-0.75940 1.48167 -0.68794 -0.11651 -0.12980 -0.46660 -0.43076 -0.43867 -0.53454 -0.32924 9
-0.75940 1.48167 -0.68794 -1.07410 -1.08708 -0.82522 -1.00174 -0.97254 -0.95876 -1.01170 9
-0.75940 1.48167 -0.68794 -0.82430 -0.83516 -0.10798 -0.91100 -0.95902 -0.92683 -0.70998 9
-0.75940 1.48167 -0.68794 -0.28305 -0.18018 -0.10798 -0.48684 -0.65041 -0.50718 -0.39030 9
-0.75940 1.48167 -0.68794 -0.40795 -0.33133 0.25064 -0.55006 -0.73827 -0.53911 -0.31846 9
1.31652 -0.67475 -0.68794 1.04925 1.07939 1.08742 1.11291 1.75990 -0.00085 0.93511 9
1.31652 -0.67475 -0.68794 1.75704 1.48246 1.92420 3.06748 3.96522 1.67776 2.73464 9
-0.75940 1.48167 -0.68794 0.96598 0.92824 0.72880 0.59393 0.61331 0.76547 0.58310 9
1.31652 -0.67475 -0.68794 1.25743 1.33131 0.84834 1.47996 1.37470 0.88863 1.96238 9
1.31652 -0.67475 -0.68794 1.79867 1.73437 1.56558 3.16536 2.05499 2.63566 1.78997 9
-0.75940 1.48167 -0.68794 0.29983 0.52518 0.96788 0.28805 -0.07824 0.14055 0.83453 9
1.31652 -0.67475 -0.68794 -0.24141 -0.28095 -0.10798 -0.40629 -0.43416 -0.34752 -0.17120 9
-0.75940 1.48167 -0.68794 0.05003 -0.07942 0.60926 -0.11571 -0.33279 0.15424 -0.06344 9
-0.75940 1.48167 -0.68794 0.67454 0.42441 1.32650 0.54907 0.54799 0.99354 0.54718 9
1.31652 -0.67475 -0.68794 0.84108 0.57556 0.01156 0.74687 0.55474 0.22266 1.15780 9
1.31652 -0.67475 -0.68794 0.59127 0.57556 0.84834 0.58374 0.18982 0.66968 1.08596 9
-0.75940 1.48167 -0.68794 0.42474 0.52518 1.20696 0.33699 0.14702 0.56477 0.72678 9
-0.75940 1.48167 -0.68794 0.46637 0.47480 0.72880 0.16060 0.06592 0.30020 0.33167 9
1.31652 -0.67475 -0.68794 0.79945 0.82748 1.20696 0.79377 0.83857 1.05740 0.83453 9
1.31652 -0.67475 -0.68794 0.54964 0.62595 0.96788 0.60107 0.27542 0.91144 0.87045 9
-0.75940 1.48167 -0.68794 0.54964 0.67633 0.48972 0.55621 0.53222 0.68336 0.40351 9
1.31652 -0.67475 -0.68794 0.88272 1.07939 0.37018 0.87738 0.23037 0.14967 1.22964 9
-0.75940 1.48167 -0.68794 0.50801 0.57556 0.01156 0.16162 0.09746 -0.17419 0.54718 9
-0.75940 1.48167 -0.68794 0.63291 0.97863 1.20696 0.61229 0.35651 0.68793 0.87045 9
-0.75940 1.48167 -0.68794 0.21656 0.02135 0.13110 -0.00049 -0.22467 0.09038 0.08024 9
-0.75940 -0.67475 1.45328 -0.11651 -0.07942 0.25064 -0.17077 -0.32829 -0.11945 -0.02752 9
-0.75940 -0.67475 1.45328 0.42474 0.47480 0.96788 0.04845 -0.26071 0.01739 0.43943 9
-0.75940 -0.67475 1.45328 0.67454 0.62595 0.01156 0.22484 -0.09401 0.18617 0.58310 9
1.31652 -0.67475 -0.68794 -0.90756 -0.63363 -0.10798 -0.90182 -1.04237 -1.00893 -0.65251 9
-0.75940 1.48167 -0.68794 -0.11651 -0.07942 -0.22752 -0.52049 -0.63239 -0.40226 -0.31487 9
-0.75940 1.48167 -0.68794 0.09166 -0.07942 0.25064 -0.04943 -0.11203 0.29108 -0.20711 9
-0.75940 1.48167 -0.68794 -0.11651 -0.18018 -0.82522 -0.44198 -0.77656 -0.27910 -0.31487 9
1.31652 -0.67475 -0.68794 1.09089 1.28092 1.56558 1.66349 1.67205 1.63215 1.58883 9
-0.75940 -0.67475 1.45328 0.92435 0.92824 0.60926 1.34640 1.60222 1.49530 0.88123 9
-0.75940 1.48167 -0.68794 1.50723 1.38169 0.96788 1.44938 1.11790 1.70513 1.62116 9
-0.75940 1.48167 -0.68794 1.04925 1.02901 0.37018 0.73464 0.55700 0.88863 0.90278 9
1.31652 -0.67475 -0.68794 0.21656 0.22288 0.48972 0.20547 -0.19088 -0.06471 0.83453 9
-0.75940 -0.67475 1.45328 -0.78266 -0.83516 -0.70568 -0.94056 -1.00858 -0.79455 -0.85365 9
-0.75940 1.48167 -0.68794 0.59127 0.87786 2.28282 1.09557 0.66287 0.35038 2.01985 9
-0.75940 1.48167 -0.68794 -0.32468 -0.33133 0.13110 -0.48990 -0.54454 -0.59384 -0.35079 9
-0.75940 1.48167 -0.68794 0.84108 1.18016 1.32650 1.06703 0.41058 0.58301 2.09169 9
1.31652 -0.67475 -0.68794 0.63291 0.72671 0.84834 0.81620 0.23938 0.84758 1.26556 9
-0.75940 1.48167 -0.68794 1.63214 1.68399 1.80466 2.84928 2.41541 2.04724 2.73823 9
1.31652 -0.67475 -0.68794 0.09166 0.27326 0.37018 0.12798 -0.08050 -0.03278 0.08024 9
1.31652 -0.67475 -0.68794 -0.07488 0.12212 0.01156 -0.12183 -0.49048 -0.24261 0.36759 9
-0.75940 -0.67475 1.45328 -0.65776 -0.78478 -0.94476 -0.79884 -0.88469 -0.95876 -0.49447 9
1.31652 -0.67475 -0.68794 -1.44881 -1.54052 -1.30338 -1.25256 -1.16852 -1.22332 -1.28468 9
-0.75940 1.48167 -0.68794 -0.19978 -0.23057 -0.22752 -0.12387 -0.43641 -0.78086 0.22391 9
-0.75940 1.48167 -0.68794 1.25743 1.43207 0.84834 1.75424 1.50761 1.73706 1.68940 9
-0.75940 1.48167 -0.68794 1.13252 1.18016 0.48972 0.91409 0.62232 1.26267 1.11470 9
1.31652 -0.67475 -0.68794 1.63214 1.73437 1.20696 2.56889 2.86594 2.71321 2.09528 9
-0.75940 1.48167 -0.68794 0.29983 0.27326 -0.34706 0.09943 -0.11203 0.30932 0.36759 9
-0.75940 1.48167 -0.68794 -0.40795 -0.33133 0.01156 -0.66833 -0.75403 -0.57560 -0.45855 9
-0.75940 1.48167 -0.68794 1.17416 1.63361 1.08742 1.41369 1.51887 1.11214 1.19372 9
-0.75940 1.48167 -0.68794 0.79945 0.77709 0.60926 0.68774 0.55700 0.52371 0.83453 9
-0.75940 1.48167 -0.68794 -0.40795 -0.58325 -0.58614 -0.69688 -0.74502 -0.32016 -0.81773 9
-0.75940 1.48167 -0.68794 0.67454 0.42441 0.60926 0.80295 -0.01067 0.19529 1.05005 9
1.31652 -0.67475 -0.68794 1.54887 1.43207 1.44604 2.19368 2.35459 2.36654 1.87618 9
-0.75940 1.48167 -0.68794 1.42396 1.18016 1.56558 2.01831 2.07076 2.02443 1.53495 9
-0.75940 1.48167 -0.68794 1.09089 1.12978 0.84834 1.31173 1.20801 0.81565 1.51699 9
-0.75940 1.48167 -0.68794 0.21656 0.17250 -0.10798 0.04641 0.01186 0.14055 0.22391 9
-0.75940 1.48167 -0.68794 0.75781 0.67633 0.72880 0.55825 0.49618 0.50091 0.76269 9
-0.75940 1.48167 -0.68794 -0.07488 0.17250 0.01156 -0.12794 -0.24944 -0.07384 0.11616 9
1.31652 -0.67475 -0.68794 0.46637 0.42441 0.25064 0.20037 -0.37559 0.00827 0.87045 9
-0.75940 1.48167 -0.68794 -0.32468 -0.12980 0.48972 -0.34410 -0.50399 -0.47981 -0.02752 9
-0.75940 1.48167 -0.68794 0.92435 1.28092 1.20696 0.84271 0.97599 0.61038 1.08596 9
-0.75940 1.48167 -0.68794 1.46560 1.68399 0.72880 0.98138 0.67639 1.21705 1.30148 9
-0.75940 1.48167 -0.68794 0.67454 0.87786 0.72880 0.83558 0.75973 0.60126 1.08596 9
-0.75940 -0.67475 1.45328 0.00839 -0.02903 0.25064 -0.06881 -0.23368 0.22266 0.11616 9
-0.75940 -0.67475 1.45328 -0.69939 -0.63363 -0.46660 -0.69688 -0.73376 -0.66226 -0.56630 9
1.31652 -0.67475 -0.68794 0.09166 0.02135 -0.10798 0.06782 -0.33279 -0.25630 0.58310 9
1.31652 -0.67475 -0.68794 0.05003 0.32365 1.56558 0.01276 -0.17736 0.33669 0.04432 9
1.31652 -0.67475 -0.68794 0.88272 0.97863 0.60926 0.87942 0.41959 0.86582 1.20090 9
1.31652 -0.67475 -0.68794 0.59127 0.47480 0.37018 0.43284 0.25514 0.27283 0.90637 9
-0.75940 1.48167 -0.68794 0.46637 0.67633 -0.10798 0.19629 0.14251 -0.14226 0.25983 9
-0.75940 -0.67475 1.45328 0.84108 0.52518 0.48972 0.83762 0.85885 0.84301 1.01413 10
-0.75940 -0.67475 1.45328 -0.19978 -0.23057 0.37018 -0.13610 0.09070 -0.17875 -0.35079 10
-0.75940 -0.67475 1.45328 0.34147 0.27326 0.37018 -0.09532 -0.39587 -0.11489 0.33167 10
1.31652 -0.67475 -0.68794 1.00762 1.07939 0.84834 1.59620 1.41975 1.85566 1.05005 10
1.31652 -0.67475 -0.68794 -0.19978 -0.23057 0.13110 -0.13712 -0.51075 0.13143 -0.25022 10
-0.75940 1.48167 -0.68794 0.38310 0.87786 0.48972 0.53582 0.41733 0.86126 0.54718 10
1.31652 -0.67475 -0.68794 1.17416 1.28092 0.37018 1.13024 1.06609 0.69249 1.76842 10
1.31652 -0.67475 -0.68794 1.42396 1.23054 0.25064 1.32193 1.25306 1.11214 1.37332 10
-0.75940 1.48167 -0.68794 0.67454 0.77709 0.60926 0.49911 0.34975 0.22266 0.65494 10
-0.75940 1.48167 -0.68794 -0.53285 -0.43210 -0.58614 -0.77539 -0.87568 -0.89034 -0.49447 10
-0.75940 1.48167 -0.68794 0.21656 0.57556 0.25064 0.51644 -0.00841 0.12231 -0.35079 10
-0.75940 1.48167 -0.68794 0.88272 0.67633 0.84834 1.21181 0.25289 1.44056 1.80434 10
-0.75940 -0.67475 1.45328 0.46637 0.12212 0.48972 -0.20543 -0.39136 0.08581 -0.35079 10
1.31652 -0.67475 -0.68794 0.25820 0.12212 0.13110 0.08311 -0.23368 0.70161 0.08024 10
-0.75940 1.48167 -0.68794 0.63291 0.67633 0.25064 0.36452 0.37453 0.36862 0.29575 10
1.31652 -0.67475 -0.68794 0.34147 0.17250 -0.10798 -0.03516 -0.08275 -0.11945 0.11616 10
1.31652 -0.67475 -0.68794 1.42396 1.53284 1.20696 1.35659 1.03005 1.47706 1.76842 10
1.31652 -0.67475 -0.68794 0.21656 0.27326 0.13110 0.02907 -0.14132 0.09950 0.11616 10
-0.75940 1.48167 -0.68794 0.92435 0.97863 0.72880 1.19550 1.10664 1.06196 0.90637 10
1.31652 -0.67475 -0.68794 0.34147 0.57556 0.84834 0.33903 0.13575 0.02195 0.94229 10
-0.75940 1.48167 -0.68794 0.79945 0.62595 0.01156 0.41550 0.00510 0.39599 0.87045 10
-0.75940 1.48167 -0.68794 0.96598 1.33131 0.84834 0.79989 0.67864 0.71529 1.08596 10
-0.75940 1.48167 -0.68794 0.84108 1.07939 0.25064 0.84169 0.73946 1.14863 0.87045 10
1.31652 -0.67475 -0.68794 1.09089 1.23054 0.84834 0.88656 0.57051 0.75635 1.26556 10
1.31652 -0.67475 -0.68794 0.63291 0.62595 0.84834 0.56334 0.57276 0.60582 0.54718 10
1.31652 -0.67475 -0.68794 0.25820 0.32365 0.25064 0.53683 0.25514 0.28652 1.44874 10
1.31652 -0.67475 -0.68794 0.00839 0.02135 -0.22752 0.32884 0.12224 0.56933 0.40351 10
-0.75940 1.48167 -0.68794 -0.03324 -0.07942 -0.46660 -0.36143 -0.44317 0.19073 -0.53038 10
1.31652 -0.67475 -0.68794 0.38310 0.22288 -0.46660 0.47464 -0.05121 -0.12401 0.51126 10
1.31652 -0.67475 -0.68794 -0.15815 -0.23057 0.13110 -0.30841 -0.55580 -0.01454 -0.27895 10
1.31652 -0.67475 -0.68794 0.21656 0.07173 0.84834 0.43487 -0.13456 0.47354 0.37118 10
-0.75940 1.48167 -0.68794 0.71618 0.72671 0.84834 0.48687 0.14251 0.32301 1.30148 10
1.31652 -0.67475 -0.68794 0.92435 1.02901 1.68512 1.56867 1.32514 0.93880 2.45088 10
1.31652 -0.67475 -0.68794 0.54964 0.52518 0.37018 0.15754 -0.14582 -0.29279 0.69086 10
-0.75940 1.48167 -0.68794 0.63291 0.62595 1.44604 0.41244 0.14702 0.20897 0.36759 10
-0.75940 -0.67475 1.45328 0.79945 0.77709 0.72880 0.77338 0.54573 1.13039 0.65494 10
-0.75940 -0.67475 1.45328 -0.03324 0.07173 0.48972 -0.47665 -0.67069 -0.35209 0.15207 10
1.31652 -0.67475 -0.68794 -0.28305 -0.18018 -0.10798 -0.48276 -0.52877 -0.77174 -0.39748 10
1.31652 -0.67475 -0.68794 1.04925 1.12978 1.32650 1.72773 1.50310 2.36654 1.66067 10
1.31652 -0.67475 -0.68794 0.67454 0.82748 0.37018 0.66123 0.64710 0.63775 0.40351 10
1.31652 -0.67475 -0.68794 0.25820 0.27326 -0.10798 0.05966 0.07944 -0.20156 0.36759 10
-0.75940 1.48167 -0.68794 -0.49122 -0.18018 0.01156 -0.55719 -0.65942 -0.66683 -0.17120 10
-0.75940 1.48167 -0.68794 0.67454 0.67633 0.13110 0.38695 0.49618 0.40512 0.22391 10
1.31652 -0.67475 -0.68794 -0.24141 -0.07942 -0.46660 -0.34308 -0.44542 -0.17875 -0.35079 10
-0.75940 1.48167 -0.68794 0.71618 0.82748 0.72880 0.71119 0.92868 0.52827 0.40351 10
-0.75940 1.48167 -0.68794 1.21579 1.38169 0.48972 1.45345 1.07735 0.69249 1.84026 10
1.31652 -0.67475 -0.68794 -0.65776 -0.63363 0.01156 -0.71931 -0.69321 -0.72156 -0.93627 10
-0.75940 -0.67475 1.45328 -0.03324 -0.02903 0.01156 -0.31045 -0.32829 -0.31559 -0.24303 10
1.31652 -0.67475 -0.68794 1.00762 0.77709 1.80466 1.39738 0.84083 0.73810 2.84599 10
-0.75940 1.48167 -0.68794 1.34069 1.38169 0.96788 1.91533 1.75765 1.92864 1.76842 10
-0.75940 1.48167 -0.68794 0.29983 0.37403 1.32650 0.31048 -0.24494 0.40055 0.69086 10
-0.75940 1.48167 -0.68794 0.21656 0.32365 0.37018 0.23911 -0.20890 0.01739 0.69086 10
-0.75940 1.48167 -0.68794 1.00762 1.12978 1.68512 1.47792 1.15620 1.68688 1.68940 10
1.31652 -0.67475 -0.68794 0.59127 0.62595 0.13110 0.33088 0.19883 -0.27454 0.72678 10
-0.75940 1.48167 -0.68794 1.63214 1.88552 2.04374 2.32521 2.00544 2.21145 3.02558 10
-0.75940 1.48167 -0.68794 0.00839 -0.18018 -0.10798 -0.46543 -0.59860 -0.45244 -0.20711 10
-0.75940 1.48167 -0.68794 -0.57449 -0.58325 -0.34706 -0.77539 -0.90496 -0.71700 -0.75667 10
-0.75940 1.48167 -0.68794 -0.07488 -0.07942 0.72880 -0.06677 -0.45669 -0.04647 0.29575 10
-0.75940 -0.67475 1.45328 0.63291 0.37403 0.84834 0.46546 0.10647 0.32301 0.83453 10
1.31652 -0.67475 -0.68794 -0.69939 -0.58325 0.01156 -0.77029 -0.84864 -1.00437 -0.39389 10
-0.75940 -0.67475 1.45328 0.92435 0.72671 1.44604 1.09456 1.19900 0.71986 1.33740 10
1.31652 -0.67475 -0.68794 0.42474 0.42441 0.48972 0.25746 0.36327 -0.11033 0.22391 10
1.31652 -0.67475 -0.68794 -0.07488 -0.07942 0.01156 -0.18810 -0.28774 0.03108 -0.38671 10
1.31652 -0.67475 -0.68794 0.92435 0.72671 2.28282 0.47974 0.24163 0.43248 0.87045 10
1.31652 -0.67475 -0.68794 0.59127 0.72671 0.60926 0.88350 0.55925 0.93424 1.22964 10
1.31652 -0.67475 -0.68794 0.84108 0.92824 1.32650 1.10169 1.02780 0.34582 0.94229 10
-0.75940 1.48167 -0.68794 0.25820 0.27326 0.60926 0.28805 -0.10528 0.46441 0.40351 10
-0.75940 1.48167 -0.68794 -0.19978 -0.28095 0.37018 -0.35429 -0.53553 -0.34296 -0.24303 10
-0.75940 1.48167 -0.68794 1.13252 1.12978 1.44604 1.72773 1.41299 2.73602 1.51699 10
-0.75940 1.48167 -0.68794 0.13330 0.32365 -0.10798 0.26562 -0.54454 0.36862 0.43943 10
1.31652 -0.67475 -0.68794 1.09089 1.73437 1.56558 2.55258 2.70150 1.46793 2.60174 10
1.31652 -0.67475 -0.68794 0.50801 0.47480 -0.34706 0.40429 0.14251 0.28652 0.08024 10
1.31652 -0.67475 -0.68794 -0.03324 0.17250 0.37018 -0.11265 -0.28098 -0.52542 0.11616 10
-0.75940 1.48167 -0.68794 1.67377 1.53284 1.68512 2.67595 1.30937 1.98338 5.50398 10
-0.75940 1.48167 -0.68794 1.00762 1.18016 1.20696 1.99792 1.55041 1.89671 1.12188 10
1.31652 -0.67475 -0.68794 0.67454 0.82748 0.96788 0.81213 0.54348 0.97074 0.79861 10
-0.75940 1.48167 -0.68794 0.71618 0.77709 0.60926 0.53582 0.15378 0.57389 0.65494 10
-0.75940 -0.67475 1.45328 -0.32468 -0.28095 0.01156 -0.31759 -0.63915 -0.46156 -0.31487 10
-0.75940 1.48167 -0.68794 1.84031 1.78475 1.20696 2.31909 2.18114 2.33917 2.49039 10
1.31652 -0.67475 -0.68794 0.75781 0.72671 1.20696 1.08334 0.77100 0.51915 1.66067 10
1.31652 -0.67475 -0.68794 1.13252 0.97863 1.44604 1.63494 0.57276 1.06196 2.66639 10
-0.75940 1.48167 -0.68794 1.09089 1.23054 1.20696 1.22201 0.60205 1.25354 2.34312 10
1.31652 -0.67475 -0.68794 0.17493 0.02135 0.13110 0.09025 -0.25170 0.14055 0.51126 10
1.31652 -0.67475 -0.68794 -0.36632 -0.12980 0.25064 -0.30026 -0.65267 -0.36577 0.07664 10
-0.75940 1.48167 -0.68794 1.09089 0.92824 0.96788 1.19652 0.66963 1.21705 1.48107 10
-0.75940 1.48167 -0.68794 1.00762 0.82748 1.20696 0.97424 0.53898 1.60478 0.76269 10
-0.75940 1.48167 -0.68794 1.00762 1.18016 1.20696 1.29440 1.36118 1.48618 1.40923 10
1.31652 -0.67475 -0.68794 0.38310 -0.02903 0.48972 0.19527 -0.06698 0.34582 0.40351 10
1.31652 -0.67475 -0.68794 0.54964 0.67633 0.48972 0.23809 0.09971 0.03108 0.22391 10
-0.75940 1.48167 -0.68794 0.46637 0.32365 0.84834 0.49809 0.18531 0.49178 0.69086 10
-0.75940 1.48167 -0.68794 1.67377 1.68399 0.84834 2.64129 1.82748 2.47145 4.39050 10
-0.75940 1.48167 -0.68794 0.88272 0.92824 0.72880 0.98852 0.90165 0.78828 1.15780 10
-0.75940 1.48167 -0.68794 0.50801 0.62595 0.72880 0.55111 0.17180 0.47354 0.85608 10
1.31652 -0.67475 -0.68794 0.34147 0.27326 1.08742 0.41448 -0.02418 0.21810 0.51126 10
-0.75940 -0.67475 1.45328 0.46637 0.37403 0.72880 0.71221 0.15378 0.32757 0.54718 10
-0.75940 1.48167 -0.68794 -0.19978 -0.07942 0.60926 -0.24112 -0.40262 -0.32016 -0.09936 10
-0.75940 1.48167 -0.68794 1.21579 1.28092 1.08742 1.56663 1.20801 1.54548 1.66067 10
-0.75940 1.48167 -0.68794 -0.61612 -0.28095 0.60926 -0.02496 -0.49273 0.09950 0.18799 10
-0.75940 1.48167 -0.68794 1.46560 1.33131 1.80466 2.34356 1.38822 1.20337 3.38477 10
-0.75940 1.48167 -0.68794 0.21656 0.57556 0.96788 0.78256 -0.15709 0.22266 2.05577 10
