-0.75940 -0.67475 1.45328 -2.98929 -2.90086 -2.61831 -1.64613 -1.58751 -1.60192 -1.67979 1
1.31652 -0.67475 -0.68794 -2.61458 -2.59857 -2.14016 -1.61146 -1.54921 -1.56999 -1.64387 1
1.31652 -0.67475 -0.68794 -2.86438 -2.85048 -2.14016 -1.64307 -1.58075 -1.59736 -1.64387 1
-0.75940 -0.67475 1.45328 -2.65621 -2.54818 -2.25970 -1.58903 -1.51317 -1.54719 -1.61513 1
1.31652 -0.67475 -0.68794 -1.65698 -1.79244 -1.18384 -1.39021 -1.34873 -1.33736 -1.39244 1
-0.75940 -0.67475 1.45328 -2.48967 -2.44742 -2.02062 -1.56966 -1.49740 -1.53350 -1.60795 1
-0.75940 -0.67475 1.45328 -2.32314 -2.04435 -1.90108 -1.53397 -1.46586 -1.51982 -1.56125 1
-0.75940 -0.67475 1.45328 -2.98929 -2.95125 -2.97693 -1.66040 -1.59426 -1.62017 -1.67979 1
-0.75940 -0.67475 1.45328 -2.65621 -2.59857 -1.78154 -1.60840 -1.52894 -1.54719 -1.62232 1
-0.75940 -0.67475 1.45328 -2.07333 -2.14512 -1.66200 -1.51154 -1.46361 -1.44683 -1.53252 1
1.31652 -0.67475 -0.68794 -2.98929 -2.85048 -2.37924 -1.64001 -1.57624 -1.60648 -1.65824 1
-0.75940 -0.67475 1.45328 -2.19823 -2.04435 -1.66200 -1.49217 -1.43207 -1.47420 -1.49660 1
-0.75940 -0.67475 1.45328 -3.19746 -3.05201 -2.49877 -1.66040 -1.59652 -1.61561 -1.67979 1
-0.75940 -0.67475 1.45328 -1.86516 -1.94359 -2.14016 -1.44832 -1.40279 -1.44227 -1.41399 1
-0.75940 -0.67475 1.45328 -2.11496 -2.09474 -1.66200 -1.48605 -1.46586 -1.42403 -1.46427 1
-0.75940 -0.67475 1.45328 -2.53131 -2.44742 -2.02062 -1.57883 -1.52218 -1.53806 -1.57203 1
1.31652 -0.67475 -0.68794 -2.03169 -2.09474 -1.42292 -1.50338 -1.47037 -1.45140 -1.50019 1
-0.75940 1.48167 -0.68794 -1.36554 -1.38937 -1.18384 -1.30558 -1.23835 -1.29631 -1.32060 1
1.31652 -0.67475 -0.68794 -2.23987 -2.29627 -1.78154 -1.52887 -1.46586 -1.51982 -1.53611 1
-0.75940 -0.67475 1.45328 -2.23987 -2.24588 -1.90108 -1.51052 -1.45460 -1.45596 -1.55048 1
-0.75940 -0.67475 1.45328 -1.69862 -1.69167 -1.18384 -1.36880 -1.30367 -1.40578 -1.41040 1
-0.75940 -0.67475 1.45328 -2.03169 -1.99397 -1.30338 -1.47076 -1.43207 -1.42859 -1.47146 1
-0.75940 -0.67475 1.45328 -2.28150 -2.24588 -1.78154 -1.55028 -1.48614 -1.51982 -1.55407 1
-0.75940 -0.67475 1.45328 -1.49045 -1.54052 -1.30338 -1.28111 -1.14599 -1.30999 -1.35652 1
-0.75940 -0.67475 1.45328 -1.15737 -1.28861 -1.18384 -1.22503 -1.15725 -1.26438 -1.24517 1
-0.75940 -0.67475 1.45328 -1.07410 -1.38937 -0.94476 -1.08127 -0.96803 -1.09104 -1.12664 1
-0.75940 -0.67475 1.45328 -1.03247 -1.18784 -0.94476 -1.14448 -1.07616 -1.09560 -1.16615 1
-0.75940 -0.67475 1.45328 -0.94920 -0.88554 -1.06430 -1.09758 -0.98380 -1.07279 -1.19129 1
-0.75940 -0.67475 1.45328 -0.69939 -0.68401 -0.82522 -0.93751 -0.88018 -0.91771 -0.98655 1
-0.75940 -0.67475 1.45328 -1.94843 -1.99397 -1.66200 -1.46260 -1.40279 -1.46052 -1.50019 1
-0.75940 -0.67475 1.45328 -2.03169 -1.94359 -1.42292 -1.42079 -1.29466 -1.44683 -1.47864 1
-0.75940 1.48167 -0.68794 -1.28227 -1.33899 -1.30338 -1.19954 -1.15050 -1.15946 -1.21284 1
-0.75940 -0.67475 1.45328 -2.28150 -2.29627 -1.90108 -1.54111 -1.49290 -1.49245 -1.55407 1
-0.75940 -0.67475 1.45328 -2.28150 -2.24588 -1.78154 -1.54519 -1.49740 -1.47876 -1.55407 1
-0.75940 -0.67475 1.45328 -1.94843 -1.99397 -1.90108 -1.47687 -1.43207 -1.44683 -1.46427 1
-0.75940 -0.67475 1.45328 -1.94843 -1.94359 -1.78154 -1.48911 -1.42757 -1.45596 -1.49301 1
-0.75940 -0.67475 1.45328 -1.28227 -1.28861 -1.30338 -1.28621 -1.25637 -1.23245 -1.29905 1
-0.75940 -0.67475 1.45328 -2.44804 -2.39703 -2.14016 -1.57373 -1.50191 -1.52894 -1.60077 1
-0.75940 -0.67475 1.45328 -2.86438 -2.74971 -1.42292 -1.62268 -1.55372 -1.58368 -1.64387 1
-0.75940 -0.67475 1.45328 -1.65698 -1.64129 -1.54246 -1.38511 -1.34647 -1.34648 -1.39244 1
1.31652 -0.67475 -0.68794 -1.99006 -1.94359 -1.54246 -1.47381 -1.43207 -1.43771 -1.46427 1
-0.75940 -0.67475 1.45328 -1.90679 -1.89320 -1.30338 -1.42793 -1.35549 -1.40122 -1.45350 1
-0.75940 -0.67475 1.45328 -1.86516 -1.84282 -1.54246 -1.41570 -1.36224 -1.39210 -1.39962 1
-0.75940 -0.67475 1.45328 -2.40640 -2.80010 -1.54246 -1.36676 -1.31043 -1.30999 -1.38166 1
-0.75940 -0.67475 1.45328 -2.40640 -2.34665 -1.42292 -1.55844 -1.52218 -1.48789 -1.56125 1
-0.75940 -0.67475 1.45328 -2.11496 -2.19550 -1.90108 -1.48809 -1.41856 -1.49245 -1.50019 1
1.31652 -0.67475 -0.68794 -2.11496 -2.09474 -1.42292 -1.44425 -1.40955 -1.39210 -1.42836 1
-0.75940 -0.67475 1.45328 -1.90679 -1.94359 -1.30338 -1.42895 -1.39829 -1.33736 -1.42836 1
-0.75940 -0.67475 1.45328 -1.61535 -1.54052 -1.06430 -1.33923 -1.32170 -1.41490 -1.28468 1
-0.75940 -0.67475 1.45328 -1.53208 -1.49014 -1.42292 -1.28213 -1.25862 -1.14122 -1.32060 1
-0.75940 -0.67475 1.45328 -2.23987 -2.14512 -1.66200 -1.54009 -1.50416 -1.46508 -1.53611 1
1.31652 -0.67475 -0.68794 -1.78189 -1.89320 -1.30338 -1.39225 -1.34422 -1.31455 -1.39244 1
1.31652 -0.67475 -0.68794 -2.11496 -2.14512 -1.42292 -1.48605 -1.44559 -1.46964 -1.50019 1
1.31652 -0.67475 -0.68794 -1.40718 -1.49014 -1.30338 -1.30150 -1.25412 -1.20508 -1.32060 1
1.31652 -0.67475 -0.68794 -1.61535 -1.94359 -1.54246 -1.45648 -1.41631 -1.40578 -1.46427 1
-0.75940 -0.67475 1.45328 -2.28150 -2.19550 -1.90108 -1.53397 -1.45685 -1.54262 -1.53970 1
-0.75940 -0.67475 1.45328 -1.15737 -1.18784 -1.06430 -1.05374 -0.97479 -1.06823 -1.09790 1
-0.75940 -0.67475 1.45328 -1.15737 -1.43976 -1.42292 -1.17813 -1.06039 -1.30999 -1.21284 1
-0.75940 -0.67475 1.45328 -0.94920 -0.98631 -1.18384 -1.00990 -0.88243 -1.09104 -1.06198 1
-0.75940 -0.67475 1.45328 -0.86593 -0.93593 -0.94476 -0.98950 -0.91172 -0.92227 -1.06917 1
-0.75940 -0.67475 1.45328 -0.82430 -0.68401 -0.94476 -0.91100 -0.88018 -0.77174 -0.99733 1
-0.75940 1.48167 -0.68794 -0.49122 -0.58325 -0.34706 -0.70708 -0.58283 -0.68051 -0.92908 1
-0.75940 1.48167 -0.68794 1.13252 0.67633 0.96788 1.10271 1.26883 1.03460 0.69086 1
-0.75940 -0.67475 1.45328 -1.28227 -1.28861 -0.94476 -1.23931 -1.09418 -1.40578 -1.25954 1
-0.75940 -0.67475 1.45328 -1.24064 -1.28861 -1.42292 -1.21178 -1.11220 -1.23245 -1.23439 1
-0.75940 -0.67475 1.45328 -1.03247 -0.88554 -1.06430 -0.98033 -0.74502 -1.16402 -1.09072 1
-0.75940 -0.67475 1.45328 -0.74103 -0.78478 -0.70568 -0.84778 -0.69321 -0.77174 -1.02606 1
-0.75940 -0.67475 1.45328 -0.61612 -0.78478 -0.94476 -0.85186 -0.74277 -0.73525 -1.01170 1
-0.75940 1.48167 -0.68794 -0.11651 -0.07942 -0.34706 -0.57861 -0.44317 -0.59840 -0.72075 1
-0.75940 -0.67475 1.45328 -2.07333 -2.14512 -1.18384 -1.46056 -1.37351 -1.37841 -1.46068 1
-0.75940 -0.67475 1.45328 -1.53208 -1.59091 -1.18384 -1.32495 -1.26989 -1.34648 -1.32060 1
-0.75940 -0.67475 1.45328 -0.99083 -1.23822 -1.18384 -1.15060 -1.04913 -1.18683 -1.17692 1
-0.75940 -0.67475 1.45328 -1.28227 -1.38937 -1.06430 -1.21688 -1.02210 -1.27350 -1.27390 1
-0.75940 -0.67475 1.45328 -1.90679 -1.94359 -1.66200 -1.44323 -1.40730 -1.50613 -1.42476 1
-0.75940 -0.67475 1.45328 -1.28227 -1.38937 -1.06430 -1.24644 -1.18203 -1.22788 -1.24876 1
-0.75940 -0.67475 1.45328 -1.19901 -1.18784 -0.94476 -1.20668 -1.13247 -1.28718 -1.12664 1
-0.75940 1.48167 -0.68794 -0.07488 -0.33133 -0.70568 -0.45320 -0.26521 -0.45244 -0.63814 1
-0.75940 -0.67475 1.45328 0.21656 0.42441 -0.22752 -0.05045 -0.09852 -0.36577 -0.06344 1
-0.75940 -0.67475 1.45328 -1.94843 -1.99397 -1.90108 -1.44628 -1.36675 -1.43315 -1.50019 1
-0.75940 -0.67475 1.45328 -1.99006 -1.94359 -1.66200 -1.47076 -1.38927 -1.44227 -1.52174 1
-0.75940 -0.67475 1.45328 -1.19901 -1.28861 -1.30338 -1.13225 -1.10094 -1.09104 -1.10509 1
-0.75940 -0.67475 1.45328 -2.78111 -2.80010 -2.61831 -1.62981 -1.54921 -1.51069 -1.64387 1
-0.75940 -0.67475 1.45328 -2.57294 -2.39703 -2.02062 -1.56660 -1.52668 -1.51982 -1.57203 1
-0.75940 -0.67475 1.45328 -0.90756 -0.93593 -1.18384 -0.95076 -0.83062 -0.88578 -1.04762 1
-0.75940 -0.67475 1.45328 -1.90679 -1.89320 -1.66200 -1.43303 -1.38702 -1.39666 -1.46427 1
-0.75940 -0.67475 1.45328 -1.19901 -1.23822 -1.30338 -1.20668 -1.10094 -1.27806 -1.21284 1
-0.75940 -0.67475 1.45328 -0.61612 -0.58325 -0.34706 -0.71625 -0.61212 -0.83560 -0.86802 1
-0.75940 1.48167 -0.68794 0.05003 0.12212 0.72880 -0.00151 0.22811 0.25003 -0.63455 1
-0.75940 -0.67475 1.45328 -1.78189 -1.79244 -1.66200 -1.43609 -1.39153 -1.40578 -1.44272 1
-0.75940 -0.67475 1.45328 -0.69939 -0.68401 -0.46660 -0.67139 -0.28323 -0.78542 -0.86443 1
-0.75940 1.48167 -0.68794 -1.15737 -1.08708 -0.94476 -1.13429 -1.11671 -1.12753 -1.14100 1
-0.75940 -0.67475 1.45328 -1.11574 -1.08708 -0.94476 -1.06088 -0.99506 -0.97700 -1.10509 1
-0.75940 -0.67475 1.45328 -1.44881 -1.43976 -1.42292 -1.29844 -1.25412 -1.22332 -1.33497 1
-0.75940 -0.67475 1.45328 -0.90756 -0.98631 -0.82522 -0.95688 -0.86666 -0.89034 -1.05839 1
-0.75940 -0.67475 1.45328 -1.36554 -1.38937 -1.18384 -1.24338 -1.18203 -1.27806 -1.24876 1
-0.75940 -0.67475 1.45328 -1.19901 -1.33899 -1.06430 -1.17915 -1.19330 -1.04999 -1.17692 1
-0.75940 -0.67475 1.45328 -1.69862 -1.69167 -1.30338 -1.42283 -1.34197 -1.40578 -1.44272 1
-0.75940 -0.67475 1.45328 -1.03247 -0.98631 -0.58614 -1.04966 -0.92298 -1.10473 -1.09072 1
-0.75940 -0.67475 1.45328 -0.78266 -0.83516 -0.82522 -1.05986 -1.08292 -0.91771 -1.01170 1
-0.75940 -0.67475 1.45328 -2.11496 -2.04435 -2.14016 -1.51868 -1.48388 -1.47876 -1.50738 1
1.31652 -0.67475 -0.68794 -1.15737 -1.08708 -0.58614 -0.98950 -0.87793 -0.87209 -0.97937 2
-0.75940 -0.67475 1.45328 -0.69939 -0.78478 -0.10798 -0.85492 -0.88469 -0.73069 -0.86084 2
-0.75940 -0.67475 1.45328 -1.36554 -1.38937 -1.18384 -1.26684 -1.17753 -1.29174 -1.27031 2
-0.75940 -0.67475 1.45328 -2.07333 -2.09474 -1.66200 -1.49421 -1.45235 -1.44227 -1.50019 2
-0.75940 -0.67475 1.45328 -1.28227 -1.33899 -1.42292 -1.21586 -1.20005 -1.13666 -1.19847 2
-0.75940 -0.67475 1.45328 -1.11574 -1.13746 -1.06430 -1.27601 -1.22483 -1.23701 -1.17692 2
1.31652 -0.67475 -0.68794 -0.44959 -0.38171 -0.22752 -0.62449 -0.71349 -0.43419 -0.53038 2
-0.75940 1.48167 -0.68794 -1.65698 -1.49014 -1.18384 -1.29946 -1.23610 -1.31911 -1.27031 2
-0.75940 1.48167 -0.68794 0.05003 -0.12980 0.13110 -0.10959 -0.23142 -0.10577 0.11616 2
-0.75940 -0.67475 1.45328 -1.36554 -1.49014 -1.18384 -1.32597 -1.32845 -1.30999 -1.17692 2
-0.75940 -0.67475 1.45328 -1.28227 -1.28861 -1.06430 -1.14856 -1.06940 -1.17315 -1.14100 2
-0.75940 -0.67475 1.45328 -1.49045 -1.38937 -0.70568 -1.25460 -1.24961 -1.15034 -1.21284 2
1.31652 -0.67475 -0.68794 -1.69862 -1.69167 -1.30338 -1.34331 -1.32395 -1.21876 -1.36370 2
1.31652 -0.67475 -0.68794 -1.19901 -1.74205 -0.94476 -1.16386 -1.14374 -1.15490 -1.14100 2
-0.75940 -0.67475 1.45328 -1.74025 -1.79244 -1.18384 -1.42793 -1.42532 -1.28262 -1.42836 2
-0.75940 -0.67475 1.45328 -1.74025 -1.69167 -1.30338 -1.34025 -1.29917 -1.33280 -1.33137 2
-0.75940 -0.67475 1.45328 -1.65698 -1.59091 -1.42292 -1.33617 -1.27439 -1.33280 -1.36370 2
-0.75940 -0.67475 1.45328 -1.07410 -1.18784 -1.06430 -1.03946 -0.99732 -0.91771 -1.12664 2
-0.75940 -0.67475 1.45328 -0.90756 -0.88554 -0.70568 -0.92833 -0.83062 -0.95876 -0.93268 2
-0.75940 -0.67475 1.45328 -0.65776 -0.83516 -0.94476 -0.91915 -0.81035 -0.73525 -1.07635 2
-0.75940 -0.67475 1.45328 -0.94920 -1.03669 -1.18384 -0.96911 -0.91172 -0.96788 -0.99733 2
-0.75940 -0.67475 1.45328 -0.78266 -0.83516 -0.94476 -0.94668 -0.90946 -0.89490 -0.96141 2
-0.75940 -0.67475 1.45328 -0.69939 -0.83516 -1.18384 -0.97625 -0.95226 -1.03630 -0.96141 2
-0.75940 -0.67475 1.45328 -0.65776 -0.58325 -0.22752 -0.83453 -0.85540 -0.78542 -0.85725 2
-0.75940 -0.67475 1.45328 -0.61612 -0.63363 -0.70568 -0.73155 -0.55805 -0.86753 -0.90035 2
-0.75940 -0.67475 1.45328 -0.57449 -0.53286 -0.34706 -0.60410 -0.60536 -0.49805 -0.66328 2
-0.75940 -0.67475 1.45328 -0.53285 -0.63363 -0.82522 -0.77437 -0.73601 -0.78542 -0.80696 2
-0.75940 -0.67475 1.45328 -0.49122 -0.43210 -0.58614 -0.73766 -0.57608 -0.80367 -0.90394 2
1.31652 -0.67475 -0.68794 -0.36632 -0.43210 -0.46660 -0.46339 -0.21340 -0.58016 -0.70998 2
-0.75940 1.48167 -0.68794 0.46637 0.52518 0.25064 0.58476 0.89264 0.40968 0.36759 2
-0.75940 -0.67475 1.45328 -0.94920 -1.08708 -0.94476 -1.11492 -1.05363 -1.12753 -1.08713 2
-0.75940 -0.67475 1.45328 -0.86593 -0.88554 -0.70568 -0.95076 -0.83513 -1.06823 -0.96141 2
1.31652 -0.67475 -0.68794 -0.78266 -0.73439 -0.46660 -0.88041 -0.72475 -0.85841 -0.97219 2
-0.75940 -0.67475 1.45328 -0.74103 -0.63363 -0.58614 -0.83758 -0.61888 -0.97700 -0.95423 2
-0.75940 -0.67475 1.45328 -0.69939 -0.78478 -0.70568 -0.93445 -0.92298 -0.88121 -0.85365 2
-0.75940 -0.67475 1.45328 -0.65776 -0.68401 0.13110 -0.80496 -0.74277 -0.82192 -0.78182 2
-0.75940 -0.67475 1.45328 -1.61535 -1.59091 -1.06430 -1.26480 -1.15951 -1.28718 -1.34215 2
-0.75940 -0.67475 1.45328 -1.32391 -1.38937 -1.30338 -1.29029 -1.24736 -1.30543 -1.28468 2
-0.75940 -0.67475 1.45328 -1.15737 -1.08708 -1.06430 -1.07413 -0.93424 -1.08648 -1.18770 2
-0.75940 -0.67475 1.45328 -0.82430 -0.88554 -0.94476 -1.06699 -1.05138 -1.10016 -0.95423 2
-0.75940 -0.67475 1.45328 -0.53285 -0.48248 -0.82522 -0.73970 -0.61662 -0.74437 -0.92549 2
-0.75940 -0.67475 1.45328 -0.19978 -0.33133 -0.34706 -0.52865 -0.45218 -0.51630 -0.58785 2
-0.75940 -0.67475 1.45328 -1.32391 -1.43976 -0.10798 -1.23829 -1.14599 -1.21876 -1.28109 2
-0.75940 -0.67475 1.45328 -0.36632 -0.48248 -0.34706 -0.58472 -0.35982 -0.71244 -0.65969 2
-0.75940 -0.67475 1.45328 -1.24064 -1.28861 -1.42292 -1.24848 -1.19780 -0.80367 -1.21284 2
-0.75940 -0.67475 1.45328 -1.15737 -1.28861 -1.06430 -1.16590 -1.08292 -1.10929 -1.21284 2
-0.75940 -0.67475 1.45328 -1.11574 -1.18784 -0.94476 -1.23625 -1.19104 -1.22332 -1.19129 2
-0.75940 -0.67475 1.45328 -0.32468 -0.33133 -0.22752 -0.46135 -0.29675 -0.47524 -0.56630 2
-0.75940 -0.67475 1.45328 -0.03324 -0.18018 -0.22752 -0.55923 -0.55805 -0.64858 -0.35438 2
-0.75940 1.48167 -0.68794 -1.24064 -1.38937 -0.10798 -0.47257 -0.39361 -0.45244 -0.51242 2
1.31652 -0.67475 -0.68794 0.00839 -0.28095 -0.34706 -0.36449 -0.25395 -0.23349 -0.57349 2
-0.75940 -0.67475 1.45328 -0.74103 -0.78478 -0.70568 -0.91507 -0.93650 -0.78542 -0.92549 2
1.31652 -0.67475 -0.68794 0.34147 0.07173 -0.34706 -0.32982 -0.25846 -0.23805 -0.38671 2
-0.75940 -0.67475 1.45328 -2.03169 -2.09474 -1.78154 -1.50746 -1.45685 -1.47876 -1.50019 2
-0.75940 1.48167 -0.68794 -1.03247 -1.03669 0.48972 -0.93954 -0.83963 -1.00437 -0.96141 2
1.31652 -0.67475 -0.68794 -0.15815 -0.23057 -0.22752 -0.37775 -0.20664 -0.28823 -0.62736 2
1.31652 -0.67475 -0.68794 -0.90756 -1.08708 -0.94476 -1.00582 -0.92298 -1.02262 -1.03325 2
1.31652 -0.67475 -0.68794 -0.82430 -0.83516 -0.94476 -1.01805 -1.00408 -0.98613 -0.92549 2
-0.75940 -0.67475 1.45328 -1.61535 -1.49014 -1.42292 -1.30252 -1.27439 -1.29631 -1.24876 2
-0.75940 1.48167 -0.68794 -1.15737 -1.03669 -0.82522 -1.01397 -1.00408 -0.96788 -0.99733 2
-0.75940 1.48167 -0.68794 -1.44881 -1.43976 -1.18384 -1.31170 -1.28340 -1.26894 -1.28468 2
-0.75940 -0.67475 1.45328 -0.90756 -0.83516 -0.94476 -1.00990 -0.96803 -0.99525 -1.03325 2
-0.75940 -0.67475 1.45328 -0.15815 -0.23057 -0.46660 -0.46543 -0.54229 -0.35209 -0.38671 2
1.31652 -0.67475 -0.68794 0.00839 0.07173 -0.10798 -0.06983 0.15603 0.07669 -0.26458 2
-0.75940 -0.67475 1.45328 -0.69939 -0.68401 -0.94476 -0.86002 -0.67744 -0.97700 -0.97578 2
-0.75940 -0.67475 1.45328 -0.24141 -0.28095 -0.46660 -0.64590 -0.56932 -0.54823 -0.73871 2
-0.75940 1.48167 -0.68794 0.50801 0.42441 0.25064 0.22280 0.48491 0.20441 -0.09936 2
-0.75940 -0.67475 1.45328 -1.24064 -1.33899 -1.06430 -1.22197 -1.19104 -1.15034 -1.24158 2
-0.75940 -0.67475 1.45328 -0.99083 -1.03669 -0.94476 -1.13735 -1.18429 -1.09104 -1.06198 2
-0.75940 -0.67475 1.45328 -0.40795 -0.53286 -0.58614 -0.63061 -0.36208 -0.84472 -0.76386 2
1.31652 -0.67475 -0.68794 -0.07488 0.02135 0.01156 -0.19014 -0.23818 -0.39770 -0.27895 2
-0.75940 -0.67475 1.45328 -1.69862 -1.74205 -1.18384 -1.31680 -1.17753 -1.34192 -1.41399 2
-0.75940 -0.67475 1.45328 -0.57449 -0.58325 -0.82522 -0.78355 -0.65942 -0.67139 -0.91472 2
-0.75940 -0.67475 1.45328 -0.03324 -0.12980 0.13110 -0.11979 0.29119 -0.35209 -0.35438 2
-0.75940 -0.67475 1.45328 -0.65776 -0.98631 -1.18384 -1.00480 -0.91848 -0.82648 -1.10149 2
-0.75940 -0.67475 1.45328 -0.19978 -0.38171 -0.58614 -0.51845 -0.24043 -0.62577 -0.70279 2
-0.75940 -0.67475 1.45328 -0.82430 -0.98631 -1.06430 -1.06292 -0.99281 -0.96788 -1.04762 2
-0.75940 -0.67475 1.45328 -1.24064 -1.23822 -1.42292 -1.22911 -1.17978 -1.28262 -1.19488 2
-0.75940 -0.67475 1.45328 -0.82430 -0.83516 -0.82522 -0.87939 -0.80134 -0.90858 -0.87161 2
-0.75940 -0.67475 1.45328 -1.78189 -1.74205 -1.54246 -1.38103 -1.36675 -1.36017 -1.35652 2
1.31652 -0.67475 -0.68794 -0.57449 -0.33133 -0.34706 -0.70300 -0.64816 -0.71700 -0.53038 2
1.31652 -0.67475 -0.68794 -2.15660 -2.09474 -1.78154 -1.51868 -1.46586 -1.55175 -1.50019 2
-0.75940 -0.67475 1.45328 -1.07410 -0.98631 -1.06430 -1.05170 -1.02885 -0.99069 -1.04762 2
-0.75940 -0.67475 1.45328 -1.24064 -1.23822 -1.18384 -1.16590 -1.14824 -1.08192 -1.17692 2
1.31652 -0.67475 -0.68794 -0.03324 -0.18018 -0.46660 -0.37775 -0.31928 -0.21524 -0.55912 2
-0.75940 -0.67475 1.45328 -0.32468 -0.38171 -0.58614 -0.39100 0.09295 -0.42963 -0.79618 2
-0.75940 -0.67475 1.45328 -0.40795 -0.58325 -0.58614 -0.67445 -0.54904 -0.74437 -0.70998 2
-0.75940 1.48167 -0.68794 -0.24141 -0.38171 -0.46660 -0.47869 -0.35757 -0.64402 -0.72794 2
-0.75940 -0.67475 1.45328 -1.44881 -1.59091 -0.94476 -0.87123 -0.84189 -1.07279 -0.81414 2
-0.75940 -0.67475 1.45328 -1.19901 -1.28861 -1.06430 -1.10166 -0.87568 -1.25069 -1.23439 2
-0.75940 1.48167 -0.68794 -1.19901 -0.88554 -0.58614 -0.36959 -0.16384 -0.43875 -0.53757 2
-0.75940 -0.67475 1.45328 -1.36554 -1.43976 -1.30338 -1.30966 -1.31494 -1.30999 -1.27390 2
-0.75940 -0.67475 1.45328 -0.78266 -0.78478 -1.06430 -1.03743 -1.08742 -1.05455 -0.83210 2
1.31652 -0.67475 -0.68794 0.79945 0.52518 0.72880 0.60821 0.79127 0.75635 0.41069 2
-0.75940 1.48167 -0.68794 -1.24064 -1.13746 -0.70568 -1.07719 -1.05363 -1.12297 -0.97219 2
-0.75940 -0.67475 1.45328 -0.61612 -0.58325 -0.10798 -0.68261 -0.62563 -0.78542 -0.70639 2
-0.75940 -0.67475 1.45328 -0.57449 -0.58325 -0.10798 -0.59594 -0.33279 -0.86753 -0.76386 2
-0.75940 -0.67475 1.45328 -0.74103 -0.73439 -0.70568 -1.00888 -1.00858 -0.94051 -1.02247 2
-0.75940 -0.67475 1.45328 -1.07410 -0.98631 -1.30338 -1.04354 -0.92974 -1.18683 -1.04402 2
1.31652 -0.67475 -0.68794 -1.44881 -1.43976 -1.18384 -1.28825 -1.29016 -1.31455 -1.16256 2
-0.75940 -0.67475 1.45328 -0.99083 -1.08708 -1.30338 -1.07107 -0.94325 -1.18683 -1.08353 3
-0.75940 -0.67475 1.45328 -0.82430 -1.08708 -1.06430 -0.97319 -0.98380 -0.94051 -0.85365 3
-0.75940 -0.67475 1.45328 -0.03324 0.02135 -0.46660 -0.47665 -0.54454 -0.63490 -0.35079 3
1.31652 -0.67475 -0.68794 -0.44959 -0.23057 -0.10798 -0.48786 -0.37334 -0.55279 -0.49447 3
1.31652 -0.67475 -0.68794 -0.40795 -0.53286 -0.46660 -0.71115 -0.56481 -0.72156 -0.74590 3
-0.75940 1.48167 -0.68794 -1.03247 -0.88554 -0.70568 -0.97013 -0.98605 -0.74893 -0.99733 3
1.31652 -0.67475 -0.68794 -0.44959 -0.33133 -0.22752 -0.62347 -0.65492 -0.44331 -0.67406 3
-0.75940 -0.67475 1.45328 -1.40718 -1.33899 -1.30338 -1.24135 -1.20456 -1.10016 -0.63814 3
1.31652 -0.67475 -0.68794 -0.61612 -0.58325 -0.22752 -0.75194 -0.83513 -0.63490 -0.74590 3
-0.75940 -0.67475 1.45328 -1.86516 -1.79244 -1.42292 -1.42997 -1.42306 -1.40578 -1.42836 3
1.31652 -0.67475 -0.68794 -1.44881 -1.33899 -0.70568 -1.09350 -1.06715 -1.06823 -1.06557 3
-0.75940 1.48167 -0.68794 -1.03247 -0.83516 -0.46660 -1.04048 -1.01534 -1.13209 -1.03325 3
-0.75940 1.48167 -0.68794 0.71618 0.87786 1.08742 0.66123 0.79577 1.00267 0.04432 3
-0.75940 1.48167 -0.68794 -1.19901 -1.03669 -1.06430 -1.11593 -1.05363 -1.16859 -1.06917 3
1.31652 -0.67475 -0.68794 -1.40718 -1.43976 -1.18384 -1.34738 -1.39378 -1.27350 -1.26313 3
-0.75940 1.48167 -0.68794 -1.28227 -1.33899 -0.94476 -1.23625 -1.20005 -1.41034 -1.14100 3
-0.75940 1.48167 -0.68794 -1.36554 -1.43976 -1.18384 -1.26887 -1.26763 -1.12753 -1.28468 3
1.31652 -0.67475 -0.68794 -1.15737 -1.33899 -0.58614 -1.14244 -1.17978 -0.89490 -1.10509 3
-0.75940 1.48167 -0.68794 0.21656 0.22288 -0.34706 0.19221 0.19883 -0.05103 0.31730 3
-0.75940 1.48167 -0.68794 0.96598 1.02901 0.60926 1.34028 1.80270 1.38127 0.59028 3
-0.75940 1.48167 -0.68794 -0.44959 -0.43210 -0.46660 -0.50316 -0.31252 -0.80823 -0.66688 3
1.31652 -0.67475 -0.68794 -0.24141 -0.12980 -0.10798 -0.39814 -0.25170 -0.46612 -0.64173 3
1.31652 -0.67475 -0.68794 -0.11651 -0.02903 0.25064 -0.25539 -0.05572 -0.42507 -0.36157 3
-0.75940 1.48167 -0.68794 -0.07488 0.22288 0.01156 0.01072 0.03439 0.17704 -0.06344 3
1.31652 -0.67475 -0.68794 0.09166 0.22288 0.01156 -0.22888 -0.33279 -0.19243 -0.16760 3
1.31652 -0.67475 -0.68794 0.09166 0.27326 0.01156 0.09229 0.06367 0.44161 -0.13887 3
-0.75940 1.48167 -0.68794 0.38310 0.47480 0.25064 0.56742 0.81380 0.67880 0.22391 3
-0.75940 1.48167 -0.68794 1.00762 0.97863 0.60926 1.23118 1.46255 1.16232 0.69804 3
-0.75940 -0.67475 1.45328 -0.65776 -0.73439 -0.70568 -0.85186 -0.72475 -0.79455 -0.93268 3
-0.75940 -0.67475 1.45328 -0.11651 -0.28095 -0.58614 -0.63876 -0.65041 -0.61209 -0.52320 3
-0.75940 -0.67475 1.45328 -0.07488 -0.23057 -0.34706 -0.44300 -0.18862 -0.49349 -0.63814 3
-0.75940 1.48167 -0.68794 0.38310 0.37403 0.13110 0.09943 0.23712 0.33213 -0.13528 3
1.31652 -0.67475 -0.68794 1.63214 1.58322 0.13110 0.73056 1.49409 0.12687 0.21314 3
-0.75940 -0.67475 1.45328 -1.19901 -1.38937 -1.42292 -1.26072 -1.22934 -1.26438 -1.21284 3
-0.75940 -0.67475 1.45328 -1.15737 -1.28861 -1.30338 -1.24644 -1.18203 -1.30087 -1.23439 3
-0.75940 -0.67475 1.45328 -1.07410 -1.03669 -0.82522 -1.11084 -1.10770 -1.10473 -1.03684 3
-0.75940 -0.67475 1.45328 -0.78266 -0.68401 -3.33555 -0.81719 -0.68871 -0.86297 -0.88957 3
-0.75940 -0.67475 1.45328 -0.24141 -0.53286 -0.46660 -0.67751 -0.65492 -0.69419 -0.64173 3
1.31652 -0.67475 -0.68794 -0.24141 -0.12980 -0.46660 -0.56229 -0.60987 -0.39314 -0.51602 3
-0.75940 -0.67475 1.45328 0.09166 0.07173 0.25064 -0.51437 0.00060 -0.41595 -0.09936 3
-0.75940 -0.67475 1.45328 0.17493 -0.02903 -0.10798 -0.47767 -0.40262 -0.56647 -0.38671 3
1.31652 -0.67475 -0.68794 0.34147 0.37403 0.25064 -0.06677 0.01862 0.03108 -0.14246 3
-0.75940 -0.67475 1.45328 -0.99083 -0.98631 -1.06430 -0.99154 -0.81485 -1.06367 -1.10149 3
-0.75940 -0.67475 1.45328 -0.53285 -0.53286 -0.70568 -0.80088 -0.72925 -0.77174 -0.81773 3
1.31652 -0.67475 -0.68794 -0.40795 -0.38171 -0.34706 -0.36653 -0.05572 -0.40682 -0.69561 3
1.31652 -0.67475 -0.68794 -0.03324 -0.07942 -0.34706 -0.55006 -0.47471 -0.37945 -0.64532 3
1.31652 -0.67475 -0.68794 0.00839 -0.07942 0.01156 -0.22073 0.04114 -0.32472 -0.46932 3
-0.75940 1.48167 -0.68794 0.21656 0.22288 0.01156 0.02296 0.07043 0.34125 -0.31846 3
1.31652 -0.67475 -0.68794 0.54964 0.32365 0.25064 0.08923 0.12449 0.31389 0.04432 3
-0.75940 -0.67475 1.45328 -0.94920 -1.08708 -1.18384 -1.11899 -0.98380 -1.12297 -1.17692 3
-0.75940 -0.67475 1.45328 -0.61612 -0.68401 -1.06430 -1.02825 -0.99506 -1.06367 -0.96141 3
-0.75940 -0.67475 1.45328 -0.49122 -0.63363 -0.70568 -0.88856 -0.79683 -0.97700 -0.85365 3
-0.75940 -0.67475 1.45328 -0.40795 -0.48248 0.13110 -0.40018 -0.34631 -0.39770 -0.35079 3
-0.75940 -0.67475 1.45328 -0.36632 -0.38171 -0.46660 -0.59696 -0.48822 -0.60753 -0.63814 3
-0.75940 -0.67475 1.45328 -0.07488 -0.18018 -0.34706 -0.52661 -0.54679 -0.49349 -0.38671 3
-0.75940 -0.67475 1.45328 0.25820 0.27326 0.01156 -0.12998 0.15828 -0.27910 -0.23585 3
-0.75940 -0.67475 1.45328 0.29983 0.32365 -0.22752 -0.21461 -0.04671 -0.28823 -0.27895 3
-0.75940 1.48167 -0.68794 0.42474 0.27326 0.25064 0.41142 0.45563 0.34125 0.87045 3
-0.75940 1.48167 -0.68794 0.67454 0.72671 0.01156 0.33088 0.51420 0.49178 0.00840 3
-0.75940 1.48167 -0.68794 0.09166 0.17250 -0.10798 -0.11775 0.07719 0.00827 -0.42622 3
-0.75940 -0.67475 1.45328 0.17493 0.12212 0.60926 0.13205 0.28893 0.35494 -0.07781 3
-0.75940 -0.67475 1.45328 -0.24141 -0.28095 -0.10798 -0.65100 -0.68871 -0.58472 -0.53038 3
-0.75940 -0.67475 1.45328 -0.15815 -0.07942 0.13110 -0.25335 -0.11429 -0.34752 -0.22867 3
1.31652 -0.67475 -0.68794 -0.07488 -0.23057 -0.70568 -0.51029 -0.47921 -0.18787 -0.70998 3
-0.75940 -0.67475 1.45328 0.05003 0.22288 0.01156 -0.30943 -0.27648 -0.76718 -0.06344 3
-0.75940 -0.67475 1.45328 -0.78266 -0.88554 -0.70568 -0.94056 -0.86441 -0.71700 -0.96141 3
-0.75940 -0.67475 1.45328 -0.99083 -0.98631 -1.18384 -1.05374 -0.99732 -1.10016 -1.09072 3
1.31652 -0.67475 -0.68794 0.09166 0.12212 -0.34706 -0.18504 -0.01968 0.08125 -0.42622 3
1.31652 -0.67475 -0.68794 0.71618 0.72671 0.60926 0.84577 0.89264 0.79284 0.95666 3
1.31652 -0.67475 -0.68794 0.00839 -0.02903 -0.22752 -0.22481 -0.14808 0.15424 -0.45855 3
-0.75940 1.48167 -0.68794 -1.03247 -1.08708 -0.58614 -1.07311 -1.01759 -1.22332 -1.04402 3
-0.75940 -0.67475 1.45328 -0.53285 -0.73439 -0.70568 -0.78457 -0.60536 -0.96788 -0.92549 3
1.31652 -0.67475 -0.68794 -0.03324 -0.28095 -0.10798 -0.50214 -0.49048 -0.21980 -0.45855 3
-0.75940 -0.67475 1.45328 -0.32468 0.07173 0.01156 -0.52661 -0.49273 -0.42507 -0.38671 3
-0.75940 1.48167 -0.68794 -1.28227 -1.33899 -1.42292 -1.22707 -1.20005 -1.07736 -1.21284 3
-0.75940 1.48167 -0.68794 -0.44959 -0.53286 0.96788 -0.79068 -0.93199 -0.58472 -0.74590 3
-0.75940 1.48167 -0.68794 -0.44959 -0.33133 -0.46660 -0.46339 -0.37334 -0.32016 -0.74590 3
1.31652 -0.67475 -0.68794 -0.36632 -0.38171 -0.94476 -0.64284 -0.52427 -0.72156 -0.74590 3
-0.75940 1.48167 -0.68794 0.21656 0.17250 -0.34706 0.27582 0.84759 -0.19700 -0.17120 3
-0.75940 1.48167 -0.68794 0.63291 0.52518 0.13110 0.21158 0.17630 0.40055 0.06587 3
1.31652 -0.67475 -0.68794 0.88272 0.72671 0.60926 0.93244 1.10213 0.82477 0.79861 3
-0.75940 -0.67475 1.45328 -0.32468 -0.33133 -0.22752 -0.56127 -0.42064 -0.62577 -0.58785 3
-0.75940 -0.67475 1.45328 -0.28305 -0.33133 -0.34706 -0.57963 -0.36208 -0.59840 -0.78182 3
1.31652 -0.67475 -0.68794 -0.28305 -0.28095 -0.70568 -0.56025 -0.29675 -0.73069 -0.63814 3
-0.75940 -0.67475 1.45328 0.21656 0.12212 -0.22752 -0.39304 -0.29450 -0.33384 -0.45495 3
-0.75940 1.48167 -0.68794 0.21656 0.32365 -0.10798 0.03009 0.33624 0.17248 -0.38671 3
1.31652 -0.67475 -0.68794 0.46637 0.47480 -0.22752 0.04743 0.22811 -0.07384 -0.09936 3
-0.75940 -0.67475 1.45328 -1.24064 -1.18784 0.01156 -1.07821 -0.98831 -1.07736 -1.12304 3
-0.75940 -0.67475 1.45328 -0.32468 -0.43210 0.01156 -0.77743 -0.76530 -0.80367 -0.05985 3
-0.75940 -0.67475 1.45328 0.00839 -0.23057 -0.22752 -0.45218 -0.55805 -0.50718 -0.31487 3
1.31652 -0.67475 -0.68794 0.84108 0.92824 -0.22752 0.51644 0.98725 0.21810 0.08024 3
-0.75940 -0.67475 1.45328 -0.44959 -0.23057 -0.22752 -0.49296 -0.42965 -0.58016 -0.46573 3
-0.75940 -0.67475 1.45328 -0.40795 -0.33133 -0.70568 -0.68261 -0.66843 -0.65314 -0.60581 3
1.31652 -0.67475 -0.68794 -0.15815 -0.43210 -0.58614 -0.62755 -0.49273 -0.77174 -0.63814 3
-0.75940 1.48167 -0.68794 0.09166 0.37403 -0.34706 0.08923 0.25965 0.16792 0.00840 3
-0.75940 -0.67475 1.45328 0.17493 0.22288 -0.22752 -0.14120 -0.00616 -0.25173 -0.23944 3
-0.75940 -0.67475 1.45328 0.21656 0.17250 -0.22752 -0.33594 -0.40488 -0.16050 -0.20711 3
-0.75940 1.48167 -0.68794 -0.15815 -0.28095 -0.22752 -0.27681 0.14251 -0.55735 -0.62736 3
-0.75940 -0.67475 1.45328 -0.44959 -0.33133 -0.34706 -0.62449 -0.59860 -0.69876 -0.55194 3
-0.75940 -0.67475 1.45328 -0.19978 -0.28095 -0.10798 -0.61225 -0.60085 -0.52542 -0.21430 3
-0.75940 -0.67475 1.45328 -1.07410 -1.08708 -0.46660 -1.07923 -1.04913 -1.02718 -1.07276 4
-0.75940 -0.67475 1.45328 -0.94920 -0.83516 -0.82522 -0.95382 -0.89595 -1.04086 -0.97578 4
1.31652 -0.67475 -0.68794 0.54964 0.62595 -0.10798 0.69283 0.80929 0.89775 0.29575 4
-0.75940 -0.67475 1.45328 -1.07410 -1.08708 -1.18384 -1.12103 -1.01534 -1.20052 -1.17692 4
1.31652 -0.67475 -0.68794 -0.36632 -0.38171 -0.22752 -0.37876 -0.04671 -0.59384 -0.74590 4
-0.75940 -0.67475 1.45328 -0.19978 -0.23057 -0.70568 -0.47461 -0.26071 -0.69876 -0.63096 4
1.31652 -0.67475 -0.68794 0.21656 0.32365 0.37018 0.17692 0.02312 0.13143 0.08024 4
-0.75940 1.48167 -0.68794 0.25820 0.32365 0.13110 0.10758 0.31822 0.15424 -0.16760 4
1.31652 -0.67475 -0.68794 0.29983 0.07173 -0.22752 -0.13712 0.04565 -0.09664 -0.31128 4
-0.75940 -0.67475 1.45328 -0.61612 -0.58325 -0.70568 -0.64182 -0.47921 -0.69419 -0.70998 4
1.31652 -0.67475 -0.68794 0.63291 0.62595 0.25064 0.20241 0.28443 0.02195 0.25983 4
-0.75940 -0.67475 1.45328 -0.69939 -0.68401 -0.82522 -0.98848 -1.06490 -0.90858 -0.81773 4
-0.75940 -0.67475 1.45328 0.21656 0.42441 0.01156 -0.15445 -0.06698 -0.43875 0.00840 4
-0.75940 -0.67475 1.45328 0.42474 0.32365 0.25064 0.31456 0.57051 0.31389 0.00122 4
-0.75940 -0.67475 1.45328 -0.11651 -0.12980 -0.82522 -0.56331 -0.56481 -0.48893 -0.53038 4
-0.75940 -0.67475 1.45328 0.05003 -0.12980 -0.58614 -0.72135 -0.70673 -0.72612 -0.65251 4
-0.75940 -0.67475 1.45328 -1.44881 -1.49014 -1.06430 -1.23931 -1.17527 -1.25525 -1.21284 4
1.31652 -0.67475 -0.68794 -0.49122 -0.53286 -0.46660 -0.60614 -0.39136 -0.76262 -0.71357 4
1.31652 -0.67475 -0.68794 0.38310 0.42441 0.01156 0.20139 0.52996 -0.18331 0.09101 4
1.31652 -0.67475 -0.68794 -0.94920 -0.73439 -0.58614 -0.79170 -0.76304 -0.87209 -0.74590 4
-0.75940 -0.67475 1.45328 -0.49122 -0.53286 -0.46660 -0.50621 -0.47020 -0.81279 -0.39389 4
-0.75940 -0.67475 1.45328 -0.86593 -0.88554 -0.58614 -0.85594 -0.69321 -0.79455 -0.96141 4
-0.75940 -0.67475 1.45328 -0.32468 -0.33133 -0.34706 -0.54394 -0.49048 -0.42051 -0.62018 4
1.31652 -0.67475 -0.68794 1.13252 0.77709 0.37018 0.81315 1.12916 0.85214 0.43943 4
1.31652 -0.67475 -0.68794 0.21656 -0.23057 -0.22752 -0.20645 -0.07374 -0.16507 -0.35079 4
-0.75940 -0.67475 1.45328 -0.78266 -0.93593 -0.58614 -0.90692 -0.76980 -0.99525 -0.92549 4
-0.75940 1.48167 -0.68794 0.05003 0.12212 -0.10798 -0.30943 -0.46344 -0.35665 -0.20711 4
1.31652 -0.67475 -0.68794 -0.40795 -0.38171 -0.34706 -0.65100 -0.64365 -0.62121 -0.53038 4
1.31652 -0.67475 -0.68794 0.09166 0.27326 0.25064 -0.21155 -0.40713 -0.38402 0.08024 4
1.31652 -0.67475 -0.68794 -0.24141 -0.12980 -0.34706 -0.58574 -0.54904 -0.42051 -0.60222 4
1.31652 -0.67475 -0.68794 -0.49122 -0.48248 -0.82522 -0.81107 -0.84414 -0.67139 -0.45855 4
-0.75940 1.48167 -0.68794 -0.44959 -0.43210 -0.82522 -0.83249 -0.88469 -0.70332 -0.70998 4
-0.75940 1.48167 -0.68794 -0.69939 -0.58325 -0.34706 -0.86715 -0.83062 -1.07279 -0.78900 4
1.31652 -0.67475 -0.68794 -1.24064 -1.23822 -1.06430 -1.17405 -1.18654 -1.12297 -1.05121 4
-0.75940 1.48167 -0.68794 0.50801 0.52518 0.72880 0.21158 0.02538 0.82477 0.36759 4
-0.75940 1.48167 -0.68794 -0.61612 -0.63363 -0.46660 -0.84064 -0.87342 -0.78086 -0.74590 4
-0.75940 1.48167 -0.68794 -0.69939 -0.68401 0.01156 -0.70708 -0.78106 -0.65770 -0.56630 4
1.31652 -0.67475 -0.68794 -0.19978 -0.02903 0.01156 -0.43484 -0.53328 -0.41138 -0.24303 4
1.31652 -0.67475 -0.68794 -1.28227 -1.28861 -0.82522 -1.21280 -1.21132 -1.11385 -1.17692 4
-0.75940 1.48167 -0.68794 0.29983 0.47480 1.20696 -0.23398 -0.34406 -0.47068 0.25983 4
-0.75940 -0.67475 1.45328 -0.78266 -0.68401 -0.46660 -0.96096 -0.93875 -1.05911 -0.96500 4
1.31652 -0.67475 -0.68794 -1.36554 -1.13746 -0.94476 -1.26072 -1.32170 -1.16859 -1.17692 4
1.31652 -0.67475 -0.68794 -0.61612 -0.68401 -0.22752 -0.93241 -0.89595 -0.92227 -0.96141 4
1.31652 -0.67475 -0.68794 -1.49045 -1.38937 -1.06430 -1.28825 -1.31944 -1.19139 -1.21284 4
-0.75940 1.48167 -0.68794 -0.07488 -0.18018 -0.22752 -0.51641 -0.72925 -0.46156 -0.39030 4
-0.75940 1.48167 -0.68794 -0.15815 -0.18018 0.48972 -0.37673 -0.50399 0.19985 -0.54116 4
1.31652 -0.67475 -0.68794 -0.82430 -0.78478 -0.22752 -0.79170 -0.93424 -0.79455 -0.60222 4
1.31652 -0.67475 -0.68794 0.13330 -0.02903 -0.34706 0.12696 0.55024 0.09950 -0.26458 4
1.31652 -0.67475 -0.68794 0.38310 0.47480 0.25064 0.25135 0.13575 0.31845 0.25624 4
-0.75940 1.48167 -0.68794 0.42474 0.57556 0.01156 0.26358 0.37228 0.00827 0.22750 4
1.31652 -0.67475 -0.68794 0.67454 0.47480 0.48972 0.56029 0.27767 1.10302 0.61902 4
1.31652 -0.67475 -0.68794 0.92435 1.02901 0.72880 1.07416 1.16971 1.13495 1.08596 4
-0.75940 1.48167 -0.68794 0.21656 0.22288 0.01156 -0.03720 0.03889 -0.17875 0.25983 4
1.31652 -0.67475 -0.68794 0.42474 0.67633 0.48972 0.58170 0.61331 0.85670 0.36759 4
1.31652 -0.67475 -0.68794 1.04925 0.87786 0.48972 0.96914 0.94895 1.19881 0.96025 4
-0.75940 1.48167 -0.68794 1.09089 0.52518 0.48972 1.35659 1.48733 1.37214 -0.40467 4
1.31652 -0.67475 -0.68794 -0.03324 -0.07942 0.13110 -0.10653 -0.03094 0.03564 -0.38671 4
1.31652 -0.67475 -0.68794 0.00839 -0.02903 -0.46660 -0.14936 0.07268 -0.22893 -0.27177 4
1.31652 -0.67475 -0.68794 0.17493 0.02135 -0.46660 -0.07289 0.33624 -0.36577 -0.35079 4
1.31652 -0.67475 -0.68794 0.17493 0.07173 0.01156 -0.01783 0.46013 -0.48893 -0.14964 4
-0.75940 1.48167 -0.68794 0.34147 0.42441 0.84834 0.36860 0.39481 0.51915 0.18440 4
-0.75940 1.48167 -0.68794 0.42474 0.62595 0.60926 0.08209 0.34074 0.14967 -0.00597 4
1.31652 -0.67475 -0.68794 0.46637 0.42441 0.01156 0.27072 0.57051 0.00827 0.10179 4
-0.75940 1.48167 -0.68794 0.84108 0.77709 0.84834 1.11291 1.68556 0.82933 0.66931 4
-0.75940 1.48167 -0.68794 1.04925 0.92824 1.20696 1.29542 1.27108 1.44513 1.33380 4
-0.75940 1.48167 -0.68794 1.21579 0.97863 1.56558 1.09252 1.11790 1.11214 0.82016 4
-0.75940 1.48167 -0.68794 1.38233 1.33131 0.37018 1.27502 1.19224 1.18512 1.08596 4
1.31652 -0.67475 -0.68794 1.46560 1.58322 0.96788 1.88067 2.41316 1.41320 1.48826 4
-0.75940 1.48167 -0.68794 1.50723 1.43207 0.72880 0.79581 1.26207 0.50547 0.44661 4
-0.75940 -0.67475 1.45328 -0.61612 -0.78478 -0.82522 -0.77641 -0.68195 -0.83560 -0.85365 4
1.31652 -0.67475 -0.68794 -0.19978 0.12212 -0.10798 -0.31045 -0.25846 -0.35665 -0.23226 4
-0.75940 -0.67475 1.45328 -0.19978 -0.12980 0.01156 -0.42261 -0.30126 -0.54823 -0.31487 4
-0.75940 -0.67475 1.45328 -0.03324 -0.12980 -0.34706 -0.33798 -0.26521 -0.45244 -0.34720 4
-0.75940 -0.67475 1.45328 0.05003 0.07173 -0.70568 -0.51845 -0.48147 -0.52086 -0.35797 4
-0.75940 -0.67475 1.45328 0.09166 -0.07942 -0.10798 -0.46135 -0.31477 -0.54367 -0.60941 4
-0.75940 1.48167 -0.68794 0.17493 0.37403 0.25064 -0.05861 -0.02643 -0.16050 -0.22867 4
1.31652 -0.67475 -0.68794 0.25820 0.32365 0.01156 0.08515 0.21460 -0.22437 0.11616 4
-0.75940 -0.67475 1.45328 0.25820 0.22288 0.01156 -0.12692 -0.08275 -0.14226 -0.06344 4
-0.75940 1.48167 -0.68794 0.38310 0.52518 -0.10798 0.30742 0.16954 0.65599 0.19158 4
1.31652 -0.67475 -0.68794 0.75781 0.72671 0.84834 0.58985 0.39030 1.26723 0.43943 4
1.31652 -0.67475 -0.68794 0.84108 0.47480 0.72880 0.51644 0.61331 0.49178 0.54718 4
-0.75940 1.48167 -0.68794 0.92435 0.92824 0.60926 1.28624 1.55716 0.76547 1.08596 4
1.31652 -0.67475 -0.68794 -0.90756 -0.93593 -0.58614 -0.89570 -0.71123 -1.05455 -0.97578 4
-0.75940 1.48167 -0.68794 0.17493 0.02135 0.01156 -0.17994 -0.01292 -0.02822 -0.25740 4
-0.75940 1.48167 -0.68794 0.29983 0.27326 0.25064 0.08719 0.52321 0.02651 -0.39748 4
-0.75940 1.48167 -0.68794 0.46637 0.52518 0.84834 0.68570 1.30937 0.36406 0.47894 4
-0.75940 1.48167 -0.68794 0.46637 0.27326 0.01156 0.25339 0.52095 0.32757 -0.21071 4
1.31652 -0.67475 -0.68794 0.88272 0.47480 0.25064 0.61738 0.54799 0.85670 0.47534 4
-0.75940 1.48167 -0.68794 0.96598 1.07939 1.56558 1.43714 1.37019 1.40407 1.17576 4
-0.75940 1.48167 -0.68794 1.04925 0.92824 0.48972 1.12922 1.54365 1.12582 0.57951 4
-0.75940 -0.67475 1.45328 -0.49122 -0.38171 -0.46660 -0.79986 -0.77205 -0.90402 -0.65969 4
-0.75940 -0.67475 1.45328 -0.19978 -0.33133 0.01156 -0.55006 -0.54904 -0.41595 -0.50165 4
-0.75940 -0.67475 1.45328 0.25820 -0.12980 -0.22752 -0.55108 -0.61888 -0.51174 -0.49447 4
1.31652 -0.67475 -0.68794 0.38310 0.42441 0.01156 -0.06881 -0.09401 -0.29735 0.04432 4
-0.75940 -0.67475 1.45328 0.38310 0.37403 0.37018 0.07802 0.05015 -0.09208 0.29575 4
1.31652 -0.67475 -0.68794 0.42474 0.37403 0.48972 0.02092 0.18531 0.15880 0.00122 4
1.31652 -0.67475 -0.68794 0.63291 0.62595 0.60926 0.46954 0.65161 0.55108 0.25983 4
-0.75940 1.48167 -0.68794 0.67454 0.47480 0.13110 0.30335 0.48942 -0.02822 0.25983 4
-0.75940 1.48167 -0.68794 0.67454 0.62595 0.37018 0.29621 0.15152 0.39599 0.68727 4
1.31652 -0.67475 -0.68794 0.71618 0.62595 0.48972 0.39409 0.40382 0.49178 0.39991 4
-0.75940 1.48167 -0.68794 0.79945 0.72671 0.84834 0.43182 0.47140 0.38231 0.43943 5
1.31652 -0.67475 -0.68794 1.00762 0.77709 0.25064 0.80091 0.94670 0.84758 0.65494 5
-0.75940 1.48167 -0.68794 1.09089 1.02901 0.25064 0.43691 0.54123 0.38687 0.47534 5
1.31652 -0.67475 -0.68794 1.13252 0.92824 0.60926 1.00075 1.38596 0.80652 0.73396 5
1.31652 -0.67475 -0.68794 1.17416 0.92824 0.84834 0.95589 1.11790 1.21705 0.54718 5
1.31652 -0.67475 -0.68794 -0.19978 -0.38171 0.25064 0.47464 0.60655 0.38687 0.41069 5
1.31652 -0.67475 -0.68794 1.00762 0.92824 0.48972 1.12718 1.40849 1.32653 0.54718 5
-0.75940 -0.67475 1.45328 -0.32468 -0.38171 -0.58614 -0.75806 -0.76980 -0.76718 -0.63814 5
-0.75940 -0.67475 1.45328 -0.19978 -0.28095 -0.70568 -0.54700 -0.35757 -0.68051 -0.63814 5
-0.75940 1.48167 -0.68794 0.13330 0.17250 0.48972 0.23809 0.03664 0.18160 0.40351 5
-0.75940 -0.67475 1.45328 0.17493 0.22288 0.01156 -0.28904 -0.44092 -0.36577 0.08024 5
1.31652 -0.67475 -0.68794 0.25820 0.47480 -0.10798 0.01684 0.10197 -0.08752 -0.02752 5
-0.75940 -0.67475 1.45328 0.29983 0.37403 0.60926 0.00664 -0.06248 -0.01454 0.28857 5
1.31652 -0.67475 -0.68794 0.38310 0.32365 0.84834 0.22994 0.09521 0.43705 0.31730 5
-0.75940 1.48167 -0.68794 0.38310 0.32365 -0.46660 -0.05249 0.10197 -0.25630 -0.03470 5
1.31652 -0.67475 -0.68794 0.46637 0.32365 0.48972 0.00155 -0.10302 0.18160 0.06946 5
1.31652 -0.67475 -0.68794 0.84108 1.07939 0.72880 1.02420 0.96022 1.09389 0.87764 5
1.31652 -0.67475 -0.68794 0.96598 0.82748 0.37018 0.61127 0.52996 0.80652 0.72678 5
1.31652 -0.67475 -0.68794 -0.07488 -0.07942 0.01156 -0.39814 -0.32153 -0.32472 -0.50883 5
-0.75940 1.48167 -0.68794 0.05003 0.22288 0.25064 -0.17892 -0.15483 0.04476 -0.30769 5
1.31652 -0.67475 -0.68794 0.34147 0.37403 0.13110 0.19731 0.33849 0.28652 0.06228 5
1.31652 -0.67475 -0.68794 0.59127 0.57556 0.25064 0.18405 0.33399 -0.03735 0.16644 5
-0.75940 -0.67475 1.45328 -0.57449 -0.38171 -0.34706 -0.80700 -0.71349 -0.49349 -0.67406 5
-0.75940 1.48167 -0.68794 0.29983 0.37403 0.96788 0.15143 -0.00841 0.21810 0.40351 5
-0.75940 1.48167 -0.68794 -0.44959 -0.43210 -0.46660 -0.58268 -0.58509 -0.28366 -0.63814 5
-0.75940 1.48167 -0.68794 -1.19901 -1.08708 -1.18384 -1.03437 -0.92298 -0.96332 -1.03325 5
-0.75940 1.48167 -0.68794 -1.28227 -1.23822 -0.82522 -1.13939 -1.11220 -1.11385 -1.11586 5
1.31652 -0.67475 -0.68794 0.13330 0.12212 -0.46660 -0.03516 0.14702 -0.32016 -0.11013 5
-0.75940 1.48167 -0.68794 1.38233 1.43207 0.96788 1.69306 2.30729 0.77459 1.44156 5
1.31652 -0.67475 -0.68794 0.13330 0.27326 0.01156 -0.19218 -0.13231 -0.19243 -0.18556 5
-0.75940 1.48167 -0.68794 0.38310 0.37403 0.25064 0.33903 0.65161 0.04020 0.08383 5
1.31652 -0.67475 -0.68794 0.63291 0.52518 0.25064 0.85291 0.78451 0.84758 0.36759 5
-0.75940 1.48167 -0.68794 0.79945 0.67633 0.48972 1.01095 1.47382 0.47810 0.63698 5
-0.75940 1.48167 -0.68794 0.88272 0.87786 0.13110 0.64899 0.83857 0.77915 0.35681 5
1.31652 -0.67475 -0.68794 1.21579 1.12978 1.20696 1.65126 2.03697 1.71881 1.09315 5
1.31652 -0.67475 -0.68794 -0.19978 -0.28095 -0.46660 -0.51437 -0.38911 -0.41595 -0.67406 5
-0.75940 1.48167 -0.68794 0.38310 0.42441 0.96788 0.16162 0.18982 0.33213 0.11616 5
-0.75940 1.48167 -0.68794 0.75781 0.67633 0.72880 0.46138 0.82731 0.59670 -0.03111 5
-0.75940 -0.67475 1.45328 -0.65776 -0.48248 -0.70568 -0.82637 -0.79909 -0.94964 -0.70998 5
-0.75940 1.48167 -0.68794 -0.07488 -0.12980 -0.10798 -0.63774 -0.71123 -0.44331 -0.55194 5
-0.75940 -0.67475 1.45328 0.50801 0.12212 0.13110 -0.31657 -0.31477 -0.42051 -0.13528 5
1.31652 -0.67475 -0.68794 1.04925 1.12978 0.37018 1.09965 1.16746 0.97986 0.90637 5
-0.75940 1.48167 -0.68794 1.50723 1.33131 1.56558 1.89290 2.10455 2.15671 1.59601 5
1.31652 -0.67475 -0.68794 1.67377 1.63361 1.20696 3.06238 4.02604 3.28795 2.01985 5
1.31652 -0.67475 -0.68794 -0.03324 -0.07942 -0.82522 0.08821 0.41508 -0.17419 -0.28973 5
-0.75940 1.48167 -0.68794 0.00839 0.22288 -0.10798 0.03009 0.32948 -0.00542 -0.41185 5
-0.75940 1.48167 -0.68794 0.13330 0.12212 0.01156 -0.05147 0.09295 -0.00085 -0.20711 5
1.31652 -0.67475 -0.68794 0.63291 0.67633 0.84834 0.57354 0.68089 0.68793 0.33167 5
-0.75940 -0.67475 1.45328 -0.53285 -0.48248 0.01156 -0.77845 -0.89370 -0.85385 -0.56630 5
-0.75940 1.48167 -0.68794 0.46637 0.42441 0.72880 0.28907 0.46013 0.46898 0.06587 5
-0.75940 -0.67475 1.45328 0.54964 0.52518 -0.34706 -0.15037 -0.11429 -0.27910 -0.00597 5
-0.75940 -0.67475 1.45328 0.63291 0.37403 -0.10798 0.18711 0.38580 0.20897 0.10179 5
1.31652 -0.67475 -0.68794 0.88272 1.23054 0.96788 0.91918 1.16521 0.68793 0.54718 5
1.31652 -0.67475 -0.68794 1.21579 1.18016 1.32650 1.24749 1.35217 0.79284 1.33740 5
-0.75940 1.48167 -0.68794 0.92435 1.02901 0.72880 0.80499 0.77775 0.82477 0.82735 5
-0.75940 -0.67475 1.45328 -0.69939 -0.88554 -0.82522 -0.89978 -0.82837 -0.97244 -0.85365 5
-0.75940 -0.67475 1.45328 -0.57449 -0.53286 -0.82522 -0.93139 -0.99732 -0.94964 -0.74590 5
-0.75940 -0.67475 1.45328 0.09166 0.12212 0.13110 -0.28598 -0.38911 -0.26542 -0.01315 5
1.31652 -0.67475 -0.68794 0.05003 0.07173 -0.46660 -0.25030 -0.10753 -0.15594 -0.74949 5
-0.75940 1.48167 -0.68794 0.00839 -0.07942 -0.22752 -0.26355 -0.21566 -0.45244 -0.11373 5
1.31652 -0.67475 -0.68794 0.42474 0.42441 -0.10798 0.18915 -0.02418 0.25915 -0.01674 5
-0.75940 1.48167 -0.68794 0.79945 0.77709 0.37018 0.74585 0.68089 0.82477 0.81298 5
1.31652 -0.67475 -0.68794 0.21656 0.27326 -0.70568 -0.04638 -0.08050 0.20441 -0.17120 5
-0.75940 1.48167 -0.68794 -0.74103 -0.58325 -0.34706 -0.75398 -0.73151 -0.60297 -0.67406 5
1.31652 -0.67475 -0.68794 0.05003 -0.02903 -0.22752 -0.18504 -0.33730 -0.09664 -0.32924 5
-0.75940 -0.67475 1.45328 -0.32468 -0.53286 -0.46660 -0.65304 -0.67294 -0.53454 -0.74590 5
1.31652 -0.67475 -0.68794 -0.94920 -0.93593 -1.06430 -1.06597 -1.07391 -0.97700 -1.06917 5
1.31652 -0.67475 -0.68794 0.96598 0.92824 0.72880 1.27604 1.27333 1.61390 0.82735 5
-0.75940 1.48167 -0.68794 0.25820 0.22288 -0.10798 -0.03414 0.20784 -0.16050 -0.12450 5
-0.75940 1.48167 -0.68794 0.50801 0.42441 0.13110 0.31558 0.56375 0.56020 -0.13528 5
-0.75940 1.48167 -0.68794 0.96598 0.67633 0.84834 0.66428 0.57276 1.46337 0.35322 5
-0.75940 1.48167 -0.68794 1.13252 0.92824 0.84834 1.01707 0.88588 0.91144 1.21886 5
-0.75940 -0.67475 1.45328 -0.36632 -0.53286 -0.34706 -0.68261 -0.54454 -0.88578 -0.63814 5
-0.75940 -0.67475 1.45328 -0.19978 -0.43210 -0.34706 -0.61327 -0.58734 -0.70788 -0.53398 5
-0.75940 -0.67475 1.45328 0.38310 0.12212 -0.22752 -0.11061 -0.02643 -0.27454 -0.01674 5
1.31652 -0.67475 -0.68794 0.46637 0.42441 0.48972 0.07903 0.15378 0.36862 -0.17120 5
1.31652 -0.67475 -0.68794 0.79945 0.52518 0.48972 0.24829 0.59529 0.17704 -0.07781 5
-0.75940 -0.67475 1.45328 -0.40795 -0.58325 -0.34706 -0.82841 -0.76079 -0.92683 -0.74231 5
-0.75940 -0.67475 1.45328 0.25820 0.22288 0.25064 -0.09328 -0.06473 -0.04647 0.05869 5
-0.75940 1.48167 -0.68794 0.71618 0.87786 0.60926 0.51950 0.41959 0.84301 0.56155 5
-0.75940 -0.67475 1.45328 -0.44959 -0.53286 -0.46660 -0.68770 -0.82386 -0.62121 -0.76386 5
-0.75940 1.48167 -0.68794 0.21656 0.07173 0.96788 0.68672 0.64260 1.09846 0.51845 5
-0.75940 1.48167 -0.68794 0.29983 0.22288 0.13110 0.14123 0.13575 0.47354 0.04432 5
1.31652 -0.67475 -0.68794 0.50801 0.62595 0.13110 0.26052 0.19432 0.51003 0.18799 5
-0.75940 -0.67475 1.45328 0.54964 0.42441 -0.34706 0.06374 0.34975 -0.26542 0.04432 5
1.31652 -0.67475 -0.68794 -0.82430 -1.03669 -0.70568 -0.95790 -0.83963 -0.84928 -1.01529 5
1.31652 -0.67475 -0.68794 -0.94920 -0.83516 -0.94476 -0.96503 -0.96128 -0.99069 -0.96141 5
-0.75940 1.48167 -0.68794 0.05003 0.02135 0.13110 -0.00661 0.07043 0.21353 0.04432 5
-0.75940 1.48167 -0.68794 -0.07488 -0.07942 -0.58614 -0.51131 -0.75854 -0.32928 -0.49447 5
-0.75940 -0.67475 1.45328 -1.94843 -1.84282 -1.54246 -1.38001 -1.29917 -1.10929 -1.39244 5
-0.75940 1.48167 -0.68794 0.29983 0.32365 0.37018 0.28907 0.32498 0.75179 0.11616 5
1.31652 -0.67475 -0.68794 1.34069 1.02901 0.96788 1.27604 1.22603 1.18512 0.96025 5
-0.75940 1.48167 -0.68794 0.96598 1.18016 0.84834 1.12820 1.29135 1.19425 0.94229 5
1.31652 -0.67475 -0.68794 0.54964 0.42441 0.48972 0.34515 0.38580 0.30476 0.44661 5
1.31652 -0.67475 -0.68794 0.84108 0.87786 0.37018 0.40021 0.45338 0.12687 0.72678 5
-0.75940 -0.67475 1.45328 0.21656 0.27326 -0.34706 -0.17892 -0.05121 -0.20156 -0.23585 5
1.31652 -0.67475 -0.68794 0.92435 0.92824 0.96788 0.94365 1.05708 0.81108 0.94229 5
1.31652 -0.67475 -0.68794 -0.11651 0.02135 0.37018 0.92530 0.94445 1.00723 1.01053 5
-0.75940 1.48167 -0.68794 0.29983 0.12212 0.96788 1.70428 1.87478 1.54548 1.53495 5
1.31652 -0.67475 -0.68794 0.84108 0.72671 0.48972 0.84169 1.34316 0.74722 0.28497 5
-0.75940 1.48167 -0.68794 0.59127 0.47480 0.01156 0.17386 0.13575 0.38231 0.23110 6
-0.75940 1.48167 -0.68794 0.75781 0.87786 0.37018 0.51338 0.72369 0.08581 0.58310 6
1.31652 -0.67475 -0.68794 -0.19978 -0.28095 -0.34706 -0.51335 -0.40713 -0.49349 -0.61300 6
1.31652 -0.67475 -0.68794 -0.69939 -0.43210 -0.34706 -0.63774 -0.64816 -0.60753 -0.60222 6
-0.75940 1.48167 -0.68794 0.09166 -0.02903 0.13110 -0.29414 -0.39136 -0.08752 -0.24303 6
-0.75940 1.48167 -0.68794 -0.44959 -0.53286 -0.94476 -0.72033 -0.86441 -0.91314 -0.38671 6
-0.75940 -0.67475 1.45328 -1.19901 -1.33899 -0.94476 -1.23013 -1.25862 -1.20052 -1.10509 6
1.31652 -0.67475 -0.68794 0.29983 0.32365 0.48972 0.07292 -0.13006 0.24546 0.15207 6
-0.75940 1.48167 -0.68794 0.84108 0.87786 0.60926 0.88350 0.66512 1.25354 1.08596 6
-0.75940 1.48167 -0.68794 0.34147 0.37403 0.37018 -0.00559 -0.08275 0.22722 0.06228 6
-0.75940 1.48167 -0.68794 0.21656 0.42441 0.13110 -0.17892 -0.28999 -0.33840 0.19877 6
-0.75940 1.48167 -0.68794 0.79945 0.67633 0.84834 0.38288 0.34300 0.30476 0.61902 6
1.31652 -0.67475 -0.68794 0.50801 0.52518 1.08742 0.19017 0.01862 0.29564 0.33167 6
1.31652 -0.67475 -0.68794 -0.44959 -0.48248 -0.10798 -0.66833 -0.86892 -0.59840 -0.53038 6
-0.75940 1.48167 -0.68794 0.50801 0.42441 0.48972 0.50625 0.63133 0.97530 0.08024 6
-0.75940 -0.67475 1.45328 -0.90756 -0.83516 -0.94476 -1.03437 -0.92749 -1.10473 -0.96141 6
1.31652 -0.67475 -0.68794 -0.40795 -0.33133 -0.34706 -0.48072 -0.37109 -0.59840 -0.42263 6
-0.75940 1.48167 -0.68794 -0.44959 -0.33133 -0.34706 -0.54496 -0.48372 -0.39770 -0.42263 6
-0.75940 1.48167 -0.68794 -0.07488 0.07173 0.01156 -0.27579 -0.21566 -0.26086 -0.27895 6
-0.75940 1.48167 -0.68794 -1.19901 -1.18784 -0.82522 -1.16590 -1.17302 -1.18227 -1.10509 6
-0.75940 1.48167 -0.68794 -1.15737 -0.93593 -0.70568 -1.10676 -1.06715 -1.06823 -1.11586 6
-0.75940 1.48167 -0.68794 -1.07410 -1.13746 -1.06430 -1.23217 -1.26763 -1.15490 -1.14100 6
1.31652 -0.67475 -0.68794 -0.32468 -0.38171 0.01156 -0.52253 -0.69997 -0.35665 -0.45855 6
1.31652 -0.67475 -0.68794 -1.36554 -1.13746 -0.22752 -1.12613 -1.21582 -1.12753 -0.99374 6
1.31652 -0.67475 -0.68794 -0.65776 -0.63363 -1.18384 -0.91609 -0.97479 -0.97244 -0.81773 6
1.31652 -0.67475 -0.68794 -0.07488 0.27326 0.13110 0.10758 -0.30351 0.23178 0.11616 6
-0.75940 1.48167 -0.68794 0.38310 0.57556 0.48972 0.13205 -0.20214 0.70161 0.17363 6
1.31652 -0.67475 -0.68794 -0.53285 -0.68401 -0.10798 -0.68057 -0.87342 -0.58016 -0.38671 6
1.31652 -0.67475 -0.68794 -0.07488 -0.28095 -0.10798 -0.34104 -0.32378 0.26371 -0.60222 6
-0.75940 1.48167 -0.68794 -0.69939 -0.68401 -0.22752 -0.83453 -0.92974 -0.59384 -0.78182 6
1.31652 -0.67475 -0.68794 0.38310 0.27326 -0.22752 -0.15343 -0.04671 -0.04647 -0.32205 6
-0.75940 1.48167 -0.68794 0.67454 0.67633 0.84834 1.12820 1.12466 0.47354 1.14703 6
-0.75940 1.48167 -0.68794 0.84108 0.72671 0.72880 1.06805 1.18998 0.88863 0.90637 6
-0.75940 1.48167 -0.68794 0.84108 0.67633 0.84834 0.64185 0.52321 0.61038 0.79143 6
-0.75940 1.48167 -0.68794 1.00762 1.07939 0.25064 0.78154 0.70116 0.22722 1.05005 6
-0.75940 1.48167 -0.68794 1.09089 1.02901 0.84834 1.67980 2.21718 1.42232 1.17935 6
1.31652 -0.67475 -0.68794 1.38233 0.97863 1.44604 2.12741 2.40415 2.01531 1.73250 6
1.31652 -0.67475 -0.68794 1.59050 1.58322 0.84834 2.29156 1.82523 2.17040 1.25478 6
1.31652 -0.67475 -0.68794 0.63291 0.57556 0.37018 0.38288 0.68765 0.60126 -0.09936 6
1.31652 -0.67475 -0.68794 1.00762 1.23054 1.32650 1.14452 1.29361 1.03916 0.96743 6
-0.75940 1.48167 -0.68794 1.63214 1.43207 1.44604 2.38129 2.45146 2.63110 2.03063 6
-0.75940 -0.67475 1.45328 0.25820 0.22288 0.37018 -0.18198 -0.20664 -0.33840 0.29575 6
-0.75940 1.48167 -0.68794 0.29983 0.37403 0.37018 0.80601 0.88813 1.29460 0.22032 6
1.31652 -0.67475 -0.68794 0.38310 0.27326 0.72880 0.09025 0.10197 0.02195 0.22750 6
1.31652 -0.67475 -0.68794 0.46637 0.47480 -0.10798 -0.06779 0.20559 -0.12401 -0.25022 6
1.31652 -0.67475 -0.68794 0.50801 0.67633 0.25064 0.48178 0.77550 0.16792 0.35681 6
-0.75940 1.48167 -0.68794 0.75781 0.67633 0.37018 0.35739 0.39706 0.11318 0.36400 6
1.31652 -0.67475 -0.68794 0.75781 0.92824 0.72880 0.45935 0.56375 0.43248 0.40351 6
1.31652 -0.67475 -0.68794 0.79945 1.02901 0.84834 0.92326 0.95571 0.52827 1.08596 6
-0.75940 1.48167 -0.68794 1.09089 1.18016 1.20696 1.08232 0.92192 1.28548 1.14703 6
-0.75940 1.48167 -0.68794 1.13252 1.07939 0.72880 1.03644 1.15169 1.20337 0.85249 6
1.31652 -0.67475 -0.68794 1.04925 1.07939 0.84834 1.29949 1.43102 1.13039 1.15780 6
-0.75940 -0.67475 1.45328 0.29983 0.37403 0.25064 -0.01273 0.04114 0.05844 -0.02034 6
1.31652 -0.67475 -0.68794 0.34147 0.22288 0.25064 0.00460 0.29344 -0.06471 -0.14246 6
-0.75940 -0.67475 1.45328 0.38310 0.22288 0.13110 0.00868 -0.02418 -0.33384 0.30653 6
1.31652 -0.67475 -0.68794 0.54964 0.82748 0.60926 0.77134 0.89940 0.49634 0.50408 6
1.31652 -0.67475 -0.68794 0.59127 0.42441 0.13110 0.26562 0.46689 0.23634 0.10538 6
-0.75940 1.48167 -0.68794 0.71618 0.67633 0.48972 0.58476 0.10872 0.38687 1.00694 6
1.31652 -0.67475 -0.68794 0.88272 0.77709 0.60926 0.82436 1.33866 0.46441 0.46457 6
1.31652 -0.67475 -0.68794 1.00762 0.92824 0.84834 1.03746 0.87687 1.16232 1.26556 6
1.31652 -0.67475 -0.68794 1.09089 1.43207 0.96788 0.90797 1.02104 0.91600 0.90637 6
-0.75940 1.48167 -0.68794 1.25743 1.02901 1.32650 1.12820 1.10438 1.24898 1.13266 6
-0.75940 -0.67475 1.45328 -0.49122 -0.83516 0.01156 -0.13712 0.01186 -0.24717 -0.21430 6
-0.75940 1.48167 -0.68794 0.17493 0.07173 1.44604 1.07926 0.93544 1.25354 1.17935 6
-0.75940 1.48167 -0.68794 0.21656 -0.28095 0.60926 0.76726 0.82731 1.03460 0.68727 6
1.31652 -0.67475 -0.68794 0.42474 0.32365 1.08742 0.40021 0.66737 0.40055 0.06946 6
1.31652 -0.67475 -0.68794 0.67454 0.67633 0.25064 0.65511 0.97148 0.46898 0.41787 6
1.31652 -0.67475 -0.68794 1.04925 0.77709 0.48972 1.85722 0.95571 0.89319 0.49330 6
-0.75940 -0.67475 1.45328 -0.03324 -0.23057 -0.58614 -0.50520 -0.46795 -0.22437 -0.68843 6
-0.75940 -0.67475 1.45328 0.34147 0.52518 0.37018 0.08719 0.07268 0.31389 0.08024 6
1.31652 -0.67475 -0.68794 0.42474 0.37403 0.13110 0.09637 0.09070 -0.17419 0.22391 6
1.31652 -0.67475 -0.68794 0.46637 0.32365 0.25064 0.44405 0.71468 0.34582 0.29216 6
-0.75940 -0.67475 1.45328 0.67454 0.82748 0.60926 0.49401 0.55249 0.11774 0.81298 6
1.31652 -0.67475 -0.68794 0.67454 0.62595 0.96788 0.58476 0.53898 0.69249 0.59028 6
1.31652 -0.67475 -0.68794 0.75781 0.87786 1.44604 0.79581 0.92192 0.42336 1.07519 6
1.31652 -0.67475 -0.68794 0.84108 0.97863 1.08742 0.66836 0.72369 0.54652 0.82376 6
-0.75940 -0.67475 1.45328 1.04925 1.12978 0.25064 0.83456 0.85660 1.05284 0.65853 6
-0.75940 1.48167 -0.68794 1.13252 1.28092 1.56558 1.24953 1.05032 0.88407 1.80434 6
-0.75940 -0.67475 1.45328 -0.44959 -0.33133 -0.82522 -0.79068 -0.86666 -0.85841 -0.67406 6
1.31652 -0.67475 -0.68794 -0.15815 -0.23057 -0.58614 -0.70606 -0.67294 -0.70332 -0.61300 6
-0.75940 1.48167 -0.68794 0.38310 0.27326 0.25064 0.00155 0.12674 -0.22437 0.04432 6
-0.75940 1.48167 -0.68794 1.50723 1.63361 1.08742 1.90106 1.74638 1.75074 1.78997 6
-0.75940 1.48167 -0.68794 1.71540 1.48246 0.96788 1.75526 1.33415 0.14511 1.82948 6
1.31652 -0.67475 -0.68794 -0.44959 -0.38171 -0.82522 -0.73868 -0.70673 -0.72156 -0.60222 6
1.31652 -0.67475 -0.68794 -0.65776 -0.53286 -0.70568 -0.78966 -0.80584 -0.70332 -0.63455 6
1.31652 -0.67475 -0.68794 0.21656 0.32365 -0.10798 0.10249 0.03889 0.26371 0.18799 6
-0.75940 -0.67475 1.45328 -1.03247 -0.98631 -0.94476 -1.10370 -1.10319 -1.06823 -1.03325 6
1.31652 -0.67475 -0.68794 -1.61535 -1.59091 -1.18384 -1.28825 -1.23610 -1.27350 -1.28109 6
1.31652 -0.67475 -0.68794 -1.03247 -0.93593 -0.82522 -1.10472 -1.10770 -1.30999 -0.90394 6
-0.75940 1.48167 -0.68794 -0.94920 -0.93593 -0.70568 -1.03539 -1.05363 -1.04999 -1.03325 6
-0.75940 1.48167 -0.68794 1.42396 1.43207 0.37018 2.08153 1.83649 2.38478 1.28352 6
1.31652 -0.67475 -0.68794 0.75781 0.67633 0.84834 0.55927 0.46914 1.17600 0.24187 6
1.31652 -0.67475 -0.68794 0.79945 0.72671 0.25064 0.55621 0.61782 0.56933 0.47534 6
1.31652 -0.67475 -0.68794 1.13252 1.07939 0.60926 1.25973 1.50761 1.07109 0.98180 6
1.31652 -0.67475 -0.68794 0.09166 0.22288 0.37018 -0.09022 -0.13907 -0.10577 0.04432 6
-0.75940 -0.67475 1.45328 0.21656 0.17250 0.13110 0.12492 0.32948 -0.08752 -0.02034 6
-0.75940 -0.67475 1.45328 0.29983 0.32365 0.01156 -0.00763 0.19207 -0.37945 0.04432 6
1.31652 -0.67475 -0.68794 0.71618 0.72671 1.08742 0.97424 1.48733 1.01179 0.36759 6
1.31652 -0.67475 -0.68794 0.84108 0.92824 0.01156 0.54499 0.83407 0.32757 0.40351 6
1.31652 -0.67475 -0.68794 0.84108 0.82748 0.60926 0.76726 0.71243 1.18512 0.77347 6
1.31652 -0.67475 -0.68794 0.96598 0.77709 0.25064 0.54907 0.72144 0.37775 0.56514 7
1.31652 -0.67475 -0.68794 0.96598 1.07939 -1.42292 0.43487 0.70116 -0.04647 -0.45855 7
1.31652 -0.67475 -0.68794 0.84108 0.67633 0.84834 1.04358 1.33641 0.93424 0.70522 7
-0.75940 1.48167 -0.68794 1.63214 1.43207 0.96788 1.40961 1.25081 1.31741 1.40923 7
1.31652 -0.67475 -0.68794 1.75704 1.63361 1.68512 2.86866 3.65436 2.57637 2.10247 7
-0.75940 -0.67475 1.45328 0.17493 0.22288 0.25064 -0.17688 -0.03094 -0.20612 -0.22148 7
-0.75940 1.48167 -0.68794 0.88272 0.72671 0.60926 0.88248 0.86110 0.87951 1.07519 7
-0.75940 1.48167 -0.68794 0.88272 0.77709 1.08742 0.68977 0.84984 0.61950 0.72678 7
-0.75940 1.48167 -0.68794 0.09166 -0.07942 0.25064 0.80601 1.16521 0.86126 0.34963 7
-0.75940 1.48167 -0.68794 0.79945 0.92824 0.72880 0.65103 0.84759 0.35950 0.66571 7
1.31652 -0.67475 -0.68794 1.00762 0.97863 1.08742 1.29338 1.04807 1.91496 1.27274 7
-0.75940 1.48167 -0.68794 1.09089 0.97863 0.84834 0.94162 1.17647 1.05740 0.62620 7
1.31652 -0.67475 -0.68794 0.38310 0.42441 0.13110 0.24727 0.18531 0.39143 0.32808 7
1.31652 -0.67475 -0.68794 0.42474 0.37403 0.01156 -0.18708 -0.15483 -0.36577 -0.01315 7
1.31652 -0.67475 -0.68794 1.17416 1.18016 0.37018 1.07824 0.78001 1.13039 1.50621 7
1.31652 -0.67475 -0.68794 -0.53285 -0.53286 0.01156 -0.68872 -0.68645 -0.59840 -0.46573 7
1.31652 -0.67475 -0.68794 -0.24141 -0.28095 -0.46660 -0.72339 -0.73151 -0.67595 -0.60581 7
1.31652 -0.67475 -0.68794 1.13252 1.18016 1.44604 1.34640 1.11340 1.81460 1.30866 7
1.31652 -0.67475 -0.68794 -0.49122 -0.02903 -0.10798 -0.10449 0.34525 -0.08296 -0.67047 7
-0.75940 1.48167 -0.68794 0.00839 -0.07942 -0.10798 -0.23398 -0.18637 -0.38858 -0.22148 7
1.31652 -0.67475 -0.68794 -0.49122 -0.48248 -0.82522 -0.69484 -0.77205 -0.87665 -0.35079 7
1.31652 -0.67475 -0.68794 1.00762 0.97863 0.60926 0.97526 0.33399 0.74266 2.01985 7
-0.75940 1.48167 -0.68794 -0.15815 -0.02903 0.48972 -0.29618 -0.39812 -0.32472 -0.17120 7
-0.75940 1.48167 -0.68794 0.63291 0.72671 0.60926 0.62350 0.42409 0.81565 0.69086 7
-0.75940 1.48167 -0.68794 -1.03247 -0.73439 -0.58614 -0.80598 -0.67069 -0.54823 -0.85365 7
-0.75940 -0.67475 1.45328 -0.74103 -0.68401 -0.70568 -0.86002 -0.85991 -0.98157 -0.78182 7
1.31652 -0.67475 -0.68794 0.96598 1.02901 0.72880 1.10679 0.93544 1.15319 1.22246 7
-0.75940 1.48167 -0.68794 0.84108 0.62595 0.72880 0.86922 0.74622 0.55564 1.19372 7
-0.75940 -0.67475 1.45328 0.21656 0.17250 0.37018 0.08923 0.23712 0.05844 0.02636 7
1.31652 -0.67475 -0.68794 0.38310 0.62595 0.37018 0.72852 1.24405 0.46441 0.27420 7
-0.75940 -0.67475 1.45328 0.46637 0.52518 0.01156 0.19935 0.24388 0.03564 0.22391 7
-0.75940 1.48167 -0.68794 0.63291 0.67633 0.72880 0.52868 0.59079 0.61038 0.51126 7
1.31652 -0.67475 -0.68794 1.38233 1.23054 1.20696 1.56357 1.43552 1.37214 1.73250 7
-0.75940 -0.67475 1.45328 0.09166 0.42441 0.37018 -0.04332 0.02763 -0.29735 0.14848 7
-0.75940 1.48167 -0.68794 0.50801 0.57556 0.13110 0.31966 0.32948 0.30932 0.32808 7
-0.75940 1.48167 -0.68794 0.59127 0.52518 0.37018 0.44201 0.43761 0.54196 0.50049 7
1.31652 -0.67475 -0.68794 0.79945 0.72671 0.60926 0.52358 0.54799 0.70161 0.47534 7
-0.75940 1.48167 -0.68794 1.04925 1.12978 1.32650 0.92224 1.07735 0.59670 1.03209 7
-0.75940 1.48167 -0.68794 1.04925 1.02901 0.84834 1.06295 0.97148 1.23074 1.07519 7
1.31652 -0.67475 -0.68794 1.13252 1.02901 0.96788 0.88146 0.63359 0.48266 0.71959 7
-0.75940 1.48167 -0.68794 1.50723 1.23054 0.72880 1.49934 1.13817 1.94689 1.44515 7
-0.75940 1.48167 -0.68794 0.25820 0.32365 0.01156 0.03519 -0.06022 -0.08296 0.24906 7
1.31652 -0.67475 -0.68794 0.25820 0.52518 0.48972 0.06374 -0.11203 0.11774 0.25983 7
-0.75940 1.48167 -0.68794 0.34147 0.47480 -0.22752 0.46750 0.35876 0.76547 0.43943 7
-0.75940 1.48167 -0.68794 -0.57449 -0.33133 -0.34706 -0.75602 -0.72475 -0.63490 -0.85365 7
-0.75940 1.48167 -0.68794 0.25820 0.32365 0.37018 0.38186 0.60430 0.04476 0.17363 7
1.31652 -0.67475 -0.68794 1.42396 1.43207 1.56558 2.74121 3.48541 2.60830 1.84744 7
-0.75940 1.48167 -0.68794 1.63214 1.68399 1.32650 2.69533 3.22186 1.83741 2.48680 7
1.31652 -0.67475 -0.68794 1.46560 1.93590 2.16328 2.39454 2.03247 2.04268 2.41855 7
1.31652 -0.67475 -0.68794 -0.03324 -0.12980 -0.34706 -0.50418 -0.46344 -0.49349 -0.49447 7
1.31652 -0.67475 -0.68794 0.84108 0.72671 0.84834 0.48178 0.57276 0.71529 0.33167 7
1.31652 -0.67475 -0.68794 1.13252 1.07939 0.37018 1.24953 1.55942 1.59565 0.69086 7
-0.75940 -0.67475 1.45328 0.13330 0.07173 0.37018 -0.25845 -0.16835 -0.12401 -0.35079 7
-0.75940 -0.67475 1.45328 0.42474 0.42441 0.25064 0.05966 0.40382 -0.13314 -0.17120 7
1.31652 -0.67475 -0.68794 0.38310 0.37403 0.48972 0.37880 0.70567 -0.15138 0.43943 7
1.31652 -0.67475 -0.68794 0.46637 0.42441 0.01156 -0.00967 -0.05797 -0.03735 0.17363 7
-0.75940 -0.67475 1.45328 0.50801 0.62595 0.72880 0.31864 0.04565 0.53740 0.54718 7
1.31652 -0.67475 -0.68794 1.42396 1.23054 1.68512 1.38922 1.37245 2.08829 1.05005 7
1.31652 -0.67475 -0.68794 0.42474 0.17250 0.01156 0.07088 0.15152 0.42336 -0.27895 7
-0.75940 1.48167 -0.68794 0.25820 0.17250 0.01156 -0.08308 -0.34856 -0.19243 0.33167 7
-0.75940 1.48167 -0.68794 0.17493 0.02135 -0.34706 -0.27579 -0.27873 -0.31559 -0.20711 7
1.31652 -0.67475 -0.68794 0.46637 0.67633 0.25064 0.28805 0.11548 0.32757 0.79861 7
1.31652 -0.67475 -0.68794 0.05003 0.12212 0.60926 0.13409 -0.18187 0.53284 0.04432 7
1.31652 -0.67475 -0.68794 -1.15737 -0.98631 -0.94476 -1.10982 -1.13923 -0.96332 -0.99733 7
1.31652 -0.67475 -0.68794 0.25820 0.42441 0.13110 0.17590 0.18306 0.59670 0.33167 7
-0.75940 -0.67475 1.45328 -0.28305 -0.28095 -0.46660 -0.61123 -0.64365 -0.37945 -0.60222 7
1.31652 -0.67475 -0.68794 -1.69862 -1.64129 -1.54246 -1.37287 -1.35549 -1.30087 -1.36370 7
-0.75940 -0.67475 1.45328 0.25820 0.17250 0.96788 0.09433 0.04565 0.18160 0.11616 7
-0.75940 -0.67475 1.45328 0.46637 0.37403 0.25064 0.11778 0.10647 0.25915 0.11616 7
-0.75940 1.48167 -0.68794 0.84108 0.82748 0.84834 0.82436 0.88813 0.60582 0.90637 7
-0.75940 -0.67475 1.45328 -0.44959 -0.58325 -0.22752 -0.73970 -0.78782 -0.74437 -0.67406 7
-0.75940 1.48167 -0.68794 1.29906 1.53284 1.32650 1.93470 2.25998 1.29004 1.26556 7
-0.75940 1.48167 -0.68794 1.42396 1.53284 1.92420 2.04992 2.19015 2.20233 1.55291 7
1.31652 -0.67475 -0.68794 1.84031 1.58322 1.80466 2.24772 2.41767 2.53531 1.87618 7
-0.75940 1.48167 -0.68794 1.88194 1.63361 1.68512 2.86968 3.37729 3.09181 2.19945 7
-0.75940 -0.67475 1.45328 -0.49122 -0.68401 -0.70568 -0.98441 -0.97704 -0.98157 -0.90394 7
-0.75940 -0.67475 1.45328 0.34147 0.32365 0.84834 0.09127 0.24613 0.26827 -0.20711 7
1.31652 -0.67475 -0.68794 0.34147 -0.18018 -0.34706 -0.17281 -0.03319 -0.46156 -0.50524 7
1.31652 -0.67475 -0.68794 0.63291 0.72671 0.37018 0.37778 0.41283 0.07213 0.61902 7
-0.75940 1.48167 -0.68794 1.42396 1.58322 1.20696 1.90616 1.74413 1.99250 1.85822 7
-0.75940 1.48167 -0.68794 1.71540 1.73437 1.20696 1.85314 1.43777 2.31636 2.01985 7
-0.75940 1.48167 -0.68794 0.71618 0.77709 0.72880 0.55417 0.68990 0.44161 0.47534 7
1.31652 -0.67475 -0.68794 0.84108 0.62595 0.96788 0.62656 0.41283 1.31284 0.47534 7
-0.75940 1.48167 -0.68794 1.09089 1.33131 1.80466 1.48200 1.51211 1.05284 1.47389 7
-0.75940 -0.67475 1.45328 0.05003 0.12212 -0.22752 0.01582 0.06818 -0.12401 0.07305 7
-0.75940 -0.67475 1.45328 0.79945 0.82748 0.48972 0.48382 0.39030 0.59670 0.47534 7
1.31652 -0.67475 -0.68794 0.84108 0.82748 0.60926 0.58680 0.58628 0.73810 0.67290 7
1.31652 -0.67475 -0.68794 1.04925 1.18016 1.08742 1.34436 1.37695 1.42688 0.99976 7
-0.75940 1.48167 -0.68794 1.09089 0.97863 1.32650 1.24749 1.48057 1.82373 0.89200 7
1.31652 -0.67475 -0.68794 1.17416 1.18016 0.84834 1.25259 1.37019 1.86022 0.82016 7
1.31652 -0.67475 -0.68794 0.63291 0.87786 0.84834 0.96201 1.17196 0.94337 0.64416 7
1.31652 -0.67475 -0.68794 0.92435 0.87786 1.32650 0.69997 0.38580 1.19425 0.78065 7
1.31652 -0.67475 -0.68794 1.04925 1.18016 1.20696 1.59824 1.88154 1.71425 1.13266 7
-0.75940 1.48167 -0.68794 1.17416 1.07939 1.08742 1.04358 0.90165 1.02547 1.42719 7
1.31652 -0.67475 -0.68794 1.63214 1.53284 0.96788 1.54522 1.49409 1.77355 1.46311 7
1.31652 -0.67475 -0.68794 1.71540 1.68399 1.68512 2.52913 2.56409 2.08373 2.90346 7
-0.75940 -0.67475 1.45328 -0.15815 -0.02903 -0.22752 -0.46849 -0.60761 -0.57560 -0.09936 7
1.31652 -0.67475 -0.68794 0.34147 0.47480 0.37018 0.21770 0.27767 0.02195 0.15207 7
1.31652 -0.67475 -0.68794 0.38310 0.47480 0.37018 0.00664 -0.00391 -0.06015 0.27420 7
1.31652 -0.67475 -0.68794 0.42474 0.47480 0.37018 0.37574 0.49167 0.25459 0.40351 7
1.31652 -0.67475 -0.68794 0.63291 0.52518 0.72880 0.71730 0.43535 1.42688 0.64775 8
-0.75940 1.48167 -0.68794 0.79945 0.87786 0.72880 0.47566 0.05691 0.29564 0.72678 8
1.31652 -0.67475 -0.68794 0.84108 0.87786 0.37018 0.44813 0.57502 0.28652 0.59388 8
-0.75940 1.48167 -0.68794 0.84108 0.37403 0.48972 0.53276 0.45338 1.05740 0.46816 8
-0.75940 1.48167 -0.68794 0.84108 0.62595 0.13110 0.31660 0.52095 0.17704 0.18799 8
-0.75940 1.48167 -0.68794 0.92435 0.97863 0.37018 0.93958 1.05708 1.21705 0.76269 8
-0.75940 1.48167 -0.68794 1.09089 1.07939 0.96788 1.18938 1.17196 0.61950 1.85463 8
1.31652 -0.67475 -0.68794 1.13252 1.02901 0.84834 0.79377 0.65836 1.11670 0.94229 8
1.31652 -0.67475 -0.68794 1.63214 1.58322 1.20696 2.55360 3.25339 2.27987 1.89773 8
1.31652 -0.67475 -0.68794 1.63214 1.78475 1.92420 2.21305 2.50552 2.43952 1.72532 8
1.31652 -0.67475 -0.68794 0.46637 0.62595 0.60926 0.20037 -0.17060 0.16336 0.54718 8
-0.75940 1.48167 -0.68794 1.00762 0.92824 1.44604 1.22302 1.25982 1.13495 0.87045 8
1.31652 -0.67475 -0.68794 -0.57449 -0.53286 -0.22752 -0.63978 -0.71799 -0.48437 -0.45855 8
-0.75940 1.48167 -0.68794 0.54964 0.62595 0.72880 0.14531 -0.01968 0.09038 0.08024 8
1.31652 -0.67475 -0.68794 -0.15815 -0.07942 -0.22752 -0.13202 -0.25170 0.07669 -0.15324 8
-0.75940 -0.67475 1.45328 0.00839 0.22288 0.25064 -0.18810 -0.16610 -0.17875 -0.17120 8
-0.75940 -0.67475 1.45328 -0.03324 -0.28095 0.01156 -0.61939 -0.81936 -0.59840 -0.38671 8
1.31652 -0.67475 -0.68794 -0.19978 -0.18018 -0.22752 -0.24418 -0.38010 -0.11489 -0.42263 8
1.31652 -0.67475 -0.68794 0.75781 0.67633 0.72880 0.72138 0.51645 0.99354 0.00840 8
-0.75940 -0.67475 1.45328 1.13252 1.18016 1.80466 1.95204 1.41074 1.65039 1.20450 8
1.31652 -0.67475 -0.68794 1.29906 1.12978 0.60926 1.32295 1.64276 0.89775 1.20090 8
1.31652 -0.67475 -0.68794 1.29906 1.23054 0.96788 1.42796 1.82072 1.19425 1.17576 8
1.31652 -0.67475 -0.68794 0.96598 0.97863 0.37018 0.74789 0.88813 0.27739 0.76988 8
-0.75940 1.48167 -0.68794 0.96598 0.87786 0.72880 0.81111 0.58853 1.79180 0.34963 8
-0.75940 1.48167 -0.68794 1.13252 1.18016 1.44604 1.29338 1.32064 1.08477 1.31585 8
-0.75940 1.48167 -0.68794 1.09089 1.07939 0.37018 0.97934 0.74171 1.50899 1.05005 8
1.31652 -0.67475 -0.68794 1.17416 1.07939 1.20696 1.65126 2.12483 1.61390 0.94947 8
1.31652 -0.67475 -0.68794 1.42396 1.33131 1.32650 1.75831 1.84099 1.66408 1.70018 8
-0.75940 -0.67475 1.45328 0.71618 0.17250 0.37018 0.44813 0.66512 0.13599 0.25265 8
-0.75940 -0.67475 1.45328 0.71618 0.82748 0.48972 0.66428 1.02329 0.52827 0.37836 8
-0.75940 1.48167 -0.68794 0.84108 0.92824 0.48972 0.79173 0.96022 0.24090 0.83453 8
1.31652 -0.67475 -0.68794 1.59050 1.43207 0.84834 2.03157 2.60689 1.82373 1.44515 8
1.31652 -0.67475 -0.68794 0.96598 0.87786 0.60926 0.97526 1.43552 1.01635 0.19518 8
1.31652 -0.67475 -0.68794 0.50801 0.42441 0.84834 0.60923 0.59980 0.74266 0.69086 8
1.31652 -0.67475 -0.68794 1.25743 1.12978 0.13110 1.09252 0.89039 1.45881 1.05005 8
1.31652 -0.67475 -0.68794 -0.11651 -0.12980 -0.34706 -0.50621 -0.51976 -0.42963 -0.36516 8
-0.75940 1.48167 -0.68794 -0.03324 0.22288 0.25064 -0.20543 -0.25846 -0.21068 -0.02752 8
-0.75940 1.48167 -0.68794 0.79945 0.77709 0.84834 0.90185 0.77325 1.15775 0.94229 8
1.31652 -0.67475 -0.68794 -1.03247 -0.98631 -0.70568 -1.04966 -0.99732 -1.12753 -0.99733 8
-0.75940 -0.67475 1.45328 -0.61612 -0.53286 -0.58614 -0.79578 -0.79008 -0.66226 -0.90753 8
-0.75940 1.48167 -0.68794 -0.61612 -0.58325 -0.34706 -0.78558 -0.78557 -0.82648 -0.67406 8
1.31652 -0.67475 -0.68794 0.63291 0.67633 0.25064 0.53072 0.72144 0.38687 0.38195 8
1.31652 -0.67475 -0.68794 1.63214 1.58322 1.44604 1.95408 1.61573 1.86478 2.08451 8
-0.75940 -0.67475 1.45328 0.46637 0.62595 0.25064 0.15958 0.38129 0.04476 0.04073 8
-0.75940 1.48167 -0.68794 0.63291 0.67633 0.37018 0.46954 0.36778 0.08581 1.08596 8
1.31652 -0.67475 -0.68794 0.63291 0.67633 2.16328 0.66938 0.73270 0.39143 0.87045 8
-0.75940 -0.67475 1.45328 0.88272 0.57556 0.25064 0.41346 0.30245 0.54196 0.61902 8
1.31652 -0.67475 -0.68794 0.88272 1.07939 0.72880 1.13432 1.24405 1.04828 1.01413 8
-0.75940 -0.67475 1.45328 0.05003 -0.12980 -0.34706 -0.41853 -0.27873 -0.66226 -0.31487 8
-0.75940 1.48167 -0.68794 0.50801 0.12212 0.37018 0.41856 0.34975 0.38231 0.58310 8
1.31652 -0.67475 -0.68794 0.67454 0.82748 0.60926 0.60311 0.59754 0.37775 0.83812 8
1.31652 -0.67475 -0.68794 1.04925 1.18016 1.20696 1.10067 1.07285 1.05284 1.15780 8
-0.75940 1.48167 -0.68794 1.21579 1.02901 0.37018 0.91613 0.90615 1.13039 0.85608 8
-0.75940 1.48167 -0.68794 0.79945 0.92824 0.84834 0.56742 0.58628 0.54196 0.74833 8
-0.75940 1.48167 -0.68794 1.50723 1.53284 0.72880 1.28216 1.11565 1.25354 1.44515 8
1.31652 -0.67475 -0.68794 -0.19978 0.12212 -0.34706 -0.42567 -0.47020 -0.27910 -0.24303 8
-0.75940 -0.67475 1.45328 0.13330 -0.07942 0.13110 -0.14630 -0.19989 0.00371 -0.17120 8
-0.75940 -0.67475 1.45328 0.29983 0.37403 0.60926 0.40735 0.42409 0.66056 0.25983 8
-0.75940 -0.67475 1.45328 0.34147 0.22288 -0.10798 0.05253 -0.17286 -0.02822 0.25983 8
-0.75940 1.48167 -0.68794 0.00839 -0.07942 -0.58614 -0.40629 -0.46795 -0.33384 -0.42263 8
-0.75940 1.48167 -0.68794 1.29906 1.43207 1.20696 1.99486 2.08653 1.68688 1.98394 8
1.31652 -0.67475 -0.68794 1.38233 1.43207 1.32650 1.93368 1.84550 1.81916 1.37691 8
1.31652 -0.67475 -0.68794 1.13252 0.97863 1.20696 1.24342 1.43327 0.95249 -0.43699 8
-0.75940 -0.67475 1.45328 0.29983 0.32365 0.37018 -0.03618 0.04114 -0.02366 -0.02752 8
-0.75940 1.48167 -0.68794 1.38233 1.28092 1.08742 2.03361 1.97165 2.08373 1.86900 8
1.31652 -0.67475 -0.68794 0.50801 1.02901 0.48972 0.79377 1.25982 0.55108 0.43943 8
-0.75940 1.48167 -0.68794 0.84108 0.82748 1.20696 1.77973 1.74413 2.09741 1.05364 8
-0.75940 1.48167 -0.68794 0.92435 0.77709 0.37018 0.49809 0.48491 0.15424 0.79861 8
-0.75940 1.48167 -0.68794 1.54887 1.38169 0.84834 2.19878 2.31179 2.51707 1.69658 8
-0.75940 -0.67475 1.45328 0.46637 0.17250 0.13110 0.00256 0.08845 -0.18331 0.13411 8
1.31652 -0.67475 -0.68794 0.88272 0.82748 0.37018 0.81620 0.79127 0.99810 0.69086 8
1.31652 -0.67475 -0.68794 1.21579 1.18016 1.44604 1.85925 1.17647 1.06196 3.00403 8
1.31652 -0.67475 -0.68794 2.04848 1.98629 0.84834 2.49141 1.98742 3.15111 0.83453 8
1.31652 -0.67475 -0.68794 0.54964 0.37403 0.01156 0.20852 -0.01517 0.48722 0.29575 8
1.31652 -0.67475 -0.68794 0.79945 1.02901 0.84834 1.60333 0.68089 0.10406 3.13334 8
1.31652 -0.67475 -0.68794 0.71618 0.77709 0.84834 0.84781 0.83182 1.06196 0.76269 8
-0.75940 1.48167 -0.68794 1.29906 1.07939 0.84834 1.61047 0.68990 2.08373 2.73823 8
1.31652 -0.67475 -0.68794 -0.19978 -0.28095 0.37018 -0.47563 -0.65717 -0.17875 -0.27895 8
-0.75940 1.48167 -0.68794 0.71618 0.87786 1.08742 0.57048 0.05015 1.21249 0.65494 8
1.31652 -0.67475 -0.68794 0.67454 0.92824 0.84834 0.54907 0.52771 0.46898 0.97821 8
-0.75940 -0.67475 1.45328 -0.74103 -0.78478 -0.34706 -0.86205 -0.85991 -0.68507 -1.02606 8
1.31652 -0.67475 -0.68794 0.09166 0.12212 0.25064 -0.26355 -0.45894 -0.25173 0.00840 8
-0.75940 1.48167 -0.68794 -0.19978 -0.23057 -0.58614 -0.30637 -0.29224 -0.38858 -0.31487 8
1.31652 -0.67475 -0.68794 -1.07410 -1.13746 -0.58614 -1.04558 -1.07616 -1.10473 -0.92190 8
1.31652 -0.67475 -0.68794 0.42474 0.42441 0.60926 0.18915 -0.14357 0.40512 0.12334 8
-0.75940 1.48167 -0.68794 -0.03324 0.02135 -0.58614 -0.04434 -0.33279 -0.01454 -0.02752 8
1.31652 -0.67475 -0.68794 -0.15815 -0.02903 0.01156 0.09433 -0.41839 -0.06015 0.33167 8
1.31652 -0.67475 -0.68794 0.54964 0.52518 -0.22752 0.55723 0.43085 0.22722 0.65494 8
-0.75940 1.48167 -0.68794 1.25743 1.58322 1.32650 2.05706 1.82523 1.65039 2.25692 8
1.31652 -0.67475 -0.68794 1.67377 0.97863 1.08742 2.34356 3.00335 2.23426 1.52058 8
-0.75940 1.48167 -0.68794 1.71540 1.68399 1.08742 2.14270 2.57535 1.81916 1.75046 8
1.31652 -0.67475 -0.68794 0.88272 0.87786 0.48972 0.53887 0.62007 0.36862 0.54718 8
-0.75940 1.48167 -0.68794 1.75704 1.58322 1.56558 2.64842 2.65645 2.54900 2.34312 8
-0.75940 1.48167 -0.68794 0.71618 0.77709 0.25064 0.83966 1.09537 1.01179 0.50049 8
1.31652 -0.67475 -0.68794 0.92435 0.92824 0.72880 1.23526 1.13367 1.17144 1.28711 8
1.31652 -0.67475 -0.68794 1.00762 0.92824 0.84834 0.93244 0.92417 0.97986 1.05723 8
1.31652 -0.67475 -0.68794 1.21579 0.97863 0.48972 0.87636 1.19900 1.18968 0.49690 8
-0.75940 1.48167 -0.68794 1.38233 1.43207 1.44604 1.50953 1.47607 1.70513 1.58883 8
-0.75940 1.48167 -0.68794 1.79867 1.58322 1.56558 2.63109 2.73078 3.08269 1.74687 8
1.31652 -0.67475 -0.68794 0.79945 0.77709 0.37018 0.40938 0.29569 0.46441 0.69086 8
1.31652 -0.67475 -0.68794 0.92435 0.92824 0.60926 0.90593 1.32514 0.29564 0.90637 9
-0.75940 1.48167 -0.68794 1.00762 1.02901 0.96788 1.61251 1.90182 1.29004 1.64271 9
1.31652 -0.67475 -0.68794 1.29906 1.33131 1.20696 1.61965 1.60897 1.58197 1.67144 9
1.31652 -0.67475 -0.68794 -0.15815 -0.12980 -0.10798 -0.48378 -0.32153 -0.44788 -0.38671 9
1.31652 -0.67475 -0.68794 0.67454 0.37403 0.01156 0.31252 0.31596 0.25459 0.40351 9
-0.75940 1.48167 -0.68794 1.63214 1.68399 1.80466 2.59235 2.23971 2.75426 2.60892 9
1.31652 -0.67475 -0.68794 0.34147 0.17250 -0.94476 -0.23296 -0.24269 -0.13314 -0.42263 9
1.31652 -0.67475 -0.68794 -0.44959 -0.38171 -0.10798 -0.57453 -0.61888 -0.43875 -0.49447 9
-0.75940 1.48167 -0.68794 0.50801 0.47480 0.60926 0.34515 -0.06473 0.62863 0.54718 9
1.31652 -0.67475 -0.68794 0.38310 0.42441 0.48972 0.06680 0.05917 0.33669 0.11616 9
-0.75940 1.48167 -0.68794 0.88272 0.97863 0.60926 0.48178 0.45112 0.32301 0.54718 9
-0.75940 1.48167 -0.68794 0.54964 0.47480 0.60926 0.67754 0.09295 0.59213 0.29575 9
1.31652 -0.67475 -0.68794 -0.61612 -0.48248 0.48972 -0.53374 -0.83513 -0.51174 -0.09936 9
1.31652 -0.67475 -0.68794 1.42396 1.18016 0.84834 1.86231 1.51662 1.90127 1.91210 9
1.31652 -0.67475 -0.68794 2.00685 1.78475 0.96788 3.20003 3.46289 3.02339 2.11684 9
1.31652 -0.67475 -0.68794 0.88272 0.97863 0.84834 0.79989 0.88137 0.65143 0.72678 9
1.31652 -0.67475 -0.68794 1.04925 1.02901 0.84834 1.25871 1.30262 0.82021 1.51699 9
-0.75940 1.48167 -0.68794 1.00762 0.77709 0.25064 0.65715 1.05483 0.46441 0.38914 9
1.31652 -0.67475 -0.68794 1.04925 1.02901 0.84834 0.99463 1.23954 0.72898 0.89919 9
-0.75940 1.48167 -0.68794 0.34147 0.42441 1.08742 0.20343 -0.25846 -0.00085 0.18799 9
-0.75940 1.48167 -0.68794 -0.36632 -0.28095 -0.10798 -0.65610 -0.75629 -0.40226 -0.60222 9
-0.75940 -0.67475 1.45328 -0.61612 -0.48248 -0.34706 -0.77233 -0.75854 -0.85841 -0.67406 9
-0.75940 1.48167 -0.68794 -0.28305 -0.18018 -0.10798 -0.48684 -0.65041 -0.50718 -0.39030 9
1.31652 -0.67475 -0.68794 -0.57449 -0.63363 -0.34706 -0.79272 -0.85765 -0.67595 -0.74590 9
1.31652 -0.67475 -0.68794 1.75704 1.48246 1.92420 3.06748 3.96522 1.67776 2.73464 9
-0.75940 1.48167 -0.68794 0.59127 0.42441 0.60926 0.51440 0.58853 0.65599 0.28857 9
-0.75940 1.48167 -0.68794 1.50723 1.48246 1.32650 1.88372 1.58194 2.19777 1.99112 9
1.31652 -0.67475 -0.68794 0.88272 0.82748 0.48972 0.53276 0.21460 0.39599 0.82735 9
1.31652 -0.67475 -0.68794 1.79867 1.73437 1.56558 3.16536 2.05499 2.63566 1.78997 9
-0.75940 1.48167 -0.68794 0.71618 0.82748 0.72880 0.62860 0.45563 0.92968 0.75551 9
-0.75940 1.48167 -0.68794 0.00839 0.02135 0.25064 -0.24622 -0.38460 -0.26998 0.08024 9
-0.75940 1.48167 -0.68794 0.00839 0.22288 -0.34706 -0.03210 -0.12555 -0.13314 -0.44059 9
-0.75940 -0.67475 1.45328 -0.19978 -0.28095 0.37018 -0.32880 -0.38235 -0.22437 -0.42263 9
-0.75940 1.48167 -0.68794 1.50723 1.43207 1.44604 1.79604 1.23278 2.10654 1.80434 9
1.31652 -0.67475 -0.68794 0.84108 0.57556 0.01156 0.74687 0.55474 0.22266 1.15780 9
-0.75940 1.48167 -0.68794 0.05003 0.27326 0.72880 -0.02700 -0.27422 -0.23349 0.25983 9
1.31652 -0.67475 -0.68794 0.25820 0.37403 -0.10798 0.01480 -0.10528 -0.16507 0.25983 9
1.31652 -0.67475 -0.68794 0.54964 0.62595 0.96788 0.60107 0.27542 0.91144 0.87045 9
1.31652 -0.67475 -0.68794 0.88272 1.07939 0.37018 0.87738 0.23037 0.14967 1.22964 9
-0.75940 1.48167 -0.68794 0.13330 0.27326 0.84834 0.12900 -0.16835 -0.06015 0.69086 9
1.31652 -0.67475 -0.68794 0.79945 0.67633 1.08742 1.01197 1.10438 1.31741 0.65494 9
1.31652 -0.67475 -0.68794 1.25743 1.18016 1.08742 1.54624 1.50535 1.41776 1.12188 9
1.31652 -0.67475 -0.68794 1.34069 1.12978 0.25064 1.04867 0.46914 1.01635 1.15780 9
-0.75940 1.48167 -0.68794 -0.28305 -0.18018 -0.10798 -0.51029 -0.50850 -0.52542 -0.27895 9
-0.75940 1.48167 -0.68794 0.50801 0.57556 0.01156 0.16162 0.09746 -0.17419 0.54718 9
-0.75940 1.48167 -0.68794 0.63291 0.97863 1.20696 0.61229 0.35651 0.68793 0.87045 9
-0.75940 -0.67475 1.45328 -0.53285 -0.53286 0.01156 -0.68362 -0.64591 -0.43419 -0.88957 9
1.31652 -0.67475 -0.68794 -0.90756 -0.63363 -0.10798 -0.90182 -1.04237 -1.00893 -0.65251 9
-0.75940 -0.67475 1.45328 0.79945 0.77709 0.96788 0.71323 0.48716 0.77459 1.08596 9
1.31652 -0.67475 -0.68794 0.21656 0.17250 0.37018 0.18099 -0.36883 0.56933 0.69086 9
1.31652 -0.67475 -0.68794 0.25820 0.47480 0.48972 0.46648 0.14927 0.43248 0.38914 9
1.31652 -0.67475 -0.68794 -0.15815 -0.28095 -0.22752 -0.35226 -0.59635 -0.01910 -0.13528 9
1.31652 -0.67475 -0.68794 0.38310 0.32365 0.37018 0.58578 0.53222 0.46441 0.22391 9
1.31652 -0.67475 -0.68794 1.25743 1.38169 1.08742 1.85314 2.32756 1.21249 1.65348 9
1.31652 -0.67475 -0.68794 1.67377 1.68399 2.40236 2.81666 4.46756 2.12022 1.88695 9
1.31652 -0.67475 -0.68794 0.79945 1.07939 0.84834 0.79989 0.79127 0.55108 1.12188 9
-0.75940 -0.67475 1.45328 0.92435 0.92824 0.60926 1.34640 1.60222 1.49530 0.88123 9
-0.75940 1.48167 -0.68794 1.00762 0.92824 0.72880 0.72546 0.54573 0.85214 0.83453 9
-0.75940 -0.67475 1.45328 -0.78266 -0.83516 -0.70568 -0.94056 -1.00858 -0.79455 -0.85365 9
-0.75940 1.48167 -0.68794 1.21579 1.12978 0.25064 1.17714 0.71919 1.52723 0.94229 9
-0.75940 1.48167 -0.68794 -0.74103 -0.58325 -0.70568 -0.90692 -0.97479 -0.73069 -0.81773 9
1.31652 -0.67475 -0.68794 -0.07488 0.12212 0.01156 -0.12183 -0.49048 -0.24261 0.36759 9
1.31652 -0.67475 -0.68794 -0.49122 -0.53286 -0.34706 -0.61837 -0.70673 -0.41595 -0.67406 9
-0.75940 1.48167 -0.68794 -0.19978 -0.23057 -0.22752 -0.12387 -0.43641 -0.78086 0.22391 9
-0.75940 1.48167 -0.68794 -0.28305 -0.07942 0.13110 -0.33696 -0.67294 -0.46612 0.09101 9
-0.75940 1.48167 -0.68794 1.25743 1.43207 0.84834 1.75424 1.50761 1.73706 1.68940 9
1.31652 -0.67475 -0.68794 0.21656 0.12212 0.72880 0.03621 -0.10528 0.54652 0.04432 9
1.31652 -0.67475 -0.68794 0.00839 -0.02903 0.48972 -0.07492 -0.19538 -0.32016 0.29575 9
1.31652 -0.67475 -0.68794 1.04925 1.07939 0.96788 1.02522 0.93319 1.51811 1.19372 9
-0.75940 1.48167 -0.68794 0.25820 0.12212 0.01156 0.08005 -0.13231 0.56933 -0.20711 9
-0.75940 1.48167 -0.68794 -0.61612 -0.58325 -0.10798 -0.54802 -0.57833 -0.39770 -0.67406 9
1.31652 -0.67475 -0.68794 0.21656 0.27326 0.48972 0.15754 -0.07824 0.35038 0.40351 9
-0.75940 1.48167 -0.68794 0.84108 0.67633 -0.22752 0.06272 -0.17961 -0.02822 0.00840 9
-0.75940 1.48167 -0.68794 0.79945 0.77709 0.60926 0.68774 0.55700 0.52371 0.83453 9
-0.75940 -0.67475 1.45328 -0.69939 -0.68401 -0.34706 -0.69178 -0.83738 -0.84928 -0.27895 9
-0.75940 1.48167 -0.68794 -0.40795 -0.58325 -0.58614 -0.69688 -0.74502 -0.32016 -0.81773 9
1.31652 -0.67475 -0.68794 -0.07488 -0.07942 -0.34706 0.25746 -0.08275 0.66512 0.15207 9
1.31652 -0.67475 -0.68794 1.79867 1.28092 1.08742 1.67471 1.68782 2.46233 0.69086 9
1.31652 -0.67475 -0.68794 0.17493 0.12212 -0.34706 0.29723 -0.02869 -0.06015 0.47534 9
1.31652 -0.67475 -0.68794 0.79945 0.72671 0.48972 0.50523 0.23712 0.66056 0.43943 9
-0.75940 1.48167 -0.68794 1.09089 1.12978 0.84834 1.31173 1.20801 0.81565 1.51699 9
-0.75940 -0.67475 1.45328 -0.36632 -0.18018 0.25064 -0.41037 -0.37559 -0.42507 -0.38671 9
-0.75940 1.48167 -0.68794 -0.49122 -0.18018 -0.70568 -0.39406 -0.80134 -0.21524 -0.09936 9
-0.75940 1.48167 -0.68794 0.84108 0.87786 0.48972 0.82640 1.23504 0.10406 0.79861 9
-0.75940 1.48167 -0.68794 0.75781 0.67633 0.72880 0.55825 0.49618 0.50091 0.76269 9
1.31652 -0.67475 -0.68794 1.42396 1.43207 1.80466 2.29972 1.59095 3.28795 2.52272 9
1.31652 -0.67475 -0.68794 -0.03324 0.42441 0.25064 0.13511 0.00961 0.04932 -0.02752 9
1.31652 -0.67475 -0.68794 -0.07488 -0.28095 0.84834 0.26052 -0.15483 -0.20612 0.51126 9
1.31652 -0.67475 -0.68794 0.21656 0.02135 -0.34706 -0.13916 -0.49048 -0.15594 -0.31487 9
-0.75940 1.48167 -0.68794 0.92435 1.28092 1.20696 0.84271 0.97599 0.61038 1.08596 9
-0.75940 1.48167 -0.68794 0.79945 1.02901 1.56558 1.05785 0.53222 0.69249 1.73250 9
-0.75940 1.48167 -0.68794 1.00762 1.43207 0.84834 0.94365 0.94895 1.13039 0.65494 9
1.31652 -0.67475 -0.68794 -0.61612 -0.73439 0.01156 -0.74684 -0.88018 -0.95420 -0.63814 9
-0.75940 -0.67475 1.45328 -0.69939 -0.63363 -0.46660 -0.69688 -0.73376 -0.66226 -0.56630 9
-0.75940 1.48167 -0.68794 1.88194 2.03667 2.28282 3.42536 3.93143 3.08725 2.68076 9
-0.75940 1.48167 -0.68794 0.84108 1.07939 0.96788 1.05989 0.74847 0.65143 1.10392 9
1.31652 -0.67475 -0.68794 0.29983 0.12212 1.32650 -0.04128 -0.25620 -0.00998 0.33167 9
-0.75940 1.48167 -0.68794 0.59127 0.62595 2.64144 0.92632 0.46239 0.61038 1.48107 9
-0.75940 1.48167 -0.68794 -0.03324 0.02135 0.72880 0.08515 0.06367 0.35038 0.08024 9
-0.75940 1.48167 -0.68794 0.46637 0.67633 -0.10798 0.19629 0.14251 -0.14226 0.25983 9
-0.75940 1.48167 -0.68794 -0.32468 -0.43210 0.01156 -0.42669 -0.44993 -0.32928 -0.44418 10
-0.75940 -0.67475 1.45328 0.84108 0.57556 0.37018 0.29213 0.20108 0.03564 0.79861 10
-0.75940 -0.67475 1.45328 -0.19978 -0.23057 0.37018 -0.13610 0.09070 -0.17875 -0.35079 10
-0.75940 1.48167 -0.68794 0.21656 0.27326 0.72880 0.11268 -0.32378 -0.14682 0.29575 10
1.31652 -0.67475 -0.68794 1.00762 1.07939 0.84834 1.59620 1.41975 1.85566 1.05005 10
-0.75940 1.48167 -0.68794 0.13330 0.07173 0.84834 0.14021 -0.38010 0.55108 0.25983 10
-0.75940 1.48167 -0.68794 1.42396 1.23054 1.44604 2.48529 1.75990 2.17952 2.66280 10
1.31652 -0.67475 -0.68794 1.71540 1.78475 2.04374 2.85846 3.96522 2.20233 2.32876 10
-0.75940 1.48167 -0.68794 0.38310 0.87786 0.48972 0.53582 0.41733 0.86126 0.54718 10
1.31652 -0.67475 -0.68794 1.04925 1.18016 1.20696 1.36781 1.20350 2.00618 1.12188 10
1.31652 -0.67475 -0.68794 -0.78266 -0.78478 -1.06430 -0.99664 -1.02660 -0.87209 -0.91112 10
-0.75940 1.48167 -0.68794 1.25743 1.28092 1.92420 1.58090 1.16295 2.23426 1.53854 10
-0.75940 1.48167 -0.68794 0.21656 0.57556 0.25064 0.51644 -0.00841 0.12231 -0.35079 10
1.31652 -0.67475 -0.68794 0.21656 0.27326 0.13110 0.02907 -0.14132 0.09950 0.11616 10
1.31652 -0.67475 -0.68794 0.29983 0.42441 0.48972 0.19017 0.32723 -0.02366 0.15207 10
1.31652 -0.67475 -0.68794 0.88272 0.97863 2.04374 1.41981 0.90390 1.39495 1.51699 10
-0.75940 1.48167 -0.68794 0.09166 0.07173 1.08742 0.02602 -0.20439 -0.20156 0.43943 10
1.31652 -0.67475 -0.68794 0.71618 0.67633 0.60926 0.58578 0.30921 0.36406 0.54718 10
1.31652 -0.67475 -0.68794 0.34147 0.57556 0.84834 0.33903 0.13575 0.02195 0.94229 10
1.31652 -0.67475 -0.68794 0.54964 0.92824 0.60926 0.56232 0.43761 0.56477 0.72678 10
-0.75940 1.48167 -0.68794 0.79945 0.62595 0.01156 0.41550 0.00510 0.39599 0.87045 10
-0.75940 1.48167 -0.68794 0.84108 0.92824 0.25064 0.25339 -0.06698 0.39143 0.47534 10
1.31652 -0.67475 -0.68794 0.34147 0.32365 1.08742 0.16366 -0.06923 0.47354 0.11616 10
-0.75940 1.48167 -0.68794 -0.03324 -0.07942 -0.46660 -0.36143 -0.44317 0.19073 -0.53038 10
-0.75940 1.48167 -0.68794 0.67454 0.87786 1.20696 1.24036 0.49392 0.77459 1.22964 10
1.31652 -0.67475 -0.68794 -0.49122 -0.58325 0.01156 -0.51641 -0.71123 -0.27454 -0.35079 10
-0.75940 1.48167 -0.68794 -0.36632 -0.07942 -0.34706 -0.14222 -0.66168 -0.01454 0.00840 10
-0.75940 1.48167 -0.68794 0.59127 0.72671 1.44604 0.29825 -0.00616 0.20897 0.72678 10
1.31652 -0.67475 -0.68794 0.92435 1.02901 1.68512 1.56867 1.32514 0.93880 2.45088 10
-0.75940 1.48167 -0.68794 -0.15815 -0.12980 0.13110 -0.36143 -0.40488 -0.25173 -0.24303 10
-0.75940 1.48167 -0.68794 0.00839 0.17250 0.13110 -0.05963 -0.11203 0.25915 0.00840 10
-0.75940 -0.67475 1.45328 -0.36632 -0.18018 0.13110 -0.50214 -0.57608 -0.54367 0.11616 10
1.31652 -0.67475 -0.68794 0.54964 0.52518 0.37018 0.15754 -0.14582 -0.29279 0.69086 10
-0.75940 1.48167 -0.68794 0.63291 0.62595 1.44604 0.41244 0.14702 0.20897 0.36759 10
-0.75940 -0.67475 1.45328 -0.03324 0.07173 0.48972 -0.47665 -0.67069 -0.35209 0.15207 10
-0.75940 1.48167 -0.68794 -0.03324 -0.07942 -0.22752 -0.41649 -0.65041 0.23634 -0.49447 10
1.31652 -0.67475 -0.68794 1.13252 1.28092 1.44604 1.96223 1.68331 1.25354 2.16353 10
-0.75940 1.48167 -0.68794 1.54887 1.68399 0.84834 1.48098 1.29361 1.73250 2.01985 10
-0.75940 1.48167 -0.68794 1.00762 0.92824 2.04374 1.62577 1.02554 2.05180 1.22964 10
-0.75940 1.48167 -0.68794 0.71618 0.82748 0.72880 0.71119 0.92868 0.52827 0.40351 10
1.31652 -0.67475 -0.68794 0.54964 0.92824 1.44604 0.73056 0.23712 0.82021 0.94229 10
1.31652 -0.67475 -0.68794 0.54964 0.42441 1.08742 0.92632 0.51194 0.87038 1.33740 10
1.31652 -0.67475 -0.68794 1.67377 1.58322 1.80466 2.16615 1.52337 2.66303 2.45088 10
-0.75940 1.48167 -0.68794 1.25743 1.28092 0.48972 1.18530 1.04807 1.24898 1.30148 10
1.31652 -0.67475 -0.68794 1.13252 1.38169 1.08742 1.00177 0.77100 0.75635 1.55291 10
-0.75940 1.48167 -0.68794 1.63214 1.88552 2.04374 2.32521 2.00544 2.21145 3.02558 10
-0.75940 -0.67475 1.45328 0.92435 0.92824 0.96788 0.99973 0.85209 1.01635 1.80434 10
1.31652 -0.67475 -0.68794 1.63214 1.68399 2.16328 2.93799 2.36135 1.98794 3.06150 10
1.31652 -0.67475 -0.68794 0.88272 1.02901 1.20696 1.36577 0.23938 1.15775 2.19945 10
1.31652 -0.67475 -0.68794 0.67454 0.77709 0.84834 0.64491 0.32948 0.81565 1.19372 10
1.31652 -0.67475 -0.68794 -0.69939 -0.58325 0.01156 -0.77029 -0.84864 -1.00437 -0.39389 10
-0.75940 1.48167 -0.68794 1.34069 1.18016 0.84834 1.79706 0.82055 1.17144 2.45088 10
1.31652 -0.67475 -0.68794 0.42474 0.42441 0.48972 0.25746 0.36327 -0.11033 0.22391 10
1.31652 -0.67475 -0.68794 1.09089 1.07939 1.44604 1.10985 0.37679 1.43144 1.80434 10
-0.75940 1.48167 -0.68794 1.04925 1.07939 1.80466 1.36475 0.92192 1.29916 1.33740 10
1.31652 -0.67475 -0.68794 0.34147 0.17250 0.48972 0.23197 -0.04446 0.34582 0.25983 10
-0.75940 1.48167 -0.68794 0.84108 0.77709 1.20696 0.70507 0.35651 0.45529 1.30148 10
-0.75940 1.48167 -0.68794 0.88272 0.72671 0.84834 1.09863 0.64034 1.12126 1.98394 10
-0.75940 -0.67475 1.45328 0.09166 0.12212 0.13110 0.19833 0.17405 0.14511 0.08024 10
-0.75940 1.48167 -0.68794 -0.19978 -0.23057 -0.82522 -0.67445 -0.81035 -0.64858 -0.49447 10
-0.75940 1.48167 -0.68794 0.05003 0.12212 -0.22752 0.35127 -0.08726 0.41424 0.18799 10
-0.75940 1.48167 -0.68794 0.05003 0.17250 0.72880 0.24523 -0.04896 0.53740 0.28138 10
1.31652 -0.67475 -0.68794 1.71540 1.88552 2.16328 4.07178 3.54623 2.17496 4.72814 10
-0.75940 1.48167 -0.68794 0.46637 0.47480 0.48972 0.18915 -0.21340 0.14055 0.43943 10
1.31652 -0.67475 -0.68794 0.42474 0.27326 0.25064 -0.04841 -0.29900 -0.16507 0.22391 10
1.31652 -0.67475 -0.68794 0.96598 1.12978 1.44604 1.17918 0.93093 1.12582 1.55291 10
-0.75940 1.48167 -0.68794 0.05003 0.22288 0.72880 -0.10959 -0.04220 -0.26086 -0.02752 10
-0.75940 -0.67475 1.45328 0.13330 0.27326 0.13110 0.28805 0.31146 0.35950 0.18081 10
-0.75940 1.48167 -0.68794 0.38310 0.42441 0.84834 0.25848 0.09295 -0.12857 0.40351 10
-0.75940 -0.67475 1.45328 -0.32468 -0.28095 0.01156 -0.31759 -0.63915 -0.46156 -0.31487 10
-0.75940 -0.67475 1.45328 0.46637 0.82748 1.32650 0.99463 0.77100 0.66968 1.22964 10
-0.75940 1.48167 -0.68794 0.34147 0.72671 0.84834 0.26154 0.13125 0.31389 0.25983 10
1.31652 -0.67475 -0.68794 -0.82430 -0.93593 -0.34706 -0.97115 -1.10770 -1.13209 -0.78182 10
1.31652 -0.67475 -0.68794 1.00762 0.77709 0.37018 1.34640 1.04582 1.19881 1.01413 10
-0.75940 1.48167 -0.68794 0.96598 1.33131 0.84834 1.51361 1.20575 0.82477 1.69658 10
1.31652 -0.67475 -0.68794 -0.03324 0.27326 1.32650 0.29417 -0.27422 0.30020 0.83453 10
1.31652 -0.67475 -0.68794 0.17493 0.02135 0.13110 0.09025 -0.25170 0.14055 0.51126 10
1.31652 -0.67475 -0.68794 0.67454 0.67633 0.48972 1.60537 0.85660 1.38127 0.72678 10
1.31652 -0.67475 -0.68794 1.46560 1.28092 0.48972 1.82867 1.21927 0.75635 2.16353 10
1.31652 -0.67475 -0.68794 0.29983 0.42441 1.08742 0.49197 0.09521 -0.05103 1.22964 10
-0.75940 1.48167 -0.68794 0.67454 0.77709 0.60926 0.37064 0.34074 0.25915 0.43943 10
-0.75940 1.48167 -0.68794 0.54964 0.42441 0.48972 0.14531 -0.00616 -0.22437 0.54718 10
1.31652 -0.67475 -0.68794 -0.19978 -0.28095 0.37018 -0.34410 -0.42290 -0.40226 -0.17120 10
-0.75940 1.48167 -0.68794 1.50723 1.48246 1.44604 1.30459 0.50519 1.30372 2.01985 10
1.31652 -0.67475 -0.68794 0.13330 -0.02903 0.37018 0.29111 -0.16610 0.12231 0.36759 10
1.31652 -0.67475 -0.68794 0.17493 0.27326 0.60926 0.34005 -0.15709 0.78372 0.61902 10
-0.75940 -0.67475 1.45328 -0.03324 -0.18018 0.01156 -0.19626 -0.53102 -0.33384 0.15207 10
-0.75940 1.48167 -0.68794 1.04925 1.18016 0.84834 1.21079 1.12916 1.08477 1.48107 10
-0.75940 -0.67475 1.45328 0.05003 0.12212 1.08742 -0.15649 -0.27197 -0.22437 -0.24303 10
1.31652 -0.67475 -0.68794 0.05003 0.07173 -0.22752 0.02805 -0.38010 0.12687 0.18799 10
1.31652 -0.67475 -0.68794 1.04925 1.07939 0.84834 1.32906 0.76649 0.83389 2.05577 10
-0.75940 1.48167 -0.68794 0.38310 0.42441 0.72880 0.54907 0.24613 0.05844 1.19372 10
-0.75940 1.48167 -0.68794 0.50801 0.62595 0.72880 0.55111 0.17180 0.47354 0.85608 10
1.31652 -0.67475 -0.68794 0.21656 0.17250 0.48972 0.28805 -0.31928 -0.37945 1.73250 10
1.31652 -0.67475 -0.68794 1.75704 1.83514 2.04374 1.89086 1.25081 1.45881 2.45088 10
1.31652 -0.67475 -0.68794 0.17493 0.12212 0.01156 -0.15955 -0.50399 -0.46156 0.11616 10
-0.75940 1.48167 -0.68794 -0.28305 -0.23057 0.25064 -0.08614 -0.53328 -0.37033 0.00840 10
-0.75940 1.48167 -0.68794 0.21656 0.07173 -0.10798 -0.10959 -0.25846 -0.01454 0.15207 10
-0.75940 1.48167 -0.68794 1.00762 0.82748 1.80466 1.17714 0.30245 0.43705 1.94802 10
-0.75940 1.48167 -0.68794 1.46560 1.78475 1.08742 1.99588 1.55942 1.28548 1.69658 10
