-0.75940 -0.67475 1.45328 -3.28073 -3.10239 -2.61831 -1.66346 -1.59877 -1.62017 -1.68697 1
-0.75940 -0.67475 1.45328 -2.98929 -2.90086 -2.61831 -1.64613 -1.58751 -1.60192 -1.67979 1
1.31652 -0.67475 -0.68794 -2.61458 -2.59857 -2.14016 -1.61146 -1.54921 -1.56999 -1.64387 1
-0.75940 -0.67475 1.45328 -3.19746 -3.05201 -2.49877 -1.66142 -1.59426 -1.62473 -1.68697 1
1.31652 -0.67475 -0.68794 -2.86438 -2.85048 -2.14016 -1.64307 -1.58075 -1.59736 -1.64387 1
-0.75940 -0.67475 1.45328 -2.61458 -2.59857 -2.14016 -1.60432 -1.54020 -1.53350 -1.60795 1
-0.75940 -0.67475 1.45328 -2.03169 -1.99397 -1.30338 -1.47279 -1.44334 -1.37841 -1.50019 1
-0.75940 -0.67475 1.45328 -2.69785 -2.64895 -1.90108 -1.61452 -1.56273 -1.56087 -1.63668 1
-0.75940 -0.67475 1.45328 -2.98929 -3.00163 -2.85739 -1.65122 -1.58976 -1.62473 -1.67979 1
-0.75940 -0.67475 1.45328 -2.03169 -2.90086 -1.54246 -1.45138 -1.41405 -1.38297 -1.46787 1
-0.75940 -0.67475 1.45328 -2.61458 -2.59857 -2.02062 -1.59719 -1.52894 -1.58824 -1.62232 1
-0.75940 -0.67475 1.45328 -2.94765 -3.05201 -2.49877 -1.62064 -1.56498 -1.56999 -1.67979 1
-0.75940 -0.67475 1.45328 -3.03092 -2.90086 -2.85739 -1.65326 -1.58525 -1.60648 -1.67979 1
-0.75940 -0.67475 1.45328 -2.11496 -2.04435 -1.54246 -1.44934 -1.35323 -1.36473 -1.49660 1
-0.75940 -0.67475 1.45328 -2.36477 -2.34665 -2.25970 -1.54723 -1.47713 -1.43315 -1.57203 1
-0.75940 -0.67475 1.45328 -2.65621 -2.59857 -2.02062 -1.60432 -1.50416 -1.51069 -1.62950 1
-0.75940 -0.67475 1.45328 -2.11496 -2.14512 -1.90108 -1.54111 -1.49064 -1.43315 -1.50019 1
-0.75940 -0.67475 1.45328 -2.40640 -2.49780 -2.37924 -1.59209 -1.53570 -1.48333 -1.60795 1
-0.75940 -0.67475 1.45328 -1.74025 -1.99397 -1.90108 -1.43507 -1.34873 -1.30543 -1.46427 1
-0.75940 -0.67475 1.45328 -2.11496 -2.09474 -1.66200 -1.48605 -1.46586 -1.42403 -1.46427 1
-0.75940 -0.67475 1.45328 -2.53131 -2.44742 -2.02062 -1.57883 -1.52218 -1.53806 -1.57203 1
-0.75940 1.48167 -0.68794 -1.36554 -1.38937 -1.18384 -1.30558 -1.23835 -1.29631 -1.32060 1
1.31652 -0.67475 -0.68794 -2.23987 -2.29627 -1.78154 -1.52887 -1.46586 -1.51982 -1.53611 1
1.31652 -0.67475 -0.68794 -2.03169 -2.04435 -0.94476 -1.45240 -1.37351 -1.38753 -1.50019 1
-0.75940 -0.67475 1.45328 -2.57294 -2.54818 -1.90108 -1.58291 -1.52443 -1.49701 -1.60795 1
-0.75940 -0.67475 1.45328 -1.90679 -1.79244 -1.42292 -1.35860 -1.32620 -1.19139 -1.43913 1
-0.75940 -0.67475 1.45328 -1.69862 -1.69167 -1.18384 -1.36880 -1.30367 -1.40578 -1.41040 1
-0.75940 -0.67475 1.45328 -1.82352 -1.94359 -1.78154 -1.47076 -1.42081 -1.46052 -1.44272 1
-0.75940 -0.67475 1.45328 -1.61535 -2.04435 -1.06430 -1.36472 -1.27214 -1.35560 -1.40321 1
-0.75940 -0.67475 1.45328 -1.49045 -1.54052 -1.30338 -1.28111 -1.14599 -1.30999 -1.35652 1
-0.75940 -0.67475 1.45328 -1.24064 -1.18784 -1.06430 -1.25562 -1.18654 -1.27350 -1.27750 1
-0.75940 1.48167 -0.68794 -1.28227 -1.33899 -1.30338 -1.19954 -1.15050 -1.15946 -1.21284 1
-0.75940 1.48167 -0.68794 -1.94843 -1.84282 -1.54246 -1.40448 -1.38702 -1.43315 -1.42836 1
1.31652 -0.67475 -0.68794 -3.07256 -2.95125 -2.73785 -1.64103 -1.57850 -1.60192 -1.66183 1
-0.75940 -0.67475 1.45328 -2.07333 -2.09474 -1.78154 -1.50236 -1.44559 -1.43315 -1.52174 1
-0.75940 -0.67475 1.45328 -2.28150 -2.29627 -1.90108 -1.54111 -1.49290 -1.49245 -1.55407 1
-0.75940 -0.67475 1.45328 -2.03169 -1.89320 -1.42292 -1.42181 -1.32170 -1.42859 -1.50019 1
-0.75940 -0.67475 1.45328 -1.86516 -1.89320 -1.78154 -1.43813 -1.35323 -1.41034 -1.48942 1
-0.75940 -0.67475 1.45328 -1.28227 -1.33899 -0.94476 -1.11593 -0.94100 -1.18683 -1.22721 1
-0.75940 -0.67475 1.45328 -2.69785 -2.64895 -2.73785 -1.61962 -1.56948 -1.57912 -1.64387 1
-0.75940 -0.67475 1.45328 -1.65698 -1.64129 -1.54246 -1.38511 -1.34647 -1.34648 -1.39244 1
-0.75940 -0.67475 1.45328 -1.86516 -1.79244 -1.54246 -1.38409 -1.34647 -1.26438 -1.39244 1
1.31652 -0.67475 -0.68794 -2.03169 -1.99397 -1.78154 -1.50542 -1.46136 -1.46508 -1.50019 1
-0.75940 -0.67475 1.45328 -1.90679 -1.89320 -1.30338 -1.42793 -1.35549 -1.40122 -1.45350 1
-0.75940 -0.67475 1.45328 -2.40640 -2.80010 -1.54246 -1.36676 -1.31043 -1.30999 -1.38166 1
-0.75940 -0.67475 1.45328 -1.74025 -1.74205 -1.42292 -1.32291 -1.25862 -1.23701 -1.37807 1
-0.75940 -0.67475 1.45328 -2.32314 -2.34665 -2.02062 -1.52989 -1.43883 -1.48333 -1.57203 1
-0.75940 -0.67475 1.45328 -1.65698 -1.64129 -1.66200 -1.36166 -1.27890 -1.41490 -1.39244 1
-0.75940 -0.67475 1.45328 -2.19823 -2.09474 -1.66200 -1.50236 -1.45235 -1.46508 -1.50019 1
-0.75940 -0.67475 1.45328 -2.36477 -2.24588 -1.66200 -1.54417 -1.50191 -1.48333 -1.53611 1
-0.75940 -0.67475 1.45328 -2.23987 -2.14512 -1.66200 -1.54009 -1.50416 -1.46508 -1.53611 1
1.31652 -0.67475 -0.68794 -1.61535 -1.94359 -1.54246 -1.45648 -1.41631 -1.40578 -1.46427 1
-0.75940 -0.67475 1.45328 -2.03169 -2.04435 -1.66200 -1.48299 -1.43433 -1.37385 -1.50019 1
-0.75940 -0.67475 1.45328 -2.15660 -2.14512 -1.90108 -1.50236 -1.46361 -1.41947 -1.53970 1
-0.75940 -0.67475 1.45328 -1.24064 -1.28861 -1.18384 -1.25154 -1.24060 -1.10016 -1.32060 1
-0.75940 -0.67475 1.45328 -1.15737 -1.43976 -1.42292 -1.17813 -1.06039 -1.30999 -1.21284 1
-0.75940 -0.67475 1.45328 -0.82430 -0.93593 -0.94476 -0.92119 -0.87793 -0.99069 -0.96141 1
-0.75940 -0.67475 1.45328 -1.69862 -1.84282 -1.30338 -1.40142 -1.31494 -1.37841 -1.42476 1
-0.75940 -0.67475 1.45328 -1.28227 -1.28861 -0.94476 -1.23931 -1.09418 -1.40578 -1.25954 1
-0.75940 -0.67475 1.45328 -0.61612 -0.78478 -0.94476 -0.85186 -0.74277 -0.73525 -1.01170 1
-0.75940 -0.67475 1.45328 -0.44959 -0.28095 -0.34706 -0.70198 -0.66843 -0.66683 -0.69561 1
-0.75940 -0.67475 1.45328 -2.82275 -0.33133 -0.46660 -0.74276 -0.73601 -0.69419 -0.63814 1
-0.75940 -0.67475 1.45328 -1.49045 -1.54052 -1.06430 -1.29334 -1.20231 -1.30999 -1.32060 1
-0.75940 -0.67475 1.45328 -0.99083 -1.23822 -1.18384 -1.15060 -1.04913 -1.18683 -1.17692 1
1.31652 -0.67475 -0.68794 -0.61612 -0.73439 -0.34706 -0.77743 -0.64365 -0.49805 -0.92549 1
-0.75940 -0.67475 1.45328 -0.44959 -0.58325 -0.34706 -0.81006 -0.76304 -0.58472 -0.87161 1
1.31652 -0.67475 -0.68794 -0.32468 -0.38171 -0.22752 -0.61735 -0.49949 -0.68963 -0.59863 1
-0.75940 -0.67475 1.45328 -0.74103 -0.83516 -0.70568 -0.94158 -0.90045 -0.91771 -0.96141 1
-0.75940 1.48167 -0.68794 -0.07488 -0.33133 -0.70568 -0.45320 -0.26521 -0.45244 -0.63814 1
-0.75940 -0.67475 1.45328 -0.57449 -0.73439 -0.82522 -0.82943 -0.58734 -0.85841 -0.99733 1
-0.75940 -0.67475 1.45328 -0.99083 -1.08708 -1.18384 -1.14142 -1.15500 -1.03630 -0.92549 1
-0.75940 -0.67475 1.45328 -1.99006 -1.94359 -1.90108 -1.49930 -1.47938 -1.43771 -1.50019 1
-0.75940 -0.67475 1.45328 -1.24064 -1.28861 -1.42292 -1.22911 -1.14599 -1.21876 -1.24876 1
-0.75940 -0.67475 1.45328 -1.99006 -1.94359 -1.66200 -1.47076 -1.38927 -1.44227 -1.52174 1
1.31652 -0.67475 -0.68794 -1.69862 -1.69167 -1.42292 -1.32291 -1.25862 -1.29631 -1.32060 1
-0.75940 -0.67475 1.45328 -1.19901 -1.28861 -1.30338 -1.13225 -1.10094 -1.09104 -1.10509 1
-0.75940 -0.67475 1.45328 -1.65698 -1.38937 -0.94476 -1.31272 -1.25862 -1.25069 -1.24876 1
-0.75940 -0.67475 1.45328 -1.53208 -1.49014 -1.18384 -1.32495 -1.27664 -1.16859 -1.32060 1
-0.75940 -0.67475 1.45328 -2.94765 -2.85048 -2.02062 -1.64205 -1.57850 -1.59736 -1.65824 1
-0.75940 -0.67475 1.45328 -1.78189 -1.69167 -0.82522 -1.10166 -1.08742 -1.05455 -1.11945 1
-0.75940 -0.67475 1.45328 -0.90756 -0.93593 -1.18384 -0.95076 -0.83062 -0.88578 -1.04762 1
-0.75940 -0.67475 1.45328 -0.82430 -0.98631 -0.82522 -0.94566 -0.90271 -0.89490 -0.96141 1
-0.75940 -0.67475 1.45328 -0.69939 -0.63363 -0.58614 -0.57861 -0.40713 -0.63490 -0.77822 1
1.31652 -0.67475 -0.68794 0.05003 0.02135 0.01156 -0.30128 -0.22467 -0.35665 -0.39748 1
-0.75940 -0.67475 1.45328 -1.61535 -1.69167 -1.54246 -1.35758 -1.28340 -1.34648 -1.37089 1
-0.75940 -0.67475 1.45328 -1.53208 -1.64129 -1.30338 -1.27907 -1.16626 -1.30087 -1.33497 1
-0.75940 -0.67475 1.45328 -1.49045 -1.54052 -1.06430 -1.31680 -1.28115 -1.29631 -1.28468 1
-0.75940 -0.67475 1.45328 -1.65698 -1.69167 -1.54246 -1.37899 -1.29466 -1.05911 -1.40680 1
-0.75940 -0.67475 1.45328 -1.65698 -1.59091 -1.54246 -1.36676 -1.28115 -1.36929 -1.38884 1
-0.75940 -0.67475 1.45328 -0.94920 -1.03669 -1.06430 -1.15468 -1.16852 -1.17771 -1.06917 1
-0.75940 -0.67475 1.45328 -1.07410 -1.08708 -1.18384 -1.17405 -1.09869 -1.19139 -1.17692 1
-0.75940 1.48167 -0.68794 -1.53208 -1.54052 -1.30338 -1.27397 -1.18203 -1.45596 -1.35652 1
-0.75940 -0.67475 1.45328 -1.78189 -1.74205 -1.18384 -1.43099 -1.40279 -1.36473 -1.42836 1
-0.75940 -0.67475 1.45328 -1.44881 -1.43976 -1.42292 -1.29844 -1.25412 -1.22332 -1.33497 1
-0.75940 -0.67475 1.45328 -0.90756 -0.98631 -0.82522 -0.95688 -0.86666 -0.89034 -1.05839 1
-0.75940 -0.67475 1.45328 -1.32391 -1.38937 -0.82522 -1.25052 -1.20681 -1.21420 -1.26313 1
-0.75940 -0.67475 1.45328 -1.28227 -1.28861 -1.18384 -1.16691 -1.05363 -1.05911 -1.25235 1
-0.75940 -0.67475 1.45328 -1.15737 -1.18784 -0.94476 -1.16488 -1.16852 -1.09104 -1.09790 1
-0.75940 -0.67475 1.45328 -1.82352 -1.79244 -1.54246 -1.39327 -1.35098 -1.36929 -1.35652 1
1.31652 -0.67475 -0.68794 -1.57372 -1.49014 -1.54246 -1.24135 -1.23384 -1.28262 -1.10509 1
-0.75940 -0.67475 1.45328 -1.28227 -1.33899 -1.30338 -1.27295 -1.18654 -1.13666 -1.14100 2
-0.75940 -0.67475 1.45328 -0.69939 -0.78478 -0.10798 -0.85492 -0.88469 -0.73069 -0.86084 2
1.31652 -0.67475 -0.68794 -0.24141 -0.33133 -0.58614 -0.41649 -0.34856 -0.34296 -0.60222 2
-0.75940 -0.67475 1.45328 0.46637 0.27326 0.25064 0.12798 0.01637 0.10862 0.09101 2
-0.75940 -0.67475 1.45328 -0.90756 -0.98631 -1.06430 -0.99664 -0.80359 -1.12753 -1.11945 2
-0.75940 -0.67475 1.45328 -1.61535 -1.64129 -1.78154 -1.39530 -1.35774 -1.35560 -1.35293 2
-0.75940 1.48167 -0.68794 -0.15815 -0.07942 -0.34706 -0.50112 -0.51075 -0.46156 -0.45855 2
-0.75940 -0.67475 1.45328 -1.36554 -1.43976 -1.06430 -1.21789 -1.14599 -1.22788 -1.17692 2
-0.75940 -0.67475 1.45328 -1.44881 -1.49014 -1.06430 -1.25970 -1.23159 -1.13666 -1.22721 2
-0.75940 -0.67475 1.45328 -1.32391 -1.38937 -1.30338 -1.27193 -1.26763 -1.20508 -1.21284 2
-0.75940 -0.67475 1.45328 -2.07333 -1.94359 -1.54246 -1.45444 -1.40054 -1.38297 -1.46427 2
1.31652 -0.67475 -0.68794 -1.57372 -1.43976 -0.82522 -1.23727 -1.19780 -1.13666 -1.17692 2
1.31652 -0.67475 -0.68794 -1.19901 -1.74205 -0.94476 -1.16386 -1.14374 -1.15490 -1.14100 2
1.31652 -0.67475 -0.68794 -1.65698 -1.69167 -1.30338 -1.33719 -1.26087 -1.30087 -1.35652 2
1.31652 -0.67475 -0.68794 -1.90679 -1.94359 -1.54246 -1.42691 -1.39378 -1.37841 -1.42836 2
-0.75940 -0.67475 1.45328 -1.32391 -1.33899 -0.10798 -1.20056 -1.13247 -1.24157 -1.18770 2
-0.75940 -0.67475 1.45328 -1.07410 -1.18784 -1.06430 -1.03946 -0.99732 -0.91771 -1.12664 2
-0.75940 -0.67475 1.45328 -0.65776 -0.73439 -0.94476 -0.69178 -0.38235 -0.86297 -0.92190 2
-0.75940 -0.67475 1.45328 -1.57372 -1.59091 -1.54246 -1.31782 -1.30142 -1.24613 -1.32060 2
-0.75940 -0.67475 1.45328 -0.61612 -0.48248 -0.22752 -0.71523 -0.75854 -0.48893 -0.73153 2
-0.75940 -0.67475 1.45328 -0.57449 -0.53286 -0.34706 -0.60410 -0.60536 -0.49805 -0.66328 2
-0.75940 -0.67475 1.45328 -0.53285 -0.63363 -0.82522 -0.77437 -0.73601 -0.78542 -0.80696 2
1.31652 -0.67475 -0.68794 -0.36632 -0.43210 -0.46660 -0.46339 -0.21340 -0.58016 -0.70998 2
1.31652 -0.67475 -0.68794 0.05003 -0.02903 -0.34706 -0.36143 -0.39587 -0.18331 -0.37952 2
-0.75940 -0.67475 1.45328 -0.99083 -1.08708 -0.70568 -1.03743 -0.84414 -1.24613 -1.04762 2
-0.75940 -0.67475 1.45328 -0.61612 -0.78478 -0.82522 -0.93241 -0.77881 -0.93139 -1.01529 2
-0.75940 1.48167 -0.68794 -0.15815 -0.18018 -0.34706 -0.57963 -0.51075 -0.27910 -0.70639 2
-0.75940 1.48167 -0.68794 -0.03324 0.52518 0.25064 0.38797 0.73721 0.16336 0.10897 2
-0.75940 -0.67475 1.45328 -1.24064 -1.38937 -1.30338 -1.24542 -1.19330 -1.29174 -1.21284 2
-0.75940 -0.67475 1.45328 -0.74103 -0.93593 -0.70568 -0.93852 -0.89144 -0.99525 -0.85365 2
-0.75940 -0.67475 1.45328 -0.24141 -0.28095 -0.22752 -0.64488 -0.63464 -0.58928 -0.56630 2
-0.75940 -0.67475 1.45328 -1.03247 -1.08708 -1.18384 -1.11593 -1.08517 -1.09104 -1.14100 2
-0.75940 -0.67475 1.45328 -0.40795 -0.43210 -0.58614 -0.75398 -0.63915 -0.79911 -0.87880 2
-0.75940 -0.67475 1.45328 -0.36632 -0.48248 -0.34706 -0.58472 -0.35982 -0.71244 -0.65969 2
-0.75940 -0.67475 1.45328 -1.36554 -1.33899 -1.54246 -1.24033 -1.17527 -1.24613 -1.24158 2
-0.75940 -0.67475 1.45328 -1.24064 -1.28861 -1.42292 -1.24848 -1.19780 -0.80367 -1.21284 2
-0.75940 -0.67475 1.45328 -1.11574 -1.23822 -0.94476 -1.11695 -1.04462 -1.08192 -1.16256 2
-0.75940 -0.67475 1.45328 -0.53285 -0.58325 -0.70568 -0.87429 -0.82612 -0.89034 -0.85006 2
-0.75940 -0.67475 1.45328 -0.53285 -0.53286 -0.70568 -0.82229 -0.71123 -0.90858 -0.78182 2
-0.75940 -0.67475 1.45328 -0.32468 -0.33133 -0.22752 -0.46135 -0.29675 -0.47524 -0.56630 2
-0.75940 -0.67475 1.45328 0.09166 -0.07942 -0.22752 -0.35022 -0.34180 -0.16963 -0.45855 2
-0.75940 1.48167 -0.68794 1.63214 1.18016 0.96788 1.25667 1.22377 1.28548 1.40923 2
-0.75940 -0.67475 1.45328 -1.44881 -1.43976 -1.42292 -1.28213 -1.21357 -1.26438 -1.28468 2
-0.75940 -0.67475 1.45328 -0.74103 -0.63363 -0.46660 -1.03437 -1.03336 -1.13666 -0.86443 2
-0.75940 -0.67475 1.45328 -0.49122 -0.38171 -0.70568 -0.78253 -0.88243 -0.77174 -0.52320 2
1.31652 -0.67475 -0.68794 0.25820 -0.07942 -0.22752 -0.24724 -0.12330 -0.20156 -0.42263 2
-0.75940 -0.67475 1.45328 -1.07410 -1.18784 -1.06430 -1.07821 -0.90721 -1.02718 -1.15537 2
-0.75940 -0.67475 1.45328 -0.53285 -0.58325 -0.70568 -0.73664 -0.66168 -0.74437 -0.72794 2
-0.75940 -0.67475 1.45328 -1.07410 -1.13746 -0.94476 -1.09248 -0.98831 -1.08192 -1.12664 2
-0.75940 1.48167 -0.68794 -1.03247 -1.03669 0.48972 -0.93954 -0.83963 -1.00437 -0.96141 2
-0.75940 -0.67475 1.45328 -0.90756 -1.03669 -0.46660 -1.00480 -0.87568 -0.95420 -1.13741 2
1.31652 -0.67475 -0.68794 -0.82430 -0.78478 -1.42292 -0.95382 -1.01534 -0.89490 -0.81773 2
-0.75940 1.48167 -0.68794 -1.24064 -1.18784 -1.42292 -1.11492 -0.98605 -0.98613 -1.14100 2
-0.75940 -0.67475 1.45328 -1.03247 -0.98631 -0.94476 -1.43099 -1.14149 -0.99981 -1.10509 2
-0.75940 -0.67475 1.45328 -1.69862 -1.69167 -1.54246 -1.33617 -1.27664 -1.32367 -1.35652 2
1.31652 -0.67475 -0.68794 -0.86593 -0.63363 -0.82522 -0.81311 -0.83062 -0.77174 -0.78182 2
-0.75940 -0.67475 1.45328 -1.40718 -1.28861 -0.70568 -1.23421 -1.25186 -1.16859 -1.14100 2
-0.75940 -0.67475 1.45328 -2.07333 -2.09474 -1.54246 -1.51460 -1.48163 -1.47420 -1.50019 2
-0.75940 1.48167 -0.68794 -1.15737 -1.03669 -0.82522 -1.01397 -1.00408 -0.96788 -0.99733 2
-0.75940 -0.67475 1.45328 -1.86516 -1.89320 -1.18384 -1.39938 -1.36224 -1.34192 -1.40680 2
1.31652 -0.67475 -0.68794 -1.78189 -1.64129 -1.06430 -1.38409 -1.38252 -1.33736 -1.37089 2
-0.75940 -0.67475 1.45328 -0.90756 -0.83516 -0.94476 -0.73868 -0.58959 -0.67595 -0.89676 2
1.31652 -0.67475 -0.68794 -0.36632 -0.38171 -0.10798 -0.40222 -0.06698 -0.72156 -0.55912 2
-0.75940 -0.67475 1.45328 -0.15815 -0.18018 1.08742 -0.44096 -0.41614 -0.35209 -0.48010 2
-0.75940 -0.67475 1.45328 -0.49122 -0.53286 -0.70568 -0.72339 -0.58283 -0.73069 -0.85365 2
-0.75940 1.48167 -0.68794 0.25820 0.17250 0.01156 0.27378 0.36327 0.39599 0.00840 2
1.31652 -0.67475 -0.68794 0.42474 0.42441 0.37018 0.24319 0.31371 0.23178 0.14489 2
1.31652 -0.67475 -0.68794 0.54964 0.57556 0.01156 0.44303 0.49618 0.75179 0.17363 2
-0.75940 -0.67475 1.45328 -0.24141 -0.28095 -0.46660 -0.64590 -0.56932 -0.54823 -0.73871 2
1.31652 -0.67475 -0.68794 0.17493 0.12212 0.13110 -0.10347 0.06818 -0.23805 -0.24303 2
-0.75940 -0.67475 1.45328 -1.24064 -1.33899 -1.06430 -1.22197 -1.19104 -1.15034 -1.24158 2
-0.75940 -0.67475 1.45328 -1.61535 -1.84282 -1.54246 -1.30864 -1.19330 -1.28718 -1.41040 2
-0.75940 -0.67475 1.45328 -1.11574 -1.18784 -1.18384 -1.15468 -1.09193 -1.15490 -1.16256 2
-0.75940 -0.67475 1.45328 -0.61612 -0.73439 -0.82522 -0.95178 -0.90946 -0.92227 -0.92908 2
-0.75940 -0.67475 1.45328 -0.65776 -0.98631 -1.18384 -1.00480 -0.91848 -0.82648 -1.10149 2
-0.75940 -0.67475 1.45328 -0.74103 -0.73439 -0.82522 -0.96911 -0.91622 -1.19139 -0.90035 2
-0.75940 -0.67475 1.45328 -1.40718 -1.38937 -1.54246 -1.27397 -0.24719 -1.22788 -1.28827 2
-0.75940 -0.67475 1.45328 -0.82430 -0.98631 -1.06430 -1.06292 -0.99281 -0.96788 -1.04762 2
-0.75940 -0.67475 1.45328 -1.19901 -1.18784 -1.30338 -1.22401 -1.22258 -1.22332 -1.17692 2
-0.75940 -0.67475 1.45328 -0.90756 -0.88554 -0.58614 -1.06903 -1.07165 -0.97700 -1.04043 2
-0.75940 -0.67475 1.45328 -1.53208 -1.59091 -1.54246 -1.33005 -1.26538 -1.27806 -1.35652 2
-0.75940 -0.67475 1.45328 -1.07410 -0.98631 -1.06430 -1.05170 -1.02885 -0.99069 -1.04762 2
-0.75940 -0.67475 1.45328 -0.78266 -0.88554 -0.94476 -0.90386 -0.75403 -0.96788 -0.99733 2
-0.75940 -0.67475 1.45328 -1.24064 -1.23822 -1.18384 -1.16590 -1.14824 -1.08192 -1.17692 2
-0.75940 -0.67475 1.45328 -0.44959 -0.53286 0.13110 -0.77539 -0.91622 -0.71700 -0.83210 2
-0.75940 -0.67475 1.45328 -0.40795 -0.58325 -0.58614 -0.67445 -0.54904 -0.74437 -0.70998 2
-0.75940 -0.67475 1.45328 -1.99006 -1.84282 -1.66200 -1.48503 -1.42757 -1.47876 -1.46427 2
-0.75940 -0.67475 1.45328 -0.65776 -0.63363 -0.46660 -0.86715 -0.85765 -0.89490 -0.78182 2
-0.75940 -0.67475 1.45328 -0.40795 -0.43210 -0.82522 -0.83860 -0.87793 -0.74437 -0.80337 2
-0.75940 -0.67475 1.45328 -1.19901 -1.28861 -1.06430 -1.10166 -0.87568 -1.25069 -1.23439 2
-0.75940 1.48167 -0.68794 -1.19901 -0.88554 -0.58614 -0.36959 -0.16384 -0.43875 -0.53757 2
-0.75940 1.48167 -0.68794 -0.32468 -0.43210 0.25064 0.17488 0.24839 0.16792 0.24546 2
1.31652 -0.67475 -0.68794 -0.15815 -0.07942 0.25064 -0.10959 -0.06698 -0.21524 -0.38671 2
-0.75940 -0.67475 1.45328 -1.40718 -1.38937 -0.94476 -1.23013 -1.12346 -1.26438 -1.25594 2
-0.75940 -0.67475 1.45328 -0.90756 -0.78478 -0.94476 -0.89366 -0.75178 -0.95876 -0.97937 2
-0.75940 -0.67475 1.45328 -0.61612 -0.58325 -0.10798 -0.68261 -0.62563 -0.78542 -0.70639 2
-0.75940 1.48167 -0.68794 0.00839 0.02135 -0.58614 -0.11061 0.25514 -0.16050 -0.42263 2
-0.75940 -0.67475 1.45328 -1.61535 -1.49014 -1.30338 -1.28927 -1.20681 -1.25981 -1.32060 2
1.31652 -0.67475 -0.68794 -1.44881 -1.43976 -1.18384 -1.28825 -1.29016 -1.31455 -1.16256 2
-0.75940 -0.67475 1.45328 -1.28227 -1.28861 -1.18384 -1.24542 -1.17077 -1.15034 -1.27390 2
-0.75940 -0.67475 1.45328 -0.99083 -1.08708 -1.30338 -1.07107 -0.94325 -1.18683 -1.08353 3
-0.75940 -0.67475 1.45328 -0.82430 -1.08708 -1.06430 -0.97319 -0.98380 -0.94051 -0.85365 3
1.31652 -0.67475 -0.68794 -0.49122 -0.53286 -0.82522 -0.71217 -0.59635 -0.51630 -0.81773 3
-0.75940 1.48167 -0.68794 -0.19978 -0.07942 0.01156 -0.34104 -0.46344 -0.04647 -0.13528 3
1.31652 -0.67475 -0.68794 -0.65776 -0.58325 -0.46660 -0.78762 -0.75403 -0.77630 -0.74590 3
1.31652 -0.67475 -0.68794 -0.40795 -0.53286 -0.46660 -0.71115 -0.56481 -0.72156 -0.74590 3
1.31652 -0.67475 -0.68794 -0.44959 -0.33133 -0.22752 -0.62347 -0.65492 -0.44331 -0.67406 3
-0.75940 1.48167 -0.68794 -0.03324 -0.02903 -0.58614 -0.10755 -0.17736 0.03564 -0.13528 3
1.31652 -0.67475 -0.68794 -0.61612 -0.58325 -0.22752 -0.75194 -0.83513 -0.63490 -0.74590 3
-0.75940 1.48167 -0.68794 -0.90756 -1.03669 -0.22752 -1.03743 -1.03111 -0.95876 -0.96141 3
-0.75940 -0.67475 1.45328 -0.61612 -0.53286 -0.70568 -0.75500 -0.74502 -1.03630 -0.70998 3
-0.75940 1.48167 -0.68794 -0.53285 0.17250 0.37018 -0.16873 -0.26521 -0.26086 0.00840 3
-0.75940 -0.67475 1.45328 -1.24064 -1.03669 -0.58614 -1.13633 -1.20456 -0.97244 -1.06917 3
1.31652 -0.67475 -0.68794 -0.44959 -0.28095 0.13110 -0.49398 -0.54454 -0.33384 -0.38671 3
-0.75940 -0.67475 1.45328 -1.94843 -1.84282 -1.66200 -1.48401 -1.45685 -1.43315 -1.46427 3
-0.75940 -0.67475 1.45328 -1.57372 -1.49014 -0.94476 -1.29844 -1.26538 -1.11385 -1.21284 3
1.31652 -0.67475 -0.68794 -2.23987 -2.14512 -1.78154 -1.52683 -1.47713 -1.48333 -1.52174 3
-0.75940 1.48167 -0.68794 -1.19901 -1.03669 -1.06430 -1.11593 -1.05363 -1.16859 -1.06917 3
-0.75940 -0.67475 1.45328 -0.32468 -0.33133 0.01156 -0.62755 -0.71799 -0.52542 -0.49447 3
1.31652 -0.67475 -0.68794 -0.44959 -0.33133 -0.46660 -0.50621 -0.42064 -0.79455 -0.50165 3
1.31652 -0.67475 -0.68794 -0.28305 -0.23057 -0.34706 -0.44810 -0.23818 -0.77174 -0.44059 3
1.31652 -0.67475 -0.68794 -0.15815 0.32365 0.01156 -0.00253 -0.08050 0.04476 0.00122 3
-0.75940 -0.67475 1.45328 -0.61612 -0.53286 -0.82522 -0.78355 -0.73151 -0.79911 -0.75667 3
1.31652 -0.67475 -0.68794 -0.24141 -0.12980 -0.10798 -0.39814 -0.25170 -0.46612 -0.64173 3
-0.75940 1.48167 -0.68794 0.09166 -0.07942 -0.10798 -0.01477 0.15378 0.14055 -0.24303 3
-0.75940 1.48167 -0.68794 0.54964 0.47480 0.13110 0.47770 0.70342 0.58301 0.08024 3
-0.75940 -0.67475 1.45328 0.00839 -0.07942 -0.22752 -0.37367 -0.15483 -0.51174 -0.49447 3
-0.75940 -0.67475 1.45328 0.00839 -0.12980 -0.46660 -0.45014 -0.28098 -0.37489 -0.70639 3
-0.75940 1.48167 -0.68794 0.21656 0.07173 -0.10798 -0.02904 0.30470 0.04476 -0.45855 3
1.31652 -0.67475 -0.68794 0.29983 0.07173 0.13110 0.04743 0.31822 0.07213 -0.24303 3
1.31652 -0.67475 -0.68794 0.34147 0.27326 0.25064 0.32884 0.99175 0.01739 -0.23585 3
-0.75940 -0.67475 1.45328 0.38310 0.32365 0.25064 -0.15037 -0.07599 -0.18787 -0.10654 3
1.31652 -0.67475 -0.68794 0.54964 0.62595 0.25064 0.34005 0.54799 0.46898 0.00840 3
-0.75940 1.48167 -0.68794 0.63291 0.57556 0.25064 0.55825 0.83857 0.74266 0.08024 3
1.31652 -0.67475 -0.68794 0.79945 0.62595 -0.10798 0.38899 0.77550 0.18160 0.06228 3
-0.75940 -0.67475 1.45328 -1.19901 -1.38937 -1.42292 -1.26072 -1.22934 -1.26438 -1.21284 3
-0.75940 -0.67475 1.45328 -0.44959 -0.53286 0.96788 -0.71115 -0.69321 -0.68963 -0.63455 3
-0.75940 -0.67475 1.45328 -0.40795 -0.48248 -0.70568 -0.68668 -0.66843 -0.64402 -0.63814 3
-0.75940 -0.67475 1.45328 -0.24141 -0.53286 -0.46660 -0.67751 -0.65492 -0.69419 -0.64173 3
-0.75940 -0.67475 1.45328 0.09166 0.07173 0.25064 -0.51437 0.00060 -0.41595 -0.09936 3
-0.75940 1.48167 -0.68794 0.34147 0.42441 0.13110 0.04233 0.27992 -0.11033 -0.09936 3
-0.75940 1.48167 -0.68794 0.46637 0.37403 0.25064 0.05966 0.18306 -0.22437 0.10179 3
1.31652 -0.67475 -0.68794 0.50801 0.42441 0.96788 -0.05963 -0.10528 0.04476 -0.01315 3
1.31652 -0.67475 -0.68794 -0.69939 -0.88554 -0.46660 -0.75908 -0.52201 -0.80823 -0.97937 3
1.31652 -0.67475 -0.68794 -0.40795 -0.38171 -0.34706 -0.36653 -0.05572 -0.40682 -0.69561 3
1.31652 -0.67475 -0.68794 0.38310 0.37403 0.25064 0.32374 0.65161 0.24090 0.07305 3
1.31652 -0.67475 -0.68794 0.50801 0.47480 0.25064 0.15754 0.22586 0.45073 -0.03830 3
1.31652 -0.67475 -0.68794 0.63291 0.47480 0.37018 0.23707 0.34750 0.25459 0.08024 3
-0.75940 -0.67475 1.45328 0.75781 0.67633 -0.22752 0.02805 -0.02869 0.09950 0.08742 3
1.31652 -0.67475 -0.68794 0.92435 1.02901 1.08742 0.97730 0.83182 1.25354 0.99258 3
-0.75940 -0.67475 1.45328 -1.15737 -1.18784 -1.18384 -1.20770 -1.16852 -1.18683 -1.16974 3
-0.75940 -0.67475 1.45328 -0.40795 -0.48248 0.13110 -0.40018 -0.34631 -0.39770 -0.35079 3
-0.75940 -0.67475 1.45328 -0.28305 -0.33133 -0.58614 -0.74888 -0.69997 -0.78542 -0.68843 3
-0.75940 -0.67475 1.45328 -0.19978 -0.18018 -0.46660 -0.47563 -0.51300 -0.30647 -0.47291 3
-0.75940 -0.67475 1.45328 -0.07488 -0.12980 -0.34706 -0.33696 -0.17736 -0.37033 -0.49447 3
1.31652 -0.67475 -0.68794 0.00839 0.07173 0.13110 0.03315 -0.03094 -0.15594 0.34963 3
-0.75940 -0.67475 1.45328 0.21656 0.07173 0.13110 -0.09634 0.06142 -0.18787 -0.12450 3
-0.75940 1.48167 -0.68794 0.38310 0.42441 -0.10798 -0.09838 -0.11203 0.04020 -0.20711 3
1.31652 -0.67475 -0.68794 0.42474 0.47480 0.60926 0.07802 0.07719 -0.00085 0.20954 3
-0.75940 1.48167 -0.68794 0.42474 0.57556 1.32650 0.34209 0.25965 0.60582 1.66067 3
-0.75940 1.48167 -0.68794 0.42474 0.27326 0.25064 0.41142 0.45563 0.34125 0.87045 3
-0.75940 1.48167 -0.68794 0.59127 0.27326 0.25064 0.14531 0.26190 -0.09664 0.18799 3
-0.75940 1.48167 -0.68794 0.67454 0.72671 0.01156 0.33088 0.51420 0.49178 0.00840 3
-0.75940 -0.67475 1.45328 -0.57449 -0.63363 -0.70568 -0.80496 -0.68645 -0.86753 -0.84288 3
-0.75940 1.48167 -0.68794 0.96598 0.67633 0.01156 0.49707 0.58628 0.44617 0.51126 3
-0.75940 -0.67475 1.45328 -0.65776 -0.78478 -0.70568 -0.95994 -0.93199 -1.03630 -0.86443 3
-0.75940 -0.67475 1.45328 -0.24141 -0.28095 -0.10798 -0.65100 -0.68871 -0.58472 -0.53038 3
-0.75940 -0.67475 1.45328 -0.15815 -0.07942 0.13110 -0.25335 -0.11429 -0.34752 -0.22867 3
1.31652 -0.67475 -0.68794 -0.07488 -0.23057 -0.70568 -0.51029 -0.47921 -0.18787 -0.70998 3
-0.75940 -0.67475 1.45328 -0.03324 0.02135 -0.70568 -0.63264 -0.64365 -0.81279 -0.39389 3
-0.75940 1.48167 -0.68794 0.71618 0.52518 0.37018 0.26154 0.29794 0.15424 0.18799 3
-0.75940 -0.67475 1.45328 -0.40795 -0.43210 -0.46660 -0.63264 -0.41163 -0.64858 -0.73512 3
-0.75940 -0.67475 1.45328 -0.99083 -0.98631 -1.18384 -1.05374 -0.99732 -1.10016 -1.09072 3
-0.75940 -0.67475 1.45328 -0.65776 -0.88554 -0.46660 -0.91915 -0.93424 -0.89490 -0.85365 3
1.31652 -0.67475 -0.68794 0.09166 0.12212 -0.34706 -0.18504 -0.01968 0.08125 -0.42622 3
-0.75940 1.48167 -0.68794 0.09166 0.12212 -0.22752 -0.26457 -0.21115 -0.21980 -0.25381 3
-0.75940 1.48167 -0.68794 0.71618 0.22288 0.01156 0.16366 0.35426 0.17704 -0.13528 3
-0.75940 1.48167 -0.68794 -0.69939 -0.78478 -0.58614 -0.87327 -0.97479 -0.61665 -0.85365 3
1.31652 -0.67475 -0.68794 -0.86593 -0.68401 -0.58614 -0.83045 -0.83062 -0.79911 -0.74590 3
-0.75940 1.48167 -0.68794 -0.53285 -0.48248 -0.58614 -0.72033 -0.67069 -0.68963 -0.56630 3
-0.75940 -0.67475 1.45328 -0.24141 -0.23057 -0.34706 -0.49704 -0.37784 -0.52086 -0.53038 3
-0.75940 -0.67475 1.45328 -0.86593 -0.83516 -0.58614 -0.96809 -0.88694 -1.06367 -0.96141 3
1.31652 -0.67475 -0.68794 -1.11574 -1.23822 -1.06430 -1.13735 -1.12346 -1.10016 -1.14100 3
-0.75940 1.48167 -0.68794 0.63291 0.92824 0.37018 1.02624 1.18998 0.93880 0.79861 3
-0.75940 -0.67475 1.45328 -0.40795 -0.53286 -0.82522 -0.73562 -0.71349 -0.63033 -0.85365 3
1.31652 -0.67475 -0.68794 -0.36632 -0.38171 -0.94476 -0.64284 -0.52427 -0.72156 -0.74590 3
1.31652 -0.67475 -0.68794 0.71618 0.72671 0.25064 0.65409 0.92192 0.85214 0.18081 3
-0.75940 -0.67475 1.45328 -0.32468 -0.33133 -0.22752 -0.56127 -0.42064 -0.62577 -0.58785 3
-0.75940 -0.67475 1.45328 -0.28305 -0.33133 -0.34706 -0.57963 -0.36208 -0.59840 -0.78182 3
-0.75940 -0.67475 1.45328 -0.11651 -0.23057 0.25064 -0.41547 -0.22467 -0.56191 -0.47651 3
-0.75940 -0.67475 1.45328 0.25820 0.17250 -0.22752 -0.36857 -0.34180 -0.43419 -0.20352 3
-0.75940 1.48167 -0.68794 0.54964 0.52518 0.48972 0.37268 0.38580 0.73810 0.12693 3
-0.75940 -0.67475 1.45328 -0.86593 -0.83516 -0.58614 -1.04966 -1.03561 -1.06823 -0.99733 3
-0.75940 1.48167 -0.68794 0.17493 0.32365 0.25064 0.24217 0.02988 0.53284 0.25983 3
1.31652 -0.67475 -0.68794 0.38310 0.12212 0.01156 0.09331 0.25514 -0.14226 0.08024 3
-0.75940 -0.67475 1.45328 -0.44959 -0.23057 -0.22752 -0.49296 -0.42965 -0.58016 -0.46573 3
1.31652 -0.67475 -0.68794 -0.15815 -0.43210 -0.58614 -0.62755 -0.49273 -0.77174 -0.63814 3
-0.75940 -0.67475 1.45328 0.05003 -0.28095 -0.34706 -0.43382 -0.30351 -0.61665 -0.38671 3
-0.75940 1.48167 -0.68794 0.42474 0.17250 0.25064 0.09739 0.43085 -0.00542 -0.07781 3
-0.75940 -0.67475 1.45328 -0.61612 -0.78478 -0.58614 -0.94566 -0.98831 -0.89490 -0.82133 3
-0.75940 -0.67475 1.45328 -1.07410 -1.08708 -0.46660 -1.07923 -1.04913 -1.02718 -1.07276 4
-0.75940 -0.67475 1.45328 -2.11496 -2.14512 -1.66200 -1.48197 -1.41631 -1.52438 -1.47146 4
-0.75940 -0.67475 1.45328 -1.90679 -1.94359 -1.54246 -1.45342 -1.45235 -1.37841 -1.42836 4
-0.75940 -0.67475 1.45328 -1.24064 -1.23822 -0.94476 -1.20260 -1.14599 -1.14122 -1.21284 4
-0.75940 -0.67475 1.45328 -1.90679 -1.99397 -1.42292 -1.48605 -1.44784 -1.41034 -1.49301 4
-0.75940 1.48167 -0.68794 -0.53285 -0.58325 -0.58614 -0.79272 -0.76304 -0.71244 -0.78182 4
1.31652 -0.67475 -0.68794 -1.28227 -1.28861 -0.82522 -1.23319 -1.25186 -1.12297 -1.17692 4
-0.75940 -0.67475 1.45328 -0.36632 -0.53286 -0.58614 -0.51029 -0.49273 -0.68051 -0.39389 4
-0.75940 1.48167 -0.68794 0.42474 0.52518 0.60926 0.48178 0.62683 0.30932 0.30653 4
-0.75940 1.48167 -0.68794 0.71618 0.62595 0.48972 0.50115 0.59980 0.50547 0.36759 4
-0.75940 -0.67475 1.45328 -0.40795 0.12212 0.48972 -0.24316 -0.04220 -0.27454 -0.39030 4
-0.75940 -0.67475 1.45328 -0.03324 -0.28095 -0.22752 -0.60002 -0.54904 -0.53454 -0.61300 4
1.31652 -0.67475 -0.68794 0.21656 0.32365 0.48972 0.31864 0.47365 0.18617 0.22391 4
1.31652 -0.67475 -0.68794 0.25820 0.32365 0.13110 0.04335 0.25740 -0.11033 -0.06344 4
1.31652 -0.67475 -0.68794 0.42474 0.32365 0.13110 0.08413 0.15828 0.35494 -0.09936 4
1.31652 -0.67475 -0.68794 -0.15815 -0.18018 -0.58614 -0.55108 -0.45894 -0.56191 -0.61300 4
-0.75940 -0.67475 1.45328 0.00839 -0.18018 -0.82522 -0.53374 -0.32378 -0.66683 -0.56630 4
-0.75940 -0.67475 1.45328 0.42474 0.47480 0.37018 0.08923 -0.04671 0.26371 0.33167 4
-0.75940 -0.67475 1.45328 -0.44959 -0.63363 -0.46660 -0.93852 -0.93199 -1.08648 -0.81773 4
-0.75940 -0.67475 1.45328 -0.40795 -0.53286 -0.10798 -0.71625 -0.65267 -0.82648 -0.68483 4
-0.75940 1.48167 -0.68794 -0.03324 -0.33133 -0.10798 -0.59390 -0.62338 -0.58016 -0.49447 4
-0.75940 -0.67475 1.45328 0.00839 -0.07942 -0.34706 -0.53680 -0.52201 -0.56191 -0.45855 4
-0.75940 -0.67475 1.45328 -0.49122 -0.53286 -0.46660 -0.50621 -0.47020 -0.81279 -0.39389 4
1.31652 -0.67475 -0.68794 -0.90756 -0.93593 -0.46660 -0.87123 -0.72250 -0.85385 -1.01888 4
1.31652 -0.67475 -0.68794 -0.32468 -0.18018 -0.46660 -0.46849 -0.48822 -0.42051 -0.50165 4
1.31652 -0.67475 -0.68794 1.17416 1.07939 0.60926 1.13534 1.17872 1.10758 0.75910 4
-0.75940 -0.67475 1.45328 -0.32468 -0.33133 -0.34706 -0.54394 -0.49048 -0.42051 -0.62018 4
-0.75940 -0.67475 1.45328 0.17493 -0.02903 -0.22752 -0.34818 -0.14582 -0.32928 -0.46573 4
-0.75940 -0.67475 1.45328 -0.32468 -0.33133 -0.70568 -0.74378 -0.71123 -0.82648 -0.64532 4
1.31652 -0.67475 -0.68794 0.54964 0.42441 0.37018 0.09229 0.04340 0.30020 0.00840 4
-0.75940 -0.67475 1.45328 -0.07488 -0.07942 0.01156 -0.22888 -0.04446 -0.19243 -0.43340 4
-0.75940 -0.67475 1.45328 -0.19978 -0.23057 -0.46660 -0.63774 -0.73151 -0.45700 -0.53038 4
1.31652 -0.67475 -0.68794 -0.40795 -0.38171 -0.70568 -0.69178 -0.63464 -0.67139 -0.66688 4
1.31652 -0.67475 -0.68794 -0.40795 -0.48248 0.01156 -0.64284 -0.53328 -0.69419 -0.60222 4
-0.75940 -0.67475 1.45328 -0.36632 -0.53286 -0.70568 -0.77335 -0.71349 -0.83560 -0.70998 4
1.31652 -0.67475 -0.68794 -0.40795 -0.38171 -0.34706 -0.65100 -0.64365 -0.62121 -0.53038 4
1.31652 -0.67475 -0.68794 -1.40718 -1.18784 -1.18384 -1.02213 -1.01534 -0.86297 -1.06917 4
1.31652 -0.67475 -0.68794 -0.44959 -0.38171 -0.46660 -0.50825 -0.29900 0.42336 -0.70998 4
1.31652 -0.67475 -0.68794 0.59127 0.67633 0.01156 0.23503 0.01411 0.07669 0.54718 4
1.31652 -0.67475 -0.68794 -0.24141 -0.12980 -0.34706 -0.58574 -0.54904 -0.42051 -0.60222 4
1.31652 -0.67475 -0.68794 -0.49122 -0.48248 -0.82522 -0.81107 -0.84414 -0.67139 -0.45855 4
1.31652 -0.67475 -0.68794 -1.49045 -1.54052 -1.18384 -1.28111 -1.19555 -1.37841 -1.26313 4
-0.75940 1.48167 -0.68794 -0.61612 -0.63363 -0.46660 -0.84064 -0.87342 -0.78086 -0.74590 4
-0.75940 1.48167 -0.68794 -0.69939 -0.68401 0.01156 -0.70708 -0.78106 -0.65770 -0.56630 4
1.31652 -0.67475 -0.68794 -0.19978 -0.02903 0.01156 -0.43484 -0.53328 -0.41138 -0.24303 4
-0.75940 -0.67475 1.45328 -1.90679 -1.84282 -1.42292 -1.43711 -1.40054 -1.35560 -1.42836 4
1.31652 -0.67475 -0.68794 0.46637 0.47480 0.72880 0.20648 0.21910 0.71529 -0.13528 4
-0.75940 1.48167 -0.68794 -0.57449 -0.38171 -0.82522 -0.68566 -0.64591 -0.51174 -0.74590 4
-0.75940 -0.67475 1.45328 -0.49122 -0.33133 -0.46660 -0.72951 -0.61888 -0.56191 -0.70998 4
-0.75940 1.48167 -0.68794 -0.32468 -0.43210 -0.46660 -0.48990 -0.40262 -0.45244 -0.45855 4
-0.75940 -0.67475 1.45328 -1.36554 -1.28861 -0.82522 -1.28417 -1.30593 -1.23701 -1.14100 4
-0.75940 -0.67475 1.45328 -1.32391 -1.49014 -0.58614 -1.24542 -1.19780 -1.24157 -1.21284 4
-0.75940 1.48167 -0.68794 -1.28227 -1.18784 -0.58614 -1.18017 -1.11896 -1.12753 -1.17692 4
-0.75940 1.48167 -0.68794 0.21656 0.22288 0.01156 -0.23500 -0.46344 0.04932 -0.09936 4
1.31652 -0.67475 -0.68794 -1.36554 -1.13746 -0.94476 -1.26072 -1.32170 -1.16859 -1.17692 4
-0.75940 1.48167 -0.68794 -0.40795 -0.48248 -0.34706 -0.77845 -0.85540 -0.90858 -0.70998 4
1.31652 -0.67475 -0.68794 -1.19901 -1.18784 -0.46660 -1.11288 -1.08968 -1.04999 -1.10509 4
1.31652 -0.67475 -0.68794 -0.69939 -0.73439 -0.70568 -0.88653 -0.91172 -0.77174 -0.83929 4
-0.75940 1.48167 -0.68794 0.42474 0.57556 0.01156 0.26358 0.37228 0.00827 0.22750 4
1.31652 -0.67475 -0.68794 0.67454 0.47480 0.48972 0.56029 0.27767 1.10302 0.61902 4
1.31652 -0.67475 -0.68794 0.79945 0.92824 0.60926 0.97526 1.24405 0.67424 0.54718 4
1.31652 -0.67475 -0.68794 -0.15815 0.02135 -0.34706 -0.38080 -0.31702 -0.43419 -0.60222 4
-0.75940 1.48167 -0.68794 0.42474 0.52518 0.48972 0.55927 0.80479 0.36862 0.07305 4
1.31652 -0.67475 -0.68794 0.46637 0.82748 -0.22752 0.62146 1.02104 0.69249 -0.01315 4
-0.75940 1.48167 -0.68794 0.84108 0.77709 1.44604 1.12412 1.01428 1.10758 1.16499 4
-0.75940 1.48167 -0.68794 1.09089 0.52518 0.48972 1.35659 1.48733 1.37214 -0.40467 4
-0.75940 -0.67475 1.45328 0.00839 -0.07942 0.01156 -0.46441 -0.43641 -0.47524 -0.39748 4
1.31652 -0.67475 -0.68794 0.17493 0.07173 0.01156 -0.01783 0.46013 -0.48893 -0.14964 4
1.31652 -0.67475 -0.68794 0.29983 0.22288 0.13110 0.14429 0.47140 -0.02822 -0.03470 4
-0.75940 1.48167 -0.68794 0.42474 0.62595 0.60926 0.08209 0.34074 0.14967 -0.00597 4
1.31652 -0.67475 -0.68794 0.42474 0.37403 0.72880 0.39511 0.85434 0.33669 -0.07781 4
-0.75940 1.48167 -0.68794 0.46637 0.42441 0.37018 0.20648 0.11548 0.59670 0.18799 4
-0.75940 1.48167 -0.68794 0.75781 0.67633 0.37018 0.40429 0.39481 0.63319 0.33167 4
-0.75940 1.48167 -0.68794 0.92435 0.87786 -2.97693 0.66836 0.68540 1.16232 0.35681 4
-0.75940 1.48167 -0.68794 1.50723 1.43207 0.72880 0.79581 1.26207 0.50547 0.44661 4
-0.75940 -0.67475 1.45328 -0.69939 -0.68401 -0.46660 -0.79680 -0.66618 -0.89034 -0.85365 4
-0.75940 -0.67475 1.45328 -0.36632 -0.38171 -0.34706 -0.58167 -0.51976 -0.72612 -0.53038 4
-0.75940 -0.67475 1.45328 -0.19978 -0.12980 0.01156 -0.42261 -0.30126 -0.54823 -0.31487 4
-0.75940 -0.67475 1.45328 -0.03324 -0.12980 -0.34706 -0.33798 -0.26521 -0.45244 -0.34720 4
-0.75940 -0.67475 1.45328 0.09166 -0.07942 -0.10798 -0.46135 -0.31477 -0.54367 -0.60941 4
-0.75940 1.48167 -0.68794 0.09166 0.02135 -0.22752 -0.23296 -0.10978 -0.33384 -0.22507 4
-0.75940 1.48167 -0.68794 0.17493 0.37403 0.25064 -0.05861 -0.02643 -0.16050 -0.22867 4
-0.75940 -0.67475 1.45328 0.29983 0.17250 0.13110 -0.28700 -0.22467 -0.45700 -0.16042 4
-0.75940 1.48167 -0.68794 0.42474 0.72671 0.60926 0.50829 0.68314 0.26371 0.48253 4
-0.75940 1.48167 -0.68794 0.67454 0.67633 0.84834 0.50421 0.46689 0.35494 0.69086 4
-0.75940 -0.67475 1.45328 0.71618 0.57556 0.25064 0.26868 0.40607 -0.07384 0.33885 4
1.31652 -0.67475 -0.68794 -0.90756 -0.93593 -0.58614 -0.89570 -0.71123 -1.05455 -0.97578 4
-0.75940 -0.67475 1.45328 -0.44959 -0.63363 0.01156 -0.74888 -0.58734 -0.63946 -0.88239 4
1.31652 -0.67475 -0.68794 0.21656 0.17250 0.48972 -0.07289 -0.07374 0.20897 -0.17120 4
-0.75940 1.48167 -0.68794 0.46637 0.52518 0.84834 0.68570 1.30937 0.36406 0.47894 4
1.31652 -0.67475 -0.68794 0.63291 0.57556 1.44604 0.87738 1.26657 0.16336 0.84890 4
-0.75940 1.48167 -0.68794 0.67454 0.77709 0.48972 0.75911 0.25965 0.97530 1.01413 4
-0.75940 1.48167 -0.68794 0.67454 1.07939 0.72880 0.93856 1.08411 1.03916 0.66571 4
-0.75940 1.48167 -0.68794 0.96598 1.07939 1.56558 1.43714 1.37019 1.40407 1.17576 4
-0.75940 -0.67475 1.45328 0.00839 -0.18018 -0.46660 -0.33594 -0.21566 -0.30647 -0.43699 4
-0.75940 -0.67475 1.45328 0.05003 -0.07942 0.13110 -0.55821 -0.74728 -0.45700 -0.31487 4
-0.75940 -0.67475 1.45328 0.17493 -0.07942 -0.22752 -0.29108 -0.13907 -0.32016 -0.42263 4
-0.75940 -0.67475 1.45328 0.34147 0.12212 0.37018 -0.17485 -0.22241 0.04932 -0.05626 4
1.31652 -0.67475 -0.68794 0.63291 0.72671 0.60926 0.17896 0.24388 0.14511 0.24187 4
-0.75940 1.48167 -0.68794 0.67454 0.62595 0.37018 0.29621 0.15152 0.39599 0.68727 4
-0.75940 1.48167 -0.68794 0.79945 0.72671 0.84834 0.43182 0.47140 0.38231 0.43943 5
1.31652 -0.67475 -0.68794 0.88272 0.97863 0.72880 0.53582 0.46013 0.77915 0.43943 5
1.31652 -0.67475 -0.68794 0.67454 0.67633 0.84834 0.86413 0.89264 1.13951 0.74833 5
1.31652 -0.67475 -0.68794 0.84108 0.87786 0.84834 0.86718 1.00076 0.96161 0.57232 5
-0.75940 -0.67475 1.45328 -0.32468 -0.38171 -0.58614 -0.75806 -0.76980 -0.76718 -0.63814 5
-0.75940 -0.67475 1.45328 0.17493 0.22288 0.01156 -0.28904 -0.44092 -0.36577 0.08024 5
-0.75940 -0.67475 1.45328 0.25820 0.42441 0.84834 -0.18504 -0.24944 -0.04647 -0.13528 5
1.31652 -0.67475 -0.68794 0.34147 0.42441 0.48972 0.13511 0.25064 0.13143 0.05150 5
-0.75940 1.48167 -0.68794 0.42474 0.57556 0.84834 0.55111 0.51420 0.19529 0.79861 5
1.31652 -0.67475 -0.68794 0.42474 0.67633 0.13110 0.05762 0.03213 -0.06928 0.21673 5
1.31652 -0.67475 -0.68794 0.79945 0.62595 0.25064 0.97934 1.02554 2.37110 0.61902 5
1.31652 -0.67475 -0.68794 0.88272 0.82748 0.37018 0.86413 1.21927 0.59670 0.36040 5
1.31652 -0.67475 -0.68794 0.00839 0.02135 -0.22752 -0.28802 -0.07149 -0.28366 -0.44777 5
-0.75940 1.48167 -0.68794 0.05003 -0.02903 -0.22752 -0.39406 -0.43191 -0.21980 -0.38671 5
-0.75940 -0.67475 1.45328 -0.49122 -0.53286 -1.18384 -0.80802 -0.71574 -0.97244 -0.79978 5
-0.75940 1.48167 -0.68794 0.13330 0.12212 -0.22752 -0.15955 0.03889 -0.11945 -0.39030 5
1.31652 -0.67475 -0.68794 0.59127 0.57556 0.25064 0.18405 0.33399 -0.03735 0.16644 5
-0.75940 -0.67475 1.45328 -0.57449 -0.38171 -0.34706 -0.80700 -0.71349 -0.49349 -0.67406 5
-0.75940 -0.67475 1.45328 -0.53285 -0.58325 -0.70568 -0.88551 -0.85991 -0.85841 -0.81773 5
-0.75940 1.48167 -0.68794 -0.15815 -0.07942 0.60926 -0.20339 -0.41389 -0.23349 0.08024 5
1.31652 -0.67475 -0.68794 -0.53285 -0.33133 -0.22752 -0.52049 -0.49048 -0.56191 -0.31487 5
-0.75940 1.48167 -0.68794 -0.61612 -0.48248 -0.82522 -0.72849 -0.70222 -0.79455 -0.64532 5
-0.75940 -0.67475 1.45328 -0.86593 -1.03669 -0.70568 -1.11899 -1.19555 -0.93139 -1.02966 5
-0.75940 -0.67475 1.45328 -1.57372 -1.69167 -1.06430 -1.34331 -1.33972 -1.29174 -1.32060 5
1.31652 -0.67475 -0.68794 -0.82430 -0.83516 -0.46660 -0.92425 -0.97930 -0.67595 -0.96141 5
-0.75940 1.48167 -0.68794 -1.61535 -1.49014 -1.42292 -1.28213 -1.33746 -1.19139 -1.21284 5
1.31652 -0.67475 -0.68794 0.00839 0.17250 1.20696 0.08821 0.46464 -0.07384 -0.28614 5
-0.75940 1.48167 -0.68794 0.34147 0.32365 0.25064 0.31456 0.39706 0.50091 0.06946 5
-0.75940 1.48167 -0.68794 1.38233 1.43207 0.96788 1.69306 2.30729 0.77459 1.44156 5
-0.75940 1.48167 -0.68794 0.84108 0.82748 0.60926 0.60821 0.52996 0.51003 0.57232 5
-0.75940 -0.67475 1.45328 -0.03324 -0.12980 -0.10798 -0.39916 -0.27422 -0.46612 -0.45855 5
-0.75940 1.48167 -0.68794 0.38310 0.42441 0.96788 0.16162 0.18982 0.33213 0.11616 5
-0.75940 1.48167 -0.68794 0.38310 0.22288 0.48972 -0.03618 0.12674 -0.19700 -0.07421 5
1.31652 -0.67475 -0.68794 1.04925 1.07939 -0.34706 0.71730 0.73946 0.93424 0.63698 5
1.31652 -0.67475 -0.68794 1.04925 1.12978 0.84834 0.89064 1.15169 0.88407 0.69804 5
-0.75940 1.48167 -0.68794 1.17416 0.97863 0.60926 1.06091 1.07735 1.24898 0.87045 5
-0.75940 -0.67475 1.45328 0.21656 0.57556 0.25064 0.21872 0.54799 -0.06015 0.03354 5
-0.75940 1.48167 -0.68794 0.46637 0.17250 0.25064 0.03111 0.02312 0.04020 0.22750 5
-0.75940 -0.67475 1.45328 0.50801 0.12212 0.13110 -0.31657 -0.31477 -0.42051 -0.13528 5
1.31652 -0.67475 -0.68794 0.63291 0.42441 0.13110 0.09841 0.32948 -0.23349 0.00840 5
-0.75940 1.48167 -0.68794 1.50723 1.33131 1.56558 1.89290 2.10455 2.15671 1.59601 5
-0.75940 1.48167 -0.68794 0.13330 0.07173 0.25064 -0.03516 0.12674 0.06301 -0.25381 5
1.31652 -0.67475 -0.68794 0.54964 0.62595 0.37018 0.70303 1.19449 0.47810 0.14848 5
1.31652 -0.67475 -0.68794 0.63291 0.67633 0.84834 0.57354 0.68089 0.68793 0.33167 5
-0.75940 1.48167 -0.68794 0.21656 0.27326 0.01156 -0.17077 -0.05572 -0.06015 -0.08858 5
-0.75940 -0.67475 1.45328 0.42474 0.47480 0.48972 0.32782 0.61106 0.13143 0.05150 5
-0.75940 -0.67475 1.45328 0.54964 0.52518 -0.34706 -0.15037 -0.11429 -0.27910 -0.00597 5
-0.75940 -0.67475 1.45328 0.63291 0.37403 -0.10798 0.18711 0.38580 0.20897 0.10179 5
-0.75940 1.48167 -0.68794 0.63291 0.42441 0.25064 0.27276 0.35201 0.38231 0.27779 5
1.31652 -0.67475 -0.68794 1.21579 1.18016 0.72880 1.16593 1.60222 1.11214 1.06441 5
1.31652 -0.67475 -0.68794 0.25820 0.17250 0.25064 0.09025 0.46464 0.03564 -0.30410 5
1.31652 -0.67475 -0.68794 0.29983 0.17250 -0.10798 0.22994 0.67413 0.19073 -0.29691 5
-0.75940 1.48167 -0.68794 0.92435 1.02901 0.72880 0.80499 0.77775 0.82477 0.82735 5
-0.75940 -0.67475 1.45328 0.42474 0.37403 0.48972 0.18099 0.40832 0.11774 0.00840 5
1.31652 -0.67475 -0.68794 0.54964 0.27326 0.60926 0.30131 0.41959 0.53740 -0.02752 5
1.31652 -0.67475 -0.68794 0.54964 -0.02903 0.25064 0.04947 -0.15033 0.73810 0.04432 5
1.31652 -0.67475 -0.68794 0.59127 0.72671 0.01156 0.17080 0.22586 0.01739 0.36040 5
1.31652 -0.67475 -0.68794 0.92435 0.92824 0.96788 0.66326 0.36552 0.46441 1.06441 5
-0.75940 1.48167 -0.68794 1.09089 0.82748 0.48972 0.76522 0.83857 0.73810 0.60106 5
1.31652 -0.67475 -0.68794 0.42474 0.72671 0.25064 0.24013 0.34300 0.72898 0.08383 5
-0.75940 1.48167 -0.68794 0.79945 0.77709 0.37018 0.74585 0.68089 0.82477 0.81298 5
1.31652 -0.67475 -0.68794 -1.15737 -1.03669 -1.18384 -1.12409 -1.12797 -1.17771 -0.99733 5
-0.75940 1.48167 -0.68794 -0.74103 -0.58325 -0.34706 -0.75398 -0.73151 -0.60297 -0.67406 5
-0.75940 1.48167 -0.68794 -0.61612 -0.83516 -0.10798 -0.79680 -0.80584 -0.58472 -0.92549 5
-0.75940 1.48167 -0.68794 0.29983 0.57556 0.48972 0.41346 0.32723 0.19985 0.70522 5
1.31652 -0.67475 -0.68794 0.71618 0.62595 0.37018 0.41550 0.62007 0.33669 0.28497 5
-0.75940 1.48167 -0.68794 0.25820 0.22288 -0.10798 -0.03414 0.20784 -0.16050 -0.12450 5
-0.75940 1.48167 -0.68794 0.96598 0.67633 0.84834 0.66428 0.57276 1.46337 0.35322 5
-0.75940 -0.67475 1.45328 -0.19978 -0.43210 -0.34706 -0.61327 -0.58734 -0.70788 -0.53398 5
-0.75940 -0.67475 1.45328 0.05003 -0.02903 -0.22752 -0.34104 -0.29224 -0.37489 -0.35079 5
-0.75940 -0.67475 1.45328 0.09166 0.02135 -0.22752 -0.45116 -0.41163 -0.52998 -0.29691 5
-0.75940 1.48167 -0.68794 0.50801 0.52518 0.60926 0.46750 0.57051 0.63319 0.39632 5
-0.75940 1.48167 -0.68794 0.96598 0.92824 0.72880 0.88860 0.92643 1.43144 0.54718 5
-0.75940 -0.67475 1.45328 -0.07488 -0.02903 -0.22752 -0.52151 -0.65942 -0.42507 -0.31487 5
-0.75940 -0.67475 1.45328 0.05003 0.12212 0.01156 -0.31045 -0.46570 0.04476 -0.22148 5
-0.75940 -0.67475 1.45328 0.21656 -0.07942 -0.10798 -0.22786 -0.12555 -0.28366 -0.12809 5
-0.75940 -0.67475 1.45328 0.42474 0.42441 0.13110 0.08821 0.48716 -0.00542 -0.15683 5
-0.75940 1.48167 -0.68794 0.71618 0.87786 0.60926 0.51950 0.41959 0.84301 0.56155 5
-0.75940 1.48167 -0.68794 0.21656 0.07173 0.96788 0.68672 0.64260 1.09846 0.51845 5
1.31652 -0.67475 -0.68794 0.84108 0.62595 0.25064 0.60209 0.88588 0.46441 0.34604 5
-0.75940 1.48167 -0.68794 0.92435 0.97863 0.72880 0.88656 0.68765 1.29004 0.83453 5
1.31652 -0.67475 -0.68794 0.05003 0.17250 0.37018 -0.07798 -0.23593 -0.08752 0.14848 5
1.31652 -0.67475 -0.68794 0.05003 0.17250 -0.22752 -0.25845 -0.27873 -0.37489 -0.13528 5
1.31652 -0.67475 -0.68794 0.29983 0.57556 0.13110 0.11982 -0.11203 0.35950 0.22032 5
-0.75940 1.48167 -0.68794 0.29983 0.22288 0.13110 0.14123 0.13575 0.47354 0.04432 5
1.31652 -0.67475 -0.68794 0.50801 0.62595 0.13110 0.26052 0.19432 0.51003 0.18799 5
1.31652 -0.67475 -0.68794 0.84108 0.87786 0.37018 0.71017 0.65836 0.88863 0.76269 5
1.31652 -0.67475 -0.68794 -0.82430 -1.03669 -0.70568 -0.95790 -0.83963 -0.84928 -1.01529 5
1.31652 -0.67475 -0.68794 0.25820 0.37403 -0.22752 0.06884 0.28443 -0.23349 0.00840 5
1.31652 -0.67475 -0.68794 0.34147 0.37403 0.01156 0.01480 0.21009 -0.18331 -0.10295 5
1.31652 -0.67475 -0.68794 -0.94920 -0.83516 -0.94476 -0.96503 -0.96128 -0.99069 -0.96141 5
-0.75940 -0.67475 1.45328 -0.28305 -0.23057 -0.46660 -0.48480 -0.39812 -0.62121 -0.44059 5
-0.75940 1.48167 -0.68794 0.71618 0.92824 0.96788 1.24240 0.71693 1.75987 0.68727 5
1.31652 -0.67475 -0.68794 0.50801 0.57556 0.25064 0.30844 0.32498 0.67424 0.05869 5
1.31652 -0.67475 -0.68794 0.54964 0.42441 0.48972 0.34515 0.38580 0.30476 0.44661 5
1.31652 -0.67475 -0.68794 0.88272 0.82748 0.25064 0.74789 1.01428 0.69705 0.43943 5
-0.75940 1.48167 -0.68794 0.96598 0.82748 0.96788 1.08334 1.32289 1.51811 0.47534 5
-0.75940 1.48167 -0.68794 1.04925 0.87786 0.48972 0.98240 0.98049 1.37670 0.83453 5
1.31652 -0.67475 -0.68794 1.21579 1.18016 0.96788 1.35149 1.66078 1.48162 1.02131 5
1.31652 -0.67475 -0.68794 1.04925 1.18016 1.08742 1.05377 1.02104 0.88863 1.06082 5
1.31652 -0.67475 -0.68794 -0.19978 -0.28095 -0.34706 -0.51335 -0.40713 -0.49349 -0.61300 6
1.31652 -0.67475 -0.68794 0.63291 0.67633 1.56558 0.70813 0.74847 0.97530 0.49690 6
1.31652 -0.67475 -0.68794 -0.69939 -0.43210 -0.34706 -0.63774 -0.64816 -0.60753 -0.60222 6
-0.75940 -0.67475 1.45328 -1.19901 -1.33899 -0.94476 -1.23013 -1.25862 -1.20052 -1.10509 6
-0.75940 1.48167 -0.68794 0.84108 0.87786 0.60926 0.88350 0.66512 1.25354 1.08596 6
-0.75940 1.48167 -0.68794 -0.40795 -0.33133 -0.34706 -0.51029 -0.36883 -0.87209 -0.60222 6
-0.75940 1.48167 -0.68794 -0.19978 -0.07942 -0.34706 -0.32880 -0.44317 -0.44788 -0.13528 6
-0.75940 1.48167 -0.68794 0.21656 0.42441 0.13110 -0.17892 -0.28999 -0.33840 0.19877 6
-0.75940 1.48167 -0.68794 0.92435 1.07939 1.20696 1.10679 0.66287 1.13495 1.51699 6
-0.75940 1.48167 -0.68794 0.09166 0.07173 0.72880 0.10249 -0.28999 0.14511 0.33167 6
-0.75940 1.48167 -0.68794 0.09166 0.27326 0.48972 -0.03720 -0.19763 -0.00998 0.00840 6
1.31652 -0.67475 -0.68794 0.09166 0.12212 0.13110 -0.07696 -0.13231 0.07669 0.08024 6
1.31652 -0.67475 -0.68794 -0.40795 -0.33133 -0.34706 -0.48072 -0.37109 -0.59840 -0.42263 6
-0.75940 -0.67475 1.45328 -0.90756 -0.98631 -0.70568 -1.08535 -1.06490 -1.12753 -1.00092 6
-0.75940 -0.67475 1.45328 -0.44959 -0.38171 0.01156 -0.67343 -0.67519 -0.52998 -0.67406 6
-0.75940 -0.67475 1.45328 0.71618 0.67633 0.25064 0.28092 0.24839 0.17704 0.76269 6
-0.75940 -0.67475 1.45328 0.29983 0.17250 0.01156 0.18099 0.18531 0.15424 0.15207 6
-0.75940 1.48167 -0.68794 0.50801 0.27326 0.84834 0.31252 0.20784 0.62863 0.22391 6
-0.75940 -0.67475 1.45328 -0.03324 0.17250 0.72880 -0.30230 -0.35757 -0.06015 -0.31487 6
-0.75940 1.48167 -0.68794 -1.15737 -0.93593 -0.70568 -1.10676 -1.06715 -1.06823 -1.11586 6
1.31652 -0.67475 -0.68794 -1.49045 -1.54052 -1.42292 -1.34534 -1.34873 -1.25981 -1.32778 6
1.31652 -0.67475 -0.68794 -0.53285 -0.43210 -0.34706 -0.73766 -0.76530 -0.78542 -0.58067 6
-0.75940 1.48167 -0.68794 -1.07410 -1.13746 -1.06430 -1.23217 -1.26763 -1.15490 -1.14100 6
1.31652 -0.67475 -0.68794 -0.32468 -0.38171 0.01156 -0.52253 -0.69997 -0.35665 -0.45855 6
1.31652 -0.67475 -0.68794 -0.19978 -0.33133 0.25064 -0.39304 -0.47696 -0.32472 -0.35079 6
1.31652 -0.67475 -0.68794 -1.36554 -1.13746 -0.22752 -1.12613 -1.21582 -1.12753 -0.99374 6
1.31652 -0.67475 -0.68794 -1.03247 -1.03669 -1.30338 -1.08433 -1.13247 -1.00437 -0.99733 6
1.31652 -0.67475 -0.68794 -0.53285 -0.68401 -0.10798 -0.68057 -0.87342 -0.58016 -0.38671 6
1.31652 -0.67475 -0.68794 -0.61612 -0.73439 -0.34706 -0.97829 -1.08292 -0.68507 -0.88957 6
-0.75940 1.48167 -0.68794 0.67454 0.67633 0.84834 1.12820 1.12466 0.47354 1.14703 6
-0.75940 1.48167 -0.68794 0.92435 0.92824 0.25064 1.11597 1.30712 1.64583 0.51126 6
1.31652 -0.67475 -0.68794 1.13252 1.12978 1.20696 1.48710 1.78243 1.07109 1.15780 6
1.31652 -0.67475 -0.68794 0.46637 0.47480 0.25064 0.37370 0.62683 0.28196 0.32089 6
-0.75940 1.48167 -0.68794 0.84108 0.67633 0.84834 0.64185 0.52321 0.61038 0.79143 6
1.31652 -0.67475 -0.68794 0.96598 0.97863 0.37018 1.17001 1.55716 0.77459 0.69086 6
-0.75940 1.48167 -0.68794 0.96598 0.92824 0.84834 1.15267 0.60430 1.00723 1.15780 6
-0.75940 1.48167 -0.68794 1.00762 0.92824 0.37018 0.79887 1.14944 0.50547 0.57232 6
-0.75940 1.48167 -0.68794 1.25743 1.63361 2.04374 1.54624 1.71034 1.08477 1.40923 6
-0.75940 1.48167 -0.68794 0.42474 0.42441 0.48972 0.48789 0.88588 0.30476 0.13411 6
-0.75940 1.48167 -0.68794 1.00762 0.72671 0.72880 0.62350 0.75973 0.66968 0.47534 6
1.31652 -0.67475 -0.68794 1.42396 1.53284 1.08742 1.85823 2.36811 1.74162 1.42719 6
-0.75940 -0.67475 1.45328 0.05003 0.12212 0.37018 -0.03822 0.50969 -0.63490 -0.33642 6
-0.75940 1.48167 -0.68794 0.13330 0.12212 0.13110 0.07496 0.32498 -0.16050 -0.15324 6
-0.75940 -0.67475 1.45328 0.25820 0.22288 0.37018 -0.18198 -0.20664 -0.33840 0.29575 6
-0.75940 1.48167 -0.68794 0.42474 0.12212 -0.10798 0.05762 0.45788 -0.30647 -0.18915 6
1.31652 -0.67475 -0.68794 0.46637 0.47480 -0.10798 -0.06779 0.20559 -0.12401 -0.25022 6
1.31652 -0.67475 -0.68794 0.50801 0.82748 1.08742 0.69793 0.73270 0.66512 0.69086 6
1.31652 -0.67475 -0.68794 0.63291 0.67633 0.72880 0.61738 0.66963 0.83389 0.50408 6
-0.75940 1.48167 -0.68794 0.63291 0.47480 0.13110 0.12390 0.26866 -0.08296 0.21673 6
1.31652 -0.67475 -0.68794 0.67454 0.82748 0.01156 0.29927 0.26866 0.23178 0.54718 6
1.31652 -0.67475 -0.68794 0.71618 0.67633 0.72880 0.40327 0.34074 0.48266 0.46457 6
1.31652 -0.67475 -0.68794 0.75781 0.62595 0.60926 0.61025 0.39255 0.35494 0.72678 6
1.31652 -0.67475 -0.68794 0.75781 0.92824 0.72880 0.45935 0.56375 0.43248 0.40351 6
1.31652 -0.67475 -0.68794 1.09089 0.82748 0.84834 1.08028 1.26207 1.03460 0.90637 6
-0.75940 1.48167 -0.68794 1.13252 1.07939 0.72880 1.03644 1.15169 1.20337 0.85249 6
-0.75940 1.48167 -0.68794 1.21579 0.97863 0.84834 0.37880 0.35201 0.82477 0.97462 6
-0.75940 1.48167 -0.68794 1.04925 1.38169 0.84834 1.41879 1.03906 1.32653 1.84026 6
1.31652 -0.67475 -0.68794 1.21579 0.92824 1.20696 1.40757 1.15620 1.89215 1.26556 6
-0.75940 -0.67475 1.45328 0.05003 0.22288 -0.10798 -0.41445 -0.51525 -0.32016 -0.18197 6
1.31652 -0.67475 -0.68794 0.21656 0.27326 0.01156 -0.13508 -0.14582 -0.11033 0.14489 6
1.31652 -0.67475 -0.68794 0.34147 0.22288 0.25064 0.00460 0.29344 -0.06471 -0.14246 6
-0.75940 -0.67475 1.45328 0.42474 0.42441 -0.10798 -0.04434 0.00961 -0.04191 0.10897 6
1.31652 -0.67475 -0.68794 0.59127 0.42441 0.01156 0.01888 0.16729 0.12231 -0.15683 6
1.31652 -0.67475 -0.68794 0.59127 0.42441 0.13110 0.26562 0.46689 0.23634 0.10538 6
1.31652 -0.67475 -0.68794 0.63291 0.62595 0.48972 0.74483 0.91516 1.13039 0.17722 6
-0.75940 1.48167 -0.68794 0.71618 0.67633 0.48972 0.58476 0.10872 0.38687 1.00694 6
-0.75940 -0.67475 1.45328 0.79945 0.42441 -0.10798 0.19425 -0.00616 0.41880 0.41428 6
1.31652 -0.67475 -0.68794 1.00762 0.97863 0.25064 0.67652 0.71919 0.73810 0.69086 6
1.31652 -0.67475 -0.68794 1.00762 0.92824 0.84834 1.03746 0.87687 1.16232 1.26556 6
-0.75940 1.48167 -0.68794 0.17493 0.07173 1.44604 1.07926 0.93544 1.25354 1.17935 6
1.31652 -0.67475 -0.68794 0.42474 0.32365 1.08742 0.40021 0.66737 0.40055 0.06946 6
-0.75940 1.48167 -0.68794 0.46637 0.22288 0.72880 1.32804 1.32514 1.30828 1.26915 6
-0.75940 -0.67475 1.45328 -0.07488 0.12212 0.25064 -0.31861 -0.46795 -0.42963 -0.02752 6
1.31652 -0.67475 -0.68794 0.42474 0.27326 -0.10798 0.33291 0.32723 0.38231 0.00122 6
-0.75940 1.48167 -0.68794 0.46637 0.92824 0.60926 0.19629 0.04790 0.04020 0.44302 6
1.31652 -0.67475 -0.68794 0.63291 0.67633 0.25064 0.32884 0.11999 0.35494 0.51485 6
-0.75940 -0.67475 1.45328 0.67454 0.82748 0.60926 0.49401 0.55249 0.11774 0.81298 6
-0.75940 1.48167 -0.68794 0.71618 0.52518 0.13110 0.59087 0.53447 1.03916 0.42865 6
-0.75940 1.48167 -0.68794 1.13252 1.28092 1.56558 1.24953 1.05032 0.88407 1.80434 6
1.31652 -0.67475 -0.68794 1.34069 1.28092 0.37018 1.13330 1.36118 0.30932 1.21168 6
1.31652 -0.67475 -0.68794 0.54964 0.57556 0.60926 0.58374 0.70792 0.84301 0.25983 6
-0.75940 1.48167 -0.68794 1.71540 1.48246 0.96788 1.75526 1.33415 0.14511 1.82948 6
1.31652 -0.67475 -0.68794 0.05003 0.17250 -0.22752 -0.16975 -0.26972 -0.41138 0.04432 6
-0.75940 1.48167 -0.68794 -0.03324 0.02135 -0.34706 -0.26559 -0.29224 -0.16507 -0.17120 6
1.31652 -0.67475 -0.68794 -0.44959 -0.38171 -0.82522 -0.73868 -0.70673 -0.72156 -0.60222 6
1.31652 -0.67475 -0.68794 -0.65776 -0.53286 -0.70568 -0.78966 -0.80584 -0.70332 -0.63455 6
1.31652 -0.67475 -0.68794 0.21656 0.52518 0.84834 0.08209 -0.19763 0.01739 0.58310 6
-0.75940 1.48167 -0.68794 0.46637 0.67633 0.37018 0.29621 0.32047 0.45073 0.33167 6
-0.75940 1.48167 -0.68794 -0.03324 0.07173 0.13110 -0.04943 -0.12104 -0.07384 0.33167 6
1.31652 -0.67475 -0.68794 -1.53208 -1.33899 -1.18384 -1.26887 -1.29241 -1.25525 -1.21284 6
1.31652 -0.67475 -0.68794 -1.61535 -1.59091 -1.18384 -1.28825 -1.23610 -1.27350 -1.28109 6
1.31652 -0.67475 -0.68794 -1.94843 -1.84282 -1.42292 -1.42589 -1.37801 -1.41034 -1.39244 6
1.31652 -0.67475 -0.68794 -1.03247 -0.93593 -0.82522 -1.10472 -1.10770 -1.30999 -0.90394 6
-0.75940 1.48167 -0.68794 1.71540 1.63361 0.60926 2.42207 3.19482 2.16584 1.40923 6
-0.75940 1.48167 -0.68794 0.75781 0.77709 0.48972 0.67040 0.63584 0.62863 0.54718 6
-0.75940 1.48167 -0.68794 0.75781 0.92824 0.60926 1.01605 1.08411 1.10302 0.83453 6
1.31652 -0.67475 -0.68794 0.88272 1.02901 0.84834 1.04561 1.34316 0.74266 0.97821 6
-0.75940 1.48167 -0.68794 1.04925 1.28092 0.84834 0.93958 1.12691 0.87494 0.75551 6
-0.75940 -0.67475 1.45328 0.21656 0.17250 -0.10798 -0.35226 -0.46119 -0.09664 -0.25740 6
-0.75940 1.48167 -0.68794 0.88272 0.67633 0.37018 0.35025 0.41733 0.65143 0.18799 6
1.31652 -0.67475 -0.68794 0.96598 0.77709 0.25064 0.54907 0.72144 0.37775 0.56514 7
1.31652 -0.67475 -0.68794 0.96598 1.07939 -1.42292 0.43487 0.70116 -0.04647 -0.45855 7
-0.75940 1.48167 -0.68794 0.79945 0.72671 0.72880 0.56232 0.79127 0.63319 0.34604 7
1.31652 -0.67475 -0.68794 1.75704 1.63361 1.68512 2.86866 3.65436 2.57637 2.10247 7
-0.75940 -0.67475 1.45328 0.13330 0.07173 -0.70568 -0.42771 -0.37784 -0.27910 -0.44777 7
-0.75940 -0.67475 1.45328 0.54964 0.67633 0.13110 0.29723 0.48716 0.24090 0.14489 7
-0.75940 -0.67475 1.45328 0.67454 0.72671 0.37018 0.34821 0.29569 0.16336 0.43943 7
-0.75940 1.48167 -0.68794 0.84108 0.82748 0.13110 0.18609 0.34975 -0.06471 0.29575 7
-0.75940 1.48167 -0.68794 0.88272 0.72671 0.60926 0.88248 0.86110 0.87951 1.07519 7
-0.75940 1.48167 -0.68794 0.88272 0.77709 1.08742 0.68977 0.84984 0.61950 0.72678 7
1.31652 -0.67475 -0.68794 0.92435 0.77709 0.96788 0.71526 0.53672 0.88407 0.83453 7
-0.75940 1.48167 -0.68794 1.13252 1.18016 0.96788 1.56561 1.87929 1.97425 0.87404 7
1.31652 -0.67475 -0.68794 1.21579 1.33131 0.84834 1.33212 1.71034 1.02091 0.90637 7
1.31652 -0.67475 -0.68794 0.13330 0.12212 1.20696 -0.29210 -0.29900 -0.16050 1.01413 7
1.31652 -0.67475 -0.68794 0.88272 0.87786 0.96788 0.98138 0.61106 1.04372 1.65707 7
1.31652 -0.67475 -0.68794 1.34069 1.02901 0.60926 1.46059 1.47156 1.79636 1.19731 7
1.31652 -0.67475 -0.68794 -0.24141 -0.28095 -0.46660 -0.72339 -0.73151 -0.67595 -0.60581 7
-0.75940 1.48167 -0.68794 0.00839 -0.07942 -0.10798 -0.23398 -0.18637 -0.38858 -0.22148 7
-0.75940 1.48167 -0.68794 0.88272 0.82748 0.72880 0.78868 0.46464 0.21810 0.51485 7
-0.75940 1.48167 -0.68794 1.09089 0.97863 0.60926 1.09761 1.00977 1.55916 1.12907 7
-0.75940 1.48167 -0.68794 -0.15815 -0.02903 0.48972 -0.29618 -0.39812 -0.32472 -0.17120 7
-0.75940 1.48167 -0.68794 0.63291 0.72671 0.60926 0.62350 0.42409 0.81565 0.69086 7
-0.75940 1.48167 -0.68794 -0.57449 -0.48248 -0.70568 -0.79578 -0.69096 -0.75349 -0.81773 7
-0.75940 -0.67475 1.45328 -0.74103 -0.68401 -0.70568 -0.86002 -0.85991 -0.98157 -0.78182 7
-0.75940 -0.67475 1.45328 0.13330 -0.02903 0.25064 -0.14324 -0.23593 0.24546 -0.35079 7
1.31652 -0.67475 -0.68794 0.29983 0.32365 0.48972 0.57660 0.64935 0.89319 0.15207 7
1.31652 -0.67475 -0.68794 0.42474 0.27326 -0.22752 0.37064 0.03889 0.37775 0.58310 7
-0.75940 1.48167 -0.68794 0.84108 0.62595 0.72880 0.86922 0.74622 0.55564 1.19372 7
-0.75940 1.48167 -0.68794 0.59127 0.57556 0.13110 -0.06779 -0.07599 -0.00998 0.02636 7
1.31652 -0.67475 -0.68794 0.71618 0.42441 1.20696 0.51338 0.71017 0.62863 0.39273 7
1.31652 -0.67475 -0.68794 1.04925 0.87786 0.48972 0.77236 0.85885 0.81108 0.58310 7
-0.75940 1.48167 -0.68794 1.04925 1.12978 1.32650 0.92224 1.07735 0.59670 1.03209 7
-0.75940 1.48167 -0.68794 1.50723 1.23054 0.72880 1.49934 1.13817 1.94689 1.44515 7
1.31652 -0.67475 -0.68794 0.84108 0.72671 0.96788 0.80397 0.92643 1.06653 0.70882 7
1.31652 -0.67475 -0.68794 0.25820 0.52518 0.48972 0.06374 -0.11203 0.11774 0.25983 7
-0.75940 -0.67475 1.45328 0.42474 0.42441 0.13110 -0.06881 0.02087 -0.27454 0.15207 7
-0.75940 1.48167 -0.68794 1.04925 0.97863 0.84834 0.77236 0.68089 0.74266 1.08596 7
-0.75940 1.48167 -0.68794 -0.57449 -0.33133 -0.34706 -0.75602 -0.72475 -0.63490 -0.85365 7
1.31652 -0.67475 -0.68794 -1.24064 -1.28861 -1.06430 -1.23625 -1.22483 -1.25525 -1.14100 7
-0.75940 -0.67475 1.45328 0.00839 -0.07942 0.01156 -0.27171 -0.53553 -0.18787 0.10179 7
-0.75940 -0.67475 1.45328 1.67377 1.43207 1.92420 2.48937 1.86577 2.37110 2.98966 7
1.31652 -0.67475 -0.68794 1.21579 1.02901 1.44604 1.56153 1.40173 1.86022 1.52058 7
-0.75940 1.48167 -0.68794 0.46637 0.17250 0.37018 0.09025 0.00961 0.62406 0.00122 7
1.31652 -0.67475 -0.68794 0.84108 0.92824 0.84834 0.46444 0.46013 0.70617 0.47534 7
-0.75940 1.48167 -0.68794 0.92435 0.92824 0.96788 0.87228 0.80929 1.01635 0.79861 7
-0.75940 1.48167 -0.68794 0.42474 0.72671 0.72880 0.55315 0.66062 0.61950 0.51126 7
-0.75940 -0.67475 1.45328 0.21656 0.37403 -0.70568 -0.07187 0.08394 -0.35209 0.15207 7
1.31652 -0.67475 -0.68794 0.46637 0.42441 0.01156 -0.00967 -0.05797 -0.03735 0.17363 7
-0.75940 1.48167 -0.68794 0.92435 0.87786 0.84834 0.82946 0.72594 1.16688 0.77706 7
-0.75940 1.48167 -0.68794 1.00762 1.28092 1.20696 0.83762 0.48942 0.52827 1.33021 7
1.31652 -0.67475 -0.68794 0.54964 0.32365 -0.10798 0.27990 0.35876 0.30932 0.15567 7
1.31652 -0.67475 -0.68794 -1.40718 -1.28861 -1.06430 -1.18935 -1.18879 -1.08192 -1.17692 7
-0.75940 1.48167 -0.68794 0.29983 0.32365 0.01156 0.20343 0.10422 0.06757 0.43943 7
-0.75940 1.48167 -0.68794 0.25820 0.17250 0.01156 -0.08308 -0.34856 -0.19243 0.33167 7
-0.75940 1.48167 -0.68794 0.05003 0.07173 -0.58614 -0.48378 -0.56932 -0.20156 -0.42263 7
-0.75940 1.48167 -0.68794 -0.44959 -0.58325 0.13110 -0.63468 -0.77656 -0.52086 -0.42263 7
1.31652 -0.67475 -0.68794 -0.28305 -0.12980 0.01156 -0.57045 -0.62113 -0.48437 -0.63814 7
1.31652 -0.67475 -0.68794 0.79945 0.57556 1.20696 1.04561 0.95121 1.24898 0.83453 7
-0.75940 -0.67475 1.45328 -1.11574 -0.98631 -0.94476 -1.07413 -1.09643 -1.06367 -0.88957 7
-0.75940 1.48167 -0.68794 0.46637 0.52518 -0.46660 0.33597 0.46464 0.52827 0.29575 7
1.31652 -0.67475 -0.68794 0.29983 0.27326 0.96788 0.12288 0.00285 0.21353 0.08024 7
-0.75940 1.48167 -0.68794 -0.94920 -1.03669 -0.94476 -0.94974 -0.83738 -1.05455 -0.92549 7
-0.75940 -0.67475 1.45328 -0.44959 -0.58325 -0.22752 -0.73970 -0.78782 -0.74437 -0.67406 7
1.31652 -0.67475 -0.68794 -0.57449 -0.58325 -0.46660 -0.70402 -0.80134 -0.33384 -0.56630 7
-0.75940 1.48167 -0.68794 -0.19978 -0.33133 -0.58614 -0.47767 -0.78557 -0.29735 -0.35079 7
1.31652 -0.67475 -0.68794 0.00839 -0.07942 -0.22752 0.00155 -0.53553 0.01739 0.25983 7
1.31652 -0.67475 -0.68794 0.17493 0.42441 0.25064 0.30437 -0.10302 0.09038 0.43943 7
1.31652 -0.67475 -0.68794 0.05003 0.02135 0.60926 -0.19728 -0.76755 -0.09664 0.51126 7
1.31652 -0.67475 -0.68794 0.05003 0.02135 0.37018 -0.23092 -0.35532 -0.11033 -0.17838 7
1.31652 -0.67475 -0.68794 -0.03324 0.12212 0.48972 -0.17077 -0.47020 -0.21524 0.35681 7
1.31652 -0.67475 -0.68794 0.63291 0.67633 0.84834 1.05173 0.85434 0.97530 0.87045 7
-0.75940 1.48167 -0.68794 0.79945 0.97863 0.48972 1.10883 1.21251 0.86126 0.93151 7
-0.75940 1.48167 -0.68794 1.34069 1.33131 0.48972 1.71039 2.13384 1.79636 1.69658 7
1.31652 -0.67475 -0.68794 0.54964 0.57556 0.37018 0.62656 0.74396 0.73810 0.25983 7
-0.75940 1.48167 -0.68794 0.59127 0.62595 0.37018 0.59597 0.41508 -0.02366 -0.60222 7
-0.75940 1.48167 -0.68794 0.88272 0.87786 0.60926 0.97628 1.07961 0.94337 0.54718 7
1.31652 -0.67475 -0.68794 1.04925 0.92824 0.37018 0.76115 0.92643 1.21249 0.39632 7
-0.75940 1.48167 -0.68794 1.13252 1.23054 1.08742 1.05479 0.84083 0.82021 1.70377 7
-0.75940 1.48167 -0.68794 1.54887 1.53284 0.96788 1.67879 1.69232 1.82829 1.53495 7
-0.75940 1.48167 -0.68794 1.88194 1.63361 1.68512 2.86968 3.37729 3.09181 2.19945 7
-0.75940 1.48167 -0.68794 1.92358 2.18782 1.68512 3.41822 3.77150 3.03251 3.15848 7
-0.75940 1.48167 -0.68794 2.13175 2.23820 1.80466 3.72818 5.08478 2.90023 2.49398 7
-0.75940 -0.67475 1.45328 0.21656 0.22288 0.13110 -0.08002 0.06818 -0.08752 -0.11373 7
1.31652 -0.67475 -0.68794 0.63291 0.72671 0.37018 0.37778 0.41283 0.07213 0.61902 7
-0.75940 -0.67475 1.45328 0.67454 0.77709 0.25064 0.83456 1.22603 0.41424 0.65494 7
-0.75940 1.48167 -0.68794 0.84108 0.97863 0.84834 0.65511 0.84759 0.68793 0.47175 7
-0.75940 1.48167 -0.68794 0.67454 0.77709 0.60926 0.25033 0.42409 0.11318 0.27061 7
1.31652 -0.67475 -0.68794 0.84108 0.62595 0.96788 0.62656 0.41283 1.31284 0.47534 7
1.31652 -0.67475 -0.68794 0.88272 0.72671 0.25064 0.90185 1.35668 0.56477 0.51126 7
-0.75940 1.48167 -0.68794 1.00762 0.97863 0.60926 0.99769 0.85885 1.10302 0.69086 7
-0.75940 1.48167 -0.68794 1.09089 1.33131 1.80466 1.48200 1.51211 1.05284 1.47389 7
1.31652 -0.67475 -0.68794 1.09089 1.02901 1.80466 1.94694 2.38388 2.08829 1.29789 7
1.31652 -0.67475 -0.68794 0.88272 0.87786 0.84834 0.89879 1.10664 0.82477 0.64057 7
1.31652 -0.67475 -0.68794 1.04925 1.18016 1.08742 1.34436 1.37695 1.42688 0.99976 7
1.31652 -0.67475 -0.68794 1.17416 0.97863 0.48972 0.93856 1.14944 0.66056 0.91715 7
1.31652 -0.67475 -0.68794 1.21579 1.12978 0.60926 1.14452 1.58419 0.96617 0.43943 7
-0.75940 1.48167 -0.68794 1.21579 1.33131 1.32650 1.61149 1.71485 1.36758 1.62475 7
1.31652 -0.67475 -0.68794 1.34069 1.12978 0.25064 1.11087 1.61798 1.02547 0.58310 7
-0.75940 1.48167 -0.68794 1.34069 1.58322 0.84834 1.65024 1.88379 1.77355 1.43079 7
-0.75940 -0.67475 1.45328 -0.86593 -0.83516 -0.94476 -0.93954 -0.86441 -1.07736 -0.90035 7
1.31652 -0.67475 -0.68794 0.75781 0.62595 0.13110 0.40735 0.37904 0.92968 0.33167 8
1.31652 -0.67475 -0.68794 0.84108 0.87786 0.37018 0.44813 0.57502 0.28652 0.59388 8
-0.75940 1.48167 -0.68794 0.92435 0.97863 0.37018 0.93958 1.05708 1.21705 0.76269 8
1.31652 -0.67475 -0.68794 0.96598 1.23054 0.60926 0.73566 0.52771 1.08933 0.79861 8
-0.75940 1.48167 -0.68794 0.96598 0.77709 1.08742 1.20467 1.41525 1.51355 0.62261 8
-0.75940 1.48167 -0.68794 1.67377 1.63361 1.56558 1.61251 1.73287 1.22618 1.78997 8
-0.75940 1.48167 -0.68794 1.88194 1.43207 1.32650 2.04686 2.12032 1.69144 1.44515 8
1.31652 -0.67475 -0.68794 1.34069 1.43207 1.44604 1.92451 2.04373 1.88303 1.80434 8
-0.75940 1.48167 -0.68794 -0.74103 -0.58325 -0.46660 -0.75500 -0.75403 -0.73525 -0.78182 8
-0.75940 1.48167 -0.68794 1.54887 1.58322 1.32650 2.01525 1.91758 2.84093 1.80434 8
-0.75940 1.48167 -0.68794 1.00762 0.92824 1.44604 1.22302 1.25982 1.13495 0.87045 8
1.31652 -0.67475 -0.68794 0.50801 0.22288 0.48972 0.25746 0.01411 -0.04191 0.22391 8
-0.75940 1.48167 -0.68794 0.46637 0.47480 -0.46660 0.22688 0.17855 0.69705 0.18799 8
1.31652 -0.67475 -0.68794 0.29983 0.47480 0.60926 0.06374 0.18982 -0.10121 0.04432 8
1.31652 -0.67475 -0.68794 -0.15815 -0.07942 -0.22752 -0.13202 -0.25170 0.07669 -0.15324 8
-0.75940 1.48167 -0.68794 0.17493 0.32365 0.84834 -0.11061 -0.27422 0.06301 0.18799 8
-0.75940 -0.67475 1.45328 -0.44959 -0.58325 -0.10798 -0.53374 -0.57608 -0.31103 -0.62018 8
1.31652 -0.67475 -0.68794 -1.78189 -1.74205 -1.90108 -1.44527 -1.43207 -1.34648 -1.42836 8
-0.75940 1.48167 -0.68794 -0.03324 -0.02903 0.01156 -0.27986 -0.37559 -0.39770 -0.17120 8
1.31652 -0.67475 -0.68794 -0.19978 -0.18018 -0.22752 -0.24418 -0.38010 -0.11489 -0.42263 8
-0.75940 1.48167 -0.68794 0.88272 1.02901 1.08742 0.82844 0.68540 1.53635 0.48612 8
1.31652 -0.67475 -0.68794 0.46637 0.52518 0.96788 0.64491 0.54348 0.87951 0.61902 8
-0.75940 1.48167 -0.68794 0.92435 0.87786 1.32650 0.95487 0.88588 1.07565 0.94229 8
-0.75940 1.48167 -0.68794 1.67377 1.23054 1.20696 1.84090 2.12032 1.98338 1.19372 8
1.31652 -0.67475 -0.68794 1.75704 1.63361 0.84834 2.14372 2.47849 1.88303 1.78997 8
-0.75940 1.48167 -0.68794 1.13252 1.18016 1.44604 1.29338 1.32064 1.08477 1.31585 8
-0.75940 1.48167 -0.68794 1.09089 1.07939 0.37018 0.97934 0.74171 1.50899 1.05005 8
1.31652 -0.67475 -0.68794 1.17416 1.07939 1.20696 1.65126 2.12483 1.61390 0.94947 8
-0.75940 1.48167 -0.68794 0.46637 0.32365 -0.34706 -0.08818 0.01637 0.13599 -0.31487 8
1.31652 -0.67475 -0.68794 0.63291 0.57556 0.60926 0.44609 0.47590 0.49178 0.54718 8
-0.75940 1.48167 -0.68794 0.92435 0.77709 1.20696 1.11699 1.23729 0.98442 1.20090 8
1.31652 -0.67475 -0.68794 0.92435 1.12978 0.84834 0.94467 1.08411 0.80652 0.92074 8
-0.75940 1.48167 -0.68794 0.92435 1.18016 0.96788 1.10271 1.23729 1.25354 0.89200 8
-0.75940 1.48167 -0.68794 1.21579 1.07939 0.72880 1.21895 1.35668 1.44969 0.94229 8
1.31652 -0.67475 -0.68794 1.46560 1.38169 1.08742 1.60028 1.75990 2.03355 0.93151 8
-0.75940 -0.67475 1.45328 -0.03324 0.02135 0.01156 -0.33900 -0.36883 -0.22893 -0.30769 8
-0.75940 -0.67475 1.45328 -0.03324 -0.12980 -0.58614 -0.37571 -0.19763 -0.51174 -0.37952 8
-0.75940 -0.67475 1.45328 0.21656 0.37403 0.13110 -0.09328 -0.24719 -0.21524 0.18799 8
-0.75940 1.48167 -0.68794 0.63291 0.42441 0.01156 0.08209 -0.07599 0.13143 0.37477 8
1.31652 -0.67475 -0.68794 0.75781 0.77709 1.80466 0.27072 0.28218 -0.04191 0.36759 8
1.31652 -0.67475 -0.68794 0.88272 1.07939 0.84834 0.74789 0.59754 0.60582 0.94229 8
-0.75940 1.48167 -0.68794 1.09089 0.47480 0.72880 0.93958 1.02554 1.23986 0.73755 8
-0.75940 1.48167 -0.68794 1.42396 1.28092 1.44604 1.54318 1.38596 1.39951 1.66785 8
-0.75940 1.48167 -0.68794 -0.03324 0.22288 0.25064 -0.20543 -0.25846 -0.21068 -0.02752 8
1.31652 -0.67475 -0.68794 1.21579 1.07939 0.60926 0.70303 0.75072 0.95249 0.55437 8
1.31652 -0.67475 -0.68794 0.38310 0.47480 0.25064 0.26766 0.12449 0.52827 0.25983 8
1.31652 -0.67475 -0.68794 0.59127 0.92824 0.60926 0.47158 0.19207 0.90687 0.25983 8
1.31652 -0.67475 -0.68794 0.21656 0.42441 0.72880 -0.03822 -0.19088 -0.21524 -0.13528 8
-0.75940 1.48167 -0.68794 1.13252 1.18016 1.20696 1.71549 1.32064 2.79988 1.80434 8
-0.75940 1.48167 -0.68794 -0.61612 -0.58325 -0.34706 -0.78558 -0.78557 -0.82648 -0.67406 8
-0.75940 -0.67475 1.45328 -0.65776 -0.63363 -0.22752 -0.85900 -1.00408 -1.05911 -0.42263 8
1.31652 -0.67475 -0.68794 0.63291 0.67633 0.25064 0.53072 0.72144 0.38687 0.38195 8
-0.75940 1.48167 -0.68794 1.04925 1.12978 1.32650 1.62882 1.48508 1.91496 1.38768 8
1.31652 -0.67475 -0.68794 1.34069 1.23054 0.72880 1.49118 1.29586 1.84653 1.62475 8
-0.75940 1.48167 -0.68794 0.50801 0.12212 0.37018 0.41856 0.34975 0.38231 0.58310 8
-0.75940 1.48167 -0.68794 1.17416 1.33131 1.32650 1.90718 2.21268 1.65039 1.66067 8
1.31652 -0.67475 -0.68794 1.21579 1.33131 1.32650 0.79173 0.77775 0.84758 0.66571 8
-0.75940 1.48167 -0.68794 1.25743 1.28092 1.08742 1.48608 1.55041 2.01987 1.15780 8
-0.75940 1.48167 -0.68794 1.25743 1.33131 1.68512 1.55847 1.47156 1.25354 1.51699 8
-0.75940 1.48167 -0.68794 1.50723 1.53284 0.72880 1.28216 1.11565 1.25354 1.44515 8
1.31652 -0.67475 -0.68794 -0.19978 0.12212 -0.34706 -0.42567 -0.47020 -0.27910 -0.24303 8
-0.75940 -0.67475 1.45328 0.13330 -0.07942 0.13110 -0.14630 -0.19989 0.00371 -0.17120 8
1.31652 -0.67475 -0.68794 -0.03324 0.02135 -0.58614 -0.11979 -0.43416 -0.21524 0.15207 8
1.31652 -0.67475 -0.68794 1.63214 1.38169 1.32650 1.87353 2.08203 1.84653 1.66426 8
-0.75940 1.48167 -0.68794 1.38233 1.28092 1.08742 2.03361 1.97165 2.08373 1.86900 8
-0.75940 1.48167 -0.68794 0.88272 1.07939 0.48972 1.03440 0.87236 1.27635 0.79861 8
1.31652 -0.67475 -0.68794 0.29983 0.42441 0.13110 0.21770 0.29569 -0.14682 0.24187 8
-0.75940 1.48167 -0.68794 0.84108 0.82748 1.20696 1.77973 1.74413 2.09741 1.05364 8
-0.75940 1.48167 -0.68794 1.54887 1.38169 0.84834 2.19878 2.31179 2.51707 1.69658 8
-0.75940 -0.67475 1.45328 0.46637 0.17250 0.13110 0.00256 0.08845 -0.18331 0.13411 8
1.31652 -0.67475 -0.68794 0.50801 0.42441 0.25064 0.34311 0.20784 0.93424 0.08742 8
1.31652 -0.67475 -0.68794 1.42396 1.43207 1.32650 1.70428 1.65628 1.63671 1.48107 8
1.31652 -0.67475 -0.68794 -0.19978 -0.07942 -0.22752 -0.33492 -0.45669 -0.43419 0.00840 8
-0.75940 1.48167 -0.68794 0.34147 0.32365 0.37018 0.22586 0.30695 0.30476 0.22391 8
1.31652 -0.67475 -0.68794 0.79945 1.02901 0.84834 1.60333 0.68089 0.10406 3.13334 8
-0.75940 1.48167 -0.68794 0.42474 0.42441 0.48972 0.30335 -0.20664 0.45985 0.65494 8
-0.75940 1.48167 -0.68794 -0.90756 -0.83516 -0.82522 -0.91507 -0.90045 -0.93139 -0.85365 8
-0.75940 1.48167 -0.68794 0.38310 0.32365 -0.34706 0.07394 0.03664 -0.07384 0.22391 8
-0.75940 1.48167 -0.68794 1.13252 1.23054 1.08742 1.05989 0.60205 0.58757 1.80434 8
1.31652 -0.67475 -0.68794 -0.19978 -0.28095 0.37018 -0.47563 -0.65717 -0.17875 -0.27895 8
1.31652 -0.67475 -0.68794 0.79945 0.57556 1.08742 0.90797 0.98950 1.14863 0.58310 8
-0.75940 1.48167 -0.68794 -0.15815 -0.33133 0.96788 -0.53170 -0.57157 -0.28366 -0.49447 8
1.31652 -0.67475 -0.68794 0.13330 0.12212 0.37018 -0.18402 -0.03545 -0.26086 -0.17120 8
1.31652 -0.67475 -0.68794 0.17493 0.32365 -0.46660 0.05660 -0.05347 -0.08296 0.00840 8
-0.75940 1.48167 -0.68794 0.50801 0.57556 0.72880 0.33190 0.12224 0.39599 0.18799 8
-0.75940 1.48167 -0.68794 1.13252 0.92824 0.60926 0.73770 0.44662 1.07109 0.94229 8
1.31652 -0.67475 -0.68794 0.09166 0.12212 0.25064 -0.26355 -0.45894 -0.25173 0.00840 8
-0.75940 -0.67475 1.45328 -0.07488 -0.18018 0.01156 -0.55719 -0.71799 -0.61209 -0.11013 8
-0.75940 1.48167 -0.68794 -0.44959 -0.53286 0.01156 -0.80700 -0.93199 -0.78086 -0.62377 8
-0.75940 1.48167 -0.68794 -0.03324 -0.02903 -0.34706 -0.37775 -0.53102 -0.06471 -0.20711 8
1.31652 -0.67475 -0.68794 -0.15815 -0.23057 0.25064 -0.38182 -0.51075 -0.26086 -0.17120 8
-0.75940 1.48167 -0.68794 -0.03324 0.02135 -0.58614 -0.04434 -0.33279 -0.01454 -0.02752 8
-0.75940 1.48167 -0.68794 1.25743 1.58322 1.32650 2.05706 1.82523 1.65039 2.25692 8
-0.75940 1.48167 -0.68794 0.84108 0.72671 0.37018 0.76421 1.02329 0.53284 0.57232 8
1.31652 -0.67475 -0.68794 1.00762 0.92824 0.84834 0.93244 0.92417 0.97986 1.05723 8
-0.75940 1.48167 -0.68794 1.00762 0.72671 1.20696 1.10577 1.50085 1.00267 0.79861 8
1.31652 -0.67475 -0.68794 1.17416 1.12978 0.84834 1.10883 1.11114 1.27179 1.12188 8
-0.75940 1.48167 -0.68794 1.79867 1.58322 1.56558 2.63109 2.73078 3.08269 1.74687 8
1.31652 -0.67475 -0.68794 1.88194 1.88552 1.56558 2.83807 3.26015 2.19320 2.81007 8
1.31652 -0.67475 -0.68794 2.09011 2.23820 2.64144 3.97798 4.45630 5.28587 2.43651 8
1.31652 -0.67475 -0.68794 0.92435 1.18016 0.48972 0.74687 0.82956 0.59670 0.69086 9
-0.75940 1.48167 -0.68794 1.00762 1.02901 0.96788 1.61251 1.90182 1.29004 1.64271 9
1.31652 -0.67475 -0.68794 1.29906 1.33131 1.20696 1.61965 1.60897 1.58197 1.67144 9
-0.75940 1.48167 -0.68794 1.38233 1.33131 1.32650 0.86413 1.66979 1.97882 1.60320 9
-0.75940 1.48167 -0.68794 1.63214 1.68399 1.80466 2.59235 2.23971 2.75426 2.60892 9
1.31652 -0.67475 -0.68794 0.79945 1.02901 0.84834 0.65613 0.35201 0.41880 1.15780 9
-0.75940 1.48167 -0.68794 -0.15815 -0.18018 0.84834 -0.27884 -0.41614 -0.27910 -0.17120 9
1.31652 -0.67475 -0.68794 0.38310 0.42441 0.48972 0.06680 0.05917 0.33669 0.11616 9
-0.75940 -0.67475 1.45328 0.29983 0.32365 0.72880 0.23605 -0.02193 0.33669 0.43943 9
-0.75940 1.48167 -0.68794 -0.61612 -0.63363 -0.58614 -0.67853 -0.76079 -0.58016 -0.70998 9
-0.75940 1.48167 -0.68794 -0.40795 -0.43210 -0.22752 -0.71013 -0.76079 -0.60753 -0.65610 9
-0.75940 1.48167 -0.68794 -0.36632 -0.18018 -0.34706 -0.28190 -0.63239 -0.23349 -0.27895 9
-0.75940 1.48167 -0.68794 1.21579 1.18016 1.20696 1.42389 0.97373 1.57285 1.44515 9
1.31652 -0.67475 -0.68794 1.84031 1.68399 1.44604 2.15188 2.67897 1.41776 1.84026 9
-0.75940 1.48167 -0.68794 1.88194 2.08705 1.56558 2.92575 2.07977 2.21145 3.49971 9
1.31652 -0.67475 -0.68794 0.34147 0.42441 0.01156 0.36044 0.08620 0.57845 0.18799 9
-0.75940 1.48167 -0.68794 -1.07410 -1.08708 -0.82522 -1.00174 -0.97254 -0.95876 -1.01170 9
-0.75940 -0.67475 1.45328 -1.24064 -1.28861 -0.94476 -1.16691 -1.09418 -1.11385 -1.19488 9
-0.75940 1.48167 -0.68794 -0.82430 -0.83516 -0.10798 -0.91100 -0.95902 -0.92683 -0.70998 9
-0.75940 1.48167 -0.68794 -0.36632 -0.28095 0.13110 -0.48684 -0.57382 -0.36121 -0.06344 9
1.31652 -0.67475 -0.68794 0.63291 0.67633 0.48972 0.68366 0.65386 0.75635 0.69086 9
-0.75940 1.48167 -0.68794 1.13252 0.92824 0.37018 1.11699 1.30262 0.97986 0.69086 9
-0.75940 1.48167 -0.68794 0.59127 0.42441 0.60926 0.51440 0.58853 0.65599 0.28857 9
1.31652 -0.67475 -0.68794 0.88272 0.82748 0.48972 0.53276 0.21460 0.39599 0.82735 9
1.31652 -0.67475 -0.68794 0.21656 0.02135 0.25064 -0.08920 -0.34856 0.04932 0.25983 9
-0.75940 1.48167 -0.68794 0.34147 0.42441 0.60926 0.30131 -0.16835 0.57845 0.94229 9
-0.75940 1.48167 -0.68794 -0.61612 -0.48248 -0.70568 -0.77845 -0.70448 -0.89946 -0.78182 9
-0.75940 1.48167 -0.68794 0.42474 0.42441 -0.94476 0.20954 0.32272 0.37775 -0.02752 9
1.31652 -0.67475 -0.68794 0.79945 0.92824 1.44604 0.79989 0.45563 0.75179 1.37332 9
-0.75940 1.48167 -0.68794 0.00839 0.22288 -0.34706 -0.03210 -0.12555 -0.13314 -0.44059 9
1.31652 -0.67475 -0.68794 1.63214 1.93590 2.28282 2.87477 2.81413 2.10197 2.74542 9
-0.75940 1.48167 -0.68794 0.92435 0.92824 0.84834 1.32193 1.46255 1.09389 1.08596 9
-0.75940 1.48167 -0.68794 0.59127 0.87786 1.08742 0.93040 0.25514 0.39599 1.76842 9
1.31652 -0.67475 -0.68794 0.25820 0.17250 -0.22752 -0.12692 -0.42965 -0.11489 0.25983 9
-0.75940 1.48167 -0.68794 0.67454 0.42441 1.32650 0.54907 0.54799 0.99354 0.54718 9
1.31652 -0.67475 -0.68794 0.79945 0.82748 1.20696 0.79377 0.83857 1.05740 0.83453 9
1.31652 -0.67475 -0.68794 0.75781 0.72671 0.96788 0.67448 0.56375 0.32757 0.61902 9
-0.75940 1.48167 -0.68794 0.05003 0.27326 0.72880 -0.02700 -0.27422 -0.23349 0.25983 9
-0.75940 1.48167 -0.68794 0.00839 0.07173 0.72880 0.00766 -0.37784 -0.11033 0.51126 9
-0.75940 1.48167 -0.68794 0.54964 0.67633 0.48972 0.55621 0.53222 0.68336 0.40351 9
1.31652 -0.67475 -0.68794 1.25743 1.18016 1.08742 1.54624 1.50535 1.41776 1.12188 9
1.31652 -0.67475 -0.68794 0.46637 0.42441 0.84834 0.48789 0.29569 0.20441 0.58310 9
-0.75940 1.48167 -0.68794 0.50801 0.57556 0.01156 0.16162 0.09746 -0.17419 0.54718 9
-0.75940 1.48167 -0.68794 -0.53285 -0.53286 -0.22752 -0.75602 -0.75403 -0.68507 -0.78182 9
-0.75940 1.48167 -0.68794 0.21656 0.02135 0.13110 -0.00049 -0.22467 0.09038 0.08024 9
-0.75940 -0.67475 1.45328 -0.11651 -0.07942 0.25064 -0.17077 -0.32829 -0.11945 -0.02752 9
-0.75940 -0.67475 1.45328 0.67454 0.62595 0.01156 0.22484 -0.09401 0.18617 0.58310 9
-0.75940 1.48167 -0.68794 0.09166 -0.07942 0.25064 -0.04943 -0.11203 0.29108 -0.20711 9
1.31652 -0.67475 -0.68794 -0.15815 -0.07942 -0.34706 -0.11979 -0.38686 -0.19700 0.11616 9
1.31652 -0.67475 -0.68794 -0.15815 -0.28095 -0.22752 -0.35226 -0.59635 -0.01910 -0.13528 9
-0.75940 1.48167 -0.68794 0.67454 0.52518 0.72880 0.59801 -0.05572 1.13039 0.54718 9
1.31652 -0.67475 -0.68794 0.38310 0.32365 0.37018 0.58578 0.53222 0.46441 0.22391 9
1.31652 -0.67475 -0.68794 0.29983 0.02135 0.60926 0.20648 -0.03995 0.51459 0.43943 9
1.31652 -0.67475 -0.68794 1.67377 1.68399 2.40236 2.81666 4.46756 2.12022 1.88695 9
-0.75940 -0.67475 1.45328 0.92435 0.92824 0.60926 1.34640 1.60222 1.49530 0.88123 9
-0.75940 1.48167 -0.68794 1.21579 1.12978 1.20696 1.00177 0.73946 1.17600 1.35536 9
1.31652 -0.67475 -0.68794 1.42396 1.38169 1.08742 1.51463 1.37470 1.85110 1.52058 9
1.31652 -0.67475 -0.68794 1.46560 1.43207 1.32650 1.62271 1.42201 1.51811 2.12761 9
1.31652 -0.67475 -0.68794 0.21656 0.22288 0.48972 0.20547 -0.19088 -0.06471 0.83453 9
-0.75940 -0.67475 1.45328 -0.78266 -0.83516 -0.70568 -0.94056 -1.00858 -0.79455 -0.85365 9
-0.75940 1.48167 -0.68794 0.84108 1.18016 1.32650 1.06703 0.41058 0.58301 2.09169 9
1.31652 -0.67475 -0.68794 0.25820 0.22288 0.60926 -0.14528 -0.38686 -0.15594 0.25983 9
1.31652 -0.67475 -0.68794 -0.44959 -0.33133 -0.22752 -0.50825 -0.65267 -0.15138 -0.31487 9
1.31652 -0.67475 -0.68794 0.09166 0.27326 0.37018 0.12798 -0.08050 -0.03278 0.08024 9
-0.75940 1.48167 -0.68794 1.00762 1.18016 1.44604 1.26483 1.08862 0.69249 1.91210 9
-0.75940 -0.67475 1.45328 -0.65776 -0.78478 -0.94476 -0.79884 -0.88469 -0.95876 -0.49447 9
1.31652 -0.67475 -0.68794 1.21579 1.02901 0.96788 1.73588 2.55282 1.06653 1.11111 9
1.31652 -0.67475 -0.68794 1.46560 1.33131 1.56558 1.85823 1.93335 1.75530 1.77920 9
1.31652 -0.67475 -0.68794 0.09166 -0.02903 0.84834 0.90083 0.84984 1.33109 0.70522 9
1.31652 -0.67475 -0.68794 0.75781 0.82748 0.72880 0.64491 0.59529 0.25003 0.74833 9
-0.75940 1.48167 -0.68794 -0.40795 -0.33133 0.01156 -0.66833 -0.75403 -0.57560 -0.45855 9
-0.75940 1.48167 -0.68794 0.46637 0.67633 0.60926 0.42774 0.24613 0.72442 0.47534 9
-0.75940 -0.67475 1.45328 -0.69939 -0.68401 -0.34706 -0.69178 -0.83738 -0.84928 -0.27895 9
1.31652 -0.67475 -0.68794 1.54887 1.43207 1.44604 2.19368 2.35459 2.36654 1.87618 9
1.31652 -0.67475 -0.68794 1.79867 1.98629 1.44604 3.39273 3.54173 3.59813 2.04500 9
-0.75940 1.48167 -0.68794 1.75704 1.58322 2.04374 2.46388 2.30053 3.04620 2.36108 9
1.31652 -0.67475 -0.68794 1.42396 1.73437 1.44604 2.18349 1.42201 2.71321 2.08810 9
-0.75940 1.48167 -0.68794 -0.19978 -0.07942 0.25064 -0.04128 -0.38911 -0.62577 0.40351 9
1.31652 -0.67475 -0.68794 -0.57449 -0.53286 -0.10798 -0.72237 -0.77881 -0.79455 -0.50883 9
-0.75940 -0.67475 1.45328 0.75781 0.52518 1.20696 0.48382 0.33399 0.41424 0.65494 9
-0.75940 1.48167 -0.68794 -0.40795 -0.07942 -0.58614 -0.58676 -0.78106 -0.71244 -0.20711 9
1.31652 -0.67475 -0.68794 0.05003 0.17250 -0.70568 -0.18300 -0.55130 -0.17875 0.40351 9
-0.75940 1.48167 -0.68794 0.00839 0.07173 0.25064 -0.23092 -0.55805 -0.08752 0.22391 9
1.31652 -0.67475 -0.68794 0.46637 0.42441 0.01156 0.37574 0.09295 0.32301 0.87045 9
1.31652 -0.67475 -0.68794 0.38310 0.72671 0.96788 0.22586 0.17855 0.17704 0.40351 9
1.31652 -0.67475 -0.68794 -0.03324 0.42441 0.25064 0.13511 0.00961 0.04932 -0.02752 9
1.31652 -0.67475 -0.68794 -0.07488 -0.28095 0.84834 0.26052 -0.15483 -0.20612 0.51126 9
-0.75940 1.48167 -0.68794 0.92435 1.28092 1.20696 0.84271 0.97599 0.61038 1.08596 9
-0.75940 1.48167 -0.68794 0.79945 1.02901 1.56558 1.05785 0.53222 0.69249 1.73250 9
-0.75940 1.48167 -0.68794 1.46560 1.68399 0.72880 0.98138 0.67639 1.21705 1.30148 9
1.31652 -0.67475 -0.68794 -0.28305 0.12212 -0.34706 -0.44810 -0.54229 -0.33840 -0.13528 9
1.31652 -0.67475 -0.68794 0.09166 0.12212 -0.22752 -0.04740 -0.26296 0.00371 0.29575 9
1.31652 -0.67475 -0.68794 0.88272 0.97863 0.60926 0.87942 0.41959 0.86582 1.20090 9
-0.75940 1.48167 -0.68794 1.67377 1.58322 1.68512 2.67901 3.02137 2.79532 1.89773 9
1.31652 -0.67475 -0.68794 1.29906 1.23054 1.56558 1.36067 1.00527 1.42688 1.62475 9
-0.75940 1.48167 -0.68794 0.46637 0.42441 2.28282 0.49401 -0.26747 0.23178 1.12188 9
1.31652 -0.67475 -0.68794 -0.24141 -0.23057 -0.10798 -0.39814 -0.71799 -0.52998 0.15207 9
1.31652 -0.67475 -0.68794 1.04925 0.87786 0.96788 1.96631 1.98742 1.44513 2.09169 9
-0.75940 1.48167 -0.68794 0.92435 1.02901 0.84834 0.78256 0.96472 0.73354 0.87045 9
-0.75940 1.48167 -0.68794 0.46637 0.67633 -0.10798 0.19629 0.14251 -0.14226 0.25983 9
-0.75940 -0.67475 1.45328 0.71618 0.67633 0.72880 0.42774 0.37904 0.55108 0.58310 10
-0.75940 -0.67475 1.45328 -0.19978 -0.23057 0.37018 -0.13610 0.09070 -0.17875 -0.35079 10
-0.75940 1.48167 -0.68794 1.42396 1.23054 1.44604 2.48529 1.75990 2.17952 2.66280 10
-0.75940 1.48167 -0.68794 1.71540 1.43207 1.56558 2.20082 0.82055 1.60478 2.56941 10
1.31652 -0.67475 -0.68794 0.50801 0.42441 0.25064 0.44507 0.32498 0.87038 0.54718 10
-0.75940 1.48167 -0.68794 0.00839 -0.02903 -0.58614 -0.22175 -0.22016 0.09950 -0.27895 10
1.31652 -0.67475 -0.68794 1.42396 1.23054 0.25064 1.32193 1.25306 1.11214 1.37332 10
-0.75940 1.48167 -0.68794 1.09089 1.02901 0.48972 0.53683 0.16504 0.92968 0.94229 10
-0.75940 1.48167 -0.68794 0.59127 0.77709 0.13110 0.86209 0.64935 1.02091 0.65494 10
1.31652 -0.67475 -0.68794 -0.36632 -0.28095 -0.10798 -0.61327 -0.71799 -0.37489 -0.56630 10
1.31652 -0.67475 -0.68794 -0.19978 -0.33133 -0.22752 -0.21971 -0.24269 -0.07384 -0.13528 10
1.31652 -0.67475 -0.68794 0.75781 0.87786 1.44604 0.96914 0.99175 1.19425 0.94947 10
-0.75940 1.48167 -0.68794 0.84108 0.77709 -0.10798 0.96609 1.12916 0.79284 0.87404 10
-0.75940 -0.67475 1.45328 0.46637 0.12212 0.48972 -0.20543 -0.39136 0.08581 -0.35079 10
1.31652 -0.67475 -0.68794 0.21656 0.42441 0.84834 0.55009 0.07719 0.31389 1.15780 10
1.31652 -0.67475 -0.68794 -0.57449 -0.43210 -1.06430 -0.64182 -0.60761 -0.72612 -0.63814 10
1.31652 -0.67475 -0.68794 1.42396 1.53284 1.20696 1.35659 1.03005 1.47706 1.76842 10
1.31652 -0.67475 -0.68794 0.21656 0.27326 0.13110 0.02907 -0.14132 0.09950 0.11616 10
1.31652 -0.67475 -0.68794 0.71618 0.67633 0.60926 0.58578 0.30921 0.36406 0.54718 10
1.31652 -0.67475 -0.68794 0.67454 0.62595 0.96788 0.63574 0.07268 0.91144 1.05005 10
-0.75940 1.48167 -0.68794 0.84108 0.92824 0.25064 0.25339 -0.06698 0.39143 0.47534 10
1.31652 -0.67475 -0.68794 -0.86593 -0.83516 -0.58614 -1.10166 -1.16852 -1.12753 -0.90035 10
-0.75940 -0.67475 1.45328 -0.49122 -0.48248 -0.82522 -0.67445 -0.65492 -0.58928 -0.70998 10
1.31652 -0.67475 -0.68794 0.25820 0.32365 0.25064 0.53683 0.25514 0.28652 1.44874 10
1.31652 -0.67475 -0.68794 1.42396 1.07939 0.84834 1.40247 0.98500 2.09741 1.08596 10
1.31652 -0.67475 -0.68794 0.38310 0.22288 -0.46660 0.47464 -0.05121 -0.12401 0.51126 10
1.31652 -0.67475 -0.68794 -0.07488 -0.02903 0.13110 -0.27273 -0.65041 -0.15594 -0.03470 10
-0.75940 1.48167 -0.68794 1.46560 1.28092 0.84834 1.92553 1.44678 2.73146 1.96238 10
1.31652 -0.67475 -0.68794 0.79945 0.87786 1.32650 1.39840 0.98950 1.50899 2.01626 10
-0.75940 1.48167 -0.68794 0.71618 0.72671 0.84834 0.48687 0.14251 0.32301 1.30148 10
-0.75940 -0.67475 1.45328 0.25820 0.47480 0.72880 0.03009 -0.22692 0.09038 0.43943 10
-0.75940 1.48167 -0.68794 1.17416 1.23054 1.08742 1.15573 0.43535 1.27635 1.80434 10
-0.75940 -0.67475 1.45328 -0.36632 -0.28095 -0.34706 -0.62347 -0.67069 -0.69419 -0.45855 10
-0.75940 1.48167 -0.68794 1.38233 1.33131 1.08742 1.51463 1.50535 1.25354 1.66067 10
-0.75940 1.48167 -0.68794 1.21579 1.38169 0.48972 1.45345 1.07735 0.69249 1.84026 10
-0.75940 1.48167 -0.68794 0.13330 0.32365 0.48972 0.53378 0.14251 0.44617 0.83453 10
-0.75940 1.48167 -0.68794 0.17493 0.17250 -0.34706 -0.12387 -0.29450 -0.28366 0.15207 10
-0.75940 1.48167 -0.68794 1.79867 1.93590 1.32650 2.33541 1.07510 2.07917 3.38477 10
1.31652 -0.67475 -0.68794 0.92435 1.07939 0.72880 0.91001 0.67413 0.96161 0.72678 10
-0.75940 1.48167 -0.68794 0.63291 0.72671 0.25064 0.40837 0.22135 0.82021 0.40351 10
1.31652 -0.67475 -0.68794 0.54964 0.77709 -0.46660 0.16774 0.13801 0.01283 0.36759 10
-0.75940 1.48167 -0.68794 0.88272 0.92824 0.37018 0.35942 0.03439 0.16792 0.87045 10
1.31652 -0.67475 -0.68794 1.67377 1.58322 1.80466 2.16615 1.52337 2.66303 2.45088 10
-0.75940 1.48167 -0.68794 1.25743 1.28092 0.48972 1.18530 1.04807 1.24898 1.30148 10
-0.75940 -0.67475 1.45328 -0.61612 -0.58325 0.01156 -0.72339 -0.67294 -0.65314 -0.79978 10
1.31652 -0.67475 -0.68794 0.09166 -0.02903 1.08742 0.01174 -0.18862 -0.07384 0.36759 10
-0.75940 1.48167 -0.68794 0.09166 -0.02903 -0.34706 0.20037 -0.44768 -0.34752 0.76269 10
-0.75940 1.48167 -0.68794 0.84108 1.18016 1.80466 1.52483 0.68540 0.71986 3.06150 10
1.31652 -0.67475 -0.68794 0.59127 0.62595 0.13110 0.33088 0.19883 -0.27454 0.72678 10
-0.75940 1.48167 -0.68794 1.13252 1.07939 0.96788 1.41573 0.81380 1.42232 2.27129 10
1.31652 -0.67475 -0.68794 1.63214 1.68399 2.16328 2.93799 2.36135 1.98794 3.06150 10
-0.75940 1.48167 -0.68794 0.38310 0.27326 0.01156 -0.04128 -0.16159 0.02195 -0.13528 10
1.31652 -0.67475 -0.68794 -0.69939 -0.58325 0.01156 -0.77029 -0.84864 -1.00437 -0.39389 10
-0.75940 -0.67475 1.45328 0.92435 0.72671 1.44604 1.09456 1.19900 0.71986 1.33740 10
-0.75940 1.48167 -0.68794 1.34069 1.18016 0.84834 1.79706 0.82055 1.17144 2.45088 10
1.31652 -0.67475 -0.68794 -0.07488 -0.07942 0.01156 -0.18810 -0.28774 0.03108 -0.38671 10
1.31652 -0.67475 -0.68794 0.92435 0.72671 2.28282 0.47974 0.24163 0.43248 0.87045 10
1.31652 -0.67475 -0.68794 0.42474 0.62595 0.60926 0.04947 -0.30351 -0.01454 0.79861 10
1.31652 -0.67475 -0.68794 0.34147 0.17250 0.48972 0.23197 -0.04446 0.34582 0.25983 10
1.31652 -0.67475 -0.68794 0.42474 -0.07942 0.37018 0.21158 0.00510 0.58301 0.43943 10
-0.75940 1.48167 -0.68794 0.25820 0.27326 0.60926 0.28805 -0.10528 0.46441 0.40351 10
-0.75940 1.48167 -0.68794 -0.19978 -0.28095 0.37018 -0.35429 -0.53553 -0.34296 -0.24303 10
-0.75940 1.48167 -0.68794 0.13330 0.32365 -0.10798 0.26562 -0.54454 0.36862 0.43943 10
1.31652 -0.67475 -0.68794 0.50801 0.57556 1.20696 0.69793 0.14026 0.50091 1.15780 10
1.31652 -0.67475 -0.68794 0.42474 0.27326 0.25064 -0.04841 -0.29900 -0.16507 0.22391 10
1.31652 -0.67475 -0.68794 0.34147 0.42441 -0.58614 0.16264 0.17405 0.14967 0.36759 10
-0.75940 1.48167 -0.68794 0.75781 0.92824 0.60926 0.70915 0.57952 0.57845 0.76269 10
1.31652 -0.67475 -0.68794 1.17416 1.18016 0.60926 1.03848 0.86561 1.61390 0.79861 10
-0.75940 1.48167 -0.68794 0.71618 0.77709 0.60926 0.53582 0.15378 0.57389 0.65494 10
1.31652 -0.67475 -0.68794 0.34147 0.47480 0.72880 0.15856 -0.07824 -0.22437 0.58310 10
-0.75940 -0.67475 1.45328 0.46637 0.82748 1.32650 0.99463 0.77100 0.66968 1.22964 10
-0.75940 1.48167 -0.68794 1.84031 1.78475 1.20696 2.31909 2.18114 2.33917 2.49039 10
1.31652 -0.67475 -0.68794 0.75781 0.72671 1.20696 1.08334 0.77100 0.51915 1.66067 10
1.31652 -0.67475 -0.68794 -0.03324 0.27326 1.32650 0.29417 -0.27422 0.30020 0.83453 10
1.31652 -0.67475 -0.68794 0.92435 1.02901 0.37018 0.66734 0.30921 0.98898 0.54718 10
-0.75940 1.48167 -0.68794 0.21656 0.32365 0.25064 0.13409 -0.20214 -0.26998 0.58310 10
1.31652 -0.67475 -0.68794 1.46560 1.28092 0.48972 1.82867 1.21927 0.75635 2.16353 10
1.31652 -0.67475 -0.68794 0.88272 1.07939 0.48972 0.38186 0.27992 0.57845 0.83453 10
-0.75940 1.48167 -0.68794 0.05003 0.02135 0.60926 -0.03516 -0.53778 -0.10577 0.00840 10
-0.75940 1.48167 -0.68794 0.63291 0.67633 0.96788 0.71730 0.33849 0.61038 1.33740 10
1.31652 -0.67475 -0.68794 0.54964 0.67633 0.48972 0.23809 0.09971 0.03108 0.22391 10
1.31652 -0.67475 -0.68794 1.46560 1.73437 1.56558 2.65352 1.72160 2.82268 2.45088 10
1.31652 -0.67475 -0.68794 0.63291 0.62595 0.37018 0.42264 0.35201 0.14055 0.61902 10
-0.75940 1.48167 -0.68794 0.54964 0.47480 0.37018 0.48382 0.10197 0.42792 1.26556 10
1.31652 -0.67475 -0.68794 0.05003 0.07173 -0.22752 0.02805 -0.38010 0.12687 0.18799 10
-0.75940 1.48167 -0.68794 0.50801 0.62595 0.72880 0.55111 0.17180 0.47354 0.85608 10
1.31652 -0.67475 -0.68794 0.34147 0.32365 0.84834 0.59801 0.15152 0.17704 0.97821 10
1.31652 -0.67475 -0.68794 0.21656 0.17250 0.48972 0.28805 -0.31928 -0.37945 1.73250 10
-0.75940 1.48167 -0.68794 -0.19978 -0.07942 0.60926 -0.24112 -0.40262 -0.32016 -0.09936 10
1.31652 -0.67475 -0.68794 0.59127 0.67633 0.48972 0.99667 0.21910 0.48722 2.45088 10
1.31652 -0.67475 -0.68794 -0.28305 -0.18018 0.25064 -0.52151 -0.60536 -0.51630 -0.49447 10
-0.75940 1.48167 -0.68794 1.29906 1.43207 1.44604 1.56459 0.74622 2.07004 2.48680 10
1.31652 -0.67475 -0.68794 1.09089 1.33131 1.80466 2.07031 1.72611 1.33565 2.48680 10
-0.75940 1.48167 -0.68794 -0.03324 -0.12980 0.96788 -0.38488 -0.90721 -0.64402 0.04432 10
-0.75940 1.48167 -0.68794 0.79945 0.62595 1.44604 0.80907 0.09746 0.81565 1.40923 10
1.31652 -0.67475 -0.68794 0.88272 0.77709 0.84834 0.96099 0.33399 1.03916 1.58883 10
1.31652 -0.67475 -0.68794 1.38233 1.33131 1.08742 1.61251 0.78226 1.57285 2.27129 10
-0.75940 1.48167 -0.68794 1.00762 0.82748 1.80466 1.17714 0.30245 0.43705 1.94802 10
1.31652 -0.67475 -0.68794 1.17416 1.28092 2.04374 2.76262 1.77567 1.91952 4.64193 10
-0.75940 1.48167 -0.68794 0.21656 0.57556 0.96788 0.78256 -0.15709 0.22266 2.05577 10
