-0.75940 -0.67475 1.45328 -2.98929 -2.90086 -2.61831 -1.64613 -1.58751 -1.60192 -1.67979 1
1.31652 -0.67475 -0.68794 -3.07256 -3.00163 -2.37924 -1.65836 -1.58976 -1.62017 -1.67979 1
-0.75940 -0.67475 1.45328 -2.57294 -2.59857 -2.02062 -1.60636 -1.55146 -1.56543 -1.62591 1
-0.75940 -0.67475 1.45328 -2.48967 -2.49780 -2.25970 -1.59515 -1.50641 -1.51069 -1.60795 1
-0.75940 -0.67475 1.45328 -2.32314 -2.14512 -1.90108 -1.49625 -1.41856 -1.42403 -1.52893 1
-0.75940 -0.67475 1.45328 -2.03169 -1.99397 -1.30338 -1.47279 -1.44334 -1.37841 -1.50019 1
-0.75940 -0.67475 1.45328 -2.78111 -2.64895 -2.37924 -1.61248 -1.54471 -1.58824 -1.60795 1
1.31652 -0.67475 -0.68794 -2.90602 -2.85048 -2.37924 -1.64103 -1.57624 -1.59280 -1.67979 1
-0.75940 -0.67475 1.45328 -2.98929 -3.00163 -2.85739 -1.65122 -1.58976 -1.62473 -1.67979 1
-0.75940 -0.67475 1.45328 -2.86438 -2.85048 -2.49877 -1.63593 -1.57624 -1.59736 -1.65464 1
-0.75940 -0.67475 1.45328 -2.23987 -2.29627 -2.02062 -1.52072 -1.47938 -1.45140 -1.57203 1
-0.75940 -0.67475 1.45328 -2.03169 -2.90086 -1.54246 -1.45138 -1.41405 -1.38297 -1.46787 1
-0.75940 -0.67475 1.45328 -2.48967 -2.44742 -2.02062 -1.56966 -1.49740 -1.53350 -1.60795 1
-0.75940 -0.67475 1.45328 -2.32314 -2.04435 -1.90108 -1.53397 -1.46586 -1.51982 -1.56125 1
-0.75940 -0.67475 1.45328 -2.98929 -2.95125 -2.97693 -1.66040 -1.59426 -1.62017 -1.67979 1
-0.75940 -0.67475 1.45328 -2.69785 -2.64895 -2.14016 -1.61656 -1.56273 -1.57455 -1.63668 1
-0.75940 -0.67475 1.45328 -2.48967 -2.39703 -1.66200 -1.57475 -1.51092 -1.52894 -1.60077 1
-0.75940 -0.67475 1.45328 -2.07333 -2.14512 -1.66200 -1.51154 -1.46361 -1.44683 -1.53252 1
-0.75940 -0.67475 1.45328 -2.53131 -2.49780 -2.14016 -1.59005 -1.52218 -1.55631 -1.60795 1
-0.75940 -0.67475 1.45328 -2.07333 -2.09474 -2.02062 -1.50134 -1.44784 -1.45596 -1.52893 1
1.31652 -0.67475 -0.68794 -2.32314 -2.29627 -1.78154 -1.56048 -1.50866 -1.52438 -1.57203 1
-0.75940 -0.67475 1.45328 -2.36477 -2.34665 -2.25970 -1.54723 -1.47713 -1.43315 -1.57203 1
-0.75940 -0.67475 1.45328 -2.90602 -2.85048 -2.14016 -1.64205 -1.58300 -1.61561 -1.65824 1
1.31652 -0.67475 -0.68794 -2.07333 -2.04435 -1.66200 -1.49828 -1.46812 -1.46508 -1.48223 1
-0.75940 -0.67475 1.45328 -1.69862 -1.69167 -1.18384 -1.36880 -1.30367 -1.40578 -1.41040 1
-0.75940 -0.67475 1.45328 -0.86593 -0.88554 -0.58614 -0.92323 -0.85765 -0.80823 -0.99733 1
-0.75940 -0.67475 1.45328 -2.03169 -1.99397 -1.30338 -1.47076 -1.43207 -1.42859 -1.47146 1
-0.75940 -0.67475 1.45328 -2.28150 -2.19550 -1.78154 -1.51970 -1.44334 -1.51069 -1.53611 1
-0.75940 -0.67475 1.45328 -1.07410 -1.13746 -1.18384 -1.07311 -0.97479 -1.04086 -1.16615 1
-0.75940 -0.67475 1.45328 -1.99006 -1.99397 -2.02062 -1.48401 -1.43207 -1.49245 -1.47505 1
-0.75940 -0.67475 1.45328 -2.82275 -2.74971 -2.37924 -1.63491 -1.57174 -1.59736 -1.65105 1
-0.75940 -0.67475 1.45328 -2.11496 -2.14512 -1.78154 -1.47279 -1.40504 -1.44227 -1.51097 1
-0.75940 -0.67475 1.45328 -2.03169 -2.09474 -1.54246 -1.44017 -1.37351 -1.54262 -1.46427 1
-0.75940 1.48167 -0.68794 -1.28227 -1.33899 -1.30338 -1.19954 -1.15050 -1.15946 -1.21284 1
-0.75940 -0.67475 1.45328 -2.07333 -2.09474 -1.78154 -1.50236 -1.44559 -1.43315 -1.52174 1
-0.75940 -0.67475 1.45328 -2.28150 -2.29627 -1.90108 -1.54111 -1.49290 -1.49245 -1.55407 1
-0.75940 -0.67475 1.45328 -1.99006 -1.99397 -1.66200 -1.46770 -1.42081 -1.40578 -1.47864 1
-0.75940 -0.67475 1.45328 -2.36477 -2.39703 -2.14016 -1.57883 -1.52668 -1.50157 -1.60436 1
-0.75940 -0.67475 1.45328 -1.28227 -1.28861 -1.30338 -1.28621 -1.25637 -1.23245 -1.29905 1
-0.75940 -0.67475 1.45328 -2.86438 -2.74971 -1.42292 -1.62268 -1.55372 -1.58368 -1.64387 1
-0.75940 -0.67475 1.45328 -2.57294 -2.44742 -2.02062 -1.56966 -1.49965 -1.53350 -1.58281 1
-0.75940 -0.67475 1.45328 -2.40640 -2.80010 -1.54246 -1.36676 -1.31043 -1.30999 -1.38166 1
-0.75940 -0.67475 1.45328 -1.99006 -2.04435 -1.66200 -1.47381 -1.44334 -1.38753 -1.47146 1
1.31652 -0.67475 -0.68794 -1.28227 -1.43976 -1.54246 -1.25358 -1.21357 -1.18227 -1.21284 1
-0.75940 -0.67475 1.45328 -1.36554 -1.28861 -1.42292 -1.33209 -1.25412 -1.18683 -1.21284 1
-0.75940 -0.67475 1.45328 -2.07333 -2.04435 -1.54246 -1.46464 -1.41631 -1.38753 -1.46427 1
1.31652 -0.67475 -0.68794 -1.36554 -1.38937 -0.94476 -1.24746 -1.22033 -1.19595 -1.20207 1
1.31652 -0.67475 -0.68794 -1.78189 -1.89320 -1.30338 -1.39225 -1.34422 -1.31455 -1.39244 1
-0.75940 1.48167 -0.68794 -1.49045 -1.59091 -1.18384 -1.27601 -1.26763 -1.10929 -1.32060 1
1.31652 -0.67475 -0.68794 -1.40718 -1.49014 -1.30338 -1.30150 -1.25412 -1.20508 -1.32060 1
-0.75940 -0.67475 1.45328 -1.07410 -1.18784 -1.06430 -1.07005 -1.04688 -0.88121 -1.16256 1
-0.75940 -0.67475 1.45328 -0.82430 -0.68401 -0.94476 -0.91100 -0.88018 -0.77174 -0.99733 1
-0.75940 1.48167 -0.68794 -0.49122 -0.58325 -0.34706 -0.70708 -0.58283 -0.68051 -0.92908 1
1.31652 -0.67475 -0.68794 -0.36632 -0.23057 0.13110 -0.38488 -0.30126 -0.36577 -0.58426 1
-0.75940 -0.67475 1.45328 -1.03247 -0.88554 -1.06430 -0.98033 -0.74502 -1.16402 -1.09072 1
-0.75940 -0.67475 1.45328 -0.94920 -0.83516 -0.94476 -1.02825 -1.02435 -0.99069 -0.95423 1
-0.75940 -0.67475 1.45328 -0.86593 -0.98631 -1.06430 -1.12103 -1.05363 -1.18227 -1.08353 1
-0.75940 -0.67475 1.45328 -0.44959 -0.28095 -0.34706 -0.70198 -0.66843 -0.66683 -0.69561 1
-0.75940 -0.67475 1.45328 -2.07333 -2.14512 -1.18384 -1.46056 -1.37351 -1.37841 -1.46068 1
-0.75940 -0.67475 1.45328 -1.65698 -1.84282 -1.54246 -1.40652 -1.36450 -1.35560 -1.06917 1
-0.75940 -0.67475 1.45328 -1.44881 -1.38937 -1.54246 -1.25154 -1.16852 -1.31911 -1.24876 1
-0.75940 -0.67475 1.45328 -1.32391 -1.38937 -1.30338 -1.30762 -1.25412 -1.26438 -1.29905 1
-0.75940 -0.67475 1.45328 -1.19901 -1.33899 -0.70568 -1.16793 -1.12346 -1.15946 -1.17333 1
-0.75940 -0.67475 1.45328 -1.28227 -1.38937 -1.06430 -1.21688 -1.02210 -1.27350 -1.27390 1
1.31652 -0.67475 -0.68794 -0.61612 -0.73439 -0.34706 -0.77743 -0.64365 -0.49805 -0.92549 1
-0.75940 -0.67475 1.45328 -0.44959 -0.58325 -0.34706 -0.81006 -0.76304 -0.58472 -0.87161 1
-0.75940 -0.67475 1.45328 -0.32468 -0.28095 -0.46660 -0.72645 -0.68420 -0.66683 -0.65969 1
-0.75940 -0.67475 1.45328 -1.82352 -1.84282 -1.18384 -1.39123 -1.33521 -1.33736 -1.41758 1
-0.75940 -0.67475 1.45328 -1.28227 -1.38937 -1.06430 -1.24644 -1.18203 -1.22788 -1.24876 1
-0.75940 -0.67475 1.45328 -1.32391 -1.38937 -1.30338 -1.28825 -1.25186 -1.35104 -1.24876 1
-0.75940 -0.67475 1.45328 0.21656 0.42441 -0.22752 -0.05045 -0.09852 -0.36577 -0.06344 1
-0.75940 -0.67475 1.45328 -1.24064 -1.28861 -1.42292 -1.22911 -1.14599 -1.21876 -1.24876 1
-0.75940 -0.67475 1.45328 -0.86593 -0.93593 -0.58614 -0.96605 -0.76530 -1.05455 -1.09072 1
1.31652 -0.67475 -0.68794 -1.69862 -1.69167 -1.42292 -1.32291 -1.25862 -1.29631 -1.32060 1
-0.75940 -0.67475 1.45328 -2.57294 -2.39703 -2.02062 -1.56660 -1.52668 -1.51982 -1.57203 1
-0.75940 -0.67475 1.45328 -2.07333 -1.89320 -1.42292 -1.41162 -1.36450 -1.38753 -1.41399 1
-0.75940 -0.67475 1.45328 -2.23987 -2.24588 -1.66200 -1.53703 -1.49290 -1.48333 -1.53611 1
1.31652 -0.67475 -0.68794 -2.19823 -2.19550 -1.54246 -1.49726 -1.41856 -1.46508 -1.50019 1
-0.75940 -0.67475 1.45328 -2.07333 -2.04435 -1.42292 -1.49421 -1.45685 -1.47876 -1.50019 1
-0.75940 -0.67475 1.45328 -1.78189 -1.84282 -1.54246 -1.37389 -1.32620 -1.30999 -1.45350 1
-0.75940 -0.67475 1.45328 -1.19901 -1.23822 -1.30338 -1.20668 -1.10094 -1.27806 -1.21284 1
-0.75940 1.48167 -0.68794 -0.53285 -0.58325 -0.58614 -0.75194 -0.70673 -0.63033 -0.87880 1
-0.75940 1.48167 -0.68794 0.05003 0.12212 0.72880 -0.00151 0.22811 0.25003 -0.63455 1
-0.75940 -0.67475 1.45328 -1.24064 -1.18784 -0.94476 -1.24338 -1.20231 -1.30087 -1.17692 1
-0.75940 -0.67475 1.45328 -1.57372 -1.59091 -1.42292 -1.34942 -1.31494 -1.35104 -1.30264 1
-0.75940 -0.67475 1.45328 -1.65698 -1.59091 -1.54246 -1.36676 -1.28115 -1.36929 -1.38884 1
-0.75940 -0.67475 1.45328 -0.94920 -1.03669 -1.06430 -1.15468 -1.16852 -1.17771 -1.06917 1
-0.75940 -0.67475 1.45328 -1.69862 -1.94359 -1.06430 -1.06801 -0.98831 -1.03630 -1.07994 1
-0.75940 -0.67475 1.45328 -1.24064 -1.49014 -1.42292 -1.26684 -1.21357 -1.26894 -1.21284 1
-0.75940 -0.67475 1.45328 -1.07410 -1.08708 -1.18384 -1.17405 -1.09869 -1.19139 -1.17692 1
-0.75940 -0.67475 1.45328 -0.86593 -0.88554 -0.70568 -1.05986 -1.10094 -1.05911 -1.03684 1
-0.75940 -0.67475 1.45328 -0.69939 -0.68401 -0.46660 -0.67139 -0.28323 -0.78542 -0.86443 1
-0.75940 1.48167 -0.68794 -0.44959 -0.48248 -0.70568 -0.67751 -0.55130 -0.48893 -0.78182 1
-0.75940 -0.67475 1.45328 -1.65698 -1.69167 -1.54246 -1.38001 -1.32620 -1.36929 -1.39244 1
-0.75940 -0.67475 1.45328 -1.36554 -1.38937 -1.18384 -1.24338 -1.18203 -1.27806 -1.24876 1
-0.75940 -0.67475 1.45328 -1.03247 -0.93593 -1.30338 -1.14448 -1.09643 -1.11385 -1.16615 1
-0.75940 -0.67475 1.45328 -1.36554 -1.43976 -1.54246 -1.32597 -1.26538 -1.32824 -1.32778 1
-0.75940 -0.67475 1.45328 -0.78266 -0.83516 -0.82522 -1.05986 -1.08292 -0.91771 -1.01170 1
-0.75940 -0.67475 1.45328 -1.36554 -1.43976 -1.30338 -1.30354 -1.29241 -1.17771 -1.32060 1
-0.75940 -0.67475 1.45328 -1.15737 -1.18784 -0.94476 -1.16488 -1.16852 -1.09104 -1.09790 1
1.31652 -0.67475 -0.68794 -1.15737 -1.08708 -0.58614 -0.98950 -0.87793 -0.87209 -0.97937 2
-0.75940 -0.67475 1.45328 -2.40640 -2.34665 -1.78154 -1.56456 -1.52668 -1.46508 -1.57921 2
-0.75940 -0.67475 1.45328 -1.90679 -1.89320 -1.66200 -1.41162 -1.35999 -1.37841 -1.46427 2
-0.75940 -0.67475 1.45328 -1.90679 -1.89320 -1.78154 -1.42589 -1.38477 -1.39210 -1.46427 2
-0.75940 -0.67475 1.45328 -1.24064 -1.18784 -1.06430 -1.10370 -1.06490 -1.09560 -1.14100 2
-0.75940 -0.67475 1.45328 -1.19901 -1.08708 -1.18384 -1.12511 -0.87342 -1.07736 -1.12664 2
-0.75940 -0.67475 1.45328 -1.15737 -1.23822 -1.18384 -1.18425 -1.19780 -1.04543 -1.21284 2
-0.75940 -0.67475 1.45328 -0.69939 -0.78478 -0.10798 -0.85492 -0.88469 -0.73069 -0.86084 2
-0.75940 -0.67475 1.45328 -1.24064 -1.28861 -1.42292 -1.23421 -1.10094 -1.25525 -1.32060 2
-0.75940 -0.67475 1.45328 -1.44881 -1.59091 -1.54246 -1.34432 -1.24285 -1.32367 -1.42117 2
-0.75940 -0.67475 1.45328 -0.74103 -0.78478 -1.06430 -0.88856 -0.63239 -0.96332 -1.07994 2
-0.75940 -0.67475 1.45328 -0.69939 -0.58325 -0.70568 -0.91405 -0.90946 -0.83104 -0.88957 2
1.31652 -0.67475 -0.68794 -1.44881 -1.43976 -1.18384 -1.23013 -1.17077 -1.20508 -1.21284 2
1.31652 -0.67475 -0.68794 -1.32391 -1.13746 -1.42292 -1.16895 -1.18203 -1.25525 -0.99733 2
-0.75940 -0.67475 1.45328 -1.11574 -1.13746 -1.06430 -1.27601 -1.22483 -1.23701 -1.17692 2
-0.75940 1.48167 -0.68794 -0.15815 -0.07942 -0.34706 -0.50112 -0.51075 -0.46156 -0.45855 2
-0.75940 -0.67475 1.45328 -1.36554 -1.49014 -1.18384 -1.32597 -1.32845 -1.30999 -1.17692 2
-0.75940 -0.67475 1.45328 -0.99083 -1.08708 -0.46660 -1.02927 -1.04913 -1.00893 -0.92549 2
-0.75940 -0.67475 1.45328 -1.82352 -1.64129 -1.54246 -1.37185 -1.31494 -1.30087 -1.39244 2
-0.75940 -0.67475 1.45328 -1.36554 -1.23822 -0.82522 -1.19750 -1.20681 -1.12753 -1.17692 2
1.31652 -0.67475 -0.68794 -1.57372 -1.43976 -0.82522 -1.23727 -1.19780 -1.13666 -1.17692 2
-0.75940 -0.67475 1.45328 -0.69939 -0.63363 -0.46660 -0.94566 -0.87342 -0.89034 -0.92549 2
1.31652 -0.67475 -0.68794 -2.03169 -1.99397 -1.42292 -1.46872 -1.43433 -1.40578 -1.46787 2
-0.75940 -0.67475 1.45328 -1.28227 -1.33899 -0.94476 -1.22197 -1.22033 -1.22332 -1.21284 2
-0.75940 -0.67475 1.45328 -1.65698 -1.59091 -1.42292 -1.33107 -1.35098 -1.32367 -1.26313 2
-0.75940 -0.67475 1.45328 -2.07333 -2.09474 -1.78154 -1.47891 -1.40504 -1.46052 -1.50019 2
-0.75940 -0.67475 1.45328 -1.74025 -1.69167 -1.30338 -1.34025 -1.29917 -1.33280 -1.33137 2
-0.75940 -0.67475 1.45328 -1.65698 -1.59091 -1.42292 -1.33617 -1.27439 -1.33280 -1.36370 2
-0.75940 -0.67475 1.45328 -1.19901 -1.33899 -1.06430 -1.40958 -1.23159 -1.11385 -1.28109 2
-0.75940 -0.67475 1.45328 -1.07410 -1.18784 -1.06430 -1.03946 -0.99732 -0.91771 -1.12664 2
-0.75940 -0.67475 1.45328 -1.53208 -1.59091 -1.66200 -1.23625 -1.15050 -1.25981 -1.32060 2
-0.75940 -0.67475 1.45328 -0.94920 -0.98631 -1.18384 -0.99868 -0.92073 -1.01350 -1.06917 2
-0.75940 -0.67475 1.45328 -0.61612 -0.48248 -0.22752 -0.71523 -0.75854 -0.48893 -0.73153 2
-0.75940 -0.67475 1.45328 -0.61612 -0.63363 -0.70568 -0.73155 -0.55805 -0.86753 -0.90035 2
-0.75940 -0.67475 1.45328 -0.57449 -0.53286 -0.34706 -0.60410 -0.60536 -0.49805 -0.66328 2
1.31652 -0.67475 -0.68794 -0.24141 -0.07942 -0.10798 -0.44606 -0.39361 -0.33840 -0.68124 2
-0.75940 -0.67475 1.45328 -2.15660 -2.14512 -2.02062 -1.51868 -1.45460 -1.48789 -1.53611 2
-0.75940 -0.67475 1.45328 -0.86593 -1.08708 -0.82522 -1.04558 -1.05363 -1.00893 -0.97219 2
1.31652 -0.67475 -0.68794 -0.78266 -0.73439 -0.46660 -0.88041 -0.72475 -0.85841 -0.97219 2
-0.75940 -0.67475 1.45328 -0.74103 -0.63363 -0.58614 -0.83758 -0.61888 -0.97700 -0.95423 2
-0.75940 1.48167 -0.68794 -0.15815 -0.18018 -0.34706 -0.57963 -0.51075 -0.27910 -0.70639 2
-0.75940 -0.67475 1.45328 -0.19978 -0.33133 -0.34706 -0.52865 -0.45218 -0.51630 -0.58785 2
-0.75940 -0.67475 1.45328 -0.57449 -0.73439 -0.10798 -0.66833 -0.38460 -0.73981 -0.95063 2
-0.75940 -0.67475 1.45328 -1.40718 -1.49014 -1.18384 -1.28519 -1.29692 -1.19595 -1.29905 2
-0.75940 -0.67475 1.45328 -1.36554 -1.33899 -1.54246 -1.24033 -1.17527 -1.24613 -1.24158 2
-0.75940 -0.67475 1.45328 -1.11574 -1.08708 -1.18384 -1.17609 -1.13923 -1.16402 -1.14100 2
-0.75940 -0.67475 1.45328 -1.11574 -1.18784 -0.94476 -1.23625 -1.19104 -1.22332 -1.19129 2
-0.75940 -0.67475 1.45328 -0.53285 -0.58325 -0.70568 -0.87429 -0.82612 -0.89034 -0.85006 2
-0.75940 -0.67475 1.45328 -0.03324 -0.18018 -0.22752 -0.55923 -0.55805 -0.64858 -0.35438 2
-0.75940 -0.67475 1.45328 -1.78189 -1.94359 -1.54246 -1.42997 -1.36450 -1.39666 -1.45709 2
-0.75940 -0.67475 1.45328 -1.44881 -1.43976 -1.42292 -1.28213 -1.21357 -1.26438 -1.28468 2
-0.75940 -0.67475 1.45328 -0.74103 -0.78478 -0.70568 -0.91507 -0.93650 -0.78542 -0.92549 2
-0.75940 -0.67475 1.45328 -0.74103 -0.63363 -0.46660 -1.03437 -1.03336 -1.13666 -0.86443 2
1.31652 -0.67475 -0.68794 0.34147 0.07173 -0.34706 -0.32982 -0.25846 -0.23805 -0.38671 2
-0.75940 -0.67475 1.45328 -1.44881 -1.74205 -1.42292 -1.34331 -1.29241 -1.22332 -1.36011 2
-0.75940 -0.67475 1.45328 -1.24064 -1.33899 -1.30338 -1.24135 -1.12797 -1.19139 -1.28109 2
-0.75940 -0.67475 1.45328 -1.07410 -1.18784 -1.06430 -1.07821 -0.90721 -1.02718 -1.15537 2
-0.75940 -0.67475 1.45328 -0.82430 -0.93593 -1.06430 -0.94056 -0.77881 -1.03174 -1.00810 2
-0.75940 -0.67475 1.45328 -0.74103 -0.83516 -0.46660 -0.98441 -0.90271 -0.88121 -1.03325 2
-0.75940 1.48167 -0.68794 -1.03247 -1.03669 0.48972 -0.93954 -0.83963 -1.00437 -0.96141 2
1.31652 -0.67475 -0.68794 -0.15815 -0.23057 -0.22752 -0.37775 -0.20664 -0.28823 -0.62736 2
-0.75940 -0.67475 1.45328 -0.99083 -1.03669 -1.18384 -1.11390 -1.10544 -1.12297 -1.03325 2
-0.75940 -0.67475 1.45328 -1.15737 -1.18784 -1.18384 -1.21688 -1.23384 -1.19595 -1.14100 2
-0.75940 1.48167 -0.68794 -1.24064 -1.18784 -1.42292 -1.11492 -0.98605 -0.98613 -1.14100 2
-0.75940 -0.67475 1.45328 -1.40718 -1.28861 -0.70568 -1.23421 -1.25186 -1.16859 -1.14100 2
-0.75940 -0.67475 1.45328 -0.90756 -0.83516 -0.94476 -0.90488 -0.86666 -0.91771 -0.81773 2
-0.75940 -0.67475 1.45328 -0.15815 -0.18018 1.08742 -0.44096 -0.41614 -0.35209 -0.48010 2
-0.75940 -0.67475 1.45328 -0.69939 -0.53286 -0.46660 -0.68057 -0.57833 -0.64402 -0.81773 2
-0.75940 -0.67475 1.45328 -0.15815 -0.23057 -0.46660 -0.46543 -0.54229 -0.35209 -0.38671 2
1.31652 -0.67475 -0.68794 0.54964 0.57556 0.01156 0.44303 0.49618 0.75179 0.17363 2
-0.75940 -0.67475 1.45328 -0.24141 -0.28095 -0.46660 -0.64590 -0.56932 -0.54823 -0.73871 2
1.31652 -0.67475 -0.68794 0.17493 0.12212 0.13110 -0.10347 0.06818 -0.23805 -0.24303 2
1.31652 -0.67475 -0.68794 0.17493 0.12212 -0.46660 -0.08614 0.19658 0.04020 -0.49447 2
1.31652 -0.67475 -0.68794 0.75781 0.42441 0.25064 0.75299 1.56617 0.26371 0.08383 2
-0.75940 -0.67475 1.45328 -1.03247 -1.03669 -0.94476 -0.99358 -0.82612 -1.07736 -1.09431 2
-0.75940 -0.67475 1.45328 -0.99083 -1.03669 -0.94476 -1.14346 -1.10319 -1.16402 -1.10509 2
-0.75940 -0.67475 1.45328 -0.40795 -0.53286 -0.58614 -0.63061 -0.36208 -0.84472 -0.76386 2
-0.75940 -0.67475 1.45328 -1.69862 -1.74205 -1.18384 -1.31680 -1.17753 -1.34192 -1.41399 2
-0.75940 -0.67475 1.45328 -0.74103 -0.73439 -1.06430 -1.08229 -1.12797 -1.11841 -0.88957 2
1.31652 -0.67475 -0.68794 0.88272 1.02901 0.72880 0.73362 0.59529 1.14863 0.78425 2
-0.75940 -0.67475 1.45328 -0.07488 -0.23057 -0.34706 -0.52355 -0.55130 -0.33840 -0.53038 2
-0.75940 -0.67475 1.45328 -1.40718 -1.38937 -1.54246 -1.27397 -0.24719 -1.22788 -1.28827 2
-0.75940 -0.67475 1.45328 -0.90756 -0.88554 -0.58614 -1.06903 -1.07165 -0.97700 -1.04043 2
-0.75940 -0.67475 1.45328 -0.69939 -0.68401 -0.94476 -0.91711 -0.84189 -0.90402 -0.99015 2
-0.75940 1.48167 -0.68794 0.21656 0.17250 0.01156 0.25135 0.58628 0.12687 -0.14605 2
-0.75940 -0.67475 1.45328 -1.11574 -0.93593 -1.18384 -1.05884 -0.95677 -1.19139 -1.06917 2
-0.75940 -0.67475 1.45328 -0.78266 -0.88554 -0.94476 -0.90386 -0.75403 -0.96788 -0.99733 2
-0.75940 -0.67475 1.45328 -1.24064 -1.23822 -1.18384 -1.16590 -1.14824 -1.08192 -1.17692 2
-0.75940 -0.67475 1.45328 -0.49122 -0.38171 -0.94476 -0.65915 -0.56481 -0.64402 -0.70998 2
1.31652 -0.67475 -0.68794 -0.03324 -0.18018 -0.46660 -0.37775 -0.31928 -0.21524 -0.55912 2
1.31652 -0.67475 -0.68794 -0.03324 -0.12980 -0.34706 -0.03516 0.19883 -0.13314 -0.27895 2
-0.75940 -0.67475 1.45328 -0.40795 -0.43210 -0.82522 -0.83860 -0.87793 -0.74437 -0.80337 2
-0.75940 -0.67475 1.45328 -1.44881 -1.59091 -0.94476 -0.87123 -0.84189 -1.07279 -0.81414 2
-0.75940 1.48167 -0.68794 -1.19901 -0.88554 -0.58614 -0.36959 -0.16384 -0.43875 -0.53757 2
-0.75940 -0.67475 1.45328 -1.36554 -1.43976 -1.30338 -1.30966 -1.31494 -1.30999 -1.27390 2
-0.75940 -0.67475 1.45328 -1.69862 -1.79244 -1.90108 -1.42691 -1.34197 -1.39666 -1.46068 2
-0.75940 -0.67475 1.45328 -0.74103 -0.83516 -0.94476 -0.94362 -0.83513 -0.98613 -0.93268 2
-0.75940 -0.67475 1.45328 -1.07410 -0.98631 -1.30338 -1.04354 -0.92974 -1.18683 -1.04402 2
-0.75940 -0.67475 1.45328 -0.36632 -0.58325 -0.94476 -0.63163 -0.55355 -0.48437 -0.81055 2
-0.75940 -0.67475 1.45328 -1.61535 -1.79244 -1.42292 -1.40448 -1.36450 -1.31455 -1.38525 2
-0.75940 1.48167 -0.68794 -0.61612 -0.53286 -0.82522 -0.62449 -0.55130 -0.58472 -0.67406 3
-0.75940 -0.67475 1.45328 -0.03324 0.02135 -0.46660 -0.47665 -0.54454 -0.63490 -0.35079 3
1.31652 -0.67475 -0.68794 -0.65776 -0.58325 -0.46660 -0.78762 -0.75403 -0.77630 -0.74590 3
1.31652 -0.67475 -0.68794 -0.44959 -0.23057 -0.10798 -0.48786 -0.37334 -0.55279 -0.49447 3
1.31652 -0.67475 -0.68794 -0.03324 -0.07942 -0.46660 -0.50723 -0.56481 -0.44788 -0.38671 3
-0.75940 1.48167 -0.68794 -1.03247 -0.88554 -0.70568 -0.97013 -0.98605 -0.74893 -0.99733 3
1.31652 -0.67475 -0.68794 -0.44959 -0.33133 -0.22752 -0.62347 -0.65492 -0.44331 -0.67406 3
1.31652 -0.67475 -0.68794 -0.86593 -0.73439 -0.58614 -0.93751 -0.84864 -0.99981 -0.85365 3
-0.75940 1.48167 -0.68794 -0.90756 -1.03669 -0.22752 -1.03743 -1.03111 -0.95876 -0.96141 3
1.31652 -0.67475 -0.68794 -0.61612 -0.53286 -0.58614 -0.71319 -0.66168 -0.69419 -0.63814 3
-0.75940 -0.67475 1.45328 -1.94843 -1.84282 -1.66200 -1.48401 -1.45685 -1.43315 -1.46427 3
1.31652 -0.67475 -0.68794 -2.23987 -2.14512 -1.78154 -1.52683 -1.47713 -1.48333 -1.52174 3
-0.75940 1.48167 -0.68794 -1.19901 -1.03669 -1.06430 -1.11593 -1.05363 -1.16859 -1.06917 3
-0.75940 1.48167 -0.68794 -1.36554 -1.43976 -1.18384 -1.26887 -1.26763 -1.12753 -1.28468 3
-0.75940 -0.67475 1.45328 -0.61612 -0.58325 -0.22752 -0.57453 -0.51525 -0.36577 -0.70639 3
1.31652 -0.67475 -0.68794 -0.44959 -0.33133 -0.46660 -0.50621 -0.42064 -0.79455 -0.50165 3
1.31652 -0.67475 -0.68794 -0.28305 -0.23057 -0.34706 -0.44810 -0.23818 -0.77174 -0.44059 3
-0.75940 -0.67475 1.45328 -0.74103 -0.83516 -0.46660 -0.87531 -0.80134 -1.09104 -0.90753 3
1.31652 -0.67475 -0.68794 -0.44959 -0.43210 -0.46660 -0.44198 -0.14582 -0.27910 -0.70998 3
-0.75940 -0.67475 1.45328 -0.19978 -0.23057 -0.46660 -0.54802 -0.34180 -0.70788 -0.74590 3
1.31652 -0.67475 -0.68794 -0.11651 -0.18018 -0.10798 -0.12183 0.15378 -0.32016 -0.35079 3
-0.75940 1.48167 -0.68794 -0.07488 0.22288 0.01156 0.01072 0.03439 0.17704 -0.06344 3
1.31652 -0.67475 -0.68794 0.38310 0.37403 0.01156 0.47872 0.75297 0.35494 0.00840 3
1.31652 -0.67475 -0.68794 0.88272 0.72671 0.25064 0.71323 0.71693 0.61494 0.60824 3
1.31652 -0.67475 -0.68794 1.38233 1.18016 0.84834 1.77769 2.10005 1.65495 1.19372 3
-0.75940 -0.67475 1.45328 -0.36632 -0.28095 -0.34706 -0.41649 -0.08951 -0.65770 -0.51961 3
-0.75940 -0.67475 1.45328 -0.03324 -0.28095 -0.34706 -0.55923 -0.32153 -0.46612 -0.51602 3
-0.75940 -0.67475 1.45328 0.00839 -0.07942 -0.22752 -0.37367 -0.15483 -0.51174 -0.49447 3
-0.75940 1.48167 -0.68794 0.38310 0.37403 0.13110 0.09943 0.23712 0.33213 -0.13528 3
-0.75940 1.48167 -0.68794 0.63291 0.57556 0.25064 0.55825 0.83857 0.74266 0.08024 3
-0.75940 -0.67475 1.45328 -1.44881 -1.54052 -1.18384 -1.32597 -1.23384 -1.36929 -1.33856 3
-0.75940 -0.67475 1.45328 -1.24064 -1.28861 -1.42292 -1.27703 -1.24736 -1.20964 -1.24876 3
-0.75940 -0.67475 1.45328 -0.44959 -0.53286 0.96788 -0.71115 -0.69321 -0.68963 -0.63455 3
-0.75940 -0.67475 1.45328 -0.44959 -0.53286 -0.46660 -0.88856 -0.86666 -0.84016 -0.88957 3
-0.75940 -0.67475 1.45328 -0.36632 -0.43210 -0.94476 -0.74990 -0.62563 -0.88578 -0.74590 3
-0.75940 -0.67475 1.45328 -0.24141 -0.53286 -0.46660 -0.67751 -0.65492 -0.69419 -0.64173 3
-0.75940 -0.67475 1.45328 0.09166 0.07173 0.25064 -0.51437 0.00060 -0.41595 -0.09936 3
-0.75940 -0.67475 1.45328 -0.99083 -0.98631 -1.06430 -0.99154 -0.81485 -1.06367 -1.10149 3
1.31652 -0.67475 -0.68794 -0.69939 -0.88554 -0.46660 -0.75908 -0.52201 -0.80823 -0.97937 3
1.31652 -0.67475 -0.68794 0.38310 0.37403 0.25064 0.32374 0.65161 0.24090 0.07305 3
-0.75940 -0.67475 1.45328 0.75781 0.67633 -0.22752 0.02805 -0.02869 0.09950 0.08742 3
1.31652 -0.67475 -0.68794 1.04925 0.77709 0.01156 0.70609 0.52095 0.57389 -0.17120 3
-0.75940 -0.67475 1.45328 -1.15737 -1.08708 -1.18384 -1.06190 -0.93199 -1.13666 -1.11586 3
-0.75940 -0.67475 1.45328 -0.94920 -1.08708 -1.18384 -1.07005 -1.03786 -0.99981 -1.02966 3
-0.75940 -0.67475 1.45328 -0.44959 -0.53286 -0.34706 -0.67241 -0.67294 -0.74893 -0.60222 3
-0.75940 -0.67475 1.45328 -0.40795 -0.48248 -0.34706 -0.68974 -0.69547 -0.45700 -0.81773 3
-0.75940 -0.67475 1.45328 -0.36632 -0.38171 -0.46660 -0.59696 -0.48822 -0.60753 -0.63814 3
-0.75940 -0.67475 1.45328 0.00839 -0.28095 -0.10798 -0.43586 -0.44317 -0.19700 -0.45855 3
1.31652 -0.67475 -0.68794 0.42474 0.47480 0.60926 0.07802 0.07719 -0.00085 0.20954 3
-0.75940 1.48167 -0.68794 0.46637 0.27326 0.25064 0.01072 0.30921 -0.26542 -0.06344 3
-0.75940 1.48167 -0.68794 0.59127 0.27326 0.25064 0.14531 0.26190 -0.09664 0.18799 3
-0.75940 -0.67475 1.45328 0.59127 0.52518 0.25064 0.00970 0.07944 0.10862 -0.02752 3
1.31652 -0.67475 -0.68794 0.67454 0.67633 0.13110 0.11268 0.10872 0.09038 0.22391 3
-0.75940 1.48167 -0.68794 0.88272 0.92824 0.96788 0.74993 0.69666 0.47354 1.15421 3
-0.75940 -0.67475 1.45328 0.50801 0.42441 0.25064 0.12798 0.17180 0.20897 0.10179 3
-0.75940 -0.67475 1.45328 -0.44959 -0.33133 -0.46660 -0.69688 -0.73601 -0.74437 -0.74590 3
-0.75940 -0.67475 1.45328 -0.32468 -0.48248 -0.46660 -0.63876 -0.50850 -0.71244 -0.65969 3
-0.75940 -0.67475 1.45328 -0.24141 -0.28095 0.13110 -0.67037 -0.69547 -0.29735 -0.63455 3
-0.75940 -0.67475 1.45328 -0.15815 -0.07942 0.13110 -0.25335 -0.11429 -0.34752 -0.22867 3
-0.75940 -0.67475 1.45328 0.00839 -0.02903 0.13110 -0.26967 -0.24719 -0.24717 -0.20711 3
1.31652 -0.67475 -0.68794 0.25820 0.27326 0.01156 -0.16159 -0.08275 -0.14682 -0.17838 3
-0.75940 -0.67475 1.45328 -1.65698 -1.69167 -1.66200 -1.38001 -1.36450 -1.36929 -1.32778 3
-0.75940 -0.67475 1.45328 -1.15737 -1.28861 -0.94476 -1.12817 -1.03111 -1.09104 -1.19488 3
-0.75940 1.48167 -0.68794 -0.57449 -0.53286 23.68045 -0.47869 -0.12330 -0.58928 -0.75667 3
1.31652 -0.67475 -0.68794 0.46637 0.42441 -0.46660 0.08107 0.26415 -0.30191 0.15567 3
-0.75940 1.48167 -0.68794 -0.15815 -0.18018 -0.58614 -0.34410 -0.24719 -0.22893 -0.45855 3
-0.75940 -0.67475 1.45328 -0.32468 0.07173 0.01156 -0.52661 -0.49273 -0.42507 -0.38671 3
1.31652 -0.67475 -0.68794 -0.69939 -0.83516 -1.42292 -0.84778 -0.97029 -0.72156 -0.78182 3
-0.75940 1.48167 -0.68794 -1.28227 -1.33899 -1.42292 -1.22707 -1.20005 -1.07736 -1.21284 3
-0.75940 -0.67475 1.45328 -0.86593 -0.88554 -0.94476 -0.99664 -0.83288 -1.19139 -1.03684 3
1.31652 -0.67475 -0.68794 -0.49122 -0.33133 -0.70568 -0.67037 -0.67294 -0.61665 -0.63455 3
-0.75940 -0.67475 1.45328 -0.61612 -0.58325 -0.46660 -0.73562 -0.71574 -0.67595 -0.76386 3
1.31652 -0.67475 -0.68794 -0.36632 -0.38171 -0.94476 -0.64284 -0.52427 -0.72156 -0.74590 3
-0.75940 1.48167 -0.68794 0.05003 -0.02903 0.25064 0.12288 0.20784 0.42792 -0.17120 3
1.31652 -0.67475 -0.68794 0.75781 0.62595 0.37018 0.75707 0.67188 1.27179 0.38195 3
-0.75940 1.48167 -0.68794 0.84108 0.82748 0.84834 0.56844 0.40156 0.32757 0.86686 3
1.31652 -0.67475 -0.68794 1.38233 1.33131 1.08742 1.79706 1.86127 1.86934 1.39127 3
-0.75940 -0.67475 1.45328 -0.32468 -0.33133 -0.22752 -0.56127 -0.42064 -0.62577 -0.58785 3
1.31652 -0.67475 -0.68794 -0.28305 -0.28095 -0.70568 -0.56025 -0.29675 -0.73069 -0.63814 3
-0.75940 -0.67475 1.45328 0.25820 0.17250 -0.22752 -0.36857 -0.34180 -0.43419 -0.20352 3
1.31652 -0.67475 -0.68794 0.46637 0.47480 -0.22752 0.04743 0.22811 -0.07384 -0.09936 3
1.31652 -0.67475 -0.68794 0.54964 0.62595 0.25064 0.06578 0.24163 -0.15138 0.07305 3
-0.75940 1.48167 -0.68794 0.59127 0.57556 0.25064 0.55417 0.82055 -0.13314 0.18799 3
-0.75940 -0.67475 1.45328 -1.24064 -1.18784 0.01156 -1.07821 -0.98831 -1.07736 -1.12304 3
-0.75940 -0.67475 1.45328 -0.94920 -0.83516 -0.70568 -1.02519 -1.02210 -0.96332 -0.99015 3
-0.75940 -0.67475 1.45328 -0.32468 -0.28095 -0.34706 -0.62653 -0.62113 -0.57104 -0.56630 3
-0.75940 -0.67475 1.45328 -0.11651 -0.23057 0.13110 -0.12692 0.17630 -0.37033 -0.41904 3
1.31652 -0.67475 -0.68794 0.63291 0.72671 -1.18384 0.45119 0.43986 0.80196 0.29575 3
-0.75940 -0.67475 1.45328 -0.19978 -0.33133 -0.46660 -0.61123 -0.61212 -0.52542 -0.56630 3
-0.75940 -0.67475 1.45328 -0.40795 -0.33133 -0.70568 -0.68261 -0.66843 -0.65314 -0.60581 3
-0.75940 -0.67475 1.45328 -0.24141 -0.33133 -0.46660 -0.43790 -0.33279 -0.40226 -0.55912 3
-0.75940 -0.67475 1.45328 -0.19978 -0.38171 -0.46660 -0.57963 -0.49723 -0.67595 -0.62377 3
-0.75940 -0.67475 1.45328 -0.11651 -0.07942 -0.34706 -0.47971 -0.54229 -0.46156 -0.25022 3
-0.75940 -0.67475 1.45328 0.05003 -0.28095 -0.34706 -0.43382 -0.30351 -0.61665 -0.38671 3
-0.75940 -0.67475 1.45328 0.21656 0.27326 0.60926 -0.05045 -0.08726 0.12231 0.03713 3
-0.75940 1.48167 -0.68794 -0.15815 -0.28095 -0.22752 -0.27681 0.14251 -0.55735 -0.62736 3
-0.75940 1.48167 -0.68794 0.00839 0.02135 -0.10798 -0.07798 0.21234 0.15880 -0.44418 3
-0.75940 -0.67475 1.45328 0.09166 -0.07942 -0.10798 -0.10959 0.03889 0.25003 -0.23944 3
-0.75940 -0.67475 1.45328 -0.61612 -0.78478 -0.58614 -0.94566 -0.98831 -0.89490 -0.82133 3
-0.75940 -0.67475 1.45328 -0.61612 -0.68401 -0.34706 -0.86511 -0.84864 -1.00893 -0.74949 3
-0.75940 1.48167 -0.68794 0.21656 0.22288 0.25064 -0.35429 -0.43191 -0.53454 -0.12809 4
-0.75940 -0.67475 1.45328 -1.07410 -1.08708 -0.46660 -1.07923 -1.04913 -1.02718 -1.07276 4
1.31652 -0.67475 -0.68794 -0.53285 -0.48248 -0.34706 -0.57453 -0.64365 -0.63946 -0.35079 4
-0.75940 -0.67475 1.45328 -1.90679 -1.99397 -1.42292 -1.48605 -1.44784 -1.41034 -1.49301 4
-0.75940 -0.67475 1.45328 -0.69939 -0.58325 -0.34706 -0.76009 -0.67294 -0.77630 -0.77463 4
-0.75940 -0.67475 1.45328 -0.19978 -0.23057 -0.70568 -0.47461 -0.26071 -0.69876 -0.63096 4
-0.75940 1.48167 -0.68794 0.42474 0.52518 0.60926 0.48178 0.62683 0.30932 0.30653 4
1.31652 -0.67475 -0.68794 0.75781 0.97863 1.20696 1.17103 1.40624 1.02091 0.90637 4
-0.75940 -0.67475 1.45328 -0.11651 -0.02903 -0.22752 -0.46849 -0.23818 -0.59384 -0.64892 4
1.31652 -0.67475 -0.68794 0.63291 0.02135 0.13110 0.22484 0.39706 0.14055 0.20954 4
-0.75940 -0.67475 1.45328 -0.74103 -0.68401 -0.46660 -0.88245 -0.81936 -0.90858 -0.81773 4
-0.75940 -0.67475 1.45328 0.00839 -0.18018 -0.82522 -0.53374 -0.32378 -0.66683 -0.56630 4
1.31652 -0.67475 -0.68794 0.09166 0.07173 -0.10798 -0.09939 -0.19313 -0.10577 -0.01674 4
-0.75940 -0.67475 1.45328 0.13330 0.02135 -0.10798 -0.25743 -0.22241 -0.03278 -0.27895 4
-0.75940 -0.67475 1.45328 0.42474 0.47480 0.37018 0.08923 -0.04671 0.26371 0.33167 4
-0.75940 -0.67475 1.45328 -1.28227 -1.23822 -1.06430 -1.22911 -1.10770 -1.17771 -1.23080 4
-0.75940 1.48167 -0.68794 1.09089 0.47480 0.72880 0.91001 1.00752 1.11670 0.67649 4
-0.75940 -0.67475 1.45328 -0.40795 -0.48248 -0.70568 -0.76825 -0.75854 -0.74437 -0.78182 4
1.31652 -0.67475 -0.68794 0.46637 0.42441 0.37018 -0.00253 -0.17286 0.15424 0.04073 4
-0.75940 1.48167 -0.68794 0.88272 0.67633 0.25064 0.49605 0.33173 1.06653 0.54718 4
-0.75940 -0.67475 1.45328 -0.82430 -0.98631 -1.06430 -0.97523 -0.87793 -0.99981 -0.99733 4
-0.75940 1.48167 -0.68794 -0.61612 -0.43210 -0.58614 -0.48990 -0.18637 -0.54367 -0.76386 4
-0.75940 -0.67475 1.45328 0.00839 -0.07942 -0.34706 -0.53680 -0.52201 -0.56191 -0.45855 4
1.31652 -0.67475 -0.68794 -0.40795 -0.23057 -0.46660 -0.54394 -0.31702 -0.82192 -0.61659 4
-0.75940 1.48167 -0.68794 -0.44959 -0.58325 -0.58614 -0.69688 -0.73827 -0.48893 -0.60222 4
-0.75940 -0.67475 1.45328 -0.86593 -0.88554 -0.58614 -0.85594 -0.69321 -0.79455 -0.96141 4
1.31652 -0.67475 -0.68794 1.13252 0.77709 0.37018 0.81315 1.12916 0.85214 0.43943 4
-0.75940 -0.67475 1.45328 -0.86593 -0.98631 -0.94476 -1.11797 -1.11220 -1.08648 -1.05121 4
-0.75940 -0.67475 1.45328 -0.69939 -0.83516 -0.70568 -0.67751 -0.45669 -0.55735 -0.94345 4
1.31652 -0.67475 -0.68794 -0.07488 -0.18018 -0.46660 -0.44096 -0.25846 -0.40226 -0.69920 4
-0.75940 -0.67475 1.45328 0.17493 0.22288 0.01156 -0.11571 -0.31702 0.08581 0.16285 4
-0.75940 -0.67475 1.45328 0.25820 0.22288 -0.34706 -0.26151 -0.08951 -0.41138 -0.21071 4
-0.75940 -0.67475 1.45328 -0.07488 -0.07942 0.01156 -0.22888 -0.04446 -0.19243 -0.43340 4
-0.75940 -0.67475 1.45328 -0.19978 -0.23057 -0.46660 -0.63774 -0.73151 -0.45700 -0.53038 4
1.31652 -0.67475 -0.68794 -0.40795 -0.38171 -0.34706 -0.65100 -0.64365 -0.62121 -0.53038 4
1.31652 -0.67475 -0.68794 -0.61612 -0.88554 -0.94476 -0.91303 -0.85090 -0.96332 -0.88957 4
-0.75940 1.48167 -0.68794 0.21656 0.07173 -0.10798 -0.13304 -0.18637 0.26827 -0.27895 4
-0.75940 1.48167 -0.68794 0.42474 0.37403 0.01156 0.22892 0.11323 0.65143 0.33167 4
-0.75940 1.48167 -0.68794 -0.11651 -0.18018 -0.10798 -0.39814 -0.57833 -0.01454 -0.27895 4
-0.75940 1.48167 -0.68794 -0.74103 -0.12980 -0.82522 -0.94872 -1.00633 -0.75349 -0.78182 4
-0.75940 1.48167 -0.68794 -0.69939 -0.58325 -0.34706 -0.86715 -0.83062 -1.07279 -0.78900 4
-0.75940 -0.67475 1.45328 -1.03247 -1.08708 -0.70568 -1.04762 -1.12797 -1.03630 -0.85365 4
-0.75940 1.48167 -0.68794 -0.19978 -0.38171 -0.10798 -0.77233 -0.84639 -0.68507 -0.60222 4
-0.75940 -0.67475 1.45328 -1.36554 -1.28861 -0.82522 -1.28417 -1.30593 -1.23701 -1.14100 4
-0.75940 -0.67475 1.45328 -0.78266 -0.68401 -0.46660 -0.96096 -0.93875 -1.05911 -0.96500 4
1.31652 -0.67475 -0.68794 -1.03247 -1.18784 -0.58614 -1.12001 -1.11671 -1.12297 -1.17692 4
-0.75940 1.48167 -0.68794 0.21656 0.22288 0.01156 -0.23500 -0.46344 0.04932 -0.09936 4
1.31652 -0.67475 -0.68794 -1.78189 -1.84282 -1.54246 -1.42589 -1.41405 -1.34192 -1.39962 4
-0.75940 -0.67475 1.45328 -0.44959 -0.48248 -0.22752 -0.62449 -0.72700 -0.67595 -0.53038 4
1.31652 -0.67475 -0.68794 -0.36632 -0.33133 0.13110 -0.10551 -0.64591 -0.46156 -0.49447 4
1.31652 -0.67475 -0.68794 -1.19901 -1.18784 -0.46660 -1.11288 -1.08968 -1.04999 -1.10509 4
1.31652 -0.67475 -0.68794 -0.03324 -0.23057 0.01156 -0.34512 -0.49949 0.20897 -0.56630 4
1.31652 -0.67475 -0.68794 -1.49045 -1.38937 -1.06430 -1.28825 -1.31944 -1.19139 -1.21284 4
1.31652 -0.67475 -0.68794 -0.44959 -0.38171 0.96788 -0.64998 -0.75629 -0.47524 -0.54834 4
1.31652 -0.67475 -0.68794 0.25820 0.27326 0.13110 0.28499 0.62683 -0.11489 -0.00238 4
1.31652 -0.67475 -0.68794 0.75781 1.02901 0.25064 0.95283 0.83632 1.37670 0.58310 4
1.31652 -0.67475 -0.68794 0.79945 0.92824 0.60926 0.97526 1.24405 0.67424 0.54718 4
-0.75940 1.48167 -0.68794 0.92435 0.77709 0.60926 0.94977 1.39047 0.72898 0.23469 4
1.31652 -0.67475 -0.68794 -0.40795 -0.38171 -0.34706 -0.59492 -0.61888 -0.53911 -0.63814 4
-0.75940 1.48167 -0.68794 -0.15815 -0.18018 -0.22752 -0.31555 -0.19313 -0.36121 -0.43340 4
-0.75940 1.48167 -0.68794 0.21656 0.37403 0.37018 0.32986 0.83182 -0.02366 -0.14964 4
-0.75940 1.48167 -0.68794 0.42474 0.52518 0.48972 0.55927 0.80479 0.36862 0.07305 4
1.31652 -0.67475 -0.68794 0.59127 0.47480 0.25064 0.43895 0.71468 0.36406 0.22391 4
-0.75940 1.48167 -0.68794 0.67454 0.82748 0.25064 0.62350 0.75297 0.76547 0.40351 4
1.31652 -0.67475 -0.68794 0.17493 0.07173 0.01156 -0.01783 0.46013 -0.48893 -0.14964 4
1.31652 -0.67475 -0.68794 0.29983 0.22288 0.13110 0.14429 0.47140 -0.02822 -0.03470 4
1.31652 -0.67475 -0.68794 0.34147 0.47480 0.25064 0.26664 0.43761 0.53740 -0.06344 4
-0.75940 1.48167 -0.68794 0.42474 0.62595 0.60926 0.08209 0.34074 0.14967 -0.00597 4
1.31652 -0.67475 -0.68794 0.42474 0.37403 0.72880 0.39511 0.85434 0.33669 -0.07781 4
1.31652 -0.67475 -0.68794 0.46637 0.37403 -0.10798 -0.03006 0.08169 0.09950 -0.13528 4
-0.75940 1.48167 -0.68794 0.46637 0.42441 0.37018 0.20648 0.11548 0.59670 0.18799 4
1.31652 -0.67475 -0.68794 0.50801 0.52518 0.13110 0.21362 0.53447 0.01739 -0.02752 4
-0.75940 1.48167 -0.68794 0.75781 0.57556 0.25064 0.19221 0.46013 0.01739 0.01917 4
-0.75940 -0.67475 1.45328 -1.15737 -1.18784 -1.18384 -1.15672 -1.11896 -1.10473 -1.18052 4
-0.75940 -0.67475 1.45328 -0.07488 -0.07942 -0.10798 -0.26967 -0.17736 -0.50261 -0.45855 4
-0.75940 -0.67475 1.45328 -0.03324 -0.12980 -0.34706 -0.33798 -0.26521 -0.45244 -0.34720 4
-0.75940 -0.67475 1.45328 0.05003 0.17250 -0.22752 -0.12488 0.26866 -0.54823 -0.20711 4
1.31652 -0.67475 -0.68794 0.09166 0.27326 0.25064 -0.22786 -0.05347 -0.32928 -0.32205 4
-0.75940 -0.67475 1.45328 0.13330 0.12212 0.01156 -0.20849 -0.17511 -0.32928 -0.07062 4
-0.75940 -0.67475 1.45328 0.25820 0.22288 0.01156 -0.12692 -0.08275 -0.14226 -0.06344 4
-0.75940 1.48167 -0.68794 0.92435 0.92824 0.60926 1.28624 1.55716 0.76547 1.08596 4
1.31652 -0.67475 -0.68794 1.04925 1.02901 1.20696 1.45447 1.60447 1.75987 0.97821 4
1.31652 -0.67475 -0.68794 1.34069 1.38169 1.56558 1.96529 2.05049 2.14759 1.59601 4
1.31652 -0.67475 -0.68794 -0.90756 -0.93593 -0.58614 -0.89570 -0.71123 -1.05455 -0.97578 4
-0.75940 1.48167 -0.68794 -0.15815 -0.28095 -0.10798 -0.29210 0.00735 -0.21980 -0.55912 4
-0.75940 1.48167 -0.68794 0.17493 0.02135 0.01156 -0.17994 -0.01292 -0.02822 -0.25740 4
-0.75940 1.48167 -0.68794 0.29983 0.27326 0.25064 0.08719 0.52321 0.02651 -0.39748 4
-0.75940 1.48167 -0.68794 0.54964 0.57556 0.25064 0.65715 1.14268 0.53284 0.09101 4
1.31652 -0.67475 -0.68794 0.79945 0.72671 0.60926 0.49707 0.55024 0.49634 0.52563 4
1.31652 -0.67475 -0.68794 0.88272 0.47480 0.25064 0.61738 0.54799 0.85670 0.47534 4
-0.75940 -0.67475 1.45328 -0.07488 -0.48248 -0.34706 -0.72645 -0.80134 -0.50718 -0.72435 4
-0.75940 -0.67475 1.45328 -0.03324 0.02135 0.13110 -0.37265 -0.28323 -0.19243 -0.53038 4
-0.75940 -0.67475 1.45328 0.13330 0.12212 0.01156 -0.41037 -0.49048 -0.57560 -0.02752 4
-0.75940 -0.67475 1.45328 0.21656 0.17250 0.25064 -0.38692 -0.40713 -0.42051 -0.15683 4
-0.75940 -0.67475 1.45328 0.34147 0.12212 0.37018 -0.17485 -0.22241 0.04932 -0.05626 4
1.31652 -0.67475 -0.68794 0.34147 0.32365 -0.34706 -0.05453 0.00060 0.01739 -0.17120 4
1.31652 -0.67475 -0.68794 0.38310 0.42441 0.01156 -0.06881 -0.09401 -0.29735 0.04432 4
-0.75940 -0.67475 1.45328 0.46637 0.37403 -0.34706 -0.24316 -0.25395 -0.36577 -0.02752 4
1.31652 -0.67475 -0.68794 0.63291 0.72671 0.60926 0.17896 0.24388 0.14511 0.24187 4
-0.75940 -0.67475 1.45328 0.71618 0.57556 -0.34706 0.19119 0.34525 0.08581 0.15207 4
-0.75940 1.48167 -0.68794 0.79945 0.72671 0.84834 0.43182 0.47140 0.38231 0.43943 5
1.31652 -0.67475 -0.68794 1.00762 1.02901 1.20696 1.31683 1.10664 1.49986 1.73250 5
1.31652 -0.67475 -0.68794 1.00762 1.02901 0.48972 1.02216 1.38371 1.17144 0.56155 5
1.31652 -0.67475 -0.68794 1.00762 0.77709 0.25064 0.80091 0.94670 0.84758 0.65494 5
-0.75940 1.48167 -0.68794 1.04925 0.87786 0.37018 1.03644 1.15169 1.26723 0.69086 5
1.31652 -0.67475 -0.68794 1.04925 1.02901 0.48972 1.13126 1.25756 1.00267 0.91715 5
1.31652 -0.67475 -0.68794 -0.19978 -0.38171 0.25064 0.47464 0.60655 0.38687 0.41069 5
1.31652 -0.67475 -0.68794 -0.07488 -0.58325 0.37018 0.19119 0.26641 0.15880 0.24546 5
-0.75940 1.48167 -0.68794 0.17493 -0.23057 0.25064 0.59087 0.82506 0.58301 0.32808 5
1.31652 -0.67475 -0.68794 0.38310 0.47480 0.84834 0.39001 0.54573 0.30932 0.36759 5
-0.75940 -0.67475 1.45328 -0.19978 -0.28095 -0.70568 -0.54700 -0.35757 -0.68051 -0.63814 5
-0.75940 -0.67475 1.45328 -0.03324 0.07173 0.01156 -0.38998 -0.23142 -0.42963 -0.50883 5
-0.75940 -0.67475 1.45328 -0.03324 -0.12980 -0.34706 -0.50621 -0.51751 -0.31559 -0.53038 5
-0.75940 -0.67475 1.45328 0.00839 -0.07942 0.13110 -0.44708 -0.50174 -0.19700 -0.45855 5
-0.75940 -0.67475 1.45328 0.05003 -0.02903 -0.46660 -0.40120 -0.39587 -0.29735 -0.36875 5
1.31652 -0.67475 -0.68794 0.25820 0.47480 -0.10798 0.01684 0.10197 -0.08752 -0.02752 5
-0.75940 -0.67475 1.45328 0.29983 0.37403 0.60926 0.00664 -0.06248 -0.01454 0.28857 5
1.31652 -0.67475 -0.68794 0.34147 0.42441 0.48972 0.13511 0.25064 0.13143 0.05150 5
1.31652 -0.67475 -0.68794 0.42474 0.42441 -0.22752 -0.08920 -0.18637 0.11318 -0.08858 5
1.31652 -0.67475 -0.68794 0.42474 0.67633 0.13110 0.05762 0.03213 -0.06928 0.21673 5
-0.75940 1.48167 -0.68794 0.46637 0.42441 1.32650 -0.00457 0.19883 -0.06928 -0.09936 5
-0.75940 1.48167 -0.68794 0.67454 0.47480 0.13110 0.06782 -0.11429 0.16336 0.43943 5
1.31652 -0.67475 -0.68794 0.79945 0.82748 0.25064 0.74687 0.45563 1.10758 0.83453 5
-0.75940 -0.67475 1.45328 -0.11651 0.47480 -0.10798 -0.29210 -0.32378 -0.24261 -0.25381 5
-0.75940 1.48167 -0.68794 0.05003 -0.02903 -0.22752 -0.39406 -0.43191 -0.21980 -0.38671 5
-0.75940 1.48167 -0.68794 0.29983 0.02135 0.48972 -0.01477 -0.07824 0.03108 0.10179 5
1.31652 -0.67475 -0.68794 1.00762 0.87786 0.25064 0.77644 1.09763 0.38231 0.71959 5
-0.75940 -0.67475 1.45328 -0.94920 -0.98631 -0.70568 -1.04762 -1.06039 -0.89946 -1.03325 5
1.31652 -0.67475 -0.68794 0.50801 0.47480 0.01156 0.28805 0.46239 0.04020 0.40351 5
-0.75940 1.48167 -0.68794 -0.44959 -0.43210 -0.46660 -0.58268 -0.58509 -0.28366 -0.63814 5
-0.75940 1.48167 -0.68794 -0.19978 -0.12980 0.25064 -0.23296 -0.16159 -0.06928 -0.31487 5
1.31652 -0.67475 -0.68794 -0.53285 -0.33133 -0.22752 -0.52049 -0.49048 -0.56191 -0.31487 5
-0.75940 1.48167 -0.68794 -1.49045 -1.54052 -0.94476 -1.28825 -1.29917 -1.18227 -1.28468 5
-0.75940 1.48167 -0.68794 0.34147 0.32365 0.25064 0.31456 0.39706 0.50091 0.06946 5
-0.75940 1.48167 -0.68794 1.38233 1.43207 0.96788 1.69306 2.30729 0.77459 1.44156 5
-0.75940 1.48167 -0.68794 0.88272 0.87786 0.13110 0.64899 0.83857 0.77915 0.35681 5
-0.75940 -0.67475 1.45328 -0.07488 -0.07942 -0.34706 -0.48174 -0.42515 -0.57560 -0.50883 5
-0.75940 -0.67475 1.45328 -0.03324 -0.12980 -0.10798 -0.39916 -0.27422 -0.46612 -0.45855 5
-0.75940 1.48167 -0.68794 0.38310 0.42441 0.96788 0.16162 0.18982 0.33213 0.11616 5
1.31652 -0.67475 -0.68794 0.59127 0.62595 0.60926 0.56946 0.59529 0.47354 0.68727 5
1.31652 -0.67475 -0.68794 1.00762 1.07939 0.48972 0.72546 0.66062 1.18968 0.69086 5
-0.75940 1.48167 -0.68794 1.00762 1.12978 0.96788 0.93040 0.98274 1.56372 0.56155 5
1.31652 -0.67475 -0.68794 1.04925 1.07939 -0.34706 0.71730 0.73946 0.93424 0.63698 5
1.31652 -0.67475 -0.68794 1.04925 1.02901 0.37018 1.17918 1.63150 1.07109 0.69086 5
-0.75940 1.48167 -0.68794 1.17416 0.97863 0.60926 1.06091 1.07735 1.24898 0.87045 5
-0.75940 1.48167 -0.68794 0.46637 0.17250 0.25064 0.03111 0.02312 0.04020 0.22750 5
-0.75940 -0.67475 1.45328 0.50801 0.12212 0.13110 -0.31657 -0.31477 -0.42051 -0.13528 5
1.31652 -0.67475 -0.68794 0.54964 0.62595 0.13110 0.19323 0.42860 -0.06928 0.10897 5
1.31652 -0.67475 -0.68794 1.67377 1.63361 1.20696 3.06238 4.02604 3.28795 2.01985 5
1.31652 -0.67475 -0.68794 0.46637 0.37403 0.48972 0.31660 0.58853 0.18617 0.22391 5
-0.75940 -0.67475 1.45328 -0.53285 -0.48248 0.01156 -0.77845 -0.89370 -0.85385 -0.56630 5
-0.75940 -0.67475 1.45328 -0.15815 0.17250 -0.34706 -0.44300 -0.51525 -0.39314 -0.27895 5
1.31652 -0.67475 -0.68794 1.21579 1.18016 0.72880 1.16593 1.60222 1.11214 1.06441 5
1.31652 -0.67475 -0.68794 1.21579 1.18016 1.32650 1.24749 1.35217 0.79284 1.33740 5
1.31652 -0.67475 -0.68794 0.71618 0.77709 0.72880 0.92224 1.07060 1.12126 0.65494 5
-0.75940 1.48167 -0.68794 0.92435 1.02901 0.72880 0.80499 0.77775 0.82477 0.82735 5
-0.75940 -0.67475 1.45328 0.09166 0.12212 0.13110 -0.28598 -0.38911 -0.26542 -0.01315 5
1.31652 -0.67475 -0.68794 0.29983 0.42441 0.13110 0.13307 0.13125 0.26371 0.18081 5
1.31652 -0.67475 -0.68794 0.42474 0.62595 0.25064 0.30539 0.41058 0.14055 0.26701 5
1.31652 -0.67475 -0.68794 0.54964 -0.02903 0.25064 0.04947 -0.15033 0.73810 0.04432 5
1.31652 -0.67475 -0.68794 0.59127 0.72671 0.01156 0.17080 0.22586 0.01739 0.36040 5
-0.75940 1.48167 -0.68794 0.96598 0.92824 0.25064 0.76013 0.89940 0.45985 0.69445 5
1.31652 -0.67475 -0.68794 0.00839 -0.07942 -0.22752 -0.42159 -0.42290 -0.30647 -0.39389 5
-0.75940 1.48167 -0.68794 0.84108 0.72671 1.44604 1.00891 1.11790 1.13951 0.83453 5
-0.75940 1.48167 -0.68794 0.17493 0.02135 -0.58614 -0.31045 -0.31252 -0.20612 -0.13528 5
1.31652 -0.67475 -0.68794 -0.61612 -0.53286 -0.46660 -0.88347 -0.95677 -0.94964 -0.67406 5
-0.75940 -0.67475 1.45328 -1.69862 -1.59091 -1.42292 -1.37083 -1.36224 -1.33736 -1.28468 5
-0.75940 -0.67475 1.45328 -0.69939 -0.58325 -0.46660 -0.92527 -0.97704 -0.76718 -0.88957 5
-0.75940 -0.67475 1.45328 -0.86593 -0.83516 -0.34706 -0.89162 -0.90946 -0.71244 -0.88957 5
1.31652 -0.67475 -0.68794 0.05003 -0.02903 -0.22752 -0.18504 -0.33730 -0.09664 -0.32924 5
-0.75940 -0.67475 1.45328 -0.32468 -0.53286 -0.46660 -0.65304 -0.67294 -0.53454 -0.74590 5
1.31652 -0.67475 -0.68794 -0.94920 -1.08708 -0.94476 -1.07617 -1.06039 -1.01806 -1.06917 5
1.31652 -0.67475 -0.68794 0.71618 0.62595 0.37018 0.41550 0.62007 0.33669 0.28497 5
-0.75940 1.48167 -0.68794 1.67377 1.73437 1.08742 1.41573 2.00544 1.63215 1.42719 5
-0.75940 1.48167 -0.68794 0.96598 0.67633 0.84834 0.66428 0.57276 1.46337 0.35322 5
-0.75940 -0.67475 1.45328 -0.07488 -0.07942 -0.10798 -0.39304 -0.24269 -0.53911 -0.38312 5
-0.75940 -0.67475 1.45328 0.05003 -0.02903 -0.22752 -0.34104 -0.29224 -0.37489 -0.35079 5
-0.75940 -0.67475 1.45328 0.09166 0.02135 -0.22752 -0.45116 -0.41163 -0.52998 -0.29691 5
-0.75940 -0.67475 1.45328 0.38310 0.12212 -0.22752 -0.11061 -0.02643 -0.27454 -0.01674 5
1.31652 -0.67475 -0.68794 0.42474 0.42441 0.37018 0.11676 0.00510 0.27739 0.13411 5
-0.75940 1.48167 -0.68794 0.50801 0.57556 0.60926 0.21770 0.19883 0.42792 0.14489 5
-0.75940 -0.67475 1.45328 -0.49122 -0.38171 -0.58614 -0.85900 -0.93650 -0.79455 -0.67047 5
-0.75940 -0.67475 1.45328 -0.40795 -0.58325 -0.34706 -0.82841 -0.76079 -0.92683 -0.74231 5
-0.75940 -0.67475 1.45328 0.05003 0.12212 0.01156 -0.31045 -0.46570 0.04476 -0.22148 5
1.31652 -0.67475 -0.68794 0.05003 0.02135 -0.34706 -0.12183 -0.06022 -0.06928 -0.17120 5
-0.75940 -0.67475 1.45328 0.21656 -0.07942 -0.10798 -0.22786 -0.12555 -0.28366 -0.12809 5
1.31652 -0.67475 -0.68794 0.84108 0.62595 0.25064 0.60209 0.88588 0.46441 0.34604 5
-0.75940 1.48167 -0.68794 1.04925 1.18016 0.60926 0.83456 1.29586 0.61950 0.44302 5
1.31652 -0.67475 -0.68794 0.42474 0.57556 -0.46660 0.45833 0.70567 0.34582 -0.02752 5
1.31652 -0.67475 -0.68794 -0.65776 -0.38171 -0.34706 -0.63978 -0.49498 -0.85385 -0.57349 5
-0.75940 1.48167 -0.68794 0.38310 0.57556 0.37018 0.28499 0.39030 0.73354 0.11616 5
-0.75940 -0.67475 1.45328 -1.57372 -1.54052 -1.30338 -1.32597 -1.29917 -1.27806 -1.32060 5
-0.75940 1.48167 -0.68794 -0.28305 -0.23057 0.48972 -0.35226 -0.51300 -0.08752 -0.24303 5
-0.75940 -0.67475 1.45328 -0.74103 -0.53286 -0.34706 -0.85900 -0.92749 -0.97244 -0.53038 5
-0.75940 -0.67475 1.45328 -0.28305 -0.23057 -0.46660 -0.48480 -0.39812 -0.62121 -0.44059 5
1.31652 -0.67475 -0.68794 1.34069 1.02901 0.96788 1.27604 1.22603 1.18512 0.96025 5
-0.75940 1.48167 -0.68794 0.96598 1.18016 0.84834 1.12820 1.29135 1.19425 0.94229 5
1.31652 -0.67475 -0.68794 0.88272 0.82748 0.25064 0.74789 1.01428 0.69705 0.43943 5
-0.75940 -0.67475 1.45328 0.21656 0.27326 -0.34706 -0.17892 -0.05121 -0.20156 -0.23585 5
1.31652 -0.67475 -0.68794 0.84108 0.72671 0.48972 0.84169 1.34316 0.74722 0.28497 5
-0.75940 1.48167 -0.68794 -0.44959 -0.53286 -0.94476 -0.72033 -0.86441 -0.91314 -0.38671 6
-0.75940 1.48167 -0.68794 -0.69939 -0.68401 -0.94476 -0.77029 -0.77205 -0.85385 -0.78182 6
1.31652 -0.67475 -0.68794 -0.32468 -0.48248 -0.22752 -0.58574 -0.44993 -0.77174 -0.56630 6
1.31652 -0.67475 -0.68794 0.29983 0.32365 0.48972 0.07292 -0.13006 0.24546 0.15207 6
-0.75940 1.48167 -0.68794 -0.40795 -0.33133 -0.34706 -0.51029 -0.36883 -0.87209 -0.60222 6
1.31652 -0.67475 -0.68794 0.05003 0.07173 0.01156 -0.21359 -0.22016 -0.11945 -0.24303 6
1.31652 -0.67475 -0.68794 -0.69939 -0.68401 -0.82522 -0.87021 -1.03111 -0.77630 -0.53038 6
1.31652 -0.67475 -0.68794 -0.53285 -0.58325 -0.46660 -0.63978 -0.60987 -0.66226 -0.59145 6
-0.75940 1.48167 -0.68794 0.92435 1.07939 1.20696 1.10679 0.66287 1.13495 1.51699 6
1.31652 -0.67475 -0.68794 0.21656 -0.02903 0.01156 -0.05351 -0.51976 -0.15594 0.11616 6
-0.75940 -0.67475 1.45328 -0.82430 -0.28095 -0.82522 -1.02417 -1.04012 -0.93139 -0.99733 6
-0.75940 1.48167 -0.68794 0.09166 0.27326 0.48972 -0.03720 -0.19763 -0.00998 0.00840 6
-0.75940 1.48167 -0.68794 -0.44959 -0.48248 -0.22752 -0.72747 -0.79909 -0.60753 -0.63814 6
1.31652 -0.67475 -0.68794 0.38310 0.27326 0.13110 0.15652 0.14927 0.50091 0.25983 6
1.31652 -0.67475 -0.68794 -0.61612 -0.58325 -0.94476 -0.94056 -0.95902 -0.72156 -0.85365 6
1.31652 -0.67475 -0.68794 -0.32468 -0.07942 -0.10798 -0.33798 -0.20890 -0.39770 -0.27895 6
1.31652 -0.67475 -0.68794 0.17493 0.17250 -0.10798 0.03213 0.06142 0.26827 -0.02752 6
-0.75940 1.48167 -0.68794 -0.19978 -0.12980 0.01156 -0.23092 -0.19313 -0.04191 0.00840 6
-0.75940 1.48167 -0.68794 -0.94920 -0.83516 -0.82522 -0.94872 -0.90271 -0.94507 -0.85365 6
-0.75940 1.48167 -0.68794 -0.57449 -0.58325 0.01156 -0.63264 -0.62338 -0.49349 -0.74590 6
-0.75940 1.48167 -0.68794 -1.19901 -1.18784 -0.82522 -1.16590 -1.17302 -1.18227 -1.10509 6
-0.75940 -0.67475 1.45328 -0.19978 -0.23057 0.25064 -0.41241 -0.44542 -0.12857 -0.56630 6
1.31652 -0.67475 -0.68794 -1.44881 -1.54052 -1.78154 -1.32495 -1.30142 -1.29631 -1.28468 6
-0.75940 1.48167 -0.68794 -0.90756 -0.68401 -0.22752 -0.94056 -0.96128 -0.84016 -0.85365 6
-0.75940 1.48167 -0.68794 -1.49045 -1.49014 -1.18384 -1.26785 -1.26989 -1.25069 -1.16615 6
1.31652 -0.67475 -0.68794 -1.36554 -1.13746 -0.22752 -1.12613 -1.21582 -1.12753 -0.99374 6
1.31652 -0.67475 -0.68794 -0.65776 -0.63363 -1.18384 -0.91609 -0.97479 -0.97244 -0.81773 6
1.31652 -0.67475 -0.68794 -0.32468 -0.53286 -0.46660 -0.57453 -0.65041 -0.17419 -0.70998 6
-0.75940 1.48167 -0.68794 0.21656 0.42441 0.25064 0.09433 0.01186 -0.04647 0.27061 6
-0.75940 1.48167 -0.68794 0.59127 0.72671 0.25064 0.57354 0.62458 0.43248 0.65494 6
-0.75940 1.48167 -0.68794 0.63291 0.67633 0.37018 0.77746 1.32289 -0.10121 0.58669 6
-0.75940 1.48167 -0.68794 1.21579 1.78475 0.48972 0.97934 0.83407 1.03916 1.25119 6
1.31652 -0.67475 -0.68794 0.38310 0.42441 0.37018 0.74687 0.91516 0.69249 0.40351 6
1.31652 -0.67475 -0.68794 0.96598 0.97863 0.37018 1.17001 1.55716 0.77459 0.69086 6
-0.75940 1.48167 -0.68794 1.25743 1.63361 2.04374 1.54624 1.71034 1.08477 1.40923 6
1.31652 -0.67475 -0.68794 1.38233 0.97863 1.44604 2.12741 2.40415 2.01531 1.73250 6
-0.75940 1.48167 -0.68794 1.42396 1.28092 0.84834 2.05910 2.00093 1.96513 1.89773 6
-0.75940 1.48167 -0.68794 1.09089 1.02901 0.84834 1.19550 1.03230 1.75074 0.89919 6
-0.75940 1.48167 -0.68794 1.63214 1.43207 1.44604 2.38129 2.45146 2.63110 2.03063 6
-0.75940 1.48167 -0.68794 0.13330 0.12212 0.13110 0.07496 0.32498 -0.16050 -0.15324 6
-0.75940 -0.67475 1.45328 0.17493 0.22288 0.25064 -0.20441 -0.25846 -0.44788 0.11256 6
-0.75940 1.48167 -0.68794 0.29983 0.37403 0.37018 0.80601 0.88813 1.29460 0.22032 6
1.31652 -0.67475 -0.68794 0.50801 0.62595 0.60926 1.18326 1.98516 0.44161 0.40351 6
1.31652 -0.67475 -0.68794 0.54964 0.47480 0.37018 0.11574 0.12900 0.06757 0.25983 6
1.31652 -0.67475 -0.68794 0.71618 0.42441 0.25064 0.08617 0.21460 0.02651 0.08024 6
1.31652 -0.67475 -0.68794 0.92435 0.82748 0.48972 0.55519 0.78676 0.05388 0.76629 6
-0.75940 1.48167 -0.68794 1.09089 1.12978 1.20696 1.27604 1.08411 1.87846 1.03568 6
-0.75940 1.48167 -0.68794 1.13252 0.87786 1.68512 1.46671 1.64276 1.56829 1.10392 6
-0.75940 1.48167 -0.68794 1.13252 1.07939 0.72880 1.03644 1.15169 1.20337 0.85249 6
-0.75940 1.48167 -0.68794 1.17416 1.23054 0.96788 1.35047 1.23954 1.47249 1.40923 6
1.31652 -0.67475 -0.68794 1.50723 1.58322 8.97705 2.81666 3.37053 2.79075 1.96238 6
1.31652 -0.67475 -0.68794 0.84108 1.12978 0.84834 1.18632 1.49409 1.29004 0.77347 6
-0.75940 1.48167 -0.68794 0.88272 0.92824 0.84834 0.57456 0.48491 0.79740 0.64775 6
-0.75940 1.48167 -0.68794 0.88272 0.82748 2.04374 1.03440 1.44678 0.71529 0.61543 6
-0.75940 1.48167 -0.68794 1.00762 1.07939 0.84834 1.46263 1.55041 1.68232 1.26556 6
1.31652 -0.67475 -0.68794 1.21579 1.02901 0.84834 1.42287 1.31388 2.43496 0.76269 6
1.31652 -0.67475 -0.68794 1.50723 1.53284 0.60926 1.72569 1.97165 2.08829 1.07160 6
-0.75940 -0.67475 1.45328 -0.07488 -0.58325 -0.82522 -0.72237 -0.65942 -0.52542 -0.79978 6
-0.75940 -0.67475 1.45328 0.05003 0.22288 -0.10798 -0.41445 -0.51525 -0.32016 -0.18197 6
1.31652 -0.67475 -0.68794 0.21656 0.27326 0.01156 -0.13508 -0.14582 -0.11033 0.14489 6
1.31652 -0.67475 -0.68794 0.46637 0.22288 -0.22752 -0.06269 0.02538 -0.06928 -0.07421 6
-0.75940 1.48167 -0.68794 0.71618 0.57556 0.48972 0.49707 0.55925 0.64687 0.29575 6
-0.75940 1.48167 -0.68794 0.71618 0.67633 0.48972 0.58476 0.10872 0.38687 1.00694 6
-0.75940 -0.67475 1.45328 0.79945 0.42441 -0.10798 0.19425 -0.00616 0.41880 0.41428 6
-0.75940 1.48167 -0.68794 0.84108 0.77709 0.84834 1.08742 1.42876 0.73810 0.94588 6
1.31652 -0.67475 -0.68794 0.88272 0.77709 0.60926 0.82436 1.33866 0.46441 0.46457 6
1.31652 -0.67475 -0.68794 1.00762 0.97863 0.25064 0.67652 0.71919 0.73810 0.69086 6
-0.75940 1.48167 -0.68794 1.00762 1.02901 1.20696 1.08946 0.96247 1.65495 0.87045 6
-0.75940 1.48167 -0.68794 1.21579 1.43207 0.37018 1.50341 2.24647 1.44513 0.82735 6
1.31652 -0.67475 -0.68794 1.63214 1.63361 1.44604 2.03666 2.52129 1.69144 1.76842 6
-0.75940 1.48167 -0.68794 0.17493 0.07173 1.44604 1.07926 0.93544 1.25354 1.17935 6
1.31652 -0.67475 -0.68794 1.04925 0.77709 0.48972 1.85722 0.95571 0.89319 0.49330 6
-0.75940 1.48167 -0.68794 1.42396 1.43207 1.08742 1.73384 2.00769 2.01531 1.13266 6
-0.75940 1.48167 -0.68794 -0.11651 -0.07942 -0.46660 -0.26151 -0.05572 -0.63946 -0.31487 6
-0.75940 -0.67475 1.45328 0.34147 0.52518 0.37018 0.08719 0.07268 0.31389 0.08024 6
-0.75940 -0.67475 1.45328 0.46637 0.32365 0.13110 -0.07798 -0.03094 -0.14682 0.02277 6
1.31652 -0.67475 -0.68794 0.59127 0.47480 0.25064 0.11676 0.32498 0.18617 -0.11373 6
-0.75940 -0.67475 1.45328 0.67454 0.82748 0.60926 0.49401 0.55249 0.11774 0.81298 6
-0.75940 1.48167 -0.68794 0.96598 0.72671 0.13110 0.58272 0.66963 0.54196 0.72678 6
-0.75940 -0.67475 1.45328 0.96598 0.82748 -0.10798 0.55315 0.57952 0.63775 0.38555 6
-0.75940 1.48167 -0.68794 1.09089 1.18016 0.84834 1.05887 1.01878 0.72898 1.11470 6
-0.75940 1.48167 -0.68794 1.17416 0.92824 0.25064 0.85393 0.46464 1.04828 0.86686 6
1.31652 -0.67475 -0.68794 1.29906 1.33131 0.37018 1.43816 1.40398 1.81004 1.04286 6
-0.75940 1.48167 -0.68794 0.21656 0.62595 0.25064 0.18711 0.09746 0.57389 0.20595 6
1.31652 -0.67475 -0.68794 0.54964 0.57556 0.60926 0.58374 0.70792 0.84301 0.25983 6
1.31652 -0.67475 -0.68794 0.71618 0.82748 0.48972 0.57762 0.47590 0.43248 0.73396 6
-0.75940 1.48167 -0.68794 1.54887 0.92824 0.25064 0.99463 1.46030 0.92056 0.29575 6
-0.75940 1.48167 -0.68794 -0.19978 -0.07942 -0.34706 -0.51437 -0.54003 -0.49805 -0.38671 6
-0.75940 1.48167 -0.68794 -0.57449 -0.58325 0.01156 -0.52253 -0.73376 -0.43875 -0.45855 6
1.31652 -0.67475 -0.68794 0.00839 -0.02903 -0.10798 -0.14528 -0.13006 0.32301 -0.31487 6
1.31652 -0.67475 -0.68794 -1.28227 -1.18784 -1.18384 -1.19852 -1.12346 -1.23701 -1.22003 6
-0.75940 1.48167 -0.68794 -0.86593 -0.78478 -0.34706 -0.74582 -0.78106 -0.64402 -0.67406 6
-0.75940 -0.67475 1.45328 -0.40795 -0.43210 -0.46660 -0.60919 -0.49048 -0.75805 -0.54834 6
1.31652 -0.67475 -0.68794 0.67454 0.67633 0.84834 0.75911 0.81154 0.86126 0.50408 6
-0.75940 1.48167 -0.68794 0.84108 0.82748 0.37018 1.02216 1.38822 0.71529 0.65494 6
1.31652 -0.67475 -0.68794 1.13252 1.07939 0.60926 1.25973 1.50761 1.07109 0.98180 6
-0.75940 -0.67475 1.45328 0.21656 0.17250 -0.10798 -0.35226 -0.46119 -0.09664 -0.25740 6
1.31652 -0.67475 -0.68794 0.50801 0.57556 0.60926 0.11472 0.19432 -0.16507 0.25265 6
-0.75940 1.48167 -0.68794 0.79945 0.72671 0.60926 0.37472 0.78001 2.33461 0.61184 6
1.31652 -0.67475 -0.68794 0.84108 0.82748 0.60926 0.76726 0.71243 1.18512 0.77347 6
1.31652 -0.67475 -0.68794 0.88272 1.18016 1.32650 0.98852 0.60430 0.69249 1.62475 7
1.31652 -0.67475 -0.68794 0.96598 0.77709 0.25064 0.54907 0.72144 0.37775 0.56514 7
1.31652 -0.67475 -0.68794 0.84108 0.67633 0.84834 1.04358 1.33641 0.93424 0.70522 7
-0.75940 1.48167 -0.68794 0.84108 0.82748 0.13110 0.18609 0.34975 -0.06471 0.29575 7
-0.75940 1.48167 -0.68794 0.88272 0.77709 1.08742 0.68977 0.84984 0.61950 0.72678 7
-0.75940 1.48167 -0.68794 1.13252 1.18016 0.96788 1.56561 1.87929 1.97425 0.87404 7
1.31652 -0.67475 -0.68794 1.21579 1.33131 0.84834 1.33212 1.71034 1.02091 0.90637 7
1.31652 -0.67475 -0.68794 0.25820 -0.02903 1.20696 1.17714 1.13592 1.47249 1.07878 7
-0.75940 -0.67475 1.45328 0.21656 -0.02903 0.25064 -0.31249 -0.26071 -0.31103 -0.20711 7
-0.75940 1.48167 -0.68794 0.38310 0.62595 0.01156 0.08617 0.11548 0.27739 -0.05266 7
-0.75940 1.48167 -0.68794 1.13252 1.23054 0.96788 1.40451 1.87929 1.10758 1.16499 7
1.31652 -0.67475 -0.68794 1.17416 1.18016 0.37018 1.07824 0.78001 1.13039 1.50621 7
1.31652 -0.67475 -0.68794 -0.24141 -0.28095 -0.46660 -0.72339 -0.73151 -0.67595 -0.60581 7
-0.75940 1.48167 -0.68794 0.42474 0.42441 -0.10798 -0.00049 0.01186 -0.13770 -0.02034 7
1.31652 -0.67475 -0.68794 0.09166 0.32365 0.60926 0.09433 -0.36208 -0.00542 0.43943 7
-0.75940 1.48167 -0.68794 -0.53285 -0.78478 0.25064 -0.60410 -0.67970 -0.00085 -0.81773 7
-0.75940 1.48167 -0.68794 0.59127 0.67633 0.60926 0.65103 0.38129 0.30476 0.94229 7
1.31652 -0.67475 -0.68794 0.96598 1.02901 0.72880 1.10679 0.93544 1.15319 1.22246 7
-0.75940 1.48167 -0.68794 1.59050 1.78475 2.16328 2.53627 2.28026 2.08829 2.34312 7
1.31652 -0.67475 -0.68794 0.84108 0.87786 0.96788 0.51542 0.50519 0.66968 0.53641 7
1.31652 -0.67475 -0.68794 1.59050 1.38169 0.96788 1.85925 2.30504 1.51811 1.50981 7
-0.75940 -0.67475 1.45328 0.21656 0.17250 0.37018 0.08923 0.23712 0.05844 0.02636 7
-0.75940 1.48167 -0.68794 0.34147 0.42441 0.84834 0.83150 0.77100 0.59213 0.49690 7
-0.75940 1.48167 -0.68794 0.59127 0.57556 0.13110 -0.06779 -0.07599 -0.00998 0.02636 7
-0.75940 1.48167 -0.68794 0.63291 0.67633 0.72880 0.52868 0.59079 0.61038 0.51126 7
1.31652 -0.67475 -0.68794 0.92435 0.87786 0.72880 1.10271 1.34091 1.13951 0.90637 7
1.31652 -0.67475 -0.68794 1.13252 1.23054 0.84834 1.53808 1.71259 1.55004 1.19372 7
-0.75940 1.48167 -0.68794 0.63291 0.92824 0.48972 0.59801 0.67639 0.68793 0.50408 7
1.31652 -0.67475 -0.68794 1.04925 0.87786 0.48972 0.77236 0.85885 0.81108 0.58310 7
-0.75940 1.48167 -0.68794 1.04925 1.12978 1.32650 0.92224 1.07735 0.59670 1.03209 7
1.31652 -0.67475 -0.68794 1.34069 1.43207 1.20696 2.15392 2.39064 2.09285 1.80075 7
-0.75940 1.48167 -0.68794 1.50723 1.23054 0.72880 1.49934 1.13817 1.94689 1.44515 7
-0.75940 1.48167 -0.68794 0.42474 0.12212 1.20696 1.90718 2.49876 1.79180 1.22605 7
1.31652 -0.67475 -0.68794 0.67454 0.47480 0.48972 0.59699 0.78226 0.84301 0.23110 7
1.31652 -0.67475 -0.68794 0.38310 0.32365 0.13110 0.10758 0.00510 0.13599 0.24906 7
1.31652 -0.67475 -0.68794 0.13330 0.17250 -0.46660 -0.02394 -0.29224 -0.25173 -0.31487 7
-0.75940 1.48167 -0.68794 0.34147 0.52518 0.25064 0.09739 -0.06248 0.10862 0.25983 7
-0.75940 -0.67475 1.45328 -1.40718 -1.38937 -0.94476 -1.24950 -1.24511 -1.30999 -1.17692 7
1.31652 -0.67475 -0.68794 0.63291 0.57556 0.37018 0.88350 1.19449 0.59213 0.65494 7
1.31652 -0.67475 -0.68794 1.46560 1.93590 2.16328 2.39454 2.03247 2.04268 2.41855 7
1.31652 -0.67475 -0.68794 -0.03324 -0.12980 -0.34706 -0.50418 -0.46344 -0.49349 -0.49447 7
1.31652 -0.67475 -0.68794 0.84108 0.72671 0.84834 0.48178 0.57276 0.71529 0.33167 7
1.31652 -0.67475 -0.68794 0.92435 0.72671 0.13110 0.71832 1.37695 0.44161 -0.09936 7
-0.75940 1.48167 -0.68794 0.84108 0.77709 0.60926 0.80907 0.66737 1.05284 0.87045 7
1.31652 -0.67475 -0.68794 0.79945 0.57556 0.13110 0.16774 0.07043 0.30932 0.28138 7
1.31652 -0.67475 -0.68794 1.46560 1.38169 1.80466 2.21000 2.35685 2.35285 1.91928 7
-0.75940 1.48167 -0.68794 0.92435 0.87786 0.84834 0.82946 0.72594 1.16688 0.77706 7
-0.75940 -0.67475 1.45328 -0.40795 -0.43210 -0.58614 -0.67241 -0.57382 -0.84016 -0.59504 7
-0.75940 1.48167 -0.68794 -0.28305 -0.33133 -0.10798 -0.44096 -0.46795 -0.71700 -0.13528 7
1.31652 -0.67475 -0.68794 0.46637 0.67633 0.25064 0.28805 0.11548 0.32757 0.79861 7
-0.75940 1.48167 -0.68794 0.88272 0.72671 0.48972 0.75503 0.75297 1.40863 0.54718 7
-0.75940 1.48167 -0.68794 -0.44959 -0.58325 0.13110 -0.63468 -0.77656 -0.52086 -0.42263 7
1.31652 -0.67475 -0.68794 0.05003 0.12212 0.60926 0.13409 -0.18187 0.53284 0.04432 7
1.31652 -0.67475 -0.68794 0.79945 0.57556 1.20696 1.04561 0.95121 1.24898 0.83453 7
1.31652 -0.67475 -0.68794 0.46637 0.57556 0.13110 0.11880 0.36552 -0.13770 0.18799 7
-0.75940 -0.67475 1.45328 -1.11574 -0.98631 -0.94476 -1.07413 -1.09643 -1.06367 -0.88957 7
1.31652 -0.67475 -0.68794 -0.19978 0.02135 0.25064 -0.34002 -0.35081 -0.39770 -0.13528 7
1.31652 -0.67475 -0.68794 -1.19901 -1.23822 -0.94476 -1.14652 -1.10094 -1.09104 -1.17692 7
1.31652 -0.67475 -0.68794 0.29983 0.27326 0.96788 0.12288 0.00285 0.21353 0.08024 7
-0.75940 -0.67475 1.45328 0.25820 0.17250 0.96788 0.09433 0.04565 0.18160 0.11616 7
-0.75940 -0.67475 1.45328 0.46637 0.37403 0.25064 0.11778 0.10647 0.25915 0.11616 7
-0.75940 1.48167 -0.68794 0.84108 0.82748 0.84834 0.82436 0.88813 0.60582 0.90637 7
-0.75940 -0.67475 1.45328 -0.24141 -0.18018 -0.34706 -0.33288 -0.33955 -0.16963 -0.27895 7
-0.75940 -0.67475 1.45328 -0.53285 -0.58325 -0.46660 -0.69382 -0.74953 -0.68963 -0.60222 7
-0.75940 -0.67475 1.45328 0.09166 0.42441 0.72880 -0.09736 -0.24269 -0.22893 0.40351 7
1.31652 -0.67475 -0.68794 -0.57449 -0.58325 -0.46660 -0.70402 -0.80134 -0.33384 -0.56630 7
-0.75940 1.48167 -0.68794 -0.78266 -0.83516 -0.58614 -0.90182 -0.95452 -0.67595 -0.92549 7
1.31652 -0.67475 -0.68794 0.00839 -0.07942 -0.22752 0.00155 -0.53553 0.01739 0.25983 7
-0.75940 1.48167 -0.68794 -0.82430 -0.63363 -0.70568 -0.94260 -1.05589 -0.90858 -0.87520 7
-0.75940 1.48167 -0.68794 1.29906 1.53284 1.32650 1.93470 2.25998 1.29004 1.26556 7
-0.75940 1.48167 -0.68794 1.42396 1.53284 1.92420 2.04992 2.19015 2.20233 1.55291 7
1.31652 -0.67475 -0.68794 0.54964 0.57556 0.37018 0.62656 0.74396 0.73810 0.25983 7
-0.75940 1.48167 -0.68794 0.79945 1.02901 0.96788 1.02522 1.05708 0.87038 1.07160 7
-0.75940 1.48167 -0.68794 0.88272 0.87786 0.60926 0.97628 1.07961 0.94337 0.54718 7
1.31652 -0.67475 -0.68794 0.92435 0.82748 0.84834 1.11393 1.18773 0.82021 1.12188 7
1.31652 -0.67475 -0.68794 1.54887 1.58322 1.56558 2.79219 2.94028 3.11918 2.21741 7
-0.75940 1.48167 -0.68794 1.75704 1.93590 1.92420 3.52018 3.48767 2.36654 2.59456 7
-0.75940 1.48167 -0.68794 1.88194 1.63361 1.68512 2.86968 3.37729 3.09181 2.19945 7
-0.75940 1.48167 -0.68794 2.13175 2.23820 1.80466 3.72818 5.08478 2.90023 2.49398 7
-0.75940 -0.67475 1.45328 0.21656 0.22288 0.13110 -0.08002 0.06818 -0.08752 -0.11373 7
1.31652 -0.67475 -0.68794 0.34147 -0.18018 -0.34706 -0.17281 -0.03319 -0.46156 -0.50524 7
1.31652 -0.67475 -0.68794 0.63291 0.52518 0.37018 0.26664 0.38805 0.07669 0.40351 7
-0.75940 -0.67475 1.45328 0.67454 0.27326 -0.22752 0.15041 0.32723 -0.06015 0.15207 7
-0.75940 -0.67475 1.45328 0.88272 0.97863 0.96788 0.90389 1.09537 1.04372 0.54718 7
1.31652 -0.67475 -0.68794 1.00762 1.18016 0.48972 1.38412 1.73963 0.58757 1.39127 7
-0.75940 1.48167 -0.68794 1.04925 1.83514 1.92420 1.69918 1.85000 1.80092 1.40923 7
-0.75940 1.48167 -0.68794 1.42396 1.58322 1.20696 1.90616 1.74413 1.99250 1.85822 7
1.31652 -0.67475 -0.68794 1.50723 1.48246 1.80466 2.67595 3.09571 1.84653 2.07732 7
1.31652 -0.67475 -0.68794 0.84108 0.62595 0.96788 0.62656 0.41283 1.31284 0.47534 7
1.31652 -0.67475 -0.68794 0.84108 0.82748 0.60926 0.58680 0.58628 0.73810 0.67290 7
1.31652 -0.67475 -0.68794 0.88272 0.87786 0.84834 0.89879 1.10664 0.82477 0.64057 7
1.31652 -0.67475 -0.68794 0.96598 1.18016 1.08742 1.79094 1.81847 2.18864 1.47030 7
-0.75940 1.48167 -0.68794 1.50723 1.38169 0.72880 1.53196 1.28009 2.51707 0.18799 7
1.31652 -0.67475 -0.68794 0.63291 0.87786 0.84834 0.96201 1.17196 0.94337 0.64416 7
-0.75940 1.48167 -0.68794 0.71618 0.67633 0.25064 0.58068 0.72144 0.70161 0.44302 7
-0.75940 1.48167 -0.68794 1.17416 1.07939 1.08742 1.04358 0.90165 1.02547 1.42719 7
1.31652 -0.67475 -0.68794 1.63214 1.53284 0.96788 1.54522 1.49409 1.77355 1.46311 7
1.31652 -0.67475 -0.68794 0.42474 0.47480 0.37018 0.37574 0.49167 0.25459 0.40351 7
-0.75940 -0.67475 1.45328 0.42474 0.42441 -0.10798 -0.00865 -0.09852 0.28196 0.00122 7
-0.75940 1.48167 -0.68794 0.63291 0.62595 -0.10798 0.28805 0.47815 0.13599 0.18081 7
1.31652 -0.67475 -0.68794 0.79945 0.82748 0.48972 0.42060 0.36327 0.65599 0.33167 8
1.31652 -0.67475 -0.68794 0.84108 0.87786 0.37018 0.44813 0.57502 0.28652 0.59388 8
-0.75940 1.48167 -0.68794 0.92435 0.97863 0.37018 0.93958 1.05708 1.21705 0.76269 8
1.31652 -0.67475 -0.68794 1.13252 1.02901 0.84834 0.79377 0.65836 1.11670 0.94229 8
-0.75940 1.48167 -0.68794 1.25743 1.02901 1.08742 1.31377 1.21702 1.11214 1.33380 8
1.31652 -0.67475 -0.68794 1.63214 1.58322 1.20696 2.55360 3.25339 2.27987 1.89773 8
-0.75940 -0.67475 1.45328 0.21656 0.12212 -0.58614 -0.32778 -0.30126 -0.39770 -0.21430 8
-0.75940 1.48167 -0.68794 1.54887 1.58322 1.32650 2.01525 1.91758 2.84093 1.80434 8
1.31652 -0.67475 -0.68794 0.46637 0.62595 0.60926 0.20037 -0.17060 0.16336 0.54718 8
-0.75940 -0.67475 1.45328 -1.28227 -1.28861 -1.18384 -1.21484 -1.21132 -1.15034 -1.21284 8
-0.75940 1.48167 -0.68794 -0.74103 -0.88554 -0.46660 -0.91813 -0.93424 -0.81279 -0.81773 8
-0.75940 -0.67475 1.45328 -1.40718 -1.28861 -0.94476 -1.22605 -1.19780 -1.23245 -1.10509 8
-0.75940 1.48167 -0.68794 1.00762 0.92824 1.44604 1.22302 1.25982 1.13495 0.87045 8
-0.75940 1.48167 -0.68794 0.46637 0.47480 -0.46660 0.22688 0.17855 0.69705 0.18799 8
1.31652 -0.67475 -0.68794 0.54964 0.82748 -0.10798 0.36554 0.28218 0.40055 0.33167 8
1.31652 -0.67475 -0.68794 -0.78266 -0.63363 -0.58614 -1.06903 -1.20231 -1.14578 -0.85365 8
1.31652 -0.67475 -0.68794 0.92435 0.87786 0.25064 0.51440 0.55474 0.56020 0.51126 8
1.31652 -0.67475 -0.68794 0.75781 0.67633 0.72880 0.72138 0.51645 0.99354 0.00840 8
1.31652 -0.67475 -0.68794 0.46637 0.52518 0.96788 0.64491 0.54348 0.87951 0.61902 8
1.31652 -0.67475 -0.68794 1.21579 0.92824 1.44604 0.89777 0.97599 1.07565 0.80580 8
1.31652 -0.67475 -0.68794 1.29906 1.12978 0.60926 1.32295 1.64276 0.89775 1.20090 8
1.31652 -0.67475 -0.68794 1.29906 1.23054 0.96788 1.42796 1.82072 1.19425 1.17576 8
1.31652 -0.67475 -0.68794 1.75704 1.63361 0.84834 2.14372 2.47849 1.88303 1.78997 8
1.31652 -0.67475 -0.68794 1.88194 1.48246 1.80466 2.79830 3.16329 3.12830 2.08092 8
-0.75940 1.48167 -0.68794 0.71618 0.42441 -0.22752 0.08923 0.13350 -0.08296 0.23828 8
-0.75940 1.48167 -0.68794 1.13252 1.18016 1.44604 1.29338 1.32064 1.08477 1.31585 8
1.31652 -0.67475 -0.68794 1.79867 1.88552 1.20696 3.04811 3.55975 3.01883 1.91210 8
1.31652 -0.67475 -0.68794 0.71618 0.72671 0.01156 0.47668 0.70567 0.40512 0.37836 8
-0.75940 1.48167 -0.68794 0.92435 0.77709 1.20696 1.11699 1.23729 0.98442 1.20090 8
1.31652 -0.67475 -0.68794 0.92435 1.07939 0.48972 0.77236 0.80704 0.92512 0.76269 8
1.31652 -0.67475 -0.68794 0.96598 1.68399 0.84834 1.28420 1.19674 0.77915 1.44156 8
-0.75940 1.48167 -0.68794 1.00762 1.12978 0.72880 0.75095 0.75072 1.02091 0.56155 8
-0.75940 1.48167 -0.68794 1.09089 0.92824 1.56558 1.42592 1.18097 1.75074 1.54213 8
-0.75940 -0.67475 1.45328 -0.03324 -0.12980 -0.58614 -0.37571 -0.19763 -0.51174 -0.37952 8
-0.75940 -0.67475 1.45328 0.79945 0.67633 0.48972 0.15958 0.05241 -0.12401 0.49330 8
-0.75940 1.48167 -0.68794 0.96598 0.77709 0.13110 0.62146 0.87011 0.63775 0.45020 8
1.31652 -0.67475 -0.68794 1.04925 0.97863 0.72880 1.49016 1.51211 1.55916 1.12188 8
1.31652 -0.67475 -0.68794 -0.11651 -0.12980 -0.34706 -0.50621 -0.51976 -0.42963 -0.36516 8
-0.75940 1.48167 -0.68794 -0.03324 0.22288 0.25064 -0.20543 -0.25846 -0.21068 -0.02752 8
1.31652 -0.67475 -0.68794 0.75781 0.87786 0.37018 0.93346 0.34074 1.02547 0.61543 8
1.31652 -0.67475 -0.68794 1.25743 0.97863 0.48972 1.43408 1.71485 1.60934 1.02490 8
-0.75940 -0.67475 1.45328 -1.57372 -1.49014 -1.18384 -1.31578 -1.26763 -1.42859 -1.24876 8
-0.75940 1.48167 -0.68794 -0.44959 -0.33133 -0.82522 -0.64386 -0.57382 -0.35209 -0.78182 8
-0.75940 -0.67475 1.45328 -0.11651 -0.02903 -0.46660 -0.44606 -0.58734 -0.45244 -0.02752 8
-0.75940 1.48167 -0.68794 0.79945 0.77709 0.84834 0.90185 0.77325 1.15775 0.94229 8
1.31652 -0.67475 -0.68794 0.59127 0.92824 0.60926 0.47158 0.19207 0.90687 0.25983 8
-0.75940 1.48167 -0.68794 0.54964 0.67633 0.37018 0.29111 0.05241 0.49634 0.29575 8
-0.75940 1.48167 -0.68794 -0.24141 -0.33133 0.25064 -0.47257 -0.44092 -0.41595 -0.43699 8
1.31652 -0.67475 -0.68794 -1.03247 -0.98631 -0.70568 -1.04966 -0.99732 -1.12753 -0.99733 8
-0.75940 -0.67475 1.45328 -0.28305 -0.23057 0.01156 -0.58370 -0.72700 -0.48893 -0.45855 8
-0.75940 1.48167 -0.68794 0.88272 0.67633 0.25064 0.69997 0.79577 0.66968 0.55437 8
-0.75940 1.48167 -0.68794 1.17416 1.12978 0.60926 1.75322 1.66754 2.06548 1.34817 8
1.31652 -0.67475 -0.68794 1.63214 1.58322 1.44604 1.95408 1.61573 1.86478 2.08451 8
1.31652 -0.67475 -0.68794 1.09089 1.12978 0.96788 1.35251 1.61798 1.63671 0.83453 8
-0.75940 1.48167 -0.68794 1.46560 1.53284 0.84834 1.69612 2.25773 1.34021 1.14343 8
1.31652 -0.67475 -0.68794 1.54887 1.63361 1.32650 1.05887 2.42893 2.39847 1.54213 8
1.31652 -0.67475 -0.68794 0.84108 0.82748 0.60926 0.72342 0.71017 0.51915 1.08596 8
1.31652 -0.67475 -0.68794 0.75781 0.67633 0.37018 0.49911 0.35201 0.71073 0.51126 8
-0.75940 1.48167 -0.68794 0.50801 0.12212 0.37018 0.41856 0.34975 0.38231 0.58310 8
1.31652 -0.67475 -0.68794 0.67454 0.82748 0.60926 0.60311 0.59754 0.37775 0.83812 8
-0.75940 -0.67475 1.45328 0.79945 0.62595 0.37018 0.27990 0.39481 -0.08752 0.32448 8
1.31652 -0.67475 -0.68794 1.04925 1.18016 1.20696 1.10067 1.07285 1.05284 1.15780 8
1.31652 -0.67475 -0.68794 1.21579 1.33131 1.32650 0.79173 0.77775 0.84758 0.66571 8
-0.75940 1.48167 -0.68794 1.04925 0.92824 0.72880 1.17408 1.50761 1.25354 0.60824 8
-0.75940 -0.67475 1.45328 0.05003 0.02135 0.25064 -0.44198 -0.52201 -0.25630 -0.35438 8
-0.75940 1.48167 -0.68794 0.79945 0.92824 0.84834 0.56742 0.58628 0.54196 0.74833 8
-0.75940 1.48167 -0.68794 -0.28305 -0.38171 -0.58614 -0.58676 -0.84864 -0.57560 -0.38671 8
-0.75940 1.48167 -0.68794 0.88272 1.07939 0.48972 1.03440 0.87236 1.27635 0.79861 8
-0.75940 1.48167 -0.68794 0.84108 0.82748 1.20696 1.77973 1.74413 2.09741 1.05364 8
-0.75940 1.48167 -0.68794 0.92435 0.77709 0.37018 0.49809 0.48491 0.15424 0.79861 8
1.31652 -0.67475 -0.68794 0.21656 0.12212 0.13110 -0.18402 -0.17286 -0.29279 0.09460 8
-0.75940 -0.67475 1.45328 0.46637 0.17250 0.13110 0.00256 0.08845 -0.18331 0.13411 8
1.31652 -0.67475 -0.68794 0.88272 0.97863 0.37018 0.56334 0.59754 0.41424 0.61902 8
-0.75940 1.48167 -0.68794 0.34147 0.42441 0.60926 0.11880 0.04790 0.53284 0.07305 8
1.31652 -0.67475 -0.68794 0.79945 1.02901 0.84834 1.60333 0.68089 0.10406 3.13334 8
-0.75940 1.48167 -0.68794 0.42474 0.42441 0.48972 0.30335 -0.20664 0.45985 0.65494 8
1.31652 -0.67475 -0.68794 0.67454 0.62595 0.48972 0.70303 0.62232 0.54652 0.76269 8
-0.75940 -0.67475 1.45328 -0.69939 -0.58325 -0.10798 -0.80292 -0.80134 -0.89034 -0.81773 8
-0.75940 1.48167 -0.68794 0.38310 0.32365 -0.34706 0.07394 0.03664 -0.07384 0.22391 8
1.31652 -0.67475 -0.68794 0.38310 0.52518 0.01156 0.25441 0.39255 0.23634 0.04432 8
-0.75940 1.48167 -0.68794 0.54964 0.57556 0.25064 0.34311 0.14702 0.59670 0.72678 8
1.31652 -0.67475 -0.68794 0.09166 0.32365 0.25064 -0.31045 -0.46570 -0.37945 0.15207 8
1.31652 -0.67475 -0.68794 0.67454 0.92824 0.84834 0.54907 0.52771 0.46898 0.97821 8
-0.75940 -0.67475 1.45328 -0.74103 -0.78478 -0.34706 -0.86205 -0.85991 -0.68507 -1.02606 8
1.31652 -0.67475 -0.68794 0.09166 0.12212 0.25064 -0.26355 -0.45894 -0.25173 0.00840 8
-0.75940 1.48167 -0.68794 -0.03324 0.02135 -0.58614 -0.04434 -0.33279 -0.01454 -0.02752 8
-0.75940 1.48167 -0.68794 0.59127 0.57556 0.01156 0.57966 0.71243 0.57845 0.47534 8
-0.75940 1.48167 -0.68794 0.75781 0.92824 0.84834 1.11801 0.89714 1.36302 0.38195 8
1.31652 -0.67475 -0.68794 1.29906 1.28092 1.08742 1.58702 1.64502 1.28548 1.86181 8
1.31652 -0.67475 -0.68794 1.46560 1.68399 1.20696 2.94513 3.31421 2.16584 2.86754 8
-0.75940 1.48167 -0.68794 1.71540 1.68399 1.08742 2.14270 2.57535 1.81916 1.75046 8
-0.75940 1.48167 -0.68794 0.59127 0.57556 0.37018 0.40225 0.47365 -0.62577 0.47534 8
1.31652 -0.67475 -0.68794 0.79945 0.87786 0.96788 0.87024 0.97824 0.66968 0.83453 8
-0.75940 1.48167 -0.68794 0.84108 0.72671 0.37018 0.76421 1.02329 0.53284 0.57232 8
-0.75940 1.48167 -0.68794 0.71618 0.77709 0.25064 0.83966 1.09537 1.01179 0.50049 8
-0.75940 -0.67475 1.45328 0.79945 0.77709 0.96788 0.66326 0.60430 0.68793 0.54718 8
-0.75940 1.48167 -0.68794 0.79945 0.72671 0.96788 0.80091 1.00302 0.81108 0.53281 8
1.31652 -0.67475 -0.68794 0.92435 0.92824 0.72880 1.23526 1.13367 1.17144 1.28711 8
-0.75940 1.48167 -0.68794 1.00762 0.72671 1.20696 1.10577 1.50085 1.00267 0.79861 8
1.31652 -0.67475 -0.68794 2.04848 2.13743 1.32650 3.43963 3.40657 4.20480 2.89627 8
1.31652 -0.67475 -0.68794 1.17416 1.07939 1.44604 0.89879 0.68540 0.79284 1.41642 9
1.31652 -0.67475 -0.68794 -0.15815 -0.12980 -0.10798 -0.48378 -0.32153 -0.44788 -0.38671 9
1.31652 -0.67475 -0.68794 0.59127 0.62595 0.25064 0.12798 -0.00166 0.27283 0.04432 9
-0.75940 1.48167 -0.68794 0.96598 1.02901 1.44604 1.14554 1.12916 1.37670 1.22964 9
1.31652 -0.67475 -0.68794 0.42474 0.42441 1.08742 0.19629 -0.07824 0.14967 0.79861 9
1.31652 -0.67475 -0.68794 -0.44959 -0.38171 -0.10798 -0.57453 -0.61888 -0.43875 -0.49447 9
-0.75940 1.48167 -0.68794 0.88272 0.97863 0.60926 0.48178 0.45112 0.32301 0.54718 9
-0.75940 -0.67475 1.45328 0.29983 0.32365 0.72880 0.23605 -0.02193 0.33669 0.43943 9
-0.75940 1.48167 -0.68794 0.54964 0.47480 0.60926 0.67754 0.09295 0.59213 0.29575 9
1.31652 -0.67475 -0.68794 -0.03324 -0.07942 0.60926 0.05660 -0.38235 0.18617 -0.20711 9
1.31652 -0.67475 -0.68794 -0.15815 -0.07942 0.37018 0.02602 -0.39587 -0.02822 0.33167 9
1.31652 -0.67475 -0.68794 0.96598 1.78475 1.32650 1.66859 1.63601 1.37214 1.66785 9
-0.75940 1.48167 -0.68794 1.09089 1.38169 0.60926 1.61863 1.33415 1.08021 1.96957 9
1.31652 -0.67475 -0.68794 0.88272 0.62595 0.25064 0.62554 0.80929 0.47354 0.52204 9
1.31652 -0.67475 -0.68794 1.04925 1.02901 0.84834 1.25871 1.30262 0.82021 1.51699 9
-0.75940 1.48167 -0.68794 1.09089 1.07939 1.44604 1.35659 1.64952 1.17144 1.19372 9
-0.75940 1.48167 -0.68794 1.29906 0.97863 0.72880 1.04969 1.34091 1.06196 0.83453 9
1.31652 -0.67475 -0.68794 0.34147 0.42441 0.01156 0.36044 0.08620 0.57845 0.18799 9
-0.75940 1.48167 -0.68794 0.71618 0.72671 1.20696 0.95181 0.73045 1.29460 0.90637 9
1.31652 -0.67475 -0.68794 -0.36632 -0.28095 -0.22752 -0.43076 -0.26747 -0.35209 -0.45855 9
-0.75940 1.48167 -0.68794 1.09089 0.92824 0.01156 0.69691 0.81605 1.24898 0.33167 9
-0.75940 1.48167 -0.68794 -1.07410 -1.08708 -0.82522 -1.00174 -0.97254 -0.95876 -1.01170 9
-0.75940 -0.67475 1.45328 0.21656 0.07173 -0.10798 -0.03924 -0.27422 0.19073 0.29575 9
-0.75940 1.48167 -0.68794 -0.82430 -0.83516 -0.10798 -0.91100 -0.95902 -0.92683 -0.70998 9
-0.75940 1.48167 -0.68794 0.50801 0.67633 1.08742 0.05864 -0.05797 -0.01910 0.25983 9
1.31652 -0.67475 -0.68794 0.63291 0.67633 0.48972 0.68366 0.65386 0.75635 0.69086 9
-0.75940 -0.67475 1.45328 0.79945 0.72671 0.96788 0.61534 0.76199 0.77459 0.48253 9
1.31652 -0.67475 -0.68794 0.88272 0.82748 0.48972 0.53276 0.21460 0.39599 0.82735 9
1.31652 -0.67475 -0.68794 1.79867 1.73437 1.56558 3.16536 2.05499 2.63566 1.78997 9
1.31652 -0.67475 -0.68794 -1.07410 -1.28861 -1.42292 -1.14754 -1.17077 -1.04543 -1.06917 9
-0.75940 1.48167 -0.68794 0.05003 -0.07942 0.60926 -0.11571 -0.33279 0.15424 -0.06344 9
-0.75940 1.48167 -0.68794 0.92435 0.92824 0.84834 1.32193 1.46255 1.09389 1.08596 9
1.31652 -0.67475 -0.68794 0.25820 0.17250 -0.22752 -0.12692 -0.42965 -0.11489 0.25983 9
-0.75940 1.48167 -0.68794 0.67454 0.42441 1.32650 0.54907 0.54799 0.99354 0.54718 9
1.31652 -0.67475 -0.68794 0.84108 0.57556 0.01156 0.74687 0.55474 0.22266 1.15780 9
1.31652 -0.67475 -0.68794 0.25820 0.37403 -0.10798 0.01480 -0.10528 -0.16507 0.25983 9
-0.75940 -0.67475 1.45328 -1.69862 -1.64129 -1.42292 -1.36676 -1.33296 -1.35104 -1.35652 9
1.31652 -0.67475 -0.68794 0.88272 1.07939 0.37018 0.87738 0.23037 0.14967 1.22964 9
-0.75940 1.48167 -0.68794 -0.28305 -0.18018 -0.10798 -0.51029 -0.50850 -0.52542 -0.27895 9
-0.75940 -0.67475 1.45328 -0.69939 -0.63363 -0.94476 -0.94362 -1.06940 -0.82192 -0.85365 9
1.31652 -0.67475 -0.68794 -0.19978 0.07173 0.60926 -0.28598 -0.49723 -0.38858 0.08024 9
-0.75940 -0.67475 1.45328 -0.36632 -0.38171 -0.46660 -0.64182 -0.68420 -0.45244 -0.60222 9
-0.75940 1.48167 -0.68794 1.13252 1.23054 0.72880 1.01401 0.71919 0.74722 1.44515 9
-0.75940 -0.67475 1.45328 -0.53285 -0.53286 0.01156 -0.68362 -0.64591 -0.43419 -0.88957 9
-0.75940 -0.67475 1.45328 0.42474 0.47480 0.96788 0.04845 -0.26071 0.01739 0.43943 9
1.31652 -0.67475 -0.68794 0.17493 0.12212 -0.22752 0.10249 0.06592 -0.10121 -0.06344 9
-0.75940 1.48167 -0.68794 -0.11651 -0.18018 -0.82522 -0.44198 -0.77656 -0.27910 -0.31487 9
-0.75940 1.48167 -0.68794 0.46637 0.47480 0.60926 0.62758 0.04340 1.09389 0.25983 9
1.31652 -0.67475 -0.68794 0.38310 0.32365 0.37018 0.58578 0.53222 0.46441 0.22391 9
-0.75940 1.48167 -0.68794 0.54964 0.37403 -0.22752 0.61942 0.10422 0.48722 0.58310 9
1.31652 -0.67475 -0.68794 0.29983 0.02135 0.60926 0.20648 -0.03995 0.51459 0.43943 9
-0.75940 -0.67475 1.45328 -0.07488 0.12212 -0.10798 -0.24010 -0.10077 -0.33384 -0.24303 9
-0.75940 1.48167 -0.68794 1.50723 1.38169 0.96788 1.44938 1.11790 1.70513 1.62116 9
1.31652 -0.67475 -0.68794 0.38310 0.07173 -0.22752 0.10452 0.30695 0.13599 -0.00597 9
1.31652 -0.67475 -0.68794 1.96521 1.98629 1.80466 2.74121 1.98967 2.83637 2.92501 9
-0.75940 1.48167 -0.68794 1.04925 1.07939 1.32650 1.16593 0.72144 1.63671 1.44515 9
-0.75940 1.48167 -0.68794 -0.32468 -0.33133 0.13110 -0.48990 -0.54454 -0.59384 -0.35079 9
1.31652 -0.67475 -0.68794 0.54964 0.67633 0.37018 0.05762 -0.01517 -0.06015 0.29575 9
1.31652 -0.67475 -0.68794 0.25820 0.22288 0.60926 -0.14528 -0.38686 -0.15594 0.25983 9
-0.75940 1.48167 -0.68794 -0.74103 -0.58325 -0.70568 -0.90692 -0.97479 -0.73069 -0.81773 9
1.31652 -0.67475 -0.68794 -0.07488 0.12212 0.01156 -0.12183 -0.49048 -0.24261 0.36759 9
1.31652 -0.67475 -0.68794 -1.44881 -1.54052 -1.30338 -1.25256 -1.16852 -1.22332 -1.28468 9
1.31652 -0.67475 -0.68794 -0.49122 -0.53286 -0.34706 -0.61837 -0.70673 -0.41595 -0.67406 9
-0.75940 1.48167 -0.68794 -0.19978 -0.23057 -0.22752 -0.12387 -0.43641 -0.78086 0.22391 9
1.31652 -0.67475 -0.68794 0.13330 0.07173 -0.22752 -0.00865 -0.39361 0.41424 0.00840 9
-0.75940 1.48167 -0.68794 -0.28305 -0.07942 0.13110 -0.33696 -0.67294 -0.46612 0.09101 9
1.31652 -0.67475 -0.68794 1.21579 1.02901 0.96788 1.73588 2.55282 1.06653 1.11111 9
-0.75940 1.48167 -0.68794 1.25743 1.43207 1.20696 1.47283 1.58194 1.71425 1.24401 9
1.31652 -0.67475 -0.68794 1.63214 1.73437 1.20696 2.56889 2.86594 2.71321 2.09528 9
1.31652 -0.67475 -0.68794 0.00839 -0.02903 0.48972 -0.07492 -0.19538 -0.32016 0.29575 9
1.31652 -0.67475 -0.68794 1.04925 1.07939 0.96788 1.02522 0.93319 1.51811 1.19372 9
1.31652 -0.67475 -0.68794 -0.32468 0.02135 0.25064 -0.27069 -0.53553 -0.16507 0.18799 9
-0.75940 1.48167 -0.68794 1.42396 1.43207 0.48972 1.64718 1.50761 1.09389 1.44515 9
-0.75940 1.48167 -0.68794 0.84108 0.67633 -0.22752 0.06272 -0.17961 -0.02822 0.00840 9
1.31652 -0.67475 -0.68794 0.42474 0.47480 1.08742 0.66734 0.87011 0.56933 0.40351 9
-0.75940 -0.67475 1.45328 -0.69939 -0.68401 -0.34706 -0.69178 -0.83738 -0.84928 -0.27895 9
-0.75940 -0.67475 1.45328 0.71618 0.72671 0.60926 0.54703 0.27992 0.76091 0.69086 9
1.31652 -0.67475 -0.68794 -0.07488 -0.07942 -0.34706 0.25746 -0.08275 0.66512 0.15207 9
1.31652 -0.67475 -0.68794 0.17493 0.12212 -0.34706 0.29723 -0.02869 -0.06015 0.47534 9
-0.75940 1.48167 -0.68794 1.09089 1.12978 0.84834 1.31173 1.20801 0.81565 1.51699 9
1.31652 -0.67475 -0.68794 0.05003 0.17250 -0.70568 -0.18300 -0.55130 -0.17875 0.40351 9
-0.75940 1.48167 -0.68794 0.84108 0.87786 0.48972 0.82640 1.23504 0.10406 0.79861 9
-0.75940 1.48167 -0.68794 0.00839 -0.28095 0.01156 -0.45320 -0.74502 -0.30191 -0.20711 9
1.31652 -0.67475 -0.68794 1.17416 1.28092 1.32650 1.58498 0.97373 1.89215 1.73250 9
1.31652 -0.67475 -0.68794 1.67377 1.63361 1.20696 3.50998 3.20383 2.75882 3.49253 9
1.31652 -0.67475 -0.68794 0.46637 0.42441 0.25064 0.20037 -0.37559 0.00827 0.87045 9
1.31652 -0.67475 -0.68794 0.34147 0.32365 0.84834 0.15041 -0.22241 0.11318 0.61902 9
1.31652 -0.67475 -0.68794 -0.03324 0.42441 0.25064 0.13511 0.00961 0.04932 -0.02752 9
-0.75940 1.48167 -0.68794 0.79945 1.02901 1.56558 1.05785 0.53222 0.69249 1.73250 9
-0.75940 -0.67475 1.45328 -1.15737 -1.03669 -1.06430 -1.17609 -1.20681 -1.14578 -1.06917 9
-0.75940 1.48167 -0.68794 0.38310 0.47480 0.60926 0.47056 0.36327 0.35494 0.33167 9
-0.75940 1.48167 -0.68794 -0.44959 -0.53286 -0.22752 -0.57555 -0.71574 -0.49805 -0.38671 9
-0.75940 -0.67475 1.45328 -0.69939 -0.63363 -0.46660 -0.69688 -0.73376 -0.66226 -0.56630 9
-0.75940 1.48167 -0.68794 0.09166 0.12212 0.25064 -0.18810 -0.36433 0.04932 -0.17120 9
1.31652 -0.67475 -0.68794 0.96598 1.02901 1.20696 1.59926 1.18097 1.64583 1.66067 9
-0.75940 1.48167 -0.68794 1.88194 2.03667 2.28282 3.42536 3.93143 3.08725 2.68076 9
-0.75940 1.48167 -0.68794 2.42319 2.43973 2.64144 2.90842 2.39289 2.18408 4.01335 9
1.31652 -0.67475 -0.68794 0.59127 0.47480 0.37018 0.43284 0.25514 0.27283 0.90637 9
-0.75940 -0.67475 1.45328 0.54964 0.42441 0.48972 0.13103 -0.38235 0.34582 0.76269 9
-0.75940 1.48167 -0.68794 0.79945 0.72671 2.16328 0.53989 0.19658 0.58757 0.83453 9
-0.75940 1.48167 -0.68794 -0.32468 -0.43210 0.01156 -0.42669 -0.44993 -0.32928 -0.44418 10
-0.75940 -0.67475 1.45328 0.84108 0.57556 0.37018 0.29213 0.20108 0.03564 0.79861 10
1.31652 -0.67475 -0.68794 0.67454 0.82748 0.13110 0.96099 0.71017 1.34934 0.51126 10
1.31652 -0.67475 -0.68794 1.71540 1.78475 2.04374 2.85846 3.96522 2.20233 2.32876 10
-0.75940 1.48167 -0.68794 0.38310 0.57556 0.37018 0.08821 -0.15709 0.53284 0.33167 10
1.31652 -0.67475 -0.68794 1.42396 1.23054 0.25064 1.32193 1.25306 1.11214 1.37332 10
1.31652 -0.67475 -0.68794 1.04925 1.18016 1.20696 1.36781 1.20350 2.00618 1.12188 10
-0.75940 1.48167 -0.68794 1.09089 1.02901 0.48972 0.53683 0.16504 0.92968 0.94229 10
-0.75940 1.48167 -0.68794 0.88272 0.92824 0.48972 0.79785 0.59079 1.08933 0.76269 10
-0.75940 1.48167 -0.68794 0.67454 0.77709 0.60926 0.49911 0.34975 0.22266 0.65494 10
-0.75940 1.48167 -0.68794 1.25743 1.28092 1.92420 1.58090 1.16295 2.23426 1.53854 10
-0.75940 1.48167 -0.68794 0.88272 0.67633 0.84834 1.21181 0.25289 1.44056 1.80434 10
1.31652 -0.67475 -0.68794 0.67454 0.67633 0.96788 0.21974 0.15603 0.35038 0.40351 10
-0.75940 1.48167 -0.68794 1.29906 1.53284 0.60926 1.65228 1.10889 0.91144 1.58883 10
1.31652 -0.67475 -0.68794 0.05003 0.27326 0.48972 0.11064 -0.19538 -0.15138 0.69086 10
1.31652 -0.67475 -0.68794 0.54964 0.67633 0.13110 0.45731 0.37003 0.74266 0.61902 10
-0.75940 1.48167 -0.68794 0.05003 0.07173 0.48972 -0.09328 -0.29675 -0.20612 0.04432 10
-0.75940 1.48167 -0.68794 0.09166 0.07173 1.08742 0.02602 -0.20439 -0.20156 0.43943 10
-0.75940 1.48167 -0.68794 0.79945 0.62595 0.01156 0.41550 0.00510 0.39599 0.87045 10
1.31652 -0.67475 -0.68794 0.38310 0.57556 -0.34706 0.04131 0.08620 -0.03735 0.00840 10
-0.75940 1.48167 -0.68794 0.84108 0.92824 0.25064 0.25339 -0.06698 0.39143 0.47534 10
1.31652 -0.67475 -0.68794 -0.03324 -0.07942 -0.46660 -0.01171 -0.27648 -0.00085 0.18799 10
-0.75940 1.48167 -0.68794 0.67454 0.87786 1.20696 1.24036 0.49392 0.77459 1.22964 10
1.31652 -0.67475 -0.68794 -0.49122 -0.58325 0.01156 -0.51641 -0.71123 -0.27454 -0.35079 10
1.31652 -0.67475 -0.68794 -0.07488 -0.02903 0.13110 -0.27273 -0.65041 -0.15594 -0.03470 10
1.31652 -0.67475 -0.68794 0.96598 1.58322 2.16328 1.41165 1.28234 1.74618 1.20090 10
-0.75940 1.48167 -0.68794 -0.15815 -0.12980 0.13110 -0.36143 -0.40488 -0.25173 -0.24303 10
1.31652 -0.67475 -0.68794 0.54964 0.52518 0.37018 0.15754 -0.14582 -0.29279 0.69086 10
-0.75940 1.48167 -0.68794 0.63291 0.62595 1.44604 0.41244 0.14702 0.20897 0.36759 10
1.31652 -0.67475 -0.68794 1.04925 1.38169 0.48972 0.84373 0.57502 1.05284 1.73250 10
1.31652 -0.67475 -0.68794 0.96598 0.82748 0.01156 0.74483 0.38354 0.52371 0.97821 10
-0.75940 1.48167 -0.68794 1.38233 1.33131 1.08742 1.51463 1.50535 1.25354 1.66067 10
-0.75940 1.48167 -0.68794 0.71618 0.87786 1.20696 0.78358 0.47140 1.14407 0.90637 10
-0.75940 1.48167 -0.68794 -0.49122 -0.18018 0.01156 -0.55719 -0.65942 -0.66683 -0.17120 10
-0.75940 -0.67475 1.45328 1.13252 1.18016 0.96788 1.76341 1.09537 2.00618 1.30148 10
-0.75940 1.48167 -0.68794 -0.03324 -0.02903 0.13110 0.00053 -0.02643 -0.11033 -0.24303 10
-0.75940 1.48167 -0.68794 0.71618 0.82748 0.72880 0.71119 0.92868 0.52827 0.40351 10
-0.75940 1.48167 -0.68794 1.04925 1.38169 2.16328 1.88270 0.90615 0.99354 4.13907 10
1.31652 -0.67475 -0.68794 0.96598 0.92824 1.08742 0.96812 0.38354 0.75635 1.62475 10
1.31652 -0.67475 -0.68794 0.54964 0.77709 -0.46660 0.16774 0.13801 0.01283 0.36759 10
1.31652 -0.67475 -0.68794 0.46637 0.52518 0.60926 0.81315 0.51194 0.14511 1.40923 10
-0.75940 1.48167 -0.68794 -0.49122 -0.33133 -0.10798 -0.46645 -0.61662 -0.47068 -0.06344 10
1.31652 -0.67475 -0.68794 0.59127 0.62595 0.13110 0.33088 0.19883 -0.27454 0.72678 10
-0.75940 -0.67475 1.45328 0.63291 0.37403 0.84834 0.46546 0.10647 0.32301 0.83453 10
-0.75940 -0.67475 1.45328 -0.69939 -0.78478 -0.10798 -0.62551 -0.85315 -0.82192 -0.31487 10
1.31652 -0.67475 -0.68794 0.34147 0.57556 0.25064 0.61127 0.07944 1.56829 0.65494 10
1.31652 -0.67475 -0.68794 0.42474 0.42441 0.48972 0.25746 0.36327 -0.11033 0.22391 10
-0.75940 1.48167 -0.68794 1.17416 1.48246 1.32650 1.24342 0.99851 1.58197 0.87045 10
1.31652 -0.67475 -0.68794 0.05003 0.07173 0.84834 -0.18198 -0.44317 -0.37489 0.18440 10
-0.75940 -0.67475 1.45328 1.04925 1.07939 0.48972 0.68060 0.61106 0.20441 0.65494 10
-0.75940 1.48167 -0.68794 0.38310 0.32365 0.01156 0.25441 0.08620 0.18617 0.47534 10
-0.75940 1.48167 -0.68794 -0.19978 -0.23057 -0.82522 -0.67445 -0.81035 -0.64858 -0.49447 10
-0.75940 1.48167 -0.68794 -0.19978 -0.28095 0.37018 -0.35429 -0.53553 -0.34296 -0.24303 10
-0.75940 1.48167 -0.68794 0.05003 0.12212 -0.22752 0.35127 -0.08726 0.41424 0.18799 10
-0.75940 1.48167 -0.68794 1.59050 1.58322 2.40236 2.79525 1.64502 2.59461 4.64193 10
1.31652 -0.67475 -0.68794 0.34147 0.62595 1.32650 0.63879 0.12449 0.70617 0.79861 10
1.31652 -0.67475 -0.68794 0.59127 0.67633 0.72880 0.54601 0.26866 0.44161 0.79861 10
-0.75940 1.48167 -0.68794 1.54887 1.58322 1.32650 1.83071 1.25531 1.42232 2.34312 10
1.31652 -0.67475 -0.68794 0.50801 0.47480 -0.34706 0.40429 0.14251 0.28652 0.08024 10
-0.75940 -0.67475 1.45328 0.92435 0.97863 1.20696 1.02522 0.99626 0.65143 1.40923 10
-0.75940 1.48167 -0.68794 0.05003 0.22288 0.72880 -0.10959 -0.04220 -0.26086 -0.02752 10
1.31652 -0.67475 -0.68794 -0.07488 -0.02903 0.01156 0.04437 -0.21340 -0.31559 0.54718 10
-0.75940 1.48167 -0.68794 0.79945 0.77709 1.92420 1.39126 0.67639 0.94337 1.94802 10
-0.75940 1.48167 -0.68794 0.92435 0.97863 1.08742 0.96812 0.63809 1.04372 1.22964 10
1.31652 -0.67475 -0.68794 0.34147 0.42441 -0.58614 0.16264 0.17405 0.14967 0.36759 10
1.31652 -0.67475 -0.68794 1.00762 0.92824 1.20696 0.81620 0.74171 0.88863 1.12188 10
-0.75940 -0.67475 1.45328 0.54964 0.57556 1.32650 0.52970 0.04114 0.05844 0.97821 10
1.31652 -0.67475 -0.68794 1.17416 1.18016 0.60926 1.03848 0.86561 1.61390 0.79861 10
1.31652 -0.67475 -0.68794 0.71618 0.92824 2.40236 1.65839 0.77775 1.40407 3.24110 10
-0.75940 1.48167 -0.68794 1.00762 1.18016 1.20696 1.99792 1.55041 1.89671 1.12188 10
-0.75940 -0.67475 1.45328 -0.24141 -0.38171 -0.34706 -0.71625 -0.78557 -1.00437 -0.50165 10
-0.75940 1.48167 -0.68794 1.84031 1.78475 1.20696 2.31909 2.18114 2.33917 2.49039 10
1.31652 -0.67475 -0.68794 0.75781 0.72671 1.20696 1.08334 0.77100 0.51915 1.66067 10
1.31652 -0.67475 -0.68794 1.00762 0.77709 0.37018 1.34640 1.04582 1.19881 1.01413 10
1.31652 -0.67475 -0.68794 0.92435 1.02901 0.37018 0.66734 0.30921 0.98898 0.54718 10
-0.75940 1.48167 -0.68794 -0.19978 -0.02903 0.01156 -0.31657 -0.42515 -0.51630 0.08024 10
1.31652 -0.67475 -0.68794 -0.36632 -0.12980 0.25064 -0.30026 -0.65267 -0.36577 0.07664 10
1.31652 -0.67475 -0.68794 0.29983 0.42441 1.08742 0.49197 0.09521 -0.05103 1.22964 10
-0.75940 1.48167 -0.68794 0.34147 0.47480 0.84834 0.37574 -0.07824 0.24090 0.79861 10
1.31652 -0.67475 -0.68794 0.59127 0.47480 1.32650 1.02318 0.45112 1.30372 0.76269 10
1.31652 -0.67475 -0.68794 0.88272 1.07939 0.48972 0.38186 0.27992 0.57845 0.83453 10
-0.75940 1.48167 -0.68794 1.29906 1.73437 1.44604 1.95408 1.01653 2.48514 2.59456 10
1.31652 -0.67475 -0.68794 0.63291 0.92824 0.48972 0.37982 0.18081 -0.06471 0.65494 10
-0.75940 1.48167 -0.68794 1.13252 1.12978 0.96788 1.39738 0.75072 1.06653 1.30148 10
-0.75940 1.48167 -0.68794 0.63291 0.67633 0.96788 0.71730 0.33849 0.61038 1.33740 10
-0.75940 1.48167 -0.68794 1.38233 1.48246 1.56558 2.01423 1.88830 2.36198 1.98394 10
-0.75940 1.48167 -0.68794 1.50723 1.48246 1.44604 1.30459 0.50519 1.30372 2.01985 10
-0.75940 1.48167 -0.68794 0.05003 0.07173 0.25064 -0.10449 -0.55130 -0.35665 0.65494 10
-0.75940 1.48167 -0.68794 0.59127 0.67633 0.72880 0.85291 0.54348 0.40512 1.33740 10
-0.75940 1.48167 -0.68794 1.67377 1.68399 0.84834 2.64129 1.82748 2.47145 4.39050 10
-0.75940 1.48167 -0.68794 0.88272 0.92824 0.72880 0.98852 0.90165 0.78828 1.15780 10
-0.75940 1.48167 -0.68794 -0.19978 -0.07942 0.60926 -0.24112 -0.40262 -0.32016 -0.09936 10
1.31652 -0.67475 -0.68794 0.59127 0.67633 0.48972 0.99667 0.21910 0.48722 2.45088 10
1.31652 -0.67475 -0.68794 0.96598 1.02901 0.84834 1.09965 0.70116 0.77915 2.37904 10
-0.75940 1.48167 -0.68794 -0.28305 -0.43210 -0.22752 -0.29618 -0.87568 -0.44788 -0.24303 10
-0.75940 1.48167 -0.68794 1.17416 0.92824 0.84834 1.86231 1.06158 1.11214 3.49253 10
1.31652 -0.67475 -0.68794 1.09089 1.33131 1.80466 2.07031 1.72611 1.33565 2.48680 10
-0.75940 1.48167 -0.68794 0.21656 0.07173 -0.10798 -0.10959 -0.25846 -0.01454 0.15207 10
1.31652 -0.67475 -0.68794 0.63291 0.87786 1.32650 0.46648 0.11098 0.08581 0.97821 10
-0.75940 1.48167 -0.68794 1.46560 1.78475 1.08742 1.99588 1.55942 1.28548 1.69658 10
