-0.75940 -0.67475 1.45328 -3.44727 -3.20316 -2.61831 -1.67366 -1.60778 -1.62929 -1.69415 1
-0.75940 -0.67475 1.45328 -3.03092 -3.00163 -2.73785 -1.65326 -1.58976 -1.59736 -1.67979 1
-0.75940 -0.67475 1.45328 -2.86438 -2.80010 -2.25970 -1.63389 -1.56273 -1.55631 -1.65105 1
-0.75940 -0.67475 1.45328 -2.61458 -2.59857 -2.14016 -1.60432 -1.54020 -1.53350 -1.60795 1
-0.75940 -0.67475 1.45328 -2.48967 -2.49780 -2.25970 -1.59515 -1.50641 -1.51069 -1.60795 1
-0.75940 -0.67475 1.45328 -2.32314 -2.14512 -1.90108 -1.49625 -1.41856 -1.42403 -1.52893 1
-0.75940 -0.67475 1.45328 -2.69785 -2.64895 -1.90108 -1.61452 -1.56273 -1.56087 -1.63668 1
-0.75940 -0.67475 1.45328 -2.23987 -2.29627 -2.02062 -1.52072 -1.47938 -1.45140 -1.57203 1
-0.75940 -0.67475 1.45328 -2.48967 -2.44742 -2.02062 -1.56966 -1.49740 -1.53350 -1.60795 1
-0.75940 -0.67475 1.45328 -2.32314 -2.04435 -1.90108 -1.53397 -1.46586 -1.51982 -1.56125 1
-0.75940 -0.67475 1.45328 -2.19823 -2.04435 -1.66200 -1.49217 -1.43207 -1.47420 -1.49660 1
1.31652 -0.67475 -0.68794 -2.32314 -2.29627 -1.78154 -1.56048 -1.50866 -1.52438 -1.57203 1
-0.75940 -0.67475 1.45328 -1.86516 -1.94359 -2.14016 -1.44832 -1.40279 -1.44227 -1.41399 1
-0.75940 -0.67475 1.45328 -2.65621 -2.59857 -2.02062 -1.60432 -1.50416 -1.51069 -1.62950 1
-0.75940 -0.67475 1.45328 -2.90602 -2.80010 -2.02062 -1.62573 -1.57174 -1.58824 -1.62591 1
-0.75940 -0.67475 1.45328 -1.74025 -1.99397 -1.90108 -1.43507 -1.34873 -1.30543 -1.46427 1
-0.75940 -0.67475 1.45328 -2.11496 -2.09474 -1.66200 -1.48605 -1.46586 -1.42403 -1.46427 1
-0.75940 1.48167 -0.68794 -2.07333 -2.14512 -1.66200 -1.52683 -1.47938 -1.45140 -1.53611 1
-0.75940 1.48167 -0.68794 -1.36554 -1.38937 -1.18384 -1.30558 -1.23835 -1.29631 -1.32060 1
-0.75940 -0.67475 1.45328 -2.23987 -2.19550 -1.54246 -1.51358 -1.46361 -1.46052 -1.53611 1
-0.75940 -0.67475 1.45328 -2.23987 -2.24588 -1.90108 -1.51052 -1.45460 -1.45596 -1.55048 1
-0.75940 -0.67475 1.45328 -1.82352 -1.89320 -1.66200 -1.40244 -1.33972 -1.36473 -1.44991 1
-0.75940 -0.67475 1.45328 -0.86593 -0.88554 -0.58614 -0.92323 -0.85765 -0.80823 -0.99733 1
-0.75940 -0.67475 1.45328 -2.28150 -2.29627 -1.78154 -1.55028 -1.50866 -1.50613 -1.55407 1
-0.75940 -0.67475 1.45328 -1.53208 -1.43976 -1.42292 -1.27907 -1.21357 -1.21420 -1.32060 1
-0.75940 -0.67475 1.45328 -1.32391 -1.54052 -1.42292 -1.28519 -1.26538 -1.33280 -1.33497 1
-0.75940 -0.67475 1.45328 -1.07410 -1.13746 -1.18384 -1.07311 -0.97479 -1.04086 -1.16615 1
-0.75940 -0.67475 1.45328 -2.23987 -2.19550 -1.90108 -1.51460 -1.43883 -1.47876 -1.53611 1
1.31652 -0.67475 -0.68794 -1.24064 -1.03669 -1.18384 -1.02825 -0.99056 -1.13209 -1.03325 1
-0.75940 -0.67475 1.45328 -2.28150 -2.24588 -1.78154 -1.54519 -1.49740 -1.47876 -1.55407 1
-0.75940 -0.67475 1.45328 -1.99006 -1.99397 -1.66200 -1.46770 -1.42081 -1.40578 -1.47864 1
-0.75940 -0.67475 1.45328 -2.03169 -1.99397 -2.02062 -1.47381 -1.43207 -1.40578 -1.49301 1
-0.75940 -0.67475 1.45328 -2.07333 -2.04435 -1.66200 -1.47483 0.61106 -1.47420 -1.48942 1
-0.75940 -0.67475 1.45328 -1.94843 -1.99397 -1.90108 -1.47687 -1.43207 -1.44683 -1.46427 1
-0.75940 -0.67475 1.45328 -1.94843 -1.94359 -1.78154 -1.48911 -1.42757 -1.45596 -1.49301 1
-0.75940 -0.67475 1.45328 -1.36554 -1.49014 -1.42292 -1.32393 -1.28565 -1.36017 -1.28468 1
-0.75940 -0.67475 1.45328 -1.28227 -1.28861 -1.30338 -1.28621 -1.25637 -1.23245 -1.29905 1
-0.75940 -0.67475 1.45328 -1.86516 -1.84282 -1.54246 -1.41570 -1.36224 -1.39210 -1.39962 1
-0.75940 -0.67475 1.45328 -2.07333 -2.04435 -1.78154 -1.48401 -1.43433 -1.45596 -1.47146 1
-0.75940 -0.67475 1.45328 -2.11496 -2.19550 -1.90108 -1.48809 -1.41856 -1.49245 -1.50019 1
-0.75940 -0.67475 1.45328 -1.78189 -1.74205 -1.66200 -1.38205 -1.33521 -1.27806 -1.39244 1
-0.75940 -0.67475 1.45328 -2.07333 -2.04435 -1.54246 -1.46464 -1.41631 -1.38753 -1.46427 1
-0.75940 -0.67475 1.45328 -2.19823 -2.09474 -1.66200 -1.50236 -1.45235 -1.46508 -1.50019 1
-0.75940 1.48167 -0.68794 -1.49045 -1.59091 -1.18384 -1.27601 -1.26763 -1.10929 -1.32060 1
-0.75940 -0.67475 1.45328 -1.15737 -1.28861 -0.34706 -1.19240 -1.15951 -1.30087 -1.10509 1
-0.75940 -0.67475 1.45328 -1.28227 -1.33899 0.01156 -1.23829 -1.18203 -1.23245 -1.27390 1
-0.75940 -0.67475 1.45328 -2.23987 -2.19550 -2.14016 -1.52072 -1.48614 -1.45140 -1.52174 1
-0.75940 -0.67475 1.45328 -1.24064 -1.28861 -1.18384 -1.25154 -1.24060 -1.10016 -1.32060 1
-0.75940 -0.67475 1.45328 -0.94920 -0.98631 -1.18384 -1.00990 -0.88243 -1.09104 -1.06198 1
-0.75940 -0.67475 1.45328 -0.86593 -0.93593 -0.94476 -0.98950 -0.91172 -0.92227 -1.06917 1
-0.75940 -0.67475 1.45328 -0.74103 -0.68401 -0.58614 -0.88958 -0.79683 -0.93595 -0.89316 1
-0.75940 1.48167 -0.68794 -0.49122 -0.58325 -0.34706 -0.70708 -0.58283 -0.68051 -0.92908 1
-0.75940 1.48167 -0.68794 1.13252 0.67633 0.96788 1.10271 1.26883 1.03460 0.69086 1
-0.75940 -0.67475 1.45328 -1.74025 -1.74205 -2.02062 -1.38205 -1.32620 -1.40122 -1.43554 1
-0.75940 -0.67475 1.45328 -0.61612 -0.78478 -0.70568 -0.93852 -0.89820 -0.84016 -0.98296 1
-0.75940 -0.67475 1.45328 -0.40795 -0.58325 -0.70568 -0.75908 -0.69096 -0.74437 -0.78182 1
-0.75940 1.48167 -0.68794 -0.11651 -0.07942 -0.34706 -0.57861 -0.44317 -0.59840 -0.72075 1
-0.75940 -0.67475 1.45328 -2.07333 -2.14512 -1.18384 -1.46056 -1.37351 -1.37841 -1.46068 1
-0.75940 -0.67475 1.45328 -1.65698 -1.84282 -1.54246 -1.40652 -1.36450 -1.35560 -1.06917 1
-0.75940 -0.67475 1.45328 -1.49045 -1.54052 -1.06430 -1.29334 -1.20231 -1.30999 -1.32060 1
-0.75940 -0.67475 1.45328 -1.32391 -1.38937 -1.30338 -1.30762 -1.25412 -1.26438 -1.29905 1
-0.75940 -0.67475 1.45328 -1.24064 -1.33899 -1.18384 -1.24542 -1.20005 -1.27806 -1.17333 1
-0.75940 -0.67475 1.45328 -1.24064 -1.33899 -1.06430 -1.18731 -1.12346 -1.26894 -1.15896 1
-0.75940 -0.67475 1.45328 -1.19901 -1.33899 -0.70568 -1.16793 -1.12346 -1.15946 -1.17333 1
-0.75940 -0.67475 1.45328 -0.99083 -1.23822 -1.18384 -1.15060 -1.04913 -1.18683 -1.17692 1
-0.75940 -0.67475 1.45328 -0.86593 -1.03669 -1.18384 -1.02111 -0.86216 -1.08648 -1.12664 1
-0.75940 -0.67475 1.45328 -1.28227 -1.38937 -1.06430 -1.21688 -1.02210 -1.27350 -1.27390 1
-0.75940 -0.67475 1.45328 -1.03247 -1.18784 -0.70568 -1.01907 -0.77205 -1.23245 -1.12304 1
-0.75940 -0.67475 1.45328 -0.82430 -0.68401 -0.82522 -0.89672 -0.71123 -0.82192 -1.08353 1
1.31652 -0.67475 -0.68794 -0.32468 -0.38171 -0.22752 -0.61735 -0.49949 -0.68963 -0.59863 1
-0.75940 -0.67475 1.45328 -1.90679 -1.94359 -1.66200 -1.44323 -1.40730 -1.50613 -1.42476 1
-0.75940 -0.67475 1.45328 -1.82352 -1.84282 -1.18384 -1.39123 -1.33521 -1.33736 -1.41758 1
-0.75940 -0.67475 1.45328 -1.53208 -1.49014 -1.30338 -1.30558 -1.25186 -1.34192 -1.28468 1
-0.75940 -0.67475 1.45328 -1.94843 -1.99397 -1.78154 -1.49217 -1.45010 -1.44683 -1.50019 1
-0.75940 -0.67475 1.45328 -1.69862 -1.69167 -1.66200 -1.41876 -1.35549 -1.41490 -1.42117 1
-0.75940 -0.67475 1.45328 -1.24064 -1.28861 -1.42292 -1.22911 -1.14599 -1.21876 -1.24876 1
-0.75940 -0.67475 1.45328 -1.99006 -1.94359 -1.66200 -1.47076 -1.38927 -1.44227 -1.52174 1
-0.75940 -0.67475 1.45328 -1.19901 -1.28861 -1.30338 -1.13225 -1.10094 -1.09104 -1.10509 1
-0.75940 -0.67475 1.45328 -2.78111 -2.80010 -2.61831 -1.62981 -1.54921 -1.51069 -1.64387 1
-0.75940 -0.67475 1.45328 -1.86516 -1.79244 -1.54246 -1.43099 -1.38477 -1.37385 -1.46787 1
-0.75940 -0.67475 1.45328 -0.90756 -0.93593 -1.18384 -0.95076 -0.83062 -0.88578 -1.04762 1
-0.75940 -0.67475 1.45328 -0.61612 -0.58325 -0.34706 -0.71625 -0.61212 -0.83560 -0.86802 1
-0.75940 -0.67475 1.45328 -0.53285 -0.63363 -0.58614 -0.83045 -0.76530 -0.71700 -0.91831 1
-0.75940 1.48167 -0.68794 0.05003 0.12212 0.72880 -0.00151 0.22811 0.25003 -0.63455 1
-0.75940 -0.67475 1.45328 -0.53285 -0.38171 -0.46660 -0.60206 -0.42740 -0.66226 -0.74949 1
-0.75940 -0.67475 1.45328 -0.99083 -1.08708 -1.18384 -1.10166 -0.99732 -1.06823 -1.16615 1
-0.75940 -0.67475 1.45328 -1.65698 -1.59091 -1.54246 -1.36676 -1.28115 -1.36929 -1.38884 1
-0.75940 -0.67475 1.45328 -1.07410 -1.08708 -1.18384 -1.17405 -1.09869 -1.19139 -1.17692 1
-0.75940 -0.67475 1.45328 -0.86593 -0.88554 -0.70568 -1.05986 -1.10094 -1.05911 -1.03684 1
-0.75940 -0.67475 1.45328 -2.23987 -2.24588 -1.90108 -1.50134 -1.44334 -1.45596 -1.53611 1
-0.75940 -0.67475 1.45328 -0.69939 -0.68401 -0.46660 -0.67139 -0.28323 -0.78542 -0.86443 1
-0.75940 -0.67475 1.45328 -0.78266 -0.58325 -0.82522 -0.94362 -0.85090 -0.86753 -0.92549 1
-0.75940 -0.67475 1.45328 -1.11574 -1.08708 -0.94476 -1.06088 -0.99506 -0.97700 -1.10509 1
-0.75940 -0.67475 1.45328 -1.44881 -1.43976 -1.42292 -1.29844 -1.25412 -1.22332 -1.33497 1
-0.75940 -0.67475 1.45328 -0.90756 -0.98631 -0.82522 -0.95688 -0.86666 -0.89034 -1.05839 1
-0.75940 -0.67475 1.45328 -1.28227 -1.28861 -1.18384 -1.16691 -1.05363 -1.05911 -1.25235 1
-0.75940 -0.67475 1.45328 -1.03247 -0.93593 -1.30338 -1.14448 -1.09643 -1.11385 -1.16615 1
-0.75940 -0.67475 1.45328 -1.69862 -1.69167 -1.30338 -1.42283 -1.34197 -1.40578 -1.44272 1
-0.75940 -0.67475 1.45328 -1.44881 -1.43976 -1.30338 -1.33617 -1.26989 -1.33736 -1.31341 1
-0.75940 -0.67475 1.45328 -1.03247 -0.93593 -0.94476 -1.03233 -0.97479 -0.97700 -1.06198 1
-0.75940 -0.67475 1.45328 -2.40640 -2.34665 -1.78154 -1.56456 -1.52668 -1.46508 -1.57921 2
-0.75940 -0.67475 1.45328 -1.74025 -1.79244 -1.66200 -1.35554 -1.33746 -1.28262 -1.39244 2
-0.75940 -0.67475 1.45328 0.46637 0.27326 0.25064 0.12798 0.01637 0.10862 0.09101 2
-0.75940 -0.67475 1.45328 -2.07333 -2.09474 -1.66200 -1.49421 -1.45235 -1.44227 -1.50019 2
-0.75940 -0.67475 1.45328 -0.69939 -0.58325 -0.70568 -0.91405 -0.90946 -0.83104 -0.88957 2
-0.75940 1.48167 -0.68794 -0.53285 -0.33133 -0.46660 -0.75092 -0.81936 -0.64402 -0.63814 2
-0.75940 1.48167 -0.68794 -1.11574 -1.18784 -0.34706 -1.06699 -1.07391 -0.89946 -1.06917 2
-0.75940 -0.67475 1.45328 -1.61535 -1.59091 -0.82522 -1.34025 -1.32395 -1.32824 -1.28468 2
1.31652 -0.67475 -0.68794 -1.57372 -1.43976 -0.82522 -1.23727 -1.19780 -1.13666 -1.17692 2
-0.75940 -0.67475 1.45328 -0.69939 -0.63363 -0.46660 -0.94566 -0.87342 -0.89034 -0.92549 2
1.31652 -0.67475 -0.68794 -2.40640 -2.39703 -2.02062 -1.58495 -1.53795 -1.55175 -1.57562 2
-0.75940 -0.67475 1.45328 -1.28227 -1.33899 -0.94476 -1.22197 -1.22033 -1.22332 -1.21284 2
-0.75940 -0.67475 1.45328 -1.65698 -1.59091 -1.42292 -1.33617 -1.27439 -1.33280 -1.36370 2
-0.75940 -0.67475 1.45328 -1.36554 -1.08708 -1.30338 -1.13939 -1.08517 -1.06367 -1.18052 2
-0.75940 -0.67475 1.45328 -1.53208 -1.59091 -1.66200 -1.23625 -1.15050 -1.25981 -1.32060 2
-0.75940 -0.67475 1.45328 -1.49045 -1.43976 -0.94476 -1.18935 -1.11896 -1.15946 -1.24876 2
-0.75940 -0.67475 1.45328 -0.78266 -0.83516 -0.94476 -0.94668 -0.90946 -0.89490 -0.96141 2
-0.75940 -0.67475 1.45328 -0.78266 -0.83516 -1.18384 -0.82331 -0.64140 -0.85385 -1.03325 2
-0.75940 -0.67475 1.45328 -0.65776 -0.58325 -0.22752 -0.83453 -0.85540 -0.78542 -0.85725 2
-0.75940 -0.67475 1.45328 -0.61612 -0.63363 -0.70568 -0.73155 -0.55805 -0.86753 -0.90035 2
-0.75940 -0.67475 1.45328 -0.53285 -0.48248 -0.94476 -0.74480 -0.57157 -0.79911 -0.88957 2
-0.75940 -0.67475 1.45328 -0.53285 -0.63363 -0.82522 -0.77437 -0.73601 -0.78542 -0.80696 2
1.31652 -0.67475 -0.68794 -0.07488 -0.18018 0.37018 -0.23704 0.04565 -0.39770 -0.60222 2
-0.75940 -0.67475 1.45328 -2.15660 -2.14512 -2.02062 -1.51868 -1.45460 -1.48789 -1.53611 2
-0.75940 -0.67475 1.45328 -1.15737 -1.18784 -1.42292 -1.18323 -1.06940 -1.19595 -1.24876 2
-0.75940 -0.67475 1.45328 -0.99083 -1.08708 -0.70568 -1.03743 -0.84414 -1.24613 -1.04762 2
-0.75940 -0.67475 1.45328 -0.86593 -0.88554 -0.70568 -0.95076 -0.83513 -1.06823 -0.96141 2
1.31652 -0.67475 -0.68794 -0.78266 -0.73439 -0.46660 -0.88041 -0.72475 -0.85841 -0.97219 2
-0.75940 -0.67475 1.45328 -0.65776 -0.68401 0.13110 -0.80496 -0.74277 -0.82192 -0.78182 2
-0.75940 -0.67475 1.45328 -0.53285 -0.58325 -0.58614 -0.84268 -0.80810 -0.75349 -0.87161 2
1.31652 -0.67475 -0.68794 0.17493 -0.18018 -0.10798 -0.09226 0.28443 0.00827 -0.59504 2
-0.75940 -0.67475 1.45328 -1.24064 -1.18784 -1.30338 -1.20362 -1.08742 -1.23701 -1.21643 2
-0.75940 -0.67475 1.45328 -0.94920 -0.73439 -0.70568 -1.01703 -0.91172 -1.00437 -0.49447 2
-0.75940 -0.67475 1.45328 -0.82430 -0.83516 -0.70568 -1.00990 -0.83963 -1.23701 -0.99733 2
-0.75940 -0.67475 1.45328 -0.53285 -0.48248 -0.82522 -0.73970 -0.61662 -0.74437 -0.92549 2
-0.75940 -0.67475 1.45328 -0.15815 -0.28095 -0.46660 -0.47869 -0.44993 -0.33840 -0.42263 2
-0.75940 -0.67475 1.45328 -1.11574 -1.23822 -0.94476 -1.11695 -1.04462 -1.08192 -1.16256 2
-0.75940 -0.67475 1.45328 -0.82430 -0.93593 -1.42292 -1.07209 -1.02885 -1.11385 -1.03325 2
-0.75940 -0.67475 1.45328 -0.74103 -0.73439 -0.94476 -1.01805 -1.03786 -1.00893 -0.92549 2
-0.75940 -0.67475 1.45328 -0.61612 -0.73439 -0.70568 -0.83453 -0.80359 -0.87209 -0.74949 2
-0.75940 -0.67475 1.45328 -0.53285 -0.58325 -0.70568 -0.87429 -0.82612 -0.89034 -0.85006 2
-0.75940 -0.67475 1.45328 -0.32468 -0.33133 -0.22752 -0.46135 -0.29675 -0.47524 -0.56630 2
-0.75940 -0.67475 1.45328 -0.11651 -0.12980 -0.22752 -0.46135 -0.35307 -0.34296 -0.55194 2
-0.75940 -0.67475 1.45328 0.05003 0.12212 -0.46660 -0.47359 -0.46795 -0.36121 -0.44418 2
-0.75940 -0.67475 1.45328 -0.74103 -0.78478 -0.70568 -0.91507 -0.93650 -0.78542 -0.92549 2
-0.75940 -0.67475 1.45328 -0.74103 -0.63363 -0.46660 -1.03437 -1.03336 -1.13666 -0.86443 2
-0.75940 -0.67475 1.45328 -0.03324 -0.28095 -0.58614 -0.33492 -0.13907 -0.09664 -0.69202 2
-0.75940 -0.67475 1.45328 -1.65698 -1.59091 -1.66200 -1.33413 -1.22483 -1.32367 -1.42836 2
1.31652 -0.67475 -0.68794 -0.53285 -0.63363 -0.70568 -0.75296 -0.56031 -0.84016 -0.88239 2
-0.75940 -0.67475 1.45328 -0.99083 -1.03669 -1.18384 -1.11390 -1.10544 -1.12297 -1.03325 2
1.31652 -0.67475 -0.68794 -0.82430 -0.78478 -1.42292 -0.95382 -1.01534 -0.89490 -0.81773 2
-0.75940 -0.67475 1.45328 -1.03247 -0.98631 -0.94476 -1.43099 -1.14149 -0.99981 -1.10509 2
1.31652 -0.67475 -0.68794 -2.11496 -2.14512 -1.66200 -1.47381 -1.40955 -1.48333 -1.45709 2
1.31652 -0.67475 -0.68794 -1.99006 -1.99397 -1.54246 -1.44832 -1.37125 -1.38753 -1.42836 2
1.31652 -0.67475 -0.68794 -0.86593 -0.63363 -0.82522 -0.81311 -0.83062 -0.77174 -0.78182 2
-0.75940 -0.67475 1.45328 -1.61535 -1.49014 -1.42292 -1.30252 -1.27439 -1.29631 -1.24876 2
-0.75940 -0.67475 1.45328 -1.40718 -1.28861 -0.70568 -1.23421 -1.25186 -1.16859 -1.14100 2
-0.75940 1.48167 -0.68794 -1.15737 -1.03669 -0.82522 -1.01397 -1.00408 -0.96788 -0.99733 2
1.31652 -0.67475 -0.68794 -1.44881 -1.43976 -0.70568 -1.08535 -1.00408 -1.07279 -1.10509 2
1.31652 -0.67475 -0.68794 -0.69939 -0.83516 -0.58614 -0.89468 -0.88469 -0.85385 -0.90394 2
-0.75940 -0.67475 1.45328 -0.90756 -0.83516 -0.94476 -0.73868 -0.58959 -0.67595 -0.89676 2
-0.75940 -0.67475 1.45328 -0.15815 -0.18018 1.08742 -0.44096 -0.41614 -0.35209 -0.48010 2
-0.75940 -0.67475 1.45328 -1.74025 -1.74205 -1.66200 -1.38613 -1.35774 -1.35104 -1.37807 2
-0.75940 -0.67475 1.45328 -1.53208 -1.43976 -1.66200 -1.31272 -1.33746 -1.28718 -1.21284 2
-0.75940 -0.67475 1.45328 -1.11574 -1.13746 -0.94476 -1.12103 -1.09869 -1.10929 -1.14100 2
-0.75940 -0.67475 1.45328 -0.90756 -0.83516 -0.94476 -1.00990 -0.96803 -0.99525 -1.03325 2
-0.75940 -0.67475 1.45328 -0.49122 -0.53286 -0.70568 -0.72339 -0.58283 -0.73069 -0.85365 2
-0.75940 -0.67475 1.45328 -0.69939 -0.68401 -0.94476 -0.86002 -0.67744 -0.97700 -0.97578 2
-0.75940 -0.67475 1.45328 -0.53285 -0.63363 -0.70568 -0.92425 -0.93199 -1.11841 -0.81773 2
-0.75940 -0.67475 1.45328 -0.40795 -0.33133 -0.58614 -0.62857 -0.56932 -0.56191 -0.67047 2
1.31652 -0.67475 -0.68794 0.17493 0.12212 -0.46660 -0.08614 0.19658 0.04020 -0.49447 2
-0.75940 -0.67475 1.45328 -1.03247 -1.03669 -0.94476 -0.99358 -0.82612 -1.07736 -1.09431 2
-0.75940 -0.67475 1.45328 -0.99083 -1.03669 -0.94476 -1.13735 -1.18429 -1.09104 -1.06198 2
-0.75940 -0.67475 1.45328 -1.69862 -1.74205 -1.18384 -1.31680 -1.17753 -1.34192 -1.41399 2
-0.75940 -0.67475 1.45328 -1.11574 -1.18784 -1.18384 -1.15468 -1.09193 -1.15490 -1.16256 2
-0.75940 -0.67475 1.45328 -0.82430 -0.98631 -1.06430 -1.06292 -0.99281 -0.96788 -1.04762 2
-0.75940 -0.67475 1.45328 -0.82430 -0.83516 -0.82522 -0.87939 -0.80134 -0.90858 -0.87161 2
1.31652 -0.67475 -0.68794 0.21656 -0.02903 0.25064 0.19323 0.23712 0.30020 0.00840 2
1.31652 -0.67475 -0.68794 -0.57449 -0.33133 -0.34706 -0.70300 -0.64816 -0.71700 -0.53038 2
-0.75940 1.48167 -0.68794 -1.82352 -1.84282 -1.66200 -1.38715 -1.35549 -1.34192 -1.39244 2
-0.75940 1.48167 -0.68794 -0.28305 -0.38171 -0.82522 -0.61633 -0.49723 -0.73069 -0.65251 2
-0.75940 -0.67475 1.45328 -1.24064 -1.23822 -1.18384 -1.16590 -1.14824 -1.08192 -1.17692 2
-0.75940 1.48167 -0.68794 -0.49122 -0.53286 -0.58614 -0.73053 -0.73827 -0.57104 -0.81055 2
-0.75940 -0.67475 1.45328 -0.74103 -0.73439 -0.70568 -0.85186 -0.70673 -0.78542 -0.99733 2
-0.75940 -0.67475 1.45328 -0.44959 -0.53286 0.13110 -0.77539 -0.91622 -0.71700 -0.83210 2
-0.75940 -0.67475 1.45328 -1.32391 -1.33899 -1.18384 -1.21178 -1.13247 -1.18227 -1.26672 2
-0.75940 -0.67475 1.45328 -0.86593 -0.83516 -0.70568 -1.02723 -1.05814 -0.95876 -0.97937 2
-0.75940 -0.67475 1.45328 -1.44881 -1.59091 -0.94476 -0.87123 -0.84189 -1.07279 -0.81414 2
-0.75940 -0.67475 1.45328 -1.19901 -1.28861 -1.06430 -1.10166 -0.87568 -1.25069 -1.23439 2
-0.75940 1.48167 -0.68794 -0.32468 -0.43210 0.25064 0.17488 0.24839 0.16792 0.24546 2
-0.75940 -0.67475 1.45328 -1.69862 -1.79244 -1.90108 -1.42691 -1.34197 -1.39666 -1.46068 2
1.31652 -0.67475 -0.68794 0.79945 0.52518 0.72880 0.60821 0.79127 0.75635 0.41069 2
-0.75940 1.48167 -0.68794 -1.24064 -1.13746 -0.70568 -1.07719 -1.05363 -1.12297 -0.97219 2
-0.75940 -0.67475 1.45328 -0.94920 -0.78478 -0.82522 -1.00684 -0.93199 -0.97244 -0.92549 2
-0.75940 -0.67475 1.45328 -0.61612 -0.58325 -0.10798 -0.68261 -0.62563 -0.78542 -0.70639 2
-0.75940 1.48167 -0.68794 0.00839 0.02135 -0.58614 -0.11061 0.25514 -0.16050 -0.42263 2
-0.75940 -0.67475 1.45328 -0.74103 -0.83516 -0.94476 -0.94362 -0.83513 -0.98613 -0.93268 2
1.31652 -0.67475 -0.68794 -0.11651 -0.02903 -0.34706 -0.27782 -0.14582 -0.23349 -0.41904 2
-0.75940 -0.67475 1.45328 -1.07410 -0.98631 -1.30338 -1.04354 -0.92974 -1.18683 -1.04402 2
-0.75940 -0.67475 1.45328 -0.36632 -0.58325 -0.94476 -0.63163 -0.55355 -0.48437 -0.81055 2
-0.75940 -0.67475 1.45328 -1.11574 -0.98631 -1.30338 -0.98848 -0.80359 -1.01350 -1.14819 3
-0.75940 -0.67475 1.45328 -1.11574 -1.18784 -0.94476 -1.10982 -1.05363 -1.06823 -1.13382 3
-0.75940 -0.67475 1.45328 -0.82430 -1.08708 -1.06430 -0.97319 -0.98380 -0.94051 -0.85365 3
-0.75940 1.48167 -0.68794 -0.61612 -0.53286 -0.82522 -0.62449 -0.55130 -0.58472 -0.67406 3
1.31652 -0.67475 -0.68794 -0.65776 -0.58325 -0.46660 -0.78762 -0.75403 -0.77630 -0.74590 3
1.31652 -0.67475 -0.68794 -0.99083 -1.03669 -1.30338 -1.15876 -1.10319 -1.10473 -1.10509 3
-0.75940 -0.67475 1.45328 -1.15737 -1.18784 -1.30338 -1.17915 -1.11445 -1.09104 -1.14100 3
-0.75940 -0.67475 1.45328 -1.74025 -1.64129 -1.30338 -1.39734 -1.38026 -1.21420 -1.35652 3
1.31652 -0.67475 -0.68794 -0.61612 -0.58325 -0.22752 -0.75194 -0.83513 -0.63490 -0.74590 3
1.31652 -0.67475 -0.68794 -1.28227 -1.28861 -0.94476 -1.17609 -1.13923 -1.10473 -1.18411 3
-0.75940 1.48167 -0.68794 -1.03247 -0.83516 -0.46660 -1.04048 -1.01534 -1.13209 -1.03325 3
-0.75940 -0.67475 1.45328 -1.94843 -1.84282 -1.66200 -1.48401 -1.45685 -1.43315 -1.46427 3
-0.75940 -0.67475 1.45328 -1.94843 -2.04435 -1.66200 -1.49115 -1.45685 -1.47420 -1.46427 3
-0.75940 -0.67475 1.45328 -0.61612 -0.58325 -0.22752 -0.57453 -0.51525 -0.36577 -0.70639 3
-0.75940 -0.67475 1.45328 -0.15815 -0.18018 0.25064 -0.29312 0.01186 -0.45244 -0.59504 3
1.31652 -0.67475 -0.68794 -0.11651 -0.02903 0.25064 -0.25539 -0.05572 -0.42507 -0.36157 3
-0.75940 1.48167 -0.68794 0.00839 0.07173 0.01156 -0.21359 -0.05347 -0.06928 -0.45855 3
-0.75940 1.48167 -0.68794 0.46637 0.52518 0.96788 0.45425 0.22586 0.71986 0.26701 3
-0.75940 1.48167 -0.68794 1.00762 0.97863 0.60926 1.23118 1.46255 1.16232 0.69804 3
-0.75940 -0.67475 1.45328 -0.65776 -0.73439 -0.70568 -0.85186 -0.72475 -0.79455 -0.93268 3
-0.75940 -0.67475 1.45328 -0.11651 -0.28095 -0.58614 -0.63876 -0.65041 -0.61209 -0.52320 3
-0.75940 -0.67475 1.45328 -0.07488 -0.23057 -0.34706 -0.44300 -0.18862 -0.49349 -0.63814 3
1.31652 -0.67475 -0.68794 0.29983 0.07173 0.13110 0.04743 0.31822 0.07213 -0.24303 3
1.31652 -0.67475 -0.68794 0.54964 0.62595 0.25064 0.34005 0.54799 0.46898 0.00840 3
1.31652 -0.67475 -0.68794 0.71618 0.77709 0.48972 0.37880 0.77550 0.28652 0.01917 3
-0.75940 -0.67475 1.45328 -1.24064 -1.28861 -1.42292 -1.27703 -1.24736 -1.20964 -1.24876 3
-0.75940 -0.67475 1.45328 -0.57449 -0.78478 -0.94476 -0.93139 -0.00616 -0.94051 -0.92549 3
-0.75940 -0.67475 1.45328 -0.44959 -0.53286 -0.46660 -0.88856 -0.86666 -0.84016 -0.88957 3
-0.75940 -0.67475 1.45328 -0.36632 -0.43210 -0.94476 -0.74990 -0.62563 -0.88578 -0.74590 3
-0.75940 -0.67475 1.45328 -0.15815 -0.02903 -0.22752 -0.46339 -0.26071 -0.64402 -0.42263 3
-0.75940 -0.67475 1.45328 0.09166 0.07173 0.25064 -0.51437 0.00060 -0.41595 -0.09936 3
-0.75940 -0.67475 1.45328 0.38310 0.42441 -0.10798 -0.07085 0.09971 -0.35665 0.04432 3
-0.75940 -0.67475 1.45328 -0.53285 -0.53286 -0.70568 -0.80088 -0.72925 -0.77174 -0.81773 3
1.31652 -0.67475 -0.68794 -0.07488 0.17250 0.13110 0.21974 0.62007 0.00371 -0.14605 3
1.31652 -0.67475 -0.68794 -0.03324 -0.07942 -0.34706 -0.55006 -0.47471 -0.37945 -0.64532 3
-0.75940 1.48167 -0.68794 0.54964 0.52518 0.13110 0.32986 0.42184 0.36406 0.25983 3
1.31652 -0.67475 -0.68794 0.63291 0.47480 0.37018 0.23707 0.34750 0.25459 0.08024 3
-0.75940 -0.67475 1.45328 0.75781 0.67633 -0.22752 0.02805 -0.02869 0.09950 0.08742 3
-0.75940 -0.67475 1.45328 -0.49122 -0.63363 -0.70568 -0.88856 -0.79683 -0.97700 -0.85365 3
-0.75940 -0.67475 1.45328 -0.44959 -0.53286 -0.34706 -0.67241 -0.67294 -0.74893 -0.60222 3
-0.75940 -0.67475 1.45328 -0.40795 -0.48248 -0.34706 -0.68974 -0.69547 -0.45700 -0.81773 3
-0.75940 -0.67475 1.45328 -0.19978 -0.07942 -0.46660 -0.43382 -0.44317 -0.34296 -0.32565 3
-0.75940 -0.67475 1.45328 -0.07488 -0.18018 -0.34706 -0.52661 -0.54679 -0.49349 -0.38671 3
-0.75940 -0.67475 1.45328 0.17493 -0.33133 -0.46660 -0.58268 -0.54904 -0.59384 -0.47651 3
-0.75940 -0.67475 1.45328 0.63291 0.72671 0.72880 0.18099 0.09295 0.38231 0.36759 3
-0.75940 1.48167 -0.68794 0.67454 0.72671 0.01156 0.33088 0.51420 0.49178 0.00840 3
-0.75940 -0.67475 1.45328 -0.57449 -0.63363 -0.70568 -0.80496 -0.68645 -0.86753 -0.84288 3
-0.75940 -0.67475 1.45328 -0.24141 -0.28095 -0.10798 -0.65100 -0.68871 -0.58472 -0.53038 3
-0.75940 -0.67475 1.45328 -0.15815 -0.07942 0.13110 -0.25335 -0.11429 -0.34752 -0.22867 3
1.31652 -0.67475 -0.68794 0.25820 0.27326 0.01156 -0.16159 -0.08275 -0.14682 -0.17838 3
1.31652 -0.67475 -0.68794 0.25820 0.02135 -0.34706 -0.46849 -0.56256 -0.31103 -0.32205 3
-0.75940 -0.67475 1.45328 -0.40795 -0.43210 -0.46660 -0.63264 -0.41163 -0.64858 -0.73512 3
-0.75940 -0.67475 1.45328 -1.69862 -1.54052 -1.30338 -1.33413 -1.29466 -1.34648 -1.30623 3
-0.75940 -0.67475 1.45328 -1.65698 -1.69167 -1.66200 -1.38001 -1.36450 -1.36929 -1.32778 3
-0.75940 -0.67475 1.45328 -0.36632 -0.58325 -0.10798 -0.57555 -0.38686 -0.73981 -0.58067 3
1.31652 -0.67475 -0.68794 0.00839 -0.23057 -0.94476 -0.64692 -0.51075 -0.73069 -0.67047 3
1.31652 -0.67475 -0.68794 0.46637 0.42441 -0.46660 0.08107 0.26415 -0.30191 0.15567 3
1.31652 -0.67475 -0.68794 0.71618 0.72671 0.60926 0.84577 0.89264 0.79284 0.95666 3
1.31652 -0.67475 -0.68794 1.04925 0.92824 0.01156 0.83456 1.15845 0.50091 0.58310 3
1.31652 -0.67475 -0.68794 0.00839 -0.02903 -0.22752 -0.22481 -0.14808 0.15424 -0.45855 3
-0.75940 1.48167 -0.68794 -0.69939 -0.78478 -0.58614 -0.87327 -0.97479 -0.61665 -0.85365 3
1.31652 -0.67475 -0.68794 -0.90756 -0.98631 -1.18384 -1.02825 -1.03111 -0.97700 -0.88957 3
-0.75940 1.48167 -0.68794 -1.03247 -1.08708 -0.58614 -1.07311 -1.01759 -1.22332 -1.04402 3
-0.75940 1.48167 -0.68794 0.09166 0.52518 0.13110 -0.08410 -0.08951 0.18160 -0.27895 3
-0.75940 -0.67475 1.45328 -0.53285 -0.73439 -0.70568 -0.78457 -0.60536 -0.96788 -0.92549 3
-0.75940 -0.67475 1.45328 -0.24141 -0.23057 -0.34706 -0.49704 -0.37784 -0.52086 -0.53038 3
1.31652 -0.67475 -0.68794 -0.69939 -0.83516 -1.42292 -0.84778 -0.97029 -0.72156 -0.78182 3
-0.75940 1.48167 -0.68794 -0.44959 -0.53286 0.96788 -0.79068 -0.93199 -0.58472 -0.74590 3
-0.75940 -0.67475 1.45328 -1.40718 -1.49014 -1.18384 -1.29742 -1.27214 -1.30087 -1.24876 3
-0.75940 -0.67475 1.45328 -0.86593 -0.98631 -0.94476 -1.10574 -1.10094 -0.97700 -1.10509 3
-0.75940 -0.67475 1.45328 -0.40795 -0.53286 -0.82522 -0.73562 -0.71349 -0.63033 -0.85365 3
-0.75940 1.48167 -0.68794 0.05003 -0.02903 0.25064 0.12288 0.20784 0.42792 -0.17120 3
-0.75940 1.48167 -0.68794 0.21656 0.17250 -0.34706 0.27582 0.84759 -0.19700 -0.17120 3
-0.75940 1.48167 -0.68794 0.46637 0.37403 0.13110 0.12084 0.22811 0.00827 0.02636 3
1.31652 -0.67475 -0.68794 0.75781 0.62595 0.37018 0.75707 0.67188 1.27179 0.38195 3
1.31652 -0.67475 -0.68794 0.88272 0.72671 0.60926 0.93244 1.10213 0.82477 0.79861 3
-0.75940 -0.67475 1.45328 -0.90756 -0.93593 -0.94476 -0.94668 -0.82386 -0.92227 -1.03325 3
-0.75940 -0.67475 1.45328 -0.28305 -0.33133 -0.34706 -0.57963 -0.36208 -0.59840 -0.78182 3
-0.75940 -0.67475 1.45328 0.21656 0.12212 -0.22752 -0.39304 -0.29450 -0.33384 -0.45495 3
-0.75940 1.48167 -0.68794 0.42474 0.72671 0.25064 0.13919 0.28893 0.09038 0.06587 3
-0.75940 1.48167 -0.68794 0.54964 0.52518 0.48972 0.37268 0.38580 0.73810 0.12693 3
-0.75940 -0.67475 1.45328 -0.86593 -0.83516 -0.58614 -1.04966 -1.03561 -1.06823 -0.99733 3
-0.75940 -0.67475 1.45328 -0.86593 -0.93593 -0.70568 -0.86919 -0.78332 -0.89034 -0.98655 3
1.31652 -0.67475 -0.68794 -0.61612 -0.83516 -0.58614 -0.81209 -0.61212 -0.93139 -0.88598 3
-0.75940 -0.67475 1.45328 -0.57449 -0.68401 -0.58614 -0.69892 -0.44317 -1.04999 -0.77104 3
-0.75940 -0.67475 1.45328 -0.11651 -0.23057 0.13110 -0.12692 0.17630 -0.37033 -0.41904 3
-0.75940 -0.67475 1.45328 -0.07488 -0.18018 -0.70568 -0.60716 -0.53102 -0.75349 -0.55553 3
-0.75940 -0.67475 1.45328 -0.24141 -0.33133 -0.46660 -0.48888 -0.23368 -0.53911 -0.70639 3
1.31652 -0.67475 -0.68794 0.38310 0.12212 0.01156 0.09331 0.25514 -0.14226 0.08024 3
-0.75940 1.48167 -0.68794 0.46637 0.37403 -0.10798 0.24727 0.56150 0.01283 -0.04548 3
-0.75940 -0.67475 1.45328 -1.03247 -0.93593 -1.18384 -1.02825 -0.93875 -0.98157 -1.08353 3
-0.75940 1.48167 -0.68794 -0.49122 -0.58325 -0.70568 -0.85696 -0.87568 -0.71700 -0.77463 3
-0.75940 -0.67475 1.45328 -0.15815 -0.07942 -0.34706 -0.54700 -0.60311 -0.33840 -0.49447 3
-0.75940 -0.67475 1.45328 0.17493 0.22288 -0.22752 -0.14120 -0.00616 -0.25173 -0.23944 3
-0.75940 -0.67475 1.45328 0.21656 0.27326 0.60926 -0.05045 -0.08726 0.12231 0.03713 3
-0.75940 -0.67475 1.45328 0.29983 0.22288 -0.22752 -0.20543 -0.10753 -0.33840 -0.15324 3
-0.75940 -0.67475 1.45328 0.09166 -0.07942 -0.10798 -0.10959 0.03889 0.25003 -0.23944 3
-0.75940 -0.67475 1.45328 0.59127 0.22288 0.60926 0.31762 0.41959 0.24090 0.24187 3
-0.75940 -0.67475 1.45328 -1.24064 -1.23822 -1.18384 -1.20668 -1.14149 -1.28718 -1.14100 3
-0.75940 -0.67475 1.45328 -0.61612 -0.78478 -0.58614 -0.94566 -0.98831 -0.89490 -0.82133 3
1.31652 -0.67475 -0.68794 0.09166 0.02135 -0.46660 -0.29618 -0.21115 -0.13770 -0.57349 4
-0.75940 -0.67475 1.45328 -0.82430 -0.88554 -1.30338 -1.15570 -1.06264 -1.03630 -1.19488 4
-0.75940 -0.67475 1.45328 -1.07410 -1.08708 -0.46660 -1.07923 -1.04913 -1.02718 -1.07276 4
-0.75940 -0.67475 1.45328 -1.24064 -1.23822 -0.94476 -1.20260 -1.14599 -1.14122 -1.21284 4
1.31652 -0.67475 -0.68794 -1.28227 -1.28861 -0.82522 -1.23319 -1.25186 -1.12297 -1.17692 4
-0.75940 -0.67475 1.45328 -0.36632 -0.53286 -0.58614 -0.51029 -0.49273 -0.68051 -0.39389 4
-0.75940 1.48167 -0.68794 0.46637 0.72671 0.96788 0.85801 0.60881 0.81565 0.94947 4
-0.75940 -0.67475 1.45328 -1.07410 -1.08708 -1.18384 -1.12103 -1.01534 -1.20052 -1.17692 4
-0.75940 -0.67475 1.45328 -0.69939 -0.58325 -0.34706 -0.76009 -0.67294 -0.77630 -0.77463 4
-0.75940 1.48167 -0.68794 0.25820 0.32365 0.13110 0.10758 0.31822 0.15424 -0.16760 4
-0.75940 -0.67475 1.45328 -0.40795 0.12212 0.48972 -0.24316 -0.04220 -0.27454 -0.39030 4
-0.75940 -0.67475 1.45328 -0.03324 -0.28095 -0.22752 -0.60002 -0.54904 -0.53454 -0.61300 4
1.31652 -0.67475 -0.68794 0.29983 0.07173 -0.22752 -0.13712 0.04565 -0.09664 -0.31128 4
1.31652 -0.67475 -0.68794 0.63291 0.02135 0.13110 0.22484 0.39706 0.14055 0.20954 4
-0.75940 -0.67475 1.45328 -0.82430 -0.83516 -0.70568 -0.86409 -0.85540 -0.80823 -0.95063 4
-0.75940 -0.67475 1.45328 -0.61612 -0.58325 -0.70568 -0.64182 -0.47921 -0.69419 -0.70998 4
-0.75940 -0.67475 1.45328 -0.57449 0.27326 -0.70568 -0.82025 -0.74052 -0.82648 -0.85006 4
1.31652 -0.67475 -0.68794 0.09166 0.07173 -0.10798 -0.09939 -0.19313 -0.10577 -0.01674 4
-0.75940 -0.67475 1.45328 -1.28227 -1.23822 -1.06430 -1.22911 -1.10770 -1.17771 -1.23080 4
-0.75940 -0.67475 1.45328 0.21656 0.42441 0.01156 -0.15445 -0.06698 -0.43875 0.00840 4
-0.75940 -0.67475 1.45328 0.42474 0.32365 0.25064 0.31456 0.57051 0.31389 0.00122 4
1.31652 -0.67475 -0.68794 0.54964 0.57556 -0.10798 0.32782 0.28893 0.16792 0.29575 4
-0.75940 -0.67475 1.45328 -0.11651 -0.12980 -0.82522 -0.56331 -0.56481 -0.48893 -0.53038 4
-0.75940 -0.67475 1.45328 -0.53285 -0.68401 -0.94476 -0.90284 -0.80584 -0.84928 -1.02247 4
1.31652 -0.67475 -0.68794 0.38310 0.42441 0.01156 0.20139 0.52996 -0.18331 0.09101 4
-0.75940 1.48167 -0.68794 -0.69939 -0.68401 -0.10798 -0.87939 -0.94100 -0.78542 -0.74590 4
1.31652 -0.67475 -0.68794 -1.90679 -1.79244 -1.30338 -1.43507 -1.42982 -1.38753 -1.40680 4
1.31652 -0.67475 -0.68794 -0.32468 -0.18018 -0.46660 -0.46849 -0.48822 -0.42051 -0.50165 4
1.31652 -0.67475 -0.68794 1.17416 1.07939 0.60926 1.13534 1.17872 1.10758 0.75910 4
-0.75940 -0.67475 1.45328 -0.86593 -0.98631 -0.94476 -1.11797 -1.11220 -1.08648 -1.05121 4
-0.75940 -0.67475 1.45328 0.13330 0.12212 0.01156 -0.18096 0.00060 -0.19700 -0.28973 4
-0.75940 -0.67475 1.45328 -0.03324 -0.07942 0.01156 -0.42159 -0.36658 -0.32016 -0.50165 4
-0.75940 -0.67475 1.45328 0.17493 0.22288 0.01156 -0.11571 -0.31702 0.08581 0.16285 4
-0.75940 -0.67475 1.45328 0.25820 0.22288 -0.34706 -0.26151 -0.08951 -0.41138 -0.21071 4
-0.75940 -0.67475 1.45328 -0.28305 -0.33133 -0.58614 -0.55414 -0.59410 -0.42963 -0.44777 4
1.31652 -0.67475 -0.68794 -0.40795 -0.38171 -0.70568 -0.69178 -0.63464 -0.67139 -0.66688 4
1.31652 -0.67475 -0.68794 -0.40795 -0.48248 0.01156 -0.64284 -0.53328 -0.69419 -0.60222 4
1.31652 -0.67475 -0.68794 0.29983 0.22288 0.37018 0.07903 0.18306 -0.07840 -0.07062 4
-0.75940 1.48167 -0.68794 0.21656 0.07173 -0.10798 -0.13304 -0.18637 0.26827 -0.27895 4
-0.75940 1.48167 -0.68794 0.00839 0.17250 0.48972 0.01378 -0.02193 0.30020 0.04432 4
-0.75940 -0.67475 1.45328 -1.03247 -1.08708 -0.70568 -1.04762 -1.12797 -1.03630 -0.85365 4
-0.75940 1.48167 -0.68794 -0.65776 -0.83516 -0.34706 -0.76213 -0.81485 -0.62121 -0.70998 4
1.31652 -0.67475 -0.68794 -0.69939 -0.53286 -0.34706 -0.71625 -1.02435 -0.90402 -0.35079 4
1.31652 -0.67475 -0.68794 0.46637 0.47480 0.72880 0.20648 0.21910 0.71529 -0.13528 4
-0.75940 1.48167 -0.68794 -0.57449 -0.38171 -0.82522 -0.68566 -0.64591 -0.51174 -0.74590 4
-0.75940 1.48167 -0.68794 -0.32468 -0.43210 -0.46660 -0.48990 -0.40262 -0.45244 -0.45855 4
1.31652 -0.67475 -0.68794 -1.11574 -1.08708 -1.18384 -1.06699 -0.97479 -1.05911 -1.10509 4
-0.75940 1.48167 -0.68794 0.29983 0.47480 1.20696 -0.23398 -0.34406 -0.47068 0.25983 4
-0.75940 -0.67475 1.45328 -1.36554 -1.28861 -0.82522 -1.28417 -1.30593 -1.23701 -1.14100 4
-0.75940 1.48167 -0.68794 0.05003 0.32365 -0.10798 -0.09226 -0.20890 -0.08296 -0.14605 4
1.31652 -0.67475 -0.68794 -1.03247 -1.18784 -0.58614 -1.12001 -1.11671 -1.12297 -1.17692 4
-0.75940 1.48167 -0.68794 -0.74103 -0.73439 -0.70568 -0.91507 -0.85540 -0.86297 -0.92549 4
-0.75940 1.48167 -0.68794 0.21656 0.22288 0.01156 -0.23500 -0.46344 0.04932 -0.09936 4
1.31652 -0.67475 -0.68794 -0.61612 -0.68401 -0.22752 -0.93241 -0.89595 -0.92227 -0.96141 4
1.31652 -0.67475 -0.68794 -1.44881 -1.54052 -1.42292 -1.29946 -1.25862 -1.29631 -1.26313 4
1.31652 -0.67475 -0.68794 -0.03324 -0.23057 0.01156 -0.34512 -0.49949 0.20897 -0.56630 4
1.31652 -0.67475 -0.68794 -0.44959 -0.38171 0.96788 -0.64998 -0.75629 -0.47524 -0.54834 4
1.31652 -0.67475 -0.68794 0.13330 -0.02903 -0.34706 0.12696 0.55024 0.09950 -0.26458 4
1.31652 -0.67475 -0.68794 0.25820 0.27326 0.13110 0.28499 0.62683 -0.11489 -0.00238 4
1.31652 -0.67475 -0.68794 0.38310 0.47480 0.25064 0.25135 0.13575 0.31845 0.25624 4
1.31652 -0.67475 -0.68794 0.67454 0.47480 0.48972 0.56029 0.27767 1.10302 0.61902 4
1.31652 -0.67475 -0.68794 -0.15815 0.02135 -0.34706 -0.38080 -0.31702 -0.43419 -0.60222 4
-0.75940 1.48167 -0.68794 0.67454 0.82748 0.25064 0.62350 0.75297 0.76547 0.40351 4
-0.75940 -0.67475 1.45328 -0.11651 -0.07942 -0.34706 -0.55312 -0.44092 -0.55735 -0.62018 4
-0.75940 -0.67475 1.45328 0.00839 -0.07942 0.01156 -0.46441 -0.43641 -0.47524 -0.39748 4
1.31652 -0.67475 -0.68794 0.34147 0.47480 0.25064 0.26664 0.43761 0.53740 -0.06344 4
-0.75940 1.48167 -0.68794 0.34147 0.42441 0.84834 0.36860 0.39481 0.51915 0.18440 4
1.31652 -0.67475 -0.68794 0.46637 0.42441 0.01156 0.27072 0.57051 0.00827 0.10179 4
-0.75940 1.48167 -0.68794 0.63291 0.67633 0.48972 0.40327 0.56601 0.62863 0.12693 4
1.31652 -0.67475 -0.68794 0.67454 0.67633 0.01156 0.58883 0.88137 0.69705 0.25265 4
1.31652 -0.67475 -0.68794 0.71618 0.62595 0.60926 0.45527 0.62458 0.56020 0.20236 4
-0.75940 1.48167 -0.68794 0.75781 0.67633 0.37018 0.40429 0.39481 0.63319 0.33167 4
-0.75940 1.48167 -0.68794 1.21579 0.97863 1.56558 1.09252 1.11790 1.11214 0.82016 4
-0.75940 1.48167 -0.68794 1.38233 1.23054 0.72880 1.47792 1.96038 1.53179 0.93870 4
-0.75940 1.48167 -0.68794 1.50723 1.43207 0.72880 0.79581 1.26207 0.50547 0.44661 4
-0.75940 -0.67475 1.45328 -0.36632 -0.38171 -0.34706 -0.58167 -0.51976 -0.72612 -0.53038 4
1.31652 -0.67475 -0.68794 0.00839 0.12212 0.37018 0.02704 0.30921 -0.35665 -0.24663 4
-0.75940 -0.67475 1.45328 0.05003 0.17250 -0.22752 -0.12488 0.26866 -0.54823 -0.20711 4
-0.75940 -0.67475 1.45328 0.09166 -0.07942 -0.10798 -0.46135 -0.31477 -0.54367 -0.60941 4
-0.75940 1.48167 -0.68794 0.21656 -0.02903 -0.34706 -0.36245 -0.28323 -0.39770 -0.27895 4
-0.75940 -0.67475 1.45328 0.29983 0.17250 -0.10798 -0.01681 0.05466 0.04020 -0.02034 4
1.31652 -0.67475 -0.68794 0.38310 0.27326 -0.34706 0.13817 0.10647 0.02651 0.25983 4
1.31652 -0.67475 -0.68794 0.54964 0.62595 0.96788 0.73056 1.07735 0.42336 0.51126 4
-0.75940 1.48167 -0.68794 0.67454 0.67633 0.84834 0.50421 0.46689 0.35494 0.69086 4
-0.75940 1.48167 -0.68794 0.92435 0.87786 0.84834 0.77950 1.56617 0.83845 0.60465 4
1.31652 -0.67475 -0.68794 1.34069 1.38169 1.56558 1.96529 2.05049 2.14759 1.59601 4
-0.75940 1.48167 -0.68794 0.67454 0.77709 0.48972 0.75911 0.25965 0.97530 1.01413 4
1.31652 -0.67475 -0.68794 0.88272 0.62595 0.13110 0.55417 0.72369 0.72442 0.26701 4
-0.75940 1.48167 -0.68794 1.04925 0.92824 0.48972 1.12922 1.54365 1.12582 0.57951 4
-0.75940 -0.67475 1.45328 -0.07488 -0.48248 -0.34706 -0.72645 -0.80134 -0.50718 -0.72435 4
1.31652 -0.67475 -0.68794 0.00839 -0.07942 0.37018 -0.24826 -0.34856 -0.18331 -0.09936 4
-0.75940 -0.67475 1.45328 0.13330 0.17250 0.01156 -0.17688 -0.17736 -0.37489 0.08024 4
-0.75940 -0.67475 1.45328 0.17493 -0.07942 -0.22752 -0.29108 -0.13907 -0.32016 -0.42263 4
-0.75940 -0.67475 1.45328 0.21656 0.17250 0.25064 -0.38692 -0.40713 -0.42051 -0.15683 4
1.31652 -0.67475 -0.68794 0.34147 0.32365 -0.34706 -0.05453 0.00060 0.01739 -0.17120 4
-0.75940 -0.67475 1.45328 0.38310 0.37403 0.37018 0.07802 0.05015 -0.09208 0.29575 4
-0.75940 -0.67475 1.45328 0.42474 0.37403 0.72880 -0.05555 -0.05347 -0.31103 0.08024 4
-0.75940 1.48167 -0.68794 0.63291 0.67633 0.25064 0.61432 0.97148 0.14055 0.47534 4
-0.75940 -0.67475 1.45328 0.71618 0.57556 -0.34706 0.19119 0.34525 0.08581 0.15207 4
1.31652 -0.67475 -0.68794 0.71618 0.62595 0.72880 0.59087 0.73495 0.54652 0.51126 4
1.31652 -0.67475 -0.68794 1.00762 0.92824 0.48972 1.12718 1.40849 1.32653 0.54718 5
-0.75940 -0.67475 1.45328 -0.40795 -0.68401 -0.82522 -0.76519 -0.70448 -0.91771 -0.66328 5
-0.75940 -0.67475 1.45328 -0.32468 -0.38171 -0.58614 -0.75806 -0.76980 -0.76718 -0.63814 5
-0.75940 -0.67475 1.45328 -0.03324 0.07173 0.01156 -0.38998 -0.23142 -0.42963 -0.50883 5
-0.75940 -0.67475 1.45328 0.09166 0.47480 0.01156 0.35229 0.76874 -0.03735 0.03713 5
-0.75940 -0.67475 1.45328 0.13330 -0.12980 -0.10798 -0.35327 -0.40037 -0.23349 -0.33642 5
-0.75940 -0.67475 1.45328 0.17493 0.22288 0.01156 -0.28904 -0.44092 -0.36577 0.08024 5
-0.75940 -0.67475 1.45328 0.29983 0.37403 0.60926 0.00664 -0.06248 -0.01454 0.28857 5
-0.75940 -0.67475 1.45328 0.34147 0.27326 0.13110 0.03213 0.17180 -0.20612 0.11616 5
1.31652 -0.67475 -0.68794 0.38310 0.32365 0.84834 0.22994 0.09521 0.43705 0.31730 5
1.31652 -0.67475 -0.68794 0.42474 0.42441 0.37018 0.30131 0.61106 0.30932 -0.02752 5
-0.75940 1.48167 -0.68794 0.46637 0.42441 1.32650 -0.00457 0.19883 -0.06928 -0.09936 5
-0.75940 1.48167 -0.68794 0.67454 0.47480 0.13110 0.06782 -0.11429 0.16336 0.43943 5
1.31652 -0.67475 -0.68794 0.75781 0.62595 0.25064 0.52766 0.62232 0.93424 0.21314 5
1.31652 -0.67475 -0.68794 0.79945 0.62595 0.25064 0.97934 1.02554 2.37110 0.61902 5
1.31652 -0.67475 -0.68794 0.88272 0.82748 0.37018 0.86413 1.21927 0.59670 0.36040 5
1.31652 -0.67475 -0.68794 1.09089 1.12978 0.72880 0.64389 0.76874 0.38687 0.78425 5
-0.75940 -0.67475 1.45328 -0.11651 0.47480 -0.10798 -0.29210 -0.32378 -0.24261 -0.25381 5
-0.75940 1.48167 -0.68794 0.29983 0.02135 0.48972 -0.01477 -0.07824 0.03108 0.10179 5
-0.75940 1.48167 -0.68794 0.79945 0.82748 0.48972 0.46342 0.60205 0.57845 0.24187 5
-0.75940 -0.67475 1.45328 -0.94920 -0.98631 -0.70568 -1.04762 -1.06039 -0.89946 -1.03325 5
1.31652 -0.67475 -0.68794 -1.24064 -1.18784 -0.94476 -1.12715 -1.08968 -1.13209 -1.10509 5
-0.75940 -0.67475 1.45328 -0.40795 -0.48248 -0.70568 -0.76111 -0.82161 -0.76718 -0.67406 5
-0.75940 1.48167 -0.68794 0.29983 0.17250 -0.34706 0.21056 0.00735 0.29564 0.69086 5
-0.75940 1.48167 -0.68794 -0.03324 -0.07942 -0.34706 -0.29006 -0.28999 -0.08296 -0.38671 5
-0.75940 1.48167 -0.68794 0.21656 0.17250 0.13110 -0.06473 -0.28098 -0.27910 0.18799 5
1.31652 -0.67475 -0.68794 -0.69939 -0.33133 -0.22752 -0.69688 -0.60085 -0.76718 -0.60222 5
-0.75940 -0.67475 1.45328 -0.99083 -0.93593 -0.82522 -0.98237 -0.89595 -0.93139 -0.99733 5
-0.75940 1.48167 -0.68794 -1.19901 -1.08708 -1.18384 -1.03437 -0.92298 -0.96332 -1.03325 5
1.31652 -0.67475 -0.68794 -0.53285 -0.33133 -0.22752 -0.52049 -0.49048 -0.56191 -0.31487 5
-0.75940 1.48167 -0.68794 -0.61612 -0.48248 -0.82522 -0.72849 -0.70222 -0.79455 -0.64532 5
-0.75940 1.48167 -0.68794 -1.28227 -1.23822 -0.82522 -1.13939 -1.11220 -1.11385 -1.11586 5
1.31652 -0.67475 -0.68794 -1.07410 -1.03669 -0.82522 -1.11492 -1.17978 -1.05455 -1.02606 5
1.31652 -0.67475 -0.68794 -1.03247 -1.03669 -0.22752 -1.09146 -1.18654 -1.03174 -0.96141 5
-0.75940 1.48167 -0.68794 0.34147 0.32365 0.25064 0.31456 0.39706 0.50091 0.06946 5
1.31652 -0.67475 -0.68794 0.54964 0.47480 0.48972 0.53276 0.63359 0.37318 0.38195 5
-0.75940 1.48167 -0.68794 0.63291 0.67633 -0.10798 1.24749 1.03230 0.09494 0.56514 5
1.31652 -0.67475 -0.68794 -0.07488 -0.12980 -0.46660 -0.37265 -0.33504 -0.40226 -0.48010 5
-0.75940 1.48167 -0.68794 0.38310 0.37403 0.25064 0.33903 0.65161 0.04020 0.08383 5
-0.75940 1.48167 -0.68794 0.79945 1.02901 0.84834 0.90083 0.82055 1.29916 0.60106 5
-0.75940 1.48167 -0.68794 0.38310 0.22288 0.48972 -0.03618 0.12674 -0.19700 -0.07421 5
-0.75940 1.48167 -0.68794 0.75781 0.62595 0.37018 0.52052 1.03230 0.25915 0.05150 5
1.31652 -0.67475 -0.68794 0.79945 0.82748 0.37018 0.55315 0.65611 0.61038 0.51126 5
1.31652 -0.67475 -0.68794 1.04925 1.12978 0.84834 0.89064 1.15169 0.88407 0.69804 5
1.31652 -0.67475 -0.68794 1.04925 1.02901 0.37018 1.17918 1.63150 1.07109 0.69086 5
1.31652 -0.67475 -0.68794 1.67377 1.43207 1.44604 1.38922 2.31630 2.24338 1.93724 5
-0.75940 1.48167 -0.68794 -0.07488 -0.12980 -0.10798 -0.63774 -0.71123 -0.44331 -0.55194 5
-0.75940 -0.67475 1.45328 0.00839 -0.33133 -0.46660 -0.40222 -0.24719 -0.60753 -0.35079 5
1.31652 -0.67475 -0.68794 0.63291 0.42441 0.13110 0.09841 0.32948 -0.23349 0.00840 5
1.31652 -0.67475 -0.68794 0.63291 1.02901 1.08742 0.93040 1.12691 0.85670 0.54718 5
1.31652 -0.67475 -0.68794 1.67377 1.63361 1.20696 3.06238 4.02604 3.28795 2.01985 5
1.31652 -0.67475 -0.68794 0.54964 0.62595 0.37018 0.70303 1.19449 0.47810 0.14848 5
-0.75940 1.48167 -0.68794 1.00762 0.82748 0.48972 0.68875 0.60430 1.23074 0.43224 5
-0.75940 -0.67475 1.45328 -0.11651 -0.07942 0.13110 -0.51233 -0.57833 -0.34296 -0.44418 5
-0.75940 1.48167 -0.68794 0.46637 0.42441 0.72880 0.28907 0.46013 0.46898 0.06587 5
1.31652 -0.67475 -0.68794 0.54964 0.92824 0.25064 0.63879 0.56601 0.77003 0.76269 5
-0.75940 -0.67475 1.45328 0.54964 0.52518 -0.34706 -0.15037 -0.11429 -0.27910 -0.00597 5
-0.75940 -0.67475 1.45328 0.63291 0.37403 -0.10798 0.18711 0.38580 0.20897 0.10179 5
-0.75940 1.48167 -0.68794 0.79945 0.67633 0.25064 0.25645 0.43085 0.05388 0.27420 5
-0.75940 -0.67475 1.45328 1.21579 0.77709 0.84834 0.87228 0.79352 1.29004 1.05723 5
-0.75940 1.48167 -0.68794 0.84108 0.82748 -0.70568 0.62656 0.75297 0.09950 0.38555 5
1.31652 -0.67475 -0.68794 0.96598 0.77709 0.48972 0.36146 0.43535 0.40055 0.32089 5
-0.75940 -0.67475 1.45328 -0.40795 -0.33133 -0.70568 -0.76009 -0.79909 -0.74437 -0.56630 5
-0.75940 -0.67475 1.45328 0.34147 0.32365 -0.10798 -0.12387 -0.13006 -0.38402 0.06228 5
-0.75940 -0.67475 1.45328 0.42474 0.37403 0.48972 0.18099 0.40832 0.11774 0.00840 5
-0.75940 1.48167 -0.68794 0.96598 0.92824 0.25064 0.76013 0.89940 0.45985 0.69445 5
1.31652 -0.67475 -0.68794 0.05003 0.07173 -0.46660 -0.25030 -0.10753 -0.15594 -0.74949 5
1.31652 -0.67475 -0.68794 -0.53285 -0.58325 -0.34706 -0.63672 -0.76980 -0.60297 -0.38671 5
1.31652 -0.67475 -0.68794 0.21656 0.27326 -0.70568 -0.04638 -0.08050 0.20441 -0.17120 5
-0.75940 1.48167 -0.68794 -0.74103 -0.58325 -0.34706 -0.75398 -0.73151 -0.60297 -0.67406 5
1.31652 -0.67475 -0.68794 -0.15815 -0.23057 -0.70568 -0.35429 -0.18412 -0.27910 -0.38671 5
-0.75940 -0.67475 1.45328 -0.32468 -0.53286 -0.46660 -0.65304 -0.67294 -0.53454 -0.74590 5
1.31652 -0.67475 -0.68794 -0.94920 -1.08708 -0.94476 -1.07617 -1.06039 -1.01806 -1.06917 5
-0.75940 1.48167 -0.68794 0.29983 0.57556 0.48972 0.41346 0.32723 0.19985 0.70522 5
1.31652 -0.67475 -0.68794 0.71618 0.62595 0.37018 0.41550 0.62007 0.33669 0.28497 5
-0.75940 1.48167 -0.68794 -0.28305 -0.07942 -0.58614 -0.52967 -0.46570 -0.43875 -0.67406 5
-0.75940 1.48167 -0.68794 0.25820 0.22288 -0.10798 -0.03414 0.20784 -0.16050 -0.12450 5
-0.75940 -0.67475 1.45328 -1.03247 -1.43976 -0.94476 -1.12409 -1.05814 -1.09560 -1.14100 5
-0.75940 -0.67475 1.45328 -0.36632 -0.53286 -0.34706 -0.68261 -0.54454 -0.88578 -0.63814 5
-0.75940 1.48167 -0.68794 0.84108 0.92824 0.84834 0.90593 0.92192 1.10758 0.97102 5
-0.75940 1.48167 -0.68794 0.25820 -0.02903 -0.46660 0.17182 0.44662 0.14055 -0.23226 5
1.31652 -0.67475 -0.68794 0.46637 0.42441 0.48972 0.07903 0.15378 0.36862 -0.17120 5
-0.75940 1.48167 -0.68794 1.17416 0.92824 0.84834 1.23730 1.27784 1.49986 0.94229 5
-0.75940 -0.67475 1.45328 0.05003 0.17250 -0.22752 -0.09736 0.14026 0.18160 -0.17120 5
-0.75940 -0.67475 1.45328 0.05003 0.12212 0.01156 -0.31045 -0.46570 0.04476 -0.22148 5
-0.75940 -0.67475 1.45328 0.25820 0.22288 0.25064 -0.09328 -0.06473 -0.04647 0.05869 5
-0.75940 -0.67475 1.45328 -0.49122 -0.48248 -0.82522 -0.76825 -0.62789 -0.19700 -0.97219 5
1.31652 -0.67475 -0.68794 -0.24141 -0.33133 0.37018 0.30029 0.40832 0.43705 0.06228 5
1.31652 -0.67475 -0.68794 -0.07488 -0.38171 -0.58614 -0.43688 -0.08050 -0.23349 -0.66688 5
-0.75940 -0.67475 1.45328 -0.07488 -0.18018 -0.46660 -0.53782 -0.56031 -0.41595 -0.42981 5
1.31652 -0.67475 -0.68794 0.05003 0.17250 -0.22752 -0.25845 -0.27873 -0.37489 -0.13528 5
-0.75940 -0.67475 1.45328 -1.57372 -1.54052 -1.30338 -1.32597 -1.29917 -1.27806 -1.32060 5
-0.75940 1.48167 -0.68794 0.38310 0.32365 1.20696 0.38593 0.39481 0.24090 0.18799 5
-0.75940 -0.67475 1.45328 -0.74103 -0.53286 -0.34706 -0.85900 -0.92749 -0.97244 -0.53038 5
-0.75940 1.48167 -0.68794 0.71618 0.92824 0.96788 1.24240 0.71693 1.75987 0.68727 5
1.31652 -0.67475 -0.68794 1.34069 1.02901 0.96788 1.27604 1.22603 1.18512 0.96025 5
-0.75940 -0.67475 1.45328 -0.07488 -0.12980 -0.34706 -0.50621 -0.55355 -0.66683 -0.35079 5
1.31652 -0.67475 -0.68794 0.63291 0.62595 -0.22752 0.37064 0.28668 0.35038 0.42506 5
-0.75940 1.48167 -0.68794 1.04925 0.87786 0.48972 0.98240 0.98049 1.37670 0.83453 5
1.31652 -0.67475 -0.68794 0.84108 0.72671 0.48972 0.84169 1.34316 0.74722 0.28497 5
-0.75940 1.48167 -0.68794 0.29983 0.32365 -0.10798 -0.05351 -0.04220 -0.17419 0.14489 6
1.31652 -0.67475 -0.68794 -0.19978 -0.28095 -0.34706 -0.51335 -0.40713 -0.49349 -0.61300 6
1.31652 -0.67475 -0.68794 -0.78266 -0.58325 -0.70568 -0.86205 -0.86441 -0.90858 -0.74590 6
1.31652 -0.67475 -0.68794 0.29983 0.32365 0.48972 0.07292 -0.13006 0.24546 0.15207 6
-0.75940 1.48167 -0.68794 0.34147 0.37403 0.37018 -0.00559 -0.08275 0.22722 0.06228 6
1.31652 -0.67475 -0.68794 0.21656 -0.02903 0.01156 -0.05351 -0.51976 -0.15594 0.11616 6
1.31652 -0.67475 -0.68794 0.05003 0.27326 0.37018 -0.26457 -0.32153 -0.19243 -0.24303 6
1.31652 -0.67475 -0.68794 0.38310 0.27326 0.13110 0.15652 0.14927 0.50091 0.25983 6
1.31652 -0.67475 -0.68794 -0.61612 -0.58325 -0.94476 -0.94056 -0.95902 -0.72156 -0.85365 6
-0.75940 1.48167 -0.68794 -0.19978 -0.12980 0.01156 -0.23092 -0.19313 -0.04191 0.00840 6
-0.75940 -0.67475 1.45328 -1.07410 -1.13746 -0.94476 -1.13633 -1.01534 -1.35104 -1.10509 6
-0.75940 1.48167 -0.68794 0.17493 0.07173 0.48972 -0.11673 -0.39361 -0.32016 0.27061 6
-0.75940 -0.67475 1.45328 1.29906 1.23054 1.08742 0.57252 0.35876 0.58757 0.72678 6
-0.75940 1.48167 -0.68794 -1.19901 -1.18784 -0.82522 -1.16590 -1.17302 -1.18227 -1.10509 6
1.31652 -0.67475 -0.68794 -1.44881 -1.54052 -1.78154 -1.32495 -1.30142 -1.29631 -1.28468 6
-0.75940 -0.67475 1.45328 0.71618 0.67633 0.25064 0.28092 0.24839 0.17704 0.76269 6
-0.75940 1.48167 -0.68794 -1.07410 -1.13746 -1.06430 -1.23217 -1.26763 -1.15490 -1.14100 6
1.31652 -0.67475 -0.68794 -0.11651 -0.18018 -0.34706 -0.35124 -0.43867 0.02651 -0.45855 6
-0.75940 1.48167 -0.68794 0.38310 0.57556 0.48972 0.13205 -0.20214 0.70161 0.17363 6
-0.75940 1.48167 -0.68794 0.17493 0.32365 -0.10798 0.18303 0.31371 0.19073 -0.00956 6
-0.75940 1.48167 -0.68794 0.63291 0.67633 0.37018 0.77746 1.32289 -0.10121 0.58669 6
1.31652 -0.67475 -0.68794 1.13252 1.12978 1.20696 1.48710 1.78243 1.07109 1.15780 6
-0.75940 1.48167 -0.68794 1.21579 1.78475 0.48972 0.97934 0.83407 1.03916 1.25119 6
1.31652 -0.67475 -0.68794 0.38310 0.42441 0.37018 0.74687 0.91516 0.69249 0.40351 6
-0.75940 1.48167 -0.68794 0.84108 0.72671 0.72880 1.06805 1.18998 0.88863 0.90637 6
-0.75940 1.48167 -0.68794 1.00762 1.07939 0.25064 0.78154 0.70116 0.22722 1.05005 6
1.31652 -0.67475 -0.68794 1.38233 0.97863 1.44604 2.12741 2.40415 2.01531 1.73250 6
-0.75940 1.48167 -0.68794 0.42474 0.42441 0.48972 0.48789 0.88588 0.30476 0.13411 6
1.31652 -0.67475 -0.68794 0.88272 0.92824 0.84834 0.88860 0.91967 1.14863 0.74474 6
1.31652 -0.67475 -0.68794 1.59050 1.28092 1.20696 1.72671 2.38613 1.20793 1.30148 6
-0.75940 1.48167 -0.68794 1.63214 1.43207 1.44604 2.38129 2.45146 2.63110 2.03063 6
-0.75940 -0.67475 1.45328 -0.03324 -0.07942 -0.22752 -0.50214 -0.56932 -0.40226 -0.42263 6
-0.75940 -0.67475 1.45328 0.05003 0.12212 0.37018 -0.03822 0.50969 -0.63490 -0.33642 6
-0.75940 -0.67475 1.45328 0.21656 0.27326 0.01156 -0.15343 -0.13907 -0.22893 -0.04548 6
-0.75940 -0.67475 1.45328 0.25820 0.22288 0.37018 -0.18198 -0.20664 -0.33840 0.29575 6
1.31652 -0.67475 -0.68794 0.38310 0.27326 0.72880 0.09025 0.10197 0.02195 0.22750 6
1.31652 -0.67475 -0.68794 0.42474 0.52518 0.37018 0.12900 0.37003 -0.04191 -0.13528 6
1.31652 -0.67475 -0.68794 0.46637 0.52518 0.37018 1.24546 1.40624 0.84301 0.40710 6
1.31652 -0.67475 -0.68794 0.63291 0.67633 0.72880 0.61738 0.66963 0.83389 0.50408 6
-0.75940 1.48167 -0.68794 0.63291 0.47480 0.13110 0.12390 0.26866 -0.08296 0.21673 6
1.31652 -0.67475 -0.68794 0.71618 0.72671 0.72880 0.62860 0.43761 0.99810 0.77706 6
-0.75940 1.48167 -0.68794 0.79945 0.92824 0.25064 0.94671 1.06609 1.21249 0.82735 6
-0.75940 -0.67475 1.45328 0.88272 0.67633 0.13110 0.47260 0.70792 0.35494 0.29575 6
-0.75940 1.48167 -0.68794 1.04925 1.02901 0.72880 1.50545 1.64502 1.53635 1.09315 6
-0.75940 1.48167 -0.68794 1.09089 1.12978 1.20696 1.27604 1.08411 1.87846 1.03568 6
-0.75940 1.48167 -0.68794 1.13252 0.87786 1.68512 1.46671 1.64276 1.56829 1.10392 6
-0.75940 1.48167 -0.68794 1.17416 1.23054 0.96788 1.35047 1.23954 1.47249 1.40923 6
-0.75940 1.48167 -0.68794 1.04925 1.38169 0.84834 1.41879 1.03906 1.32653 1.84026 6
1.31652 -0.67475 -0.68794 1.50723 1.53284 0.60926 1.72569 1.97165 2.08829 1.07160 6
-0.75940 -0.67475 1.45328 -0.07488 -0.58325 -0.82522 -0.72237 -0.65942 -0.52542 -0.79978 6
1.31652 -0.67475 -0.68794 0.13330 0.47480 0.01156 0.29213 0.26866 0.67880 0.21673 6
-0.75940 -0.67475 1.45328 0.29983 0.37403 0.25064 -0.01273 0.04114 0.05844 -0.02034 6
1.31652 -0.67475 -0.68794 0.29983 0.17250 -0.10798 0.04131 -0.14808 0.36862 0.18440 6
-0.75940 -0.67475 1.45328 0.42474 0.17250 -0.10798 -0.06575 0.02087 0.14055 0.00122 6
-0.75940 1.48167 -0.68794 0.42474 0.62595 0.37018 0.58578 0.67413 0.52371 0.72678 6
1.31652 -0.67475 -0.68794 0.46637 0.52518 0.37018 0.41754 0.49392 0.38231 0.40351 6
1.31652 -0.67475 -0.68794 0.54964 0.82748 0.60926 0.77134 0.89940 0.49634 0.50408 6
-0.75940 -0.67475 1.45328 0.54964 0.42441 0.13110 0.39409 0.30921 0.79740 0.18799 6
-0.75940 1.48167 -0.68794 0.71618 0.57556 0.48972 0.49707 0.55925 0.64687 0.29575 6
1.31652 -0.67475 -0.68794 0.75781 0.62595 0.48972 0.38491 0.51194 0.53740 0.29575 6
1.31652 -0.67475 -0.68794 1.63214 1.63361 1.44604 2.03666 2.52129 1.69144 1.76842 6
-0.75940 -0.67475 1.45328 -0.49122 -0.83516 0.01156 -0.13712 0.01186 -0.24717 -0.21430 6
-0.75940 1.48167 -0.68794 0.17493 0.07173 1.44604 1.07926 0.93544 1.25354 1.17935 6
-0.75940 1.48167 -0.68794 0.46637 0.22288 0.72880 1.32804 1.32514 1.30828 1.26915 6
1.31652 -0.67475 -0.68794 0.67454 0.67633 0.25064 0.65511 0.97148 0.46898 0.41787 6
1.31652 -0.67475 -0.68794 0.79945 0.62595 0.13110 0.52562 0.68314 0.82933 0.12693 6
-0.75940 1.48167 -0.68794 0.92435 0.67633 0.25064 0.72546 0.78226 1.15319 0.37477 6
1.31652 -0.67475 -0.68794 1.04925 0.77709 0.48972 1.85722 0.95571 0.89319 0.49330 6
1.31652 -0.67475 -0.68794 0.42474 0.27326 -0.10798 0.33291 0.32723 0.38231 0.00122 6
1.31652 -0.67475 -0.68794 0.63291 0.67633 0.25064 0.32884 0.11999 0.35494 0.51485 6
-0.75940 1.48167 -0.68794 0.71618 0.52518 0.13110 0.59087 0.53447 1.03916 0.42865 6
1.31652 -0.67475 -0.68794 0.75781 0.87786 1.44604 0.79581 0.92192 0.42336 1.07519 6
1.31652 -0.67475 -0.68794 0.84108 0.97863 1.08742 0.66836 0.72369 0.54652 0.82376 6
1.31652 -0.67475 -0.68794 0.92435 1.07939 0.60926 0.81620 0.65836 1.06653 0.82376 6
1.31652 -0.67475 -0.68794 -0.44959 -0.43210 -0.10798 -0.62551 -0.54003 -0.25630 -0.67406 6
-0.75940 -0.67475 1.45328 -0.44959 -0.33133 -0.82522 -0.79068 -0.86666 -0.85841 -0.67406 6
-0.75940 1.48167 -0.68794 0.21656 0.62595 0.25064 0.18711 0.09746 0.57389 0.20595 6
-0.75940 1.48167 -0.68794 0.63291 0.62595 1.20696 0.62350 0.59754 0.71986 0.70882 6
-0.75940 1.48167 -0.68794 1.17416 1.18016 1.68512 1.66247 2.06626 1.44969 1.35536 6
-0.75940 1.48167 -0.68794 -0.03324 0.02135 -0.34706 -0.26559 -0.29224 -0.16507 -0.17120 6
-0.75940 1.48167 -0.68794 0.54964 0.47480 0.84834 0.27990 0.14251 0.59213 0.51126 6
1.31652 -0.67475 -0.68794 -0.44959 -0.38171 -0.82522 -0.73868 -0.70673 -0.72156 -0.60222 6
1.31652 -0.67475 -0.68794 -0.65776 -0.53286 -0.70568 -0.78966 -0.80584 -0.70332 -0.63455 6
1.31652 -0.67475 -0.68794 0.21656 0.32365 -0.10798 0.10249 0.03889 0.26371 0.18799 6
1.31652 -0.67475 -0.68794 0.59127 0.57556 -0.34706 -0.06065 -0.15709 0.17704 -0.06344 6
-0.75940 1.48167 -0.68794 -0.57449 -0.58325 0.01156 -0.52253 -0.73376 -0.43875 -0.45855 6
-0.75940 1.48167 -0.68794 -1.19901 -0.83516 -0.70568 -1.05680 -1.07841 -0.97244 -0.96141 6
-0.75940 1.48167 -0.68794 -0.03324 0.07173 0.13110 -0.04943 -0.12104 -0.07384 0.33167 6
-0.75940 -0.67475 1.45328 -1.03247 -0.98631 -0.94476 -1.10370 -1.10319 -1.06823 -1.03325 6
1.31652 -0.67475 -0.68794 -1.53208 -1.33899 -1.18384 -1.26887 -1.29241 -1.25525 -1.21284 6
-0.75940 1.48167 -0.68794 -1.36554 -1.43976 -1.18384 -1.24848 -1.18654 -1.30999 -1.18770 6
1.31652 -0.67475 -0.68794 -1.94843 -1.84282 -1.42292 -1.42589 -1.37801 -1.41034 -1.39244 6
-0.75940 1.48167 -0.68794 0.05003 -0.23057 -0.34706 -0.32473 -0.31702 -0.26998 -0.42263 6
1.31652 -0.67475 -0.68794 -1.44881 -1.49014 -1.18384 -1.28621 -1.29241 -1.13666 -1.28468 6
-0.75940 1.48167 -0.68794 1.71540 1.63361 0.60926 2.42207 3.19482 2.16584 1.40923 6
-0.75940 1.48167 -0.68794 0.75781 0.92824 0.60926 1.01605 1.08411 1.10302 0.83453 6
-0.75940 1.48167 -0.68794 1.50723 1.53284 1.56558 3.16536 2.84792 2.91847 2.76697 6
1.31652 -0.67475 -0.68794 0.84108 0.72671 0.13110 0.52256 0.47365 0.58301 0.63339 6
-0.75940 -0.67475 1.45328 0.21656 0.17250 0.13110 0.12492 0.32948 -0.08752 -0.02034 6
-0.75940 1.48167 -0.68794 0.88272 0.67633 0.37018 0.35025 0.41733 0.65143 0.18799 6
1.31652 -0.67475 -0.68794 0.88272 1.18016 1.32650 0.98852 0.60430 0.69249 1.62475 7
1.31652 -0.67475 -0.68794 1.63214 1.43207 1.56558 2.72489 3.36152 3.14199 1.18654 7
1.31652 -0.67475 -0.68794 0.63291 0.42441 0.48972 0.63879 0.80929 0.40512 0.48971 7
1.31652 -0.67475 -0.68794 0.88272 0.77709 0.48972 0.84475 1.18773 0.86126 0.43943 7
1.31652 -0.67475 -0.68794 0.05003 -0.02903 0.25064 0.00562 -0.03319 0.05844 0.09820 7
-0.75940 -0.67475 1.45328 0.67454 0.72671 0.37018 0.34821 0.29569 0.16336 0.43943 7
-0.75940 1.48167 -0.68794 0.09166 -0.07942 0.25064 0.80601 1.16521 0.86126 0.34963 7
-0.75940 -0.67475 1.45328 0.21656 -0.02903 0.25064 -0.31249 -0.26071 -0.31103 -0.20711 7
-0.75940 1.48167 -0.68794 0.38310 0.62595 0.01156 0.08617 0.11548 0.27739 -0.05266 7
1.31652 -0.67475 -0.68794 1.13252 1.18016 1.44604 1.34640 1.11340 1.81460 1.30866 7
1.31652 -0.67475 -0.68794 -0.49122 -0.02903 -0.10798 -0.10449 0.34525 -0.08296 -0.67047 7
1.31652 -0.67475 -0.68794 0.50801 0.52518 0.25064 0.76930 0.99851 0.32301 0.60465 7
1.31652 -0.67475 -0.68794 -0.49122 -0.48248 -0.82522 -0.69484 -0.77205 -0.87665 -0.35079 7
-0.75940 1.48167 -0.68794 1.09089 0.97863 0.60926 1.09761 1.00977 1.55916 1.12907 7
1.31652 -0.67475 -0.68794 1.00762 0.97863 0.60926 0.97526 0.33399 0.74266 2.01985 7
-0.75940 1.48167 -0.68794 -0.15815 -0.02903 0.48972 -0.29618 -0.39812 -0.32472 -0.17120 7
-0.75940 1.48167 -0.68794 0.63291 0.72671 0.60926 0.62350 0.42409 0.81565 0.69086 7
-0.75940 1.48167 -0.68794 -1.03247 -0.73439 -0.58614 -0.80598 -0.67069 -0.54823 -0.85365 7
1.31652 -0.67475 -0.68794 -1.49045 -1.43976 -1.18384 -1.35758 -1.34197 -1.30999 -1.36729 7
1.31652 -0.67475 -0.68794 -1.61535 -1.74205 -1.18384 -1.35758 -1.34197 -1.33736 -1.32060 7
-0.75940 1.48167 -0.68794 -0.40795 -0.33133 -0.34706 -0.49092 -0.55130 -0.08296 -0.60222 7
1.31652 -0.67475 -0.68794 0.42474 0.27326 -0.22752 0.37064 0.03889 0.37775 0.58310 7
-0.75940 1.48167 -0.68794 0.59127 0.67633 0.60926 0.65103 0.38129 0.30476 0.94229 7
-0.75940 1.48167 -0.68794 0.71618 0.87786 0.84834 0.88656 0.76874 1.22618 0.76629 7
1.31652 -0.67475 -0.68794 0.92435 0.87786 0.37018 1.09048 1.00752 1.07565 0.40351 7
-0.75940 1.48167 -0.68794 1.59050 1.78475 2.16328 2.53627 2.28026 2.08829 2.34312 7
-0.75940 -0.67475 1.45328 0.46637 0.52518 0.01156 0.19935 0.24388 0.03564 0.22391 7
-0.75940 -0.67475 1.45328 0.46637 0.52518 0.01156 0.00155 0.14477 -0.14226 -0.00597 7
-0.75940 1.48167 -0.68794 0.59127 0.57556 0.13110 -0.06779 -0.07599 -0.00998 0.02636 7
1.31652 -0.67475 -0.68794 1.25743 1.07939 0.13110 0.88962 1.09537 1.08021 0.61902 7
-0.75940 1.48167 -0.68794 1.21579 1.18016 1.32650 1.20569 0.96247 1.70969 1.08956 7
-0.75940 -0.67475 1.45328 0.00839 -0.02903 -0.34706 -0.35022 -0.27422 -0.27454 -0.50883 7
-0.75940 1.48167 -0.68794 0.59127 0.52518 0.37018 0.44201 0.43761 0.54196 0.50049 7
-0.75940 1.48167 -0.68794 0.63291 0.92824 0.48972 0.59801 0.67639 0.68793 0.50408 7
1.31652 -0.67475 -0.68794 0.71618 0.42441 1.20696 0.51338 0.71017 0.62863 0.39273 7
1.31652 -0.67475 -0.68794 0.79945 1.18016 0.37018 0.52256 0.42634 0.14511 0.79861 7
1.31652 -0.67475 -0.68794 0.79945 0.72671 0.60926 0.52358 0.54799 0.70161 0.47534 7
-0.75940 1.48167 -0.68794 1.13252 1.23054 0.72880 1.22812 1.18323 1.17144 1.14343 7
1.31652 -0.67475 -0.68794 0.84108 0.72671 0.96788 0.80397 0.92643 1.06653 0.70882 7
-0.75940 1.48167 -0.68794 1.04925 0.97863 0.84834 0.77236 0.68089 0.74266 1.08596 7
1.31652 -0.67475 -0.68794 1.21579 1.12978 0.84834 1.31887 1.20801 1.81004 0.97102 7
-0.75940 1.48167 -0.68794 1.42396 1.28092 0.84834 1.08538 0.84308 0.92056 1.62475 7
1.31652 -0.67475 -0.68794 0.38310 0.32365 0.13110 0.10758 0.00510 0.13599 0.24906 7
1.31652 -0.67475 -0.68794 0.59127 0.52518 0.37018 0.41040 0.30695 0.24090 0.65853 7
-0.75940 1.48167 -0.68794 0.34147 0.47480 -0.22752 0.46750 0.35876 0.76547 0.43943 7
-0.75940 -0.67475 1.45328 0.00839 -0.07942 0.01156 -0.27171 -0.53553 -0.18787 0.10179 7
1.31652 -0.67475 -0.68794 1.42396 1.43207 1.56558 2.74121 3.48541 2.60830 1.84744 7
1.31652 -0.67475 -0.68794 0.63291 0.57556 0.37018 0.88350 1.19449 0.59213 0.65494 7
1.31652 -0.67475 -0.68794 1.46560 1.93590 2.16328 2.39454 2.03247 2.04268 2.41855 7
1.31652 -0.67475 -0.68794 0.84108 0.72671 0.84834 0.48178 0.57276 0.71529 0.33167 7
1.31652 -0.67475 -0.68794 0.84108 0.92824 0.84834 0.46444 0.46013 0.70617 0.47534 7
1.31652 -0.67475 -0.68794 0.79945 0.57556 0.13110 0.16774 0.07043 0.30932 0.28138 7
-0.75940 1.48167 -0.68794 0.42474 0.72671 0.72880 0.55315 0.66062 0.61950 0.51126 7
-0.75940 -0.67475 1.45328 0.59127 0.67633 0.37018 0.31660 0.57276 0.03108 0.26342 7
-0.75940 -0.67475 1.45328 0.50801 0.62595 0.72880 0.31864 0.04565 0.53740 0.54718 7
-0.75940 1.48167 -0.68794 1.00762 1.28092 1.20696 0.83762 0.48942 0.52827 1.33021 7
1.31652 -0.67475 -0.68794 1.42396 1.23054 1.68512 1.38922 1.37245 2.08829 1.05005 7
1.31652 -0.67475 -0.68794 0.21656 0.22288 -0.22752 0.02194 -0.19763 0.13599 0.01199 7
-0.75940 1.48167 -0.68794 0.29983 0.32365 0.01156 0.20343 0.10422 0.06757 0.43943 7
1.31652 -0.67475 -0.68794 0.46637 0.67633 0.25064 0.28805 0.11548 0.32757 0.79861 7
-0.75940 1.48167 -0.68794 0.88272 0.72671 0.48972 0.75503 0.75297 1.40863 0.54718 7
-0.75940 1.48167 -0.68794 -0.44959 -0.58325 0.13110 -0.63468 -0.77656 -0.52086 -0.42263 7
-0.75940 1.48167 -0.68794 0.13330 0.67633 0.37018 0.20241 0.15603 0.12231 0.15207 7
1.31652 -0.67475 -0.68794 0.05003 0.12212 0.60926 0.13409 -0.18187 0.53284 0.04432 7
-0.75940 1.48167 -0.68794 -0.53285 -0.28095 -0.22752 -0.38692 -0.26747 -0.25630 -0.56630 7
-0.75940 1.48167 -0.68794 -0.07488 0.17250 -0.10798 -0.23806 -0.41839 -0.18331 0.08024 7
1.31652 -0.67475 -0.68794 0.88272 0.82748 1.20696 0.71119 0.60430 1.42232 0.33167 7
-0.75940 -0.67475 1.45328 -0.28305 -0.28095 -0.46660 -0.61123 -0.64365 -0.37945 -0.60222 7
1.31652 -0.67475 -0.68794 0.42474 0.62595 0.01156 0.01786 -0.04896 -0.06471 0.00840 7
-0.75940 1.48167 -0.68794 -0.03324 -0.02903 -0.46660 -0.41139 -0.42740 -0.35665 -0.41544 7
1.31652 -0.67475 -0.68794 0.13330 0.12212 -0.10798 -0.04332 -0.04896 -0.00998 -0.02752 7
-0.75940 1.48167 -0.68794 0.75781 1.18016 0.37018 0.42774 0.30470 0.46441 0.76269 7
1.31652 -0.67475 -0.68794 0.29983 0.27326 0.96788 0.12288 0.00285 0.21353 0.08024 7
-0.75940 -0.67475 1.45328 -0.03324 -0.02903 0.01156 -0.51233 -0.71799 -0.32472 -0.42981 7
-0.75940 -0.67475 1.45328 0.25820 0.17250 0.96788 0.09433 0.04565 0.18160 0.11616 7
-0.75940 1.48167 -0.68794 -0.94920 -0.88554 -0.58614 -0.90080 -0.87568 -0.73069 -1.00810 7
-0.75940 -0.67475 1.45328 0.46637 0.37403 0.25064 0.11778 0.10647 0.25915 0.11616 7
-0.75940 1.48167 -0.68794 0.84108 0.82748 0.84834 0.82436 0.88813 0.60582 0.90637 7
-0.75940 1.48167 -0.68794 -0.19978 -0.33133 -0.58614 -0.47767 -0.78557 -0.29735 -0.35079 7
1.31652 -0.67475 -0.68794 -0.49122 -0.48248 -1.42292 -0.69484 -0.75854 -0.50718 -0.60222 7
1.31652 -0.67475 -0.68794 0.00839 -0.07942 0.01156 -0.19626 -0.11429 -0.21068 -0.49447 7
-0.75940 1.48167 -0.68794 0.59127 0.62595 0.37018 0.59597 0.41508 -0.02366 -0.60222 7
1.31652 -0.67475 -0.68794 0.92435 0.82748 0.84834 1.11393 1.18773 0.82021 1.12188 7
-0.75940 1.48167 -0.68794 1.13252 0.97863 1.08742 1.42592 1.48958 1.11214 1.45234 7
-0.75940 1.48167 -0.68794 1.59050 1.18016 1.08742 1.49118 1.37921 1.84653 1.19372 7
1.31652 -0.67475 -0.68794 1.75704 1.78475 1.08742 2.64129 2.66996 3.37006 1.87618 7
1.31652 -0.67475 -0.68794 1.84031 1.58322 1.80466 2.24772 2.41767 2.53531 1.87618 7
-0.75940 1.48167 -0.68794 1.04925 0.97863 0.60926 0.67550 0.53672 0.85214 0.79143 7
-0.75940 1.48167 -0.68794 1.54887 1.43207 0.72880 1.60130 1.72836 1.49986 1.51699 7
-0.75940 1.48167 -0.68794 0.67454 0.77709 0.60926 0.25033 0.42409 0.11318 0.27061 7
1.31652 -0.67475 -0.68794 0.84108 0.62595 0.96788 0.62656 0.41283 1.31284 0.47534 7
1.31652 -0.67475 -0.68794 1.46560 1.48246 1.44604 2.09886 1.66979 1.69601 2.55864 7
-0.75940 1.48167 -0.68794 0.79945 1.33131 0.60926 0.63268 0.63133 0.57389 0.84890 7
1.31652 -0.67475 -0.68794 0.88272 0.82748 0.72880 0.70507 0.74847 0.84301 0.71959 7
1.31652 -0.67475 -0.68794 0.88272 0.87786 0.84834 0.89879 1.10664 0.82477 0.64057 7
1.31652 -0.67475 -0.68794 1.04925 1.18016 1.08742 1.34436 1.37695 1.42688 0.99976 7
-0.75940 1.48167 -0.68794 1.29906 1.02901 1.44604 1.58804 1.59771 1.44513 1.66426 7
1.31652 -0.67475 -0.68794 1.42396 1.23054 1.20696 1.82969 1.81622 2.33005 1.55291 7
-0.75940 1.48167 -0.68794 0.34147 0.37403 -0.34706 0.00358 -0.20664 -0.01910 -0.06344 7
-0.75940 1.48167 -0.68794 0.63291 0.62595 -0.10798 0.28805 0.47815 0.13599 0.18081 7
-0.75940 1.48167 -0.68794 0.63291 0.57556 0.48972 0.62044 0.48041 0.98442 0.42506 8
-0.75940 1.48167 -0.68794 0.79945 0.87786 0.72880 0.47566 0.05691 0.29564 0.72678 8
-0.75940 1.48167 -0.68794 0.92435 1.12978 0.60926 1.04358 0.66287 1.05284 1.24401 8
1.31652 -0.67475 -0.68794 1.00762 0.82748 0.84834 1.00177 1.32064 0.51915 0.71600 8
1.31652 -0.67475 -0.68794 1.38233 1.43207 0.96788 1.75933 1.37921 2.01987 1.87618 8
1.31652 -0.67475 -0.68794 1.63214 1.58322 1.20696 2.55360 3.25339 2.27987 1.89773 8
1.31652 -0.67475 -0.68794 0.17493 0.32365 0.01156 0.02194 -0.01517 0.09038 -0.00238 8
-0.75940 1.48167 -0.68794 -0.15815 -0.23057 -0.58614 -0.43382 -0.52427 -0.66683 -0.20711 8
1.31652 -0.67475 -0.68794 -0.49122 -0.58325 -0.46660 -0.62857 -0.71123 -0.16507 -0.38671 8
-0.75940 -0.67475 1.45328 -1.28227 -1.28861 -1.18384 -1.21484 -1.21132 -1.15034 -1.21284 8
1.31652 -0.67475 -0.68794 1.09089 1.83514 1.44604 1.46161 1.32740 1.78723 1.26556 8
-0.75940 1.48167 -0.68794 1.00762 0.92824 1.44604 1.22302 1.25982 1.13495 0.87045 8
-0.75940 1.48167 -0.68794 0.46637 0.47480 -0.46660 0.22688 0.17855 0.69705 0.18799 8
1.31652 -0.67475 -0.68794 -0.57449 -0.53286 -0.22752 -0.63978 -0.71799 -0.48437 -0.45855 8
1.31652 -0.67475 -0.68794 0.29983 0.47480 0.60926 0.06374 0.18982 -0.10121 0.04432 8
-0.75940 1.48167 -0.68794 0.17493 0.32365 0.84834 -0.11061 -0.27422 0.06301 0.18799 8
-0.75940 1.48167 -0.68794 0.59127 0.57556 0.25064 0.40123 0.23712 0.85670 0.36040 8
-0.75940 1.48167 -0.68794 0.88272 0.87786 1.44604 1.21691 1.34992 1.41776 1.01413 8
-0.75940 1.48167 -0.68794 0.92435 0.87786 0.96788 1.56459 1.16070 1.24442 0.94229 8
1.31652 -0.67475 -0.68794 0.88272 0.97863 0.25064 0.99463 1.23053 0.60126 0.94229 8
-0.75940 -0.67475 1.45328 0.34147 0.22288 0.25064 -0.01477 -0.12330 -0.11033 0.36759 8
1.31652 -0.67475 -0.68794 0.63291 0.87786 1.08742 0.58272 0.65836 0.75635 0.92074 8
-0.75940 1.48167 -0.68794 0.71618 0.42441 -0.22752 0.08923 0.13350 -0.08296 0.23828 8
1.31652 -0.67475 -0.68794 1.17416 1.07939 1.20696 1.65126 2.12483 1.61390 0.94947 8
-0.75940 1.48167 -0.68794 1.63214 1.58322 0.96788 1.81541 2.19466 2.06548 1.06800 8
-0.75940 1.48167 -0.68794 0.46637 0.32365 -0.34706 -0.08818 0.01637 0.13599 -0.31487 8
1.31652 -0.67475 -0.68794 0.84108 0.87786 0.84834 0.77236 0.77325 0.91600 0.81657 8
-0.75940 1.48167 -0.68794 0.92435 0.77709 1.20696 1.11699 1.23729 0.98442 1.20090 8
1.31652 -0.67475 -0.68794 0.92435 1.12978 0.84834 0.94467 1.08411 0.80652 0.92074 8
1.31652 -0.67475 -0.68794 0.96598 0.87786 0.60926 0.97526 1.43552 1.01635 0.19518 8
1.31652 -0.67475 -0.68794 1.46560 1.38169 1.08742 1.60028 1.75990 2.03355 0.93151 8
-0.75940 1.48167 -0.68794 0.71618 0.87786 0.48972 0.53072 0.49392 0.15880 1.04286 8
-0.75940 1.48167 -0.68794 0.84108 1.07939 0.37018 0.68264 0.57727 0.71529 0.83453 8
1.31652 -0.67475 -0.68794 0.88272 1.07939 0.84834 0.74789 0.59754 0.60582 0.94229 8
-0.75940 1.48167 -0.68794 0.92435 0.97863 0.60926 0.86107 0.98049 0.42336 1.03209 8
-0.75940 1.48167 -0.68794 1.42396 1.28092 1.44604 1.54318 1.38596 1.39951 1.66785 8
-0.75940 1.48167 -0.68794 1.92358 1.68399 1.44604 2.53729 2.94703 2.59917 1.73250 8
1.31652 -0.67475 -0.68794 0.17493 0.27326 0.13110 0.22382 0.04114 -0.51174 0.76269 8
1.31652 -0.67475 -0.68794 0.59127 0.47480 0.13110 0.23096 0.31822 0.01283 0.27420 8
-0.75940 1.48167 -0.68794 -0.15815 -0.02903 0.96788 -0.45422 -0.54229 -0.52086 -0.42263 8
1.31652 -0.67475 -0.68794 0.34147 0.32365 -0.58614 0.18303 0.20108 -0.01910 0.36759 8
1.31652 -0.67475 -0.68794 -0.61612 -0.73439 0.01156 -0.71523 -0.77881 -0.59840 -0.56630 8
1.31652 -0.67475 -0.68794 -0.19978 -0.07942 0.13110 -0.46135 -0.64591 -0.38858 -0.20711 8
-0.75940 1.48167 -0.68794 -0.24141 -0.33133 0.25064 -0.47257 -0.44092 -0.41595 -0.43699 8
-0.75940 -0.67475 1.45328 -0.65776 -0.63363 -0.22752 -0.85900 -1.00408 -1.05911 -0.42263 8
-0.75940 1.48167 -0.68794 0.88272 0.67633 0.25064 0.69997 0.79577 0.66968 0.55437 8
-0.75940 1.48167 -0.68794 0.84108 0.87786 0.48972 0.57660 0.40607 0.92968 0.76269 8
-0.75940 1.48167 -0.68794 1.17416 1.12978 0.60926 1.75322 1.66754 2.06548 1.34817 8
1.31652 -0.67475 -0.68794 1.63214 1.58322 1.44604 1.95408 1.61573 1.86478 2.08451 8
-0.75940 1.48167 -0.68794 0.75781 0.82748 1.20696 0.62350 0.49618 0.69705 0.78425 8
-0.75940 1.48167 -0.68794 1.46560 1.68399 1.44604 1.85110 1.87478 1.96969 1.59601 8
1.31652 -0.67475 -0.68794 1.54887 1.63361 1.32650 1.05887 2.42893 2.39847 1.54213 8
-0.75940 1.48167 -0.68794 1.63214 1.38169 1.08742 1.81439 1.95137 2.01075 1.64630 8
1.31652 -0.67475 -0.68794 0.88272 1.07939 0.72880 1.13432 1.24405 1.04828 1.01413 8
-0.75940 -0.67475 1.45328 0.05003 -0.12980 -0.34706 -0.41853 -0.27873 -0.66226 -0.31487 8
1.31652 -0.67475 -0.68794 0.67454 0.82748 0.60926 0.60311 0.59754 0.37775 0.83812 8
-0.75940 1.48167 -0.68794 1.25743 1.28092 1.08742 1.48608 1.55041 2.01987 1.15780 8
-0.75940 1.48167 -0.68794 1.04925 0.92824 0.72880 1.17408 1.50761 1.25354 0.60824 8
-0.75940 -0.67475 1.45328 0.05003 0.02135 0.25064 -0.44198 -0.52201 -0.25630 -0.35438 8
-0.75940 1.48167 -0.68794 0.79945 0.92824 0.84834 0.56742 0.58628 0.54196 0.74833 8
1.31652 -0.67475 -0.68794 0.79945 0.72671 0.37018 0.87024 0.75523 1.76443 0.56514 8
-0.75940 1.48167 -0.68794 1.25743 1.33131 1.68512 1.55847 1.47156 1.25354 1.51699 8
-0.75940 1.48167 -0.68794 -0.32468 -0.07942 0.37018 -0.19932 -0.55580 0.02195 0.11616 8
-0.75940 1.48167 -0.68794 1.29906 1.43207 1.20696 1.99486 2.08653 1.68688 1.98394 8
-0.75940 -0.67475 1.45328 -0.03324 0.02135 0.01156 -0.46747 -0.52877 -0.39314 -0.40826 8
-0.75940 1.48167 -0.68794 0.84108 0.82748 1.20696 1.77973 1.74413 2.09741 1.05364 8
-0.75940 -0.67475 1.45328 0.46637 0.17250 0.13110 0.00256 0.08845 -0.18331 0.13411 8
1.31652 -0.67475 -0.68794 1.21579 1.18016 1.44604 1.85925 1.17647 1.06196 3.00403 8
1.31652 -0.67475 -0.68794 2.04848 1.98629 0.84834 2.49141 1.98742 3.15111 0.83453 8
-0.75940 1.48167 -0.68794 0.50801 0.67633 0.60926 0.45731 0.44436 0.33213 0.43943 8
-0.75940 1.48167 -0.68794 -0.03324 0.02135 0.37018 -0.20747 -0.30801 0.02651 -0.02752 8
1.31652 -0.67475 -0.68794 0.71618 0.77709 0.84834 0.84781 0.83182 1.06196 0.76269 8
-0.75940 1.48167 -0.68794 -0.19978 -0.07942 0.13110 -0.40527 -0.56481 -0.31103 -0.06344 8
-0.75940 1.48167 -0.68794 -0.90756 -0.83516 -0.82522 -0.91507 -0.90045 -0.93139 -0.85365 8
-0.75940 1.48167 -0.68794 -0.15815 -0.33133 0.96788 -0.53170 -0.57157 -0.28366 -0.49447 8
1.31652 -0.67475 -0.68794 0.38310 0.52518 0.01156 0.25441 0.39255 0.23634 0.04432 8
-0.75940 1.48167 -0.68794 0.54964 0.57556 0.25064 0.34311 0.14702 0.59670 0.72678 8
-0.75940 1.48167 -0.68794 0.71618 0.87786 1.08742 0.57048 0.05015 1.21249 0.65494 8
-0.75940 1.48167 -0.68794 0.50801 0.57556 0.72880 0.33190 0.12224 0.39599 0.18799 8
-0.75940 1.48167 -0.68794 0.46637 0.32365 0.96788 0.05151 0.03213 -0.15594 0.04432 8
1.31652 -0.67475 -0.68794 0.29983 0.52518 2.28282 0.02194 -0.12104 -0.21524 0.47534 8
-0.75940 1.48167 -0.68794 0.34147 0.42441 0.48972 -0.06881 0.00510 -0.22893 -0.06344 8
-0.75940 -0.67475 1.45328 0.67454 0.87786 0.13110 0.45935 0.04340 0.40968 0.87045 8
-0.75940 1.48167 -0.68794 -0.19978 -0.23057 -0.58614 -0.30637 -0.29224 -0.38858 -0.31487 8
-0.75940 1.48167 -0.68794 -0.36632 -0.33133 -0.82522 -0.61939 -0.63464 -0.55735 -0.60222 8
-0.75940 1.48167 -0.68794 -0.03324 -0.02903 -0.34706 -0.37775 -0.53102 -0.06471 -0.20711 8
1.31652 -0.67475 -0.68794 -0.15815 -0.02903 0.01156 0.09433 -0.41839 -0.06015 0.33167 8
-0.75940 1.48167 -0.68794 0.59127 0.57556 0.01156 0.57966 0.71243 0.57845 0.47534 8
-0.75940 1.48167 -0.68794 1.25743 1.58322 1.32650 2.05706 1.82523 1.65039 2.25692 8
-0.75940 1.48167 -0.68794 1.71540 1.68399 1.08742 2.14270 2.57535 1.81916 1.75046 8
1.31652 -0.67475 -0.68794 0.79945 0.87786 0.96788 0.87024 0.97824 0.66968 0.83453 8
-0.75940 1.48167 -0.68794 1.50723 1.63361 0.96788 1.43918 2.70600 2.17952 1.37332 8
-0.75940 1.48167 -0.68794 1.29906 0.92824 1.08742 1.86027 1.83424 1.32197 1.64989 8
-0.75940 -0.67475 1.45328 0.21656 0.12212 -0.10798 -0.02598 0.18081 -0.29279 -0.06344 8
-0.75940 1.48167 -0.68794 0.79945 1.07939 0.37018 1.01299 1.39272 0.72898 0.69086 8
1.31652 -0.67475 -0.68794 0.79945 0.72671 0.25064 0.89166 1.21251 0.70161 0.50408 8
-0.75940 1.48167 -0.68794 1.54887 1.63361 1.32650 2.34866 2.85242 2.84549 1.73250 8
1.31652 -0.67475 -0.68794 1.88194 1.88552 1.56558 2.83807 3.26015 2.19320 2.81007 8
1.31652 -0.67475 -0.68794 2.04848 2.13743 1.32650 3.43963 3.40657 4.20480 2.89627 8
1.31652 -0.67475 -0.68794 0.79945 0.77709 0.37018 0.40938 0.29569 0.46441 0.69086 8
1.31652 -0.67475 -0.68794 1.29906 1.33131 1.20696 1.61965 1.60897 1.58197 1.67144 9
-0.75940 1.48167 -0.68794 1.63214 1.68399 1.80466 2.59235 2.23971 2.75426 2.60892 9
1.31652 -0.67475 -0.68794 -0.53285 -0.33133 -0.10798 -0.68362 -0.78106 -0.87665 -0.49447 9
-0.75940 1.48167 -0.68794 0.96598 1.02901 1.44604 1.14554 1.12916 1.37670 1.22964 9
-0.75940 1.48167 -0.68794 0.50801 0.47480 0.60926 0.34515 -0.06473 0.62863 0.54718 9
1.31652 -0.67475 -0.68794 -0.11651 -0.12980 0.13110 -0.42873 -0.64591 -0.38402 0.00840 9
1.31652 -0.67475 -0.68794 0.38310 0.42441 0.48972 0.06680 0.05917 0.33669 0.11616 9
1.31652 -0.67475 -0.68794 0.00839 0.17250 -0.46660 -0.25845 -0.11654 -0.31103 -0.13528 9
-0.75940 1.48167 -0.68794 0.88272 0.97863 0.60926 0.48178 0.45112 0.32301 0.54718 9
-0.75940 1.48167 -0.68794 -0.99083 -0.83516 -0.70568 -0.96096 -0.96578 -0.98613 -0.92549 9
-0.75940 1.48167 -0.68794 -0.61612 -0.63363 -0.58614 -0.67853 -0.76079 -0.58016 -0.70998 9
-0.75940 1.48167 -0.68794 0.50801 0.07173 0.37018 -0.26559 -0.26747 -0.31559 -0.31487 9
-0.75940 -0.67475 1.45328 0.84108 0.22288 0.84834 1.18734 0.95796 1.06196 1.12188 9
-0.75940 1.48167 -0.68794 -0.15815 -0.28095 0.13110 -0.36245 -0.29675 0.08581 -0.49447 9
1.31652 -0.67475 -0.68794 -0.61612 -0.48248 0.48972 -0.53374 -0.83513 -0.51174 -0.09936 9
1.31652 -0.67475 -0.68794 -0.15815 -0.07942 0.37018 0.02602 -0.39587 -0.02822 0.33167 9
-0.75940 1.48167 -0.68794 1.79867 1.68399 1.92420 2.41290 2.39739 3.15567 1.66785 9
1.31652 -0.67475 -0.68794 1.75704 1.83514 1.56558 2.56584 2.47624 2.67672 2.77415 9
1.31652 -0.67475 -0.68794 0.63291 0.42441 0.25064 0.07700 0.04565 0.13599 0.11616 9
-0.75940 1.48167 -0.68794 0.71618 0.62595 0.48972 0.38389 0.30020 0.40968 0.58310 9
1.31652 -0.67475 -0.68794 -0.94920 -0.83516 -0.46660 -0.92629 -0.90721 -0.90858 -0.81773 9
-0.75940 1.48167 -0.68794 0.71618 0.72671 1.20696 0.95181 0.73045 1.29460 0.90637 9
-0.75940 1.48167 -0.68794 -0.11651 -0.12980 -0.46660 -0.43076 -0.43867 -0.53454 -0.32924 9
-0.75940 1.48167 -0.68794 -0.28305 -0.18018 -0.10798 -0.48684 -0.65041 -0.50718 -0.39030 9
1.31652 -0.67475 -0.68794 0.63291 0.67633 0.48972 0.68366 0.65386 0.75635 0.69086 9
-0.75940 1.48167 -0.68794 1.38233 1.18016 1.20696 1.35251 1.27558 1.91496 1.30148 9
1.31652 -0.67475 -0.68794 1.59050 1.12978 0.96788 1.57275 1.57068 1.56829 1.48107 9
1.31652 -0.67475 -0.68794 1.75704 1.48246 1.92420 3.06748 3.96522 1.67776 2.73464 9
-0.75940 1.48167 -0.68794 0.59127 0.42441 0.60926 0.51440 0.58853 0.65599 0.28857 9
1.31652 -0.67475 -0.68794 1.04925 1.02901 0.84834 0.66530 0.61331 0.19985 1.05005 9
-0.75940 1.48167 -0.68794 0.71618 0.82748 0.72880 0.62860 0.45563 0.92968 0.75551 9
-0.75940 1.48167 -0.68794 -0.61612 -0.48248 -0.70568 -0.77845 -0.70448 -0.89946 -0.78182 9
-0.75940 1.48167 -0.68794 0.29983 0.52518 0.96788 0.28805 -0.07824 0.14055 0.83453 9
-0.75940 -0.67475 1.45328 -0.19978 -0.28095 0.37018 -0.32880 -0.38235 -0.22437 -0.42263 9
-0.75940 1.48167 -0.68794 0.05003 -0.07942 0.60926 -0.11571 -0.33279 0.15424 -0.06344 9
-0.75940 1.48167 -0.68794 -0.07488 -0.12980 0.01156 -0.29108 -0.35307 -0.50261 -0.13528 9
-0.75940 1.48167 -0.68794 0.42474 0.42441 -0.46660 0.26460 0.39481 -0.10577 0.25983 9
-0.75940 1.48167 -0.68794 0.92435 0.92824 0.84834 1.32193 1.46255 1.09389 1.08596 9
-0.75940 1.48167 -0.68794 0.59127 0.87786 1.08742 0.93040 0.25514 0.39599 1.76842 9
1.31652 -0.67475 -0.68794 0.59127 0.57556 0.84834 0.58374 0.18982 0.66968 1.08596 9
-0.75940 1.48167 -0.68794 0.05003 0.27326 0.72880 -0.02700 -0.27422 -0.23349 0.25983 9
-0.75940 1.48167 -0.68794 0.00839 0.07173 0.72880 0.00766 -0.37784 -0.11033 0.51126 9
1.31652 -0.67475 -0.68794 1.34069 1.12978 0.25064 1.04867 0.46914 1.01635 1.15780 9
-0.75940 1.48167 -0.68794 -0.28305 -0.18018 -0.10798 -0.51029 -0.50850 -0.52542 -0.27895 9
1.31652 -0.67475 -0.68794 0.34147 0.27326 1.08742 0.31150 -0.13681 -0.40682 1.08596 9
-0.75940 1.48167 -0.68794 0.50801 0.57556 0.01156 0.16162 0.09746 -0.17419 0.54718 9
-0.75940 -0.67475 1.45328 0.75781 0.82748 0.37018 0.32578 0.24839 0.13143 0.76269 9
-0.75940 -0.67475 1.45328 -0.07488 -0.07942 -0.46660 -0.34614 -0.40037 -0.01454 -0.49447 9
-0.75940 1.48167 -0.68794 -0.99083 -0.98631 -0.46660 -1.05884 -0.99732 -1.11841 -1.03325 9
-0.75940 -0.67475 1.45328 -0.11651 -0.07942 0.25064 -0.17077 -0.32829 -0.11945 -0.02752 9
-0.75940 -0.67475 1.45328 0.79945 0.77709 0.96788 0.71323 0.48716 0.77459 1.08596 9
1.31652 -0.67475 -0.68794 -0.15815 -0.07942 -0.34706 -0.11979 -0.38686 -0.19700 0.11616 9
1.31652 -0.67475 -0.68794 0.29983 0.02135 0.60926 0.20648 -0.03995 0.51459 0.43943 9
-0.75940 1.48167 -0.68794 1.63214 1.68399 0.72880 2.25282 2.49426 1.90127 1.94802 9
1.31652 -0.67475 -0.68794 1.42396 1.38169 1.08742 1.51463 1.37470 1.85110 1.52058 9
1.31652 -0.67475 -0.68794 0.21656 0.22288 0.48972 0.20547 -0.19088 -0.06471 0.83453 9
1.31652 -0.67475 -0.68794 0.25820 0.22288 0.60926 -0.14528 -0.38686 -0.15594 0.25983 9
1.31652 -0.67475 -0.68794 0.63291 0.77709 0.84834 0.89471 0.63133 0.92056 1.01413 9
-0.75940 1.48167 -0.68794 0.79945 1.02901 0.25064 1.27910 0.99851 0.97530 0.58310 9
-0.75940 1.48167 -0.68794 1.63214 1.68399 1.80466 2.84928 2.41541 2.04724 2.73823 9
-0.75940 1.48167 -0.68794 0.29983 0.22288 -0.34706 -0.05351 -0.20890 -0.08296 0.17363 9
-0.75940 1.48167 -0.68794 1.00762 1.18016 1.44604 1.26483 1.08862 0.69249 1.91210 9
-0.75940 1.48167 -0.68794 -0.19978 -0.23057 -0.22752 -0.12387 -0.43641 -0.78086 0.22391 9
-0.75940 1.48167 -0.68794 1.25743 1.48246 1.56558 2.23549 1.59321 1.61846 1.54213 9
-0.75940 1.48167 -0.68794 1.38233 1.38169 1.56558 2.25180 1.91984 2.26619 1.86181 9
-0.75940 1.48167 -0.68794 1.13252 1.18016 0.48972 0.91409 0.62232 1.26267 1.11470 9
1.31652 -0.67475 -0.68794 1.63214 1.73437 1.20696 2.56889 2.86594 2.71321 2.09528 9
1.31652 -0.67475 -0.68794 0.09166 -0.02903 0.84834 0.90083 0.84984 1.33109 0.70522 9
1.31652 -0.67475 -0.68794 1.29906 1.33131 1.68512 1.95714 2.14059 2.07461 1.42360 9
1.31652 -0.67475 -0.68794 0.21656 0.12212 0.72880 0.03621 -0.10528 0.54652 0.04432 9
1.31652 -0.67475 -0.68794 0.00839 -0.02903 0.48972 -0.07492 -0.19538 -0.32016 0.29575 9
-0.75940 1.48167 -0.68794 -0.61612 -0.58325 -0.10798 -0.54802 -0.57833 -0.39770 -0.67406 9
-0.75940 -0.67475 1.45328 -0.24141 -0.28095 0.13110 -0.63978 -0.83062 -0.75349 -0.19275 9
-0.75940 -0.67475 1.45328 -0.28305 -0.23057 -0.58614 -0.29720 -0.14808 -0.17419 -0.53038 9
-0.75940 1.48167 -0.68794 0.67454 0.42441 0.60926 0.80295 -0.01067 0.19529 1.05005 9
-0.75940 1.48167 -0.68794 1.09089 1.12978 0.84834 1.31173 1.20801 0.81565 1.51699 9
1.31652 -0.67475 -0.68794 1.42396 1.73437 1.44604 2.18349 1.42201 2.71321 2.08810 9
-0.75940 1.48167 -0.68794 -0.19978 -0.07942 0.25064 -0.04128 -0.38911 -0.62577 0.40351 9
-0.75940 1.48167 -0.68794 -0.40795 -0.07942 -0.58614 -0.58676 -0.78106 -0.71244 -0.20711 9
-0.75940 1.48167 -0.68794 0.00839 0.07173 0.25064 -0.23092 -0.55805 -0.08752 0.22391 9
-0.75940 1.48167 -0.68794 0.05003 0.17250 -0.22752 -0.22786 -0.66618 -0.13314 0.11616 9
-0.75940 1.48167 -0.68794 -0.49122 -0.18018 -0.70568 -0.39406 -0.80134 -0.21524 -0.09936 9
1.31652 -0.67475 -0.68794 0.88272 1.23054 0.84834 1.19244 1.38596 1.03916 0.83812 9
-0.75940 1.48167 -0.68794 0.75781 0.67633 0.72880 0.55825 0.49618 0.50091 0.76269 9
1.31652 -0.67475 -0.68794 1.67377 1.63361 1.20696 3.50998 3.20383 2.75882 3.49253 9
1.31652 -0.67475 -0.68794 1.42396 1.43207 1.80466 2.29972 1.59095 3.28795 2.52272 9
1.31652 -0.67475 -0.68794 0.46637 0.42441 0.25064 0.20037 -0.37559 0.00827 0.87045 9
1.31652 -0.67475 -0.68794 0.63291 0.67633 1.20696 0.52766 0.19658 0.77459 0.61902 9
1.31652 -0.67475 -0.68794 0.42474 0.47480 0.13110 0.68570 0.99851 0.42792 0.43943 9
-0.75940 1.48167 -0.68794 0.79945 1.02901 1.56558 1.05785 0.53222 0.69249 1.73250 9
-0.75940 1.48167 -0.68794 0.67454 0.87786 0.72880 0.83558 0.75973 0.60126 1.08596 9
-0.75940 1.48167 -0.68794 -0.44959 -0.53286 -0.22752 -0.57555 -0.71574 -0.49805 -0.38671 9
1.31652 -0.67475 -0.68794 0.96598 1.02901 1.20696 1.59926 1.18097 1.64583 1.66067 9
-0.75940 1.48167 -0.68794 1.34069 1.33131 1.80466 1.78176 1.37245 1.68688 1.68581 9
1.31652 -0.67475 -0.68794 0.59127 0.47480 0.37018 0.43284 0.25514 0.27283 0.90637 9
1.31652 -0.67475 -0.68794 0.29983 0.12212 1.32650 -0.04128 -0.25620 -0.00998 0.33167 9
-0.75940 1.48167 -0.68794 0.46637 0.42441 2.28282 0.49401 -0.26747 0.23178 1.12188 9
1.31652 -0.67475 -0.68794 -0.24141 -0.18018 0.25064 0.04947 -0.13907 0.07669 0.22391 9
1.31652 -0.67475 -0.68794 1.04925 0.87786 0.96788 1.96631 1.98742 1.44513 2.09169 9
-0.75940 1.48167 -0.68794 -0.03324 0.02135 0.72880 0.08515 0.06367 0.35038 0.08024 9
-0.75940 1.48167 -0.68794 -0.32468 -0.43210 0.01156 -0.42669 -0.44993 -0.32928 -0.44418 10
-0.75940 1.48167 -0.68794 -0.49122 -0.28095 -0.10798 -0.50927 -0.68195 -0.64858 -0.13528 10
-0.75940 1.48167 -0.68794 0.21656 0.27326 0.72880 0.11268 -0.32378 -0.14682 0.29575 10
1.31652 -0.67475 -0.68794 -0.65776 -0.58325 0.01156 -0.48582 -0.70673 -0.20612 -0.35079 10
1.31652 -0.67475 -0.68794 0.50801 0.42441 0.25064 0.44507 0.32498 0.87038 0.54718 10
-0.75940 1.48167 -0.68794 0.38310 0.87786 0.48972 0.53582 0.41733 0.86126 0.54718 10
1.31652 -0.67475 -0.68794 1.17416 1.28092 0.37018 1.13024 1.06609 0.69249 1.76842 10
1.31652 -0.67475 -0.68794 0.54964 0.42441 -0.46660 -0.16363 -0.11203 -0.44788 -0.13528 10
-0.75940 -0.67475 1.45328 0.46637 0.12212 0.48972 -0.20543 -0.39136 0.08581 -0.35079 10
1.31652 -0.67475 -0.68794 0.21656 0.42441 0.84834 0.55009 0.07719 0.31389 1.15780 10
1.31652 -0.67475 -0.68794 0.67454 0.67633 0.96788 0.21974 0.15603 0.35038 0.40351 10
-0.75940 1.48167 -0.68794 1.29906 1.53284 0.60926 1.65228 1.10889 0.91144 1.58883 10
1.31652 -0.67475 -0.68794 0.34147 0.17250 -0.10798 -0.03516 -0.08275 -0.11945 0.11616 10
1.31652 -0.67475 -0.68794 0.54964 0.67633 0.13110 0.45731 0.37003 0.74266 0.61902 10
1.31652 -0.67475 -0.68794 0.29983 0.42441 0.48972 0.19017 0.32723 -0.02366 0.15207 10
-0.75940 1.48167 -0.68794 0.05003 0.07173 0.48972 -0.09328 -0.29675 -0.20612 0.04432 10
1.31652 -0.67475 -0.68794 0.29983 0.42441 0.84834 0.37166 0.10872 0.23634 0.94229 10
1.31652 -0.67475 -0.68794 0.54964 0.92824 0.60926 0.56232 0.43761 0.56477 0.72678 10
-0.75940 1.48167 -0.68794 0.96598 1.33131 0.84834 0.79989 0.67864 0.71529 1.08596 10
1.31652 -0.67475 -0.68794 -0.86593 -0.83516 -0.58614 -1.10166 -1.16852 -1.12753 -0.90035 10
-0.75940 -0.67475 1.45328 -0.49122 -0.48248 -0.82522 -0.67445 -0.65492 -0.58928 -0.70998 10
1.31652 -0.67475 -0.68794 0.34147 0.32365 1.08742 0.16366 -0.06923 0.47354 0.11616 10
1.31652 -0.67475 -0.68794 -0.03324 -0.07942 -0.46660 -0.01171 -0.27648 -0.00085 0.18799 10
1.31652 -0.67475 -0.68794 0.50801 -0.02903 0.25064 0.87228 0.34074 0.19529 0.61902 10
1.31652 -0.67475 -0.68794 1.13252 1.23054 0.72880 1.14554 1.04131 0.28652 1.53854 10
1.31652 -0.67475 -0.68794 1.00762 0.87786 1.08742 1.35557 0.75297 0.89319 1.55291 10
-0.75940 1.48167 -0.68794 0.71618 0.72671 0.84834 0.48687 0.14251 0.32301 1.30148 10
-0.75940 -0.67475 1.45328 0.79945 0.77709 0.72880 0.77338 0.54573 1.13039 0.65494 10
1.31652 -0.67475 -0.68794 0.96598 0.82748 0.01156 0.74483 0.38354 0.52371 0.97821 10
-0.75940 1.48167 -0.68794 0.71618 0.87786 1.20696 0.78358 0.47140 1.14407 0.90637 10
-0.75940 -0.67475 1.45328 1.13252 1.18016 0.96788 1.76341 1.09537 2.00618 1.30148 10
1.31652 -0.67475 -0.68794 -0.24141 -0.07942 -0.46660 -0.34308 -0.44542 -0.17875 -0.35079 10
-0.75940 1.48167 -0.68794 0.13330 0.67633 0.37018 0.79173 0.77100 1.15775 0.72678 10
-0.75940 1.48167 -0.68794 1.04925 1.38169 2.16328 1.88270 0.90615 0.99354 4.13907 10
1.31652 -0.67475 -0.68794 0.54964 0.92824 1.44604 0.73056 0.23712 0.82021 0.94229 10
-0.75940 1.48167 -0.68794 0.63291 0.72671 0.25064 0.40837 0.22135 0.82021 0.40351 10
1.31652 -0.67475 -0.68794 0.34147 0.47480 1.08742 0.19935 -0.02418 -0.21068 0.97821 10
-0.75940 1.48167 -0.68794 0.29983 0.37403 1.32650 0.31048 -0.24494 0.40055 0.69086 10
-0.75940 1.48167 -0.68794 0.09166 -0.02903 -0.34706 0.20037 -0.44768 -0.34752 0.76269 10
-0.75940 1.48167 -0.68794 0.21656 0.32365 0.37018 0.23911 -0.20890 0.01739 0.69086 10
-0.75940 -0.67475 1.45328 0.92435 0.92824 0.96788 0.99973 0.85209 1.01635 1.80434 10
1.31652 -0.67475 -0.68794 -0.11651 0.07173 0.01156 -0.02089 -0.25620 0.31845 -0.02752 10
1.31652 -0.67475 -0.68794 0.88272 1.02901 1.20696 1.36577 0.23938 1.15775 2.19945 10
1.31652 -0.67475 -0.68794 0.96598 1.18016 1.44604 1.11699 0.36327 1.15775 1.66067 10
1.31652 -0.67475 -0.68794 0.67454 0.77709 0.84834 0.64491 0.32948 0.81565 1.19372 10
-0.75940 1.48167 -0.68794 0.09166 0.17250 0.37018 -0.10653 -0.25846 -0.21980 0.08024 10
1.31652 -0.67475 -0.68794 0.13330 0.27326 0.96788 0.34107 0.10872 0.41424 0.61902 10
-0.75940 1.48167 -0.68794 1.38233 1.53284 1.80466 1.81541 1.44453 1.08021 1.66067 10
-0.75940 1.48167 -0.68794 1.17416 1.48246 1.32650 1.24342 0.99851 1.58197 0.87045 10
-0.75940 1.48167 -0.68794 1.29906 1.43207 1.68512 1.86741 1.07285 1.13495 2.77415 10
1.31652 -0.67475 -0.68794 0.05003 0.07173 0.84834 -0.18198 -0.44317 -0.37489 0.18440 10
-0.75940 1.48167 -0.68794 0.84108 0.77709 1.20696 0.70507 0.35651 0.45529 1.30148 10
-0.75940 1.48167 -0.68794 -0.03324 -0.02903 0.01156 -0.02292 -0.35982 0.02195 0.15207 10
1.31652 -0.67475 -0.68794 0.79945 0.87786 0.84834 1.99282 1.27784 1.34934 3.49253 10
-0.75940 1.48167 -0.68794 0.46637 0.47480 0.48972 0.18915 -0.21340 0.14055 0.43943 10
-0.75940 1.48167 -0.68794 1.17416 1.28092 1.20696 1.36067 0.98274 0.92056 1.69658 10
1.31652 -0.67475 -0.68794 0.50801 0.47480 -0.34706 0.40429 0.14251 0.28652 0.08024 10
-0.75940 -0.67475 1.45328 0.92435 0.97863 1.20696 1.02522 0.99626 0.65143 1.40923 10
-0.75940 1.48167 -0.68794 0.79945 0.77709 1.92420 1.39126 0.67639 0.94337 1.94802 10
1.31652 -0.67475 -0.68794 0.34147 0.42441 -0.58614 0.16264 0.17405 0.14967 0.36759 10
1.31652 -0.67475 -0.68794 1.00762 0.92824 1.20696 0.81620 0.74171 0.88863 1.12188 10
-0.75940 1.48167 -0.68794 -0.15815 0.02135 0.25064 -0.39610 -0.52427 -0.42963 -0.17120 10
-0.75940 -0.67475 1.45328 -0.32468 -0.28095 0.01156 -0.31759 -0.63915 -0.46156 -0.31487 10
-0.75940 -0.67475 1.45328 0.46637 0.82748 1.32650 0.99463 0.77100 0.66968 1.22964 10
1.31652 -0.67475 -0.68794 0.00839 0.17250 -0.46660 0.07700 -0.34631 -0.04191 0.36759 10
1.31652 -0.67475 -0.68794 0.75781 0.72671 1.20696 1.08334 0.77100 0.51915 1.66067 10
-0.75940 1.48167 -0.68794 0.63291 0.67633 0.96788 0.67958 0.68314 0.79284 0.58310 10
1.31652 -0.67475 -0.68794 1.46560 1.23054 1.20696 0.99871 0.84984 0.47810 1.30148 10
-0.75940 1.48167 -0.68794 1.13252 1.18016 1.56558 1.09659 0.63584 1.00723 1.22964 10
1.31652 -0.67475 -0.68794 0.92435 1.02901 0.37018 0.66734 0.30921 0.98898 0.54718 10
-0.75940 1.48167 -0.68794 1.09089 1.23054 1.20696 1.22201 0.60205 1.25354 2.34312 10
-0.75940 1.48167 -0.68794 1.00762 0.82748 1.20696 0.97424 0.53898 1.60478 0.76269 10
-0.75940 1.48167 -0.68794 0.21656 0.32365 0.25064 0.13409 -0.20214 -0.26998 0.58310 10
1.31652 -0.67475 -0.68794 1.46560 1.28092 0.48972 1.82867 1.21927 0.75635 2.16353 10
1.31652 -0.67475 -0.68794 0.29983 0.42441 1.08742 0.49197 0.09521 -0.05103 1.22964 10
-0.75940 1.48167 -0.68794 1.29906 1.73437 1.44604 1.95408 1.01653 2.48514 2.59456 10
-0.75940 1.48167 -0.68794 -0.15815 0.17250 0.01156 0.04335 -0.38010 -0.16507 0.33167 10
-0.75940 -0.67475 1.45328 -0.61612 -0.53286 -0.46660 -0.84982 -1.10319 -1.04086 -0.56630 10
1.31652 -0.67475 -0.68794 0.54964 0.67633 0.48972 0.23809 0.09971 0.03108 0.22391 10
1.31652 -0.67475 -0.68794 1.42396 1.63361 2.16328 2.15392 2.28476 2.32092 1.87618 10
1.31652 -0.67475 -0.68794 0.13330 0.02135 0.13110 0.32680 -0.35081 0.29564 0.83453 10
1.31652 -0.67475 -0.68794 0.17493 0.27326 0.60926 0.34005 -0.15709 0.78372 0.61902 10
1.31652 -0.67475 -0.68794 1.00762 1.07939 1.08742 1.28828 1.00977 1.23074 1.22964 10
-0.75940 1.48167 -0.68794 1.67377 1.68399 0.84834 2.64129 1.82748 2.47145 4.39050 10
1.31652 -0.67475 -0.68794 1.46560 1.73437 1.56558 2.65352 1.72160 2.82268 2.45088 10
-0.75940 1.48167 -0.68794 0.71618 0.77709 1.68512 1.05173 0.79127 0.36406 1.98394 10
-0.75940 -0.67475 1.45328 0.46637 0.37403 0.72880 0.71221 0.15378 0.32757 0.54718 10
1.31652 -0.67475 -0.68794 0.59127 0.67633 0.48972 0.99667 0.21910 0.48722 2.45088 10
-0.75940 1.48167 -0.68794 0.29983 0.47480 -0.34706 0.23299 -0.06923 -0.47068 0.97821 10
1.31652 -0.67475 -0.68794 1.75704 1.83514 2.04374 1.89086 1.25081 1.45881 2.45088 10
-0.75940 1.48167 -0.68794 0.84108 0.12212 0.60926 0.47056 -0.00616 -0.14226 1.48107 10
-0.75940 1.48167 -0.68794 1.29906 1.43207 1.44604 1.56459 0.74622 2.07004 2.48680 10
1.31652 -0.67475 -0.68794 1.21579 1.43207 0.72880 0.85291 0.50744 0.59213 1.15780 10
-0.75940 1.48167 -0.68794 1.17416 0.92824 0.84834 1.86231 1.06158 1.11214 3.49253 10
1.31652 -0.67475 -0.68794 0.88272 0.77709 0.84834 0.96099 0.33399 1.03916 1.58883 10
-0.75940 1.48167 -0.68794 -0.28305 -0.23057 0.25064 -0.08614 -0.53328 -0.37033 0.00840 10
-0.75940 1.48167 -0.68794 -0.61612 -0.28095 0.60926 -0.02496 -0.49273 0.09950 0.18799 10
1.31652 -0.67475 -0.68794 0.71618 0.82748 0.25064 0.55927 0.29569 0.19985 0.87045 10
1.31652 -0.67475 -0.68794 1.38233 1.33131 1.08742 1.61251 0.78226 1.57285 2.27129 10
-0.75940 1.48167 -0.68794 1.00762 0.82748 1.80466 1.17714 0.30245 0.43705 1.94802 10
