-0.75940 -0.67475 1.45328 -3.73871 -3.55584 -3.09647 -1.68589 -1.61454 -1.64298 -1.70493 1
-0.75940 -0.67475 1.45328 -3.11419 -3.10239 -2.73785 -1.65938 -1.59877 -1.61105 -1.67979 1
-0.75940 -0.67475 1.45328 -3.44727 -3.20316 -2.61831 -1.67366 -1.60778 -1.62929 -1.69415 1
1.31652 -0.67475 -0.68794 -2.61458 -2.59857 -2.14016 -1.61146 -1.54921 -1.56999 -1.64387 1
1.31652 -0.67475 -0.68794 -3.07256 -3.00163 -2.37924 -1.65836 -1.58976 -1.62017 -1.67979 1
-0.75940 -0.67475 1.45328 -2.36477 -2.34665 -1.78154 -1.55436 -1.47938 -1.52438 -1.59358 1
-0.75940 -0.67475 1.45328 -2.86438 -2.80010 -2.25970 -1.63389 -1.56273 -1.55631 -1.65105 1
-0.75940 -0.67475 1.45328 -2.61458 -2.59857 -2.14016 -1.60432 -1.54020 -1.53350 -1.60795 1
-0.75940 -0.67475 1.45328 -2.03169 -1.99397 -1.30338 -1.47279 -1.44334 -1.37841 -1.50019 1
-0.75940 -0.67475 1.45328 -2.98929 -3.00163 -2.85739 -1.65122 -1.58976 -1.62473 -1.67979 1
-0.75940 -0.67475 1.45328 -2.73948 -2.74971 -2.37924 -1.62369 -1.55822 -1.60192 -1.64746 1
-0.75940 -0.67475 1.45328 -2.69785 -2.54818 -2.37924 -1.60126 -1.54921 -1.56543 -1.66542 1
-0.75940 -0.67475 1.45328 -2.48967 -2.44742 -2.02062 -1.56966 -1.49740 -1.53350 -1.60795 1
-0.75940 -0.67475 1.45328 -2.36477 -2.29627 -2.02062 -1.57679 -1.51317 -1.52894 -1.58640 1
-0.75940 -0.67475 1.45328 -3.23909 -2.80010 -2.37924 -1.63083 -1.56273 -1.58824 -1.65824 1
-0.75940 -0.67475 1.45328 -2.53131 -2.49780 -2.14016 -1.59005 -1.52218 -1.55631 -1.60795 1
-0.75940 -0.67475 1.45328 -1.74025 -1.74205 -1.54246 -1.42793 -1.38927 -1.39210 -1.42476 1
1.31652 -0.67475 -0.68794 -2.98929 -2.85048 -2.37924 -1.64001 -1.57624 -1.60648 -1.65824 1
-0.75940 -0.67475 1.45328 -3.19746 -3.05201 -2.49877 -1.66040 -1.59652 -1.61561 -1.67979 1
-0.75940 -0.67475 1.45328 -3.03092 -2.90086 -2.85739 -1.65326 -1.58525 -1.60648 -1.67979 1
-0.75940 -0.67475 1.45328 -2.11496 -2.04435 -1.54246 -1.44934 -1.35323 -1.36473 -1.49660 1
-0.75940 -0.67475 1.45328 -2.36477 -2.34665 -2.25970 -1.54723 -1.47713 -1.43315 -1.57203 1
-0.75940 -0.67475 1.45328 -1.74025 -1.99397 -1.90108 -1.43507 -1.34873 -1.30543 -1.46427 1
-0.75940 -0.67475 1.45328 -2.90602 -2.85048 -2.14016 -1.64205 -1.58300 -1.61561 -1.65824 1
1.31652 -0.67475 -0.68794 -2.69785 -2.69933 -2.02062 -1.61860 -1.55372 -1.57455 -1.64387 1
-0.75940 -0.67475 1.45328 -2.23987 -2.19550 -1.54246 -1.51358 -1.46361 -1.46052 -1.53611 1
-0.75940 -0.67475 1.45328 -2.57294 -2.54818 -1.90108 -1.58291 -1.52443 -1.49701 -1.60795 1
-0.75940 -0.67475 1.45328 -1.90679 -1.79244 -1.42292 -1.35860 -1.32620 -1.19139 -1.43913 1
-0.75940 -0.67475 1.45328 -1.53208 -1.43976 -1.42292 -1.27907 -1.21357 -1.21420 -1.32060 1
-0.75940 -0.67475 1.45328 -2.28150 -2.19550 -1.78154 -1.51970 -1.44334 -1.51069 -1.53611 1
-0.75940 -0.67475 1.45328 -1.32391 -1.54052 -1.42292 -1.28519 -1.26538 -1.33280 -1.33497 1
-0.75940 -0.67475 1.45328 -1.15737 -1.08708 -1.18384 -1.18629 -1.06715 -1.24613 -1.23080 1
-0.75940 -0.67475 1.45328 -2.61458 -2.39703 -2.25970 -1.59311 -1.53344 -1.54719 -1.62232 1
-0.75940 -0.67475 1.45328 -1.99006 -1.99397 -2.02062 -1.48401 -1.43207 -1.49245 -1.47505 1
-0.75940 -0.67475 1.45328 -1.57372 -1.54052 -1.42292 -1.34738 -1.26313 -1.32367 -1.35652 1
-0.75940 -0.67475 1.45328 -2.61458 -2.59857 -2.02062 -1.59515 -1.54245 -1.53806 -1.60795 1
-0.75940 -0.67475 1.45328 -1.94843 -1.99397 -1.66200 -1.46260 -1.40279 -1.46052 -1.50019 1
-0.75940 -0.67475 1.45328 -2.11496 -2.14512 -1.78154 -1.47279 -1.40504 -1.44227 -1.51097 1
1.31652 -0.67475 -0.68794 -1.24064 -1.03669 -1.18384 -1.02825 -0.99056 -1.13209 -1.03325 1
-0.75940 1.48167 -0.68794 -1.28227 -1.33899 -1.30338 -1.19954 -1.15050 -1.15946 -1.21284 1
-0.75940 -0.67475 1.45328 -2.57294 -2.59857 -2.61831 -1.61146 -1.56723 -1.60192 -1.64387 1
-0.75940 1.48167 -0.68794 -1.94843 -1.84282 -1.54246 -1.40448 -1.38702 -1.43315 -1.42836 1
-0.75940 -0.67475 1.45328 -2.03169 -1.89320 -1.42292 -1.42181 -1.32170 -1.42859 -1.50019 1
-0.75940 -0.67475 1.45328 -1.36554 -1.49014 -1.42292 -1.32393 -1.28565 -1.36017 -1.28468 1
-0.75940 -0.67475 1.45328 -1.86516 -1.89320 -1.78154 -1.43813 -1.35323 -1.41034 -1.48942 1
-0.75940 -0.67475 1.45328 -2.86438 -2.74971 -1.42292 -1.62268 -1.55372 -1.58368 -1.64387 1
-0.75940 -0.67475 1.45328 -2.57294 -2.44742 -2.02062 -1.56966 -1.49965 -1.53350 -1.58281 1
-0.75940 -0.67475 1.45328 -1.86516 -1.79244 -1.54246 -1.38409 -1.34647 -1.26438 -1.39244 1
1.31652 -0.67475 -0.68794 -1.99006 -1.94359 -1.54246 -1.47381 -1.43207 -1.43771 -1.46427 1
-0.75940 -0.67475 1.45328 -1.99006 -2.04435 -1.66200 -1.47381 -1.44334 -1.38753 -1.47146 1
-0.75940 -0.67475 1.45328 -1.36554 -1.28861 -1.42292 -1.33209 -1.25412 -1.18683 -1.21284 1
-0.75940 -0.67475 1.45328 -1.24064 -1.33899 -1.18384 -1.20464 -1.13473 -1.15034 -1.21284 1
-0.75940 -0.67475 1.45328 -2.07333 -2.04435 -1.54246 -1.46464 -1.41631 -1.38753 -1.46427 1
-0.75940 -0.67475 1.45328 -1.61535 -1.54052 -1.06430 -1.33923 -1.32170 -1.41490 -1.28468 1
-0.75940 -0.67475 1.45328 -2.19823 -2.09474 -1.66200 -1.50236 -1.45235 -1.46508 -1.50019 1
1.31652 -0.67475 -0.68794 -1.61535 -1.94359 -1.54246 -1.45648 -1.41631 -1.40578 -1.46427 1
-0.75940 -0.67475 1.45328 -1.86516 -1.79244 -1.06430 -1.40754 -1.36675 -1.31455 -1.44991 1
-0.75940 -0.67475 1.45328 -0.82430 -0.68401 -0.94476 -0.91100 -0.88018 -0.77174 -0.99733 1
-0.75940 -0.67475 1.45328 -0.82430 -0.93593 -0.94476 -0.92119 -0.87793 -0.99069 -0.96141 1
-0.75940 -0.67475 1.45328 -0.69939 -0.63363 -0.22752 -0.77335 -0.67744 -0.88578 -0.75308 1
-0.75940 -0.67475 1.45328 -0.57449 -0.33133 -0.46660 -0.67649 -0.55805 -0.68507 -0.78541 1
-0.75940 -0.67475 1.45328 -0.94920 -0.83516 -0.94476 -1.02825 -1.02435 -0.99069 -0.95423 1
-0.75940 -0.67475 1.45328 -0.86593 -0.98631 -1.06430 -1.12103 -1.05363 -1.18227 -1.08353 1
1.31652 -0.67475 -0.68794 -0.19978 -0.18018 -0.34706 -0.62653 -0.49949 -0.58016 -0.77463 1
-0.75940 -0.67475 1.45328 -2.07333 -2.14512 -1.18384 -1.46056 -1.37351 -1.37841 -1.46068 1
-0.75940 -0.67475 1.45328 -1.49045 -1.54052 -1.06430 -1.29334 -1.20231 -1.30999 -1.32060 1
-0.75940 -0.67475 1.45328 -1.28227 -1.38937 -1.06430 -1.21688 -1.02210 -1.27350 -1.27390 1
-0.75940 -0.67475 1.45328 -1.03247 -1.18784 -0.70568 -1.01907 -0.77205 -1.23245 -1.12304 1
-0.75940 -0.67475 1.45328 -0.32468 -0.28095 -0.46660 -0.72645 -0.68420 -0.66683 -0.65969 1
-0.75940 -0.67475 1.45328 -1.40718 -1.38937 -1.54246 -1.32801 -1.26313 -1.36017 -1.32778 1
-0.75940 -0.67475 1.45328 -0.74103 -0.83516 -0.70568 -0.94158 -0.90045 -0.91771 -0.96141 1
-0.75940 -0.67475 1.45328 -1.24064 -1.64129 -0.94476 -0.88653 -0.87117 -0.81735 -0.90753 1
-0.75940 -0.67475 1.45328 -0.99083 -1.08708 -1.18384 -1.14142 -1.15500 -1.03630 -0.92549 1
-0.75940 -0.67475 1.45328 -1.94843 -1.99397 -1.78154 -1.49217 -1.45010 -1.44683 -1.50019 1
-0.75940 -0.67475 1.45328 -1.57372 -1.59091 -1.42292 -1.34432 -1.30593 -1.24613 -1.36011 1
-0.75940 -0.67475 1.45328 -1.78189 -1.84282 -2.14016 -1.39530 -1.31494 -1.29631 -1.39244 1
1.31652 -0.67475 -0.68794 -1.69862 -1.69167 -1.42292 -1.32291 -1.25862 -1.29631 -1.32060 1
-0.75940 -0.67475 1.45328 -1.69862 -1.74205 -1.42292 -1.38715 -1.33071 -1.36473 -1.39244 1
-0.75940 -0.67475 1.45328 -2.11496 -2.19550 -1.42292 -1.52479 -1.49965 -1.46964 -1.50019 1
-0.75940 -0.67475 1.45328 -1.65698 -1.38937 -0.94476 -1.31272 -1.25862 -1.25069 -1.24876 1
-0.75940 -0.67475 1.45328 -1.53208 -1.49014 -1.18384 -1.32495 -1.27664 -1.16859 -1.32060 1
-0.75940 -0.67475 1.45328 -2.94765 -2.85048 -2.02062 -1.64205 -1.57850 -1.59736 -1.65824 1
-0.75940 -0.67475 1.45328 -1.53208 -1.54052 -1.54246 -1.32291 -1.28340 -1.28262 -1.33856 1
-0.75940 -0.67475 1.45328 -0.82430 -0.98631 -0.82522 -0.94566 -0.90271 -0.89490 -0.96141 1
-0.75940 -0.67475 1.45328 -0.69939 -0.83516 -0.94476 -0.84064 -0.78557 -0.85841 -0.92549 1
-0.75940 1.48167 -0.68794 -0.53285 -0.58325 -0.58614 -0.75194 -0.70673 -0.63033 -0.87880 1
-0.75940 -0.67475 1.45328 -0.53285 -0.63363 -0.58614 -0.83045 -0.76530 -0.71700 -0.91831 1
-0.75940 -0.67475 1.45328 -1.49045 -1.54052 -1.06430 -1.31680 -1.28115 -1.29631 -1.28468 1
-0.75940 -0.67475 1.45328 -1.78189 -1.79244 -1.66200 -1.43609 -1.39153 -1.40578 -1.44272 1
-0.75940 -0.67475 1.45328 -0.69939 -0.68401 -0.46660 -0.67139 -0.28323 -0.78542 -0.86443 1
-0.75940 1.48167 -0.68794 -1.57372 -1.89320 -1.66200 -1.34331 -1.27664 -1.31455 -1.35652 1
-0.75940 -0.67475 1.45328 -1.78189 -1.74205 -1.18384 -1.43099 -1.40279 -1.36473 -1.42836 1
-0.75940 -0.67475 1.45328 -0.90756 -0.98631 -0.82522 -0.95688 -0.86666 -0.89034 -1.05839 1
-0.75940 -0.67475 1.45328 -1.32391 -1.38937 -0.82522 -1.25052 -1.20681 -1.21420 -1.26313 1
-0.75940 -0.67475 1.45328 -1.28227 -1.28861 -1.18384 -1.16691 -1.05363 -1.05911 -1.25235 1
-0.75940 -0.67475 1.45328 -1.40718 -1.43976 -1.30338 -1.19342 -1.06940 -1.16859 -1.28468 1
-0.75940 -0.67475 1.45328 -0.49122 -0.63363 -0.82522 -0.87123 -0.52877 -1.33280 -0.93268 1
-0.75940 -0.67475 1.45328 -1.61535 -1.79244 -1.30338 -1.34432 -1.26313 -1.41034 -1.35293 1
-0.75940 -0.67475 1.45328 -1.28227 -1.33899 -1.06430 -1.16590 -1.16176 -1.14578 -1.12304 1
-0.75940 -0.67475 1.45328 -1.19901 -1.33899 -1.06430 -1.19546 -1.14149 -1.20508 -0.20711 1
1.31652 -0.67475 -0.68794 -1.15737 -1.08708 -0.58614 -0.98950 -0.87793 -0.87209 -0.97937 2
1.31652 -0.67475 -0.68794 -1.19901 -1.38937 -1.06430 -1.24338 -1.24285 -1.17771 -1.21284 2
-0.75940 -0.67475 1.45328 -2.40640 -2.29627 -1.90108 -1.57170 -1.51993 -1.51526 -1.58640 2
-0.75940 -0.67475 1.45328 -1.90679 -1.89320 -1.66200 -1.41162 -1.35999 -1.37841 -1.46427 2
-0.75940 -0.67475 1.45328 -1.90679 -1.89320 -1.78154 -1.42589 -1.38477 -1.39210 -1.46427 2
-0.75940 -0.67475 1.45328 0.46637 0.27326 0.25064 0.12798 0.01637 0.10862 0.09101 2
-0.75940 -0.67475 1.45328 -1.74025 -1.79244 -3.33555 -1.41672 -1.35999 -1.38753 0.80221 2
-0.75940 -0.67475 1.45328 -1.03247 -1.08708 -0.58614 -1.04150 -1.01759 -0.98613 -1.04402 2
-0.75940 -0.67475 1.45328 -1.61535 -1.54052 -1.42292 -1.27193 -1.21582 -1.28718 -1.32060 2
-0.75940 -0.67475 1.45328 -1.11574 -1.13746 -1.06430 -1.27601 -1.22483 -1.23701 -1.17692 2
1.31652 -0.67475 -0.68794 -0.61612 -0.63363 -0.82522 -0.85084 -0.80810 -0.62121 -0.74590 2
-0.75940 1.48167 -0.68794 -1.82352 -1.79244 -1.42292 -1.37185 -1.31494 -1.33280 -1.37089 2
-0.75940 -0.67475 1.45328 -1.36554 -1.49014 -1.18384 -1.32597 -1.32845 -1.30999 -1.17692 2
-0.75940 -0.67475 1.45328 -0.99083 -1.08708 -0.46660 -1.02927 -1.04913 -1.00893 -0.92549 2
-0.75940 -0.67475 1.45328 -1.49045 -1.38937 -0.70568 -1.25460 -1.24961 -1.15034 -1.21284 2
-0.75940 -0.67475 1.45328 -0.69939 -0.63363 -0.46660 -0.94566 -0.87342 -0.89034 -0.92549 2
-0.75940 -0.67475 1.45328 -1.36554 -1.33899 -1.06430 -1.24746 -1.24060 -1.25069 -1.06917 2
1.31652 -0.67475 -0.68794 -1.94843 -1.79244 -1.54246 -1.45240 -1.42532 -1.41490 -1.42836 2
1.31652 -0.67475 -0.68794 -1.61535 -1.54052 -1.06430 -1.30762 -1.28791 -1.23701 -1.28468 2
1.31652 -0.67475 -0.68794 -1.78189 -1.84282 -1.42292 -1.41570 -1.37576 -1.42859 -1.35652 2
-0.75940 -0.67475 1.45328 -1.90679 -1.84282 -1.18384 -1.46464 -1.43658 -1.42403 -1.48583 2
-0.75940 -0.67475 1.45328 -1.28227 -1.28861 -1.06430 -1.10574 -0.94100 -1.01806 -1.14460 2
-0.75940 -0.67475 1.45328 -0.94920 -0.98631 -1.18384 -0.99868 -0.92073 -1.01350 -1.06917 2
-0.75940 -0.67475 1.45328 -0.11651 -0.33133 -0.94476 -0.51029 -0.54679 -0.52998 -0.45855 2
1.31652 -0.67475 -0.68794 0.05003 -0.02903 -0.34706 -0.36143 -0.39587 -0.18331 -0.37952 2
-0.75940 -0.67475 1.45328 -0.94920 -1.08708 -0.94476 -1.11492 -1.05363 -1.12753 -1.08713 2
-0.75940 -0.67475 1.45328 -0.86593 -0.88554 -0.70568 -0.95076 -0.83513 -1.06823 -0.96141 2
-0.75940 -0.67475 1.45328 -0.82430 -0.83516 -0.58614 -0.93852 -0.88919 -0.85841 -0.96500 2
1.31652 -0.67475 -0.68794 -0.78266 -0.73439 -0.46660 -0.88041 -0.72475 -0.85841 -0.97219 2
-0.75940 -0.67475 1.45328 -0.61612 -0.78478 -0.82522 -0.93241 -0.77881 -0.93139 -1.01529 2
-0.75940 -0.67475 1.45328 -0.40795 -0.58325 -0.94476 -0.76315 -0.64365 -0.63490 -0.88957 2
-0.75940 1.48167 -0.68794 -0.03324 0.52518 0.25064 0.38797 0.73721 0.16336 0.10897 2
-0.75940 -0.67475 1.45328 -1.32391 -1.38937 -1.30338 -1.29029 -1.24736 -1.30543 -1.28468 2
-0.75940 -0.67475 1.45328 -1.28227 -1.18784 -1.18384 -1.19139 -1.21807 -1.04999 -1.17692 2
-0.75940 -0.67475 1.45328 -1.24064 -1.38937 -1.30338 -1.24542 -1.19330 -1.29174 -1.21284 2
-0.75940 -0.67475 1.45328 -0.82430 -0.88554 -0.94476 -1.06699 -1.05138 -1.10016 -0.95423 2
-0.75940 -0.67475 1.45328 -0.82430 -0.98631 -1.18384 -1.07617 -0.99506 -1.05455 -1.14100 2
-0.75940 -0.67475 1.45328 -0.15815 -0.28095 -0.46660 -0.47869 -0.44993 -0.33840 -0.42263 2
-0.75940 -0.67475 1.45328 -1.24064 -1.28861 -1.30338 -1.04660 -0.77656 -1.22788 -1.23439 2
-0.75940 -0.67475 1.45328 -1.03247 -1.08708 -1.18384 -1.11593 -1.08517 -1.09104 -1.14100 2
-0.75940 -0.67475 1.45328 -1.24064 -1.28861 -1.42292 -1.24848 -1.19780 -0.80367 -1.21284 2
-0.75940 -0.67475 1.45328 -1.15737 -1.28861 -1.06430 -1.16590 -1.08292 -1.10929 -1.21284 2
-0.75940 -0.67475 1.45328 -1.11574 -1.23822 -0.94476 -1.11695 -1.04462 -1.08192 -1.16256 2
-0.75940 -0.67475 1.45328 -0.53285 -0.58325 -0.70568 -0.87429 -0.82612 -0.89034 -0.85006 2
-0.75940 -0.67475 1.45328 -0.53285 -0.53286 -0.70568 -0.82229 -0.71123 -0.90858 -0.78182 2
-0.75940 -0.67475 1.45328 -0.32468 -0.33133 -0.22752 -0.46135 -0.29675 -0.47524 -0.56630 2
-0.75940 -0.67475 1.45328 0.00839 -0.07942 0.01156 -0.35633 -0.24494 -0.18787 -0.50165 2
1.31652 -0.67475 -0.68794 0.00839 -0.28095 -0.34706 -0.36449 -0.25395 -0.23349 -0.57349 2
-0.75940 -0.67475 1.45328 -0.74103 -0.78478 -0.70568 -0.91507 -0.93650 -0.78542 -0.92549 2
-0.75940 -0.67475 1.45328 -0.74103 -0.63363 -0.46660 -1.03437 -1.03336 -1.13666 -0.86443 2
-0.75940 -0.67475 1.45328 -0.03324 -0.28095 -0.58614 -0.33492 -0.13907 -0.09664 -0.69202 2
1.31652 -0.67475 -0.68794 0.34147 0.07173 -0.34706 -0.32982 -0.25846 -0.23805 -0.38671 2
-0.75940 -0.67475 1.45328 -2.03169 -2.09474 -1.78154 -1.50746 -1.45685 -1.47876 -1.50019 2
-0.75940 -0.67475 1.45328 -1.24064 -1.33899 -1.30338 -1.24135 -1.12797 -1.19139 -1.28109 2
-0.75940 -0.67475 1.45328 -1.07410 -1.18784 -1.06430 -1.07821 -0.90721 -1.02718 -1.15537 2
1.31652 -0.67475 -0.68794 -0.90756 -1.08708 -0.94476 -1.00582 -0.92298 -1.02262 -1.03325 2
1.31652 -0.67475 -0.68794 -0.82430 -0.78478 -1.42292 -0.95382 -1.01534 -0.89490 -0.81773 2
-0.75940 1.48167 -0.68794 -1.24064 -1.18784 -1.42292 -1.11492 -0.98605 -0.98613 -1.14100 2
-0.75940 -0.67475 1.45328 -1.03247 -0.98631 -0.94476 -1.43099 -1.14149 -0.99981 -1.10509 2
-0.75940 -0.67475 1.45328 -1.69862 -1.69167 -1.54246 -1.33617 -1.27664 -1.32367 -1.35652 2
1.31652 -0.67475 -0.68794 -0.86593 -0.63363 -0.82522 -0.81311 -0.83062 -0.77174 -0.78182 2
-0.75940 -0.67475 1.45328 -1.61535 -1.49014 -1.42292 -1.30252 -1.27439 -1.29631 -1.24876 2
-0.75940 1.48167 -0.68794 -1.15737 -1.03669 -0.82522 -1.01397 -1.00408 -0.96788 -0.99733 2
-0.75940 -0.67475 1.45328 -0.90756 -0.83516 -0.94476 -0.90488 -0.86666 -0.91771 -0.81773 2
1.31652 -0.67475 -0.68794 -1.78189 -1.64129 -1.06430 -1.38409 -1.38252 -1.33736 -1.37089 2
-0.75940 -0.67475 1.45328 -1.11574 -1.13746 -0.94476 -1.12103 -1.09869 -1.10929 -1.14100 2
-0.75940 1.48167 -0.68794 -0.57449 -0.58325 -0.46660 -0.76111 -0.74277 -0.69419 -0.72794 2
-0.75940 -0.67475 1.45328 -0.49122 -0.53286 -0.70568 -0.72339 -0.58283 -0.73069 -0.85365 2
-0.75940 -0.67475 1.45328 -0.15815 -0.23057 -0.46660 -0.46543 -0.54229 -0.35209 -0.38671 2
1.31652 -0.67475 -0.68794 0.00839 0.07173 -0.10798 -0.06983 0.15603 0.07669 -0.26458 2
-0.75940 -0.67475 1.45328 -0.78266 -0.88554 -0.94476 -0.98339 -0.88243 -0.91771 -1.06917 2
-0.75940 -0.67475 1.45328 -0.69939 -0.68401 -0.94476 -0.86002 -0.67744 -0.97700 -0.97578 2
1.31652 -0.67475 -0.68794 0.17493 0.12212 0.13110 -0.10347 0.06818 -0.23805 -0.24303 2
1.31652 -0.67475 -0.68794 0.75781 0.42441 0.25064 0.75299 1.56617 0.26371 0.08383 2
-0.75940 -0.67475 1.45328 -1.03247 -1.03669 -0.94476 -0.99358 -0.82612 -1.07736 -1.09431 2
-0.75940 -0.67475 1.45328 -1.61535 -1.84282 -1.54246 -1.30864 -1.19330 -1.28718 -1.41040 2
-0.75940 -0.67475 1.45328 -1.57372 -1.49014 -1.18384 -1.28927 -1.22483 -1.27350 -1.31341 2
-0.75940 -0.67475 1.45328 -1.24064 -1.28861 -1.30338 -1.25256 -1.23384 -1.20508 -1.19847 2
-0.75940 -0.67475 1.45328 -0.65776 -0.98631 -1.18384 -1.00480 -0.91848 -0.82648 -1.10149 2
-0.75940 -0.67475 1.45328 -0.07488 -0.23057 -0.34706 -0.52355 -0.55130 -0.33840 -0.53038 2
-0.75940 -0.67475 1.45328 -0.82430 -0.83516 -0.82522 -0.87939 -0.80134 -0.90858 -0.87161 2
1.31652 -0.67475 -0.68794 0.21656 -0.02903 0.25064 0.19323 0.23712 0.30020 0.00840 2
-0.75940 1.48167 -0.68794 -0.74103 -0.58325 -0.82522 -0.83453 -0.74502 -0.73069 -0.78182 2
1.31652 -0.67475 -0.68794 -2.15660 -2.09474 -1.78154 -1.51868 -1.46586 -1.55175 -1.50019 2
-0.75940 1.48167 -0.68794 -1.82352 -1.84282 -1.66200 -1.38715 -1.35549 -1.34192 -1.39244 2
-0.75940 -0.67475 1.45328 -1.53208 -1.59091 -1.54246 -1.33005 -1.26538 -1.27806 -1.35652 2
-0.75940 1.48167 -0.68794 -0.28305 -0.38171 -0.82522 -0.61633 -0.49723 -0.73069 -0.65251 2
1.31652 -0.67475 -0.68794 -0.03324 -0.12980 -0.34706 -0.03516 0.19883 -0.13314 -0.27895 2
-0.75940 1.48167 -0.68794 0.00839 0.32365 -0.34706 -0.23908 -0.17511 -0.19700 -0.34001 2
-0.75940 -0.67475 1.45328 -0.44959 -0.53286 -0.58614 -0.84268 -0.86666 -0.88121 -0.71716 2
-0.75940 -0.67475 1.45328 -1.19901 -1.23822 -1.18384 -1.21993 -1.16626 -1.29174 -1.15896 2
-0.75940 -0.67475 1.45328 -0.86593 -0.83516 -0.70568 -1.02723 -1.05814 -0.95876 -0.97937 2
-0.75940 -0.67475 1.45328 -1.19901 -1.28861 -1.06430 -1.10166 -0.87568 -1.25069 -1.23439 2
-0.75940 -0.67475 1.45328 -1.69862 -1.79244 -1.90108 -1.42691 -1.34197 -1.39666 -1.46068 2
-0.75940 -0.67475 1.45328 -1.40718 -1.38937 -0.94476 -1.23013 -1.12346 -1.26438 -1.25594 2
1.31652 -0.67475 -0.68794 0.79945 0.52518 0.72880 0.60821 0.79127 0.75635 0.41069 2
-0.75940 -0.67475 1.45328 -1.61535 -1.49014 -1.30338 -1.28927 -1.20681 -1.25981 -1.32060 2
-0.75940 -0.67475 1.45328 -1.32391 -1.28861 -1.18384 -1.29029 -1.22934 -1.31911 -1.28109 2
-0.75940 -0.67475 1.45328 -0.36632 -0.73439 -0.34706 -0.62143 -0.51075 -0.64858 -0.67406 2
-0.75940 -0.67475 1.45328 -0.86593 -1.03669 -0.94476 -0.99358 -0.87793 -0.94051 -1.09790 2
-0.75940 -0.67475 1.45328 -1.11574 -0.98631 -1.30338 -0.98848 -0.80359 -1.01350 -1.14819 3
-0.75940 -0.67475 1.45328 -0.82430 -1.08708 -1.06430 -0.97319 -0.98380 -0.94051 -0.85365 3
-0.75940 1.48167 -0.68794 -0.19978 -0.07942 0.01156 -0.34104 -0.46344 -0.04647 -0.13528 3
1.31652 -0.67475 -0.68794 -0.03324 -0.07942 -0.46660 -0.50723 -0.56481 -0.44788 -0.38671 3
1.31652 -0.67475 -0.68794 -0.40795 -0.53286 -0.46660 -0.71115 -0.56481 -0.72156 -0.74590 3
1.31652 -0.67475 -0.68794 -0.86593 -0.73439 -0.58614 -0.93751 -0.84864 -0.99981 -0.85365 3
-0.75940 -0.67475 1.45328 -0.61612 -0.53286 -0.70568 -0.75500 -0.74502 -1.03630 -0.70998 3
-0.75940 1.48167 -0.68794 -0.53285 0.17250 0.37018 -0.16873 -0.26521 -0.26086 0.00840 3
-0.75940 -0.67475 1.45328 -1.94843 -1.84282 -1.66200 -1.48401 -1.45685 -1.43315 -1.46427 3
-0.75940 1.48167 -0.68794 -0.69939 -0.68401 -0.82522 -0.94770 -0.95226 -0.91314 -0.87161 3
-0.75940 1.48167 -0.68794 -1.19901 -1.03669 -1.06430 -1.11593 -1.05363 -1.16859 -1.06917 3
1.31652 -0.67475 -0.68794 -1.40718 -1.43976 -1.18384 -1.34738 -1.39378 -1.27350 -1.26313 3
1.31652 -0.67475 -0.68794 -1.40718 -1.43976 -1.30338 -1.28009 -1.30818 -1.16402 -1.21643 3
-0.75940 -0.67475 1.45328 -1.94843 -2.04435 -1.66200 -1.49115 -1.45685 -1.47420 -1.46427 3
-0.75940 1.48167 -0.68794 -1.36554 -1.43976 -1.18384 -1.26887 -1.26763 -1.12753 -1.28468 3
-0.75940 -0.67475 1.45328 -0.61612 -0.58325 -0.22752 -0.57453 -0.51525 -0.36577 -0.70639 3
-0.75940 1.48167 -0.68794 0.21656 0.22288 -0.34706 0.19221 0.19883 -0.05103 0.31730 3
-0.75940 1.48167 -0.68794 0.59127 0.72671 0.48972 0.77644 0.73495 1.05284 0.58310 3
-0.75940 -0.67475 1.45328 -1.74025 -1.79244 -1.66200 -1.39632 -1.38026 -1.36929 -1.42836 3
-0.75940 -0.67475 1.45328 -0.61612 -0.53286 -0.82522 -0.78355 -0.73151 -0.79911 -0.75667 3
1.31652 -0.67475 -0.68794 -0.44959 -0.43210 -0.46660 -0.44198 -0.14582 -0.27910 -0.70998 3
-0.75940 -0.67475 1.45328 -0.19978 -0.23057 -0.46660 -0.54802 -0.34180 -0.70788 -0.74590 3
1.31652 -0.67475 -0.68794 -0.11651 0.02135 0.13110 -0.06677 0.12224 0.00827 -0.31128 3
-0.75940 1.48167 -0.68794 0.05003 0.17250 -0.22752 -0.14324 -0.15483 0.14967 -0.24303 3
-0.75940 1.48167 -0.68794 0.34147 -0.07942 -0.22752 -0.26763 -0.23368 -0.12857 -0.42263 3
-0.75940 1.48167 -0.68794 0.46637 0.52518 0.96788 0.45425 0.22586 0.71986 0.26701 3
-0.75940 -0.67475 1.45328 -0.61612 -0.43210 -0.34706 -0.74786 -0.65717 -0.74893 -0.77104 3
-0.75940 -0.67475 1.45328 -0.07488 -0.23057 -0.34706 -0.44300 -0.18862 -0.49349 -0.63814 3
-0.75940 -0.67475 1.45328 -0.03324 -0.28095 -0.34706 -0.55923 -0.32153 -0.46612 -0.51602 3
-0.75940 -0.67475 1.45328 0.05003 -0.07942 -0.34706 -0.43178 -0.36208 -0.48893 -0.35079 3
-0.75940 -0.67475 1.45328 0.38310 0.32365 0.25064 -0.15037 -0.07599 -0.18787 -0.10654 3
1.31652 -0.67475 -0.68794 0.46637 0.47480 0.25064 0.58170 0.52771 0.31845 0.18799 3
1.31652 -0.67475 -0.68794 0.46637 0.42441 0.13110 0.35433 0.84533 0.15424 -0.06703 3
1.31652 -0.67475 -0.68794 0.88272 0.62595 0.37018 0.61942 1.03455 0.27739 0.34604 3
-0.75940 1.48167 -0.68794 -0.57449 -0.43210 -0.58614 -0.81209 -0.79008 -0.66226 -0.82133 3
-0.75940 1.48167 -0.68794 -0.53285 -0.43210 -0.34706 -0.71421 -0.69096 -0.69419 -0.70279 3
-0.75940 -0.67475 1.45328 -0.44959 -0.53286 0.96788 -0.71115 -0.69321 -0.68963 -0.63455 3
-0.75940 -0.67475 1.45328 -0.36632 -0.53286 -0.58614 -0.72645 -0.68871 -0.62577 -0.76745 3
-0.75940 -0.67475 1.45328 -0.24141 -0.53286 -0.46660 -0.67751 -0.65492 -0.69419 -0.64173 3
-0.75940 -0.67475 1.45328 0.09166 0.07173 0.25064 -0.51437 0.00060 -0.41595 -0.09936 3
-0.75940 -0.67475 1.45328 0.17493 0.27326 -0.10798 -0.11673 0.05691 -0.29735 -0.08499 3
-0.75940 1.48167 -0.68794 0.46637 0.37403 0.25064 0.05966 0.18306 -0.22437 0.10179 3
1.31652 -0.67475 -0.68794 0.50801 0.42441 0.96788 -0.05963 -0.10528 0.04476 -0.01315 3
-0.75940 -0.67475 1.45328 -0.99083 -0.98631 -1.06430 -0.99154 -0.81485 -1.06367 -1.10149 3
1.31652 -0.67475 -0.68794 -0.40795 -0.38171 -0.34706 -0.36653 -0.05572 -0.40682 -0.69561 3
-0.75940 -0.67475 1.45328 -0.07488 -0.12980 -0.34706 -0.55618 -0.40488 -0.77174 -0.49447 3
1.31652 -0.67475 -0.68794 0.38310 0.37403 0.25064 0.32374 0.65161 0.24090 0.07305 3
1.31652 -0.67475 -0.68794 0.50801 0.47480 0.25064 0.15754 0.22586 0.45073 -0.03830 3
-0.75940 1.48167 -0.68794 0.54964 0.52518 0.13110 0.32986 0.42184 0.36406 0.25983 3
-0.75940 1.48167 -0.68794 0.79945 0.27326 0.37018 0.37370 0.52996 0.50547 0.25983 3
1.31652 -0.67475 -0.68794 1.04925 0.77709 0.01156 0.70609 0.52095 0.57389 -0.17120 3
-0.75940 -0.67475 1.45328 -0.61612 -0.68401 -1.06430 -1.02825 -0.99506 -1.06367 -0.96141 3
-0.75940 -0.67475 1.45328 -0.28305 -0.07942 -0.10798 -0.41751 -0.25170 -0.47524 -0.50165 3
-0.75940 -0.67475 1.45328 -0.24141 -0.38171 -0.34706 -0.72849 -0.68420 -0.81735 -0.63814 3
-0.75940 -0.67475 1.45328 0.17493 -0.33133 -0.46660 -0.58268 -0.54904 -0.59384 -0.47651 3
-0.75940 -0.67475 1.45328 0.21656 0.07173 0.13110 -0.09634 0.06142 -0.18787 -0.12450 3
-0.75940 -0.67475 1.45328 0.29983 0.32365 -0.22752 -0.21461 -0.04671 -0.28823 -0.27895 3
-0.75940 1.48167 -0.68794 0.38310 0.42441 -0.10798 -0.09838 -0.11203 0.04020 -0.20711 3
1.31652 -0.67475 -0.68794 0.42474 0.47480 0.60926 0.07802 0.07719 -0.00085 0.20954 3
-0.75940 1.48167 -0.68794 0.42474 0.27326 0.25064 0.41142 0.45563 0.34125 0.87045 3
-0.75940 1.48167 -0.68794 0.59127 0.27326 0.25064 0.14531 0.26190 -0.09664 0.18799 3
-0.75940 -0.67475 1.45328 0.09166 -0.23057 0.96788 0.51950 0.61331 0.44617 0.46816 3
-0.75940 -0.67475 1.45328 -0.90756 -0.98631 -1.06430 -1.05578 -1.11220 -1.07736 -0.88957 3
-0.75940 -0.67475 1.45328 -0.15815 -0.07942 0.13110 -0.25335 -0.11429 -0.34752 -0.22867 3
-0.75940 -0.67475 1.45328 0.00839 -0.02903 0.13110 -0.26967 -0.24719 -0.24717 -0.20711 3
-0.75940 -0.67475 1.45328 0.13330 -0.18018 -0.34706 -0.41445 -0.48147 -0.20612 -0.35079 3
1.31652 -0.67475 -0.68794 0.25820 0.02135 -0.34706 -0.46849 -0.56256 -0.31103 -0.32205 3
-0.75940 -0.67475 1.45328 -1.65698 -1.69167 -1.66200 -1.38001 -1.36450 -1.36929 -1.32778 3
-0.75940 -0.67475 1.45328 -1.15737 -1.28861 -0.94476 -1.12817 -1.03111 -1.09104 -1.19488 3
-0.75940 -0.67475 1.45328 -0.36632 -0.58325 -0.10798 -0.57555 -0.38686 -0.73981 -0.58067 3
-0.75940 1.48167 -0.68794 0.09166 0.12212 -0.22752 -0.26457 -0.21115 -0.21980 -0.25381 3
-0.75940 1.48167 -0.68794 0.71618 0.22288 0.01156 0.16366 0.35426 0.17704 -0.13528 3
1.31652 -0.67475 -0.68794 -0.86593 -0.68401 -0.58614 -0.83045 -0.83062 -0.79911 -0.74590 3
-0.75940 1.48167 -0.68794 -0.53285 -0.48248 -0.58614 -0.72033 -0.67069 -0.68963 -0.56630 3
1.31652 -0.67475 -0.68794 -0.78266 -0.73439 -0.58614 -0.86205 -0.87117 -0.79455 -0.74590 3
-0.75940 1.48167 -0.68794 -0.78266 -0.68401 -0.70568 -0.91100 -0.92523 -0.77630 -0.93268 3
-0.75940 -0.67475 1.45328 -0.86593 -0.88554 -0.94476 -0.99664 -0.83288 -1.19139 -1.03684 3
-0.75940 1.48167 -0.68794 -0.49122 -0.58325 -0.10798 -0.41241 -0.45218 -0.32928 -0.45855 3
-0.75940 1.48167 -0.68794 -0.44959 -0.33133 -0.46660 -0.46339 -0.37334 -0.32016 -0.74590 3
-0.75940 1.48167 -0.68794 0.63291 0.52518 0.13110 0.21158 0.17630 0.40055 0.06587 3
-0.75940 1.48167 -0.68794 0.84108 0.82748 0.84834 0.56844 0.40156 0.32757 0.86686 3
-0.75940 1.48167 -0.68794 0.54964 0.52518 0.48972 0.37268 0.38580 0.73810 0.12693 3
-0.75940 -0.67475 1.45328 -1.24064 -1.18784 0.01156 -1.07821 -0.98831 -1.07736 -1.12304 3
-0.75940 -0.67475 1.45328 -1.07410 -0.88554 -0.94476 -1.06292 -0.94776 -1.15946 -1.06917 3
-0.75940 -0.67475 1.45328 -0.86593 -0.93593 -0.70568 -0.86919 -0.78332 -0.89034 -0.98655 3
-0.75940 -0.67475 1.45328 -0.53285 -0.58325 -0.94476 -0.72951 -0.48372 -0.94507 -0.83210 3
-0.75940 -0.67475 1.45328 -0.53285 -0.63363 -0.82522 -0.84370 -0.77656 -0.85385 -0.92549 3
-0.75940 -0.67475 1.45328 -0.32468 -0.43210 0.01156 -0.77743 -0.76530 -0.80367 -0.05985 3
-0.75940 -0.67475 1.45328 -0.07488 -0.18018 -0.70568 -0.60716 -0.53102 -0.75349 -0.55553 3
1.31652 -0.67475 -0.68794 0.63291 0.72671 -1.18384 0.45119 0.43986 0.80196 0.29575 3
-0.75940 -0.67475 1.45328 -0.19978 -0.33133 -0.46660 -0.61123 -0.61212 -0.52542 -0.56630 3
-0.75940 1.48167 -0.68794 1.00762 0.82748 0.48972 0.64287 0.64034 0.98898 0.57592 3
-0.75940 -0.67475 1.45328 -0.19978 -0.38171 -0.46660 -0.57963 -0.49723 -0.67595 -0.62377 3
-0.75940 -0.67475 1.45328 0.17493 0.22288 -0.22752 -0.14120 -0.00616 -0.25173 -0.23944 3
-0.75940 -0.67475 1.45328 0.29983 0.22288 -0.22752 -0.20543 -0.10753 -0.33840 -0.15324 3
1.31652 -0.67475 -0.68794 -0.28305 -0.53286 0.37018 0.31048 0.47590 0.19073 0.08383 3
-0.75940 -0.67475 1.45328 0.59127 0.22288 0.60926 0.31762 0.41959 0.24090 0.24187 3
-0.75940 -0.67475 1.45328 -1.24064 -1.23822 -1.18384 -1.20668 -1.14149 -1.28718 -1.14100 3
-0.75940 -0.67475 1.45328 -0.61612 -0.68401 -0.34706 -0.86511 -0.84864 -1.00893 -0.74949 3
-0.75940 -0.67475 1.45328 -0.24141 -0.33133 -0.58614 -0.65610 -0.53328 -0.70788 -0.63814 3
1.31652 -0.67475 -0.68794 -0.57449 -0.58325 -0.70568 -0.75602 -0.71799 -0.63490 -0.77822 4
1.31652 -0.67475 -0.68794 -1.19901 -1.08708 -0.94476 -1.17915 -1.14149 -1.15946 -1.15896 4
-0.75940 -0.67475 1.45328 -1.90679 -1.99397 -1.42292 -1.48605 -1.44784 -1.41034 -1.49301 4
-0.75940 -0.67475 1.45328 -1.44881 -1.28861 -1.54246 -1.29029 -1.24961 -1.28262 -1.25594 4
-0.75940 -0.67475 1.45328 -1.07410 -1.08708 -1.18384 -1.12103 -1.01534 -1.20052 -1.17692 4
-0.75940 -0.67475 1.45328 -0.24141 -0.07942 0.13110 -0.51131 -0.47245 -0.45700 -0.53398 4
1.31652 -0.67475 -0.68794 0.21656 0.32365 0.37018 0.17692 0.02312 0.13143 0.08024 4
-0.75940 1.48167 -0.68794 0.25820 0.32365 0.13110 0.10758 0.31822 0.15424 -0.16760 4
-0.75940 1.48167 -0.68794 0.71618 0.62595 0.48972 0.50115 0.59980 0.50547 0.36759 4
-0.75940 -0.67475 1.45328 -0.40795 0.12212 0.48972 -0.24316 -0.04220 -0.27454 -0.39030 4
-0.75940 1.48167 -0.68794 -0.15815 0.67633 0.48972 0.58476 0.67413 0.53284 0.48612 4
1.31652 -0.67475 -0.68794 0.29983 0.07173 -0.22752 -0.13712 0.04565 -0.09664 -0.31128 4
1.31652 -0.67475 -0.68794 0.63291 0.02135 0.13110 0.22484 0.39706 0.14055 0.20954 4
-0.75940 -0.67475 1.45328 0.13330 0.02135 -0.10798 -0.25743 -0.22241 -0.03278 -0.27895 4
-0.75940 -0.67475 1.45328 -0.57449 -0.38171 -0.70568 -0.64182 -0.54454 -0.52086 -0.81055 4
-0.75940 -0.67475 1.45328 -0.24141 -0.33133 -0.58614 -0.51641 -0.22241 -0.60297 -0.71357 4
-0.75940 1.48167 -0.68794 1.09089 0.47480 0.72880 0.91001 1.00752 1.11670 0.67649 4
-0.75940 -0.67475 1.45328 -0.69939 -0.68401 -0.82522 -0.98848 -1.06490 -0.90858 -0.81773 4
-0.75940 -0.67475 1.45328 -0.32468 -0.43210 -0.34706 -0.82127 -0.88469 -0.76718 -0.63096 4
-0.75940 -0.67475 1.45328 -0.19978 -0.12980 0.13110 -0.08614 -0.12330 0.00827 0.04791 4
-0.75940 -0.67475 1.45328 -0.32468 -0.38171 0.01156 -0.65712 -0.52652 -0.84472 -0.66328 4
-0.75940 -0.67475 1.45328 -0.11651 -0.12980 -0.82522 -0.56331 -0.56481 -0.48893 -0.53038 4
1.31652 -0.67475 -0.68794 0.46637 0.42441 0.37018 -0.00253 -0.17286 0.15424 0.04073 4
-0.75940 1.48167 -0.68794 -0.61612 -0.43210 -0.58614 -0.48990 -0.18637 -0.54367 -0.76386 4
1.31652 -0.67475 -0.68794 0.38310 0.42441 0.01156 0.20139 0.52996 -0.18331 0.09101 4
1.31652 -0.67475 -0.68794 -0.90756 -0.93593 -0.46660 -0.87123 -0.72250 -0.85385 -1.01888 4
1.31652 -0.67475 -0.68794 0.34147 0.47480 0.25064 0.30742 0.38129 0.22266 0.25983 4
-0.75940 -0.67475 1.45328 -0.11651 -0.18018 -0.34706 -0.47257 -0.29900 -0.49349 -0.59863 4
-0.75940 1.48167 -0.68794 0.79945 0.57556 0.01156 0.37166 0.53898 0.52827 0.11616 4
-0.75940 1.48167 -0.68794 0.46637 0.52518 -0.10798 0.19833 0.19432 0.25003 0.25983 4
-0.75940 -0.67475 1.45328 -0.57449 -0.73439 -0.82522 -0.86307 -0.83062 -0.80823 -0.86443 4
1.31652 -0.67475 -0.68794 0.21656 -0.23057 -0.22752 -0.20645 -0.07374 -0.16507 -0.35079 4
1.31652 -0.67475 -0.68794 0.54964 0.42441 0.37018 0.09229 0.04340 0.30020 0.00840 4
1.31652 -0.67475 -0.68794 -1.15737 -1.54052 -0.94476 -1.04252 -1.00182 -1.02718 -1.05480 4
-0.75940 1.48167 -0.68794 -0.07488 -0.07942 -0.34706 -0.43586 -0.32829 -0.52542 -0.44777 4
1.31652 -0.67475 -0.68794 0.29983 0.22288 0.37018 0.07903 0.18306 -0.07840 -0.07062 4
1.31652 -0.67475 -0.68794 -0.40795 -0.38171 -0.34706 -0.65100 -0.64365 -0.62121 -0.53038 4
1.31652 -0.67475 -0.68794 -1.40718 -1.18784 -1.18384 -1.02213 -1.01534 -0.86297 -1.06917 4
1.31652 -0.67475 -0.68794 -0.15815 -0.02903 -0.70568 -0.41547 -0.24494 -0.18787 -0.45855 4
-0.75940 1.48167 -0.68794 -0.69939 -0.58325 -0.34706 -0.86715 -0.83062 -1.07279 -0.78900 4
-0.75940 -0.67475 1.45328 -2.03169 -2.04435 -1.42292 -1.43099 -1.38477 -1.29174 -1.41399 4
-0.75940 1.48167 -0.68794 -0.65776 -0.83516 -0.34706 -0.76213 -0.81485 -0.62121 -0.70998 4
-0.75940 1.48167 -0.68794 -0.99083 -1.03669 -1.06430 -0.97931 -0.96353 -0.83104 -0.99733 4
-0.75940 1.48167 -0.68794 -0.57449 -0.38171 -0.82522 -0.68566 -0.64591 -0.51174 -0.74590 4
-0.75940 -0.67475 1.45328 -1.32391 -1.13746 -1.06430 -1.18017 -1.13473 -1.15034 -1.14100 4
-0.75940 -0.67475 1.45328 -1.36554 -1.28861 -0.82522 -1.28417 -1.30593 -1.23701 -1.14100 4
-0.75940 -0.67475 1.45328 -1.32391 -1.49014 -0.58614 -1.24542 -1.19780 -1.24157 -1.21284 4
1.31652 -0.67475 -0.68794 -1.15737 -1.08708 -1.06430 -1.20056 -1.22033 -1.10929 -1.10509 4
-0.75940 1.48167 -0.68794 -1.28227 -1.18784 -0.58614 -1.18017 -1.11896 -1.12753 -1.17692 4
1.31652 -0.67475 -0.68794 -1.49045 -1.38937 -1.18384 -1.29233 -1.26763 -1.23245 -1.29186 4
1.31652 -0.67475 -0.68794 -0.61612 -0.68401 -0.22752 -0.93241 -0.89595 -0.92227 -0.96141 4
-0.75940 1.48167 -0.68794 -0.65776 -0.78478 -0.82522 -0.76723 -0.80810 -0.70788 -0.83210 4
1.31652 -0.67475 -0.68794 -1.49045 -1.38937 -1.06430 -1.28825 -1.31944 -1.19139 -1.21284 4
1.31652 -0.67475 -0.68794 0.13330 -0.02903 -0.34706 0.12696 0.55024 0.09950 -0.26458 4
1.31652 -0.67475 -0.68794 0.79945 0.92824 0.60926 0.97526 1.24405 0.67424 0.54718 4
1.31652 -0.67475 -0.68794 0.92435 1.02901 0.72880 1.07416 1.16971 1.13495 1.08596 4
-0.75940 1.48167 -0.68794 0.21656 0.37403 0.37018 0.32986 0.83182 -0.02366 -0.14964 4
-0.75940 1.48167 -0.68794 0.42474 0.52518 0.48972 0.55927 0.80479 0.36862 0.07305 4
1.31652 -0.67475 -0.68794 0.59127 0.47480 0.25064 0.43895 0.71468 0.36406 0.22391 4
1.31652 -0.67475 -0.68794 0.67454 0.67633 0.37018 0.67754 0.95796 0.59213 0.25983 4
-0.75940 1.48167 -0.68794 0.84108 0.77709 1.44604 1.12412 1.01428 1.10758 1.16499 4
1.31652 -0.67475 -0.68794 0.17493 0.07173 0.01156 -0.01783 0.46013 -0.48893 -0.14964 4
1.31652 -0.67475 -0.68794 0.29983 0.22288 0.13110 0.14429 0.47140 -0.02822 -0.03470 4
1.31652 -0.67475 -0.68794 0.38310 0.52518 0.25064 0.42570 0.82055 0.20897 0.08024 4
-0.75940 1.48167 -0.68794 0.42474 0.62595 0.60926 0.08209 0.34074 0.14967 -0.00597 4
1.31652 -0.67475 -0.68794 0.46637 0.42441 0.01156 0.27072 0.57051 0.00827 0.10179 4
-0.75940 1.48167 -0.68794 0.63291 0.67633 0.48972 0.40327 0.56601 0.62863 0.12693 4
-0.75940 1.48167 -0.68794 0.67454 0.67633 0.60926 0.46342 0.33173 0.35494 0.84890 4
-0.75940 1.48167 -0.68794 0.75781 0.57556 0.25064 0.19221 0.46013 0.01739 0.01917 4
-0.75940 -0.67475 1.45328 1.17416 0.92824 0.72880 0.95589 1.09988 1.00723 0.86686 4
-0.75940 1.48167 -0.68794 1.21579 0.97863 1.56558 1.09252 1.11790 1.11214 0.82016 4
-0.75940 1.48167 -0.68794 1.38233 1.23054 0.72880 1.47792 1.96038 1.53179 0.93870 4
-0.75940 1.48167 -0.68794 1.46560 1.18016 1.20696 1.66757 2.23070 1.15319 1.15421 4
-0.75940 -0.67475 1.45328 -0.36632 -0.38171 -0.34706 -0.58167 -0.51976 -0.72612 -0.53038 4
-0.75940 -0.67475 1.45328 -0.19978 -0.28095 -0.10798 -0.47869 -0.29224 -0.69876 -0.59145 4
-0.75940 1.48167 -0.68794 0.09166 0.02135 -0.22752 -0.23296 -0.10978 -0.33384 -0.22507 4
1.31652 -0.67475 -0.68794 0.09166 0.27326 0.25064 -0.22786 -0.05347 -0.32928 -0.32205 4
-0.75940 1.48167 -0.68794 0.17493 0.37403 0.25064 -0.05861 -0.02643 -0.16050 -0.22867 4
1.31652 -0.67475 -0.68794 0.21656 0.22288 0.25064 0.09331 0.24163 0.09038 0.06587 4
-0.75940 -0.67475 1.45328 0.29983 0.17250 -0.10798 -0.01681 0.05466 0.04020 -0.02034 4
-0.75940 1.48167 -0.68794 0.38310 0.52518 -0.10798 0.30742 0.16954 0.65599 0.19158 4
1.31652 -0.67475 -0.68794 0.38310 0.27326 -0.34706 0.13817 0.10647 0.02651 0.25983 4
1.31652 -0.67475 -0.68794 0.84108 0.47480 0.72880 0.51644 0.61331 0.49178 0.54718 4
-0.75940 1.48167 -0.68794 0.84108 1.07939 0.48972 0.88758 0.95571 1.32653 0.59028 4
-0.75940 1.48167 -0.68794 0.88272 0.77709 0.72880 1.00279 1.05933 1.49986 0.76269 4
-0.75940 1.48167 -0.68794 0.92435 0.87786 0.84834 0.77950 1.56617 0.83845 0.60465 4
1.31652 -0.67475 -0.68794 -0.15815 -0.23057 -0.82522 -0.56331 -0.54229 -0.51174 -0.59863 4
-0.75940 1.48167 -0.68794 0.46637 0.27326 0.01156 0.25339 0.52095 0.32757 -0.21071 4
-0.75940 1.48167 -0.68794 0.67454 0.77709 0.48972 0.75911 0.25965 0.97530 1.01413 4
-0.75940 1.48167 -0.68794 0.67454 1.07939 0.72880 0.93856 1.08411 1.03916 0.66571 4
1.31652 -0.67475 -0.68794 0.79945 0.72671 0.60926 0.49707 0.55024 0.49634 0.52563 4
-0.75940 1.48167 -0.68794 0.96598 1.07939 1.56558 1.43714 1.37019 1.40407 1.17576 4
-0.75940 -0.67475 1.45328 -0.07488 -0.48248 -0.34706 -0.72645 -0.80134 -0.50718 -0.72435 4
-0.75940 -0.67475 1.45328 -0.03324 0.02135 0.13110 -0.37265 -0.28323 -0.19243 -0.53038 4
-0.75940 -0.67475 1.45328 0.21656 0.17250 0.25064 -0.38692 -0.40713 -0.42051 -0.15683 4
-0.75940 -0.67475 1.45328 0.34147 0.12212 0.37018 -0.17485 -0.22241 0.04932 -0.05626 4
-0.75940 1.48167 -0.68794 0.34147 0.32365 0.25064 0.06986 0.34074 -0.28823 0.22391 4
-0.75940 -0.67475 1.45328 0.42474 0.37403 0.72880 -0.05555 -0.05347 -0.31103 0.08024 4
-0.75940 1.48167 -0.68794 0.67454 0.47480 0.13110 0.30335 0.48942 -0.02822 0.25983 4
1.31652 -0.67475 -0.68794 0.71618 0.62595 0.72880 0.59087 0.73495 0.54652 0.51126 4
-0.75940 1.48167 -0.68794 0.79945 0.72671 0.84834 0.43182 0.47140 0.38231 0.43943 5
1.31652 -0.67475 -0.68794 0.88272 0.97863 0.72880 0.53582 0.46013 0.77915 0.43943 5
1.31652 -0.67475 -0.68794 1.00762 1.02901 1.20696 1.31683 1.10664 1.49986 1.73250 5
-0.75940 -0.67475 1.45328 -0.32468 -0.63363 0.48972 0.08209 -0.22917 0.04020 0.57592 5
-0.75940 1.48167 -0.68794 0.17493 -0.23057 0.25064 0.59087 0.82506 0.58301 0.32808 5
1.31652 -0.67475 -0.68794 0.67454 0.67633 0.84834 0.86413 0.89264 1.13951 0.74833 5
-0.75940 -0.67475 1.45328 -0.32468 -0.38171 -0.58614 -0.75806 -0.76980 -0.76718 -0.63814 5
-0.75940 -0.67475 1.45328 0.25820 0.42441 0.84834 -0.18504 -0.24944 -0.04647 -0.13528 5
1.31652 -0.67475 -0.68794 0.38310 0.32365 0.84834 0.22994 0.09521 0.43705 0.31730 5
1.31652 -0.67475 -0.68794 0.42474 0.42441 0.37018 0.30131 0.61106 0.30932 -0.02752 5
-0.75940 1.48167 -0.68794 0.42474 0.57556 0.84834 0.55111 0.51420 0.19529 0.79861 5
1.31652 -0.67475 -0.68794 0.42474 0.67633 0.13110 0.05762 0.03213 -0.06928 0.21673 5
-0.75940 1.48167 -0.68794 0.46637 0.42441 1.32650 -0.00457 0.19883 -0.06928 -0.09936 5
1.31652 -0.67475 -0.68794 0.84108 1.07939 0.72880 1.02420 0.96022 1.09389 0.87764 5
1.31652 -0.67475 -0.68794 1.09089 1.12978 0.72880 0.64389 0.76874 0.38687 0.78425 5
1.31652 -0.67475 -0.68794 -0.07488 -0.07942 0.01156 -0.39814 -0.32153 -0.32472 -0.50883 5
-0.75940 1.48167 -0.68794 0.05003 -0.02903 -0.22752 -0.39406 -0.43191 -0.21980 -0.38671 5
1.31652 -0.67475 -0.68794 0.46637 0.52518 0.48972 0.47770 0.69215 0.82021 0.17003 5
1.31652 -0.67475 -0.68794 1.13252 1.07939 1.32650 1.50239 1.69007 1.57285 1.05723 5
1.31652 -0.67475 -0.68794 0.21656 0.02135 -0.22752 0.08515 0.38805 0.28196 -0.18556 5
1.31652 -0.67475 -0.68794 0.59127 0.57556 0.25064 0.18405 0.33399 -0.03735 0.16644 5
-0.75940 -0.67475 1.45328 -0.94920 -0.98631 -0.70568 -1.04762 -1.06039 -0.89946 -1.03325 5
1.31652 -0.67475 -0.68794 -0.69939 -0.58325 -0.70568 -0.75500 -0.71799 -0.84016 -0.78182 5
-0.75940 1.48167 -0.68794 0.21656 0.62595 0.25064 0.13919 0.07944 0.03108 0.36759 5
-0.75940 1.48167 -0.68794 0.71618 0.42441 0.48972 0.62656 0.24613 1.18968 0.43943 5
1.31652 -0.67475 -0.68794 -0.53285 -0.33133 0.01156 -0.64896 -0.75403 -0.69419 -0.24303 5
1.31652 -0.67475 -0.68794 -0.11651 -0.02903 -0.22752 -0.22684 0.05917 -0.20612 -0.49447 5
-0.75940 -0.67475 1.45328 -0.86593 -0.78478 -0.94476 -0.97217 -0.88243 -0.83560 -0.99733 5
-0.75940 1.48167 -0.68794 -0.07488 0.12212 -0.10798 -0.40629 -0.35081 -0.48893 -0.17120 5
-0.75940 -0.67475 1.45328 -0.19978 -0.12980 -0.46660 -0.59492 -0.64365 -0.65770 -0.43340 5
1.31652 -0.67475 -0.68794 -0.82430 -0.83516 -0.46660 -0.92425 -0.97930 -0.67595 -0.96141 5
1.31652 -0.67475 -0.68794 0.13330 0.12212 -0.46660 -0.03516 0.14702 -0.32016 -0.11013 5
1.31652 -0.67475 -0.68794 0.54964 0.47480 0.48972 0.53276 0.63359 0.37318 0.38195 5
-0.75940 1.48167 -0.68794 0.38310 0.37403 0.25064 0.33903 0.65161 0.04020 0.08383 5
-0.75940 1.48167 -0.68794 0.59127 0.62595 0.37018 0.71119 0.82281 0.80652 0.51126 5
-0.75940 1.48167 -0.68794 0.79945 1.02901 0.84834 0.90083 0.82055 1.29916 0.60106 5
1.31652 -0.67475 -0.68794 -0.19978 -0.28095 -0.46660 -0.51437 -0.38911 -0.41595 -0.67406 5
-0.75940 1.48167 -0.68794 0.17493 0.22288 0.01156 0.00664 0.34300 -0.09664 -0.27177 5
1.31652 -0.67475 -0.68794 0.79945 0.82748 0.37018 0.55315 0.65611 0.61038 0.51126 5
-0.75940 1.48167 -0.68794 0.84108 0.82748 0.37018 0.58374 0.56150 0.87951 0.50767 5
1.31652 -0.67475 -0.68794 1.00762 1.07939 0.48972 0.72546 0.66062 1.18968 0.69086 5
-0.75940 1.48167 -0.68794 1.00762 1.12978 0.96788 0.93040 0.98274 1.56372 0.56155 5
1.31652 -0.67475 -0.68794 1.04925 1.07939 -0.34706 0.71730 0.73946 0.93424 0.63698 5
1.31652 -0.67475 -0.68794 1.04925 1.12978 0.84834 0.89064 1.15169 0.88407 0.69804 5
-0.75940 -0.67475 1.45328 0.21656 0.12212 0.37018 0.16978 0.61106 -0.00085 -0.24303 5
1.31652 -0.67475 -0.68794 0.54964 0.62595 0.13110 0.19323 0.42860 -0.06928 0.10897 5
1.31652 -0.67475 -0.68794 0.63291 0.42441 0.13110 0.09841 0.32948 -0.23349 0.00840 5
1.31652 -0.67475 -0.68794 1.67377 1.63361 1.20696 3.06238 4.02604 3.28795 2.01985 5
-0.75940 1.48167 -0.68794 0.13330 0.12212 0.01156 -0.05147 0.09295 -0.00085 -0.20711 5
-0.75940 1.48167 -0.68794 0.21656 0.27326 0.01156 -0.17077 -0.05572 -0.06015 -0.08858 5
-0.75940 -0.67475 1.45328 0.63291 0.37403 -0.10798 0.18711 0.38580 0.20897 0.10179 5
1.31652 -0.67475 -0.68794 0.67454 0.82748 0.96788 0.68977 0.43986 0.99810 0.97462 5
-0.75940 -0.67475 1.45328 1.21579 0.77709 0.84834 0.87228 0.79352 1.29004 1.05723 5
-0.75940 1.48167 -0.68794 -0.11651 -0.38171 1.68512 0.72240 0.66963 1.01635 0.74833 5
1.31652 -0.67475 -0.68794 0.25820 0.17250 0.25064 0.09025 0.46464 0.03564 -0.30410 5
1.31652 -0.67475 -0.68794 0.71618 0.77709 0.72880 0.92224 1.07060 1.12126 0.65494 5
-0.75940 1.48167 -0.68794 0.84108 0.82748 -0.70568 0.62656 0.75297 0.09950 0.38555 5
1.31652 -0.67475 -0.68794 0.96598 0.77709 0.48972 0.36146 0.43535 0.40055 0.32089 5
-0.75940 -0.67475 1.45328 0.09166 0.12212 0.13110 -0.28598 -0.38911 -0.26542 -0.01315 5
1.31652 -0.67475 -0.68794 0.54964 0.27326 0.60926 0.30131 0.41959 0.53740 -0.02752 5
1.31652 -0.67475 -0.68794 0.54964 -0.02903 0.25064 0.04947 -0.15033 0.73810 0.04432 5
1.31652 -0.67475 -0.68794 0.59127 0.72671 0.01156 0.17080 0.22586 0.01739 0.36040 5
-0.75940 1.48167 -0.68794 0.92435 0.82748 0.37018 0.64491 0.53222 1.12126 0.55077 5
1.31652 -0.67475 -0.68794 0.00839 -0.07942 -0.22752 -0.42159 -0.42290 -0.30647 -0.39389 5
1.31652 -0.67475 -0.68794 0.42474 0.42441 -0.10798 0.18915 -0.02418 0.25915 -0.01674 5
-0.75940 1.48167 -0.68794 0.21656 0.32365 -0.34706 -0.12998 -0.13231 0.29108 0.04432 5
-0.75940 1.48167 -0.68794 -0.74103 -0.58325 -0.34706 -0.75398 -0.73151 -0.60297 -0.67406 5
-0.75940 1.48167 -0.68794 -0.61612 -0.83516 -0.10798 -0.79680 -0.80584 -0.58472 -0.92549 5
1.31652 -0.67475 -0.68794 -1.32391 -1.23822 -1.30338 -1.24033 -1.23384 -1.17771 -1.21284 5
-0.75940 -0.67475 1.45328 -1.44881 -1.43976 -0.70568 -1.26378 -1.32170 -1.10929 -1.17692 5
-0.75940 1.48167 -0.68794 1.67377 1.73437 1.08742 1.41573 2.00544 1.63215 1.42719 5
1.31652 -0.67475 -0.68794 1.04925 0.97863 0.96788 1.30561 1.58645 1.39495 1.01413 5
-0.75940 -0.67475 1.45328 -0.36632 -0.53286 -0.34706 -0.68261 -0.54454 -0.88578 -0.63814 5
1.31652 -0.67475 -0.68794 0.84108 0.72671 0.48972 0.63777 0.99175 0.30932 0.36759 5
1.31652 -0.67475 -0.68794 0.84108 0.77709 0.48972 0.78460 1.22377 0.39143 0.45379 5
1.31652 -0.67475 -0.68794 0.79945 0.52518 0.48972 0.24829 0.59529 0.17704 -0.07781 5
-0.75940 -0.67475 1.45328 -0.40795 -0.73439 -0.94476 -0.78762 -0.76530 -0.86297 -0.74590 5
-0.75940 -0.67475 1.45328 -0.28305 -0.18018 -0.46660 -0.64794 -0.62563 -0.70788 -0.46214 5
-0.75940 1.48167 -0.68794 0.71618 0.87786 0.60926 0.51950 0.41959 0.84301 0.56155 5
-0.75940 1.48167 -0.68794 1.04925 1.18016 0.60926 0.83456 1.29586 0.61950 0.44302 5
1.31652 -0.67475 -0.68794 0.29983 0.57556 0.13110 0.11982 -0.11203 0.35950 0.22032 5
-0.75940 -0.67475 1.45328 0.34147 0.22288 -0.34706 -0.35531 -0.35081 -0.37945 -0.20711 5
-0.75940 1.48167 -0.68794 0.42474 0.52518 0.25064 0.20037 -0.11879 0.24090 0.42865 5
1.31652 -0.67475 -0.68794 0.84108 0.87786 0.37018 0.71017 0.65836 0.88863 0.76269 5
1.31652 -0.67475 -0.68794 0.34147 0.37403 0.01156 0.01480 0.21009 -0.18331 -0.10295 5
-0.75940 1.48167 -0.68794 0.67454 0.72671 0.84834 0.69283 0.55024 0.45529 0.84172 5
-0.75940 -0.67475 1.45328 -1.57372 -1.54052 -1.30338 -1.32597 -1.29917 -1.27806 -1.32060 5
-0.75940 1.48167 -0.68794 0.38310 0.32365 1.20696 0.38593 0.39481 0.24090 0.18799 5
-0.75940 1.48167 -0.68794 -0.28305 -0.23057 0.48972 -0.35226 -0.51300 -0.08752 -0.24303 5
-0.75940 1.48167 -0.68794 -0.07488 -0.07942 -0.58614 -0.51131 -0.75854 -0.32928 -0.49447 5
-0.75940 -0.67475 1.45328 -0.74103 -0.53286 -0.34706 -0.85900 -0.92749 -0.97244 -0.53038 5
-0.75940 1.48167 -0.68794 0.96598 1.18016 0.84834 1.12820 1.29135 1.19425 0.94229 5
1.31652 -0.67475 -0.68794 0.88272 0.82748 0.25064 0.74789 1.01428 0.69705 0.43943 5
-0.75940 -0.67475 1.45328 0.21656 0.27326 -0.34706 -0.17892 -0.05121 -0.20156 -0.23585 5
-0.75940 -0.67475 1.45328 0.34147 0.57556 0.25064 0.71934 0.99851 0.37318 0.50767 5
1.31652 -0.67475 -0.68794 0.71618 -0.43210 0.37018 0.50523 0.57952 0.62406 0.22391 5
-0.75940 1.48167 -0.68794 1.04925 0.87786 0.48972 0.98240 0.98049 1.37670 0.83453 5
-0.75940 1.48167 -0.68794 1.25743 1.12978 0.84834 1.35659 1.69908 1.13951 0.94229 5
-0.75940 1.48167 -0.68794 0.29983 0.12212 0.96788 1.70428 1.87478 1.54548 1.53495 5
-0.75940 1.48167 -0.68794 0.38310 0.42441 0.25064 0.27684 0.77325 0.07669 -0.21430 5
1.31652 -0.67475 -0.68794 0.63291 0.67633 1.56558 0.70813 0.74847 0.97530 0.49690 6
1.31652 -0.67475 -0.68794 -0.78266 -0.58325 -0.70568 -0.86205 -0.86441 -0.90858 -0.74590 6
-0.75940 1.48167 -0.68794 0.75781 0.72671 0.60926 0.67856 0.69215 1.09846 0.47534 6
-0.75940 1.48167 -0.68794 0.21656 0.42441 0.13110 -0.17892 -0.28999 -0.33840 0.19877 6
-0.75940 1.48167 -0.68794 -0.28305 -0.28095 -0.34706 -0.57045 -0.51525 -0.66683 -0.46573 6
-0.75940 1.48167 -0.68794 0.67454 0.77709 0.48972 0.46444 0.04790 0.50091 0.83453 6
1.31652 -0.67475 -0.68794 -0.07488 -0.02903 -0.22752 -0.21767 -0.17736 -0.45244 -0.20711 6
-0.75940 1.48167 -0.68794 -0.11651 -0.07942 0.01156 -0.02904 0.44887 0.14511 -0.31487 6
1.31652 -0.67475 -0.68794 -0.44959 -0.48248 -0.10798 -0.66833 -0.86892 -0.59840 -0.53038 6
-0.75940 -0.67475 1.45328 -0.82430 -0.28095 -0.82522 -1.02417 -1.04012 -0.93139 -0.99733 6
-0.75940 1.48167 -0.68794 0.09166 0.27326 0.48972 -0.03720 -0.19763 -0.00998 0.00840 6
1.31652 -0.67475 -0.68794 -0.61612 -0.58325 -0.94476 -0.94056 -0.95902 -0.72156 -0.85365 6
-0.75940 1.48167 -0.68794 0.46637 0.47480 -0.46660 0.49911 0.53898 0.84758 0.18799 6
1.31652 -0.67475 -0.68794 -0.32468 -0.07942 -0.10798 -0.33798 -0.20890 -0.39770 -0.27895 6
1.31652 -0.67475 -0.68794 -0.53285 -0.28095 -0.10798 -0.70708 -0.68645 -0.52998 -0.67406 6
-0.75940 1.48167 -0.68794 -0.44959 -0.33133 -0.34706 -0.54496 -0.48372 -0.39770 -0.42263 6
-0.75940 1.48167 -0.68794 -0.94920 -0.83516 -0.82522 -0.94872 -0.90271 -0.94507 -0.85365 6
-0.75940 1.48167 -0.68794 -0.07488 -0.02903 -0.46660 -0.37265 -0.31477 -0.36577 -0.44418 6
-0.75940 1.48167 -0.68794 -1.24064 -1.18784 -0.58614 -1.13837 -1.20005 -1.04543 -1.07994 6
-0.75940 -0.67475 1.45328 -0.03324 0.17250 0.72880 -0.30230 -0.35757 -0.06015 -0.31487 6
-0.75940 1.48167 -0.68794 -1.15737 -0.93593 -0.70568 -1.10676 -1.06715 -1.06823 -1.11586 6
-0.75940 -0.67475 1.45328 -0.32468 -0.38171 -0.22752 -0.75602 -0.80359 -0.61665 -0.73871 6
1.31652 -0.67475 -0.68794 -1.28227 -1.23822 -0.94476 -1.22503 -1.31494 -1.03174 -1.13382 6
1.31652 -0.67475 -0.68794 -0.11651 -0.07942 0.01156 -0.36143 -0.51300 -0.12857 -0.38671 6
1.31652 -0.67475 -0.68794 -0.19978 -0.33133 0.25064 -0.39304 -0.47696 -0.32472 -0.35079 6
1.31652 -0.67475 -0.68794 -0.32468 -0.53286 -0.46660 -0.57453 -0.65041 -0.17419 -0.70998 6
1.31652 -0.67475 -0.68794 -0.07488 0.27326 0.13110 0.10758 -0.30351 0.23178 0.11616 6
1.31652 -0.67475 -0.68794 0.34147 0.42441 0.37018 0.47056 0.51420 0.54196 0.18799 6
1.31652 -0.67475 -0.68794 0.38310 0.27326 -0.22752 -0.15343 -0.04671 -0.04647 -0.32205 6
-0.75940 1.48167 -0.68794 0.67454 0.67633 0.84834 1.12820 1.12466 0.47354 1.14703 6
1.31652 -0.67475 -0.68794 0.92435 1.18016 1.08742 1.17816 1.46255 1.08933 0.97462 6
1.31652 -0.67475 -0.68794 1.04925 1.18016 1.08742 1.61761 1.37470 1.29460 1.71095 6
1.31652 -0.67475 -0.68794 1.13252 0.87786 1.32650 1.62882 1.05708 1.63215 1.76842 6
-0.75940 -0.67475 1.45328 0.13330 0.12212 0.01156 -0.33084 -0.21115 -0.38858 -0.35438 6
1.31652 -0.67475 -0.68794 0.67454 0.72671 0.72880 0.72342 1.00302 0.51003 0.56155 6
-0.75940 1.48167 -0.68794 1.09089 1.02901 0.84834 1.19550 1.03230 1.75074 0.89919 6
-0.75940 1.48167 -0.68794 1.63214 1.73437 1.32650 2.59846 3.00560 2.73146 2.14557 6
-0.75940 -0.67475 1.45328 0.05003 0.12212 0.37018 -0.03822 0.50969 -0.63490 -0.33642 6
-0.75940 -0.67475 1.45328 0.25820 0.22288 0.37018 -0.18198 -0.20664 -0.33840 0.29575 6
-0.75940 1.48167 -0.68794 0.29983 0.37403 0.37018 0.80601 0.88813 1.29460 0.22032 6
-0.75940 1.48167 -0.68794 0.42474 0.12212 -0.10798 0.05762 0.45788 -0.30647 -0.18915 6
1.31652 -0.67475 -0.68794 0.42474 0.52518 0.37018 0.12900 0.37003 -0.04191 -0.13528 6
1.31652 -0.67475 -0.68794 0.50801 0.52518 0.60926 0.58068 1.00527 0.49178 0.25265 6
-0.75940 1.48167 -0.68794 0.59127 0.57556 0.25064 0.30844 0.23487 0.14055 -0.09577 6
-0.75940 -0.67475 1.45328 0.63291 0.67633 0.25064 0.59393 0.92643 0.60126 0.22391 6
1.31652 -0.67475 -0.68794 0.71618 0.52518 0.48972 0.34923 0.60655 0.14967 0.25983 6
1.31652 -0.67475 -0.68794 0.84108 1.12978 0.84834 1.18632 1.49409 1.29004 0.77347 6
-0.75940 1.48167 -0.68794 1.00762 1.07939 0.84834 1.46263 1.55041 1.68232 1.26556 6
1.31652 -0.67475 -0.68794 1.13252 0.97863 0.60926 1.11189 1.03455 1.55460 0.76269 6
1.31652 -0.67475 -0.68794 1.21579 1.02901 0.84834 1.42287 1.31388 2.43496 0.76269 6
1.31652 -0.67475 -0.68794 1.50723 1.53284 0.60926 1.72569 1.97165 2.08829 1.07160 6
1.31652 -0.67475 -0.68794 0.21656 0.27326 0.01156 -0.13508 -0.14582 -0.11033 0.14489 6
1.31652 -0.67475 -0.68794 0.34147 0.22288 0.25064 0.00460 0.29344 -0.06471 -0.14246 6
-0.75940 -0.67475 1.45328 0.38310 0.22288 0.13110 0.00868 -0.02418 -0.33384 0.30653 6
1.31652 -0.67475 -0.68794 0.96598 1.07939 0.96788 0.85291 0.84759 1.02091 0.93151 6
1.31652 -0.67475 -0.68794 1.00762 0.97863 0.25064 0.67652 0.71919 0.73810 0.69086 6
1.31652 -0.67475 -0.68794 1.00762 0.92824 0.84834 1.03746 0.87687 1.16232 1.26556 6
1.31652 -0.67475 -0.68794 1.13252 1.23054 1.32650 1.47181 1.31163 1.35846 1.84026 6
1.31652 -0.67475 -0.68794 1.46560 1.58322 0.84834 2.09580 2.18565 1.94232 2.16353 6
1.31652 -0.67475 -0.68794 1.63214 1.63361 1.44604 2.03666 2.52129 1.69144 1.76842 6
-0.75940 -0.67475 1.45328 0.42474 0.42441 -0.22752 -0.02904 0.19658 -0.08296 -0.18556 6
1.31652 -0.67475 -0.68794 0.67454 0.67633 0.25064 0.65511 0.97148 0.46898 0.41787 6
-0.75940 1.48167 -0.68794 0.92435 0.67633 0.25064 0.72546 0.78226 1.15319 0.37477 6
-0.75940 1.48167 -0.68794 1.25743 1.23054 0.84834 1.25973 1.43327 1.36302 1.07878 6
-0.75940 -0.67475 1.45328 -0.07488 0.12212 0.25064 -0.31861 -0.46795 -0.42963 -0.02752 6
1.31652 -0.67475 -0.68794 0.42474 0.27326 -0.10798 0.33291 0.32723 0.38231 0.00122 6
1.31652 -0.67475 -0.68794 0.42474 0.37403 0.13110 0.09637 0.09070 -0.17419 0.22391 6
1.31652 -0.67475 -0.68794 0.46637 0.32365 0.25064 0.44405 0.71468 0.34582 0.29216 6
1.31652 -0.67475 -0.68794 0.59127 0.47480 0.25064 0.11676 0.32498 0.18617 -0.11373 6
1.31652 -0.67475 -0.68794 0.75781 0.87786 1.44604 0.79581 0.92192 0.42336 1.07519 6
-0.75940 1.48167 -0.68794 0.96598 1.07939 0.60926 0.98444 0.60881 0.68336 1.22964 6
-0.75940 1.48167 -0.68794 1.17416 0.92824 0.25064 0.85393 0.46464 1.04828 0.86686 6
1.31652 -0.67475 -0.68794 1.29906 1.33131 0.37018 1.43816 1.40398 1.81004 1.04286 6
1.31652 -0.67475 -0.68794 0.71618 0.82748 0.48972 0.57762 0.47590 0.43248 0.73396 6
-0.75940 1.48167 -0.68794 1.17416 1.18016 1.68512 1.66247 2.06626 1.44969 1.35536 6
-0.75940 1.48167 -0.68794 1.71540 1.48246 0.96788 1.75526 1.33415 0.14511 1.82948 6
1.31652 -0.67475 -0.68794 0.05003 0.17250 -0.22752 -0.16975 -0.26972 -0.41138 0.04432 6
-0.75940 1.48167 -0.68794 -0.19978 -0.07942 -0.34706 -0.51437 -0.54003 -0.49805 -0.38671 6
-0.75940 1.48167 -0.68794 -0.03324 0.02135 -0.34706 -0.26559 -0.29224 -0.16507 -0.17120 6
-0.75940 1.48167 -0.68794 0.54964 0.47480 0.84834 0.27990 0.14251 0.59213 0.51126 6
-0.75940 1.48167 -0.68794 -0.61612 -0.48248 -0.34706 -0.65712 -0.61888 -0.68963 -0.56630 6
1.31652 -0.67475 -0.68794 -0.65776 -0.53286 -0.70568 -0.78966 -0.80584 -0.70332 -0.63455 6
1.31652 -0.67475 -0.68794 0.59127 0.57556 -0.34706 -0.06065 -0.15709 0.17704 -0.06344 6
-0.75940 -0.67475 1.45328 -0.99083 -1.03669 -0.82522 -0.95076 -0.91397 -1.00437 -0.81773 6
-0.75940 1.48167 -0.68794 -1.19901 -0.83516 -0.70568 -1.05680 -1.07841 -0.97244 -0.96141 6
-0.75940 1.48167 -0.68794 -0.24141 -0.23057 -0.22752 -0.28190 -0.21115 -0.01454 -0.45855 6
1.31652 -0.67475 -0.68794 -0.40795 -0.33133 -0.46660 -0.54190 -0.48147 -0.54823 -0.38671 6
-0.75940 -0.67475 1.45328 -1.03247 -0.98631 -0.94476 -1.10370 -1.10319 -1.06823 -1.03325 6
-0.75940 1.48167 -0.68794 -0.49122 -0.48248 -0.46660 -0.71829 -0.75403 -0.62121 -0.56630 6
-0.75940 -0.67475 1.45328 -0.40795 -0.43210 -0.46660 -0.60919 -0.49048 -0.75805 -0.54834 6
1.31652 -0.67475 -0.68794 0.59127 0.82748 1.08742 0.72648 0.55249 0.19073 0.87764 6
-0.75940 1.48167 -0.68794 1.46560 1.18016 1.20696 1.57581 1.56617 1.68232 1.37332 6
-0.75940 1.48167 -0.68794 0.75781 0.77709 0.48972 0.67040 0.63584 0.62863 0.54718 6
-0.75940 1.48167 -0.68794 0.79945 0.77709 0.84834 0.78868 0.83632 0.66056 0.76269 6
1.31652 -0.67475 -0.68794 0.84108 0.72671 0.72880 1.07416 1.40398 0.79740 0.71600 6
1.31652 -0.67475 -0.68794 0.63291 0.82748 1.68512 2.36294 2.90874 2.17496 1.81153 6
-0.75940 1.48167 -0.68794 0.67454 0.72671 0.25064 0.51033 0.41058 0.93880 0.38914 6
1.31652 -0.67475 -0.68794 0.75781 0.67633 0.84834 0.55927 0.46914 1.17600 0.24187 6
1.31652 -0.67475 -0.68794 0.79945 0.72671 0.25064 0.55621 0.61782 0.56933 0.47534 6
1.31652 -0.67475 -0.68794 0.84108 0.92824 0.01156 0.54499 0.83407 0.32757 0.40351 6
1.31652 -0.67475 -0.68794 0.96598 0.87786 0.72880 0.63268 0.81154 0.92512 0.33167 7
-0.75940 1.48167 -0.68794 1.63214 1.43207 0.96788 1.40961 1.25081 1.31741 1.40923 7
1.31652 -0.67475 -0.68794 1.75704 1.63361 1.68512 2.86866 3.65436 2.57637 2.10247 7
-0.75940 -0.67475 1.45328 0.17493 0.22288 0.25064 -0.17688 -0.03094 -0.20612 -0.22148 7
1.31652 -0.67475 -0.68794 0.59127 0.52518 0.72880 0.61330 0.94895 0.68336 0.18799 7
-0.75940 1.48167 -0.68794 0.63291 0.72671 0.72880 0.46342 0.44211 0.57389 0.53641 7
1.31652 -0.67475 -0.68794 0.75781 0.47480 0.25064 0.21362 0.10197 0.60582 0.16285 7
1.31652 -0.67475 -0.68794 0.25820 -0.02903 1.20696 1.17714 1.13592 1.47249 1.07878 7
1.31652 -0.67475 -0.68794 0.13330 0.12212 1.20696 -0.29210 -0.29900 -0.16050 1.01413 7
-0.75940 -0.67475 1.45328 0.21656 -0.02903 0.25064 -0.31249 -0.26071 -0.31103 -0.20711 7
-0.75940 1.48167 -0.68794 1.13252 1.23054 0.96788 1.40451 1.87929 1.10758 1.16499 7
1.31652 -0.67475 -0.68794 1.17416 1.18016 0.37018 1.07824 0.78001 1.13039 1.50621 7
1.31652 -0.67475 -0.68794 1.34069 1.02901 0.60926 1.46059 1.47156 1.79636 1.19731 7
-0.75940 1.48167 -0.68794 0.88272 0.87786 1.20696 0.68672 0.79577 0.28196 -0.54834 7
-0.75940 1.48167 -0.68794 0.88272 0.82748 0.72880 0.78868 0.46464 0.21810 0.51485 7
1.31652 -0.67475 -0.68794 0.29983 0.42441 0.37018 0.17080 0.00060 0.82477 0.79861 7
-0.75940 1.48167 -0.68794 -0.15815 -0.02903 0.48972 -0.29618 -0.39812 -0.32472 -0.17120 7
-0.75940 1.48167 -0.68794 -0.86593 -0.88554 -0.22752 -0.84676 -0.87793 -0.68051 -0.86084 7
-0.75940 1.48167 -0.68794 -1.03247 -0.73439 -0.58614 -0.80598 -0.67069 -0.54823 -0.85365 7
-0.75940 1.48167 -0.68794 -1.15737 -1.03669 -0.34706 -1.04966 -0.96128 -1.14122 -1.14100 7
-0.75940 1.48167 -0.68794 -0.57449 -0.48248 -0.70568 -0.79578 -0.69096 -0.75349 -0.81773 7
1.31652 -0.67475 -0.68794 -1.61535 -1.74205 -1.18384 -1.35758 -1.34197 -1.33736 -1.32060 7
-0.75940 1.48167 -0.68794 -0.53285 -0.78478 0.25064 -0.60410 -0.67970 -0.00085 -0.81773 7
1.31652 -0.67475 -0.68794 0.29983 0.32365 0.48972 0.57660 0.64935 0.89319 0.15207 7
-0.75940 1.48167 -0.68794 1.04925 1.38169 1.08742 1.38004 1.33866 1.46337 1.37332 7
-0.75940 1.48167 -0.68794 1.59050 1.78475 2.16328 2.53627 2.28026 2.08829 2.34312 7
-0.75940 1.48167 -0.68794 0.34147 0.42441 0.84834 0.83150 0.77100 0.59213 0.49690 7
1.31652 -0.67475 -0.68794 0.92435 0.87786 0.72880 1.10271 1.34091 1.13951 0.90637 7
1.31652 -0.67475 -0.68794 1.09089 0.97863 0.60926 0.89981 1.09988 0.74266 0.69086 7
1.31652 -0.67475 -0.68794 1.13252 1.23054 0.84834 1.53808 1.71259 1.55004 1.19372 7
-0.75940 1.48167 -0.68794 0.50801 0.57556 0.13110 0.31966 0.32948 0.30932 0.32808 7
1.31652 -0.67475 -0.68794 0.79945 0.72671 0.60926 0.52358 0.54799 0.70161 0.47534 7
-0.75940 1.48167 -0.68794 1.13252 1.23054 0.72880 1.22812 1.18323 1.17144 1.14343 7
-0.75940 1.48167 -0.68794 1.50723 1.23054 0.72880 1.49934 1.13817 1.94689 1.44515 7
-0.75940 1.48167 -0.68794 0.42474 0.12212 1.20696 1.90718 2.49876 1.79180 1.22605 7
-0.75940 -0.67475 1.45328 -0.03324 0.02135 0.01156 -0.26457 -0.08951 -0.47068 -0.31846 7
1.31652 -0.67475 -0.68794 0.75781 0.72671 1.08742 0.79887 0.62683 1.22618 0.65494 7
-0.75940 1.48167 -0.68794 1.00762 1.02901 0.37018 0.61229 0.64034 0.54196 0.74114 7
-0.75940 1.48167 -0.68794 1.42396 1.28092 0.84834 1.08538 0.84308 0.92056 1.62475 7
1.31652 -0.67475 -0.68794 -0.07488 -0.23057 -0.22752 -0.41955 -0.33279 -0.47524 -0.45855 7
-0.75940 1.48167 -0.68794 0.17493 0.12212 0.84834 -0.15241 -0.46570 -0.02822 0.25983 7
1.31652 -0.67475 -0.68794 -0.61612 -0.53286 -0.58614 -0.71523 -0.80810 -0.56647 -0.60222 7
-0.75940 1.48167 -0.68794 -0.57449 -0.33133 -0.34706 -0.75602 -0.72475 -0.63490 -0.85365 7
-0.75940 -0.67475 1.45328 0.00839 -0.07942 0.01156 -0.27171 -0.53553 -0.18787 0.10179 7
-0.75940 -0.67475 1.45328 1.67377 1.43207 1.92420 2.48937 1.86577 2.37110 2.98966 7
-0.75940 1.48167 -0.68794 -1.44881 -1.33899 -1.78154 -1.27193 -1.28340 -1.22332 -1.21284 7
-0.75940 -0.67475 1.45328 -0.24141 -0.23057 -0.34706 -0.64488 -0.68420 -0.59384 -0.48010 7
-0.75940 1.48167 -0.68794 0.42474 0.52518 0.60926 0.26256 0.55024 0.12687 -0.02034 7
-0.75940 1.48167 -0.68794 0.46637 0.17250 0.37018 0.09025 0.00961 0.62406 0.00122 7
-0.75940 1.48167 -0.68794 1.42396 1.53284 1.08742 1.92247 2.07301 1.37214 1.42360 7
-0.75940 1.48167 -0.68794 0.42474 0.72671 0.72880 0.55315 0.66062 0.61950 0.51126 7
1.31652 -0.67475 -0.68794 1.42396 1.23054 1.68512 1.38922 1.37245 2.08829 1.05005 7
1.31652 -0.67475 -0.68794 0.21656 0.22288 -0.22752 0.02194 -0.19763 0.13599 0.01199 7
1.31652 -0.67475 -0.68794 0.54964 0.32365 -0.10798 0.27990 0.35876 0.30932 0.15567 7
1.31652 -0.67475 -0.68794 -1.40718 -1.28861 -1.06430 -1.18935 -1.18879 -1.08192 -1.17692 7
-0.75940 1.48167 -0.68794 0.42474 0.37403 -0.10798 0.11064 0.09746 0.20897 0.15207 7
-0.75940 1.48167 -0.68794 0.17493 0.02135 -0.34706 -0.27579 -0.27873 -0.31559 -0.20711 7
-0.75940 1.48167 -0.68794 -0.28305 -0.33133 -0.10798 -0.44096 -0.46795 -0.71700 -0.13528 7
1.31652 -0.67475 -0.68794 0.29983 0.47480 0.37018 -0.06473 -0.08726 0.08581 0.02636 7
-0.75940 1.48167 -0.68794 -0.44959 -0.58325 0.13110 -0.63468 -0.77656 -0.52086 -0.42263 7
-0.75940 1.48167 -0.68794 -0.53285 -0.28095 -0.22752 -0.38692 -0.26747 -0.25630 -0.56630 7
1.31652 -0.67475 -0.68794 0.50801 0.47480 0.25064 0.32272 0.34300 0.24546 0.51126 7
1.31652 -0.67475 -0.68794 0.25820 0.42441 0.13110 0.17590 0.18306 0.59670 0.33167 7
-0.75940 1.48167 -0.68794 0.46637 0.52518 -0.46660 0.33597 0.46464 0.52827 0.29575 7
1.31652 -0.67475 -0.68794 0.21656 0.42441 -0.22752 0.18609 0.08394 0.52827 0.36759 7
-0.75940 1.48167 -0.68794 1.09089 1.02901 0.37018 0.93958 0.78902 0.95705 1.22964 7
1.31652 -0.67475 -0.68794 0.29983 0.27326 0.96788 0.12288 0.00285 0.21353 0.08024 7
-0.75940 -0.67475 1.45328 -0.44959 -0.63363 -0.58614 -0.69382 -0.71574 -0.66226 -0.52320 7
-0.75940 -0.67475 1.45328 -0.65776 -0.78478 -0.46660 -0.98237 -1.07841 -0.88121 -0.96141 7
1.31652 -0.67475 -0.68794 -1.24064 -1.08708 -0.94476 -1.18731 -1.15050 -1.21420 -1.11945 7
1.31652 -0.67475 -0.68794 0.00839 -0.07942 -0.22752 0.00155 -0.53553 0.01739 0.25983 7
-0.75940 1.48167 -0.68794 -0.82430 -0.63363 -0.70568 -0.94260 -1.05589 -0.90858 -0.87520 7
-0.75940 1.48167 -0.68794 0.13330 0.12212 0.01156 -0.04841 0.04340 -0.07384 -0.20711 7
1.31652 -0.67475 -0.68794 0.63291 0.87786 0.84834 0.94060 1.11114 0.87038 0.75910 7
-0.75940 1.48167 -0.68794 0.84108 0.82748 1.44604 1.12922 1.03681 0.95249 1.02131 7
1.31652 -0.67475 -0.68794 0.67454 0.62595 0.60926 0.82130 1.09537 0.74266 0.38555 7
-0.75940 1.48167 -0.68794 0.79945 1.02901 0.96788 1.02522 1.05708 0.87038 1.07160 7
1.31652 -0.67475 -0.68794 0.92435 0.82748 0.84834 1.11393 1.18773 0.82021 1.12188 7
1.31652 -0.67475 -0.68794 1.00762 0.92824 0.84834 1.03950 1.23278 1.08021 0.79143 7
1.31652 -0.67475 -0.68794 1.21579 1.18016 0.60926 1.59008 1.45354 1.22161 1.16139 7
1.31652 -0.67475 -0.68794 1.09089 1.07939 0.48972 0.98138 0.87236 1.71881 0.76269 7
-0.75940 -0.67475 1.45328 0.34147 0.32365 0.84834 0.09127 0.24613 0.26827 -0.20711 7
1.31652 -0.67475 -0.68794 0.63291 0.72671 0.37018 0.37778 0.41283 0.07213 0.61902 7
-0.75940 1.48167 -0.68794 1.21579 1.23054 2.04374 1.49424 1.21927 2.79532 0.96025 7
1.31652 -0.67475 -0.68794 1.00762 1.02901 0.37018 1.44836 1.26657 1.62302 1.37332 7
1.31652 -0.67475 -0.68794 1.29906 1.07939 0.72880 1.59620 2.17213 1.14407 1.12188 7
-0.75940 -0.67475 1.45328 0.05003 0.12212 -0.22752 0.01582 0.06818 -0.12401 0.07305 7
-0.75940 1.48167 -0.68794 0.67454 0.97863 0.96788 1.23424 1.66304 0.76091 1.38050 7
-0.75940 1.48167 -0.68794 0.79945 1.33131 0.60926 0.63268 0.63133 0.57389 0.84890 7
1.31652 -0.67475 -0.68794 0.88272 0.82748 0.72880 0.70507 0.74847 0.84301 0.71959 7
1.31652 -0.67475 -0.68794 1.17416 0.97863 0.48972 0.93856 1.14944 0.66056 0.91715 7
-0.75940 1.48167 -0.68794 1.29906 1.02901 1.44604 1.58804 1.59771 1.44513 1.66426 7
-0.75940 1.48167 -0.68794 1.50723 1.38169 0.72880 1.53196 1.28009 2.51707 0.18799 7
1.31652 -0.67475 -0.68794 1.54887 1.53284 1.92420 2.41901 2.53255 2.49426 2.35031 7
1.31652 -0.67475 -0.68794 0.63291 0.87786 0.84834 0.96201 1.17196 0.94337 0.64416 7
-0.75940 1.48167 -0.68794 0.71618 0.67633 0.25064 0.58068 0.72144 0.70161 0.44302 7
1.31652 -0.67475 -0.68794 0.84108 0.82748 1.08742 0.69385 0.75748 0.66512 0.75551 7
1.31652 -0.67475 -0.68794 1.42396 1.23054 1.20696 1.82969 1.81622 2.33005 1.55291 7
-0.75940 -0.67475 1.45328 -0.86593 -0.83516 -0.94476 -0.93954 -0.86441 -1.07736 -0.90035 7
1.31652 -0.67475 -0.68794 0.38310 0.47480 0.37018 0.00664 -0.00391 -0.06015 0.27420 7
1.31652 -0.67475 -0.68794 0.96598 1.23054 0.60926 0.73566 0.52771 1.08933 0.79861 8
1.31652 -0.67475 -0.68794 1.00762 0.82748 0.84834 1.00177 1.32064 0.51915 0.71600 8
-0.75940 1.48167 -0.68794 1.25743 1.02901 1.08742 1.31377 1.21702 1.11214 1.33380 8
1.31652 -0.67475 -0.68794 1.34069 1.43207 1.44604 1.92451 2.04373 1.88303 1.80434 8
1.31652 -0.67475 -0.68794 1.63214 1.78475 1.92420 2.21305 2.50552 2.43952 1.72532 8
1.31652 -0.67475 -0.68794 -0.49122 -0.58325 -0.46660 -0.62857 -0.71123 -0.16507 -0.38671 8
-0.75940 1.48167 -0.68794 -0.74103 -0.88554 -0.46660 -0.91813 -0.93424 -0.81279 -0.81773 8
1.31652 -0.67475 -0.68794 1.09089 1.83514 1.44604 1.46161 1.32740 1.78723 1.26556 8
-0.75940 1.48167 -0.68794 1.00762 0.92824 1.44604 1.22302 1.25982 1.13495 0.87045 8
1.31652 -0.67475 -0.68794 0.54964 0.82748 -0.10798 0.36554 0.28218 0.40055 0.33167 8
-0.75940 1.48167 -0.68794 0.54964 0.62595 0.72880 0.14531 -0.01968 0.09038 0.08024 8
-0.75940 1.48167 -0.68794 0.17493 0.32365 0.84834 -0.11061 -0.27422 0.06301 0.18799 8
-0.75940 -0.67475 1.45328 -0.44959 -0.58325 -0.10798 -0.53374 -0.57608 -0.31103 -0.62018 8
1.31652 -0.67475 -0.68794 -1.78189 -1.74205 -1.90108 -1.44527 -1.43207 -1.34648 -1.42836 8
-0.75940 -0.67475 1.45328 -0.03324 -0.28095 0.01156 -0.61939 -0.81936 -0.59840 -0.38671 8
-0.75940 1.48167 -0.68794 -0.65776 -0.73439 0.01156 -0.75908 -0.81485 -0.60753 -0.70998 8
1.31652 -0.67475 -0.68794 0.46637 0.52518 0.96788 0.64491 0.54348 0.87951 0.61902 8
-0.75940 1.48167 -0.68794 0.96598 0.92824 0.96788 1.36781 1.05257 1.21705 1.38050 8
-0.75940 -0.67475 1.45328 1.13252 1.18016 1.80466 1.95204 1.41074 1.65039 1.20450 8
1.31652 -0.67475 -0.68794 1.29906 1.12978 0.60926 1.32295 1.64276 0.89775 1.20090 8
1.31652 -0.67475 -0.68794 0.63291 0.87786 1.08742 0.58272 0.65836 0.75635 0.92074 8
1.31652 -0.67475 -0.68794 0.96598 0.97863 0.37018 0.74789 0.88813 0.27739 0.76988 8
-0.75940 1.48167 -0.68794 1.09089 1.07939 0.37018 0.97934 0.74171 1.50899 1.05005 8
-0.75940 1.48167 -0.68794 1.63214 1.58322 0.96788 1.81541 2.19466 2.06548 1.06800 8
1.31652 -0.67475 -0.68794 0.46637 0.37403 0.25064 0.25237 0.32498 0.12687 0.34604 8
1.31652 -0.67475 -0.68794 0.96598 0.97863 0.96788 0.95487 1.03906 1.20337 0.89200 8
1.31652 -0.67475 -0.68794 0.96598 1.68399 0.84834 1.28420 1.19674 0.77915 1.44156 8
-0.75940 1.48167 -0.68794 1.00762 1.12978 0.72880 0.75095 0.75072 1.02091 0.56155 8
1.31652 -0.67475 -0.68794 1.59050 1.43207 0.84834 2.03157 2.60689 1.82373 1.44515 8
1.31652 -0.67475 -0.68794 1.46560 1.38169 1.08742 1.60028 1.75990 2.03355 0.93151 8
-0.75940 -0.67475 1.45328 -0.03324 0.02135 0.01156 -0.33900 -0.36883 -0.22893 -0.30769 8
1.31652 -0.67475 -0.68794 0.88272 1.07939 0.84834 0.74789 0.59754 0.60582 0.94229 8
-0.75940 1.48167 -0.68794 1.09089 0.47480 0.72880 0.93958 1.02554 1.23986 0.73755 8
1.31652 -0.67475 -0.68794 -0.11651 -0.12980 -0.34706 -0.50621 -0.51976 -0.42963 -0.36516 8
1.31652 -0.67475 -0.68794 0.59127 0.47480 0.13110 0.23096 0.31822 0.01283 0.27420 8
-0.75940 1.48167 -0.68794 -0.44959 -0.33133 -0.82522 -0.64386 -0.57382 -0.35209 -0.78182 8
-0.75940 1.48167 -0.68794 0.79945 0.77709 0.84834 0.90185 0.77325 1.15775 0.94229 8
-0.75940 1.48167 -0.68794 -0.24141 -0.23057 -0.10798 -0.33900 -0.26521 -0.15594 -0.38671 8
-0.75940 1.48167 -0.68794 -0.24141 -0.33133 0.25064 -0.47257 -0.44092 -0.41595 -0.43699 8
-0.75940 1.48167 -0.68794 -0.11651 -0.68401 0.96788 -0.26151 -0.21340 -0.14226 -0.27895 8
1.31652 -0.67475 -0.68794 -1.61535 -1.64129 -1.30338 -1.34127 -1.32395 -1.31455 -1.32060 8
-0.75940 1.48167 -0.68794 1.17416 1.12978 0.60926 1.75322 1.66754 2.06548 1.34817 8
-0.75940 1.48167 -0.68794 1.46560 1.68399 1.44604 1.85110 1.87478 1.96969 1.59601 8
-0.75940 1.48167 -0.68794 1.46560 1.53284 0.84834 1.69612 2.25773 1.34021 1.14343 8
1.31652 -0.67475 -0.68794 1.09089 1.18016 0.48972 1.28726 1.47156 1.18968 1.19372 8
-0.75940 1.48167 -0.68794 0.71618 0.82748 0.72880 1.05785 1.55491 0.63319 0.47175 8
1.31652 -0.67475 -0.68794 0.79945 0.92824 0.96788 1.14757 1.65177 0.90231 0.66931 8
-0.75940 -0.67475 1.45328 0.79945 0.62595 0.37018 0.27990 0.39481 -0.08752 0.32448 8
-0.75940 -0.67475 1.45328 0.88272 0.82748 0.72880 0.79173 0.86561 0.28652 0.51126 8
1.31652 -0.67475 -0.68794 1.04925 0.87786 0.72880 0.91205 1.18097 0.45529 1.15062 8
1.31652 -0.67475 -0.68794 1.04925 1.18016 1.20696 1.10067 1.07285 1.05284 1.15780 8
1.31652 -0.67475 -0.68794 1.21579 1.33131 1.32650 0.79173 0.77775 0.84758 0.66571 8
-0.75940 -0.67475 1.45328 0.05003 0.02135 0.25064 -0.44198 -0.52201 -0.25630 -0.35438 8
-0.75940 1.48167 -0.68794 1.25743 1.33131 1.68512 1.55847 1.47156 1.25354 1.51699 8
-0.75940 1.48167 -0.68794 1.50723 1.53284 0.72880 1.28216 1.11565 1.25354 1.44515 8
1.31652 -0.67475 -0.68794 0.09166 0.02135 0.25064 -0.03720 -0.06473 0.05844 0.00840 8
-0.75940 1.48167 -0.68794 -0.32468 -0.07942 0.37018 -0.19932 -0.55580 0.02195 0.11616 8
-0.75940 -0.67475 1.45328 0.34147 0.22288 -0.10798 0.05253 -0.17286 -0.02822 0.25983 8
-0.75940 1.48167 -0.68794 -0.28305 -0.38171 -0.58614 -0.58676 -0.84864 -0.57560 -0.38671 8
1.31652 -0.67475 -0.68794 -0.03324 0.02135 -0.58614 -0.11979 -0.43416 -0.21524 0.15207 8
1.31652 -0.67475 -0.68794 1.38233 1.43207 1.32650 1.93368 1.84550 1.81916 1.37691 8
-0.75940 1.48167 -0.68794 0.50801 0.52518 0.25064 0.35637 0.64710 0.27283 0.09101 8
1.31652 -0.67475 -0.68794 1.13252 0.97863 1.20696 1.24342 1.43327 0.95249 -0.43699 8
1.31652 -0.67475 -0.68794 1.63214 1.38169 1.32650 1.87353 2.08203 1.84653 1.66426 8
-0.75940 -0.67475 1.45328 -0.03324 0.02135 0.01156 -0.46747 -0.52877 -0.39314 -0.40826 8
1.31652 -0.67475 -0.68794 0.63291 0.52518 0.37018 -0.33288 -0.33504 -0.28823 0.21673 8
1.31652 -0.67475 -0.68794 0.50801 1.02901 0.48972 0.79377 1.25982 0.55108 0.43943 8
1.31652 -0.67475 -0.68794 0.75781 0.67633 1.56558 1.03644 1.08186 0.92056 0.94229 8
-0.75940 1.48167 -0.68794 0.92435 0.77709 0.37018 0.49809 0.48491 0.15424 0.79861 8
1.31652 -0.67475 -0.68794 0.50801 0.42441 0.25064 0.34311 0.20784 0.93424 0.08742 8
1.31652 -0.67475 -0.68794 1.21579 1.18016 1.44604 1.85925 1.17647 1.06196 3.00403 8
1.31652 -0.67475 -0.68794 1.42396 1.43207 1.32650 1.70428 1.65628 1.63671 1.48107 8
-0.75940 1.48167 -0.68794 0.50801 0.47480 0.72880 0.33801 0.29794 0.75179 0.32808 8
1.31652 -0.67475 -0.68794 -0.19978 -0.07942 -0.22752 -0.33492 -0.45669 -0.43419 0.00840 8
-0.75940 1.48167 -0.68794 0.38310 0.57556 0.96788 0.95079 -0.09176 0.38231 1.44515 8
-0.75940 1.48167 -0.68794 0.88272 0.72671 0.25064 0.45629 0.14702 1.41776 0.33167 8
1.31652 -0.67475 -0.68794 0.71618 0.77709 0.72880 0.39511 0.26866 0.54652 0.87045 8
-0.75940 1.48167 -0.68794 0.34147 0.97863 1.68512 0.91307 0.63809 0.89775 0.83453 8
-0.75940 1.48167 -0.68794 -0.15815 -0.33133 0.96788 -0.53170 -0.57157 -0.28366 -0.49447 8
1.31652 -0.67475 -0.68794 -0.44959 -0.33133 -0.46660 -0.55516 -0.60085 -0.53454 -0.31487 8
-0.75940 1.48167 -0.68794 0.00839 0.32365 0.25064 0.02805 0.04114 0.16336 0.00840 8
1.31652 -0.67475 -0.68794 0.67454 0.92824 0.84834 0.54907 0.52771 0.46898 0.97821 8
-0.75940 1.48167 -0.68794 0.50801 0.57556 0.72880 0.33190 0.12224 0.39599 0.18799 8
-0.75940 1.48167 -0.68794 1.21579 1.43207 1.20696 1.14554 0.82506 1.12126 1.15780 8
-0.75940 1.48167 -0.68794 0.38310 0.42441 0.48972 0.29111 0.16729 0.67880 0.15207 8
1.31652 -0.67475 -0.68794 -1.07410 -1.13746 -0.58614 -1.04558 -1.07616 -1.10473 -0.92190 8
1.31652 -0.67475 -0.68794 0.42474 0.42441 0.60926 0.18915 -0.14357 0.40512 0.12334 8
1.31652 -0.67475 -0.68794 1.46560 1.68399 1.20696 2.94513 3.31421 2.16584 2.86754 8
1.31652 -0.67475 -0.68794 1.67377 0.97863 1.08742 2.34356 3.00335 2.23426 1.52058 8
-0.75940 1.48167 -0.68794 1.71540 1.68399 1.08742 2.14270 2.57535 1.81916 1.75046 8
-0.75940 1.48167 -0.68794 0.67454 0.62595 0.48972 0.51950 0.81605 0.37318 0.25983 8
1.31652 -0.67475 -0.68794 1.63214 1.68399 1.80466 2.74121 2.66771 3.49778 2.13839 8
1.31652 -0.67475 -0.68794 1.38233 1.18016 1.44604 1.94490 2.51002 1.38583 1.59601 8
1.31652 -0.67475 -0.68794 1.63214 1.58322 1.44604 2.60356 2.96280 1.66408 1.83308 8
-0.75940 -0.67475 1.45328 0.79945 0.77709 0.96788 0.66326 0.60430 0.68793 0.54718 8
1.31652 -0.67475 -0.68794 1.00762 0.92824 0.84834 0.93244 0.92417 0.97986 1.05723 8
-0.75940 1.48167 -0.68794 1.00762 0.72671 1.20696 1.10577 1.50085 1.00267 0.79861 8
-0.75940 1.48167 -0.68794 1.13252 1.28092 0.84834 1.40451 1.58419 1.20337 1.26556 8
1.31652 -0.67475 -0.68794 1.17416 1.12978 0.84834 1.10883 1.11114 1.27179 1.12188 8
1.31652 -0.67475 -0.68794 2.09011 2.23820 2.64144 3.97798 4.45630 5.28587 2.43651 8
1.31652 -0.67475 -0.68794 0.92435 1.18016 0.48972 0.74687 0.82956 0.59670 0.69086 9
-0.75940 1.48167 -0.68794 1.21579 1.23054 1.56558 1.16797 1.27784 0.60126 1.27274 9
-0.75940 1.48167 -0.68794 1.63214 1.68399 1.80466 2.59235 2.23971 2.75426 2.60892 9
-0.75940 1.48167 -0.68794 0.96598 1.02901 1.44604 1.14554 1.12916 1.37670 1.22964 9
1.31652 -0.67475 -0.68794 0.42474 0.42441 1.08742 0.19629 -0.07824 0.14967 0.79861 9
-0.75940 1.48167 -0.68794 -0.15815 -0.18018 0.84834 -0.27884 -0.41614 -0.27910 -0.17120 9
-0.75940 1.48167 -0.68794 0.50801 0.47480 0.60926 0.34515 -0.06473 0.62863 0.54718 9
-0.75940 1.48167 -0.68794 1.04925 0.92824 0.60926 0.64389 0.56601 0.34125 0.90637 9
-0.75940 1.48167 -0.68794 -0.07488 0.27326 0.72880 -0.40324 -0.37334 -0.63490 -0.16401 9
-0.75940 -0.67475 1.45328 0.29983 0.32365 0.72880 0.23605 -0.02193 0.33669 0.43943 9
-0.75940 1.48167 -0.68794 -0.99083 -0.83516 -0.70568 -0.96096 -0.96578 -0.98613 -0.92549 9
-0.75940 1.48167 -0.68794 0.50801 0.07173 0.37018 -0.26559 -0.26747 -0.31559 -0.31487 9
1.31652 -0.67475 -0.68794 0.88272 0.62595 0.25064 0.62554 0.80929 0.47354 0.52204 9
-0.75940 1.48167 -0.68794 1.63214 1.58322 0.72880 1.59926 1.63826 1.32197 1.83667 9
1.31652 -0.67475 -0.68794 1.00762 0.87786 1.20696 1.44836 1.13592 2.07461 1.48107 9
-0.75940 1.48167 -0.68794 1.29906 0.97863 0.72880 1.04969 1.34091 1.06196 0.83453 9
-0.75940 1.48167 -0.68794 1.88194 2.08705 1.56558 2.92575 2.07977 2.21145 3.49971 9
1.31652 -0.67475 -0.68794 0.34147 0.42441 0.01156 0.36044 0.08620 0.57845 0.18799 9
-0.75940 1.48167 -0.68794 0.42474 0.72671 0.25064 0.09331 0.07043 0.11318 0.36759 9
1.31652 -0.67475 -0.68794 -0.53285 -0.53286 -0.70568 -0.84370 -0.65041 -0.89946 -0.78182 9
-0.75940 1.48167 -0.68794 0.34147 0.42441 1.08742 0.20343 -0.25846 -0.00085 0.18799 9
-0.75940 1.48167 -0.68794 -1.07410 -1.08708 -0.82522 -1.00174 -0.97254 -0.95876 -1.01170 9
-0.75940 1.48167 -0.68794 0.50801 0.67633 1.08742 0.05864 -0.05797 -0.01910 0.25983 9
-0.75940 1.48167 -0.68794 0.71618 0.72671 0.48972 0.82640 1.07510 0.52371 0.54718 9
1.31652 -0.67475 -0.68794 1.04925 1.07939 1.08742 1.11291 1.75990 -0.00085 0.93511 9
1.31652 -0.67475 -0.68794 1.59050 1.12978 0.96788 1.57275 1.57068 1.56829 1.48107 9
-0.75940 1.48167 -0.68794 -0.61612 -0.48248 -0.70568 -0.77845 -0.70448 -0.89946 -0.78182 9
-0.75940 1.48167 -0.68794 0.00839 0.02135 0.25064 -0.24622 -0.38460 -0.26998 0.08024 9
1.31652 -0.67475 -0.68794 0.79945 0.92824 1.44604 0.79989 0.45563 0.75179 1.37332 9
-0.75940 1.48167 -0.68794 0.00839 0.22288 -0.34706 -0.03210 -0.12555 -0.13314 -0.44059 9
1.31652 -0.67475 -0.68794 0.25820 0.37403 -0.10798 0.01480 -0.10528 -0.16507 0.25983 9
-0.75940 1.48167 -0.68794 -0.61612 -0.48248 -0.34706 -0.67139 -0.70222 -0.73525 -0.49447 9
1.31652 -0.67475 -0.68794 0.79945 0.67633 1.08742 1.01197 1.10438 1.31741 0.65494 9
1.31652 -0.67475 -0.68794 -0.28305 -0.18018 0.01156 -0.24826 -0.35982 0.34582 -0.42263 9
1.31652 -0.67475 -0.68794 1.34069 1.12978 0.25064 1.04867 0.46914 1.01635 1.15780 9
1.31652 -0.67475 -0.68794 0.17493 0.02135 0.01156 -0.41547 -0.61437 -0.18787 -0.02752 9
1.31652 -0.67475 -0.68794 0.46637 0.42441 0.84834 0.48789 0.29569 0.20441 0.58310 9
-0.75940 1.48167 -0.68794 0.50801 0.57556 0.01156 0.16162 0.09746 -0.17419 0.54718 9
-0.75940 1.48167 -0.68794 1.13252 1.23054 0.72880 1.01401 0.71919 0.74722 1.44515 9
-0.75940 1.48167 -0.68794 0.21656 0.02135 0.13110 -0.00049 -0.22467 0.09038 0.08024 9
-0.75940 1.48167 -0.68794 -1.11574 -1.08708 -0.94476 -1.14958 -1.13473 -1.10016 -1.09431 9
-0.75940 -0.67475 1.45328 -0.82430 -0.63363 -0.34706 -0.82331 -0.89820 -0.92227 -0.60941 9
1.31652 -0.67475 -0.68794 -0.90756 -0.63363 -0.10798 -0.90182 -1.04237 -1.00893 -0.65251 9
-0.75940 1.48167 -0.68794 -0.78266 -0.73439 -0.46660 -0.78457 -0.92073 -0.60297 -0.70998 9
-0.75940 -0.67475 1.45328 -0.07488 0.12212 -0.10798 -0.24010 -0.10077 -0.33384 -0.24303 9
-0.75940 1.48167 -0.68794 1.63214 1.68399 0.72880 2.25282 2.49426 1.90127 1.94802 9
1.31652 -0.67475 -0.68794 0.79945 1.07939 0.84834 0.79989 0.79127 0.55108 1.12188 9
1.31652 -0.67475 -0.68794 1.25743 1.18016 0.48972 0.92734 0.95796 0.86582 0.83094 9
-0.75940 1.48167 -0.68794 1.50723 1.38169 0.96788 1.44938 1.11790 1.70513 1.62116 9
1.31652 -0.67475 -0.68794 1.42396 1.38169 1.08742 1.51463 1.37470 1.85110 1.52058 9
-0.75940 1.48167 -0.68794 1.00762 0.92824 0.72880 0.72546 0.54573 0.85214 0.83453 9
-0.75940 1.48167 -0.68794 1.04925 1.07939 1.32650 1.16593 0.72144 1.63671 1.44515 9
-0.75940 1.48167 -0.68794 -0.07488 0.07173 -0.22752 -0.13202 -0.37559 0.14055 0.08024 9
-0.75940 1.48167 -0.68794 0.84108 1.18016 1.32650 1.06703 0.41058 0.58301 2.09169 9
-0.75940 1.48167 -0.68794 0.79945 1.02901 0.25064 1.27910 0.99851 0.97530 0.58310 9
-0.75940 1.48167 -0.68794 0.17493 0.37403 0.84834 0.04845 -0.05797 0.07669 0.40351 9
-0.75940 1.48167 -0.68794 1.21579 1.12978 0.25064 1.17714 0.71919 1.52723 0.94229 9
-0.75940 1.48167 -0.68794 1.00762 1.18016 1.44604 1.26483 1.08862 0.69249 1.91210 9
-0.75940 -0.67475 1.45328 -0.65776 -0.78478 -0.94476 -0.79884 -0.88469 -0.95876 -0.49447 9
-0.75940 -0.67475 1.45328 0.42474 0.42441 0.72880 0.20954 -0.00616 0.30932 0.15207 9
1.31652 -0.67475 -0.68794 0.38310 0.12212 0.37018 0.36554 0.07944 0.11318 0.72678 9
-0.75940 1.48167 -0.68794 1.38233 1.38169 1.56558 2.25180 1.91984 2.26619 1.86181 9
1.31652 -0.67475 -0.68794 1.46560 1.43207 1.44604 1.41573 1.50310 1.14407 1.44874 9
1.31652 -0.67475 -0.68794 1.46560 1.33131 1.56558 1.85823 1.93335 1.75530 1.77920 9
-0.75940 1.48167 -0.68794 0.67454 0.87786 0.72880 0.53582 0.34750 0.82933 0.69086 9
-0.75940 1.48167 -0.68794 0.25820 0.12212 0.01156 0.08005 -0.13231 0.56933 -0.20711 9
1.31652 -0.67475 -0.68794 0.21656 0.27326 0.48972 0.15754 -0.07824 0.35038 0.40351 9
-0.75940 1.48167 -0.68794 0.84108 0.67633 -0.22752 0.06272 -0.17961 -0.02822 0.00840 9
-0.75940 1.48167 -0.68794 1.17416 1.63361 1.08742 1.41369 1.51887 1.11214 1.19372 9
-0.75940 1.48167 -0.68794 0.79945 0.92824 0.84834 0.64695 0.52996 0.45073 1.08596 9
-0.75940 1.48167 -0.68794 -0.57449 -0.43210 -0.70568 -0.90488 -0.87117 -1.22788 -0.74949 9
-0.75940 1.48167 -0.68794 -0.11651 -0.28095 -0.22752 -0.49908 -0.60987 -0.41138 -0.38671 9
-0.75940 -0.67475 1.45328 0.71618 0.72671 0.60926 0.54703 0.27992 0.76091 0.69086 9
1.31652 -0.67475 -0.68794 0.17493 0.12212 -0.34706 0.29723 -0.02869 -0.06015 0.47534 9
1.31652 -0.67475 -0.68794 0.79945 0.72671 0.48972 0.50523 0.23712 0.66056 0.43943 9
1.31652 -0.67475 -0.68794 1.79867 1.98629 1.44604 3.39273 3.54173 3.59813 2.04500 9
1.31652 -0.67475 -0.68794 0.96598 0.92824 0.84834 0.90593 0.66287 1.02091 1.19372 9
1.31652 -0.67475 -0.68794 1.04925 1.18016 1.56558 1.22099 1.48958 1.14407 1.41283 9
-0.75940 1.48167 -0.68794 -0.19978 -0.07942 0.25064 -0.04128 -0.38911 -0.62577 0.40351 9
-0.75940 -0.67475 1.45328 -0.36632 -0.18018 0.25064 -0.41037 -0.37559 -0.42507 -0.38671 9
-0.75940 -0.67475 1.45328 0.75781 0.52518 1.20696 0.48382 0.33399 0.41424 0.65494 9
1.31652 -0.67475 -0.68794 0.05003 0.17250 -0.70568 -0.18300 -0.55130 -0.17875 0.40351 9
-0.75940 1.48167 -0.68794 0.00839 0.07173 0.25064 -0.23092 -0.55805 -0.08752 0.22391 9
-0.75940 1.48167 -0.68794 0.05003 0.17250 -0.22752 -0.22786 -0.66618 -0.13314 0.11616 9
-0.75940 1.48167 -0.68794 0.84108 0.87786 0.48972 0.82640 1.23504 0.10406 0.79861 9
1.31652 -0.67475 -0.68794 -0.32468 -0.12980 0.01156 -0.40629 -0.58959 -0.48893 -0.09936 9
1.31652 -0.67475 -0.68794 0.63291 0.67633 1.20696 0.52766 0.19658 0.77459 0.61902 9
-0.75940 1.48167 -0.68794 0.67454 0.87786 0.72880 0.83558 0.75973 0.60126 1.08596 9
-0.75940 -0.67475 1.45328 0.21656 0.17250 0.25064 -0.04638 0.07493 -0.08752 0.04432 9
1.31652 -0.67475 -0.68794 0.09166 0.02135 -0.10798 0.06782 -0.33279 -0.25630 0.58310 9
1.31652 -0.67475 -0.68794 0.09166 0.12212 -0.22752 -0.04740 -0.26296 0.00371 0.29575 9
1.31652 -0.67475 -0.68794 1.00762 0.92824 1.20696 1.49016 1.71935 1.74162 1.04645 9
-0.75940 1.48167 -0.68794 1.67377 1.58322 1.68512 2.67901 3.02137 2.79532 1.89773 9
-0.75940 1.48167 -0.68794 0.84108 1.07939 0.96788 1.05989 0.74847 0.65143 1.10392 9
1.31652 -0.67475 -0.68794 0.29983 0.12212 1.32650 -0.04128 -0.25620 -0.00998 0.33167 9
-0.75940 1.48167 -0.68794 0.59127 0.62595 2.64144 0.92632 0.46239 0.61038 1.48107 9
-0.75940 1.48167 -0.68794 0.25820 0.47480 0.96788 0.26358 -0.28549 0.13143 1.08596 9
-0.75940 1.48167 -0.68794 0.38310 0.42441 0.60926 0.15143 -0.13006 0.03564 0.40351 9
-0.75940 1.48167 -0.68794 0.38310 0.52518 0.72880 0.55315 0.23938 0.36406 1.01413 9
-0.75940 -0.67475 1.45328 0.54964 0.42441 0.48972 0.13103 -0.38235 0.34582 0.76269 9
-0.75940 1.48167 -0.68794 -0.32468 -0.43210 0.01156 -0.42669 -0.44993 -0.32928 -0.44418 10
-0.75940 -0.67475 1.45328 0.71618 0.67633 0.72880 0.42774 0.37904 0.55108 0.58310 10
-0.75940 -0.67475 1.45328 -0.19978 -0.23057 0.37018 -0.13610 0.09070 -0.17875 -0.35079 10
-0.75940 -0.67475 1.45328 0.34147 0.27326 0.37018 -0.09532 -0.39587 -0.11489 0.33167 10
-0.75940 1.48167 -0.68794 0.75781 0.62595 0.84834 0.95793 0.69441 1.48162 0.58310 10
1.31652 -0.67475 -0.68794 -0.53285 -0.48248 -0.10798 -0.44504 -0.73827 -0.67139 -0.02752 10
1.31652 -0.67475 -0.68794 1.71540 1.78475 2.04374 2.85846 3.96522 2.20233 2.32876 10
1.31652 -0.67475 -0.68794 0.50801 0.42441 0.25064 0.44507 0.32498 0.87038 0.54718 10
-0.75940 1.48167 -0.68794 0.38310 0.57556 0.37018 0.08821 -0.15709 0.53284 0.33167 10
-0.75940 1.48167 -0.68794 0.50801 0.52518 0.72880 0.51950 0.06818 1.32653 0.61902 10
-0.75940 1.48167 -0.68794 0.96598 0.97863 1.20696 0.82946 0.37904 1.18512 0.90637 10
1.31652 -0.67475 -0.68794 1.17416 1.28092 0.37018 1.13024 1.06609 0.69249 1.76842 10
-0.75940 1.48167 -0.68794 0.59127 0.77709 0.13110 0.86209 0.64935 1.02091 0.65494 10
1.31652 -0.67475 -0.68794 0.75781 0.87786 1.44604 0.96914 0.99175 1.19425 0.94947 10
1.31652 -0.67475 -0.68794 0.38310 0.42441 0.37018 0.16570 -0.15033 0.08125 0.83453 10
-0.75940 1.48167 -0.68794 0.21656 0.57556 0.25064 0.51644 -0.00841 0.12231 -0.35079 10
1.31652 -0.67475 -0.68794 0.67454 0.67633 0.96788 0.21974 0.15603 0.35038 0.40351 10
1.31652 -0.67475 -0.68794 0.21656 0.27326 0.13110 0.02907 -0.14132 0.09950 0.11616 10
1.31652 -0.67475 -0.68794 0.29983 0.42441 0.48972 0.19017 0.32723 -0.02366 0.15207 10
1.31652 -0.67475 -0.68794 0.63291 0.87786 0.60926 0.84169 0.56601 0.88407 0.72678 10
1.31652 -0.67475 -0.68794 0.67454 0.62595 0.96788 0.63574 0.07268 0.91144 1.05005 10
1.31652 -0.67475 -0.68794 0.63291 0.62595 0.84834 0.56334 0.57276 0.60582 0.54718 10
-0.75940 1.48167 -0.68794 -0.19978 -0.33133 0.01156 -0.45829 -0.52877 -0.35665 -0.42981 10
1.31652 -0.67475 -0.68794 0.00839 0.02135 -0.22752 0.32884 0.12224 0.56933 0.40351 10
-0.75940 1.48167 -0.68794 -0.03324 -0.07942 -0.46660 -0.36143 -0.44317 0.19073 -0.53038 10
1.31652 -0.67475 -0.68794 0.38310 0.22288 -0.46660 0.47464 -0.05121 -0.12401 0.51126 10
1.31652 -0.67475 -0.68794 -0.15815 -0.23057 0.13110 -0.30841 -0.55580 -0.01454 -0.27895 10
1.31652 -0.67475 -0.68794 -0.07488 -0.02903 0.13110 -0.27273 -0.65041 -0.15594 -0.03470 10
-0.75940 1.48167 -0.68794 1.46560 1.28092 0.84834 1.92553 1.44678 2.73146 1.96238 10
-0.75940 1.48167 -0.68794 1.25743 1.43207 0.96788 1.75322 0.91291 1.73250 2.59456 10
1.31652 -0.67475 -0.68794 0.92435 1.02901 1.68512 1.56867 1.32514 0.93880 2.45088 10
-0.75940 -0.67475 1.45328 0.25820 0.47480 0.72880 0.03009 -0.22692 0.09038 0.43943 10
1.31652 -0.67475 -0.68794 0.96598 0.82748 0.01156 0.74483 0.38354 0.52371 0.97821 10
1.31652 -0.67475 -0.68794 0.92435 0.72671 1.20696 1.30153 1.00527 1.11670 1.30148 10
-0.75940 1.48167 -0.68794 -0.49122 -0.18018 0.01156 -0.55719 -0.65942 -0.66683 -0.17120 10
1.31652 -0.67475 -0.68794 0.09166 0.12212 0.48972 -0.22175 -0.38010 -0.15138 -0.09936 10
-0.75940 1.48167 -0.68794 -0.36632 -0.38171 -0.22752 -0.48990 -0.50399 -0.27454 -0.56989 10
-0.75940 -0.67475 1.45328 1.13252 1.18016 0.96788 1.76341 1.09537 2.00618 1.30148 10
-0.75940 1.48167 -0.68794 -0.03324 -0.02903 0.13110 0.00053 -0.02643 -0.11033 -0.24303 10
1.31652 -0.67475 -0.68794 -0.65776 -0.63363 0.01156 -0.71931 -0.69321 -0.72156 -0.93627 10
-0.75940 1.48167 -0.68794 0.13330 0.67633 0.37018 0.79173 0.77100 1.15775 0.72678 10
-0.75940 1.48167 -0.68794 -0.03324 0.17250 0.60926 0.32578 0.16504 0.40512 0.58310 10
-0.75940 1.48167 -0.68794 1.79867 1.93590 1.32650 2.33541 1.07510 2.07917 3.38477 10
-0.75940 1.48167 -0.68794 1.34069 1.38169 0.96788 1.91533 1.75765 1.92864 1.76842 10
1.31652 -0.67475 -0.68794 1.13252 1.38169 1.08742 1.00177 0.77100 0.75635 1.55291 10
1.31652 -0.67475 -0.68794 0.09166 -0.02903 1.08742 0.01174 -0.18862 -0.07384 0.36759 10
1.31652 -0.67475 -0.68794 0.46637 0.52518 0.60926 0.81315 0.51194 0.14511 1.40923 10
1.31652 -0.67475 -0.68794 0.09166 0.12212 0.60926 0.18507 -0.10753 0.16336 0.15207 10
-0.75940 1.48167 -0.68794 0.00839 -0.18018 -0.10798 -0.46543 -0.59860 -0.45244 -0.20711 10
1.31652 -0.67475 -0.68794 -0.11651 0.07173 0.01156 -0.02089 -0.25620 0.31845 -0.02752 10
1.31652 -0.67475 -0.68794 0.96598 1.18016 1.44604 1.11699 0.36327 1.15775 1.66067 10
1.31652 -0.67475 -0.68794 0.67454 0.77709 0.84834 0.64491 0.32948 0.81565 1.19372 10
-0.75940 1.48167 -0.68794 0.09166 0.17250 0.37018 -0.10653 -0.25846 -0.21980 0.08024 10
1.31652 -0.67475 -0.68794 0.34147 0.57556 0.25064 0.61127 0.07944 1.56829 0.65494 10
1.31652 -0.67475 -0.68794 1.09089 1.07939 1.44604 1.10985 0.37679 1.43144 1.80434 10
1.31652 -0.67475 -0.68794 0.17493 0.42441 0.48972 0.06680 -0.30126 -0.23805 0.90637 10
1.31652 -0.67475 -0.68794 0.59127 0.72671 0.60926 0.88350 0.55925 0.93424 1.22964 10
-0.75940 1.48167 -0.68794 -0.24141 -0.07942 0.37018 -0.37571 -0.52877 -0.43875 -0.24303 10
-0.75940 -0.67475 1.45328 1.04925 1.07939 0.48972 0.68060 0.61106 0.20441 0.65494 10
-0.75940 1.48167 -0.68794 0.38310 0.32365 0.01156 0.25441 0.08620 0.18617 0.47534 10
-0.75940 1.48167 -0.68794 -0.19978 -0.28095 0.37018 -0.35429 -0.53553 -0.34296 -0.24303 10
1.31652 -0.67475 -0.68794 2.09011 1.63361 1.92420 2.45368 1.69232 2.69040 3.01481 10
-0.75940 1.48167 -0.68794 1.59050 1.58322 2.40236 2.79525 1.64502 2.59461 4.64193 10
1.31652 -0.67475 -0.68794 0.46637 0.57556 0.84834 0.42060 0.18757 0.05388 1.05005 10
-0.75940 1.48167 -0.68794 1.54887 1.58322 1.32650 1.83071 1.25531 1.42232 2.34312 10
-0.75940 -0.67475 1.45328 0.92435 0.97863 1.20696 1.02522 0.99626 0.65143 1.40923 10
1.31652 -0.67475 -0.68794 1.00762 0.92824 1.20696 0.81620 0.74171 0.88863 1.12188 10
-0.75940 -0.67475 1.45328 0.54964 0.57556 1.32650 0.52970 0.04114 0.05844 0.97821 10
1.31652 -0.67475 -0.68794 0.71618 0.92824 2.40236 1.65839 0.77775 1.40407 3.24110 10
-0.75940 1.48167 -0.68794 0.34147 0.47480 0.25064 -0.01681 0.02538 -0.19700 0.15207 10
-0.75940 -0.67475 1.45328 0.00839 0.02135 0.84834 0.09229 -0.00391 0.24090 -0.24303 10
-0.75940 -0.67475 1.45328 -0.24141 -0.38171 -0.34706 -0.71625 -0.78557 -1.00437 -0.50165 10
-0.75940 -0.67475 1.45328 -0.32468 -0.28095 0.01156 -0.31759 -0.63915 -0.46156 -0.31487 10
-0.75940 -0.67475 1.45328 1.04925 1.18016 0.96788 1.62577 1.07060 1.49530 2.09169 10
-0.75940 1.48167 -0.68794 1.84031 1.78475 1.20696 2.31909 2.18114 2.33917 2.49039 10
1.31652 -0.67475 -0.68794 0.75781 0.72671 1.20696 1.08334 0.77100 0.51915 1.66067 10
-0.75940 1.48167 -0.68794 0.63291 0.67633 0.96788 0.67958 0.68314 0.79284 0.58310 10
-0.75940 1.48167 -0.68794 -0.49122 -0.58325 -0.22752 -0.68261 -0.74277 -0.70788 -0.60222 10
1.31652 -0.67475 -0.68794 1.00762 0.77709 0.37018 1.34640 1.04582 1.19881 1.01413 10
1.31652 -0.67475 -0.68794 0.92435 1.02901 0.37018 0.66734 0.30921 0.98898 0.54718 10
-0.75940 1.48167 -0.68794 1.00762 0.82748 1.20696 0.97424 0.53898 1.60478 0.76269 10
-0.75940 1.48167 -0.68794 1.29906 1.43207 0.84834 1.97651 2.05274 1.93320 1.55291 10
1.31652 -0.67475 -0.68794 0.29983 0.42441 1.08742 0.49197 0.09521 -0.05103 1.22964 10
-0.75940 1.48167 -0.68794 1.29906 1.73437 1.44604 1.95408 1.01653 2.48514 2.59456 10
-0.75940 1.48167 -0.68794 0.46637 0.52518 0.25064 0.34005 0.31371 0.28652 0.15207 10
-0.75940 1.48167 -0.68794 0.67454 0.77709 0.60926 0.37064 0.34074 0.25915 0.43943 10
1.31652 -0.67475 -0.68794 0.00839 -0.12980 0.60926 -0.09532 -0.33504 -0.36577 0.33167 10
-0.75940 1.48167 -0.68794 0.05003 0.07173 0.25064 -0.10449 -0.55130 -0.35665 0.65494 10
1.31652 -0.67475 -0.68794 0.63291 0.62595 0.37018 0.42264 0.35201 0.14055 0.61902 10
1.31652 -0.67475 -0.68794 0.05003 0.07173 -0.22752 0.02805 -0.38010 0.12687 0.18799 10
1.31652 -0.67475 -0.68794 1.09089 1.18016 1.08742 0.87738 0.57502 0.37318 1.48107 10
1.31652 -0.67475 -0.68794 0.34147 0.27326 1.08742 0.41448 -0.02418 0.21810 0.51126 10
-0.75940 -0.67475 1.45328 0.46637 0.37403 0.72880 0.71221 0.15378 0.32757 0.54718 10
1.31652 -0.67475 -0.68794 0.96598 1.02901 0.84834 1.09965 0.70116 0.77915 2.37904 10
1.31652 -0.67475 -0.68794 1.21579 1.43207 0.72880 0.85291 0.50744 0.59213 1.15780 10
1.31652 -0.67475 -0.68794 0.88272 0.77709 0.84834 0.96099 0.33399 1.03916 1.58883 10
-0.75940 1.48167 -0.68794 -0.28305 -0.23057 0.25064 -0.08614 -0.53328 -0.37033 0.00840 10
1.31652 -0.67475 -0.68794 0.71618 0.82748 0.25064 0.55927 0.29569 0.19985 0.87045 10
1.31652 -0.67475 -0.68794 1.38233 1.33131 1.08742 1.61251 0.78226 1.57285 2.27129 10
-0.75940 1.48167 -0.68794 0.21656 0.57556 0.96788 0.78256 -0.15709 0.22266 2.05577 10
