-0.75940 -0.67475 1.45328 -3.28073 -3.10239 -2.61831 -1.66346 -1.59877 -1.62017 -1.68697 1
-0.75940 -0.67475 1.45328 -2.98929 -2.90086 -2.61831 -1.64613 -1.58751 -1.60192 -1.67979 1
-0.75940 -0.67475 1.45328 -2.73948 -2.59857 -2.25970 -1.61350 -1.53795 -1.59280 -1.63668 1
-0.75940 -0.67475 1.45328 -2.94765 -2.80010 -1.06430 -1.62879 -1.56047 -1.57455 -1.64387 1
-0.75940 -0.67475 1.45328 -2.48967 -2.44742 -2.02062 -1.56966 -1.49740 -1.53350 -1.60795 1
-0.75940 -0.67475 1.45328 -2.32314 -2.04435 -1.90108 -1.53397 -1.46586 -1.51982 -1.56125 1
-0.75940 -0.67475 1.45328 -2.36477 -2.29627 -2.02062 -1.57679 -1.51317 -1.52894 -1.58640 1
-0.75940 -0.67475 1.45328 -2.98929 -2.95125 -2.97693 -1.66040 -1.59426 -1.62017 -1.67979 1
-0.75940 -0.67475 1.45328 -2.48967 -2.39703 -1.66200 -1.57475 -1.51092 -1.52894 -1.60077 1
-0.75940 -0.67475 1.45328 -2.53131 -2.49780 -2.14016 -1.59005 -1.52218 -1.55631 -1.60795 1
-0.75940 -0.67475 1.45328 -2.07333 -2.09474 -2.02062 -1.50134 -1.44784 -1.45596 -1.52893 1
-0.75940 -0.67475 1.45328 -1.74025 -1.74205 -1.54246 -1.42793 -1.38927 -1.39210 -1.42476 1
-0.75940 -0.67475 1.45328 -2.23987 -2.24588 -1.78154 -1.53907 -1.48163 -1.49701 -1.57203 1
-0.75940 -0.67475 1.45328 -2.48967 -2.39703 -2.14016 -1.58495 -1.53344 -1.53806 -1.59358 1
-0.75940 -0.67475 1.45328 -2.19823 -2.04435 -1.66200 -1.49217 -1.43207 -1.47420 -1.49660 1
-0.75940 -0.67475 1.45328 -1.86516 -1.94359 -2.14016 -1.44832 -1.40279 -1.44227 -1.41399 1
-0.75940 -0.67475 1.45328 -3.03092 -2.90086 -2.49877 -1.64715 -1.58525 -1.60648 -1.67979 1
-0.75940 -0.67475 1.45328 -2.15660 -2.04435 -1.66200 -1.47483 -1.44334 -1.27350 -1.46427 1
-0.75940 -0.67475 1.45328 -1.86516 -1.89320 -1.42292 -1.44323 -1.40504 -1.26438 -1.46427 1
-0.75940 -0.67475 1.45328 -2.36477 -2.34665 -2.02062 -1.54621 -1.50641 -1.51982 -1.56485 1
-0.75940 -0.67475 1.45328 -1.69862 -1.69167 -1.18384 -1.36880 -1.30367 -1.40578 -1.41040 1
-0.75940 -0.67475 1.45328 -2.28150 -2.29627 -1.78154 -1.55028 -1.50866 -1.50613 -1.55407 1
-0.75940 -0.67475 1.45328 -2.03169 -1.99397 -1.30338 -1.47076 -1.43207 -1.42859 -1.47146 1
-0.75940 -0.67475 1.45328 -1.53208 -1.43976 -1.42292 -1.27907 -1.21357 -1.21420 -1.32060 1
-0.75940 -0.67475 1.45328 -1.78189 -1.84282 -1.66200 -1.47483 0.34074 -1.51069 -1.42836 1
-0.75940 -0.67475 1.45328 -1.74025 -1.79244 -1.42292 -1.40958 -1.37351 -1.36473 -1.39603 1
-0.75940 -0.67475 1.45328 -1.61535 -2.04435 -1.06430 -1.36472 -1.27214 -1.35560 -1.40321 1
-0.75940 -0.67475 1.45328 -1.03247 -1.18784 -0.94476 -1.14448 -1.07616 -1.09560 -1.16615 1
-0.75940 -0.67475 1.45328 -1.32391 -1.54052 -1.42292 -1.28519 -1.26538 -1.33280 -1.33497 1
-0.75940 -0.67475 1.45328 -0.94920 -0.88554 -1.06430 -1.09758 -0.98380 -1.07279 -1.19129 1
-0.75940 -0.67475 1.45328 -2.61458 -2.39703 -2.25970 -1.59311 -1.53344 -1.54719 -1.62232 1
-0.75940 -0.67475 1.45328 -2.07333 -2.34665 -1.18384 -1.21789 -1.18654 -1.12753 -1.20925 1
-0.75940 -0.67475 1.45328 -2.82275 -2.74971 -2.37924 -1.63491 -1.57174 -1.59736 -1.65105 1
-0.75940 -0.67475 1.45328 -2.61458 -2.59857 -2.02062 -1.59515 -1.54245 -1.53806 -1.60795 1
-0.75940 -0.67475 1.45328 -1.65698 -1.59091 -2.02062 -1.35146 -1.27664 -1.18227 -1.39244 1
1.31652 -0.67475 -0.68794 -1.24064 -1.03669 -1.18384 -1.02825 -0.99056 -1.13209 -1.03325 1
-0.75940 -0.67475 1.45328 -2.57294 -2.59857 -2.61831 -1.61146 -1.56723 -1.60192 -1.64387 1
1.31652 -0.67475 -0.68794 -3.07256 -2.95125 -2.73785 -1.64103 -1.57850 -1.60192 -1.66183 1
-0.75940 -0.67475 1.45328 -2.28150 -2.29627 -1.90108 -1.54111 -1.49290 -1.49245 -1.55407 1
-0.75940 -0.67475 1.45328 -2.28150 -2.24588 -1.78154 -1.54519 -1.49740 -1.47876 -1.55407 1
-0.75940 -0.67475 1.45328 -2.07333 -2.04435 -1.66200 -1.47483 0.61106 -1.47420 -1.48942 1
-0.75940 -0.67475 1.45328 -1.69862 -2.04435 -1.42292 -1.32087 -1.22258 -1.33736 -1.36011 1
-0.75940 -0.67475 1.45328 -2.44804 -2.39703 -2.14016 -1.57373 -1.50191 -1.52894 -1.60077 1
-0.75940 -0.67475 1.45328 -1.94843 -1.94359 -1.90108 -1.46260 -1.38026 -1.47876 -1.48583 1
-0.75940 -0.67475 1.45328 -1.86516 -1.79244 -1.54246 -1.38409 -1.34647 -1.26438 -1.39244 1
1.31652 -0.67475 -0.68794 -2.03169 -1.99397 -1.78154 -1.50542 -1.46136 -1.46508 -1.50019 1
-0.75940 -0.67475 1.45328 -2.23987 -2.19550 -1.66200 -1.52377 -1.49290 -1.50157 -1.49301 1
-0.75940 -0.67475 1.45328 -1.44881 -1.43976 -1.06430 -1.28417 -1.29016 -1.20052 -1.28468 1
-0.75940 -0.67475 1.45328 -1.86516 -1.84282 -1.54246 -1.41570 -1.36224 -1.39210 -1.39962 1
-0.75940 -0.67475 1.45328 -2.11496 -2.19550 -1.90108 -1.48809 -1.41856 -1.49245 -1.50019 1
-0.75940 -0.67475 1.45328 -1.78189 -1.74205 -1.66200 -1.38205 -1.33521 -1.27806 -1.39244 1
-0.75940 -0.67475 1.45328 -1.90679 -1.94359 -1.30338 -1.42895 -1.39829 -1.33736 -1.42836 1
-0.75940 -0.67475 1.45328 -2.19823 -2.09474 -1.66200 -1.50236 -1.45235 -1.46508 -1.50019 1
1.31652 -0.67475 -0.68794 -2.11496 -2.14512 -1.42292 -1.48605 -1.44559 -1.46964 -1.50019 1
1.31652 -0.67475 -0.68794 -1.40718 -1.49014 -1.30338 -1.30150 -1.25412 -1.20508 -1.32060 1
1.31652 -0.67475 -0.68794 -1.61535 -1.94359 -1.54246 -1.45648 -1.41631 -1.40578 -1.46427 1
-0.75940 -0.67475 1.45328 -2.03169 -2.04435 -1.66200 -1.48299 -1.43433 -1.37385 -1.50019 1
-0.75940 -0.67475 1.45328 -1.57372 -1.59091 -1.42292 -1.31680 -1.28791 -1.28262 -1.30264 1
-0.75940 -0.67475 1.45328 -1.44881 -1.38937 -1.18384 -1.27091 -1.28115 -1.12297 -1.27031 1
-0.75940 -0.67475 1.45328 -1.86516 -1.79244 -1.06430 -1.40754 -1.36675 -1.31455 -1.44991 1
-0.75940 -0.67475 1.45328 -1.65698 -1.69167 -1.54246 -1.30864 -1.24736 -1.24157 -1.35652 1
-0.75940 -0.67475 1.45328 -0.94920 -0.98631 -1.18384 -1.00990 -0.88243 -1.09104 -1.06198 1
-0.75940 -0.67475 1.45328 -0.82430 -0.68401 -0.94476 -0.91100 -0.88018 -0.77174 -0.99733 1
1.31652 -0.67475 -0.68794 -0.36632 -0.23057 0.13110 -0.38488 -0.30126 -0.36577 -0.58426 1
-0.75940 1.48167 -0.68794 1.13252 0.67633 0.96788 1.10271 1.26883 1.03460 0.69086 1
-0.75940 -0.67475 1.45328 -2.07333 -2.14512 -1.78154 -1.47381 -1.37576 -1.46508 -1.51456 1
-0.75940 -0.67475 1.45328 -1.86516 -1.89320 -1.42292 -1.43405 -1.37125 -1.40578 -1.43554 1
-0.75940 -0.67475 1.45328 -1.28227 -1.28861 -0.94476 -1.23931 -1.09418 -1.40578 -1.25954 1
-0.75940 -0.67475 1.45328 -1.24064 -1.33899 -0.94476 -1.21586 -1.09418 -1.26438 -1.24876 1
-0.75940 1.48167 -0.68794 -0.11651 -0.07942 -0.34706 -0.57861 -0.44317 -0.59840 -0.72075 1
-0.75940 -0.67475 1.45328 -1.53208 -1.59091 -1.18384 -1.32495 -1.26989 -1.34648 -1.32060 1
-0.75940 -0.67475 1.45328 -1.49045 -1.54052 -1.06430 -1.29334 -1.20231 -1.30999 -1.32060 1
-0.75940 -0.67475 1.45328 -1.19901 -1.33899 -0.70568 -1.16793 -1.12346 -1.15946 -1.17333 1
-0.75940 -0.67475 1.45328 -0.99083 -1.23822 -1.18384 -1.15060 -1.04913 -1.18683 -1.17692 1
-0.75940 -0.67475 1.45328 -1.28227 -1.38937 -1.06430 -1.21688 -1.02210 -1.27350 -1.27390 1
1.31652 -0.67475 -0.68794 -0.61612 -0.73439 -0.34706 -0.77743 -0.64365 -0.49805 -0.92549 1
1.31652 -0.67475 -0.68794 -0.32468 -0.38171 -0.22752 -0.61735 -0.49949 -0.68963 -0.59863 1
-0.75940 -0.67475 1.45328 -1.90679 -1.94359 -1.66200 -1.44323 -1.40730 -1.50613 -1.42476 1
-0.75940 -0.67475 1.45328 -1.86516 -1.79244 -1.30338 -1.45138 -1.39378 -1.48789 -1.41758 1
-0.75940 -0.67475 1.45328 -0.99083 -1.08708 -1.18384 -1.14142 -1.15500 -1.03630 -0.92549 1
-0.75940 -0.67475 1.45328 -1.36554 -1.38937 -1.30338 -1.24440 -1.13923 -1.30087 -1.27031 1
1.31652 -0.67475 -0.68794 -1.69862 -1.69167 -1.42292 -1.32291 -1.25862 -1.29631 -1.32060 1
1.31652 -0.67475 -0.68794 -1.57372 -1.74205 -1.30338 -1.37491 -1.32170 -1.33280 -1.39244 1
1.31652 -0.67475 -0.68794 -1.36554 -1.38937 -1.18384 -1.23625 -1.24511 -1.16402 -1.17692 1
-0.75940 -0.67475 1.45328 -1.53208 -1.54052 -1.54246 -1.32291 -1.28340 -1.28262 -1.33856 1
-0.75940 -0.67475 1.45328 -1.78189 -1.84282 -1.54246 -1.37389 -1.32620 -1.30999 -1.45350 1
-0.75940 -0.67475 1.45328 -1.28227 -1.18784 -1.42292 -1.17099 -1.13247 -1.13209 -1.21284 1
-0.75940 1.48167 -0.68794 -0.53285 -0.58325 -0.58614 -0.75194 -0.70673 -0.63033 -0.87880 1
-0.75940 1.48167 -0.68794 0.05003 0.12212 0.72880 -0.00151 0.22811 0.25003 -0.63455 1
-0.75940 -0.67475 1.45328 -1.24064 -1.18784 -0.94476 -1.24338 -1.20231 -1.30087 -1.17692 1
-0.75940 -0.67475 1.45328 -1.57372 -1.59091 -1.42292 -1.34942 -1.31494 -1.35104 -1.30264 1
-0.75940 -0.67475 1.45328 -1.65698 -1.59091 -1.54246 -1.36676 -1.28115 -1.36929 -1.38884 1
-0.75940 1.48167 -0.68794 -1.15737 -1.08708 -0.94476 -1.13429 -1.11671 -1.12753 -1.14100 1
-0.75940 -0.67475 1.45328 -0.78266 -0.58325 -0.82522 -0.94362 -0.85090 -0.86753 -0.92549 1
-0.75940 -0.67475 1.45328 -1.36554 -1.38937 -1.18384 -1.24338 -1.18203 -1.27806 -1.24876 1
-0.75940 -0.67475 1.45328 -1.32391 -1.38937 -0.82522 -1.25052 -1.20681 -1.21420 -1.26313 1
-0.75940 -0.67475 1.45328 -1.28227 -1.28861 -1.18384 -1.16691 -1.05363 -1.05911 -1.25235 1
-0.75940 -0.67475 1.45328 -1.36554 -1.43976 -1.54246 -1.32597 -1.26538 -1.32824 -1.32778 1
-0.75940 -0.67475 1.45328 -1.03247 -0.93593 -1.18384 -1.01703 -0.93875 -1.02718 -1.14100 1
-0.75940 -0.67475 1.45328 -1.19901 -1.33899 -1.06430 -1.19546 -1.14149 -1.20508 -0.20711 1
-0.75940 -0.67475 1.45328 -2.40640 -2.29627 -1.90108 -1.57170 -1.51993 -1.51526 -1.58640 2
-0.75940 -0.67475 1.45328 -1.90679 -1.89320 -1.66200 -1.41162 -1.35999 -1.37841 -1.46427 2
1.31652 -0.67475 -0.68794 -0.24141 -0.33133 -0.58614 -0.41649 -0.34856 -0.34296 -0.60222 2
-0.75940 -0.67475 1.45328 -1.36554 -1.38937 -1.18384 -1.26684 -1.17753 -1.29174 -1.27031 2
-0.75940 -0.67475 1.45328 -1.24064 -1.28861 -1.42292 -1.23421 -1.10094 -1.25525 -1.32060 2
-0.75940 -0.67475 1.45328 -1.32391 -1.38937 -1.18384 -1.25052 -1.16626 -1.20052 -1.24517 2
-0.75940 -0.67475 1.45328 -1.44881 -1.59091 -1.54246 -1.34432 -1.24285 -1.32367 -1.42117 2
-0.75940 -0.67475 1.45328 -1.61535 -1.54052 -1.42292 -1.27193 -1.21582 -1.28718 -1.32060 2
1.31652 -0.67475 -0.68794 -1.32391 -1.13746 -1.42292 -1.16895 -1.18203 -1.25525 -0.99733 2
-0.75940 1.48167 -0.68794 -0.15815 -0.07942 -0.34706 -0.50112 -0.51075 -0.46156 -0.45855 2
1.31652 -0.67475 -0.68794 -0.82430 -0.83516 -1.06430 -0.91813 -0.85090 -0.91771 -0.99733 2
-0.75940 -0.67475 1.45328 -1.28227 -1.28861 -1.06430 -1.14856 -1.06940 -1.17315 -1.14100 2
1.31652 -0.67475 -0.68794 -1.57372 -1.59091 -1.18384 -1.32087 -1.27890 -1.26894 -1.28468 2
-0.75940 -0.67475 1.45328 -1.32391 -1.38937 -1.30338 -1.27193 -1.26763 -1.20508 -1.21284 2
-0.75940 -0.67475 1.45328 -2.07333 -1.94359 -1.54246 -1.45444 -1.40054 -1.38297 -1.46427 2
-0.75940 -0.67475 1.45328 -1.61535 -1.59091 -0.82522 -1.34025 -1.32395 -1.32824 -1.28468 2
1.31652 -0.67475 -0.68794 -1.57372 -1.43976 -0.82522 -1.23727 -1.19780 -1.13666 -1.17692 2
-0.75940 -0.67475 1.45328 -1.40718 -1.33899 -1.18384 -1.17813 -1.18203 -1.16402 -1.14100 2
-0.75940 -0.67475 1.45328 -1.69862 -1.54052 -0.94476 -1.33209 -1.29016 -1.26894 -1.24876 2
-0.75940 -0.67475 1.45328 -0.69939 -0.63363 -0.46660 -0.94566 -0.87342 -0.89034 -0.92549 2
1.31652 -0.67475 -0.68794 -1.69862 -1.69167 -1.30338 -1.34331 -1.32395 -1.21876 -1.36370 2
-0.75940 1.48167 -0.68794 -0.78266 -0.68401 -0.46660 -0.89264 -0.91848 -0.78086 -0.70639 2
1.31652 -0.67475 -0.68794 -1.65698 -1.69167 -1.30338 -1.33719 -1.26087 -1.30087 -1.35652 2
1.31652 -0.67475 -0.68794 -1.61535 -1.54052 -1.06430 -1.30762 -1.28791 -1.23701 -1.28468 2
1.31652 -0.67475 -0.68794 -1.90679 -1.94359 -1.54246 -1.42691 -1.39378 -1.37841 -1.42836 2
-0.75940 -0.67475 1.45328 -1.65698 -1.59091 -1.42292 -1.33107 -1.35098 -1.32367 -1.26313 2
-0.75940 -0.67475 1.45328 -1.28227 -1.33899 -0.94476 -1.24135 -1.19555 -1.23701 -1.24876 2
-0.75940 -0.67475 1.45328 -1.74025 -1.69167 -1.30338 -1.34025 -1.29917 -1.33280 -1.33137 2
-0.75940 -0.67475 1.45328 -1.19901 -1.33899 -1.06430 -1.40958 -1.23159 -1.11385 -1.28109 2
-0.75940 -0.67475 1.45328 -0.65776 -0.73439 -0.94476 -0.69178 -0.38235 -0.86297 -0.92190 2
-0.75940 -0.67475 1.45328 -0.78266 -0.83516 -1.18384 -0.82331 -0.64140 -0.85385 -1.03325 2
-0.75940 -0.67475 1.45328 -0.61612 -0.48248 -0.22752 -0.71523 -0.75854 -0.48893 -0.73153 2
-0.75940 -0.67475 1.45328 -2.15660 -2.14512 -2.02062 -1.51868 -1.45460 -1.48789 -1.53611 2
-0.75940 -0.67475 1.45328 -1.15737 -1.18784 -1.42292 -1.18323 -1.06940 -1.19595 -1.24876 2
-0.75940 -0.67475 1.45328 -0.82430 -0.83516 -0.58614 -0.93852 -0.88919 -0.85841 -0.96500 2
1.31652 -0.67475 -0.68794 0.17493 -0.18018 -0.10798 -0.09226 0.28443 0.00827 -0.59504 2
1.31652 -0.67475 -0.68794 0.50801 0.57556 0.48972 0.25848 0.45112 0.50547 0.18799 2
-0.75940 -0.67475 1.45328 -0.82430 -0.98631 -1.18384 -1.07617 -0.99506 -1.05455 -1.14100 2
-0.75940 -0.67475 1.45328 -0.24141 -0.28095 -0.22752 -0.64488 -0.63464 -0.58928 -0.56630 2
-0.75940 -0.67475 1.45328 -0.15815 -0.28095 -0.46660 -0.47869 -0.44993 -0.33840 -0.42263 2
-0.75940 -0.67475 1.45328 -0.40795 -0.43210 -0.58614 -0.75398 -0.63915 -0.79911 -0.87880 2
-0.75940 -0.67475 1.45328 -0.36632 -0.48248 -0.34706 -0.58472 -0.35982 -0.71244 -0.65969 2
-0.75940 -0.67475 1.45328 -1.32391 -1.38937 -1.30338 -1.23625 -1.19780 -1.16859 -1.24158 2
-0.75940 -0.67475 1.45328 -1.19901 -1.23822 -1.06430 -1.19444 -1.21582 -1.04086 -1.17692 2
-0.75940 -0.67475 1.45328 -1.15737 -1.28861 -1.06430 -1.16590 -1.08292 -1.10929 -1.21284 2
-0.75940 -0.67475 1.45328 -1.11574 -1.08708 -1.18384 -1.17609 -1.13923 -1.16402 -1.14100 2
-0.75940 -0.67475 1.45328 -0.53285 -0.58325 -0.70568 -0.87429 -0.82612 -0.89034 -0.85006 2
-0.75940 -0.67475 1.45328 -0.32468 -0.33133 -0.22752 -0.46135 -0.29675 -0.47524 -0.56630 2
-0.75940 -0.67475 1.45328 0.00839 -0.07942 0.01156 -0.35633 -0.24494 -0.18787 -0.50165 2
-0.75940 -0.67475 1.45328 0.05003 0.12212 -0.46660 -0.47359 -0.46795 -0.36121 -0.44418 2
-0.75940 1.48167 -0.68794 1.63214 1.18016 0.96788 1.25667 1.22377 1.28548 1.40923 2
-0.75940 1.48167 -0.68794 -1.24064 -1.38937 -0.10798 -0.47257 -0.39361 -0.45244 -0.51242 2
1.31652 -0.67475 -0.68794 -0.65776 -0.88554 -0.46660 -0.84574 -0.72250 -0.82648 -0.87520 2
-0.75940 -0.67475 1.45328 -1.44881 -1.43976 -1.42292 -1.28213 -1.21357 -1.26438 -1.28468 2
-0.75940 -0.67475 1.45328 -0.32468 -0.23057 -0.22752 -0.53170 -0.49048 -0.02366 -0.60941 2
1.31652 -0.67475 -0.68794 0.25820 -0.07942 -0.22752 -0.24724 -0.12330 -0.20156 -0.42263 2
-0.75940 -0.67475 1.45328 -1.07410 -1.18784 -1.06430 -1.07821 -0.90721 -1.02718 -1.15537 2
-0.75940 -0.67475 1.45328 -0.53285 -0.58325 -0.70568 -0.73664 -0.66168 -0.74437 -0.72794 2
-0.75940 1.48167 -0.68794 -1.03247 -1.03669 0.48972 -0.93954 -0.83963 -1.00437 -0.96141 2
1.31652 -0.67475 -0.68794 -0.53285 -0.63363 -0.70568 -0.75296 -0.56031 -0.84016 -0.88239 2
-0.75940 1.48167 -0.68794 -0.40795 -0.28095 0.01156 -0.28496 -0.19313 -0.44788 -0.31128 2
-0.75940 1.48167 -0.68794 0.46637 0.27326 0.25064 0.02092 -0.04896 0.24090 -0.33642 2
-0.75940 -0.67475 1.45328 -0.99083 -1.03669 -1.18384 -1.11390 -1.10544 -1.12297 -1.03325 2
-0.75940 -0.67475 1.45328 -1.15737 -1.18784 -1.18384 -1.21688 -1.23384 -1.19595 -1.14100 2
1.31652 -0.67475 -0.68794 -1.99006 -1.99397 -1.54246 -1.44832 -1.37125 -1.38753 -1.42836 2
1.31652 -0.67475 -0.68794 -0.86593 -0.63363 -0.82522 -0.81311 -0.83062 -0.77174 -0.78182 2
-0.75940 -0.67475 1.45328 -1.61535 -1.49014 -1.42292 -1.30252 -1.27439 -1.29631 -1.24876 2
1.31652 -0.67475 -0.68794 -1.28227 -1.28861 -1.06430 -1.23625 -1.25637 -1.18227 -1.17692 2
-0.75940 1.48167 -0.68794 -1.15737 -1.03669 -0.82522 -1.01397 -1.00408 -0.96788 -0.99733 2
1.31652 -0.67475 -0.68794 -1.44881 -1.43976 -0.70568 -1.08535 -1.00408 -1.07279 -1.10509 2
-0.75940 -0.67475 1.45328 -1.78189 -1.69167 -1.18384 -1.39327 -1.34647 -1.36017 -1.39244 2
-0.75940 -0.67475 1.45328 -0.90756 -0.83516 -0.94476 -0.73868 -0.58959 -0.67595 -0.89676 2
1.31652 -0.67475 -0.68794 -0.19978 -0.33133 0.13110 -0.42261 -0.38460 -0.13314 -0.64892 2
1.31652 -0.67475 -0.68794 0.54964 0.57556 0.01156 0.44303 0.49618 0.75179 0.17363 2
-0.75940 -0.67475 1.45328 -0.24141 -0.28095 -0.46660 -0.64590 -0.56932 -0.54823 -0.73871 2
-0.75940 -0.67475 1.45328 -1.40718 -1.54052 -1.42292 -1.30864 -1.26763 -1.18683 -1.29905 2
-0.75940 -0.67475 1.45328 -1.28227 -1.33899 -1.18384 -1.26887 -1.18654 -1.28718 -1.29905 2
-0.75940 -0.67475 1.45328 -0.99083 -1.03669 -0.94476 -1.14346 -1.10319 -1.16402 -1.10509 2
-0.75940 -0.67475 1.45328 -0.61612 -0.73439 -0.82522 -0.95178 -0.90946 -0.92227 -0.92908 2
1.31652 -0.67475 -0.68794 0.09166 -0.02903 0.01156 -0.02191 0.19207 -0.08296 -0.35797 2
-0.75940 -0.67475 1.45328 -0.65776 -0.98631 -1.18384 -1.00480 -0.91848 -0.82648 -1.10149 2
1.31652 -0.67475 -0.68794 0.88272 1.02901 0.72880 0.73362 0.59529 1.14863 0.78425 2
-0.75940 -0.67475 1.45328 -1.11574 -1.08708 -0.94476 -1.14652 -1.12121 -1.10929 -1.11227 2
-0.75940 1.48167 -0.68794 0.21656 0.17250 0.01156 0.25135 0.58628 0.12687 -0.14605 2
1.31652 -0.67475 -0.68794 0.13330 0.02135 -0.22752 -0.54802 -0.54904 -0.67595 -0.45855 2
-0.75940 -0.67475 1.45328 -1.78189 -1.74205 -1.54246 -1.38103 -1.36675 -1.36017 -1.35652 2
1.31652 -0.67475 -0.68794 -2.15660 -2.09474 -1.78154 -1.51868 -1.46586 -1.55175 -1.50019 2
-0.75940 -0.67475 1.45328 -1.11574 -0.93593 -1.18384 -1.05884 -0.95677 -1.19139 -1.06917 2
-0.75940 -0.67475 1.45328 -1.07410 -0.98631 -1.06430 -1.05170 -1.02885 -0.99069 -1.04762 2
-0.75940 -0.67475 1.45328 -1.24064 -1.23822 -1.18384 -1.16590 -1.14824 -1.08192 -1.17692 2
-0.75940 -0.67475 1.45328 -1.03247 -1.18784 -0.94476 -1.16386 -1.15050 -1.10929 -1.13023 2
-0.75940 -0.67475 1.45328 -1.44881 -1.49014 -1.18384 -1.33005 -1.29466 -1.32367 -1.30264 2
-0.75940 -0.67475 1.45328 -1.44881 -1.59091 -0.94476 -0.87123 -0.84189 -1.07279 -0.81414 2
-0.75940 -0.67475 1.45328 -1.36554 -1.59091 -0.58614 -0.74174 -0.67294 -0.68507 -0.79618 2
1.31652 -0.67475 -0.68794 0.79945 0.52518 0.72880 0.60821 0.79127 0.75635 0.41069 2
-0.75940 -0.67475 1.45328 -0.61612 -0.58325 -0.10798 -0.68261 -0.62563 -0.78542 -0.70639 2
-0.75940 -0.67475 1.45328 -1.61535 -1.49014 -1.30338 -1.28927 -1.20681 -1.25981 -1.32060 2
1.31652 -0.67475 -0.68794 -0.11651 -0.02903 -0.34706 -0.27782 -0.14582 -0.23349 -0.41904 2
-0.75940 -0.67475 1.45328 -0.36632 -0.73439 -0.34706 -0.62143 -0.51075 -0.64858 -0.67406 2
-0.75940 -0.67475 1.45328 -1.61535 -1.79244 -1.42292 -1.40448 -1.36450 -1.31455 -1.38525 2
1.31652 -0.67475 -0.68794 -0.44959 -0.23057 -0.10798 -0.48786 -0.37334 -0.55279 -0.49447 3
1.31652 -0.67475 -0.68794 -0.03324 -0.07942 -0.46660 -0.50723 -0.56481 -0.44788 -0.38671 3
1.31652 -0.67475 -0.68794 -0.44959 -0.33133 -0.22752 -0.62347 -0.65492 -0.44331 -0.67406 3
-0.75940 1.48167 -0.68794 -0.82430 -0.78478 -0.58614 -0.86205 -0.88243 -0.90858 -0.74231 3
-0.75940 1.48167 -0.68794 -0.90756 -1.03669 -0.22752 -1.03743 -1.03111 -0.95876 -0.96141 3
-0.75940 -0.67475 1.45328 -1.24064 -1.03669 -0.58614 -1.13633 -1.20456 -0.97244 -1.06917 3
1.31652 -0.67475 -0.68794 -0.61612 -0.53286 -0.58614 -0.71319 -0.66168 -0.69419 -0.63814 3
-0.75940 -0.67475 1.45328 -1.57372 -1.49014 -0.94476 -1.29844 -1.26538 -1.11385 -1.21284 3
-0.75940 -0.67475 1.45328 -1.94843 -2.04435 -1.66200 -1.49115 -1.45685 -1.47420 -1.46427 3
1.31652 -0.67475 -0.68794 -1.15737 -1.33899 -0.58614 -1.14244 -1.17978 -0.89490 -1.10509 3
1.31652 -0.67475 -0.68794 0.00839 -0.12980 -0.22752 -0.13304 -0.09852 -0.34752 -0.09936 3
-0.75940 -0.67475 1.45328 -0.15815 -0.18018 0.25064 -0.29312 0.01186 -0.45244 -0.59504 3
-0.75940 1.48167 -0.68794 0.00839 0.07173 0.01156 -0.21359 -0.05347 -0.06928 -0.45855 3
1.31652 -0.67475 -0.68794 0.09166 0.27326 0.01156 0.09229 0.06367 0.44161 -0.13887 3
-0.75940 1.48167 -0.68794 0.46637 0.42441 0.13110 0.62860 0.89714 0.35950 0.36759 3
-0.75940 1.48167 -0.68794 0.75781 0.72671 0.48972 0.86413 1.01653 0.71986 0.65494 3
1.31652 -0.67475 -0.68794 0.88272 0.77709 0.37018 0.91613 1.25081 0.86126 0.51126 3
-0.75940 1.48167 -0.68794 1.00762 0.97863 0.60926 1.23118 1.46255 1.16232 0.69804 3
-0.75940 -0.67475 1.45328 -0.36632 -0.28095 -0.34706 -0.41649 -0.08951 -0.65770 -0.51961 3
-0.75940 -0.67475 1.45328 -0.19978 -0.28095 -0.34706 -0.63163 -0.49949 -0.61209 -0.75308 3
-0.75940 -0.67475 1.45328 -0.03324 -0.28095 -0.34706 -0.55923 -0.32153 -0.46612 -0.51602 3
-0.75940 -0.67475 1.45328 0.00839 -0.07942 -0.22752 -0.37367 -0.15483 -0.51174 -0.49447 3
-0.75940 -0.67475 1.45328 0.00839 -0.12980 -0.46660 -0.45014 -0.28098 -0.37489 -0.70639 3
-0.75940 -0.67475 1.45328 0.05003 -0.07942 -0.34706 -0.43178 -0.36208 -0.48893 -0.35079 3
-0.75940 1.48167 -0.68794 0.21656 0.07173 -0.10798 -0.02904 0.30470 0.04476 -0.45855 3
-0.75940 1.48167 -0.68794 0.29983 0.32365 0.37018 -0.38386 -0.10528 -0.03735 0.04432 3
1.31652 -0.67475 -0.68794 0.46637 0.47480 0.25064 0.58170 0.52771 0.31845 0.18799 3
1.31652 -0.67475 -0.68794 0.46637 0.42441 0.13110 0.35433 0.84533 0.15424 -0.06703 3
1.31652 -0.67475 -0.68794 0.84108 0.72671 1.08742 0.77032 1.02554 0.99810 0.33885 3
1.31652 -0.67475 -0.68794 1.17416 1.18016 0.48972 1.08946 1.21476 0.89775 0.72678 3
-0.75940 -0.67475 1.45328 -1.44881 -1.54052 -1.18384 -1.32597 -1.23384 -1.36929 -1.33856 3
-0.75940 -0.67475 1.45328 -1.07410 -1.03669 -0.82522 -1.11084 -1.10770 -1.10473 -1.03684 3
-0.75940 -0.67475 1.45328 -1.07410 -1.13746 -1.06430 -1.13429 -1.10094 -1.07736 -1.10509 3
-0.75940 -0.67475 1.45328 -0.57449 -0.78478 -0.94476 -0.93139 -0.00616 -0.94051 -0.92549 3
-0.75940 -0.67475 1.45328 -0.44959 -0.43210 -0.94476 -0.85186 -0.83062 -0.86753 -0.74590 3
-0.75940 -0.67475 1.45328 -0.44959 -0.53286 -0.46660 -0.88856 -0.86666 -0.84016 -0.88957 3
-0.75940 -0.67475 1.45328 -0.40795 -0.53286 -0.94476 -0.66323 -0.47696 -0.81735 -0.70998 3
1.31652 -0.67475 -0.68794 -0.24141 -0.12980 -0.46660 -0.56229 -0.60987 -0.39314 -0.51602 3
-0.75940 -0.67475 1.45328 0.17493 0.27326 -0.10798 -0.11673 0.05691 -0.29735 -0.08499 3
-0.75940 -0.67475 1.45328 0.17493 -0.02903 -0.10798 -0.47767 -0.40262 -0.56647 -0.38671 3
-0.75940 -0.67475 1.45328 -0.07488 -0.12980 -0.34706 -0.55618 -0.40488 -0.77174 -0.49447 3
-0.75940 1.48167 -0.68794 0.54964 0.52518 0.13110 0.32986 0.42184 0.36406 0.25983 3
1.31652 -0.67475 -0.68794 0.63291 0.47480 0.37018 0.23707 0.34750 0.25459 0.08024 3
-0.75940 -0.67475 1.45328 0.75781 0.67633 -0.22752 0.02805 -0.02869 0.09950 0.08742 3
-0.75940 -0.67475 1.45328 -1.36554 -1.38937 -1.06430 -1.28213 -1.29016 -1.13666 -1.27750 3
-0.75940 -0.67475 1.45328 -0.94920 -1.08708 -1.18384 -1.11899 -0.98380 -1.12297 -1.17692 3
-0.75940 -0.67475 1.45328 -0.49122 -0.63363 -0.70568 -0.88856 -0.79683 -0.97700 -0.85365 3
-0.75940 -0.67475 1.45328 -0.40795 -0.48248 -0.34706 -0.68974 -0.69547 -0.45700 -0.81773 3
-0.75940 -0.67475 1.45328 -0.28305 -0.07942 -0.10798 -0.41751 -0.25170 -0.47524 -0.50165 3
-0.75940 -0.67475 1.45328 -0.24141 -0.07942 -0.82522 -0.46237 -0.49048 -0.49349 -0.35079 3
-0.75940 -0.67475 1.45328 -0.07488 -0.18018 -0.34706 -0.52661 -0.54679 -0.49349 -0.38671 3
-0.75940 1.48167 -0.68794 0.38310 0.42441 -0.10798 -0.09838 -0.11203 0.04020 -0.20711 3
-0.75940 1.48167 -0.68794 0.67454 0.72671 0.01156 0.33088 0.51420 0.49178 0.00840 3
-0.75940 1.48167 -0.68794 -0.28305 -0.53286 0.48972 0.10351 -0.04896 0.31389 0.31371 3
1.31652 -0.67475 -0.68794 0.05003 0.02135 0.01156 -0.15139 -0.04446 -0.08296 -0.20352 3
-0.75940 1.48167 -0.68794 0.09166 0.17250 -0.10798 -0.11775 0.07719 0.00827 -0.42622 3
-0.75940 -0.67475 1.45328 0.05003 0.22288 0.01156 -0.30943 -0.27648 -0.76718 -0.06344 3
-0.75940 -0.67475 1.45328 -0.90756 -0.83516 -0.70568 -1.04558 -0.99506 -0.92227 -1.05121 3
1.31652 -0.67475 -0.68794 -0.61612 -0.78478 -0.82522 -0.67955 -0.45894 -0.89946 -0.78900 3
-0.75940 -0.67475 1.45328 -0.65776 -0.88554 -0.46660 -0.91915 -0.93424 -0.89490 -0.85365 3
1.31652 -0.67475 -0.68794 -0.32468 -0.18018 -0.10798 -0.43178 -0.49273 -0.42051 -0.54116 3
-0.75940 1.48167 -0.68794 0.09166 0.52518 0.13110 -0.08410 -0.08951 0.18160 -0.27895 3
-0.75940 1.48167 -0.68794 -0.53285 -0.48248 -0.58614 -0.72033 -0.67069 -0.68963 -0.56630 3
1.31652 -0.67475 -0.68794 -0.78266 -0.73439 -0.58614 -0.86205 -0.87117 -0.79455 -0.74590 3
-0.75940 -0.67475 1.45328 -0.86593 -0.83516 -0.58614 -0.96809 -0.88694 -1.06367 -0.96141 3
-0.75940 1.48167 -0.68794 -0.78266 -0.68401 -0.70568 -0.91100 -0.92523 -0.77630 -0.93268 3
1.31652 -0.67475 -0.68794 -1.11574 -1.23822 -1.06430 -1.13735 -1.12346 -1.10016 -1.14100 3
-0.75940 1.48167 -0.68794 0.63291 0.92824 0.37018 1.02624 1.18998 0.93880 0.79861 3
-0.75940 -0.67475 1.45328 -0.61612 -0.58325 -0.46660 -0.73562 -0.71574 -0.67595 -0.76386 3
1.31652 -0.67475 -0.68794 -0.36632 -0.38171 -0.94476 -0.64284 -0.52427 -0.72156 -0.74590 3
1.31652 -0.67475 -0.68794 0.00839 0.17250 -0.34706 -0.03414 0.19883 -0.09208 -0.31487 3
-0.75940 1.48167 -0.68794 0.84108 0.82748 0.84834 0.56844 0.40156 0.32757 0.86686 3
-0.75940 -0.67475 1.45328 -0.32468 -0.33133 -0.22752 -0.56127 -0.42064 -0.62577 -0.58785 3
-0.75940 -0.67475 1.45328 -0.28305 -0.33133 -0.34706 -0.57963 -0.36208 -0.59840 -0.78182 3
-0.75940 -0.67475 1.45328 -0.11651 -0.12980 0.37018 -0.58982 -0.50850 -0.65770 -0.51602 3
-0.75940 1.48167 -0.68794 0.21656 0.32365 -0.10798 0.03009 0.33624 0.17248 -0.38671 3
-0.75940 -0.67475 1.45328 -1.24064 -1.18784 0.01156 -1.07821 -0.98831 -1.07736 -1.12304 3
-0.75940 -0.67475 1.45328 -1.07410 -0.88554 -0.94476 -1.06292 -0.94776 -1.15946 -1.06917 3
-0.75940 -0.67475 1.45328 -0.94920 -0.83516 -0.70568 -1.02519 -1.02210 -0.96332 -0.99015 3
-0.75940 -0.67475 1.45328 -0.86593 -0.93593 -0.70568 -0.86919 -0.78332 -0.89034 -0.98655 3
-0.75940 -0.67475 1.45328 -1.36554 -1.38937 -1.18384 -1.21688 -1.07841 -1.25069 -1.31341 3
-0.75940 -0.67475 1.45328 -0.24141 -0.33133 -0.46660 -0.48888 -0.23368 -0.53911 -0.70639 3
-0.75940 -0.67475 1.45328 -0.19978 -0.33133 -0.46660 -0.61123 -0.61212 -0.52542 -0.56630 3
-0.75940 1.48167 -0.68794 0.46637 0.37403 -0.10798 0.24727 0.56150 0.01283 -0.04548 3
-0.75940 -0.67475 1.45328 -1.03247 -0.93593 -1.18384 -1.02825 -0.93875 -0.98157 -1.08353 3
-0.75940 -0.67475 1.45328 -0.40795 -0.33133 -0.70568 -0.68261 -0.66843 -0.65314 -0.60581 3
-0.75940 -0.67475 1.45328 -0.15815 -0.07942 -0.34706 -0.54700 -0.60311 -0.33840 -0.49447 3
-0.75940 -0.67475 1.45328 -0.11651 -0.07942 -0.34706 -0.47971 -0.54229 -0.46156 -0.25022 3
-0.75940 -0.67475 1.45328 -0.03324 -0.07942 -0.70568 -0.47257 -0.29675 -0.59384 -0.56630 3
1.31652 -0.67475 -0.68794 -0.03324 0.57556 0.25064 0.24829 0.43535 0.16792 0.11616 3
-0.75940 1.48167 -0.68794 0.09166 0.37403 -0.34706 0.08923 0.25965 0.16792 0.00840 3
-0.75940 -0.67475 1.45328 0.21656 0.27326 0.60926 -0.05045 -0.08726 0.12231 0.03713 3
-0.75940 -0.67475 1.45328 0.29983 0.22288 -0.22752 -0.20543 -0.10753 -0.33840 -0.15324 3
-0.75940 1.48167 -0.68794 0.42474 0.17250 0.25064 0.09739 0.43085 -0.00542 -0.07781 3
1.31652 -0.67475 -0.68794 0.42474 0.42441 0.60926 0.27888 0.62458 0.08581 -0.06344 3
-0.75940 -0.67475 1.45328 -0.78266 -0.63363 -0.58614 -0.81413 -0.66393 -0.66226 -0.93268 3
-0.75940 1.48167 -0.68794 -0.15815 -0.28095 -0.22752 -0.27681 0.14251 -0.55735 -0.62736 3
1.31652 -0.67475 -0.68794 0.59127 0.77709 0.25064 0.51950 0.77100 0.45985 0.26701 3
-0.75940 -0.67475 1.45328 0.59127 0.22288 0.60926 0.31762 0.41959 0.24090 0.24187 3
-0.75940 -0.67475 1.45328 -0.61612 -0.78478 -0.58614 -0.94566 -0.98831 -0.89490 -0.82133 3
-0.75940 1.48167 -0.68794 0.21656 0.22288 0.25064 -0.35429 -0.43191 -0.53454 -0.12809 4
1.31652 -0.67475 -0.68794 0.29983 0.12212 0.25064 0.09535 0.36327 0.14511 -0.05266 4
1.31652 -0.67475 -0.68794 -0.53285 -0.48248 -0.34706 -0.57453 -0.64365 -0.63946 -0.35079 4
-0.75940 1.48167 -0.68794 -0.11651 -0.23057 -0.10798 -0.40120 -0.34856 -0.32472 -0.49447 4
-0.75940 -0.67475 1.45328 -1.90679 -1.94359 -1.54246 -1.45342 -1.45235 -1.37841 -1.42836 4
1.31652 -0.67475 -0.68794 0.21656 0.32365 0.37018 0.17692 0.02312 0.13143 0.08024 4
1.31652 -0.67475 -0.68794 0.75781 0.97863 1.20696 1.17103 1.40624 1.02091 0.90637 4
-0.75940 -0.67475 1.45328 -0.61612 -0.68401 -0.82522 -0.79578 -0.67294 -0.80367 -0.85365 4
1.31652 -0.67475 -0.68794 0.29983 0.07173 -0.22752 -0.13712 0.04565 -0.09664 -0.31128 4
1.31652 -0.67475 -0.68794 0.42474 0.32365 0.13110 0.08413 0.15828 0.35494 -0.09936 4
-0.75940 -0.67475 1.45328 -0.65776 -0.53286 -1.06430 -0.95280 -0.98155 -0.93139 -0.85365 4
-0.75940 -0.67475 1.45328 -0.49122 -0.53286 -0.46660 -0.67547 -0.54904 -0.74437 -0.70998 4
-0.75940 -0.67475 1.45328 0.21656 0.42441 0.01156 -0.15445 -0.06698 -0.43875 0.00840 4
-0.75940 -0.67475 1.45328 -0.32468 -0.38171 0.01156 -0.65712 -0.52652 -0.84472 -0.66328 4
-0.75940 -0.67475 1.45328 -0.11651 -0.12980 -0.82522 -0.56331 -0.56481 -0.48893 -0.53038 4
-0.75940 -0.67475 1.45328 -1.44881 -1.49014 -1.06430 -1.23931 -1.17527 -1.25525 -1.21284 4
-0.75940 -0.67475 1.45328 -0.53285 -0.68401 -0.94476 -0.90284 -0.80584 -0.84928 -1.02247 4
1.31652 -0.67475 -0.68794 -0.49122 -0.53286 -0.46660 -0.60614 -0.39136 -0.76262 -0.71357 4
1.31652 -0.67475 -0.68794 -0.94920 -0.73439 -0.58614 -0.79170 -0.76304 -0.87209 -0.74590 4
1.31652 -0.67475 -0.68794 -0.90756 -0.93593 -0.46660 -0.87123 -0.72250 -0.85385 -1.01888 4
1.31652 -0.67475 -0.68794 0.34147 0.47480 0.25064 0.30742 0.38129 0.22266 0.25983 4
-0.75940 -0.67475 1.45328 -0.86593 -0.98631 -0.94476 -1.11797 -1.11220 -1.08648 -1.05121 4
-0.75940 -0.67475 1.45328 -0.32468 -0.43210 -1.18384 -0.36245 -0.19313 -0.44331 -0.42263 4
-0.75940 -0.67475 1.45328 -0.32468 -0.33133 -0.70568 -0.74378 -0.71123 -0.82648 -0.64532 4
-0.75940 -0.67475 1.45328 -0.03324 -0.07942 0.01156 -0.42159 -0.36658 -0.32016 -0.50165 4
-0.75940 -0.67475 1.45328 0.17493 0.22288 0.01156 -0.11571 -0.31702 0.08581 0.16285 4
1.31652 -0.67475 -0.68794 0.21656 -0.23057 -0.22752 -0.20645 -0.07374 -0.16507 -0.35079 4
-0.75940 -0.67475 1.45328 0.29983 0.12212 0.01156 0.01684 0.24613 0.30476 -0.27895 4
-0.75940 -0.67475 1.45328 -0.53285 -0.43210 -0.70568 -0.77335 -0.82837 -0.71700 -0.63814 4
1.31652 -0.67475 -0.68794 -0.40795 -0.48248 0.01156 -0.64284 -0.53328 -0.69419 -0.60222 4
1.31652 -0.67475 -0.68794 -1.15737 -1.54052 -0.94476 -1.04252 -1.00182 -1.02718 -1.05480 4
-0.75940 1.48167 -0.68794 -0.07488 -0.07942 -0.34706 -0.43586 -0.32829 -0.52542 -0.44777 4
-0.75940 1.48167 -0.68794 0.05003 0.12212 -0.10798 -0.30943 -0.46344 -0.35665 -0.20711 4
-0.75940 1.48167 -0.68794 -0.61612 -0.73439 -0.82522 -0.82331 -0.77881 -0.81735 -0.88957 4
-0.75940 1.48167 -0.68794 0.00839 0.17250 0.48972 0.01378 -0.02193 0.30020 0.04432 4
1.31652 -0.67475 -0.68794 0.59127 0.67633 0.01156 0.23503 0.01411 0.07669 0.54718 4
-0.75940 1.48167 -0.68794 -0.99083 -0.83516 -0.70568 -0.96503 -0.93875 -1.07279 -0.87520 4
-0.75940 1.48167 -0.68794 0.50801 0.52518 0.72880 0.21158 0.02538 0.82477 0.36759 4
-0.75940 1.48167 -0.68794 -0.69939 -0.68401 0.01156 -0.70708 -0.78106 -0.65770 -0.56630 4
1.31652 -0.67475 -0.68794 -1.28227 -1.28861 -0.82522 -1.21280 -1.21132 -1.11385 -1.17692 4
1.31652 -0.67475 -0.68794 -0.07488 0.47480 -0.10798 -0.21665 -0.28999 -0.16507 -0.02752 4
-0.75940 -0.67475 1.45328 -1.36554 -1.28861 -0.82522 -1.28417 -1.30593 -1.23701 -1.14100 4
-0.75940 1.48167 -0.68794 -0.49122 -0.58325 -0.58614 -0.83147 -0.91397 -0.81735 -0.74949 4
-0.75940 1.48167 -0.68794 -1.28227 -1.18784 -0.58614 -1.18017 -1.11896 -1.12753 -1.17692 4
1.31652 -0.67475 -0.68794 -1.49045 -1.38937 -1.18384 -1.29233 -1.26763 -1.23245 -1.29186 4
-0.75940 -0.67475 1.45328 -0.40795 -0.43210 -0.58614 -0.69076 -0.61437 -0.52086 -0.75667 4
-0.75940 1.48167 -0.68794 -0.40795 -0.48248 -0.34706 -0.77845 -0.85540 -0.90858 -0.70998 4
1.31652 -0.67475 -0.68794 -1.19901 -1.18784 -0.46660 -1.11288 -1.08968 -1.04999 -1.10509 4
1.31652 -0.67475 -0.68794 -1.03247 -1.08708 -0.34706 -0.83962 -0.75854 -0.82648 -0.87161 4
1.31652 -0.67475 -0.68794 -0.69939 -0.73439 -0.70568 -0.88653 -0.91172 -0.77174 -0.83929 4
-0.75940 1.48167 -0.68794 -0.24141 0.02135 -0.34706 -0.14936 -0.10753 -0.47068 -0.17838 4
1.31652 -0.67475 -0.68794 -0.19978 -0.07942 -0.34706 -0.47155 -0.40262 -0.48437 -0.52320 4
1.31652 -0.67475 -0.68794 0.13330 -0.02903 -0.34706 0.12696 0.55024 0.09950 -0.26458 4
-0.75940 1.48167 -0.68794 0.42474 0.57556 0.01156 0.26358 0.37228 0.00827 0.22750 4
1.31652 -0.67475 -0.68794 0.67454 0.47480 0.48972 0.56029 0.27767 1.10302 0.61902 4
-0.75940 1.48167 -0.68794 0.21656 0.37403 0.37018 0.32986 0.83182 -0.02366 -0.14964 4
1.31652 -0.67475 -0.68794 0.59127 0.67633 0.60926 0.78358 1.17872 0.57389 0.25265 4
1.31652 -0.67475 -0.68794 0.59127 0.47480 0.25064 0.43895 0.71468 0.36406 0.22391 4
1.31652 -0.67475 -0.68794 0.67454 0.67633 0.37018 0.67754 0.95796 0.59213 0.25983 4
-0.75940 1.48167 -0.68794 1.09089 0.52518 0.48972 1.35659 1.48733 1.37214 -0.40467 4
1.31652 -0.67475 -0.68794 1.13252 1.28092 1.20696 1.55337 1.27558 1.06196 2.00190 4
-0.75940 -0.67475 1.45328 -0.19978 -0.33133 -0.46660 -0.58472 -0.65041 -0.58928 -0.49447 4
1.31652 -0.67475 -0.68794 0.17493 0.02135 -0.46660 -0.07289 0.33624 -0.36577 -0.35079 4
1.31652 -0.67475 -0.68794 0.29983 0.22288 0.13110 0.14429 0.47140 -0.02822 -0.03470 4
1.31652 -0.67475 -0.68794 0.38310 0.52518 0.25064 0.42570 0.82055 0.20897 0.08024 4
1.31652 -0.67475 -0.68794 0.42474 0.37403 0.13110 0.03723 0.25064 0.12687 -0.13528 4
1.31652 -0.67475 -0.68794 0.46637 0.42441 0.01156 0.27072 0.57051 0.00827 0.10179 4
-0.75940 1.48167 -0.68794 0.63291 0.67633 0.48972 0.40327 0.56601 0.62863 0.12693 4
-0.75940 1.48167 -0.68794 0.67454 0.62595 0.60926 0.71119 1.13367 0.42792 0.38195 4
-0.75940 1.48167 -0.68794 0.84108 0.77709 0.84834 1.11291 1.68556 0.82933 0.66931 4
-0.75940 1.48167 -0.68794 0.92435 0.87786 -2.97693 0.66836 0.68540 1.16232 0.35681 4
-0.75940 -0.67475 1.45328 1.17416 0.92824 0.72880 0.95589 1.09988 1.00723 0.86686 4
-0.75940 1.48167 -0.68794 1.21579 0.97863 1.56558 1.09252 1.11790 1.11214 0.82016 4
-0.75940 -0.67475 1.45328 -0.69939 -0.68401 -0.46660 -0.79680 -0.66618 -0.89034 -0.85365 4
-0.75940 -0.67475 1.45328 0.09166 -0.07942 -0.10798 -0.46135 -0.31477 -0.54367 -0.60941 4
1.31652 -0.67475 -0.68794 0.09166 0.27326 0.25064 -0.22786 -0.05347 -0.32928 -0.32205 4
-0.75940 1.48167 -0.68794 0.17493 0.37403 0.25064 -0.05861 -0.02643 -0.16050 -0.22867 4
-0.75940 1.48167 -0.68794 0.21656 -0.02903 -0.34706 -0.36245 -0.28323 -0.39770 -0.27895 4
1.31652 -0.67475 -0.68794 0.21656 0.22288 0.25064 0.09331 0.24163 0.09038 0.06587 4
-0.75940 -0.67475 1.45328 0.21656 0.17250 -0.10798 -0.20034 -0.12104 -0.23805 -0.17120 4
-0.75940 1.48167 -0.68794 0.38310 0.52518 -0.10798 0.30742 0.16954 0.65599 0.19158 4
1.31652 -0.67475 -0.68794 1.04925 1.02901 1.20696 1.45447 1.60447 1.75987 0.97821 4
-0.75940 1.48167 -0.68794 1.84031 1.63361 1.80466 2.89823 3.59129 2.42128 2.29284 4
-0.75940 -0.67475 1.45328 -0.44959 -0.63363 0.01156 -0.74888 -0.58734 -0.63946 -0.88239 4
-0.75940 -0.67475 1.45328 0.05003 0.22288 -0.22752 -0.25335 -0.06022 -0.35665 -0.35797 4
-0.75940 1.48167 -0.68794 0.46637 0.52518 0.84834 0.68570 1.30937 0.36406 0.47894 4
1.31652 -0.67475 -0.68794 0.63291 0.57556 1.44604 0.87738 1.26657 0.16336 0.84890 4
-0.75940 -0.67475 1.45328 -0.19978 -0.33133 0.01156 -0.55006 -0.54904 -0.41595 -0.50165 4
-0.75940 -0.67475 1.45328 0.00839 -0.18018 -0.46660 -0.33594 -0.21566 -0.30647 -0.43699 4
1.31652 -0.67475 -0.68794 0.00839 -0.07942 0.37018 -0.24826 -0.34856 -0.18331 -0.09936 4
-0.75940 -0.67475 1.45328 0.05003 -0.07942 0.13110 -0.55821 -0.74728 -0.45700 -0.31487 4
-0.75940 -0.67475 1.45328 0.21656 0.17250 0.25064 -0.38692 -0.40713 -0.42051 -0.15683 4
-0.75940 -0.67475 1.45328 0.34147 0.12212 0.37018 -0.17485 -0.22241 0.04932 -0.05626 4
-0.75940 1.48167 -0.68794 0.34147 0.32365 0.25064 0.06986 0.34074 -0.28823 0.22391 4
1.31652 -0.67475 -0.68794 0.38310 0.42441 0.01156 -0.06881 -0.09401 -0.29735 0.04432 4
-0.75940 -0.67475 1.45328 0.42474 0.37403 0.72880 -0.05555 -0.05347 -0.31103 0.08024 4
-0.75940 -0.67475 1.45328 0.67454 0.62595 0.13110 -0.05351 0.08845 0.41880 -0.13528 4
1.31652 -0.67475 -0.68794 0.71618 0.62595 0.48972 0.39409 0.40382 0.49178 0.39991 4
-0.75940 -0.67475 1.45328 0.71618 0.57556 -0.34706 0.19119 0.34525 0.08581 0.15207 4
1.31652 -0.67475 -0.68794 0.71618 0.62595 0.72880 0.59087 0.73495 0.54652 0.51126 4
1.31652 -0.67475 -0.68794 0.88272 0.97863 0.72880 0.53582 0.46013 0.77915 0.43943 5
1.31652 -0.67475 -0.68794 1.00762 1.02901 1.20696 1.31683 1.10664 1.49986 1.73250 5
-0.75940 -0.67475 1.45328 -0.32468 -0.63363 0.48972 0.08209 -0.22917 0.04020 0.57592 5
1.31652 -0.67475 -0.68794 1.00762 0.92824 0.48972 1.12718 1.40849 1.32653 0.54718 5
-0.75940 1.48167 -0.68794 1.34069 1.28092 0.84834 1.54114 1.61348 1.79636 1.31225 5
-0.75940 -0.67475 1.45328 -0.40795 -0.68401 -0.82522 -0.76519 -0.70448 -0.91771 -0.66328 5
-0.75940 -0.67475 1.45328 -0.32468 -0.38171 -0.58614 -0.75806 -0.76980 -0.76718 -0.63814 5
-0.75940 -0.67475 1.45328 -0.03324 -0.12980 -0.34706 -0.50621 -0.51751 -0.31559 -0.53038 5
-0.75940 -0.67475 1.45328 0.25820 0.42441 0.84834 -0.18504 -0.24944 -0.04647 -0.13528 5
-0.75940 -0.67475 1.45328 0.29983 0.37403 0.60926 0.00664 -0.06248 -0.01454 0.28857 5
-0.75940 -0.67475 1.45328 0.34147 0.27326 0.13110 0.03213 0.17180 -0.20612 0.11616 5
1.31652 -0.67475 -0.68794 0.42474 0.42441 0.37018 0.30131 0.61106 0.30932 -0.02752 5
1.31652 -0.67475 -0.68794 0.75781 0.62595 0.25064 0.52766 0.62232 0.93424 0.21314 5
1.31652 -0.67475 -0.68794 0.84108 1.07939 0.72880 1.02420 0.96022 1.09389 0.87764 5
1.31652 -0.67475 -0.68794 0.88272 0.82748 0.37018 0.86413 1.21927 0.59670 0.36040 5
-0.75940 -0.67475 1.45328 -0.11651 0.47480 -0.10798 -0.29210 -0.32378 -0.24261 -0.25381 5
1.31652 -0.67475 -0.68794 -0.07488 -0.07942 0.01156 -0.39814 -0.32153 -0.32472 -0.50883 5
1.31652 -0.67475 -0.68794 0.00839 0.02135 -0.22752 -0.28802 -0.07149 -0.28366 -0.44777 5
-0.75940 -0.67475 1.45328 -0.69939 -1.03669 -0.58614 -0.91711 -0.88919 -0.81735 -0.92549 5
-0.75940 1.48167 -0.68794 0.17493 0.22288 0.48972 0.03111 0.15828 0.04476 -0.05626 5
1.31652 -0.67475 -0.68794 1.00762 0.87786 0.25064 0.77644 1.09763 0.38231 0.71959 5
1.31652 -0.67475 -0.68794 -0.57449 -0.58325 -0.82522 -0.87225 -0.90946 -0.89034 -0.74590 5
-0.75940 1.48167 -0.68794 0.71618 0.42441 0.48972 0.62656 0.24613 1.18968 0.43943 5
-0.75940 1.48167 -0.68794 -0.15815 -0.07942 0.60926 -0.20339 -0.41389 -0.23349 0.08024 5
-0.75940 1.48167 -0.68794 -0.44959 -0.43210 -0.46660 -0.58268 -0.58509 -0.28366 -0.63814 5
-0.75940 -0.67475 1.45328 -0.86593 -0.78478 -0.94476 -0.97217 -0.88243 -0.83560 -0.99733 5
-0.75940 1.48167 -0.68794 -0.61612 -0.48248 -0.82522 -0.72849 -0.70222 -0.79455 -0.64532 5
-0.75940 -0.67475 1.45328 -0.86593 -1.03669 -0.70568 -1.11899 -1.19555 -0.93139 -1.02966 5
-0.75940 1.48167 -0.68794 0.59127 0.62595 0.37018 0.71119 0.82281 0.80652 0.51126 5
-0.75940 1.48167 -0.68794 0.79945 1.02901 0.84834 0.90083 0.82055 1.29916 0.60106 5
-0.75940 1.48167 -0.68794 0.79945 0.67633 0.48972 1.01095 1.47382 0.47810 0.63698 5
1.31652 -0.67475 -0.68794 1.21579 1.12978 1.20696 1.65126 2.03697 1.71881 1.09315 5
1.31652 -0.67475 -0.68794 -0.19978 -0.28095 -0.46660 -0.51437 -0.38911 -0.41595 -0.67406 5
-0.75940 1.48167 -0.68794 0.17493 0.22288 0.01156 0.00664 0.34300 -0.09664 -0.27177 5
1.31652 -0.67475 -0.68794 0.54964 0.52518 0.01156 0.35739 0.61556 0.32757 0.15207 5
1.31652 -0.67475 -0.68794 0.59127 0.52518 0.01156 0.04743 0.27992 0.40968 -0.08499 5
-0.75940 1.48167 -0.68794 0.75781 0.67633 0.72880 0.46138 0.82731 0.59670 -0.03111 5
-0.75940 1.48167 -0.68794 0.75781 0.62595 0.37018 0.52052 1.03230 0.25915 0.05150 5
1.31652 -0.67475 -0.68794 1.00762 0.72671 0.25064 0.74075 1.10889 0.71986 0.33167 5
-0.75940 1.48167 -0.68794 1.17416 0.97863 0.60926 1.06091 1.07735 1.24898 0.87045 5
-0.75940 -0.67475 1.45328 -0.15815 -0.28095 -0.10798 -0.59186 -0.42740 -0.78086 -0.53038 5
-0.75940 -0.67475 1.45328 0.21656 0.12212 0.37018 0.16978 0.61106 -0.00085 -0.24303 5
-0.75940 1.48167 -0.68794 0.46637 0.17250 0.25064 0.03111 0.02312 0.04020 0.22750 5
1.31652 -0.67475 -0.68794 0.63291 0.42441 0.13110 0.09841 0.32948 -0.23349 0.00840 5
1.31652 -0.67475 -0.68794 0.63291 1.02901 1.08742 0.93040 1.12691 0.85670 0.54718 5
-0.75940 1.48167 -0.68794 1.25743 1.18016 0.72880 1.79910 2.14960 1.56372 1.69658 5
-0.75940 1.48167 -0.68794 0.00839 0.22288 -0.10798 0.03009 0.32948 -0.00542 -0.41185 5
1.31652 -0.67475 -0.68794 0.59127 0.27326 0.48972 0.46546 0.29794 0.39599 0.51126 5
-0.75940 1.48167 -0.68794 0.46637 0.42441 0.72880 0.28907 0.46013 0.46898 0.06587 5
-0.75940 -0.67475 1.45328 0.54964 0.52518 -0.34706 -0.15037 -0.11429 -0.27910 -0.00597 5
-0.75940 1.48167 -0.68794 0.63291 0.42441 0.25064 0.27276 0.35201 0.38231 0.27779 5
1.31652 -0.67475 -0.68794 0.88272 1.23054 0.96788 0.91918 1.16521 0.68793 0.54718 5
-0.75940 1.48167 -0.68794 0.92435 1.02901 0.72880 0.80499 0.77775 0.82477 0.82735 5
1.31652 -0.67475 -0.68794 0.29983 0.42441 0.13110 0.13307 0.13125 0.26371 0.18081 5
1.31652 -0.67475 -0.68794 0.42474 0.62595 0.25064 0.30539 0.41058 0.14055 0.26701 5
1.31652 -0.67475 -0.68794 0.54964 -0.02903 0.25064 0.04947 -0.15033 0.73810 0.04432 5
-0.75940 1.48167 -0.68794 0.59127 0.52518 0.48972 0.18813 0.18531 0.19985 0.34963 5
-0.75940 1.48167 -0.68794 1.09089 0.82748 0.48972 0.76522 0.83857 0.73810 0.60106 5
1.31652 -0.67475 -0.68794 0.00839 -0.07942 -0.22752 -0.42159 -0.42290 -0.30647 -0.39389 5
1.31652 -0.67475 -0.68794 -0.53285 -0.58325 -0.34706 -0.63672 -0.76980 -0.60297 -0.38671 5
1.31652 -0.67475 -0.68794 -0.82430 -0.73439 -0.94476 -0.85696 -0.82837 -0.80823 -0.74590 5
-0.75940 1.48167 -0.68794 0.21656 0.32365 -0.34706 -0.12998 -0.13231 0.29108 0.04432 5
1.31652 -0.67475 -0.68794 -0.61612 -0.53286 -0.46660 -0.88347 -0.95677 -0.94964 -0.67406 5
-0.75940 -0.67475 1.45328 -1.69862 -1.59091 -1.42292 -1.37083 -1.36224 -1.33736 -1.28468 5
1.31652 -0.67475 -0.68794 -0.94920 -0.93593 -1.06430 -1.06597 -1.07391 -0.97700 -1.06917 5
1.31652 -0.67475 -0.68794 -0.28305 -0.12980 -0.46660 -0.31555 -0.12104 -0.52086 -0.38671 5
-0.75940 1.48167 -0.68794 0.29983 0.57556 0.48972 0.41346 0.32723 0.19985 0.70522 5
1.31652 -0.67475 -0.68794 0.96598 0.92824 0.72880 1.27604 1.27333 1.61390 0.82735 5
-0.75940 1.48167 -0.68794 0.25820 0.22288 -0.10798 -0.03414 0.20784 -0.16050 -0.12450 5
-0.75940 -0.67475 1.45328 -1.03247 -1.43976 -0.94476 -1.12409 -1.05814 -1.09560 -1.14100 5
-0.75940 -0.67475 1.45328 -0.40795 -0.53286 -0.34706 -0.69790 -0.64816 -0.63946 -0.69561 5
-0.75940 -0.67475 1.45328 -0.19978 -0.43210 -0.34706 -0.61327 -0.58734 -0.70788 -0.53398 5
-0.75940 -0.67475 1.45328 -0.07488 -0.07942 -0.10798 -0.39304 -0.24269 -0.53911 -0.38312 5
-0.75940 -0.67475 1.45328 0.05003 -0.02903 -0.22752 -0.34104 -0.29224 -0.37489 -0.35079 5
-0.75940 1.48167 -0.68794 0.50801 0.57556 0.60926 0.21770 0.19883 0.42792 0.14489 5
-0.75940 1.48167 -0.68794 0.63291 0.77709 0.13110 -0.10755 -0.02193 -0.20156 0.00122 5
-0.75940 1.48167 -0.68794 1.04925 0.67633 0.60926 1.13942 0.99401 1.53179 0.50767 5
1.31652 -0.67475 -0.68794 0.75781 0.67633 1.20696 1.23322 1.67655 1.13495 0.64416 5
-0.75940 -0.67475 1.45328 -0.40795 -0.58325 -0.34706 -0.82841 -0.76079 -0.92683 -0.74231 5
-0.75940 -0.67475 1.45328 0.21656 -0.07942 -0.10798 -0.22786 -0.12555 -0.28366 -0.12809 5
-0.75940 -0.67475 1.45328 0.25820 0.22288 0.25064 -0.09328 -0.06473 -0.04647 0.05869 5
-0.75940 -0.67475 1.45328 0.50801 0.52518 0.01156 -0.13304 -0.15033 -0.25173 0.18799 5
-0.75940 1.48167 -0.68794 0.71618 0.87786 0.60926 0.51950 0.41959 0.84301 0.56155 5
1.31652 -0.67475 -0.68794 -0.78266 -0.98631 -0.22752 -0.36755 -0.38686 -0.16050 -0.39389 5
-0.75940 1.48167 -0.68794 0.92435 0.97863 0.72880 0.88656 0.68765 1.29004 0.83453 5
-0.75940 1.48167 -0.68794 1.04925 1.18016 0.60926 0.83456 1.29586 0.61950 0.44302 5
-0.75940 -0.67475 1.45328 0.00839 -0.07942 0.01156 -0.45523 -0.44542 -0.66226 -0.20711 5
1.31652 -0.67475 -0.68794 0.05003 0.17250 -0.22752 -0.25845 -0.27873 -0.37489 -0.13528 5
-0.75940 -0.67475 1.45328 0.09166 0.42441 -0.10798 -0.20543 -0.33730 0.03564 0.18799 5
1.31652 -0.67475 -0.68794 0.29983 0.57556 0.13110 0.11982 -0.11203 0.35950 0.22032 5
-0.75940 1.48167 -0.68794 0.75781 0.67633 0.13110 0.25237 0.14477 0.13143 0.58310 5
1.31652 -0.67475 -0.68794 -0.65776 -0.38171 -0.34706 -0.63978 -0.49498 -0.85385 -0.57349 5
-0.75940 1.48167 -0.68794 0.38310 0.32365 1.20696 0.38593 0.39481 0.24090 0.18799 5
-0.75940 1.48167 -0.68794 -0.28305 -0.23057 0.48972 -0.35226 -0.51300 -0.08752 -0.24303 5
-0.75940 1.48167 -0.68794 0.71618 0.92824 0.96788 1.24240 0.71693 1.75987 0.68727 5
-0.75940 1.48167 -0.68794 0.25820 0.22288 0.01156 -0.15139 -0.03094 0.02651 -0.26818 5
1.31652 -0.67475 -0.68794 0.88272 0.82748 0.25064 0.74789 1.01428 0.69705 0.43943 5
1.31652 -0.67475 -0.68794 -0.11651 0.02135 0.37018 0.92530 0.94445 1.00723 1.01053 5
-0.75940 1.48167 -0.68794 0.38310 0.42441 0.25064 0.27684 0.77325 0.07669 -0.21430 5
-0.75940 -0.67475 1.45328 -0.57449 -0.58325 -0.22752 -0.72645 -0.65041 -0.96788 -0.63814 5
-0.75940 1.48167 -0.68794 0.75781 0.87786 0.37018 0.51338 0.72369 0.08581 0.58310 6
-0.75940 1.48167 -0.68794 0.29983 0.32365 -0.10798 -0.05351 -0.04220 -0.17419 0.14489 6
-0.75940 1.48167 -0.68794 -0.44959 -0.48248 -0.46660 -0.71625 -0.67069 -0.68507 -0.63814 6
1.31652 -0.67475 -0.68794 0.29983 0.32365 0.48972 0.07292 -0.13006 0.24546 0.15207 6
-0.75940 1.48167 -0.68794 -0.19978 -0.07942 -0.34706 -0.32880 -0.44317 -0.44788 -0.13528 6
1.31652 -0.67475 -0.68794 -0.69939 -0.68401 -0.82522 -0.87021 -1.03111 -0.77630 -0.53038 6
1.31652 -0.67475 -0.68794 -0.40795 -0.33133 -0.22752 -0.63468 -0.68420 -0.58472 -0.49447 6
-0.75940 1.48167 -0.68794 -0.28305 -0.28095 -0.34706 -0.57045 -0.51525 -0.66683 -0.46573 6
-0.75940 1.48167 -0.68794 0.79945 0.67633 0.84834 0.38288 0.34300 0.30476 0.61902 6
-0.75940 -0.67475 1.45328 -1.44881 -1.49014 -1.30338 -1.33515 -1.30142 -1.33280 -1.28468 6
-0.75940 1.48167 -0.68794 0.09166 0.27326 0.48972 -0.03720 -0.19763 -0.00998 0.00840 6
-0.75940 1.48167 -0.68794 0.46637 0.47480 -0.46660 0.49911 0.53898 0.84758 0.18799 6
1.31652 -0.67475 -0.68794 0.17493 0.17250 -0.10798 0.03213 0.06142 0.26827 -0.02752 6
1.31652 -0.67475 -0.68794 -0.40795 -0.33133 -0.34706 -0.48072 -0.37109 -0.59840 -0.42263 6
-0.75940 1.48167 -0.68794 -0.07488 0.07173 0.01156 -0.27579 -0.21566 -0.26086 -0.27895 6
-0.75940 -0.67475 1.45328 -1.36554 -1.33899 -0.70568 -1.21382 -1.19104 -1.16859 -1.10509 6
-0.75940 1.48167 -0.68794 -0.07488 -0.02903 -0.46660 -0.37265 -0.31477 -0.36577 -0.44418 6
-0.75940 1.48167 -0.68794 -0.28305 -0.28095 0.13110 -0.31861 -0.49723 0.00371 -0.20711 6
-0.75940 -0.67475 1.45328 -0.44959 -0.38171 0.01156 -0.67343 -0.67519 -0.52998 -0.67406 6
-0.75940 1.48167 -0.68794 -0.82430 -0.73439 -1.06430 -1.03335 -1.07616 -1.09104 -0.81773 6
1.31652 -0.67475 -0.68794 -1.53208 -1.43976 -1.30338 -1.31578 -1.27214 -1.22788 -1.24876 6
1.31652 -0.67475 -0.68794 -0.53285 -0.43210 -0.34706 -0.73766 -0.76530 -0.78542 -0.58067 6
-0.75940 1.48167 -0.68794 -0.90756 -0.68401 -0.22752 -0.94056 -0.96128 -0.84016 -0.85365 6
-0.75940 1.48167 -0.68794 -1.49045 -1.49014 -1.18384 -1.26785 -1.26989 -1.25069 -1.16615 6
1.31652 -0.67475 -0.68794 -1.03247 -1.03669 -1.30338 -1.08433 -1.13247 -1.00437 -0.99733 6
1.31652 -0.67475 -0.68794 -0.65776 -0.63363 -1.18384 -0.91609 -0.97479 -0.97244 -0.81773 6
-0.75940 1.48167 -0.68794 0.17493 0.32365 -0.10798 0.18303 0.31371 0.19073 -0.00956 6
-0.75940 1.48167 -0.68794 0.21656 0.42441 0.25064 0.09433 0.01186 -0.04647 0.27061 6
1.31652 -0.67475 -0.68794 0.38310 0.42441 0.37018 0.74687 0.91516 0.69249 0.40351 6
1.31652 -0.67475 -0.68794 0.38310 0.42441 0.37018 0.74381 0.69215 0.26827 0.74833 6
1.31652 -0.67475 -0.68794 0.84108 0.82748 0.84834 1.02726 0.95121 0.82477 1.19372 6
-0.75940 1.48167 -0.68794 1.00762 0.92824 0.37018 0.79887 1.14944 0.50547 0.57232 6
1.31652 -0.67475 -0.68794 1.04925 1.18016 1.08742 1.61761 1.37470 1.29460 1.71095 6
-0.75940 1.48167 -0.68794 1.09089 1.02901 0.84834 1.67980 2.21718 1.42232 1.17935 6
-0.75940 -0.67475 1.45328 0.13330 0.12212 0.01156 -0.33084 -0.21115 -0.38858 -0.35438 6
-0.75940 -0.67475 1.45328 0.42474 0.27326 -0.22752 -0.04841 -0.19763 0.31845 0.04432 6
-0.75940 1.48167 -0.68794 1.00762 0.72671 0.72880 0.62350 0.75973 0.66968 0.47534 6
1.31652 -0.67475 -0.68794 1.34069 1.12978 0.60926 1.40757 1.53013 1.71425 1.15780 6
-0.75940 -0.67475 1.45328 0.05003 0.12212 0.37018 -0.03822 0.50969 -0.63490 -0.33642 6
-0.75940 -0.67475 1.45328 0.38310 0.42441 0.13110 -0.15853 -0.34631 0.35494 -0.12450 6
1.31652 -0.67475 -0.68794 0.50801 0.62595 0.60926 1.18326 1.98516 0.44161 0.40351 6
1.31652 -0.67475 -0.68794 0.71618 0.72671 0.72880 0.62860 0.43761 0.99810 0.77706 6
1.31652 -0.67475 -0.68794 0.92435 0.67633 0.72880 0.74381 0.72594 0.81108 0.91715 6
-0.75940 1.48167 -0.68794 1.13252 0.87786 1.68512 1.46671 1.64276 1.56829 1.10392 6
-0.75940 1.48167 -0.68794 1.17416 1.23054 0.96788 1.35047 1.23954 1.47249 1.40923 6
-0.75940 1.48167 -0.68794 1.21579 0.97863 0.84834 0.37880 0.35201 0.82477 0.97462 6
-0.75940 1.48167 -0.68794 0.88272 0.92824 0.84834 0.57456 0.48491 0.79740 0.64775 6
-0.75940 1.48167 -0.68794 0.88272 0.82748 2.04374 1.03440 1.44678 0.71529 0.61543 6
-0.75940 1.48167 -0.68794 1.04925 1.38169 0.84834 1.41879 1.03906 1.32653 1.84026 6
-0.75940 -0.67475 1.45328 -0.57449 -0.48248 -0.58614 -0.75806 -0.67970 -0.86753 -0.65969 6
-0.75940 -0.67475 1.45328 0.29983 0.37403 0.25064 -0.01273 0.04114 0.05844 -0.02034 6
1.31652 -0.67475 -0.68794 0.34147 0.22288 0.25064 0.00460 0.29344 -0.06471 -0.14246 6
-0.75940 -0.67475 1.45328 0.42474 0.17250 -0.10798 -0.06575 0.02087 0.14055 0.00122 6
-0.75940 1.48167 -0.68794 0.42474 0.62595 0.37018 0.58578 0.67413 0.52371 0.72678 6
1.31652 -0.67475 -0.68794 0.42474 0.62595 1.08742 0.31864 0.06818 0.33669 0.83453 6
1.31652 -0.67475 -0.68794 0.46637 0.52518 0.37018 0.41754 0.49392 0.38231 0.40351 6
1.31652 -0.67475 -0.68794 0.54964 0.82748 0.60926 0.77134 0.89940 0.49634 0.50408 6
-0.75940 1.48167 -0.68794 0.71618 0.67633 0.48972 0.58476 0.10872 0.38687 1.00694 6
1.31652 -0.67475 -0.68794 0.88272 0.77709 0.60926 0.82436 1.33866 0.46441 0.46457 6
1.31652 -0.67475 -0.68794 1.00762 1.02901 1.32650 0.81009 1.03230 0.37318 0.97462 6
-0.75940 1.48167 -0.68794 1.21579 1.43207 0.37018 1.50341 2.24647 1.44513 0.82735 6
1.31652 -0.67475 -0.68794 1.29906 1.12978 1.32650 1.27400 1.04807 1.91952 1.24760 6
-0.75940 1.48167 -0.68794 0.17493 0.07173 1.44604 1.07926 0.93544 1.25354 1.17935 6
1.31652 -0.67475 -0.68794 1.09089 1.38169 1.20696 1.21487 1.23053 1.39039 0.99976 6
-0.75940 1.48167 -0.68794 1.42396 1.43207 1.08742 1.73384 2.00769 2.01531 1.13266 6
-0.75940 -0.67475 1.45328 -0.07488 0.12212 0.25064 -0.31861 -0.46795 -0.42963 -0.02752 6
-0.75940 -0.67475 1.45328 0.42474 0.42441 -0.10798 0.08719 0.40832 -0.16963 -0.09936 6
-0.75940 1.48167 -0.68794 0.46637 0.92824 0.60926 0.19629 0.04790 0.04020 0.44302 6
-0.75940 -0.67475 1.45328 0.46637 0.32365 0.13110 -0.07798 -0.03094 -0.14682 0.02277 6
1.31652 -0.67475 -0.68794 0.67454 0.62595 0.96788 0.58476 0.53898 0.69249 0.59028 6
-0.75940 -0.67475 1.45328 0.96598 0.82748 -0.10798 0.55315 0.57952 0.63775 0.38555 6
1.31652 -0.67475 -0.68794 1.34069 1.28092 0.37018 1.13330 1.36118 0.30932 1.21168 6
-0.75940 -0.67475 1.45328 -0.44959 -0.33133 -0.82522 -0.79068 -0.86666 -0.85841 -0.67406 6
-0.75940 1.48167 -0.68794 0.21656 0.62595 0.25064 0.18711 0.09746 0.57389 0.20595 6
-0.75940 1.48167 -0.68794 0.38310 0.27326 0.25064 0.00155 0.12674 -0.22437 0.04432 6
-0.75940 1.48167 -0.68794 0.13330 -0.23057 0.01156 -0.12896 -0.14808 -0.58928 -0.01674 6
-0.75940 1.48167 -0.68794 1.71540 1.48246 0.96788 1.75526 1.33415 0.14511 1.82948 6
1.31652 -0.67475 -0.68794 0.50801 0.72671 1.08742 0.43080 0.33624 0.77003 0.33167 6
-0.75940 1.48167 -0.68794 -0.28305 -0.38171 0.01156 -0.49704 -0.52427 -0.59840 -0.31487 6
1.31652 -0.67475 -0.68794 -0.49122 -0.48248 -0.22752 -0.61633 -0.67069 -0.56647 -0.53038 6
-0.75940 1.48167 -0.68794 -1.19901 -0.83516 -0.70568 -1.05680 -1.07841 -0.97244 -0.96141 6
-0.75940 1.48167 -0.68794 -0.90756 -1.03669 -0.82522 -0.95484 -1.07841 -0.89946 -0.99733 6
1.31652 -0.67475 -0.68794 -1.28227 -1.18784 -1.18384 -1.19852 -1.12346 -1.23701 -1.22003 6
1.31652 -0.67475 -0.68794 -1.61535 -1.59091 -1.18384 -1.28825 -1.23610 -1.27350 -1.28109 6
-0.75940 1.48167 -0.68794 0.46637 0.52518 1.08742 0.38389 -0.03545 0.17704 0.58310 6
-0.75940 -0.67475 1.45328 -0.40795 -0.43210 -0.46660 -0.60919 -0.49048 -0.75805 -0.54834 6
-0.75940 1.48167 -0.68794 0.84108 0.82748 0.37018 1.02216 1.38822 0.71529 0.65494 6
-0.75940 1.48167 -0.68794 1.71540 1.63361 0.60926 2.42207 3.19482 2.16584 1.40923 6
-0.75940 1.48167 -0.68794 0.75781 0.77709 0.48972 0.67040 0.63584 0.62863 0.54718 6
1.31652 -0.67475 -0.68794 0.84108 0.72671 0.72880 1.07416 1.40398 0.79740 0.71600 6
-0.75940 1.48167 -0.68794 1.50723 1.53284 1.56558 3.16536 2.84792 2.91847 2.76697 6
1.31652 -0.67475 -0.68794 0.63291 0.82748 1.68512 2.36294 2.90874 2.17496 1.81153 6
-0.75940 -0.67475 1.45328 -0.28305 -0.43210 -0.34706 -0.55108 -0.48372 -0.49805 -0.55553 6
-0.75940 1.48167 -0.68794 0.00839 0.07173 0.25064 -0.25132 -0.13681 -0.30647 -0.28614 6
-0.75940 -0.67475 1.45328 0.21656 0.17250 0.13110 0.12492 0.32948 -0.08752 -0.02034 6
-0.75940 -0.67475 1.45328 0.29983 0.32365 0.01156 -0.00763 0.19207 -0.37945 0.04432 6
-0.75940 1.48167 -0.68794 0.75781 0.52518 0.25064 0.40327 0.60430 0.18617 0.25624 6
-0.75940 1.48167 -0.68794 0.79945 0.72671 0.60926 0.37472 0.78001 2.33461 0.61184 6
1.31652 -0.67475 -0.68794 0.84108 0.92824 0.01156 0.54499 0.83407 0.32757 0.40351 6
1.31652 -0.67475 -0.68794 0.84108 0.82748 0.60926 0.76726 0.71243 1.18512 0.77347 6
1.31652 -0.67475 -0.68794 0.88272 1.18016 1.32650 0.98852 0.60430 0.69249 1.62475 7
1.31652 -0.67475 -0.68794 0.96598 0.77709 0.25064 0.54907 0.72144 0.37775 0.56514 7
1.31652 -0.67475 -0.68794 0.96598 1.07939 -1.42292 0.43487 0.70116 -0.04647 -0.45855 7
1.31652 -0.67475 -0.68794 0.84108 0.67633 0.84834 1.04358 1.33641 0.93424 0.70522 7
-0.75940 1.48167 -0.68794 1.63214 1.43207 0.96788 1.40961 1.25081 1.31741 1.40923 7
1.31652 -0.67475 -0.68794 0.05003 -0.02903 0.25064 0.00562 -0.03319 0.05844 0.09820 7
-0.75940 -0.67475 1.45328 0.54964 0.67633 0.13110 0.29723 0.48716 0.24090 0.14489 7
-0.75940 1.48167 -0.68794 1.13252 1.18016 0.96788 1.56561 1.87929 1.97425 0.87404 7
-0.75940 1.48167 -0.68794 1.17416 1.02901 0.84834 1.12514 1.42201 1.07565 0.61902 7
1.31652 -0.67475 -0.68794 0.25820 -0.02903 1.20696 1.17714 1.13592 1.47249 1.07878 7
-0.75940 -0.67475 1.45328 0.21656 -0.02903 0.25064 -0.31249 -0.26071 -0.31103 -0.20711 7
1.31652 -0.67475 -0.68794 1.17416 1.18016 0.37018 1.07824 0.78001 1.13039 1.50621 7
1.31652 -0.67475 -0.68794 0.46637 0.22288 -0.34706 0.16876 0.39030 0.24546 -0.84647 7
1.31652 -0.67475 -0.68794 -0.49122 -0.02903 -0.10798 -0.10449 0.34525 -0.08296 -0.67047 7
-0.75940 1.48167 -0.68794 0.00839 -0.07942 -0.10798 -0.23398 -0.18637 -0.38858 -0.22148 7
1.31652 -0.67475 -0.68794 0.50801 0.52518 0.25064 0.76930 0.99851 0.32301 0.60465 7
-0.75940 1.48167 -0.68794 0.88272 0.87786 1.20696 0.68672 0.79577 0.28196 -0.54834 7
-0.75940 1.48167 -0.68794 1.34069 1.23054 0.72880 1.39024 1.70809 1.56829 0.96025 7
1.31652 -0.67475 -0.68794 0.29983 0.42441 0.37018 0.17080 0.00060 0.82477 0.79861 7
-0.75940 1.48167 -0.68794 0.17493 0.27326 0.25064 -0.29210 -0.31027 -0.32472 -0.09936 7
1.31652 -0.67475 -0.68794 0.05003 0.22288 -0.10798 0.10249 -0.35757 0.32757 0.08024 7
-0.75940 1.48167 -0.68794 0.84108 0.62595 0.72880 0.86922 0.74622 0.55564 1.19372 7
1.31652 -0.67475 -0.68794 0.09166 0.12212 0.48972 -0.16771 -0.05121 -0.26542 -0.14605 7
-0.75940 -0.67475 1.45328 0.21656 0.17250 0.37018 0.08923 0.23712 0.05844 0.02636 7
-0.75940 1.48167 -0.68794 0.59127 0.57556 0.13110 -0.06779 -0.07599 -0.00998 0.02636 7
1.31652 -0.67475 -0.68794 1.25743 1.07939 0.13110 0.88962 1.09537 1.08021 0.61902 7
1.31652 -0.67475 -0.68794 1.09089 0.97863 0.60926 0.89981 1.09988 0.74266 0.69086 7
1.31652 -0.67475 -0.68794 1.38233 1.23054 1.20696 1.56357 1.43552 1.37214 1.73250 7
1.31652 -0.67475 -0.68794 1.59050 1.18016 1.44604 2.16411 2.66095 2.33005 1.37691 7
1.31652 -0.67475 -0.68794 0.71618 0.42441 1.20696 0.51338 0.71017 0.62863 0.39273 7
1.31652 -0.67475 -0.68794 0.79945 0.72671 0.60926 0.52358 0.54799 0.70161 0.47534 7
1.31652 -0.67475 -0.68794 1.04925 0.87786 0.48972 0.77236 0.85885 0.81108 0.58310 7
1.31652 -0.67475 -0.68794 1.34069 1.43207 1.20696 2.15392 2.39064 2.09285 1.80075 7
-0.75940 1.48167 -0.68794 1.04925 0.97863 0.84834 0.77236 0.68089 0.74266 1.08596 7
1.31652 -0.67475 -0.68794 0.59127 0.52518 0.37018 0.41040 0.30695 0.24090 0.65853 7
-0.75940 1.48167 -0.68794 -0.03324 0.02135 0.48972 -0.23806 -0.33730 -0.25173 -0.09936 7
-0.75940 -0.67475 1.45328 0.00839 -0.07942 0.01156 -0.27171 -0.53553 -0.18787 0.10179 7
1.31652 -0.67475 -0.68794 0.84108 0.72671 0.84834 0.48178 0.57276 0.71529 0.33167 7
1.31652 -0.67475 -0.68794 1.13252 1.07939 0.37018 1.24953 1.55942 1.59565 0.69086 7
-0.75940 -0.67475 1.45328 -0.24141 -0.23057 -0.34706 -0.64488 -0.68420 -0.59384 -0.48010 7
-0.75940 -0.67475 1.45328 0.13330 0.07173 0.37018 -0.25845 -0.16835 -0.12401 -0.35079 7
1.31652 -0.67475 -0.68794 0.84108 0.92824 0.84834 0.46444 0.46013 0.70617 0.47534 7
-0.75940 1.48167 -0.68794 0.84108 0.77709 0.60926 0.80907 0.66737 1.05284 0.87045 7
1.31652 -0.67475 -0.68794 0.21656 0.22288 0.96788 -0.00457 0.36552 -0.19700 -0.09936 7
1.31652 -0.67475 -0.68794 0.38310 0.37403 0.48972 0.37880 0.70567 -0.15138 0.43943 7
-0.75940 -0.67475 1.45328 0.59127 0.67633 0.37018 0.31660 0.57276 0.03108 0.26342 7
-0.75940 1.48167 -0.68794 0.67454 0.57556 0.37018 0.55315 0.84533 0.78372 0.14130 7
-0.75940 -0.67475 1.45328 0.21656 0.37403 -0.70568 -0.07187 0.08394 -0.35209 0.15207 7
-0.75940 1.48167 -0.68794 1.00762 1.28092 1.20696 0.83762 0.48942 0.52827 1.33021 7
1.31652 -0.67475 -0.68794 1.42396 1.23054 1.68512 1.38922 1.37245 2.08829 1.05005 7
1.31652 -0.67475 -0.68794 -0.03324 -0.23057 0.60926 -0.07696 0.07043 -0.00542 -0.41185 7
1.31652 -0.67475 -0.68794 -0.28305 -0.28095 -0.10798 -0.58574 -0.63915 -0.78086 -0.35079 7
-0.75940 1.48167 -0.68794 0.05003 0.07173 -0.58614 -0.48378 -0.56932 -0.20156 -0.42263 7
-0.75940 1.48167 -0.68794 -0.44959 -0.58325 0.13110 -0.63468 -0.77656 -0.52086 -0.42263 7
-0.75940 1.48167 -0.68794 -0.65776 -0.53286 0.25064 -0.70096 -0.80359 -0.50718 -0.60222 7
-0.75940 1.48167 -0.68794 -0.53285 -0.28095 -0.22752 -0.38692 -0.26747 -0.25630 -0.56630 7
1.31652 -0.67475 -0.68794 0.46637 0.57556 0.13110 0.11880 0.36552 -0.13770 0.18799 7
1.31652 -0.67475 -0.68794 0.88272 0.82748 1.20696 0.71119 0.60430 1.42232 0.33167 7
-0.75940 1.48167 -0.68794 0.46637 0.52518 -0.46660 0.33597 0.46464 0.52827 0.29575 7
-0.75940 -0.67475 1.45328 -0.28305 -0.28095 -0.46660 -0.61123 -0.64365 -0.37945 -0.60222 7
1.31652 -0.67475 -0.68794 -0.19978 0.02135 0.25064 -0.34002 -0.35081 -0.39770 -0.13528 7
1.31652 -0.67475 -0.68794 -1.19901 -1.23822 -0.94476 -1.14652 -1.10094 -1.09104 -1.17692 7
1.31652 -0.67475 -0.68794 0.21656 0.42441 -0.22752 0.18609 0.08394 0.52827 0.36759 7
1.31652 -0.67475 -0.68794 0.13330 0.12212 -0.10798 -0.04332 -0.04896 -0.00998 -0.02752 7
-0.75940 1.48167 -0.68794 1.09089 1.02901 0.37018 0.93958 0.78902 0.95705 1.22964 7
-0.75940 1.48167 -0.68794 0.75781 1.18016 0.37018 0.42774 0.30470 0.46441 0.76269 7
-0.75940 1.48167 -0.68794 0.17493 0.07173 0.25064 -0.19422 -0.35982 -0.16050 -0.14605 7
-0.75940 1.48167 -0.68794 -0.94920 -0.88554 -0.58614 -0.90080 -0.87568 -0.73069 -1.00810 7
-0.75940 -0.67475 1.45328 -0.65776 -0.78478 -0.46660 -0.98237 -1.07841 -0.88121 -0.96141 7
1.31652 -0.67475 -0.68794 0.17493 0.42441 0.25064 0.30437 -0.10302 0.09038 0.43943 7
1.31652 -0.67475 -0.68794 1.04925 1.18016 0.84834 1.31071 1.42201 1.22618 1.15062 7
1.31652 -0.67475 -0.68794 0.54964 0.57556 0.37018 0.62656 0.74396 0.73810 0.25983 7
-0.75940 1.48167 -0.68794 0.59127 0.42441 0.25064 0.58170 1.02329 0.36406 0.08024 7
1.31652 -0.67475 -0.68794 0.67454 0.62595 0.60926 0.82130 1.09537 0.74266 0.38555 7
1.31652 -0.67475 -0.68794 0.71618 0.62595 0.25064 0.68060 0.92643 0.70617 0.50049 7
-0.75940 1.48167 -0.68794 0.79945 1.02901 0.96788 1.02522 1.05708 0.87038 1.07160 7
-0.75940 1.48167 -0.68794 0.88272 0.87786 0.60926 0.97628 1.07961 0.94337 0.54718 7
-0.75940 1.48167 -0.68794 1.13252 0.97863 1.08742 1.42592 1.48958 1.11214 1.45234 7
-0.75940 1.48167 -0.68794 1.92358 2.18782 1.68512 3.41822 3.77150 3.03251 3.15848 7
-0.75940 -0.67475 1.45328 -0.49122 -0.68401 -0.70568 -0.98441 -0.97704 -0.98157 -0.90394 7
-0.75940 -0.67475 1.45328 0.67454 0.27326 -0.22752 0.15041 0.32723 -0.06015 0.15207 7
-0.75940 1.48167 -0.68794 0.84108 0.97863 0.84834 0.65511 0.84759 0.68793 0.47175 7
-0.75940 1.48167 -0.68794 1.04925 0.97863 0.60926 0.67550 0.53672 0.85214 0.79143 7
-0.75940 1.48167 -0.68794 1.67377 1.93590 1.44604 1.85212 1.52112 1.62302 2.55864 7
1.31652 -0.67475 -0.68794 0.88272 0.72671 0.25064 0.90185 1.35668 0.56477 0.51126 7
1.31652 -0.67475 -0.68794 1.09089 1.02901 1.80466 1.94694 2.38388 2.08829 1.29789 7
1.31652 -0.67475 -0.68794 1.21579 1.38169 1.44604 1.78176 2.13384 1.76443 1.22964 7
-0.75940 -0.67475 1.45328 0.25820 0.52518 0.13110 0.14633 0.11323 -0.20612 0.27061 7
-0.75940 -0.67475 1.45328 0.54964 0.52518 0.13110 0.14837 0.26866 -0.01910 0.15207 7
1.31652 -0.67475 -0.68794 1.04925 1.18016 1.08742 1.34436 1.37695 1.42688 0.99976 7
1.31652 -0.67475 -0.68794 1.17416 0.97863 0.48972 0.93856 1.14944 0.66056 0.91715 7
-0.75940 1.48167 -0.68794 1.21579 1.33131 1.32650 1.61149 1.71485 1.36758 1.62475 7
1.31652 -0.67475 -0.68794 1.54887 1.53284 1.92420 2.41901 2.53255 2.49426 2.35031 7
-0.75940 1.48167 -0.68794 1.88194 1.58322 1.80466 2.26200 1.86577 2.75426 2.41496 7
-0.75940 1.48167 -0.68794 0.71618 0.67633 0.25064 0.58068 0.72144 0.70161 0.44302 7
-0.75940 1.48167 -0.68794 1.17416 1.07939 1.08742 1.04358 0.90165 1.02547 1.42719 7
1.31652 -0.67475 -0.68794 1.63214 1.53284 0.96788 1.54522 1.49409 1.77355 1.46311 7
1.31652 -0.67475 -0.68794 0.42474 0.47480 0.37018 0.37574 0.49167 0.25459 0.40351 7
-0.75940 -0.67475 1.45328 0.42474 0.42441 -0.10798 -0.00865 -0.09852 0.28196 0.00122 7
-0.75940 1.48167 -0.68794 0.63291 0.62595 -0.10798 0.28805 0.47815 0.13599 0.18081 7
-0.75940 1.48167 -0.68794 0.63291 0.57556 0.48972 0.62044 0.48041 0.98442 0.42506 8
1.31652 -0.67475 -0.68794 0.75781 0.62595 0.13110 0.40735 0.37904 0.92968 0.33167 8
-0.75940 1.48167 -0.68794 0.84108 0.62595 0.13110 0.31660 0.52095 0.17704 0.18799 8
1.31652 -0.67475 -0.68794 1.00762 0.82748 0.84834 1.00177 1.32064 0.51915 0.71600 8
1.31652 -0.67475 -0.68794 1.13252 1.02901 0.84834 0.79377 0.65836 1.11670 0.94229 8
-0.75940 1.48167 -0.68794 1.88194 1.43207 1.32650 2.04686 2.12032 1.69144 1.44515 8
-0.75940 1.48167 -0.68794 -0.28305 -0.23057 -0.34706 -0.58982 -0.63915 -0.47981 -0.53038 8
1.31652 -0.67475 -0.68794 0.46637 0.62595 0.60926 0.20037 -0.17060 0.16336 0.54718 8
-0.75940 -0.67475 1.45328 -1.40718 -1.28861 -0.94476 -1.22605 -1.19780 -1.23245 -1.10509 8
1.31652 -0.67475 -0.68794 -0.15815 -0.07942 -0.22752 -0.13202 -0.25170 0.07669 -0.15324 8
-0.75940 1.48167 -0.68794 0.17493 0.32365 0.84834 -0.11061 -0.27422 0.06301 0.18799 8
1.31652 -0.67475 -0.68794 -0.86593 -0.68401 -0.34706 -0.77335 -0.87568 -0.62121 -0.68124 8
-0.75940 -0.67475 1.45328 -0.03324 -0.28095 0.01156 -0.61939 -0.81936 -0.59840 -0.38671 8
1.31652 -0.67475 -0.68794 0.17493 0.42441 0.25064 0.10351 0.12449 -0.27910 0.17003 8
-0.75940 1.48167 -0.68794 0.96598 0.92824 0.96788 1.36781 1.05257 1.21705 1.38050 8
1.31652 -0.67475 -0.68794 1.29906 1.23054 0.96788 1.42796 1.82072 1.19425 1.17576 8
1.31652 -0.67475 -0.68794 1.75704 1.63361 0.84834 2.14372 2.47849 1.88303 1.78997 8
1.31652 -0.67475 -0.68794 -0.36632 -0.33133 -0.46660 -0.48786 -0.47696 -0.47981 -0.48010 8
-0.75940 -0.67475 1.45328 0.25820 0.27326 0.13110 -0.26763 -0.43867 -0.21068 0.00840 8
1.31652 -0.67475 -0.68794 0.63291 0.87786 1.08742 0.58272 0.65836 0.75635 0.92074 8
-0.75940 1.48167 -0.68794 1.13252 1.18016 1.44604 1.29338 1.32064 1.08477 1.31585 8
1.31652 -0.67475 -0.68794 1.17416 1.07939 1.20696 1.65126 2.12483 1.61390 0.94947 8
-0.75940 1.48167 -0.68794 1.63214 1.58322 0.96788 1.81541 2.19466 2.06548 1.06800 8
1.31652 -0.67475 -0.68794 1.79867 1.88552 1.20696 3.04811 3.55975 3.01883 1.91210 8
-0.75940 1.48167 -0.68794 0.75781 0.67633 0.84834 0.74483 0.89940 0.71529 0.55796 8
1.31652 -0.67475 -0.68794 0.84108 0.87786 0.84834 0.77236 0.77325 0.91600 0.81657 8
-0.75940 1.48167 -0.68794 0.84108 0.92824 0.48972 0.79173 0.96022 0.24090 0.83453 8
1.31652 -0.67475 -0.68794 0.92435 1.12978 0.84834 0.94467 1.08411 0.80652 0.92074 8
1.31652 -0.67475 -0.68794 0.96598 1.68399 0.84834 1.28420 1.19674 0.77915 1.44156 8
-0.75940 -0.67475 1.45328 -0.03324 -0.12980 -0.58614 -0.37571 -0.19763 -0.51174 -0.37952 8
-0.75940 -0.67475 1.45328 0.21656 0.37403 0.13110 -0.09328 -0.24719 -0.21524 0.18799 8
1.31652 -0.67475 -0.68794 0.88272 1.07939 0.84834 0.74789 0.59754 0.60582 0.94229 8
-0.75940 1.48167 -0.68794 0.96598 0.77709 0.13110 0.62146 0.87011 0.63775 0.45020 8
1.31652 -0.67475 -0.68794 0.09166 0.12212 -0.34706 -0.13202 -0.21340 -0.27454 0.18799 8
-0.75940 1.48167 -0.68794 -0.44959 -0.33133 -0.82522 -0.64386 -0.57382 -0.35209 -0.78182 8
-0.75940 1.48167 -0.68794 -0.15815 -0.02903 0.96788 -0.45422 -0.54229 -0.52086 -0.42263 8
1.31652 -0.67475 -0.68794 -0.19978 -0.23057 -0.10798 -0.56637 -0.60761 -0.99525 -0.23585 8
1.31652 -0.67475 -0.68794 -0.61612 -0.73439 0.01156 -0.71523 -0.77881 -0.59840 -0.56630 8
-0.75940 1.48167 -0.68794 -0.24141 -0.23057 -0.10798 -0.33900 -0.26521 -0.15594 -0.38671 8
-0.75940 1.48167 -0.68794 0.54964 0.67633 0.37018 0.29111 0.05241 0.49634 0.29575 8
-0.75940 -0.67475 1.45328 -0.28305 -0.23057 0.01156 -0.58370 -0.72700 -0.48893 -0.45855 8
1.31652 -0.67475 -0.68794 -1.61535 -1.64129 -1.30338 -1.34127 -1.32395 -1.31455 -1.32060 8
1.31652 -0.67475 -0.68794 0.63291 0.67633 0.25064 0.53072 0.72144 0.38687 0.38195 8
-0.75940 1.48167 -0.68794 0.88272 0.67633 0.25064 0.69997 0.79577 0.66968 0.55437 8
-0.75940 1.48167 -0.68794 1.09089 1.33131 0.84834 1.48812 1.66304 2.01987 1.05005 8
1.31652 -0.67475 -0.68794 0.84108 0.82748 0.60926 0.72342 0.71017 0.51915 1.08596 8
1.31652 -0.67475 -0.68794 1.09089 1.18016 0.48972 1.28726 1.47156 1.18968 1.19372 8
-0.75940 1.48167 -0.68794 0.50801 0.12212 0.37018 0.41856 0.34975 0.38231 0.58310 8
1.31652 -0.67475 -0.68794 0.67454 0.82748 0.60926 0.60311 0.59754 0.37775 0.83812 8
-0.75940 -0.67475 1.45328 0.84108 0.77709 0.48972 0.65511 0.74847 0.69705 0.66571 8
1.31652 -0.67475 -0.68794 1.21579 1.33131 1.32650 0.79173 0.77775 0.84758 0.66571 8
1.31652 -0.67475 -0.68794 1.25743 1.02901 0.72880 1.42389 2.02571 1.25354 0.73396 8
1.31652 -0.67475 -0.68794 1.54887 1.48246 0.84834 2.67391 3.99225 1.75074 1.40205 8
-0.75940 1.48167 -0.68794 1.04925 0.92824 0.72880 1.17408 1.50761 1.25354 0.60824 8
-0.75940 1.48167 -0.68794 0.79945 0.92824 0.84834 0.56742 0.58628 0.54196 0.74833 8
-0.75940 1.48167 -0.68794 1.04925 0.87786 0.84834 0.81213 0.75973 0.70617 0.94229 8
-0.75940 1.48167 -0.68794 1.25743 1.33131 1.68512 1.55847 1.47156 1.25354 1.51699 8
1.31652 -0.67475 -0.68794 1.29906 1.12978 0.84834 1.45651 1.77116 1.55460 0.97102 8
1.31652 -0.67475 -0.68794 0.09166 0.02135 0.25064 -0.03720 -0.06473 0.05844 0.00840 8
-0.75940 -0.67475 1.45328 0.13330 -0.07942 0.13110 -0.14630 -0.19989 0.00371 -0.17120 8
-0.75940 1.48167 -0.68794 -0.28305 -0.38171 -0.58614 -0.58676 -0.84864 -0.57560 -0.38671 8
1.31652 -0.67475 -0.68794 -0.03324 0.02135 -0.58614 -0.11979 -0.43416 -0.21524 0.15207 8
-0.75940 1.48167 -0.68794 1.29906 1.43207 1.20696 1.99486 2.08653 1.68688 1.98394 8
1.31652 -0.67475 -0.68794 0.88272 0.72671 1.08742 0.77746 0.76874 0.68336 0.59747 8
-0.75940 -0.67475 1.45328 0.29983 0.32365 0.37018 -0.03618 0.04114 -0.02366 -0.02752 8
-0.75940 1.48167 -0.68794 1.38233 1.28092 1.08742 2.03361 1.97165 2.08373 1.86900 8
1.31652 -0.67475 -0.68794 0.88272 0.77709 0.96788 0.84577 0.71243 1.16232 0.94229 8
-0.75940 1.48167 -0.68794 0.92435 0.77709 0.37018 0.49809 0.48491 0.15424 0.79861 8
-0.75940 1.48167 -0.68794 1.04925 0.97863 0.60926 1.07722 0.96022 0.91600 1.37332 8
-0.75940 1.48167 -0.68794 0.50801 0.67633 0.60926 0.45731 0.44436 0.33213 0.43943 8
-0.75940 1.48167 -0.68794 0.34147 0.42441 0.60926 0.11880 0.04790 0.53284 0.07305 8
-0.75940 1.48167 -0.68794 0.34147 0.42441 -0.10798 0.32578 0.12449 -0.28366 0.51126 8
-0.75940 1.48167 -0.68794 0.88272 0.72671 0.25064 0.45629 0.14702 1.41776 0.33167 8
-0.75940 1.48167 -0.68794 -0.19978 -0.07942 0.13110 -0.40527 -0.56481 -0.31103 -0.06344 8
1.31652 -0.67475 -0.68794 -0.19978 -0.28095 0.37018 -0.47563 -0.65717 -0.17875 -0.27895 8
-0.75940 1.48167 -0.68794 -0.15815 -0.33133 0.96788 -0.53170 -0.57157 -0.28366 -0.49447 8
-0.75940 1.48167 -0.68794 0.71618 0.87786 1.08742 0.57048 0.05015 1.21249 0.65494 8
1.31652 -0.67475 -0.68794 0.13330 0.12212 0.37018 -0.18402 -0.03545 -0.26086 -0.17120 8
-0.75940 1.48167 -0.68794 0.00839 0.32365 0.25064 0.02805 0.04114 0.16336 0.00840 8
-0.75940 1.48167 -0.68794 0.96598 1.12978 0.84834 0.85495 0.29344 0.71986 1.73250 8
-0.75940 -0.67475 1.45328 -0.44959 -0.38171 -0.46660 -0.73053 -0.78782 -0.68507 -0.60222 8
-0.75940 -0.67475 1.45328 0.29983 0.32365 0.60926 -0.05861 -0.10978 -0.06471 0.08024 8
-0.75940 -0.67475 1.45328 -0.32468 -0.53286 -0.22752 -0.50520 -0.51525 -0.44331 -0.50883 8
1.31652 -0.67475 -0.68794 0.09166 0.12212 0.25064 -0.26355 -0.45894 -0.25173 0.00840 8
-0.75940 1.48167 -0.68794 -0.19978 -0.23057 -0.58614 -0.30637 -0.29224 -0.38858 -0.31487 8
-0.75940 1.48167 -0.68794 0.00839 -0.02903 0.48972 -0.34818 -0.42290 -0.62121 -0.09936 8
1.31652 -0.67475 -0.68794 -1.07410 -1.13746 -0.58614 -1.04558 -1.07616 -1.10473 -0.92190 8
-0.75940 1.48167 -0.68794 1.25743 1.58322 1.32650 2.05706 1.82523 1.65039 2.25692 8
1.31652 -0.67475 -0.68794 1.29906 1.28092 1.08742 1.58702 1.64502 1.28548 1.86181 8
1.31652 -0.67475 -0.68794 2.00685 1.93590 1.92420 3.00426 2.91775 2.99602 2.74182 8
1.31652 -0.67475 -0.68794 1.38233 1.23054 1.68512 1.53808 1.69457 2.04724 1.06082 8
1.31652 -0.67475 -0.68794 1.59050 1.43207 1.20696 2.39760 3.09571 2.06548 1.93006 8
-0.75940 1.48167 -0.68794 0.75781 0.67633 0.60926 0.39613 0.59079 0.13599 0.46457 8
-0.75940 -0.67475 1.45328 0.21656 0.12212 -0.10798 -0.02598 0.18081 -0.29279 -0.06344 8
1.31652 -0.67475 -0.68794 0.79945 0.72671 0.25064 0.89166 1.21251 0.70161 0.50408 8
-0.75940 1.48167 -0.68794 1.38233 1.43207 1.44604 1.50953 1.47607 1.70513 1.58883 8
-0.75940 1.48167 -0.68794 1.54887 1.63361 1.32650 2.34866 2.85242 2.84549 1.73250 8
1.31652 -0.67475 -0.68794 2.04848 2.13743 1.32650 3.43963 3.40657 4.20480 2.89627 8
-0.75940 1.48167 -0.68794 0.75781 0.87786 0.48972 0.86922 1.00076 1.26723 0.60106 8
1.31652 -0.67475 -0.68794 0.79945 0.77709 0.37018 0.40938 0.29569 0.46441 0.69086 8
-0.75940 1.48167 -0.68794 1.00762 1.02901 0.96788 1.61251 1.90182 1.29004 1.64271 9
1.31652 -0.67475 -0.68794 1.17416 1.18016 0.96788 1.22404 1.40624 0.99810 1.15780 9
-0.75940 1.48167 -0.68794 1.21579 1.23054 1.56558 1.16797 1.27784 0.60126 1.27274 9
1.31652 -0.67475 -0.68794 -0.15815 -0.12980 -0.10798 -0.48378 -0.32153 -0.44788 -0.38671 9
-0.75940 1.48167 -0.68794 1.63214 1.68399 1.80466 2.59235 2.23971 2.75426 2.60892 9
1.31652 -0.67475 -0.68794 0.34147 0.17250 -0.94476 -0.23296 -0.24269 -0.13314 -0.42263 9
1.31652 -0.67475 -0.68794 -0.53285 -0.33133 -0.10798 -0.68362 -0.78106 -0.87665 -0.49447 9
1.31652 -0.67475 -0.68794 0.71618 0.92824 0.60926 0.90287 0.59529 0.04020 1.80434 9
1.31652 -0.67475 -0.68794 -0.11651 -0.12980 0.13110 -0.42873 -0.64591 -0.38402 0.00840 9
1.31652 -0.67475 -0.68794 0.00839 0.17250 -0.46660 -0.25845 -0.11654 -0.31103 -0.13528 9
-0.75940 1.48167 -0.68794 -0.07488 0.27326 0.72880 -0.40324 -0.37334 -0.63490 -0.16401 9
-0.75940 -0.67475 1.45328 -0.74103 -0.73439 -0.70568 -0.90896 -0.91848 -1.03174 -0.74590 9
-0.75940 1.48167 -0.68794 -0.36632 -0.18018 -0.34706 -0.28190 -0.63239 -0.23349 -0.27895 9
-0.75940 1.48167 -0.68794 1.79867 1.68399 1.92420 2.41290 2.39739 3.15567 1.66785 9
-0.75940 1.48167 -0.68794 1.21579 1.18016 1.20696 1.42389 0.97373 1.57285 1.44515 9
-0.75940 1.48167 -0.68794 1.54887 1.23054 1.32650 2.13251 1.42426 2.06092 3.20877 9
-0.75940 1.48167 -0.68794 0.96598 0.97863 1.20696 0.91307 0.55925 1.34477 1.15780 9
-0.75940 1.48167 -0.68794 0.42474 0.72671 0.25064 0.09331 0.07043 0.11318 0.36759 9
1.31652 -0.67475 -0.68794 -0.53285 -0.53286 -0.70568 -0.84370 -0.65041 -0.89946 -0.78182 9
1.31652 -0.67475 -0.68794 -0.32468 -0.23057 -0.34706 -0.71625 -0.71799 -0.93139 -0.49447 9
-0.75940 1.48167 -0.68794 0.34147 0.42441 1.08742 0.20343 -0.25846 -0.00085 0.18799 9
-0.75940 -0.67475 1.45328 -1.24064 -1.28861 -0.94476 -1.16691 -1.09418 -1.11385 -1.19488 9
-0.75940 -0.67475 1.45328 0.21656 0.07173 -0.10798 -0.03924 -0.27422 0.19073 0.29575 9
1.31652 -0.67475 -0.68794 -0.57449 -0.63363 -0.34706 -0.79272 -0.85765 -0.67595 -0.74590 9
1.31652 -0.67475 -0.68794 1.04925 1.07939 1.08742 1.11291 1.75990 -0.00085 0.93511 9
-0.75940 1.48167 -0.68794 1.50723 1.48246 1.32650 1.88372 1.58194 2.19777 1.99112 9
1.31652 -0.67475 -0.68794 0.88272 0.82748 0.48972 0.53276 0.21460 0.39599 0.82735 9
1.31652 -0.67475 -0.68794 1.25743 1.33131 0.84834 1.47996 1.37470 0.88863 1.96238 9
-0.75940 1.48167 -0.68794 0.34147 0.42441 0.60926 0.30131 -0.16835 0.57845 0.94229 9
-0.75940 1.48167 -0.68794 0.42474 0.42441 -0.94476 0.20954 0.32272 0.37775 -0.02752 9
-0.75940 1.48167 -0.68794 0.29983 0.52518 0.96788 0.28805 -0.07824 0.14055 0.83453 9
-0.75940 1.48167 -0.68794 0.05003 -0.07942 0.60926 -0.11571 -0.33279 0.15424 -0.06344 9
1.31652 -0.67475 -0.68794 0.50801 0.47480 0.37018 0.62044 0.86561 0.38687 0.47534 9
-0.75940 1.48167 -0.68794 0.42474 0.42441 -0.46660 0.26460 0.39481 -0.10577 0.25983 9
-0.75940 1.48167 -0.68794 0.59127 0.87786 1.08742 0.93040 0.25514 0.39599 1.76842 9
-0.75940 1.48167 -0.68794 -0.61612 -0.48248 -0.34706 -0.67139 -0.70222 -0.73525 -0.49447 9
-0.75940 1.48167 -0.68794 0.13330 0.27326 0.84834 0.12900 -0.16835 -0.06015 0.69086 9
1.31652 -0.67475 -0.68794 -0.28305 -0.18018 0.01156 -0.24826 -0.35982 0.34582 -0.42263 9
1.31652 -0.67475 -0.68794 0.17493 0.02135 0.01156 -0.41547 -0.61437 -0.18787 -0.02752 9
1.31652 -0.67475 -0.68794 0.46637 0.42441 0.84834 0.48789 0.29569 0.20441 0.58310 9
-0.75940 1.48167 -0.68794 0.63291 0.97863 1.20696 0.61229 0.35651 0.68793 0.87045 9
-0.75940 1.48167 -0.68794 1.13252 1.23054 0.72880 1.01401 0.71919 0.74722 1.44515 9
-0.75940 -0.67475 1.45328 0.67454 0.62595 0.01156 0.22484 -0.09401 0.18617 0.58310 9
1.31652 -0.67475 -0.68794 0.21656 0.17250 0.37018 0.18099 -0.36883 0.56933 0.69086 9
1.31652 -0.67475 -0.68794 -0.15815 -0.07942 -0.34706 -0.11979 -0.38686 -0.19700 0.11616 9
1.31652 -0.67475 -0.68794 -0.15815 -0.28095 -0.22752 -0.35226 -0.59635 -0.01910 -0.13528 9
1.31652 -0.67475 -0.68794 0.38310 0.32365 0.37018 0.58578 0.53222 0.46441 0.22391 9
1.31652 -0.67475 -0.68794 -0.28305 -0.28095 0.01156 -0.38794 -0.58058 -0.35209 -0.31487 9
1.31652 -0.67475 -0.68794 0.42474 0.32365 0.48972 0.27072 0.55700 -0.13314 0.25983 9
-0.75940 -0.67475 1.45328 0.92435 0.92824 0.60926 1.34640 1.60222 1.49530 0.88123 9
1.31652 -0.67475 -0.68794 1.25743 1.18016 0.48972 0.92734 0.95796 0.86582 0.83094 9
-0.75940 1.48167 -0.68794 1.04925 1.02901 0.37018 0.73464 0.55700 0.88863 0.90278 9
1.31652 -0.67475 -0.68794 1.42396 1.38169 1.08742 1.51463 1.37470 1.85110 1.52058 9
1.31652 -0.67475 -0.68794 0.79945 0.82748 0.72880 0.77848 0.71693 0.68336 0.69086 9
-0.75940 1.48167 -0.68794 -0.07488 0.07173 -0.22752 -0.13202 -0.37559 0.14055 0.08024 9
-0.75940 1.48167 -0.68794 0.84108 1.18016 1.32650 1.06703 0.41058 0.58301 2.09169 9
1.31652 -0.67475 -0.68794 0.25820 0.22288 0.60926 -0.14528 -0.38686 -0.15594 0.25983 9
1.31652 -0.67475 -0.68794 -0.24141 0.07173 0.60926 -0.16363 -0.42965 -0.42507 0.33167 9
1.31652 -0.67475 -0.68794 -0.44959 -0.33133 -0.22752 -0.50825 -0.65267 -0.15138 -0.31487 9
-0.75940 1.48167 -0.68794 -0.74103 -0.58325 -0.70568 -0.90692 -0.97479 -0.73069 -0.81773 9
-0.75940 1.48167 -0.68794 0.29983 0.22288 -0.34706 -0.05351 -0.20890 -0.08296 0.17363 9
1.31652 -0.67475 -0.68794 0.13330 0.07173 -0.22752 -0.00865 -0.39361 0.41424 0.00840 9
-0.75940 1.48167 -0.68794 1.38233 1.38169 1.56558 2.25180 1.91984 2.26619 1.86181 9
1.31652 -0.67475 -0.68794 -0.32468 0.02135 0.25064 -0.27069 -0.53553 -0.16507 0.18799 9
-0.75940 1.48167 -0.68794 0.54964 0.77709 1.56558 0.82130 0.41959 0.52371 1.30148 9
1.31652 -0.67475 -0.68794 0.21656 0.27326 0.48972 0.15754 -0.07824 0.35038 0.40351 9
-0.75940 1.48167 -0.68794 0.29983 0.27326 -0.34706 0.09943 -0.11203 0.30932 0.36759 9
1.31652 -0.67475 -0.68794 0.42474 0.47480 1.08742 0.66734 0.87011 0.56933 0.40351 9
-0.75940 -0.67475 1.45328 -0.69939 -0.68401 -0.34706 -0.69178 -0.83738 -0.84928 -0.27895 9
-0.75940 -0.67475 1.45328 -0.24141 -0.28095 0.13110 -0.63978 -0.83062 -0.75349 -0.19275 9
-0.75940 1.48167 -0.68794 -0.11651 -0.28095 -0.22752 -0.49908 -0.60987 -0.41138 -0.38671 9
1.31652 -0.67475 -0.68794 0.79945 0.72671 0.48972 0.50523 0.23712 0.66056 0.43943 9
-0.75940 1.48167 -0.68794 0.67454 0.42441 0.60926 0.80295 -0.01067 0.19529 1.05005 9
-0.75940 1.48167 -0.68794 1.75704 1.58322 2.04374 2.46388 2.30053 3.04620 2.36108 9
1.31652 -0.67475 -0.68794 0.96598 0.92824 0.84834 0.90593 0.66287 1.02091 1.19372 9
-0.75940 1.48167 -0.68794 1.42396 1.18016 1.56558 2.01831 2.07076 2.02443 1.53495 9
-0.75940 1.48167 -0.68794 1.09089 1.12978 0.84834 1.31173 1.20801 0.81565 1.51699 9
-0.75940 -0.67475 1.45328 -0.36632 -0.18018 0.25064 -0.41037 -0.37559 -0.42507 -0.38671 9
1.31652 -0.67475 -0.68794 -0.57449 -0.53286 -0.10798 -0.72237 -0.77881 -0.79455 -0.50883 9
-0.75940 1.48167 -0.68794 1.09089 0.92824 1.92420 1.08130 1.27333 1.32197 1.19372 9
1.31652 -0.67475 -0.68794 0.38310 0.72671 0.96788 0.22586 0.17855 0.17704 0.40351 9
-0.75940 1.48167 -0.68794 -0.32468 -0.12980 0.48972 -0.34410 -0.50399 -0.47981 -0.02752 9
1.31652 -0.67475 -0.68794 -0.07488 -0.28095 0.84834 0.26052 -0.15483 -0.20612 0.51126 9
1.31652 -0.67475 -0.68794 0.21656 0.02135 -0.34706 -0.13916 -0.49048 -0.15594 -0.31487 9
-0.75940 1.48167 -0.68794 0.92435 1.28092 1.20696 0.84271 0.97599 0.61038 1.08596 9
1.31652 -0.67475 -0.68794 0.42474 0.47480 0.13110 0.68570 0.99851 0.42792 0.43943 9
-0.75940 1.48167 -0.68794 0.79945 1.02901 1.56558 1.05785 0.53222 0.69249 1.73250 9
1.31652 -0.67475 -0.68794 0.54964 0.47480 0.13110 0.49809 0.52095 0.08581 0.33167 9
-0.75940 -0.67475 1.45328 0.00839 -0.02903 0.25064 -0.06881 -0.23368 0.22266 0.11616 9
-0.75940 -0.67475 1.45328 0.21656 0.17250 0.25064 -0.04638 0.07493 -0.08752 0.04432 9
1.31652 -0.67475 -0.68794 0.09166 0.02135 -0.10798 0.06782 -0.33279 -0.25630 0.58310 9
1.31652 -0.67475 -0.68794 0.05003 0.32365 1.56558 0.01276 -0.17736 0.33669 0.04432 9
1.31652 -0.67475 -0.68794 0.96598 1.02901 1.20696 1.59926 1.18097 1.64583 1.66067 9
-0.75940 1.48167 -0.68794 2.42319 2.43973 2.64144 2.90842 2.39289 2.18408 4.01335 9
1.31652 -0.67475 -0.68794 1.00762 0.92824 1.20696 1.49016 1.71935 1.74162 1.04645 9
1.31652 -0.67475 -0.68794 1.29906 1.23054 1.56558 1.36067 1.00527 1.42688 1.62475 9
-0.75940 1.48167 -0.68794 0.46637 0.42441 2.28282 0.49401 -0.26747 0.23178 1.12188 9
-0.75940 1.48167 -0.68794 0.59127 0.62595 2.64144 0.92632 0.46239 0.61038 1.48107 9
1.31652 -0.67475 -0.68794 1.04925 0.87786 0.96788 1.96631 1.98742 1.44513 2.09169 9
-0.75940 1.48167 -0.68794 0.92435 1.02901 0.84834 0.78256 0.96472 0.73354 0.87045 9
1.31652 -0.67475 -0.68794 -0.28305 -0.12980 -0.10798 -0.55923 -0.65942 -0.80367 -0.17120 10
-0.75940 1.48167 -0.68794 -0.32468 -0.43210 0.01156 -0.42669 -0.44993 -0.32928 -0.44418 10
-0.75940 -0.67475 1.45328 -0.19978 -0.23057 0.37018 -0.13610 0.09070 -0.17875 -0.35079 10
-0.75940 -0.67475 1.45328 0.34147 0.27326 0.37018 -0.09532 -0.39587 -0.11489 0.33167 10
-0.75940 1.48167 -0.68794 0.21656 0.27326 0.72880 0.11268 -0.32378 -0.14682 0.29575 10
1.31652 -0.67475 -0.68794 -0.53285 -0.48248 -0.10798 -0.44504 -0.73827 -0.67139 -0.02752 10
-0.75940 1.48167 -0.68794 1.42396 1.23054 1.44604 2.48529 1.75990 2.17952 2.66280 10
-0.75940 1.48167 -0.68794 0.38310 0.57556 0.37018 0.08821 -0.15709 0.53284 0.33167 10
-0.75940 1.48167 -0.68794 0.38310 0.87786 0.48972 0.53582 0.41733 0.86126 0.54718 10
1.31652 -0.67475 -0.68794 1.17416 1.28092 0.37018 1.13024 1.06609 0.69249 1.76842 10
1.31652 -0.67475 -0.68794 1.04925 1.18016 1.20696 1.36781 1.20350 2.00618 1.12188 10
1.31652 -0.67475 -0.68794 -0.36632 -0.28095 -0.10798 -0.61327 -0.71799 -0.37489 -0.56630 10
1.31652 -0.67475 -0.68794 0.38310 0.42441 0.37018 0.16570 -0.15033 0.08125 0.83453 10
1.31652 -0.67475 -0.68794 1.96521 1.68399 1.20696 2.03972 1.55041 1.87390 2.30721 10
1.31652 -0.67475 -0.68794 0.21656 0.27326 0.13110 0.02907 -0.14132 0.09950 0.11616 10
1.31652 -0.67475 -0.68794 0.05003 0.27326 0.48972 0.11064 -0.19538 -0.15138 0.69086 10
1.31652 -0.67475 -0.68794 0.63291 0.87786 0.60926 0.84169 0.56601 0.88407 0.72678 10
1.31652 -0.67475 -0.68794 0.88272 0.97863 2.04374 1.41981 0.90390 1.39495 1.51699 10
-0.75940 1.48167 -0.68794 0.34147 0.42441 1.32650 0.35637 0.21009 0.63775 0.33167 10
-0.75940 1.48167 -0.68794 0.79945 0.62595 0.01156 0.41550 0.00510 0.39599 0.87045 10
-0.75940 1.48167 -0.68794 0.84108 0.92824 0.25064 0.25339 -0.06698 0.39143 0.47534 10
-0.75940 1.48167 -0.68794 0.79945 0.62595 2.04374 0.58374 0.08394 0.30932 0.87045 10
1.31652 -0.67475 -0.68794 -0.86593 -0.83516 -0.58614 -1.10166 -1.16852 -1.12753 -0.90035 10
-0.75940 -0.67475 1.45328 -0.49122 -0.48248 -0.82522 -0.67445 -0.65492 -0.58928 -0.70998 10
-0.75940 1.48167 -0.68794 -0.32468 -0.28095 0.25064 -0.45625 -0.64816 -0.37033 -0.42263 10
1.31652 -0.67475 -0.68794 -0.03324 -0.07942 -0.46660 -0.01171 -0.27648 -0.00085 0.18799 10
1.31652 -0.67475 -0.68794 -0.15815 -0.23057 0.13110 -0.30841 -0.55580 -0.01454 -0.27895 10
1.31652 -0.67475 -0.68794 -0.49122 -0.58325 0.01156 -0.51641 -0.71123 -0.27454 -0.35079 10
-0.75940 1.48167 -0.68794 -0.44959 -0.48248 0.13110 -0.59492 -0.84189 -0.39314 -0.31487 10
1.31652 -0.67475 -0.68794 0.79945 0.87786 1.32650 1.39840 0.98950 1.50899 2.01626 10
-0.75940 1.48167 -0.68794 1.25743 1.43207 0.96788 1.75322 0.91291 1.73250 2.59456 10
1.31652 -0.67475 -0.68794 1.00762 0.87786 1.08742 1.35557 0.75297 0.89319 1.55291 10
-0.75940 1.48167 -0.68794 0.29983 0.27326 1.08742 0.56538 0.28218 0.57389 0.65494 10
-0.75940 1.48167 -0.68794 0.71618 0.72671 0.84834 0.48687 0.14251 0.32301 1.30148 10
-0.75940 -0.67475 1.45328 0.79945 0.77709 0.72880 0.77338 0.54573 1.13039 0.65494 10
-0.75940 1.48167 -0.68794 1.38233 1.33131 1.08742 1.51463 1.50535 1.25354 1.66067 10
1.31652 -0.67475 -0.68794 0.92435 0.72671 1.20696 1.30153 1.00527 1.11670 1.30148 10
-0.75940 1.48167 -0.68794 0.67454 0.67633 0.13110 0.38695 0.49618 0.40512 0.22391 10
-0.75940 1.48167 -0.68794 -0.36632 -0.38171 -0.22752 -0.48990 -0.50399 -0.27454 -0.56989 10
-0.75940 -0.67475 1.45328 1.13252 1.18016 0.96788 1.76341 1.09537 2.00618 1.30148 10
-0.75940 1.48167 -0.68794 -0.03324 -0.02903 0.13110 0.00053 -0.02643 -0.11033 -0.24303 10
1.31652 -0.67475 -0.68794 -0.24141 -0.07942 -0.46660 -0.34308 -0.44542 -0.17875 -0.35079 10
1.31652 -0.67475 -0.68794 0.17493 0.32365 0.60926 -0.17281 -0.32378 0.21353 0.08024 10
-0.75940 1.48167 -0.68794 1.00762 0.92824 2.04374 1.62577 1.02554 2.05180 1.22964 10
1.31652 -0.67475 -0.68794 0.54964 0.92824 1.44604 0.73056 0.23712 0.82021 0.94229 10
1.31652 -0.67475 -0.68794 0.54964 0.42441 1.08742 0.92632 0.51194 0.87038 1.33740 10
-0.75940 1.48167 -0.68794 1.34069 1.38169 0.96788 1.91533 1.75765 1.92864 1.76842 10
-0.75940 1.48167 -0.68794 0.63291 0.72671 0.25064 0.40837 0.22135 0.82021 0.40351 10
1.31652 -0.67475 -0.68794 0.54964 0.77709 -0.46660 0.16774 0.13801 0.01283 0.36759 10
1.31652 -0.67475 -0.68794 1.67377 1.58322 1.80466 2.16615 1.52337 2.66303 2.45088 10
1.31652 -0.67475 -0.68794 0.09166 -0.02903 1.08742 0.01174 -0.18862 -0.07384 0.36759 10
-0.75940 1.48167 -0.68794 1.00762 1.12978 1.68512 1.47792 1.15620 1.68688 1.68940 10
-0.75940 1.48167 -0.68794 1.63214 1.88552 2.04374 2.32521 2.00544 2.21145 3.02558 10
-0.75940 1.48167 -0.68794 1.13252 1.07939 0.96788 1.41573 0.81380 1.42232 2.27129 10
1.31652 -0.67475 -0.68794 -0.11651 0.07173 0.01156 -0.02089 -0.25620 0.31845 -0.02752 10
1.31652 -0.67475 -0.68794 0.88272 1.02901 1.20696 1.36577 0.23938 1.15775 2.19945 10
-0.75940 1.48167 -0.68794 0.75781 0.92824 1.56558 0.56436 0.38354 0.42336 1.08596 10
1.31652 -0.67475 -0.68794 0.17493 0.42441 0.48972 0.06680 -0.30126 -0.23805 0.90637 10
1.31652 -0.67475 -0.68794 1.17416 1.33131 0.84834 1.05683 0.61331 0.66968 1.26556 10
-0.75940 1.48167 -0.68794 0.84108 0.77709 1.20696 0.70507 0.35651 0.45529 1.30148 10
-0.75940 1.48167 -0.68794 0.38310 0.32365 0.01156 0.25441 0.08620 0.18617 0.47534 10
-0.75940 1.48167 -0.68794 -0.19978 -0.28095 0.37018 -0.35429 -0.53553 -0.34296 -0.24303 10
1.31652 -0.67475 -0.68794 0.88272 1.02901 2.16328 1.44836 0.91967 0.92056 2.37904 10
-0.75940 1.48167 -0.68794 0.46637 0.47480 0.48972 0.18915 -0.21340 0.14055 0.43943 10
-0.75940 1.48167 -0.68794 1.63214 1.53284 0.84834 1.83071 1.25081 1.46793 2.05577 10
-0.75940 1.48167 -0.68794 0.92435 0.97863 1.08742 0.96812 0.63809 1.04372 1.22964 10
-0.75940 -0.67475 1.45328 0.54964 0.57556 1.32650 0.52970 0.04114 0.05844 0.97821 10
-0.75940 -0.67475 1.45328 0.71618 0.52518 0.72880 0.91613 0.22811 0.69705 0.94229 10
-0.75940 1.48167 -0.68794 1.67377 1.53284 1.68512 2.67595 1.30937 1.98338 5.50398 10
-0.75940 1.48167 -0.68794 0.46637 0.47480 0.37018 0.01582 -0.19989 -0.38402 0.58310 10
1.31652 -0.67475 -0.68794 0.67454 0.82748 0.96788 0.81213 0.54348 0.97074 0.79861 10
-0.75940 1.48167 -0.68794 0.42474 0.42441 0.72880 0.44609 0.08169 -0.09208 1.05005 10
-0.75940 -0.67475 1.45328 0.46637 0.82748 1.32650 0.99463 0.77100 0.66968 1.22964 10
1.31652 -0.67475 -0.68794 0.00839 0.17250 -0.46660 0.07700 -0.34631 -0.04191 0.36759 10
1.31652 -0.67475 -0.68794 0.75781 0.72671 1.20696 1.08334 0.77100 0.51915 1.66067 10
-0.75940 1.48167 -0.68794 0.34147 0.72671 0.84834 0.26154 0.13125 0.31389 0.25983 10
1.31652 -0.67475 -0.68794 0.38310 0.67633 1.32650 0.40938 0.46914 0.09038 0.47534 10
-0.75940 1.48167 -0.68794 -0.49122 -0.58325 -0.22752 -0.68261 -0.74277 -0.70788 -0.60222 10
1.31652 -0.67475 -0.68794 1.00762 0.77709 0.37018 1.34640 1.04582 1.19881 1.01413 10
1.31652 -0.67475 -0.68794 0.17493 0.02135 0.13110 0.09025 -0.25170 0.14055 0.51126 10
1.31652 -0.67475 -0.68794 0.67454 0.67633 0.48972 1.60537 0.85660 1.38127 0.72678 10
1.31652 -0.67475 -0.68794 0.29983 0.42441 1.08742 0.49197 0.09521 -0.05103 1.22964 10
1.31652 -0.67475 -0.68794 0.59127 0.47480 1.32650 1.02318 0.45112 1.30372 0.76269 10
-0.75940 1.48167 -0.68794 1.29906 1.73437 1.44604 1.95408 1.01653 2.48514 2.59456 10
-0.75940 1.48167 -0.68794 1.00762 1.18016 1.20696 1.29440 1.36118 1.48618 1.40923 10
1.31652 -0.67475 -0.68794 1.38233 1.43207 1.44604 2.07541 1.67881 2.65847 2.37904 10
-0.75940 1.48167 -0.68794 1.38233 1.48246 1.56558 2.01423 1.88830 2.36198 1.98394 10
-0.75940 1.48167 -0.68794 0.05003 0.07173 0.25064 -0.10449 -0.55130 -0.35665 0.65494 10
-0.75940 1.48167 -0.68794 1.67377 1.68399 0.84834 2.64129 1.82748 2.47145 4.39050 10
1.31652 -0.67475 -0.68794 0.92435 1.18016 1.56558 1.33620 0.85885 1.19425 1.37332 10
1.31652 -0.67475 -0.68794 1.46560 1.73437 1.56558 2.65352 1.72160 2.82268 2.45088 10
1.31652 -0.67475 -0.68794 1.09089 1.18016 1.08742 0.87738 0.57502 0.37318 1.48107 10
-0.75940 1.48167 -0.68794 0.50801 0.62595 0.72880 0.55111 0.17180 0.47354 0.85608 10
1.31652 -0.67475 -0.68794 0.21656 0.32365 0.48972 0.33088 -0.05121 -0.11489 0.97821 10
-0.75940 1.48167 -0.68794 0.88272 0.77709 1.20696 0.84577 0.46914 1.13951 1.08596 10
-0.75940 1.48167 -0.68794 1.17416 0.92824 0.84834 1.86231 1.06158 1.11214 3.49253 10
1.31652 -0.67475 -0.68794 0.17493 0.12212 0.01156 -0.15955 -0.50399 -0.46156 0.11616 10
-0.75940 1.48167 -0.68794 -0.03324 -0.12980 0.96788 -0.38488 -0.90721 -0.64402 0.04432 10
-0.75940 1.48167 -0.68794 -0.28305 -0.23057 0.25064 -0.08614 -0.53328 -0.37033 0.00840 10
-0.75940 1.48167 -0.68794 1.46560 1.33131 1.80466 2.34356 1.38822 1.20337 3.38477 10
