-0.11250 -0.24533 -0.70631 2.00932 -0.41082 -1.00196 -1.34547 1.53284 1
-0.11519 -0.24533 -0.81987 -0.25878 -0.29545 1.16425 0.11138 0.02525 1
-0.11398 -0.24533 -1.60086 -1.10658 -0.41082 -0.07359 -0.72893 1.53284 1
-0.11094 -0.24533 -0.57394 0.11528 -0.19794 0.26488 -1.21350 -0.27627 1
-0.10617 -0.22170 0.52046 0.09864 3.90062 -0.73786 0.16144 0.77905 1
-0.11406 -0.24533 -0.14764 -0.18485 -0.09293 0.72819 -0.69385 1.53284 1
-0.11266 -0.24533 -0.54434 -0.04734 -0.41082 0.02505 -0.93763 0.67136 1
-0.11250 -0.24533 -0.07341 -1.01099 -0.41082 -0.78438 -1.12726 1.53284 1
-0.11458 -0.24533 -0.68344 -0.91408 -0.41082 -1.23406 -0.96582 -1.48234 1
-0.11374 -0.24533 -2.39181 -1.19047 -0.41082 -0.03490 0.10937 1.53284 1
-0.11511 -0.24533 -2.06957 -2.29768 -0.41082 -0.20621 -0.33049 0.52778 1
-0.11627 -0.24533 -1.46545 -0.02114 -0.41082 1.16425 -1.45390 1.53284 1
-0.11519 -0.24533 -1.04680 2.14400 -0.41082 -0.78438 -1.82615 -1.48234 1
-0.11054 -0.24533 -0.20119 -1.25354 -0.41082 -0.51457 -0.13809 0.02525 1
-0.11146 -0.24533 -1.58476 -1.25686 -0.41082 0.11499 -0.22731 1.53284 1
-0.11695 -0.24533 -2.97797 -0.56683 -0.41082 -1.23406 -4.25493 -1.48234 1
-0.11503 -0.24533 -0.99930 0.30131 -0.41082 -0.85538 0.05484 1.53284 1
-0.11579 -0.24533 1.15520 0.57098 -0.41082 0.82163 -0.75560 1.53284 1
-0.11378 0.10914 0.20300 0.53580 -0.33708 -0.72013 -0.66569 1.53284 2
-0.11619 -0.24533 -1.46165 -0.77331 -0.41082 2.36340 0.10432 1.03031 2
-0.11615 -0.24533 0.44500 -0.06422 -0.41082 0.36481 -1.60730 1.53284 2
-0.11122 -0.19586 -1.15088 -0.80408 0.43327 1.28416 -0.95701 0.67136 2
-0.11511 -0.24533 0.26484 -0.14904 -0.41082 0.56467 -1.43036 1.53284 2
-0.11274 -0.24533 -0.37263 -0.47366 -0.41082 2.36340 0.48480 1.53284 2
-0.08817 -0.20548 -1.05147 -0.71734 0.13340 -0.77724 -0.87225 0.77905 2
-0.11330 -0.24533 -0.18011 -0.00612 -0.41082 -1.23406 -0.17835 -1.48234 2
-0.10841 -0.24533 -0.40792 -1.11252 -0.41082 3.12650 0.08539 1.08056 2
-0.09787 -0.21467 -1.03521 0.77088 -0.33842 -0.59921 -1.11657 -0.97981 2
-0.08617 -0.07144 -1.73111 0.19130 4.40301 -1.11001 -0.31512 -1.48234 2
-0.11142 -0.24533 -0.37592 0.02083 -0.41082 -0.08287 -0.89781 0.77905 2
-0.11543 -0.24533 -1.07903 0.79739 -0.41082 0.30771 -0.80200 0.52778 2
-0.07470 -0.23592 -0.95000 -0.58465 -0.40414 0.86711 0.40340 0.52778 2
-0.10180 -0.24533 0.16618 0.18556 0.13104 0.36481 -0.75315 -1.18082 2
-0.11290 -0.24533 -0.13486 0.07516 -0.41082 -0.03490 -0.33049 -1.48234 2
-0.09478 -0.07210 -1.24027 -0.88124 -0.41082 0.44700 0.15017 0.92980 2
-0.11182 0.01782 -0.76819 0.11341 -0.41082 3.26276 0.40012 0.62829 2
-0.11194 -0.24533 -0.33014 0.52836 -0.41082 -0.78438 -0.00728 1.53284 3
-0.10921 -0.24533 0.15518 -0.27718 -0.37692 -0.27474 -0.47798 0.02525 3
0.09139 -0.11769 -0.68981 -0.87514 0.01016 0.12809 -0.02636 0.42470 3
-0.10805 -0.24533 -0.48368 -0.04161 0.33423 0.23763 -0.23864 0.19276 3
-0.09803 -0.24533 -1.16349 -1.28402 -0.41082 0.09423 0.61074 0.52778 3
-0.08677 5.50844 -0.56523 0.91948 0.26640 -0.27045 -0.65339 0.72879 3
-0.10677 -0.24533 -0.79699 -0.20170 -0.41082 -0.47670 0.74958 -1.48234 3
-0.10737 -0.24533 -0.37622 0.53304 0.95289 -0.89144 -0.26534 1.53284 3
-0.06388 -0.21677 -0.27335 -0.08580 -0.20296 -0.08941 -0.42043 0.45599 3
-0.10785 -0.24533 -0.01243 -0.62919 -0.41082 -1.04134 -0.77967 -0.47728 3
-0.10801 -0.24533 0.14812 0.20981 -0.23275 0.20493 -0.03478 -0.47728 3
-0.11086 -0.24533 0.67180 0.28701 1.60871 -0.38760 -0.35658 1.53284 3
-0.11442 -0.24533 -0.23239 -0.56683 -0.41082 -0.43462 -0.18023 1.53284 3
-0.11158 -0.24533 0.58440 -0.66735 -0.41082 -0.63448 -0.36540 1.53284 3
-0.08364 -0.22405 -0.41091 -0.06742 1.18143 0.12347 -0.80285 -0.42703 3
-0.11735 -0.24533 -0.81609 -1.04430 -0.41082 -1.23406 -3.92540 -1.48234 3
-0.08785 -0.23426 -0.07530 0.81939 1.06967 -0.68587 -1.25798 1.15594 3
-0.11078 -0.24533 0.71621 0.52137 -0.41082 -0.81083 -0.07860 1.53284 3
-0.11214 -0.24533 0.34689 0.09749 -0.41082 -0.33469 0.89178 1.53284 4
-0.10925 -0.24533 0.38671 0.36084 -0.41082 -0.51457 -0.37287 1.53284 4
-0.06300 -0.23142 -0.12354 -0.32599 -0.26924 0.44651 -0.18755 -0.91699 4
-0.10945 -0.24533 0.17067 0.40210 -0.41082 1.38228 0.22796 0.77905 4
-0.08392 -0.19629 -0.50954 -0.68024 -0.38533 -0.20621 -0.00895 -1.14732 4
-0.09394 -0.22575 -0.79411 -2.20573 -0.12085 0.43619 -0.21369 1.06897 4
-0.09975 -0.24533 -0.63473 -0.79756 -0.41082 0.56467 0.15411 -1.48234 4
-0.00072 -0.18178 -0.33920 0.74746 -0.32748 0.10853 -1.18307 0.45047 4
-0.11226 -0.24533 -1.04116 -0.39706 -0.41082 -0.38760 -1.48441 0.02525 4
-0.11030 -0.24533 0.68170 0.45040 2.23250 -0.43462 -0.55098 1.53284 4
-0.10400 -0.24533 -1.30686 -1.61980 1.39304 -0.20621 -0.72938 -0.27627 4
-0.09090 -0.23157 -0.26331 -0.00644 -0.41082 0.16983 -0.41237 -0.35165 4
-0.01919 -0.08531 -0.79216 -0.30565 -0.25944 -0.02900 -0.49987 0.95641 4
-0.10841 -0.24533 -0.72510 -0.07075 1.69468 0.16495 0.50154 1.10210 4
-0.10565 -0.24533 -0.88017 -0.79602 3.26080 -0.14392 -0.39831 1.53284 4
-0.06188 -0.20856 -0.61033 -0.72324 -0.40568 -0.02303 -0.31463 0.46866 4
-0.11442 -0.24533 -0.37263 0.56497 -0.41082 -1.23406 0.11572 -1.48234 4
-0.06464 -0.19580 -0.47597 -0.41092 0.71909 0.15656 -0.38895 -0.69577 4
-0.11330 -0.24533 -0.68615 0.72980 -0.41082 -0.40388 -0.20276 0.52778 5
-0.11495 -0.24533 -0.29295 0.89368 -0.41082 -1.23406 0.63221 -1.48234 5
0.09271 -0.20520 0.29285 1.24228 -0.37266 -0.15827 -1.16843 0.86895 5
1.19801 -0.08276 0.13208 0.13066 0.00688 -0.24357 -0.50491 0.59894 5
-0.11571 -0.24533 0.50162 1.38205 1.92469 -0.57997 0.58554 1.53284 5
-0.10737 -0.20740 -1.08546 -0.89382 -0.41082 -0.08287 -0.14293 -1.48234 5
-0.11555 -0.24533 -0.59703 -0.85512 -0.41082 -0.63448 -0.09458 1.53284 5
-0.10761 -0.21324 -0.09352 0.78760 1.75488 -0.17598 -0.00644 0.32677 5
0.05127 -0.05687 -0.66378 0.05032 0.12371 -0.25657 -0.48913 0.00054 5
-0.06757 -0.09801 0.01863 -0.20318 -0.38221 -0.46105 -0.90240 0.14122 5
0.12926 -0.14417 -0.44874 -0.43725 3.35756 -0.62152 0.02813 0.04918 5
-0.06861 -0.23728 0.00077 -0.46384 -0.40497 -0.25975 0.21363 0.60509 5
-0.11667 -0.24533 -0.81609 -0.41404 -0.41082 -1.23406 -0.69597 -1.48234 5
0.53043 -0.14116 -0.35353 -0.64195 2.46124 0.03078 0.12028 0.05802 5
-0.09879 -0.16441 0.03896 0.16307 -0.41082 -0.03490 0.84994 -0.72854 5
-0.09903 -0.22733 0.57270 1.23218 -0.41082 -0.51457 -0.02333 1.53284 5
-0.08288 -0.19897 -0.30543 -0.82647 -0.39434 0.36481 -0.30954 1.23132 5
-0.10577 -0.24533 -0.02919 -0.48966 1.27496 -0.51457 -0.08318 -1.48234 5
-0.04761 -0.22136 0.48402 0.84047 1.46323 -0.43953 -0.26936 1.19782 6
0.00245 -0.19663 0.24041 0.12525 -0.39411 -0.23717 -0.33647 0.35299 6
-0.11286 -0.24533 -1.72636 1.62956 -0.41082 0.86446 1.27390 -0.19012 6
-0.10753 -0.21315 -0.76825 0.58062 -0.41082 -0.33469 0.28364 0.02525 6
-0.10725 -0.24533 0.63004 -0.49337 -0.41082 0.01723 0.07607 0.77905 6
-0.08749 -0.19769 0.60564 0.60498 -0.41082 -0.60841 -0.31274 -0.72854 6
-0.00877 -0.03651 -0.26465 -0.28565 0.32365 -0.07804 -0.94670 -0.08726 6
-0.10060 -0.22512 -0.71551 0.45537 -0.41082 1.38228 0.30118 -0.35165 6
1.41837 -0.09557 -0.02249 -0.36480 -0.26207 0.22874 0.16157 0.46350 6
-0.09382 0.05045 -0.17836 -1.02264 -0.37475 0.89777 0.06472 0.40215 6
-0.10136 -0.24533 0.59504 0.66264 -0.41082 -0.33469 0.16358 0.02525 6
0.01243 -0.18578 -0.46247 -0.77159 -0.40641 0.16197 0.17601 -0.55459 6
-0.11563 -0.24533 0.65417 1.45542 -0.41082 -1.23406 0.28412 -1.48234 6
-0.10152 -0.09382 0.26484 1.48999 -0.41082 0.20493 -0.31919 0.32677 6
-0.08689 -0.18943 0.98275 0.94020 -0.27112 0.26488 0.11138 0.92980 6
-0.08212 -0.07070 -0.60179 -0.19648 3.54846 -0.49988 -0.17031 -1.48234 6
-0.11511 -0.24533 1.96345 1.82055 0.25973 -1.23406 -0.28735 -1.48234 6
-0.06232 0.06874 -0.47818 0.19934 -0.39528 -0.61088 -0.92255 0.71052 7
0.05524 0.18802 -0.06930 -0.37026 -0.24005 0.44700 0.33863 0.28657 7
-0.07643 -0.21069 -4.43183 -0.41092 6.66522 -0.79988 0.66039 -0.62086 7
-0.11486 -0.24533 -0.35982 0.79739 -0.41082 -1.23406 1.72374 -1.48234 7
-0.10781 -0.17347 0.10185 0.08533 -0.35267 0.20493 1.34713 0.02525 7
-0.09871 -0.24533 4.80458 -4.18474 -0.35033 -0.72013 -1.79724 0.02525 7
-0.09438 -0.24533 0.24576 -0.43534 -0.41082 -0.18114 0.73325 -1.48234 7
0.00177 -0.04350 0.30409 -0.41173 -0.33881 0.09521 -0.15172 -0.04654 7
-0.09567 -0.19275 0.35658 0.49771 -0.34568 1.03802 -0.01828 -0.97981 7
-0.08685 0.17052 0.71628 -2.05203 0.62160 0.24725 -1.24270 -0.19012 7
-0.11531 0.01359 -5.68977 -0.82580 -0.28959 0.20493 1.06963 1.53284 7
-0.04909 0.44077 -1.36185 2.95829 0.00721 -1.23406 -2.01064 -1.48234 7
0.16963 -0.00679 0.36772 -0.79811 1.38629 -0.34802 -0.43584 -0.21279 7
-0.11066 -0.24533 -1.83017 2.20526 -0.41082 1.16425 1.28479 0.92980 7
-0.03502 -0.15935 -3.47049 -1.31523 -0.21657 -1.07922 -2.34941 -0.67829 7
-0.11551 0.07561 2.28064 -0.14241 -0.41082 -0.47670 -1.55276 1.53284 7
-0.11631 -0.24533 -1.15004 0.55664 -0.41082 2.36340 0.68807 1.53284 7
-0.06288 -0.05732 0.33679 0.07586 0.65656 -0.36434 -0.59107 -0.38591 8
-0.10897 -0.20851 0.99719 1.51030 -0.41082 0.68459 -0.41758 0.40215 8
-0.05166 -0.17082 0.87403 0.30985 -0.34568 0.44476 0.21999 -1.48234 8
-0.11282 -0.24533 -0.29385 1.64298 -0.41082 -1.23406 0.39453 -1.48234 8
0.09391 -0.16003 -0.74591 1.48164 -0.38236 -0.28589 -0.42660 -0.06343 8
-0.09114 -0.12538 -0.94513 1.19305 -0.41082 2.45564 0.14646 0.47753 8
1.03612 -0.02554 0.42594 -1.84956 1.44073 -0.71282 -0.87048 -0.35838 8
-0.04589 -0.10927 0.10113 0.24576 -0.39085 -0.14911 1.01408 -0.37148 8
-0.11098 -0.24533 0.08248 -0.58970 -0.28233 -0.48976 2.91464 -0.47728 8
-0.07042 -0.12615 0.12344 -0.34328 -0.41082 -0.51457 0.18018 -0.38591 8
-0.05090 -0.07476 0.40489 0.43283 -0.37647 0.08746 0.41542 -1.48234 8
4.30115 1.42943 0.14067 -1.70512 0.03073 -0.16179 0.34298 -0.17199 8
-0.04276 -0.15529 -0.41528 -1.44361 0.81379 -1.03947 0.39849 1.17811 8
-0.08893 -0.00771 0.69687 0.39212 0.79623 1.31898 0.41826 -0.11180 8
-0.11547 -0.07569 0.97517 -0.28903 -0.41082 -1.23406 0.38849 -1.48234 8
-0.08777 -0.19689 0.39585 -0.44906 -0.38205 -0.60292 1.77487 -0.87930 8
-0.11422 -0.24533 1.71181 1.65399 -0.41082 2.36340 2.68115 -1.48234 8
-0.07915 0.03200 -1.18233 2.01283 -0.38105 1.46404 2.61213 -0.14226 9
-0.11699 -0.24533 -6.25283 -0.11744 -0.41082 -1.23406 0.24869 -1.48234 9
1.23260 0.32245 -0.12989 -1.54284 -0.35477 0.34468 1.23222 -0.52671 9
0.17047 1.36841 -0.17180 1.04207 0.27269 -0.55471 -0.32514 -0.52296 9
-0.05759 -0.03634 1.74158 0.84489 -0.40127 -0.94124 0.91944 -0.19012 9
-0.07679 0.12134 1.20045 1.89357 -0.36173 1.89417 1.86413 -1.18082 9
-0.11042 0.16592 -3.09547 0.08739 -0.41082 -1.16963 1.52553 -0.47728 9
0.18093 0.01055 -0.64763 -1.84300 0.98320 -0.56504 1.10001 -0.26569 9
-0.05418 -0.10642 1.28745 1.93630 -0.34760 2.99824 -0.31142 0.17601 9
-0.09527 0.12868 0.99568 -0.82649 -0.37243 -0.65846 -0.17149 -0.72854 9
-0.10084 -0.15278 0.60718 1.28850 -0.25755 2.03636 2.28665 0.92980 9
-0.07795 -0.17125 -0.94648 -0.16982 -0.41082 -0.64764 -1.23267 -0.47728 9
-0.09783 -0.04816 0.35866 -0.10382 -0.41082 -0.70110 0.82393 -0.72854 9
-0.03687 3.13176 0.35110 -0.05525 -0.31857 -0.18114 1.16809 0.02525 9
-0.07382 -0.15668 0.60202 -1.03121 -0.40428 -0.94626 0.71632 -1.48234 9
-0.10040 -0.22170 1.34506 -0.76181 -0.41082 0.45886 1.59487 0.77905 9
0.45580 1.32888 1.03851 1.22908 -0.24835 0.37674 1.31710 -0.39113 9
-0.09763 -0.11148 0.38494 0.25061 -0.39651 -0.24166 -0.97786 -1.48234 10
-0.09314 18.67725 -0.20357 0.31322 -0.36407 -0.40388 -0.88835 0.52778 10
-0.11086 -0.17973 0.86005 -1.39820 -0.41082 -1.23406 -1.30134 -1.48234 10
0.19259 0.57850 1.11795 0.97471 -0.35538 -0.03490 1.22628 -0.95468 10
-0.06288 0.40288 1.66174 1.39197 -0.32187 3.39124 2.38215 -1.31483 10
0.07540 -0.18173 0.50895 0.24360 -0.38557 -0.29559 0.94235 -0.30977 10
-0.05330 -0.09984 1.81018 -0.05784 -0.37519 0.25061 0.57647 -1.01847 10
-0.07831 -0.20042 1.97713 -1.12307 -0.36712 -0.42299 -1.93851 0.17115 10
1.56330 1.81681 1.20737 -0.26108 -0.25221 0.44813 0.18830 -0.88657 10
-0.09779 -0.16570 0.32736 -0.12016 -0.36756 -1.02301 0.34238 0.43641 10
0.01119 0.16432 1.32054 1.01456 -0.37300 1.22274 1.53455 -0.40549 10
0.48498 0.80716 1.70331 -2.78997 -0.11732 -0.04546 -1.48282 -0.11250 10
-0.10885 -0.24533 0.02463 0.70065 -0.37831 -1.16264 1.74322 0.02525 10
-0.06288 0.13415 2.77073 -1.64263 -0.34803 -0.47772 -0.30686 -1.25040 10
0.13504 1.37301 1.31555 0.89203 -0.36657 1.38997 1.85581 -0.70423 10
0.00506 1.16673 1.29476 2.20883 -0.39447 2.33039 3.45166 -0.92397 10
-0.10561 0.19612 1.73332 0.58800 -0.38705 -0.11485 2.74313 0.67136 10
