-0.11591 0.17133 -1.47983 -0.65364 -0.41082 -1.23406 0.70496 -1.48234 1
-0.11719 -0.24533 -0.42576 -2.47673 -0.41082 -1.23406 -0.84976 -1.48234 1
-0.11683 -0.24533 0.44900 -0.56683 -0.07022 -1.23406 -1.01163 -1.48234 1
-0.09779 -0.21539 -1.28182 0.29571 3.12217 -0.17375 -0.82244 -0.40549 1
-0.10088 -0.24533 -0.48581 0.08044 -0.39375 -0.82292 -0.62303 0.02525 1
-0.11607 -0.24533 -2.49755 -1.61728 -0.41082 -1.23406 0.64930 -1.48234 1
-0.11667 -0.24533 0.84301 1.41947 -0.41082 0.56467 -3.52423 1.53284 1
-0.11234 -0.24533 -0.52732 -1.65820 -0.41082 0.45886 -1.13476 -0.72854 1
-0.11270 0.00823 -0.64940 -0.35119 -0.41082 -0.29559 -0.70185 1.53284 1
-0.11727 -0.24533 -1.24192 -3.62267 -0.41082 -1.23406 -0.72422 -1.48234 1
-0.11671 -0.24533 -0.23741 0.38812 -0.41082 2.36340 -0.59868 1.53284 1
-0.11294 -0.24533 -0.74712 -0.43734 0.37717 0.56467 -1.08237 0.40215 1
-0.11699 -0.24533 -0.31333 -0.79152 -0.41082 -1.23406 -0.95960 -1.48234 1
-0.10452 -0.24533 -2.48307 -1.21899 -0.41082 -0.11485 -0.55303 -0.19012 1
-0.07887 -0.19639 -0.59599 -0.33401 -0.41082 0.11175 -1.08070 0.60509 1
-0.11643 -0.24533 0.14474 -0.44361 2.81934 -1.23406 -1.18368 -1.48234 1
-0.09803 -0.18094 1.55016 -0.55903 -0.41082 -0.19562 -0.49004 0.67136 1
-0.11118 -0.24533 -0.84685 -1.91084 -0.41082 -0.03490 -0.13577 1.53284 1
-0.11370 -0.24533 -0.67333 -1.49284 -0.41082 -1.23406 -0.20167 -1.48234 2
-0.11551 -0.24533 -0.65596 -0.14241 -0.41082 -1.23406 -1.28913 -1.48234 2
-0.11619 0.02455 -1.24192 0.15584 -0.41082 0.82163 -0.48125 0.02525 2
-0.11703 -0.24533 -2.12299 1.82055 -0.41082 -1.23406 -1.94820 -1.48234 2
-0.11555 -0.24533 1.69366 0.00974 -0.41082 -0.33469 -0.27058 1.53284 2
-0.11250 -0.24533 -0.85794 -0.03383 -0.41082 0.56467 -0.08085 1.53284 2
-0.10809 -0.13004 -1.21022 -1.01434 -0.41082 1.30532 -0.55684 0.27652 2
-0.09430 -0.24533 -1.84875 -1.42514 -0.41082 -0.43462 -0.51796 -0.14226 2
-0.06152 -0.21124 -0.70354 -0.41142 1.31477 0.12442 -1.19903 0.63945 2
-0.08016 -0.24533 -0.52754 -0.19954 0.49089 -0.09201 -0.61240 0.62829 2
-0.11567 -0.24533 -1.64758 -1.10160 -0.26777 -1.23406 -0.70670 -1.48234 2
-0.11330 -0.24533 -0.09547 0.83493 -0.41082 0.56467 -0.48984 0.02525 2
-0.10737 -0.24533 -0.71351 -1.16135 -0.41082 -0.45623 0.25649 1.53284 2
-0.07314 -0.16729 0.35258 -0.27459 -0.37219 -0.42773 -0.18243 0.14122 2
-0.11655 -0.24533 1.03831 -0.83967 -0.41082 -1.23406 -3.66177 -1.48234 2
-0.10649 -0.24533 -0.88685 -0.97756 0.35827 -0.15482 -1.25351 0.52778 2
-0.10565 -0.14853 -0.45578 -0.41404 -0.38698 0.36481 -0.88356 0.02525 2
-0.09282 -0.24533 -0.55196 0.55447 5.89953 0.86210 -1.23997 0.63644 2
-0.10941 -0.24533 -0.23015 0.24905 -0.41082 0.42631 0.08561 1.53284 3
-0.08332 -0.17796 -0.31898 -0.15677 0.19009 0.30771 -0.61499 0.86280 3
-0.08533 -0.24533 -0.79326 -0.18343 -0.09175 0.40689 -0.92822 -0.20669 3
0.02646 -0.23037 -1.38815 1.21667 -0.39888 -0.58877 -1.36922 -0.65317 3
-0.11519 -0.24533 0.32533 -0.62844 -0.18009 -1.23406 -0.08817 -1.48234 3
-0.10701 -0.21202 -0.14196 0.49582 -0.41082 -0.57997 -0.08085 1.53284 3
-0.11458 -0.24533 0.61500 1.02062 -0.41082 -0.33469 -0.04854 1.53284 3
-0.11334 -0.24533 0.05692 0.81254 -0.41082 0.56467 -0.57823 0.52778 3
-0.11490 -0.24533 0.69534 -1.23114 -0.41082 -1.23406 -0.91913 -1.48234 3
-0.10252 -0.24533 0.26484 -0.38493 0.93264 -0.33469 -0.18822 -1.48234 3
-0.10164 -0.09903 -0.24566 -0.18485 -0.39294 0.90497 -0.00249 0.43641 3
-0.07991 -0.23606 -0.34375 0.29688 1.86705 -0.21830 -0.13983 0.52778 3
0.02734 -0.17779 -0.06511 -0.03788 -0.41082 -0.18114 0.01138 0.33933 3
-0.10052 -0.24533 -0.97788 0.01328 4.41879 -0.66604 -0.02373 0.52778 3
-0.07623 -0.23613 0.11381 -0.30454 -0.15488 -0.51457 -0.41779 0.83703 3
-0.08400 -0.22440 -0.52772 -0.18485 3.63375 0.05075 -0.49186 0.92980 3
-0.08304 -0.24533 -0.03005 -0.02304 -0.41082 0.71456 -0.22419 0.83703 3
-0.10873 -0.24533 0.41023 -0.54970 -0.41082 0.26488 -0.18190 1.53284 3
-0.07246 -0.14826 0.39468 0.44908 0.17888 -0.53367 -0.58789 1.25873 4
-0.11194 -0.24533 -0.94506 2.53175 -0.41082 -1.23406 -1.81441 -1.48234 4
-0.00236 -0.15839 0.04237 -1.10853 -0.32629 -0.06015 0.02027 0.26841 4
-0.06384 -0.17879 -1.45111 -0.62087 1.47983 -0.55208 -0.97138 0.47753 4
-0.09827 -0.17353 -0.43045 0.29342 -0.41082 0.92442 -0.43850 -0.72854 4
-0.10044 -0.24533 -1.44249 -0.71784 -0.41082 2.57501 0.45080 1.19782 4
-0.10821 -0.24533 -0.16448 -0.29167 4.34741 0.72819 -0.53707 1.53284 4
-0.11410 -0.24533 -0.00912 0.03404 -0.41082 -0.72013 -0.85554 1.53284 4
-0.11314 -0.24533 -0.34006 0.51489 -0.34752 -1.23406 0.13039 -1.48234 4
-0.03410 -0.06906 -0.49913 -0.74271 1.04370 -0.07908 -0.04603 0.64311 4
-0.10849 -0.20424 1.03907 0.90104 -0.41082 0.82163 -0.72422 0.77905 4
-0.08589 -0.18953 -0.98914 -0.50421 2.65583 1.30532 -0.13758 0.52778 4
-0.11022 -0.08909 0.37388 0.41893 -0.41082 -0.79800 -0.97237 1.53284 4
0.06858 -0.20118 -0.77565 0.63164 -0.02756 0.04954 -0.66202 -0.15989 4
-0.11430 -0.24533 -1.57675 1.47950 -0.41082 -0.51457 -0.39850 1.53284 4
-0.10212 -0.22168 -0.31295 0.29952 1.59852 0.43918 -0.62549 0.32677 4
-0.11430 0.35746 0.81171 -0.97609 -0.24052 -1.23406 -1.21160 -1.48234 4
-0.09114 -0.23264 -0.47485 0.05057 -0.41082 -0.49988 0.51510 -1.48234 4
-0.10833 -0.24533 0.16896 0.05614 -0.41082 -1.23406 0.55991 -1.48234 5
1.46478 -0.02638 -1.13659 -1.27919 1.06979 -0.36646 -0.22690 0.23489 5
-0.07767 -0.21730 0.62685 0.47424 -0.14564 0.56467 -0.48163 0.67136 5
-0.07991 -0.24533 -0.07992 -0.03157 2.18595 -0.41178 -0.26937 -0.22601 5
-0.11519 -0.07447 0.80142 0.11088 -0.06473 -0.20621 0.57822 -1.48234 5
-0.11486 -0.24533 2.12523 -1.00338 -0.41082 -0.11485 -0.33715 1.10210 5
0.41568 0.02973 -0.32432 -0.30360 0.55131 0.13357 0.06093 -0.08400 5
-0.11470 -0.24533 -0.29336 0.15584 -0.41082 -1.23406 0.00903 -1.48234 5
-0.11206 0.01212 0.28730 0.38812 -0.41082 -1.23406 -0.72257 -1.48234 5
-0.10320 -0.22080 0.17923 0.42780 -0.41082 0.56467 0.59458 -0.47728 5
-0.03338 -0.01174 -0.57988 -0.19629 -0.41082 0.61852 -0.12790 0.13043 5
-0.09398 -0.19830 0.52193 0.51900 -0.41082 -0.24166 0.07152 -1.48234 5
-0.06861 -0.23728 0.00077 -0.46384 -0.40497 -0.25975 0.21363 0.60509 5
-0.08577 -0.22162 -1.01361 -0.69160 -0.41082 -0.31163 0.95900 -0.27627 5
-0.09659 -0.18229 0.01738 0.37723 -0.39722 -0.42463 0.14410 0.52778 5
-0.11679 -0.24533 -0.58079 -1.43497 -0.08570 -1.23406 1.20067 -1.48234 5
-0.10104 -0.14627 0.61914 -0.69569 -0.30741 -0.00064 0.10730 1.03031 5
-0.05274 -0.05769 -0.64057 -0.74367 -0.40199 -0.29267 0.57604 -0.62086 5
-0.08521 -0.24533 -0.72135 -0.34047 -0.40199 0.51606 0.48455 -0.81230 6
-0.04893 -0.23907 -0.09813 -0.84301 -0.28570 0.37056 -0.17556 0.26841 6
-0.11687 -0.24533 1.25930 -0.18485 -0.41082 -1.23406 -0.48361 -1.48234 6
-0.03891 -0.11155 0.14554 -0.42687 -0.41082 0.03323 0.86501 0.65747 6
-0.11462 -0.24533 0.37534 1.59438 -0.41082 5.96086 -0.07562 1.53284 6
-0.00977 -0.15627 0.18715 -0.08013 0.91766 0.52870 -0.02131 -0.19012 6
-0.09494 -0.17649 -1.45024 0.56497 -0.39820 -0.20621 -0.49079 0.32677 6
-0.07623 -0.11308 -1.21195 -0.24913 -0.40390 -0.67425 -2.03629 -0.14775 6
-0.09891 -0.08120 0.37366 1.26962 -0.33440 2.56326 -0.43363 1.21545 6
-0.10885 -0.11412 0.34115 -0.02858 -0.41082 -0.51457 -0.95709 -1.48234 6
-0.09474 -0.19966 -0.50013 0.28795 -0.41082 -0.28736 -0.18644 -0.87930 6
-0.07811 -0.18425 0.48863 0.07174 -0.24414 -0.17598 -0.58459 -0.87930 6
-0.11635 -0.24533 0.73839 0.12768 -0.41082 -0.03490 0.92345 -0.72854 6
-0.10324 -0.14416 0.07950 -0.50317 0.86074 0.01723 0.13122 0.02525 6
-0.09839 -0.04301 -0.45200 0.79909 -0.41082 1.30532 -0.39265 -0.47728 6
0.05139 -0.08918 0.30950 -1.40632 -0.22429 0.01122 0.28923 0.25976 6
-0.07018 -0.16867 -0.05081 0.34219 -0.41082 -0.46864 -0.53911 0.32677 6
0.02542 0.69536 -0.86282 -0.69844 -0.38477 -0.17345 0.02567 0.06600 7
-0.11414 -0.24533 0.16810 1.29967 -0.41082 -1.23406 0.52110 -1.48234 7
-0.09979 -0.15928 0.41497 -0.98649 -0.41082 -0.62604 0.50206 0.02525 7
0.00029 -0.17449 0.21441 0.64025 0.55889 -0.52425 -0.19266 0.16230 7
-0.11607 1.03845 0.48882 0.38812 -0.23200 0.56467 -0.36156 1.53284 7
-0.08140 -0.22476 -0.30582 -0.55839 -0.41082 -0.82871 0.32009 -0.72854 7
-0.09294 -0.22862 0.13071 -0.27586 -0.35286 0.08332 0.09644 0.60509 7
-0.04705 -0.10418 -2.32105 -1.32559 -0.39052 0.16755 0.84137 0.12576 7
2.64904 0.02642 -0.28981 -0.72891 0.72730 -0.38669 0.68996 -0.23694 7
-0.11370 -0.24533 1.71873 -0.79833 -0.41082 -0.57997 1.17267 1.53284 7
-0.02517 -0.19010 0.05432 -0.25734 -0.40462 -0.60538 1.13212 0.19276 7
-0.07527 -0.21263 0.89529 0.81595 -0.36349 0.14369 -0.76710 -0.47728 7
-0.06813 -0.11300 0.60437 0.04508 -0.08097 -0.08016 0.40983 -0.06343 7
-0.08557 -0.22184 -0.39092 -0.42376 -0.41082 -0.54883 0.37574 0.02525 7
-0.09218 -0.14828 -1.49129 -1.28755 -0.41082 0.36481 0.69568 -0.72854 7
-0.07899 -0.06822 0.87163 1.59047 -0.39599 1.27580 -0.46059 0.32677 7
-0.09218 -0.23180 0.74177 1.27100 -0.33209 0.68459 0.71003 -1.48234 7
0.04578 -0.13345 -0.55051 -0.45349 2.08151 -0.47549 1.01075 0.71052 8
-0.09996 -0.19630 -0.35684 0.14182 3.92599 0.13050 -1.45390 -0.93413 8
-0.06981 -0.22960 -0.08378 -0.49965 -0.41082 0.08501 0.31592 0.16230 8
0.22698 0.03293 -0.20981 -0.76761 -0.20703 0.13228 0.86873 -0.71900 8
-0.06777 0.18864 0.61174 -1.61613 -0.08335 -1.13127 0.33257 -1.48234 8
-0.05062 0.08613 -0.22831 0.87616 -0.39372 0.47621 0.14179 -0.02674 8
-0.06965 -0.15319 0.54081 -0.07580 -0.38694 -1.05857 0.23124 -1.48234 8
-0.09955 0.35689 -2.96597 -2.02038 -0.31587 0.56467 1.03078 -1.48234 8
0.31756 0.34826 -0.58035 0.73716 0.01468 0.40330 -0.52651 -0.46762 8
0.02778 0.28321 0.72548 0.32260 -0.32804 -0.28736 0.59317 -0.27627 8
-0.07903 -0.17915 1.05001 0.37624 -0.41082 1.21875 0.46602 0.32677 8
-0.05090 -0.07476 0.40489 0.43283 -0.37647 0.08746 0.41542 -1.48234 8
-0.01879 -0.17537 1.06915 0.88863 -0.39922 0.96439 0.94071 0.02525 8
1.01837 0.01936 1.23026 -1.24443 -0.37625 0.16276 0.00036 -0.66691 8
-0.08825 -0.06255 1.23347 1.34828 -0.37184 0.20493 0.49002 -0.47728 8
-0.10104 -0.14349 0.39277 0.85064 -0.39358 -0.38760 -0.40864 -0.35165 8
-0.11250 -0.17248 1.94261 1.56516 -0.41082 -0.25293 -0.07069 1.53284 8
-0.07951 -0.14415 1.34326 0.86961 -0.28309 3.02960 1.15517 -0.16320 9
0.24642 -0.01917 0.39738 -1.27453 0.17656 -0.00178 1.06828 -0.55833 9
0.00974 0.03888 1.48550 -0.27965 -0.35007 -0.29722 -0.40552 -0.43708 9
-0.09827 -0.22798 0.62199 0.83798 -0.39604 -0.68060 1.83241 -1.48234 9
-0.08977 -0.17426 0.15324 0.17408 -0.40054 -1.23406 1.23289 -1.48234 9
-0.09619 -0.24533 0.13209 -0.46706 -0.38413 -0.74125 0.71500 0.92980 9
0.38963 0.16573 0.85747 0.34670 -0.35487 -0.30075 1.34805 -0.11180 9
-0.04773 -0.16521 0.97696 1.02676 -0.41082 -0.36571 0.55782 -0.62086 9
0.17957 0.05741 1.35283 0.14552 -0.36549 0.49573 0.68659 -0.78317 9
0.11989 0.16236 0.58667 0.16336 -0.34927 -0.22263 -0.95238 -0.07754 9
0.25832 0.16151 0.46188 0.96012 -0.29035 0.92893 0.94152 -0.25422 9
0.32902 0.21047 1.07875 1.30143 -0.34279 2.46409 1.87539 -0.72108 9
0.42325 0.15035 0.31682 -0.77174 0.16049 0.01027 1.41214 -0.52704 9
-0.09907 0.04007 1.21093 -0.32809 2.48718 0.56467 1.87126 -0.27627 9
1.27236 0.66918 0.37645 -2.96295 -0.32626 0.00660 1.03166 -0.64601 9
-0.04248 0.27075 0.64598 -0.14942 0.82448 -0.89574 1.55585 -0.27627 9
-0.10488 -0.21941 1.13336 0.34322 -0.36597 -1.23406 1.57054 -1.48234 9
-0.01214 0.38894 0.77579 -0.82941 -0.38637 -0.14116 2.57623 -0.97981 10
-0.05150 -0.10554 1.22526 1.51081 -0.37183 1.62657 3.29133 -0.29454 10
-0.08793 -0.19148 1.15557 0.72017 -0.35298 -0.96668 0.52201 0.43641 10
0.15303 -0.18129 1.42841 -1.12617 -0.37587 -0.02005 0.75477 -0.12689 10
-0.07799 0.02245 1.14124 0.25501 -0.33134 -0.51457 1.28473 -0.09072 10
0.26674 0.19777 1.15819 0.46429 0.36402 0.06370 1.13621 0.29130 10
-0.08408 -0.24533 -0.14542 -0.89046 -0.40228 -1.09421 0.36106 -1.48234 10
-0.11527 -0.24533 0.20158 -1.71277 -0.41082 -1.20606 -0.56730 0.02525 10
1.52049 2.64685 0.77132 -0.46253 -0.24614 -0.50559 0.30542 -0.81071 10
0.53672 1.08895 0.90074 0.64764 -0.33722 1.25599 0.30009 -0.76822 10
0.41816 1.69915 0.86681 0.68406 -0.28242 -0.00855 0.73070 -0.75286 10
-0.08492 0.45438 0.87943 2.79011 -0.25323 1.76382 3.29803 -0.87930 10
-0.10264 -0.12465 1.41022 0.74718 -0.37267 0.62269 3.32897 1.15594 10
0.01475 0.17345 0.57115 1.21359 -0.38484 2.00365 3.22349 -0.39352 10
0.96274 1.33093 1.33115 -1.18353 -0.26196 0.64649 2.09319 -0.03256 10
1.08434 3.25134 2.28983 -2.31090 -0.06881 -0.13343 -0.71354 -1.03467 10
-0.03502 0.90690 -0.15245 1.07446 -0.35185 3.45828 2.60098 -0.84580 10
