-0.11454 -0.24533 -0.84307 -0.86066 -0.41082 0.97976 0.09278 0.77905 1
-0.11390 -0.24533 -0.85738 -1.62337 -0.41082 0.30771 0.12315 1.03031 1
-0.11527 -0.24533 -0.34696 0.00614 -0.41082 -1.23406 0.24869 -1.48234 1
-0.11507 -0.24533 0.47202 -0.09670 -0.41082 -1.23406 -0.70916 -1.48234 1
-0.11687 -0.24533 -1.17641 -1.33079 -0.41082 -1.23406 -1.28913 -1.48234 1
-0.11667 -0.24533 -0.84012 -2.24754 -0.41082 -0.57997 -0.51376 -1.48234 1
-0.10733 -0.24533 -0.24047 0.67683 -0.41082 0.66460 -0.66410 1.05676 1
-0.11222 -0.24533 -0.30227 -0.11744 1.95582 0.49272 -0.88796 1.03031 1
-0.11250 -0.24533 -0.02594 0.67683 -0.41082 -1.23406 -1.37701 -1.48234 1
-0.02749 -0.23959 -1.06805 1.32779 -0.36949 -0.75271 -1.69499 1.37415 1
-0.10969 -0.24533 -1.26709 -1.12348 -0.37487 0.41478 -0.49659 1.53284 1
-0.11747 -0.24533 0.75232 3.25298 -0.41082 -1.23406 1.01760 -1.48234 1
-0.10957 -0.16428 -0.66853 0.41649 3.59033 -0.03490 -0.60099 1.53284 1
-0.11382 -0.24533 -0.52101 -0.68620 -0.41082 -0.33469 0.50270 -1.48234 1
-0.10945 -0.14491 -0.13813 -0.60410 -0.37593 1.11530 -0.68142 0.59060 1
-0.11298 -0.24533 0.08852 0.41261 0.44504 -0.63448 -0.21415 1.53284 1
-0.11058 -0.24533 -0.30227 -0.56683 -0.41082 0.74454 -0.42831 1.25873 1
-0.11707 -0.24533 0.85678 -3.62267 -0.41082 -1.23406 1.14434 -1.48234 1
-0.11539 -0.24533 0.67920 0.43838 -0.41082 0.30771 -0.17379 0.52778 2
-0.10849 -0.19802 -0.23041 -1.15064 -0.41082 0.01723 -0.23768 1.53284 2
-0.11727 -0.24533 -1.39259 -0.18485 -0.41082 -1.23406 -0.26392 -1.48234 2
-0.11058 -0.24533 -0.79577 -0.11363 -0.41082 -0.92123 0.06324 -1.48234 2
-0.11655 -0.24533 -1.71528 0.38812 -0.41082 -1.23406 -3.77894 -1.48234 2
-0.10805 -0.16469 -0.19947 -0.51908 -0.41082 0.51606 -0.65279 1.53284 2
-0.11719 -0.24533 0.26484 -0.56683 3.76147 2.36340 -0.53592 1.53284 2
-0.10741 -0.24533 -1.25447 -0.82049 -0.41082 -0.74350 0.44421 1.53284 2
-0.11679 -0.24533 -1.64758 0.64856 -0.41082 -1.23406 -1.04198 -1.48234 2
-0.11310 -0.16400 -0.07573 -0.06422 -0.41082 -0.78438 -0.36644 1.53284 2
-0.08136 -0.24533 -1.50553 -1.16130 -0.32398 -0.12056 -0.05089 0.37316 2
-0.11535 -0.24533 -0.00957 0.48691 -0.41082 0.92442 0.18407 1.53284 2
-0.11390 -0.24533 -0.86662 1.30244 -0.41082 -0.63448 -0.03279 1.53284 2
-0.09759 -0.24533 -0.93582 0.02787 -0.39654 0.54981 -0.77429 1.38208 2
-0.10328 -0.21810 -0.53346 -0.76899 -0.33112 -0.47670 0.51007 0.02525 2
-0.11046 -0.19948 -0.53508 0.96109 -0.41082 0.11499 0.62428 -0.47728 2
-0.11338 -0.24533 0.32762 0.46844 -0.41082 -1.23406 -0.87905 -1.48234 2
-0.11478 -0.24533 -0.08409 0.22896 -0.41082 0.92442 0.11543 1.53284 2
-0.10513 -0.24533 -1.58338 0.17761 6.26180 -0.20621 -1.06489 1.53284 3
-0.10965 -0.24533 -1.30219 0.50272 0.44748 0.11499 -0.89601 1.03031 3
-0.11386 -0.15434 -0.46545 -0.60704 -0.41082 0.07411 0.46302 0.02525 3
-0.11615 -0.24533 1.11047 -0.36579 0.53030 0.20493 -0.45432 -1.48234 3
-0.08440 -0.23218 -0.78138 -1.44124 -0.40220 -0.13366 0.24325 0.83703 3
-0.11547 -0.24533 -2.00745 -0.28903 -0.41082 -1.23406 -0.26099 -1.48234 3
-0.11082 -0.24533 -0.72789 -1.43801 -0.41082 0.72819 0.32491 1.53284 3
-0.11106 -0.19291 -0.33886 0.19713 -0.41082 0.72819 0.83452 1.53284 3
-0.09446 -0.22825 -0.18827 -0.36891 -0.33670 0.18134 -1.03027 0.77905 3
-0.10637 -0.24533 -1.30580 -0.16047 2.96252 -0.20621 0.10475 1.03031 3
-0.11086 -0.24533 -0.50285 -0.38707 0.68309 -0.99423 -0.36929 1.53284 3
-0.09402 -0.22902 -0.57754 -0.76753 -0.39869 -0.33469 0.76453 0.52778 3
-0.11218 -0.24533 0.88197 0.49268 -0.35861 0.11499 0.96367 -0.47728 3
-0.10857 -0.24533 -0.41292 -0.48269 -0.19026 -0.70110 -0.42350 1.53284 3
-0.11202 -0.24533 -0.63922 -0.97319 -0.41082 -0.57997 -1.20777 1.53284 3
-0.11543 -0.24533 0.36715 1.41128 -0.41082 -1.23406 -0.17159 -1.48234 3
-0.11046 -0.24533 0.64674 0.13347 -0.41082 1.06831 -1.06784 1.15594 3
-0.11535 -0.24533 -0.02092 0.68449 -0.41082 1.16425 -0.13241 1.53284 3
-0.10388 -0.21682 -0.70017 -0.31144 1.37731 -0.17598 -0.63280 0.32677 4
-0.11098 -0.24533 -1.46077 -0.65832 1.34518 -0.16814 -0.23910 0.02525 4
-0.09330 -0.24533 -0.39251 -0.36579 -0.41082 -0.65846 -0.38634 1.53284 4
-0.11462 -0.24533 0.41283 1.74516 -0.41082 0.20493 0.37374 1.53284 4
0.01195 -0.19018 -0.82446 -0.37903 2.48645 -0.02259 -0.07364 0.06202 4
0.05868 -0.20808 -0.44780 -0.63541 -0.36042 0.06735 -0.40513 0.49906 4
-0.09559 -0.22756 -0.72763 -1.19769 -0.37187 -0.08593 -0.49825 -0.47728 4
-0.10729 -0.24533 0.11163 -0.19812 -0.35559 -0.81083 -0.57711 1.53284 4
-0.07126 -0.21469 -0.68685 -0.27985 1.62746 -0.08941 -0.59314 0.02525 4
-0.10348 -0.13649 -1.39867 0.21008 -0.41082 1.01435 0.04756 -0.27627 4
0.74486 0.17184 0.19396 -1.90749 2.76692 -0.43723 1.03171 0.36224 4
-0.05679 -0.21948 -0.85846 -0.49642 -0.33548 -0.00826 -0.64306 0.48408 4
-0.11282 -0.16847 0.55985 1.26415 -0.41082 2.87732 0.63534 0.77905 4
-0.11579 -0.24533 -2.07581 0.81480 -0.41082 -1.23406 0.67199 -1.48234 4
-0.11442 -0.12538 0.51597 -0.28388 -0.41082 -1.23406 -0.32669 -1.48234 4
-0.08328 -0.20170 -0.69064 -0.80724 -0.41082 0.78403 0.79094 0.61518 4
-0.10360 -0.24533 -0.09288 -0.86066 -0.41082 -0.61735 -0.28147 0.52778 4
-0.09218 -0.17341 -0.76415 -0.29656 -0.41082 -0.55953 0.67064 0.52778 4
-0.09731 -0.21244 -0.61897 0.34301 0.26501 0.22437 -1.18458 1.13082 5
-0.08557 -0.23289 -0.58168 -0.25209 -0.41082 0.28066 0.22389 0.02525 5
-0.11330 -0.24533 0.13161 -0.00612 -0.41082 -1.23406 -0.36786 -1.48234 5
-0.10633 -0.18790 0.47528 0.05406 -0.41082 -0.63448 -0.43513 1.53284 5
-0.10541 -0.24533 -0.55853 -0.71663 -0.41082 0.00644 -0.15590 -0.27627 5
-0.10300 -0.12788 -0.51388 0.49771 -0.41082 0.20493 -0.44402 0.92980 5
-0.04340 -0.19851 -0.12546 -0.37718 -0.41082 0.36481 0.12646 0.25719 5
-0.07194 -0.24533 0.00054 0.22994 0.06560 -0.54224 -0.34156 1.53284 5
-0.09098 0.44394 -0.17958 -0.39477 -0.26046 -0.37496 -0.55487 0.77905 5
-0.10120 -0.22289 0.04552 0.43692 -0.41082 0.33005 0.50719 0.32677 5
-0.08949 -0.19241 0.36179 0.41665 -0.41082 -0.75440 0.57843 1.53284 5
-0.11446 -0.24533 -0.61799 1.96379 -0.41082 -0.43462 -0.13078 1.53284 5
0.28826 -0.16892 0.25361 -0.44124 -0.23991 0.07924 0.35529 0.23798 5
0.33211 -0.05663 -0.35081 -0.18832 1.31389 -0.39295 -0.13536 0.08637 5
-0.11647 -0.24533 0.37247 -0.18485 -0.41082 -1.23406 -4.20786 -1.48234 5
-0.10925 0.02411 -0.25898 0.52454 -0.41082 -1.04957 -0.96165 1.53284 5
-0.07907 -0.14645 -0.48797 0.01626 -0.12858 -0.13653 0.38436 -0.14226 5
0.25696 0.03654 -0.36274 -0.83818 -0.40469 0.44103 0.08659 0.24062 5
-0.11006 -0.14491 -0.03301 0.29765 -0.41082 -0.08287 0.33656 -0.72854 6
-0.11202 -0.24533 -0.45325 1.87134 0.70518 -0.51457 -0.66950 1.53284 6
-0.04845 -0.23326 -0.40926 -0.50269 -0.41082 -0.16814 -0.38022 0.59060 6
0.00987 -0.18009 -0.28355 -0.26192 2.25282 -0.54364 0.43942 0.42198 6
-0.10476 -0.13689 -1.13528 -0.66173 1.32177 -0.69444 -0.23463 0.52778 6
-0.03014 -0.09317 0.23905 -0.22053 -0.29292 -0.41066 -0.71842 -0.69265 6
-0.09555 -0.20762 2.31360 -1.23114 -0.08688 -0.68060 -0.06515 -0.47728 6
-0.08981 -0.19120 -0.54263 -0.55584 1.57542 -0.33469 -0.11875 0.60509 6
-0.10617 -0.21320 1.12832 0.29828 -0.41082 -0.79355 -0.31899 -1.48234 6
-0.11507 -0.24533 0.35692 0.60850 0.13938 -1.23406 -0.22992 -1.48234 6
-0.10729 -0.24533 -0.72962 -1.12726 -0.35559 -0.75440 -1.17451 0.52778 6
-0.11146 -0.07027 0.08159 -0.81327 0.78896 -1.23406 -0.34547 -1.48234 6
-0.10781 -0.24533 0.21085 -0.33391 -0.38174 -1.23406 0.09103 -1.48234 6
-0.01823 -0.04882 0.16341 -0.98715 -0.32433 -0.28379 0.75724 -0.04654 6
-0.06152 -0.22368 -0.39995 0.73370 6.73657 1.16425 -1.32915 0.37316 6
-0.11430 -0.24533 0.75645 0.52454 -0.41082 -1.23406 0.46117 -1.48234 6
-0.07254 -0.18306 -0.18877 -0.52273 -0.39811 -0.66416 0.27265 -0.72854 6
-0.07438 -0.21998 -0.73788 -0.40767 0.37728 -0.33469 -0.00746 0.62829 7
-0.11402 -0.24533 1.21958 0.35664 -0.33222 -0.85538 -0.26805 0.52778 7
-0.04164 -0.16837 -0.67013 -0.07551 0.64113 -0.54585 -0.29893 0.16230 7
0.20854 -0.12918 0.54689 -0.71185 -0.18760 -0.62481 -0.15215 -0.54907 7
0.04241 -0.18241 1.48313 0.67647 0.75500 0.13050 0.00800 -0.02043 7
-0.10340 -0.22265 0.58936 1.12848 -0.41082 0.76453 0.46080 -1.48234 7
0.10758 -0.17426 -0.14992 -0.53149 -0.40318 0.05321 0.52385 -0.08243 7
-0.10845 -0.21051 0.45926 1.40950 -0.41082 -1.23406 -0.31486 -1.48234 7
0.05728 0.20263 -0.04225 0.09212 -0.40918 0.05941 0.19701 -0.54010 7
-0.08685 0.17052 0.71628 -2.05203 0.62160 0.24725 -1.24270 -0.19012 7
-0.09791 -0.15605 0.10907 -1.11694 -0.39631 -0.56476 0.64386 0.27652 7
-0.10817 -0.24533 0.80184 0.20680 -0.41082 -0.57997 0.55625 -1.48234 7
-0.11066 -0.24533 0.87737 0.56820 -0.41082 0.56467 -0.55791 1.53284 7
-0.10084 -0.20724 1.14872 1.39764 -0.37676 0.13050 -0.74616 0.98463 7
0.13500 -0.07084 -1.48319 -0.36445 -0.11582 -0.28658 -0.82027 -0.20089 7
6.12492 -0.03449 0.49639 -1.82479 3.84724 -0.45360 0.56235 0.02782 7
0.07319 -0.14666 0.02039 -0.35907 0.70366 0.15567 0.31111 0.08250 7
0.01295 -0.14244 0.34137 0.04968 0.49120 0.13140 -0.19239 0.21853 8
-0.01787 -0.15235 0.44059 -0.32291 -0.38496 -0.53211 0.90584 -0.35165 8
-0.11222 -0.24533 0.47145 0.21960 -0.41082 -0.43462 0.44327 1.53284 8
-0.08480 -0.17737 0.50200 1.40829 -0.41082 -0.20621 0.19864 -1.48234 8
-0.07723 -0.00192 0.70165 0.08432 -0.10600 -1.01096 -0.15931 -1.10544 8
-0.11066 0.15495 0.51315 -0.67597 -0.41082 -0.20621 -0.95338 0.02525 8
-0.08108 -0.20209 0.71149 1.19455 -0.39515 -0.33469 0.57208 0.32677 8
-0.09567 -0.15554 0.22829 0.78993 -0.38476 -0.75440 -0.41598 -1.48234 8
-0.07478 -0.21411 0.22399 0.91825 -0.41082 -0.29559 -0.61900 -0.67829 8
-0.04448 0.84956 -0.63537 3.01450 0.74862 -1.23406 -1.66390 -1.48234 8
-0.05843 -0.18247 0.95477 0.84945 -0.41082 0.02087 -0.52813 -0.87930 8
-0.09038 -0.18162 0.52607 -1.20627 -0.38981 -0.96758 0.29323 -1.48234 8
-0.09831 -0.13754 0.84156 -0.06859 -0.39601 -1.09830 0.08689 -1.48234 8
-0.04697 -0.12815 0.23758 0.50506 -0.39865 0.07822 -1.03623 -0.75454 8
-0.10352 -0.04803 1.01352 1.30520 -0.41082 1.53322 0.00554 -0.27627 8
-0.08753 -0.20948 0.58598 0.32717 -0.41082 0.09833 0.64413 -0.87930 8
-0.11006 -0.19336 0.75445 -0.78798 -0.41082 -0.78438 0.89493 1.53284 8
-0.04416 -0.04279 0.22316 -0.63973 -0.33282 0.04723 0.52528 0.37316 9
-0.08989 -0.15399 0.67920 1.13637 -0.39017 1.96368 1.35409 0.02525 9
-0.09350 -0.23121 0.60973 0.45939 0.31274 0.72819 0.61014 0.32677 9
-0.11102 -0.17843 0.24150 1.04393 -0.41082 -1.17203 -1.17335 0.02525 9
-0.09438 0.18586 -0.64392 -1.57931 -0.38620 -0.47670 -0.22478 0.02525 9
0.05339 0.44775 1.63602 -0.49523 0.19584 -0.29635 -0.88775 -1.00329 9
-0.04513 -0.17107 0.46728 0.30898 -0.05517 0.46656 0.72816 -0.78653 9
0.09997 0.02428 1.59455 -2.31845 0.00411 -0.25826 -0.67131 -0.59789 9
-0.07743 -0.10661 0.66500 0.45660 -0.39657 0.05075 1.04452 0.32677 9
-0.08040 0.05999 -0.22219 -0.56683 -0.41082 0.16495 -1.39507 -1.33876 9
-0.09979 -0.20348 0.14072 -0.49831 -0.37874 -0.14392 0.38368 -0.27627 9
0.42325 0.15035 0.31682 -0.77174 0.16049 0.01027 1.41214 -0.52704 9
-0.08048 -0.17926 0.56787 0.20289 -0.40311 -0.47000 -0.21350 0.52778 9
-0.05939 -0.02915 1.19728 0.42359 -0.39114 -0.04435 1.08783 -0.19012 9
-0.05735 -0.04220 0.79448 0.64130 -0.20646 1.64391 0.35247 0.27652 9
-0.10148 -0.22450 0.54108 0.41649 -0.28689 -0.66604 0.33352 0.52778 9
-0.11134 0.09590 2.50333 -0.66353 -0.36555 -1.23406 -0.22890 -1.48234 9
0.19135 0.10823 0.72433 0.29671 -0.33382 1.25307 2.36735 -0.35165 10
-0.11515 -0.00862 -1.57981 2.52539 -0.41082 -1.23406 3.71977 -1.48234 10
1.44951 0.40281 0.61983 -0.35005 0.86654 -0.56461 0.21255 0.02525 10
0.01804 0.04971 0.97125 1.80447 0.60312 0.33406 0.71183 -0.06343 10
-0.08801 -0.06301 0.45993 0.38812 -0.40115 -0.03490 0.83107 -0.24886 10
0.18610 1.45067 1.69086 -0.16716 0.80281 -0.27245 1.35611 -0.51317 10
0.63913 0.54991 0.37053 0.21910 0.16685 1.02629 0.69351 0.23759 10
0.00562 0.36070 2.15643 -2.14517 -0.01320 1.69890 0.29285 0.35504 10
-0.09655 0.32387 1.04440 2.07877 -0.38367 3.99861 2.46207 -0.35165 10
-0.08136 0.12325 0.67706 0.78655 -0.40292 0.06339 0.19151 -0.11180 10
0.03447 0.36277 1.67058 -1.00657 -0.37690 0.02821 -0.39452 -0.20926 10
0.00209 0.03144 0.99475 -0.32522 0.17086 -0.14645 1.71075 -0.43862 10
-0.10124 0.32410 2.11103 1.29649 -0.32359 -1.02849 2.16730 1.53284 10
0.03435 0.43369 1.66137 -0.58697 -0.38819 -0.71295 0.26948 -0.47728 10
0.03087 -0.10130 0.85753 -1.15021 -0.39345 1.14283 3.08082 -0.54519 10
-0.05410 3.47803 0.98130 2.50876 -0.37925 -0.70110 2.77951 1.53284 10
-0.07258 2.54970 1.76817 1.34817 -0.40446 2.62663 1.75194 -0.24886 10
