-0.11631 -0.24533 2.17726 2.91593 -0.41082 -1.23406 1.34713 -1.48234 1
-0.11246 -0.24533 -0.43273 -1.06634 -0.13572 -1.23406 -0.62298 -1.48234 1
-0.11563 -0.24533 -0.11531 -0.56683 -0.41082 -1.23406 -0.20534 -1.48234 1
-0.11655 -0.24533 -0.62307 2.84371 -0.41082 -1.23406 -2.18786 -1.48234 1
-0.11507 -0.24533 0.47202 -0.09670 -0.41082 -1.23406 -0.70916 -1.48234 1
-0.11503 -0.24533 -0.50606 -1.08771 -0.41082 -0.57997 0.32192 1.53284 1
-0.09963 -0.19798 -1.94122 -1.17800 -0.41082 -0.13483 -0.01968 0.43641 1
-0.10837 -0.10052 -1.15004 -1.48885 -0.41082 0.59994 -0.12808 0.37316 1
-0.11611 -0.24533 0.16734 -1.15449 -0.41082 -1.23406 0.06666 -1.48234 1
-0.11438 -0.24533 -1.16901 1.85549 -0.41082 -1.23406 -3.70571 -1.48234 1
-0.10164 -0.24533 -1.64908 -1.78917 -0.41082 -0.27474 -0.36970 1.03031 1
-0.10805 -0.24533 -1.15537 -1.23530 -0.41082 0.47902 0.09730 -0.87930 1
-0.11635 -0.24533 -1.87378 1.16945 -0.41082 -1.23406 -1.70105 -1.48234 1
-0.11114 -0.24533 0.35712 0.15964 2.44140 -1.06673 -0.82883 1.53284 1
-0.11519 -0.24533 -1.04680 2.14400 -0.41082 -0.78438 -1.82615 -1.48234 1
-0.11242 -0.24533 -0.66097 0.71616 -0.41082 0.33983 0.14763 1.53284 1
-0.11010 0.13423 -1.21096 -0.74872 -0.41082 -1.23406 -0.51545 -1.48234 1
-0.11330 -0.18250 -1.22597 0.94007 -0.41082 -1.23406 -1.47744 -1.48234 1
-0.10849 -0.19802 -0.23041 -1.15064 -0.41082 0.01723 -0.23768 1.53284 2
-0.11539 -0.24533 -1.03817 -0.16474 -0.41082 0.14958 -1.23641 1.53284 2
-0.11651 -0.24533 -0.51697 -2.27916 -0.41082 -0.47670 -1.38329 -1.48234 2
-0.11350 -0.24533 -0.22649 0.05756 -0.41082 -0.03490 -0.68190 1.53284 2
-0.11707 -0.24533 0.87122 2.48901 -0.41082 -0.57997 0.43458 1.53284 2
-0.11639 -0.24533 -0.74579 2.53676 -0.41082 -0.03490 -2.16789 1.53284 2
-0.11254 -0.24533 -0.91123 -0.95478 -0.41082 0.56467 0.05254 0.92980 2
-0.11707 1.98123 -0.77106 -2.85871 -0.41082 -1.23406 -0.92964 -1.48234 2
-0.11743 -0.24533 3.02723 -0.56683 -0.41082 -1.23406 0.90775 -1.48234 2
-0.11643 -0.24533 -0.91904 1.03502 -0.41082 3.56255 -0.97278 -1.48234 2
-0.08689 -0.23515 0.08716 1.68626 -0.41082 -0.83434 -0.67783 1.53284 2
-0.10937 -0.24533 -0.70800 -0.67755 -0.41082 0.07411 0.34355 -0.72854 2
-0.10961 -0.12185 -1.04215 0.45939 2.82738 0.76453 -0.29656 0.32677 2
-0.10745 -0.20588 -1.27696 -0.70165 -0.41082 -0.73209 -1.01984 -0.47728 2
-0.09022 -0.24533 -0.82288 0.57632 -0.26463 -0.47670 -0.89063 1.10210 2
-0.11182 -0.24533 -0.55424 -0.67148 -0.41082 -1.23406 -0.29781 -1.48234 2
-0.11515 0.05721 -0.42136 0.52454 -0.41082 -1.23406 -0.38725 -1.48234 2
-0.09927 -0.24533 -0.32032 -0.64173 -0.28615 0.45886 -0.70814 0.77905 2
-0.11458 -0.24533 -0.59841 0.12768 0.79675 -0.83434 -0.41747 1.53284 3
-0.11499 -0.24533 -1.02667 -0.33878 1.83101 -0.33469 -0.33715 -1.48234 3
-0.11226 -0.24533 -0.20073 1.47040 6.05292 -0.43462 -0.28319 -1.48234 3
-0.11354 -0.24533 -0.01038 0.47157 -0.41082 -0.08287 -0.35607 0.77905 3
-0.09218 -0.13752 -1.30445 -0.74701 -0.39957 -0.51457 -0.74621 0.67136 3
-0.07867 -0.18488 -0.44187 -0.55113 -0.41082 0.30771 0.73569 0.52778 3
-0.10809 -0.24533 0.06139 0.80766 -0.41082 -0.46317 -0.77955 0.52778 3
-0.01458 -0.22761 -0.75683 -0.41831 0.96295 0.09747 -0.55160 1.10966 3
-0.11418 -0.24533 -0.07265 0.61863 0.00025 -1.23406 0.17752 -1.48234 3
-0.11422 0.23936 0.85678 -0.21150 -0.41082 -0.25293 -0.37376 1.53284 3
-0.07623 -0.23613 0.11381 -0.30454 -0.15488 -0.51457 -0.41779 0.83703 3
-0.11354 -0.24533 0.86812 0.13779 -0.41082 -0.20621 0.40118 1.53284 3
-0.11130 -0.24533 -0.87958 0.73046 1.52351 -0.78438 -0.64021 -1.48234 3
-0.10196 -0.22237 -1.33809 -0.40117 1.14011 0.14958 0.15623 0.32677 3
-0.11402 -0.24533 0.00176 -0.14707 -0.41082 -0.99980 -1.47744 -0.19012 3
-0.08653 -0.14101 0.12328 0.56879 -0.41082 -0.48030 -0.87966 -0.38591 3
-0.10969 -0.24533 0.15559 0.77682 3.18340 0.86446 -0.38855 0.24062 3
-0.11442 -0.24533 1.95526 0.28202 -0.41082 -1.23406 -0.33715 -1.48234 3
-0.08296 0.29670 -1.29551 0.59323 -0.41082 0.13207 -0.40813 0.72879 4
-0.11038 -0.24533 -0.57242 -0.08411 -0.41082 -0.68060 -0.24905 -1.48234 4
-0.11567 -0.24533 -1.07903 0.96109 -0.26777 0.72819 -0.06296 0.02525 4
-0.11002 -0.24533 -1.04366 -1.18680 -0.41082 -0.33469 0.00824 0.02525 4
-0.11322 -0.24533 -0.05390 0.77526 -0.41082 0.28066 -0.71794 0.77905 4
-0.11643 -0.24533 1.03574 -0.07395 -0.41082 -1.23406 -0.16628 -1.48234 4
-0.10669 -0.24533 0.45318 0.45086 -0.35861 1.94017 -0.96388 0.72879 4
-0.10440 -0.24533 0.16618 0.17174 -0.41082 -0.35047 -0.64260 0.67136 4
-0.11010 -0.24533 -0.89279 -0.14241 -0.29729 -0.33469 -1.44731 0.02525 4
-0.10957 -0.19849 0.47733 -0.32100 -0.41082 -0.38760 -0.45207 1.53284 4
-0.11054 -0.24533 -0.82768 1.06410 -0.41082 -1.11001 -1.65777 1.53284 4
-0.06256 -0.19699 -0.40266 -0.14735 0.26542 -0.22832 0.53698 0.60509 4
-0.09739 -0.22303 0.08587 -0.91408 -0.41082 -0.65382 -0.48279 1.53284 4
0.01371 -0.24533 -0.41148 0.07175 0.55361 -0.07017 -0.48670 -0.11180 4
-0.05887 0.01268 -0.81125 -0.31686 1.15425 -0.48976 -0.07773 1.03031 4
-0.11563 -0.24533 0.49504 1.45542 -0.41082 0.30771 -1.35343 0.52778 4
-0.10280 -0.24533 0.11784 -0.57713 -0.41082 -0.33469 0.10405 0.52778 4
-0.11242 -0.24533 -0.31426 0.62868 3.57492 -1.23406 -0.25265 -1.48234 4
0.23103 -0.11940 -0.30897 -0.19143 1.58366 -0.26143 -0.43240 0.10256 5
-0.10272 -0.05336 -0.00311 -1.35537 -0.41082 -0.87431 0.82510 1.53284 5
-0.11495 -0.24533 -0.29295 0.89368 -0.41082 -1.23406 0.63221 -1.48234 5
-0.09907 -0.01036 -0.30277 0.48691 2.93421 -0.46317 -0.00458 -0.47728 5
-0.09547 -0.24533 -0.28366 -0.40825 -0.41082 -1.02244 0.21730 1.53284 5
-0.07066 -0.22161 0.44974 -0.04905 -0.41082 -0.01687 -0.04579 0.79580 5
-0.09667 0.01674 -0.43243 0.06008 2.29184 -0.32331 -0.69864 0.02525 5
-0.10148 -0.24533 0.04798 0.58668 -0.41082 -1.23406 0.39489 -1.48234 5
-0.05246 -0.24533 0.39308 -0.54335 -0.39763 -0.04318 -0.07963 0.02525 5
-0.09683 -0.08438 -0.43408 -0.00855 -0.41082 0.56467 -0.09987 0.32677 5
-0.05931 -0.19139 -0.61988 -0.74523 -0.41082 0.14579 0.35090 0.45599 5
-0.08689 -0.00607 -1.47520 -1.02938 -0.41082 -0.00335 0.41731 -0.55459 5
-0.11158 -0.24533 -0.38834 0.38812 -0.22259 1.16425 0.08131 -1.48234 5
-0.11022 -0.15704 0.41888 0.91180 -0.37236 -1.23406 -0.43728 -1.48234 5
-0.07919 -0.22414 -0.51543 -1.10399 -0.41082 0.11801 0.70233 0.67136 5
-0.08998 -0.17196 -0.34112 0.76540 -0.41082 0.56467 0.63984 0.52778 5
-0.06785 -0.10780 -0.07614 0.03549 -0.38780 0.11079 0.24734 0.47753 5
0.27399 -0.06255 -0.55329 -0.50898 2.20513 -0.42715 0.36841 -0.18033 5
-0.09422 -0.22984 0.61622 0.45179 -0.41082 0.67048 -0.59948 0.19276 6
-0.10973 -0.24533 0.03074 0.64856 -0.41082 1.84948 0.06666 -0.47728 6
-0.11330 -0.17380 -0.08462 1.46573 -0.41082 -0.57997 -0.68738 -1.48234 6
-0.08545 -0.24533 0.15194 -0.50982 -0.41082 -0.17251 0.55293 -0.47728 6
-0.09983 -0.24533 -1.03670 1.29586 -0.41082 -1.23406 -0.55602 -1.48234 6
-0.10998 -0.14840 1.07664 -0.14904 -0.41082 0.07411 -0.00866 -1.48234 6
-0.08557 -0.17055 0.16419 -0.08041 3.29491 -0.38760 0.01435 0.40215 6
-0.11162 -0.13197 0.68019 0.59682 -0.41082 -1.23406 0.38432 -1.48234 6
-0.09278 0.72604 -1.56545 0.24511 -0.41082 -0.37067 0.80452 0.77905 6
-0.04232 -0.22065 -0.05383 -0.06294 -0.40321 -0.00250 -0.16790 0.42198 6
-0.08569 -0.18234 0.33079 1.28563 -0.40185 0.97976 -0.11302 -0.57779 6
-0.07535 -0.23632 0.94102 0.31216 -0.41082 -0.55346 -0.55248 0.67136 6
-0.03182 -0.09260 -1.64392 -1.25696 -0.35405 0.61606 0.73481 0.49056 6
0.02369 -0.14534 -1.39513 -2.01049 -0.41082 -0.42715 0.14317 0.27652 6
-0.07150 -0.24533 1.47308 0.56718 -0.39840 -0.23476 0.10056 -0.27627 6
-0.05591 -0.20626 0.14441 -0.78496 -0.41082 -0.21698 0.65114 -0.47728 6
-0.08396 -0.11742 0.80046 0.17351 -0.39381 2.36340 -1.11893 0.59369 6
-0.05887 -0.19563 0.45065 -0.53558 -0.37669 -0.23223 0.33421 -0.11180 7
-0.11054 -0.24533 0.13025 0.42031 -0.29027 -1.23406 -0.37973 -1.48234 7
-0.01659 0.00938 -0.70392 -0.77281 -0.39664 -0.10462 0.56539 0.08109 7
-0.11735 -0.24533 0.01371 3.25298 -0.41082 1.16425 1.34713 1.53284 7
0.00125 -0.06621 -1.21910 -0.86036 -0.40358 -0.67902 0.89387 0.63945 7
-0.09438 -0.24533 0.24576 -0.43534 -0.41082 -0.18114 0.73325 -1.48234 7
-0.11258 0.19313 -0.01565 0.45580 -0.41082 -1.23406 1.26248 -1.48234 7
-0.01046 -0.04107 0.00989 -1.46787 0.66674 -0.62432 -0.69023 0.05875 7
-0.08376 -0.22399 -0.50952 -0.06565 -0.41082 0.20493 0.79573 0.02525 7
0.55251 0.09740 0.82962 0.05317 1.12654 -0.07444 0.10139 -0.07069 7
-0.02208 0.16900 -1.01670 1.32145 -0.31185 -0.12715 -1.60878 -0.57779 7
-0.10136 -0.09394 0.41672 0.97236 -0.35810 -1.10032 -0.72618 0.92980 7
0.31744 -0.15298 -2.64666 -0.27056 -0.39896 0.01283 -0.82635 0.15843 7
-0.05146 -0.15517 1.04211 0.49217 -0.40216 0.13207 0.30995 -1.28133 7
-0.08585 -0.08314 0.02229 0.02009 -0.41082 0.09833 -0.56845 0.02525 7
-0.10100 -0.15688 -3.31032 -1.23713 -0.30766 0.92442 0.83592 -0.07526 7
-0.10497 -0.13331 0.63620 0.86710 -0.41082 -1.23406 0.47696 -1.48234 7
-0.06352 -0.03301 -0.35961 -0.60641 0.33567 -0.80713 -0.36542 0.02525 8
0.13295 -0.00140 -0.08762 -1.18931 -0.40052 -0.82551 1.20310 -0.30977 8
-0.11418 -0.24533 4.38419 -2.80603 -0.41082 -1.23406 -3.39815 -1.48234 8
-0.11583 -0.04742 0.81732 0.51268 -0.25533 1.16425 0.52330 -1.48234 8
-0.08949 -0.00629 1.43751 -0.03977 -0.35995 1.56396 0.02424 -0.19012 8
0.23419 -0.11233 -0.51771 -0.95407 -0.32934 -0.68914 0.52359 0.47194 8
-0.01470 0.19533 -0.66684 0.33125 -0.40246 0.34531 -0.66962 -0.47728 8
0.23592 0.03380 0.90379 1.66825 -0.33623 1.14852 0.39557 0.01032 8
-0.01102 -0.06654 1.41670 0.65189 -0.06677 -0.46317 -0.19330 -0.72854 8
-0.02569 1.00946 -0.59793 3.09819 0.94177 -1.23406 -1.16360 -1.48234 8
0.13135 0.51076 1.04638 1.89732 -0.31296 3.10503 -0.57615 -0.15935 8
0.04698 0.02017 1.34748 1.84984 -0.36729 1.35459 0.82779 -0.72854 8
0.21239 0.00637 0.27682 -0.54596 -0.30833 -0.44410 -1.54446 -0.00267 8
0.00413 0.04814 1.00749 1.48448 -0.03425 -0.03490 -0.11319 -0.40549 8
-0.11547 -0.24533 -0.12514 1.58615 -0.28077 2.36340 0.60357 1.53284 8
-0.07134 -0.14071 -0.72816 -0.91048 -0.41082 -0.70704 -1.74067 -0.69577 8
-0.11022 -0.16006 0.99387 1.95917 -0.33391 3.56255 0.05930 0.02525 8
0.08995 -0.04541 0.65299 0.06514 -0.39701 1.74162 -0.13435 -0.22226 9
-0.02172 -0.01459 -2.75203 -2.06986 -0.10010 -0.56786 1.30756 0.32677 9
-0.05663 -0.22643 -0.72241 -0.90040 0.41574 -0.83434 0.87676 0.32677 9
0.35480 -0.09546 1.44290 -0.31473 0.12131 0.73219 1.11867 -0.50535 9
-0.10316 -0.15928 1.42084 1.76515 -0.41082 3.08289 1.69133 1.53284 9
-0.09242 -0.21527 0.31729 -0.27580 -0.39946 -0.68483 0.30447 -0.57779 9
0.03520 1.21761 0.74123 0.65703 1.01443 0.48079 -0.34960 0.28744 9
-0.07567 -0.15010 1.33844 2.37821 -0.39034 2.52692 1.47799 0.22189 9
-0.01046 -0.09265 -0.28696 -0.64965 -0.40012 -0.36571 0.53136 0.52778 9
-0.11707 -0.24533 2.12523 3.25298 -0.41082 -1.23406 2.57739 -1.48234 9
-0.04144 -0.08603 0.47766 -0.40416 0.29992 0.08209 1.22923 -0.27627 9
-0.08416 -0.11600 0.00228 -1.27048 -0.39371 -0.56476 1.01837 1.53284 9
-0.09174 -0.05297 0.69441 1.30470 -0.36660 -0.09802 -0.53492 -0.97981 9
-0.08565 -0.11046 1.58685 -0.44731 -0.40186 -0.85944 -0.26338 -0.95025 9
-0.09783 -0.13827 1.21746 0.17398 -0.41082 -1.04957 -0.63931 -0.38591 9
-0.08753 -0.09963 1.43419 -2.21768 -0.40131 -1.23406 0.27167 -1.48234 9
0.51760 -0.05187 -0.77731 -0.44585 -0.18112 -0.82947 0.40183 -0.12551 9
-0.03647 0.06775 1.67801 1.49391 -0.37551 1.59471 2.54108 -0.43358 10
0.04389 0.81389 3.64101 -3.72331 0.33264 -0.68761 -1.20212 -0.87930 10
1.12686 0.21260 1.16448 -0.48847 -0.30417 -0.03079 0.41363 -0.01341 10
0.04566 0.26951 1.02092 0.83174 -0.33359 1.05883 2.04265 -0.13071 10
0.04742 -0.04530 1.24123 -0.06884 -0.40213 0.02220 -0.04438 -0.52296 10
-0.03567 -0.17374 -0.16576 0.14448 -0.38984 -0.67583 1.22638 0.52778 10
0.58125 0.62671 0.80601 -0.87854 -0.31566 -0.35704 0.19031 -0.42607 10
-0.11422 -0.24533 1.10052 1.78724 1.08622 5.96086 3.23699 -1.48234 10
0.00634 0.06782 0.91179 0.87887 -0.37152 1.00587 1.06625 0.34504 10
1.04630 0.58659 0.63056 -0.41873 -0.33422 0.08025 0.37883 0.13724 10
0.02886 0.75257 1.01681 1.92085 -0.32474 1.53322 2.13452 0.02525 10
-0.08977 1.17023 1.96618 -0.15521 -0.36971 1.09943 -0.69857 -1.48234 10
-0.06492 1.20284 1.69944 -0.44782 -0.26407 1.81833 -0.07415 -0.83623 10
0.57059 1.59583 2.05293 0.06714 -0.31918 1.62718 0.70523 -0.61834 10
0.28734 2.13095 2.16189 -1.00986 -0.30606 0.43918 0.73147 -0.33657 10
0.13780 0.24067 1.17812 1.00928 -0.39623 2.15011 2.68747 -0.39282 10
-0.09627 2.45353 1.39491 2.13708 -0.38403 1.31414 3.71273 0.46866 10
