-0.11747 -0.24533 1.44872 -1.33079 -0.41082 -1.23406 -1.28913 -1.48234 1
-0.11579 -0.24533 -0.73533 -0.64810 -0.41082 0.20493 0.85283 1.53284 1
-0.10873 -0.24533 -0.59019 1.24886 -0.41082 -0.86821 -1.75265 0.02525 1
-0.11338 -0.24533 -0.90917 -1.24511 -0.41082 0.28066 0.07607 0.77905 1
-0.11675 -0.24533 0.26484 -0.73291 -0.41082 -0.03490 -0.91253 -1.48234 1
-0.11587 -0.24533 0.92255 0.96109 -0.41082 -0.51457 -0.98495 1.53284 1
-0.10953 -0.24533 -1.16034 -1.03725 -0.41082 0.03563 0.40561 -0.47728 1
-0.09086 -0.20186 -0.44809 -0.24137 -0.41082 -0.36659 -1.26267 1.17811 1
-0.11575 -0.24533 -0.29700 1.10434 -0.26181 0.36481 -0.56069 1.53284 1
-0.11659 0.08001 0.37836 1.13086 -0.41082 1.64391 0.63314 0.02525 1
-0.11747 -0.24533 0.75232 3.25298 -0.41082 -1.23406 1.01760 -1.48234 1
-0.11675 -0.24533 0.12438 1.75827 -0.41082 -1.23406 -1.05652 -1.48234 1
-0.09374 -0.16212 -0.99537 -0.83556 -0.41082 1.85849 0.34050 1.28670 1
-0.10809 -0.24533 -1.17458 -0.82255 -0.41082 -0.89144 0.05797 1.53284 1
-0.11038 -0.24533 -0.64830 -0.83967 6.19149 -0.15482 -0.51733 0.52778 1
-0.10873 -0.24533 -0.78362 -0.29276 3.69465 0.50265 -0.09394 1.53284 1
-0.09262 -0.24533 -0.68995 0.31937 -0.39937 -0.97710 -0.89645 1.53284 1
-0.11150 -0.24533 0.83723 -0.76526 -0.41082 -0.81083 -0.77713 1.53284 1
-0.11330 -0.24533 -0.57951 -0.00612 1.29528 -0.75440 -0.54652 -1.48234 2
-0.10885 -0.22052 -0.99079 1.42989 -0.41082 -1.23406 -2.71153 -1.48234 2
-0.10825 -0.20805 -0.91904 0.13211 3.91112 0.00644 -0.74055 0.92980 2
-0.10721 -0.19975 -1.05538 -1.66447 -0.41082 -0.31163 -0.18658 0.32677 2
-0.11543 -0.24533 -1.64758 -2.68136 -0.41082 -0.51457 -0.88114 1.53284 2
-0.11611 -0.24533 0.61749 -0.27300 -0.41082 0.36481 -1.13406 0.77905 2
-0.11366 -0.24533 -0.52291 0.73190 -0.41082 -0.43462 -0.78915 0.02525 2
-0.11575 -0.24533 -0.40348 0.14938 -0.41082 -1.23406 0.15453 -1.48234 2
-0.11186 -0.24533 -0.03525 0.24982 -0.41082 1.64391 0.12168 -1.48234 2
-0.09979 -0.24533 -1.62763 -0.44693 -0.37874 -0.82526 -0.71523 0.32677 2
-0.09923 -0.24533 -0.67333 0.61233 1.76603 0.12151 0.08317 -0.55459 2
-0.10849 -0.07198 -1.16676 -3.20233 -0.41082 -0.72672 -1.45505 0.98463 2
-0.10853 -0.24533 -1.12832 -1.27048 3.13406 -1.23406 -0.03903 -1.48234 2
-0.10757 -0.20646 -1.40344 -1.20346 -0.41082 -0.40388 0.56062 0.02525 2
-0.05318 0.74975 -1.38976 2.85414 0.44713 -1.20711 -1.65986 -1.48234 2
-0.11607 -0.24533 0.58983 0.67461 -0.41082 -1.23406 0.58176 -1.48234 2
-0.08998 -0.23156 0.19754 -0.17987 -0.40047 -0.19383 -0.55684 1.53284 2
-0.10601 -0.21230 -0.25383 0.45704 -0.33708 -0.89144 -0.42706 1.53284 2
-0.11194 -0.24533 -0.33014 0.52836 -0.41082 -0.78438 -0.00728 1.53284 3
-0.09747 -0.22574 -1.30781 -0.97609 -0.41082 0.84868 0.07029 0.98463 3
-0.11018 -0.24533 0.39462 -0.05616 -0.41082 -0.43462 0.69836 0.02525 3
-0.11314 -0.16428 0.29312 0.10924 -0.34752 2.36340 -1.15895 1.53284 3
-0.02777 -0.18248 -0.65631 -1.08454 -0.40763 0.14275 -0.18920 -0.21791 3
-0.08300 -0.24533 -1.34693 -0.36369 3.07034 0.03889 -0.44921 1.00846 3
-0.11078 -0.24533 -0.92522 -1.81049 -0.41082 -0.30568 -1.28913 0.02525 3
-0.11539 -0.24533 -0.26982 1.04151 -0.41082 -1.23406 0.51947 -1.48234 3
-0.04521 -0.16006 -1.62060 -0.03654 3.60851 -0.37496 0.10699 0.21370 3
-0.11627 -0.24533 -2.62170 1.28850 -0.41082 1.16425 -0.34008 1.53284 3
-0.11026 -0.24533 -0.80832 0.71332 -0.41082 -0.70110 -0.94115 0.02525 3
-0.11222 -0.17918 -0.12759 -0.20170 -0.41082 -1.23406 0.50832 -1.48234 3
-0.07062 -0.18062 -0.72307 -0.13409 -0.40472 -0.32466 -0.23856 0.55734 3
-0.11438 0.18067 -0.06962 1.15674 -0.41082 -0.33469 -0.34761 -1.48234 3
-0.10653 -0.24533 -0.30162 0.82094 0.38676 -0.85538 -0.41422 1.53284 3
-0.11539 -0.24533 0.07506 -0.76787 -0.41082 -1.23406 -0.10281 -1.48234 3
-0.11478 -0.24533 0.15132 -1.68094 -0.41082 -0.72013 0.46838 -1.48234 3
-0.10577 -0.24533 -0.65046 -1.53143 -0.38673 0.36481 0.13645 0.77905 3
-0.10917 -0.20460 -0.09053 0.17191 -0.34334 -0.26177 -0.37523 0.32677 4
-0.08949 -0.22053 -0.70885 0.31884 -0.29890 0.32484 -0.90621 1.06897 4
-0.11575 -0.24533 -1.79305 1.10434 3.16543 5.96086 -0.57358 1.53284 4
-0.10773 -0.24533 -0.09547 -0.12016 -0.41082 -1.23406 0.23341 -1.48234 4
-0.09246 -0.18275 -0.13915 -0.50003 -0.39945 -0.77481 1.00787 -0.47728 4
-0.05915 1.28138 -0.62428 0.37242 0.04969 -0.22743 -0.97375 1.03855 4
-0.10008 -0.24533 -0.07357 -0.29709 -0.41082 -0.41178 -0.67532 0.77905 4
-0.09559 -0.22756 -0.72763 -1.19769 -0.37187 -0.08593 -0.49825 -0.47728 4
-0.11575 -0.24533 1.48754 -1.52178 -0.41082 -1.23406 -2.60727 -1.48234 4
-0.11486 -0.24533 0.55635 0.79739 -0.41082 -1.23406 -0.34406 -1.48234 4
-0.10994 -0.08629 -0.43809 -0.60641 -0.41082 -0.06279 -1.25645 0.24062 4
-0.10196 -0.22115 0.18045 -0.31347 -0.37432 -0.43462 0.33941 0.02525 4
-0.10965 -0.24533 -0.26479 0.44542 -0.37505 1.38228 -0.15338 0.77905 4
-0.10044 -0.20311 -0.02245 0.58800 -0.41082 0.36481 -0.39456 0.59060 4
0.03415 -0.12340 -1.01314 -0.37423 0.76742 1.12394 -0.16518 0.63086 4
-0.11523 -0.24533 -1.79684 1.18652 -0.41082 0.56467 0.52330 1.53284 4
-0.09799 -0.24533 -0.90257 -1.18142 -0.41082 -0.93427 -0.41381 1.53284 4
0.07295 -0.12449 -0.96794 0.03393 3.21656 -0.18514 -0.24398 0.07236 4
-0.08785 -0.19598 -0.29912 0.00306 -0.23777 1.54045 -0.92845 0.91958 5
-0.10817 -0.24533 -0.38393 0.83538 -0.38064 -1.23406 0.12836 -1.48234 5
-0.11543 -0.24533 -0.49778 0.38812 -0.41082 -0.72013 -0.31372 1.53284 5
-0.10905 -0.20840 -0.31513 1.76059 -0.41082 0.36481 -0.79751 0.02525 5
-0.10072 -0.24533 0.67051 0.35426 0.89117 -0.33469 -0.76188 0.92980 5
-0.09154 -0.23121 0.69374 0.42327 -0.41082 0.79528 -0.19158 0.16230 5
-0.03551 -0.19248 -0.35716 -0.68235 -0.40384 -0.50797 -0.08107 -0.11180 5
-0.10861 -0.24533 -0.27563 -1.00628 -0.41082 0.03563 0.84881 1.03031 5
-0.09771 -0.03479 0.45586 -1.62533 0.02006 -0.47670 -1.02212 -0.27627 5
-0.11162 -0.18183 -0.84307 0.97627 -0.41082 -0.53211 -1.33760 0.02525 5
-0.08172 -0.21576 -0.22709 -0.19635 -0.13971 -0.54413 1.26605 1.10210 5
-0.08292 -0.23374 0.12726 -0.43466 -0.36957 -0.44711 0.69700 0.67136 5
-0.11262 -0.10522 0.24039 0.52454 -0.41082 -0.92123 1.27702 1.53284 5
-0.09979 -0.24533 0.70468 0.83776 -0.33063 0.42631 -0.19069 0.52778 5
0.24814 -0.13510 -0.28783 -0.91796 -0.38339 -0.52357 0.56581 0.17389 5
-0.11442 -0.24533 -0.73603 0.28202 -0.41082 -1.15291 -0.90279 -0.47728 5
0.03055 -0.20741 -0.57471 -0.06276 3.03971 0.63662 -0.09218 0.06391 5
-0.11394 -0.24533 -2.83461 1.40468 -0.41082 -1.23406 1.02951 -1.48234 5
0.03832 -0.19396 -0.28618 0.12313 1.89739 0.12126 -0.01786 0.60223 6
-0.10745 -0.12115 -0.30930 1.18579 -0.41082 -1.23406 0.51180 -1.48234 6
-0.08032 -0.23544 0.08191 0.05614 -0.35710 0.10453 -0.21319 0.02525 6
-0.05402 -0.23280 -0.26199 -0.18918 -0.26218 0.06788 -0.14205 -0.05410 6
-0.07082 -0.20291 -0.58633 0.58663 -0.22114 -0.21478 -0.57806 -0.41816 6
-0.10497 -0.24533 0.38129 0.68636 -0.38825 0.07411 0.41579 1.53284 6
-0.09218 -0.24533 0.76207 0.74848 -0.39957 -0.00566 -0.57113 0.67136 6
-0.09290 -0.11562 0.89396 1.10202 -0.41082 0.42631 -0.17456 0.52778 6
-0.06673 -0.02460 -0.72442 -0.47066 -0.38268 -0.25611 -0.77036 -0.40549 6
0.01748 -0.09140 0.16892 -1.07659 -0.39809 -0.06097 0.67592 0.22626 6
0.14714 -0.04271 0.40773 0.18303 0.02113 -0.01148 0.59909 -0.13071 6
-0.03955 -0.19935 -0.00632 0.36607 -0.26035 0.04399 -0.15018 -0.47728 6
-0.11623 -0.24533 -1.18541 2.29803 -0.41082 -1.23406 -2.38000 -1.48234 6
-0.11715 -0.24533 -0.71012 -1.15449 -0.41082 -1.23406 0.95169 -1.48234 6
0.15131 -0.14740 -1.57993 -1.74846 0.86386 0.64102 -0.43734 0.12804 6
-0.11370 -0.24533 -0.48236 0.01193 0.74514 -1.23406 0.30172 -1.48234 6
0.44269 -0.15448 0.19159 -0.31657 -0.37091 -0.28466 0.14074 0.05481 6
0.05952 0.57299 -0.19415 -1.85335 -0.31213 -0.39060 -0.82932 -0.06612 7
-0.11603 -0.24533 0.11137 -0.10100 1.50815 -1.23406 0.22872 -1.48234 7
-0.11154 -0.24533 -1.01577 1.30562 -0.36407 -1.23406 -0.59656 -1.48234 7
-0.10024 -0.14135 0.23581 -0.01362 -0.39437 -0.57997 1.16190 0.52778 7
-0.08713 -0.22457 0.32279 1.28292 -0.14800 -0.92789 -0.38514 -1.48234 7
-0.11486 -0.24533 -0.35982 0.79739 -0.41082 -1.23406 1.72374 -1.48234 7
-0.08348 -0.18772 0.91221 -0.36084 -0.41082 -1.06965 -0.42850 0.81494 7
0.09283 0.00933 -2.44807 -2.04908 1.60746 -0.83592 0.48898 -0.51317 7
-0.11086 -0.24533 1.09734 0.21960 -0.41082 -0.57997 0.19151 1.53284 7
0.00093 -0.00357 0.57120 -0.13954 -0.07966 1.33555 -0.70144 0.17601 7
-0.07414 -0.22121 0.90447 0.81548 -0.39106 0.72819 -0.07843 0.24062 7
-0.08380 -0.06004 0.80870 -0.21875 -0.36849 -0.69105 0.43411 0.77905 7
-0.09811 -0.22676 0.20653 0.22374 -0.41082 0.01723 1.16425 0.02525 7
-0.00717 0.06505 -0.21337 -1.56023 -0.40303 -0.67142 -0.75986 -0.53819 7
-0.09599 -0.20672 0.37264 -0.91986 -0.37115 -0.48976 -0.35607 0.52778 7
-0.05410 -0.21370 0.39913 0.81803 -0.41082 0.37674 0.18414 0.52778 7
0.08814 -0.01576 1.06840 0.69999 -0.25621 0.23039 0.14116 -0.56468 7
-0.06364 3.30029 -1.12491 1.79930 -0.41082 -0.38760 -1.47969 0.52778 8
-0.06517 0.13342 -1.15004 1.07481 -0.40536 0.75311 1.37769 -0.23468 8
-0.08132 0.25683 1.56705 -0.68896 -0.28464 -0.43462 0.34882 -0.72854 8
-0.06577 -0.23886 0.44779 0.00540 -0.40529 -0.68060 -0.04477 1.53284 8
-0.05238 -0.10189 -2.10548 -2.55763 -0.35813 -0.36681 0.26776 -0.14226 8
-0.10537 1.07516 -0.76805 2.76772 0.42791 -1.23406 -0.49825 -1.48234 8
-0.11482 -0.24533 -1.65315 1.15477 -0.41082 -0.57997 -0.28917 1.53284 8
-0.10004 0.36159 0.22583 0.70065 1.11722 0.50265 -0.32697 1.10210 8
-0.09438 -0.16970 0.69767 0.07748 1.17726 1.16425 0.27110 -0.14226 8
-0.00629 -0.11030 0.56709 0.88192 -0.13028 -0.23539 -0.36232 -0.24886 8
-0.07274 -0.17389 0.58059 0.86091 -0.39806 0.01723 1.07857 -1.48234 8
2.51573 0.12442 0.50370 -1.77812 1.07383 -0.41785 -0.15410 -0.66659 8
-0.11410 -0.24533 0.82304 -1.38229 -0.33045 -0.33469 0.09278 -1.48234 8
-0.09539 -0.12827 -0.52660 -0.10653 -0.39795 -0.42173 1.04438 -0.19012 8
-0.10168 -0.24533 0.61110 0.55326 -0.41082 1.64391 -0.87288 -1.48234 8
0.06946 0.07407 0.04845 -0.12177 -0.39090 -0.58807 0.24199 -0.65057 8
0.16049 0.04017 0.03918 -0.74626 1.07224 -0.14116 1.30261 -0.08642 8
0.63311 -0.03679 0.20372 0.34285 0.29099 1.14661 0.06523 0.39377 9
0.24590 0.43833 0.97269 0.44087 0.42894 0.66090 -0.52375 -0.39876 9
-0.07126 0.33766 0.66169 -2.41736 -0.36140 -1.02712 0.59693 0.60509 9
-0.03755 -0.04710 0.50995 0.37522 -0.40724 1.20825 0.66170 -0.91190 9
-0.09470 -0.22861 -0.85568 -1.06680 -0.41082 -0.43462 0.17023 1.15594 9
-0.09579 -0.05082 0.58384 -1.59524 -0.41082 -1.10260 -0.48815 -0.67829 9
0.92887 1.28355 -0.05027 0.28137 -0.31796 0.12490 -0.17122 -0.71707 9
-0.10917 -0.19931 1.06786 -0.47674 -0.41082 0.64288 0.51321 0.02525 9
1.32186 0.07306 1.14541 0.91043 -0.39409 0.56219 0.59620 -0.41620 9
-0.08941 -0.13325 0.99057 0.96109 -0.41082 -0.60841 1.72727 1.53284 9
-0.06745 0.55991 -1.72879 2.90544 2.27779 -1.23406 -1.83190 -1.48234 9
0.19700 0.05950 1.00706 1.40949 -0.36618 1.51361 1.30432 -0.39439 9
-0.05418 -0.22571 -0.59434 0.12768 6.49784 -1.20090 1.45931 -1.48234 9
-0.11390 0.01189 1.79064 2.39962 -0.41082 2.87732 1.01363 -1.48234 9
-0.05082 0.00679 2.68853 -0.75232 -0.29933 -0.56129 0.19612 -0.14226 9
-0.07759 -0.11441 1.01711 0.62877 -0.38936 0.75075 0.92942 1.15594 9
-0.09731 0.01043 1.48879 -0.69466 -0.39674 -0.79947 -0.77237 -0.14226 9
1.05865 0.17559 0.67342 -0.28844 -0.33356 -0.17362 0.32319 -0.29029 10
-0.03655 -0.16615 -0.37065 -0.14975 -0.40728 -0.63169 0.03047 -0.64479 10
-0.05222 0.19347 0.84858 1.54775 0.08850 0.66649 1.15638 0.24062 10
0.06369 -0.11588 0.54338 -0.24943 -0.36656 -0.19714 0.80311 0.48676 10
0.08265 0.46330 -0.90447 1.48064 0.27753 -0.54585 -2.38968 -0.79707 10
-0.11667 -0.24533 2.87587 1.41947 -0.41082 -0.03490 0.52330 -1.48234 10
-0.11611 -0.24533 -0.91904 0.90233 -0.22742 -1.23406 3.61725 -1.48234 10
0.10486 -0.01394 1.04690 1.60176 -0.38634 1.26852 0.96061 -0.50241 10
0.08698 0.62329 1.23069 -0.65211 -0.24692 0.89777 2.19339 -0.52296 10
0.06474 0.22515 1.61343 -0.63230 -0.14050 0.68175 -0.29502 0.12576 10
-0.07779 -0.10057 0.27431 0.44283 -0.37487 -0.83154 0.93222 0.68482 10
-0.09314 -0.17056 1.17288 1.77374 -0.39913 0.20493 1.55202 -0.72854 10
-0.03675 0.00375 0.72114 1.34591 -0.38956 2.01071 1.99744 0.61518 10
-0.04521 1.41892 0.63059 1.19941 -0.40686 0.24182 1.04687 0.40215 10
-0.03494 3.43170 0.65186 0.16049 -0.29993 0.13050 0.29029 0.57346 10
-0.06881 -0.23491 -1.77967 0.05675 -0.40495 -0.47775 -0.10784 0.43884 10
-0.08969 0.34394 1.70784 2.38285 -0.40057 2.19209 3.86692 -0.57779 10
