-0.10741 -0.24533 -1.42730 -0.59667 -0.41082 -0.22677 -0.76558 1.10210 1
-0.11178 -0.24533 -1.12040 -0.72274 -0.41082 0.67048 -0.41783 1.19782 1
-0.10292 -0.22147 -0.67632 0.48154 1.37731 0.59322 -0.75016 0.96749 1
-0.11442 -0.13331 -0.20424 0.14054 0.11900 0.56467 -0.63007 0.02525 1
-0.11094 -0.24533 -0.40146 -0.63504 -0.41082 0.47902 -0.52601 1.53284 1
-0.11050 -0.24533 -1.06520 -1.03630 -0.41082 -0.57997 -0.84212 -0.47728 1
-0.11266 -0.24533 -0.54434 -0.04734 -0.41082 0.02505 -0.93763 0.67136 1
-0.11739 -0.24533 1.57334 1.61592 -0.41082 -1.23406 0.68807 -1.48234 1
-0.11086 -0.17805 -1.54284 -1.06116 -0.41082 -0.90702 0.32080 -1.48234 1
-0.11006 -0.24533 0.28321 -0.60704 -0.41082 -1.01603 0.17124 -1.48234 1
-0.11382 -0.24533 1.14790 0.50749 -0.41082 0.39060 -0.80526 0.67136 1
-0.10973 1.01449 -0.63063 -0.04595 -0.41082 -0.63448 0.27928 -1.48234 1
-0.11442 -0.24533 -0.41763 -1.55715 -0.41082 0.36481 0.56922 1.53284 1
-0.11503 -0.24533 0.57561 0.47494 -0.30245 0.36481 0.02900 0.02525 1
-0.11639 -0.24533 1.01822 -1.04430 6.07113 -1.23406 -1.34406 -1.48234 1
-0.11226 -0.24533 -0.56151 0.79132 -0.41082 0.30771 -1.79789 0.52778 1
-0.10805 -0.24533 -0.62718 -0.18485 -0.08299 -0.35305 -0.92179 1.53284 1
-0.10657 -0.17945 -0.87306 0.31573 -0.41082 -1.23406 -1.23472 -1.48234 1
-0.11575 -0.24533 -0.00836 -1.99926 -0.41082 -1.23406 -0.56416 -1.48234 2
-0.11358 -0.24533 -0.78861 -1.80265 -0.41082 0.02505 -0.49825 1.10210 2
-0.11486 -0.11555 -0.05216 -0.02114 -0.41082 -0.83434 -0.21266 1.53284 2
-0.11611 -0.24533 0.61749 -0.27300 -0.41082 0.36481 -1.13406 0.77905 2
-0.11523 -0.24533 0.10235 -0.12849 -0.41082 -1.23406 0.07782 -1.48234 2
-0.11278 -0.24533 0.31696 0.15330 -0.17631 0.89777 0.70099 0.77905 2
-0.11599 -0.24533 -0.09547 -0.83967 -0.41082 -1.23406 -0.02170 -1.48234 2
-0.11270 -0.24533 0.37836 -0.62844 -0.41082 -0.48976 -0.24561 1.53284 2
-0.08905 -0.12291 -1.32638 -1.94709 -0.39078 0.00143 -0.08267 1.53284 2
-0.11643 -0.24533 -0.91904 1.03502 -0.41082 3.56255 -0.97278 -1.48234 2
-0.10917 -0.15704 -0.22808 -0.15242 -0.41082 -0.60841 -1.01044 1.53284 2
-0.11242 -0.24533 0.33448 0.62868 -0.41082 -1.23406 -0.49825 -1.48234 2
-0.11438 -0.24533 -0.69297 -0.79974 -0.41082 3.56255 0.48093 1.53284 2
-0.11026 -0.24533 -0.04572 0.71332 -0.41082 -0.60841 -1.08635 -1.48234 2
-0.06244 -0.20295 -0.96271 -0.33121 -0.04748 0.03390 -0.67126 0.27067 2
-0.11242 -0.17548 -1.14885 -0.59599 -0.41082 0.49272 -0.79682 0.52778 2
-0.11438 0.64960 -0.81609 1.99524 -0.41082 -1.23406 -2.39352 -1.48234 2
-0.10797 -0.24533 -0.25218 -0.72467 -0.38126 -1.23406 0.02900 -1.48234 2
-0.11434 -0.24533 -1.22059 0.62974 -0.41082 0.20493 -1.26854 1.53284 3
-0.08741 -0.20280 -1.38270 -1.17901 -0.41082 -0.62604 0.15206 1.03031 3
0.04774 -0.22074 -0.19518 -0.82599 1.37427 -0.01525 -0.36704 0.94926 3
-0.11374 -0.24533 0.83419 0.79739 -0.41082 -0.51457 -0.78216 0.02525 3
-0.10769 -0.20582 -1.34847 -0.15263 -0.41082 0.82163 -0.22020 0.77905 3
-0.11082 -0.24533 0.20579 -0.16474 -0.41082 -0.72013 0.04706 1.53284 3
-0.09731 -0.24533 -0.59938 -0.40140 -0.34042 -0.71269 -0.30493 1.53284 3
-0.09054 -0.13413 -0.87153 -1.09720 -0.41082 -0.17792 0.36489 0.40215 3
-0.11142 -0.24533 -0.52926 -0.78720 -0.41082 -0.38760 1.51054 -1.48234 3
-0.10745 -0.24533 0.00021 -0.47695 -0.38277 -0.75440 -0.54913 -1.48234 3
-0.11523 -0.24533 -0.17133 0.05937 2.63779 -1.23406 -0.07240 -1.48234 3
-0.11671 -0.24533 -0.39287 -0.08935 -0.41082 -1.23406 -0.56416 -1.48234 3
-0.11450 -0.24533 0.01063 -1.38881 0.13241 0.20493 -0.53592 -1.48234 3
-0.11106 -0.24533 -0.49181 1.03054 -0.36747 -0.63448 0.14317 -1.48234 3
-0.10745 -0.24533 -0.93693 -0.25226 -0.41082 0.10737 -0.72634 0.71052 3
-0.11230 -0.01325 0.66975 -0.93741 -0.09056 -1.04472 -1.30483 1.53284 3
-0.11078 -0.24533 0.71621 0.52137 -0.41082 -0.81083 -0.07860 1.53284 3
-0.11374 -0.24533 0.07061 -0.02114 -0.41082 -0.03490 0.17729 1.53284 3
-0.11130 -0.24533 -0.03043 0.29803 -0.41082 -0.63448 -0.05338 1.53284 4
-0.10629 -0.21601 -0.34902 0.87232 -0.36045 0.40115 -0.37530 -0.27627 4
-0.10925 -0.24533 0.38671 0.36084 -0.41082 -0.51457 -0.37287 1.53284 4
-0.10416 -0.24533 -0.68838 0.09059 -0.41082 -0.96758 -0.17173 1.53284 4
-0.10132 -0.12799 0.13382 -0.34213 -0.41082 0.20493 0.38254 0.92980 4
-0.03242 -0.23142 -1.13038 -1.92989 -0.38055 -0.19843 0.48458 0.73937 4
-0.10517 -0.15046 -0.76140 -0.64029 -0.41082 -0.20621 -0.92371 0.32677 4
-0.10881 -0.24533 -0.94312 -0.22115 3.82890 -0.81083 -0.28440 0.02525 4
-0.11635 -0.24533 -1.55429 -3.34487 -0.41082 -1.23406 -0.55684 -1.48234 4
-0.11559 -0.07569 0.97517 0.60850 -0.41082 -1.23406 0.02900 -1.48234 4
-0.05871 -0.17679 -0.84251 -0.98490 -0.36219 -0.12715 -0.32119 0.67136 4
-0.04372 -0.16929 -0.67881 0.02943 1.91520 0.07733 -0.24334 0.63644 4
-0.10296 -0.22077 -1.18349 -0.89989 -0.39133 0.20493 0.35741 -0.47728 4
-0.11442 -0.24533 -0.05566 -0.00093 -0.41082 -0.51457 -0.11517 -1.48234 4
-0.11462 -0.24533 0.47953 -0.36579 -0.41082 -1.23406 -1.59807 -1.48234 4
-0.09775 -0.17298 -0.89019 -0.11337 -0.39643 1.99631 -0.67401 -0.52296 4
-0.11298 -0.16315 -0.05059 -0.07711 -0.41082 0.03563 -0.87288 1.53284 4
-0.10593 -0.24533 -0.04526 0.51523 -0.41082 0.56467 -0.48495 0.02525 4
-0.08949 -0.19445 -0.03256 0.09063 -0.39047 0.20493 0.03463 0.02525 5
-0.09831 -0.20758 -0.11724 0.35847 -0.39601 0.31324 -0.99160 1.23132 5
-0.11134 -0.24533 -1.02034 -1.09870 -0.41082 0.68459 -0.18441 0.77905 5
-0.10821 -0.17237 -0.12979 0.63091 -0.38051 -0.45623 -1.14268 0.77905 5
-0.08841 -0.12316 -0.77532 -1.03253 -0.41082 -0.16019 0.36262 -0.87930 5
-0.10084 -0.24533 0.03309 0.36084 -0.41082 0.11499 -0.26441 0.52778 5
0.07211 -0.22205 0.01152 -0.41355 -0.13892 -0.14803 -0.07848 0.49637 5
-0.08949 -0.17748 0.52056 0.23734 -0.39047 -0.33469 -1.71066 -0.72854 5
-0.10268 -0.24533 -0.27957 1.04689 -0.41082 -0.12715 -0.50854 1.10210 5
-0.10424 -0.16889 -0.28645 0.20853 -0.36812 0.36481 0.10341 0.02525 5
-0.09719 -0.22944 -0.09017 0.58435 1.31082 -0.33469 -0.29188 1.53284 5
-0.11050 -0.24533 -0.08336 0.50016 -0.41082 -0.47670 0.60019 0.02525 5
-0.10945 -0.24533 -0.69019 -0.04510 1.05457 -1.09298 -0.66935 -1.48234 5
-0.10432 -0.19196 -0.07037 0.56879 -0.41082 1.03802 -0.75502 0.02525 5
-0.11515 -0.24533 0.16125 -0.74872 -0.41082 -1.23406 0.75083 -1.48234 5
-0.11154 -0.01077 -0.28764 -0.26724 -0.41082 2.08667 -0.67714 -0.47728 5
-0.10985 -0.19523 0.92921 -0.15547 -0.41082 0.88209 0.78222 -0.87930 5
-0.06785 -0.10780 -0.07614 0.03549 -0.38780 0.11079 0.24734 0.47753 5
-0.07771 -0.24533 0.47112 0.32203 -0.41082 -0.24652 0.36120 0.24062 6
-0.10817 -0.20474 0.19401 -0.03496 -0.35046 1.96368 -0.19181 -0.72854 6
-0.09034 -0.06151 -1.44562 -0.35960 1.86498 -0.38760 -0.13940 0.27652 6
-0.05398 -0.14063 -0.13125 0.51974 -0.41082 -1.06275 0.56650 1.53284 6
-0.11190 -0.24533 0.77745 0.62686 -0.41082 4.52187 -0.54768 0.77905 6
-0.11659 -0.24533 -1.00261 1.13086 -0.41082 -1.23406 0.53114 -1.48234 6
-0.02765 -0.11943 -0.52155 -0.78792 -0.41082 -0.30410 0.02376 -0.05410 6
-0.05262 -0.16652 -0.15747 -0.29146 -0.38437 -0.72915 1.33412 0.02525 6
-0.11691 0.41439 2.56683 -3.98455 -0.41082 -0.33469 -3.13452 -1.48234 6
-0.10048 -0.10658 1.04756 -0.08601 -0.37747 -0.95733 -0.32762 1.53284 6
7.00088 0.04061 0.63031 -1.17782 1.46467 -0.38936 0.44409 -0.14946 6
-0.08128 -0.13572 -0.48100 0.27454 -0.41082 -0.72915 -0.48405 0.02525 6
0.01800 -0.07910 -0.10751 0.26033 0.15335 -0.46960 -0.29615 -0.59552 6
-0.11490 -0.24533 1.52899 0.59572 -0.30716 -0.20621 -0.23463 -1.48234 6
-0.10601 -0.24533 -0.27858 1.20525 -0.41082 1.76382 0.35410 0.32677 6
0.02918 -0.15112 -0.37796 -0.47196 -0.40691 -0.35816 0.79987 -0.83623 6
0.03648 -0.23340 0.55980 0.28235 0.54880 -0.05241 -0.07243 -0.74530 6
-0.10068 -0.22498 0.34295 0.46920 -0.41082 0.56467 -0.15439 1.53284 7
-0.11334 -0.16510 0.43282 1.44918 -0.27836 -0.51457 0.70979 1.53284 7
0.17307 -0.08820 0.21536 0.17881 -0.37039 0.06567 -0.21817 -0.51317 7
0.34225 0.22911 1.21228 0.10725 0.50109 0.25364 0.34799 0.06527 7
-0.11086 0.01914 0.39404 -0.45448 -0.36874 -0.57997 -0.57015 0.52778 7
-0.11154 -0.13907 0.61709 0.55664 -0.41082 -1.23406 0.82852 -1.48234 7
-0.10080 -0.24533 0.60392 0.47659 0.33671 0.49805 -0.58236 -0.09072 7
0.33391 -0.15476 0.37647 -0.10948 0.97880 -0.04998 0.26090 -0.28883 7
-0.09839 0.01262 0.54129 0.72762 -0.30673 1.91372 -0.90878 -0.06705 7
-0.01378 -0.21152 0.53361 0.23338 -0.41082 0.22374 0.48338 -0.50970 7
0.28301 -0.16366 -0.37002 0.17405 -0.32568 -0.14943 -0.45607 -0.17139 7
-0.09815 0.11737 -1.11720 1.25287 -0.41082 1.02317 0.64216 0.59060 7
-0.09943 -0.00941 1.07435 0.88554 0.26513 0.36481 -0.35149 0.02525 7
-0.09791 -0.15605 0.10907 -1.11694 -0.39631 -0.56476 0.64386 0.27652 7
-0.08965 -0.24533 0.23625 0.67912 -0.41082 0.72819 0.43438 0.52778 7
-0.11354 0.04608 -0.04021 0.91659 -0.41082 -0.92570 -1.45205 1.53284 7
-0.08573 -0.23364 0.08122 -0.12590 -0.39287 -0.85538 1.13522 0.02525 7
0.25391 -0.02274 0.84339 -0.08930 0.63610 -0.31057 0.77677 0.02525 8
-0.08998 1.34715 0.60974 -0.71056 1.37989 -0.97556 -0.57015 -0.47728 8
-0.09639 0.03931 0.49452 -0.02731 0.69371 -0.50237 0.46264 -0.47728 8
-0.09563 -0.22903 0.66868 0.77358 -0.41082 -0.20621 0.69098 -1.48234 8
-0.06957 -0.16820 0.59005 1.82055 -0.40486 0.28066 1.26397 -0.72854 8
-0.07314 -0.16991 0.72101 -0.03735 -0.39794 -0.00566 0.59643 -0.62086 8
-0.07390 -0.13220 -0.59572 0.09429 -0.40427 0.63129 0.78110 -0.19012 8
-0.07042 -0.12615 0.12344 -0.34328 -0.41082 -0.51457 0.18018 -0.38591 8
-0.07346 -0.08997 1.26892 -0.07161 -0.37839 -0.57997 -0.03605 0.52778 8
-0.03615 0.82825 0.93971 0.81348 -0.32642 0.51016 0.37048 -0.35165 8
-0.09026 -0.04200 0.61487 1.15879 -0.33762 0.75075 -0.82539 -0.10038 8
-0.05907 -0.20366 0.14642 0.22744 -0.41082 -0.98387 0.13742 1.11695 8
5.10288 -0.09484 0.44129 -0.81279 1.30625 -0.48729 -1.63456 -0.59445 8
0.06273 -0.04645 0.62900 0.88522 -0.40287 0.64288 0.98043 -0.07526 8
0.52398 0.30513 -0.32700 -2.31675 0.93935 -0.13999 0.90536 -0.46024 8
-0.10068 0.02814 1.27046 0.65839 -0.39395 -0.20621 1.16687 1.53284 8
-0.05727 -0.03255 0.35107 -1.36273 -0.27792 -0.63448 -0.62155 -0.55459 8
-0.10100 0.11404 -2.45030 -1.04430 -0.39362 -0.20621 1.14817 -0.47728 9
0.15904 0.05761 0.18322 1.44875 -0.14249 1.27204 -0.03936 0.07388 9
-0.11170 -0.24533 0.51346 -0.13101 -0.41082 -1.23406 0.28116 -1.48234 9
-0.08192 0.38117 1.04652 1.54434 0.03020 -0.55454 0.07501 -0.41816 9
0.32931 -0.02053 -0.66857 1.35095 -0.40633 1.12142 2.51585 -0.41332 9
-0.09286 0.17488 0.43862 0.79078 -0.38771 -1.05771 -0.36248 0.92980 9
0.15712 0.02494 0.88814 2.16152 -0.34301 0.06623 1.53388 -0.47728 9
0.22898 0.07996 0.16343 1.30399 -0.39262 0.08713 2.80592 -0.28353 9
-0.03587 -0.06176 0.04127 0.92291 -0.37227 -0.55784 -0.46220 -0.03505 9
0.03868 -0.11089 1.18002 1.00574 -0.39065 0.25185 1.66101 0.10460 9
-0.05030 0.15790 0.06690 -2.16656 -0.40656 0.01404 -1.70793 -0.77289 9
-0.09090 0.33684 0.29716 0.13080 -0.29304 0.72819 0.92812 -0.13409 9
0.17712 0.46911 0.05092 0.85359 0.26116 0.29678 -0.62785 -0.55038 9
-0.10452 -0.00121 1.49392 -0.34556 -0.38901 -1.22799 -3.41650 1.53284 9
0.01504 0.40099 0.71373 -0.81718 -0.40650 -0.30568 -0.62271 -1.23108 9
-0.07282 0.34618 1.33435 -1.20176 -0.32133 -0.96255 0.58119 -1.48234 9
-0.08196 19.74258 -0.44890 1.63245 -0.40279 -0.78438 -1.35494 -1.48234 9
0.03764 0.06012 1.31575 1.45791 -0.39790 1.35611 1.39887 -0.64479 10
-0.07130 0.23051 2.09124 2.21301 -0.28100 2.66319 3.40152 -0.90250 10
0.13568 0.04240 0.92154 -0.41092 -0.37121 0.46040 0.38495 0.28038 10
-0.03715 -0.00651 1.04078 -2.01185 -0.15448 -0.43893 0.50234 0.84646 10
-0.05150 -0.10554 1.22526 1.51081 -0.37183 1.62657 3.29133 -0.29454 10
-0.05258 0.28419 1.01489 0.92440 -0.34475 1.30532 1.20169 -0.30977 10
-0.09038 15.28987 0.59337 0.54378 -0.36881 -0.69444 -0.90045 -1.48234 10
0.07540 -0.18173 0.50895 0.24360 -0.38557 -0.29559 0.94235 -0.30977 10
0.20161 1.58591 3.16839 -0.66705 0.15036 1.64070 1.20565 -1.01069 10
0.00866 0.01043 0.75033 -0.09905 -0.01825 1.14804 1.10279 -0.25165 10
0.17656 2.33679 0.72052 0.58364 -0.34067 0.20493 -0.18121 -0.90250 10
0.01516 0.84760 1.24415 1.26470 -0.37197 2.41012 1.07768 -0.24534 10
0.04886 0.95665 0.89808 0.59428 -0.35917 0.80629 1.43487 0.10460 10
-0.01739 2.30946 0.37739 1.08659 -0.07921 2.01526 1.38133 0.02525 10
-0.01835 0.65031 1.19162 1.38007 -0.23186 1.64391 2.06918 0.60509 10
-0.11286 0.57363 1.93180 0.77010 -0.41082 -1.23406 3.43311 -1.48234 10
-0.09627 2.45353 1.39491 2.13708 -0.38403 1.31414 3.71273 0.46866 10
