-0.11615 -0.24533 -0.21143 -0.66735 -0.41082 -0.20621 0.64930 1.53284 1
-0.11655 -0.24533 -0.22264 -1.65820 -0.41082 -1.23406 -0.07240 -1.48234 1
-0.11639 -0.24533 -0.15370 1.82055 -0.41082 -0.63448 -0.65643 -1.48234 1
-0.11695 -0.24533 -1.25729 -0.56683 -0.41082 1.16425 -0.77653 1.53284 1
-0.11571 -0.24533 0.32908 0.44659 -0.41082 -0.20621 -1.28913 1.53284 1
-0.11599 -0.24533 0.91664 -0.56683 -0.41082 -0.89144 -0.07788 1.53284 1
-0.11595 -0.24533 -1.20671 -1.01099 0.08819 -0.63448 -1.25147 1.53284 1
-0.11515 -0.24533 0.78279 -0.02114 -0.41082 0.65934 -1.28913 1.53284 1
-0.11611 0.03408 -0.61263 -1.15449 -0.41082 -1.23406 -0.26864 -1.48234 1
-0.11350 -0.24533 -0.80942 -1.70542 -0.41082 0.36481 -0.84976 1.53284 1
0.05604 -0.23422 -1.61396 -0.35354 5.94292 -0.73026 -0.06009 0.21370 1
-0.11695 -0.24533 -0.14952 0.06980 -0.41082 0.56467 -1.05652 1.53284 1
-0.11202 -0.24533 -0.97824 -0.48556 -0.41082 -0.57997 0.10156 -1.48234 1
-0.10957 -0.16428 -0.66853 0.41649 3.59033 -0.03490 -0.60099 1.53284 1
-0.10697 -0.24533 -0.88543 -0.95310 -0.41082 0.07411 -0.10219 0.77905 1
-0.11234 -0.24533 0.13260 1.18511 -0.24948 -1.23406 -0.79834 -1.48234 1
-0.11647 -0.24533 -1.64758 0.19713 -0.41082 -0.33469 -1.19498 1.53284 1
-0.11410 -0.24533 -0.16014 0.42031 0.07137 -0.33469 -1.55610 0.02525 1
-0.11426 -0.24533 -1.65315 -0.92634 3.03921 -0.92123 -0.65279 1.53284 2
-0.11607 -0.24533 -0.44045 -1.61728 -0.41082 -1.23406 -0.24238 -1.48234 2
-0.11555 -0.07198 0.20435 1.52325 -0.41082 0.56467 -0.14293 1.53284 2
-0.10084 -0.22695 -0.69729 0.96109 -0.07022 -0.38760 -0.94159 0.02525 2
-0.11222 -0.24533 -1.26982 -0.53874 -0.41082 3.72795 -0.05338 0.77905 2
-0.11278 -0.24533 0.31696 0.15330 -0.17631 0.89777 0.70099 0.77905 2
-0.11446 -0.24533 -0.60550 -0.32809 -0.41082 -0.33469 0.08715 1.53284 2
-0.11595 -0.24533 -1.27420 0.85449 4.57930 -0.43462 -1.18368 -1.48234 2
-0.11406 -0.24533 -0.30277 -0.05752 -0.41082 -0.43462 0.59630 0.02525 2
-0.10917 -0.16550 0.02806 0.71245 -0.41082 -0.03490 -1.01484 0.02525 2
-0.11611 -0.24533 1.37549 0.60850 -0.41082 -1.23406 -1.28913 -1.48234 2
-0.09719 -0.24533 -0.30114 0.58435 -0.41082 0.07411 -0.93807 0.92980 2
-0.11735 1.07411 0.26484 0.38812 -0.41082 -1.23406 -0.34761 -1.48234 2
-0.11655 -0.24533 -0.99079 -3.29526 0.61097 -1.23406 -1.53628 -1.48234 2
-0.11158 -0.24533 -0.06290 -0.36579 -0.41082 0.42631 -1.27715 1.53284 2
-0.11486 -0.24533 0.30527 1.12480 -0.41082 0.56467 -1.08409 1.53284 2
-0.11078 -0.18381 -0.59393 -1.14424 -0.41082 -0.51457 0.24869 -0.47728 2
-0.10769 -0.20653 0.07526 -0.33672 -0.41082 -0.25293 0.15105 1.53284 2
-0.09927 -0.24533 -0.21423 0.18215 -0.41082 -0.66303 -0.31441 0.32677 3
-0.10152 -0.22221 -1.56689 -1.04075 0.70731 -0.10714 -0.80806 1.30090 3
-0.09611 -0.13106 -1.13740 -0.66623 -0.41082 0.31779 0.04603 -0.11180 3
-0.09350 -0.17180 0.26997 0.70644 0.03992 0.08854 -0.35187 0.44738 3
-0.11170 -0.24533 0.22076 0.09971 -0.41082 -0.29559 0.51798 -0.47728 3
-0.11398 -0.14207 -0.02341 -0.60835 -0.41082 -1.23406 -1.13507 -1.48234 3
-0.10973 -0.24533 -1.17255 -0.27745 0.13104 1.16425 -0.20912 1.53284 3
-0.11515 -0.24533 -0.72035 -0.02114 1.17863 -1.23406 0.79059 -1.48234 3
0.02734 -0.17779 -0.06511 -0.03788 -0.41082 -0.18114 0.01138 0.33933 3
-0.03054 -0.23647 -0.39572 -0.13108 -0.19039 0.04246 -0.21041 0.34504 3
-0.11531 -0.24533 -0.31579 0.53379 -0.41082 -0.82292 -0.78699 1.53284 3
-0.11198 -0.24533 0.80531 0.58987 1.20101 -0.43462 -0.72116 1.53284 3
-0.08741 -0.23285 -0.23187 0.03523 -0.32556 -0.55628 -0.52399 0.60509 3
-0.10541 -0.21527 -0.51143 0.21960 -0.41082 -0.54883 0.22645 1.53284 3
-0.07867 -0.19411 0.03603 -0.79845 0.05229 -0.41761 -0.28032 0.77905 3
-0.11703 -0.24533 -0.52441 0.38812 2.27137 -1.23406 -0.41038 -1.48234 3
-0.03478 -0.08459 -1.54684 -0.22696 3.94363 -0.12715 -0.33554 1.06897 3
-0.11611 -0.24533 -0.53200 1.48999 -0.41082 -1.23406 -0.84976 -1.48234 3
-0.10104 -0.19917 -0.16200 -0.06059 -0.41082 -0.53778 0.35247 0.52778 4
-0.11486 -0.24533 0.52221 -0.34855 0.61097 -1.23406 0.36499 -1.48234 4
-0.11150 -0.24533 -0.56590 0.12768 -0.41082 1.30532 0.38117 -0.47728 4
-0.02617 -0.23276 -0.29661 -0.20041 0.87995 0.70031 -0.46880 0.72389 4
-0.10821 -0.24533 0.32084 -0.48590 2.16529 0.86446 0.33523 1.53284 4
-0.11106 -0.24533 -0.21858 1.16945 -0.41082 1.33555 -0.12448 0.32677 4
0.01195 -0.19018 -0.82446 -0.37903 2.48645 -0.02259 -0.07364 0.06202 4
-0.11178 -0.24533 0.78575 -0.33296 -0.41082 -0.92123 -0.65228 -1.48234 4
-0.07210 -0.02854 1.53572 -0.49628 2.15578 -0.53552 -0.15092 0.62829 4
-0.07547 -0.18997 0.02659 -0.41447 -0.41082 0.40115 0.77900 1.08056 4
-0.05270 -0.22620 -0.66968 0.26971 6.44605 -0.72653 -0.42824 0.29130 4
0.08958 -0.21056 -0.59354 -0.25510 2.77883 -0.03305 -0.15416 0.36027 4
-0.10613 -0.24533 0.29734 0.42791 -0.41082 0.20493 0.35714 0.02525 4
-0.04817 -0.19920 -0.37731 -0.28266 0.06767 0.30532 -0.53025 0.41853 4
-0.11010 -0.24533 0.05415 -0.86999 -0.41082 0.56467 0.87637 -1.48234 4
-0.10280 -0.24533 -1.21931 -0.39180 2.94372 -0.06731 -0.57495 -0.97981 4
-0.11302 0.36560 0.07831 0.88206 -0.41082 -1.23406 0.10305 -1.48234 4
-0.07815 -0.15922 -1.31567 -0.54746 0.85864 -0.77284 -0.18368 0.92980 4
-0.10813 -0.24533 -0.98350 -1.03227 -0.41082 -0.68060 0.55625 1.53284 5
-0.11050 -0.15721 -0.33479 0.88427 -0.41082 0.20493 0.95265 0.02525 5
-0.06392 -0.20266 0.47581 -0.05410 -0.41082 0.12714 0.20773 0.99442 5
-0.09230 -0.24533 -0.34643 -0.20476 3.23888 -0.81083 0.03189 -0.27627 5
-0.04805 -0.20571 -1.10582 -0.83732 -0.41082 1.05997 0.29849 -0.24886 5
-0.11162 -0.24533 0.84405 -0.01030 -0.41082 0.56467 -0.31393 1.53284 5
-0.10276 -0.10152 -0.09360 0.78859 -0.39159 -1.11211 -0.94401 1.53284 5
-0.08998 -0.10354 0.35884 -0.56130 0.14813 -0.38042 -0.21066 -1.05160 5
-0.00937 -0.20327 -0.39691 -0.40284 1.30716 -0.27195 0.00897 0.48408 5
-0.06861 -0.23728 0.00077 -0.46384 -0.40497 -0.25975 0.21363 0.60509 5
-0.11130 -0.24533 -0.39414 -0.06233 -0.41082 -1.23406 -0.82047 -1.48234 5
-0.11482 -0.24533 -0.60098 -0.94343 3.92098 -1.23406 -1.47367 -1.48234 5
-0.09470 -0.18332 -1.13078 -0.46683 -0.41082 -0.03490 0.50532 -0.27627 5
-0.11254 -0.24533 0.03717 0.47765 -0.41082 0.01723 0.38733 1.53284 5
-0.11182 0.12384 0.13602 0.34888 -0.36183 1.01435 -0.61257 -0.87930 5
-0.02244 -0.15460 -0.15730 0.36883 1.68737 0.12083 -0.23915 0.07724 5
-0.11390 -0.24533 0.23284 0.69289 -0.41082 -1.23406 0.17150 -1.48234 5
-0.10192 -0.07432 -1.47315 -0.74178 -0.41082 -0.59165 -0.87816 1.53284 5
-0.11046 -0.19279 -1.12858 -1.39445 -0.41082 -0.24166 -0.82779 1.53284 6
-0.11298 -0.24533 0.36715 0.31466 -0.41082 0.28066 -0.37543 0.77905 6
-0.09198 -0.24533 -0.81359 -0.16161 -0.41082 -0.76987 0.93103 1.53284 6
-0.08328 -0.23352 0.08343 -0.05930 -0.39414 -0.38203 -0.27363 0.52778 6
-0.06484 2.10255 1.25093 -0.27701 -0.39454 -0.66320 -1.79202 0.79327 6
-0.03695 -0.19616 -0.51662 0.03250 4.73870 0.25094 -0.61679 1.15063 6
-0.08605 -0.19779 -0.32414 -0.71207 0.31440 -0.30457 -1.00218 -0.14226 6
-0.09006 -0.24533 0.25590 0.15943 -0.41082 -0.05938 -0.04365 0.40215 6
-0.11386 -0.24533 0.82227 -0.96891 -0.41082 -1.23406 -0.54154 -1.48234 6
0.11015 -0.04247 -0.13215 -0.29936 0.73806 0.38818 -0.21470 -0.03059 6
3.02675 0.32043 0.35660 -1.05499 0.04831 -0.05871 -0.01212 -0.12360 6
0.48794 0.02695 0.33995 0.18449 1.29187 -0.26922 -0.12747 0.61393 6
-0.11430 -0.24533 0.75645 0.52454 -0.41082 -1.23406 0.46117 -1.48234 6
-0.11238 -0.18905 -1.34546 1.51670 -0.41082 -0.72013 0.82442 0.02525 6
-0.10981 0.04685 1.85237 -0.19654 -0.41082 -0.65069 -2.61994 0.52778 6
-0.09855 -0.03201 1.18288 0.53827 -0.18590 -0.62726 -0.98814 1.53284 6
-0.10933 -0.24533 0.18438 0.05756 -0.41082 -1.23406 0.64986 -1.48234 6
-0.06849 -0.19415 -2.97144 -0.75362 -0.36418 -0.44196 -1.85364 0.12576 7
-0.11394 -0.24533 -0.06665 1.03502 -0.41082 -1.23406 -0.76882 -1.48234 7
0.00029 -0.17449 0.21441 0.64025 0.55889 -0.52425 -0.19266 0.16230 7
-0.11599 -0.24533 -0.84447 -1.38536 -0.41082 -1.23406 -3.48602 -1.48234 7
-0.10188 -0.15229 0.24049 0.02456 -0.39266 1.16425 0.22143 -0.47728 7
-0.09899 -0.16584 1.15944 0.59715 -0.39547 1.51694 -0.16079 0.14122 7
-0.10973 -0.24533 1.01822 0.82219 -0.37469 0.36481 0.01393 0.02525 7
0.02229 -0.14518 0.85576 1.53669 -0.36780 1.26315 -0.22793 0.57754 7
0.05960 -0.15519 0.09294 -0.01929 -0.31056 -0.57665 0.63464 -0.14226 7
-0.09831 -0.22783 1.37020 1.23631 -0.41082 -0.68060 -0.08221 0.02525 7
-0.09038 -0.20189 0.36590 -0.28076 0.08282 -0.29559 1.10847 -0.97981 7
-0.11198 -0.24533 -0.78512 1.47757 -0.41082 -1.23406 0.39042 -1.48234 7
-0.07326 -0.22364 0.84020 1.32928 -0.35272 0.24886 -0.60464 0.52778 7
-0.09635 -0.20755 0.12639 -0.08576 -0.41082 -0.43462 -1.43780 0.02525 7
-0.09547 -0.11475 0.87428 0.29504 -0.04932 1.41670 -0.06408 0.24062 7
-0.05286 -0.15605 0.89893 0.99228 -0.37101 -0.64672 0.96142 0.77905 7
-0.10713 -0.08805 0.31972 0.68223 -0.30203 -0.73786 1.26300 -1.48234 7
-0.04368 -0.11589 0.07514 -0.28541 -0.05823 -0.24314 0.48134 -0.04030 8
-0.11262 0.01282 -0.36571 0.34265 -0.41082 1.16425 -0.55829 -0.47728 8
-0.07262 -0.00425 1.46038 1.55038 -0.06083 0.13640 0.25061 0.02525 8
-0.09811 -0.00562 0.34205 -0.22242 -0.41082 -1.23406 0.76470 -1.48234 8
-0.09342 -0.18980 -0.50381 -0.42161 -0.39899 -0.83572 -1.51561 -0.54010 8
-0.01066 -0.10850 0.35124 0.50186 -0.36796 -0.10278 0.02828 -0.63809 8
-0.11282 -0.24533 0.67626 0.22239 -0.11526 0.42631 0.08732 0.52778 8
-0.10144 -0.10312 0.68310 1.47040 -0.41082 1.35611 -0.51644 -0.14226 8
-0.10448 -0.16577 0.41753 2.03389 -0.41082 2.72315 1.48146 0.71052 8
-0.11442 -0.24533 0.79221 0.42349 -0.32251 -0.12715 1.02267 0.02525 8
-0.08268 -0.17822 0.58268 0.57517 -0.41082 -0.29559 1.67722 1.53284 8
-0.01494 -0.17109 0.76223 0.04273 -0.37175 1.53322 0.56121 -0.99991 8
-0.02689 -0.19104 -0.43457 -1.17395 -0.40450 -0.95005 0.85846 1.03031 8
0.12914 -0.17302 0.45580 -0.55628 -0.36436 0.25850 0.81994 -0.63190 8
-0.00100 -0.19230 0.12789 -0.98280 -0.40099 -0.70502 0.76190 -0.47728 8
-0.07631 -0.18682 0.51278 -0.01162 6.54069 0.79929 1.07053 0.60509 8
-0.05150 -0.16124 0.75081 0.46274 -0.40648 0.82163 0.75671 -1.48234 8
0.24590 0.43833 0.97269 0.44087 0.42894 0.66090 -0.52375 -0.39876 9
-0.04476 -0.09665 1.28872 1.64022 0.01778 0.78643 -0.08746 0.06202 9
-0.08260 -0.17551 1.04757 1.93023 -0.40264 -0.03490 1.09037 -0.47728 9
0.01311 0.03099 1.11313 0.51719 0.21610 -0.36262 0.24822 0.45047 9
2.38603 0.60335 0.19591 -0.05165 0.22019 -0.04655 -0.05787 -0.56103 9
-0.08801 -0.00399 0.37585 -0.10742 -0.38182 -0.12715 1.06341 -0.72854 9
-0.06032 0.01559 -1.33052 -1.76002 0.99369 -0.11568 0.88778 -0.37677 9
0.55712 0.03973 1.18579 0.95306 -0.38575 -0.04699 0.98886 -0.37754 9
-0.07655 -0.02312 0.85412 0.23734 -0.40385 1.55581 1.60474 -0.21279 9
-0.06412 -0.12478 -0.02963 -0.67548 -0.33587 0.01018 0.15051 -0.95796 9
-0.03214 -0.13146 0.95782 -0.61874 -0.38400 -0.07773 0.29944 -0.14226 9
-0.09807 -0.11776 0.30194 -1.41047 0.21813 1.98472 1.86317 -0.41816 9
0.25411 0.06070 0.58804 -1.10669 -0.39540 0.41297 1.38810 -0.46670 9
-0.05735 -0.04220 0.79448 0.64130 -0.20646 1.64391 0.35247 0.27652 9
-0.01751 0.00877 1.11026 1.97359 -0.35930 0.81081 1.30066 -0.70063 9
-0.11607 -0.24533 2.91673 0.96109 -0.41082 -1.23406 2.46248 -1.48234 9
-0.09747 -0.21114 0.73618 0.86560 -0.39663 -0.45623 0.96856 -0.35165 9
-0.10260 0.08483 -0.18830 0.72337 -0.39179 0.63129 -0.32645 -1.48234 10
0.05163 0.57165 -0.98364 -1.42140 0.06161 -0.42885 0.31207 -0.50970 10
0.19808 0.72994 1.32673 1.72127 -0.36179 1.22169 1.33702 -1.00626 10
0.93632 0.20540 0.63168 -0.73954 -0.26721 -0.28590 0.12390 -0.43771 10
-0.01847 0.16604 0.26594 0.88238 -0.37036 1.02317 -0.17909 -1.16826 10
-0.10845 0.03885 1.35563 0.61233 -0.41082 0.03563 0.43985 0.52778 10
0.25167 0.33531 0.95161 1.21229 -0.37123 1.64391 1.15676 -0.42703 10
0.08169 -0.06233 0.69757 -0.60830 -0.24257 0.44882 -0.10730 0.13450 10
-0.01498 0.12350 0.65766 0.65426 -0.29635 -0.20621 1.50683 -1.14732 10
0.03612 -0.04765 0.74111 0.76219 -0.39963 1.05523 2.26209 -1.05160 10
0.48037 1.90617 1.56915 1.19395 -0.25023 2.10535 1.38894 -0.09810 10
-0.09294 -0.21251 0.80892 1.06139 -0.39922 -1.01002 1.04043 -0.90250 10
0.56177 0.96770 -1.31959 -3.04524 -0.29943 0.12714 -0.36762 -1.03437 10
1.45649 1.36137 1.13468 -1.40607 -0.28461 -0.09977 -0.34054 -0.41816 10
-0.09731 -0.22254 -0.27597 -0.92024 -0.41082 -0.91407 1.23654 0.25367 10
-0.08076 0.00509 1.00233 1.62303 -0.38752 3.45100 0.85031 0.40215 10
-0.09414 0.89232 -3.01345 1.51552 -0.33771 -0.41178 4.04126 1.53284 10
