0.645 0.525 0.17 1.37 0.6135 0.283 0.34 3
0.625 0.48 0.175 1.065 0.4865 0.259 0.285 3
0.575 0.435 0.13 0.805 0.3155 0.2155 0.245 3
0.28 0.205 0.07 0.1015 0.041 0.03 0.03 2
0.35 0.26 0.075 0.18 0.09 0.0245 0.055 2
0.74 0.595 0.19 2.3235 1.1495 0.5115 0.505 3
0.46 0.345 0.105 0.449 0.196 0.0945 0.1265 5
0.41 0.335 0.11 0.33 0.157 0.0705 0.17 5
0.66 0.535 0.19 1.5905 0.6425 0.297 0.5175 5
0.57 0.46 0.15 1.0375 0.5415 0.2035 0.25 5
0.55 0.47 0.15 0.9205 0.381 0.2435 0.2675 3
0.415 0.335 0.1 0.358 0.169 0.067 0.105 5
0.62 0.485 0.155 1.049 0.462 0.231 0.25 3
0.555 0.455 0.17 0.8435 0.309 0.1905 0.3 4
0.69 0.54 0.185 1.71 0.7725 0.3855 0.4325 5
0.485 0.395 0.14 0.6295 0.2285 0.127 0.225 4
0.63 0.5 0.175 1.1105 0.467 0.268 0.329 3
0.375 0.29 0.08 0.282 0.1405 0.0725 0.08 5
0.485 0.375 0.13 0.6025 0.2935 0.1285 0.16 5
0.65 0.51 0.155 1.189 0.483 0.278 0.3645 4
0.57 0.44 0.145 0.8815 0.3605 0.1955 0.2735 3
0.655 0.54 0.165 1.403 0.6955 0.2385 0.42 3
0.63 0.51 0.23 1.539 0.5635 0.2815 0.57 1
0.515 0.42 0.135 0.711 0.337 0.144 0.205 4
0.61 0.47 0.16 1.022 0.449 0.2345 0.2945 5
0.6 0.465 0.165 1.0475 0.465 0.2345 0.315 3
0.565 0.43 0.15 0.8215 0.332 0.1685 0.29 3
0.48 0.375 0.105 0.525 0.2185 0.1195 0.155 3
0.625 0.5 0.195 1.369 0.5875 0.2185 0.37 1
0.545 0.45 0.15 0.7805 0.3795 0.1625 0.216 5
0.52 0.39 0.13 0.5545 0.2355 0.1095 0.1895 5
0.55 0.46 0.175 0.869 0.3155 0.1825 0.32 3
0.525 0.4 0.14 0.7325 0.334 0.1575 0.17 3
0.755 0.575 0.2 2.073 1.0135 0.4655 0.48 3
0.475 0.365 0.115 0.49 0.223 0.1235 0.1335 5
0.605 0.485 0.16 1.222 0.53 0.2575 0.28 4
0.575 0.47 0.185 0.985 0.3745 0.2175 0.355 3
0.645 0.5 0.175 1.3385 0.633 0.299 0.349 3
0.435 0.33 0.11 0.38 0.1515 0.0945 0.11 5
0.645 0.505 0.165 1.4325 0.684 0.308 0.336 5
0.63 0.48 0.15 1.271 0.6605 0.2425 0.31 3
0.54 0.42 0.14 0.8035 0.38 0.1805 0.21 5
0.645 0.5 0.16 1.3815 0.672 0.326 0.315 5
0.455 0.33 0.1 0.372 0.358 0.0775 0.11 5
0.59 0.48 0.16 1.262 0.5685 0.2725 0.335 5
0.55 0.43 0.125 0.923 0.4035 0.175 0.283 5
0.47 0.355 0.125 0.499 0.21 0.0985 0.155 5
0.535 0.39 0.125 0.599 0.2595 0.149 0.169 5
0.675 0.545 0.195 1.7345 0.6845 0.3695 0.605 1
0.37 0.275 0.095 0.257 0.1015 0.055 0.0825 2
0.55 0.43 0.14 0.8105 0.368 0.161 0.275 5
0.31 0.23 0.07 0.1245 0.0505 0.0265 0.038 2
0.475 0.38 0.12 0.441 0.1785 0.0885 0.1505 5
0.485 0.365 0.12 0.5885 0.27 0.131 0.175 5
0.58 0.45 0.145 1.137 0.5585 0.22 0.29 5
0.33 0.255 0.095 0.1875 0.0735 0.045 0.06 5
0.435 0.335 0.11 0.38 0.1695 0.086 0.11 5
0.435 0.35 0.125 0.459 0.197 0.1145 0.145 5
0.52 0.395 0.145 0.77 0.424 0.142 0.1895 5
0.72 0.565 0.2 2.1055 1.017 0.363 0.494 3
0.585 0.45 0.135 0.855 0.3795 0.187 0.26 5
0.385 0.28 0.085 0.2175 0.097 0.038 0.067 5
0.48 0.37 0.135 0.6315 0.3445 0.1015 0.161 5
0.38 0.285 0.09 0.2305 0.1005 0.039 0.0775 5
0.48 0.35 0.105 0.635 0.352 0.127 0.135 2
0.59 0.46 0.125 0.755 0.334 0.15 0.238 5
0.555 0.43 0.155 0.7395 0.3135 0.1435 0.28 3
0.25 0.19 0.065 0.0835 0.039 0.015 0.025 2
0.565 0.44 0.155 0.9395 0.4275 0.214 0.27 3
0.55 0.405 0.15 0.6755 0.3015 0.1465 0.21 3
0.445 0.355 0.095 0.3615 0.1415 0.0785 0.12 5
0.525 0.405 0.12 0.7555 0.3755 0.1555 0.201 5
0.22 0.165 0.055 0.0545 0.0215 0.012 0.02 2
0.6 0.47 0.165 1.059 0.504 0.241 0.275 5
0.535 0.41 0.12 0.6835 0.3125 0.1655 0.159 5
0.615 0.49 0.19 1.1345 0.4695 0.257 0.348 3
0.61 0.5 0.165 1.2715 0.4915 0.185 0.49 3
0.62 0.54 0.165 1.139 0.4995 0.2435 0.357 3
0.735 0.59 0.215 1.747 0.7275 0.403 0.557 3
0.445 0.33 0.12 0.347 0.12 0.084 0.105 3
0.535 0.42 0.15 0.7365 0.2785 0.186 0.215 4
0.7 0.585 0.185 1.8075 0.7055 0.3215 0.475 1
0.72 0.575 0.195 2.1505 1.0745 0.382 0.585 3
0.52 0.43 0.15 0.728 0.302 0.1575 0.235 3
0.65 0.5 0.19 1.464 0.6415 0.339 0.4245 5
0.5 0.405 0.15 0.5965 0.253 0.126 0.185 3
0.665 0.515 0.185 1.3405 0.5595 0.293 0.4375 3
0.425 0.325 0.115 0.3685 0.162 0.0865 0.1045 5
0.525 0.4 0.135 0.714 0.318 0.138 0.208 3
0.66 0.565 0.195 1.7605 0.692 0.3265 0.5 4
0.49 0.385 0.14 0.5425 0.198 0.127 0.175 3
0.2 0.155 0.04 0.0435 0.0155 0.009 0.007 2
0.235 0.16 0.04 0.048 0.0185 0.018 0.015 2
0.64 0.515 0.205 1.5335 0.6635 0.3345 0.4025 5
0.555 0.425 0.18 0.875 0.3695 0.2005 0.255 3
0.575 0.47 0.14 0.8375 0.3485 0.1735 0.24 3
0.44 0.345 0.105 0.4285 0.165 0.083 0.132 3
0.61 0.485 0.145 1.3305 0.783 0.2255 0.2865 5
0.515 0.39 0.12 0.6125 0.302 0.1365 0.1415 5
0.22 0.16 0.05 0.049 0.0215 0.01 0.015 2
0.76 0.575 0.19 1.829 0.7035 0.386 0.56 4
0.665 0.525 0.175 1.443 0.6635 0.3845 0.353 3
0.335 0.255 0.085 0.1785 0.071 0.0405 0.055 5
0.555 0.445 0.135 0.836 0.336 0.1625 0.275 4
0.36 0.27 0.085 0.196 0.0875 0.035 0.064 2
0.66 0.535 0.175 1.5175 0.711 0.3125 0.415 3
0.355 0.26 0.09 0.1985 0.0715 0.0495 0.058 5
0.415 0.315 0.105 0.33 0.1405 0.0705 0.095 2
0.52 0.435 0.195 0.973 0.2985 0.2135 0.355 1
0.65 0.52 0.175 1.2655 0.615 0.2775 0.336 5
0.365 0.285 0.085 0.2205 0.0855 0.0515 0.07 5
0.435 0.325 0.1 0.366 0.174 0.0725 0.109 5
0.48 0.385 0.145 0.64 0.2925 0.1405 0.1575 2
0.365 0.27 0.085 0.205 0.078 0.0485 0.07 5
0.59 0.475 0.165 1.077 0.4545 0.244 0.3095 5
0.5 0.4 0.145 0.63 0.234 0.1465 0.23 3
0.165 0.12 0.03 0.0215 0.007 0.005 0.005 2
0.53 0.42 0.135 0.675 0.294 0.156 0.1825 3
0.5 0.4 0.165 0.825 0.254 0.205 0.285 4
0.52 0.395 0.18 0.64 0.158 0.11 0.245 1
0.36 0.265 0.09 0.2065 0.078 0.057 0.06 5
0.565 0.435 0.185 0.9815 0.329 0.136 0.39 4
0.54 0.425 0.12 0.817 0.2945 0.153 0.195 3
0.29 0.21 0.06 0.1195 0.056 0.0235 0.03 2
0.55 0.415 0.145 0.7815 0.373 0.16 0.2215 5
0.52 0.415 0.175 0.753 0.258 0.171 0.255 5
0.6 0.45 0.15 0.8665 0.3695 0.1955 0.255 3
0.64 0.485 0.185 1.4195 0.6735 0.3465 0.3255 3
0.54 0.42 0.14 0.6275 0.2505 0.1175 0.235 5
0.425 0.3 0.095 0.3515 0.141 0.0775 0.12 5
0.67 0.535 0.19 1.669 0.7465 0.2935 0.508 3
0.645 0.5 0.195 1.401 0.6165 0.3515 0.3725 3
0.64 0.505 0.165 1.2235 0.5215 0.2695 0.36 3
0.63 0.49 0.165 1.2005 0.575 0.273 0.294 3
0.57 0.44 0.14 0.9535 0.3785 0.201 0.305 1
0.625 0.49 0.11 1.136 0.5265 0.1915 0.2925 5
0.365 0.27 0.085 0.1875 0.081 0.042 0.058 2
0.55 0.45 0.15 0.875 0.362 0.1755 0.2765 3
0.49 0.39 0.14 0.707 0.2795 0.2185 0.18 4
0.535 0.42 0.165 0.9195 0.3355 0.1985 0.26 4
0.55 0.42 0.145 0.7385 0.321 0.1485 0.252 3
0.655 0.515 0.2 1.494 0.7255 0.309 0.405 3
0.585 0.42 0.145 0.6735 0.2895 0.1345 0.22 5
0.605 0.455 0.16 1.1035 0.421 0.3015 0.325 5
0.575 0.46 0.165 0.9155 0.4005 0.2465 0.2385 5
0.59 0.465 0.155 1.136 0.5245 0.2615 0.275 3
0.545 0.415 0.14 0.82 0.4615 0.127 0.218 5
0.565 0.425 0.16 0.9425 0.3495 0.2185 0.275 1
0.605 0.485 0.165 1.0735 0.437 0.205 0.33 4
0.23 0.175 0.065 0.0645 0.026 0.0105 0.02 2
0.625 0.505 0.175 1.131 0.5425 0.2265 0.323 5
0.72 0.55 0.195 2.073 1.0715 0.4265 0.5015 5
0.275 0.2 0.065 0.092 0.0385 0.0235 0.027 2
0.565 0.45 0.145 0.8495 0.4215 0.1685 0.225 5
0.585 0.47 0.165 1.409 0.8 0.229 0.295 3
0.18 0.13 0.045 0.0275 0.0125 0.01 0.009 2
0.625 0.505 0.175 1.15 0.5475 0.256 0.3045 3
0.565 0.43 0.135 0.8545 0.321 0.1775 0.275 3
0.63 0.475 0.145 1.0605 0.5165 0.2195 0.28 3
0.475 0.375 0.15 0.559 0.1955 0.1215 0.1945 3
0.505 0.405 0.13 0.6015 0.3015 0.11 0.18 5
0.495 0.395 0.125 0.5415 0.2375 0.1345 0.155 5
0.48 0.385 0.135 0.536 0.1895 0.142 0.173 4
0.625 0.46 0.16 1.2395 0.55 0.273 0.38 4
0.695 0.535 0.175 1.8385 0.8035 0.396 0.503 3
0.59 0.455 0.145 1.063 0.5155 0.2445 0.25 5
0.53 0.42 0.185 0.752 0.299 0.156 0.205 1
0.375 0.285 0.1 0.239 0.105 0.0555 0.07 5
0.415 0.31 0.095 0.34 0.181 0.057 0.083 2
0.655 0.545 0.185 1.759 0.6865 0.313 0.547 3
0.68 0.54 0.195 1.7825 0.5565 0.3235 0.4285 3
0.515 0.4 0.125 0.955 0.341 0.2535 0.26 4
0.52 0.405 0.14 0.5775 0.2 0.145 0.179 3
0.6 0.475 0.15 0.99 0.386 0.2195 0.3105 3
0.635 0.495 0.18 1.596 0.617 0.317 0.37 3
0.33 0.255 0.085 0.1655 0.063 0.039 0.06 5
0.705 0.56 0.22 1.981 0.8175 0.3085 0.76 4
0.645 0.525 0.19 1.8085 0.7035 0.3885 0.395 1
0.56 0.455 0.19 0.714 0.283 0.129 0.275 5
0.675 0.525 0.17 1.711 0.8365 0.352 0.475 5
0.53 0.435 0.155 0.699 0.288 0.1595 0.205 3
0.575 0.48 0.15 0.8745 0.375 0.193 0.29 3
0.525 0.4 0.14 0.6955 0.2405 0.16 0.253 3
0.565 0.455 0.13 1.058 0.439 0.2645 0.3 3
0.64 0.515 0.165 1.3115 0.4945 0.2555 0.41 3
0.535 0.42 0.125 0.738 0.355 0.1895 0.1795 5
0.165 0.12 0.05 0.021 0.0075 0.0045 0.014 2
0.36 0.265 0.095 0.2315 0.105 0.046 0.075 5
0.69 0.525 0.19 1.492 0.6425 0.3905 0.42 3
0.515 0.405 0.13 0.573 0.213 0.134 0.195 5
0.535 0.405 0.125 0.927 0.26 0.1425 0.345 4
0.62 0.48 0.175 1.0405 0.464 0.2225 0.3 5
0.645 0.49 0.16 1.1665 0.4935 0.3155 0.299 5
0.485 0.36 0.12 0.5155 0.2465 0.1025 0.147 5
0.48 0.365 0.1 0.461 0.2205 0.0835 0.135 5
0.67 0.525 0.195 1.37 0.6065 0.2955 0.407 3
0.63 0.505 0.15 1.3165 0.6325 0.2465 0.37 3
0.645 0.515 0.175 1.546 0.7035 0.365 0.415 3
0.43 0.325 0.115 0.3865 0.1475 0.1065 0.11 3
0.65 0.52 0.15 1.238 0.5495 0.296 0.3305 3
0.575 0.435 0.14 0.8455 0.401 0.191 0.222 5
0.47 0.355 0.18 0.48 0.2055 0.105 0.1505 5
0.64 0.53 0.165 1.1895 0.4765 0.3 0.35 3
0.68 0.56 0.165 1.639 0.6055 0.2805 0.46 4
0.475 0.375 0.115 0.5205 0.233 0.119 0.1455 5
0.515 0.395 0.125 0.5805 0.2365 0.1075 0.19 5
0.335 0.265 0.095 0.1975 0.0795 0.0375 0.07 5
0.395 0.3 0.09 0.279 0.134 0.049 0.075 5
0.58 0.44 0.125 0.7855 0.363 0.1955 0.195 3
0.275 0.205 0.08 0.096 0.036 0.0185 0.03 2
0.575 0.45 0.165 0.9655 0.498 0.19 0.23 5
0.665 0.535 0.225 2.1835 0.7535 0.391 0.885 1
0.31 0.215 0.075 0.1275 0.0565 0.0275 0.036 5
0.6 0.445 0.135 0.9205 0.445 0.2035 0.253 5
0.425 0.345 0.11 0.3665 0.125 0.081 0.117 3
0.4 0.315 0.09 0.33 0.151 0.068 0.08 2
0.375 0.28 0.08 0.2235 0.115 0.043 0.055 2
0.575 0.455 0.185 1.156 0.5525 0.243 0.295 4
0.63 0.485 0.17 1.3205 0.5945 0.345 0.345 5
0.5 0.4 0.15 0.8085 0.273 0.112 0.295 4
0.57 0.45 0.135 0.7805 0.3345 0.185 0.21 5
0.615 0.495 0.16 1.255 0.5815 0.3195 0.3225 3
0.53 0.405 0.15 0.8315 0.352 0.187 0.2525 3
0.63 0.48 0.165 1.2615 0.5505 0.277 0.3885 3
0.59 0.465 0.15 1.151 0.613 0.239 0.2515 5
0.615 0.495 0.2 1.219 0.564 0.227 0.3885 3
0.565 0.435 0.185 1.032 0.354 0.2045 0.31 1
0.465 0.355 0.12 0.5805 0.255 0.0915 0.184 5
0.625 0.5 0.165 1.288 0.573 0.3035 0.315 5
0.67 0.51 0.18 1.68 0.926 0.2975 0.3935 4
0.5 0.405 0.14 0.6155 0.241 0.1355 0.205 5
0.575 0.45 0.145 0.795 0.364 0.1505 0.26 3
0.56 0.445 0.155 0.8735 0.3005 0.209 0.275 4
0.655 0.545 0.165 1.6225 0.6555 0.299 0.513 3
0.525 0.39 0.105 0.567 0.2875 0.1075 0.16 5
0.265 0.205 0.07 0.1055 0.039 0.041 0.035 2
0.195 0.145 0.05 0.032 0.01 0.008 0.012 2
0.635 0.495 0.15 1.081 0.4825 0.242 0.31 3
0.445 0.33 0.1 0.437 0.163 0.0755 0.17 4
0.55 0.45 0.175 1.0985 0.3765 0.215 0.4 4
0.5 0.385 0.13 0.768 0.2625 0.095 0.27 4
0.575 0.455 0.16 0.9895 0.495 0.195 0.246 5
0.32 0.255 0.085 0.1745 0.072 0.033 0.057 5
0.655 0.505 0.195 1.4405 0.688 0.3805 0.363 3
0.53 0.435 0.17 0.8155 0.2985 0.155 0.275 4
0.625 0.43 0.175 1.411 0.572 0.297 0.395 3
0.475 0.36 0.1 0.4285 0.1965 0.099 0.112 5
0.53 0.405 0.15 0.889 0.4055 0.2275 0.215 5
0.46 0.38 0.13 0.639 0.3 0.1525 0.16 3
0.33 0.26 0.08 0.19 0.0765 0.0385 0.065 5
0.57 0.43 0.16 0.811 0.3875 0.159 0.2285 5
0.7 0.54 0.205 1.74 0.7885 0.373 0.4865 4
0.545 0.43 0.13 0.7595 0.358 0.153 0.2055 5
0.61 0.46 0.145 1.1185 0.478 0.2945 0.2985 3
0.52 0.385 0.14 0.6595 0.2485 0.2035 0.16 5
0.465 0.38 0.135 0.579 0.208 0.1095 0.22 4
0.535 0.4 0.13 0.657 0.2835 0.162 0.175 5
0.14 0.105 0.035 0.014 0.0055 0.0025 0.004 2
0.645 0.5 0.175 1.286 0.5645 0.288 0.386 3
0.625 0.465 0.155 0.972 0.404 0.1845 0.35 4
0.615 0.51 0.15 1.296 0.545 0.3315 0.32 5
0.57 0.445 0.145 0.8775 0.412 0.217 0.22 5
0.62 0.485 0.18 1.154 0.4935 0.256 0.315 3
0.35 0.25 0.07 0.1605 0.0715 0.0335 0.046 2
0.6 0.465 0.165 0.8875 0.309 0.246 0.262 3
0.345 0.255 0.095 0.1945 0.0925 0.037 0.055 2
0.575 0.445 0.17 0.8015 0.3475 0.1465 0.25 5
0.275 0.2 0.075 0.086 0.0305 0.019 0.03 5
0.425 0.35 0.105 0.393 0.13 0.063 0.165 5
0.485 0.355 0.13 0.581 0.245 0.132 0.168 3
0.59 0.455 0.165 1.161 0.38 0.2455 0.28 3
0.61 0.465 0.15 0.9605 0.4495 0.1725 0.286 5
0.56 0.43 0.13 0.728 0.3355 0.1435 0.2175 5
0.395 0.3 0.105 0.3375 0.1435 0.0755 0.098 3
0.595 0.47 0.15 0.8915 0.359 0.2105 0.245 3
0.535 0.425 0.135 0.771 0.3765 0.1815 0.1795 5
0.545 0.4 0.14 0.778 0.368 0.215 0.18 5
0.605 0.455 0.16 1.1215 0.533 0.273 0.271 3
0.525 0.365 0.17 0.9605 0.438 0.2225 0.276 3
0.725 0.55 0.22 2.0495 0.7735 0.4405 0.655 3
0.72 0.585 0.22 1.914 0.9155 0.448 0.479 3
0.2 0.145 0.05 0.036 0.0125 0.008 0.011 2
0.74 0.605 0.2 2.4925 1.1455 0.575 0.5235 4
0.53 0.415 0.11 0.5745 0.2525 0.1235 0.189 5
0.535 0.45 0.135 0.8075 0.322 0.181 0.25 4
0.57 0.45 0.165 0.903 0.3305 0.1845 0.295 4
0.475 0.37 0.125 0.649 0.347 0.136 0.142 5
0.3 0.215 0.05 0.1185 0.048 0.0225 0.042 2
0.625 0.47 0.15 1.124 0.556 0.2315 0.287 5
0.655 0.525 0.16 1.46 0.686 0.311 0.405 3
0.555 0.44 0.145 0.85 0.4165 0.1685 0.23 5
0.555 0.44 0.135 0.9025 0.3805 0.2105 0.28 4
0.45 0.335 0.125 0.4475 0.2165 0.126 0.11 2
0.36 0.27 0.09 0.219 0.097 0.0405 0.065 2
0.505 0.385 0.105 0.5525 0.239 0.1245 0.1555 5
0.41 0.305 0.09 0.3535 0.157 0.0745 0.1 5
0.28 0.12 0.075 0.117 0.0455 0.029 0.0345 2
0.53 0.415 0.115 0.5915 0.233 0.1585 0.18 3
0.4 0.31 0.1 0.127 0.106 0.071 0.085 5
0.5 0.42 0.135 0.6765 0.302 0.1415 0.2065 5
0.28 0.21 0.085 0.1065 0.039 0.0295 0.03 2
0.485 0.365 0.14 0.4475 0.1895 0.0925 0.2305 5
0.365 0.295 0.08 0.2555 0.097 0.043 0.1 5
0.35 0.28 0.075 0.196 0.082 0.04 0.064 5
0.64 0.525 0.2 1.3765 0.44 0.3075 0.47 4
0.52 0.41 0.115 0.77 0.263 0.157 0.26 3
0.695 0.55 0.22 1.5515 0.566 0.3835 0.445 4
0.65 0.525 0.185 1.3455 0.586 0.278 0.3865 5
0.595 0.465 0.15 1.0255 0.412 0.2745 0.289 3
0.565 0.42 0.155 0.743 0.31 0.186 0.231 5
0.405 0.31 0.11 0.91 0.416 0.2075 0.0995 5
0.52 0.375 0.135 0.5375 0.221 0.117 0.17 5
0.255 0.185 0.07 0.075 0.028 0.018 0.025 2
0.415 0.34 0.13 0.3675 0.146 0.0885 0.12 3
0.63 0.49 0.155 1.2525 0.63 0.246 0.289 5
0.535 0.405 0.185 0.8345 0.3175 0.1725 0.29 4
0.72 0.525 0.18 1.445 0.631 0.3215 0.435 5
0.705 0.55 0.2 1.7095 0.633 0.4115 0.49 4
0.58 0.45 0.14 0.824 0.3465 0.1765 0.263 3
0.65 0.52 0.195 1.6275 0.689 0.3905 0.432 3
0.645 0.495 0.185 1.4935 0.5265 0.2785 0.455 4
0.56 0.425 0.135 0.849 0.3265 0.221 0.2645 3
0.515 0.42 0.135 0.6295 0.2815 0.127 0.215 5
0.61 0.48 0.165 1.097 0.4215 0.264 0.335 4
0.5 0.395 0.145 0.7865 0.332 0.1815 0.2455 5
0.63 0.49 0.17 1.217 0.5515 0.212 0.31 3
0.535 0.46 0.145 0.7875 0.3395 0.2005 0.2 5
0.565 0.45 0.175 1.0095 0.447 0.2375 0.2645 5
0.53 0.385 0.125 0.6695 0.289 0.151 0.18 3
0.555 0.425 0.15 0.873 0.4625 0.1845 0.1965 5
0.38 0.275 0.095 0.1375 0.086 0.0585 0.0605 5
0.585 0.48 0.185 1.04 0.434 0.265 0.285 3
0.34 0.25 0.07 0.2225 0.104 0.0425 0.055 5
0.575 0.46 0.165 1.124 0.2985 0.1785 0.44 4
0.645 0.55 0.175 1.2915 0.57 0.3045 0.33 4
0.585 0.46 0.165 1.1135 0.5825 0.2345 0.274 3
0.32 0.24 0.075 0.1735 0.076 0.0355 0.05 5
0.445 0.335 0.1 0.4895 0.2745 0.086 0.1105 5
0.49 0.38 0.12 0.529 0.2165 0.139 0.155 3
0.365 0.275 0.135 0.24 0.108 0.0445 0.0735 5
0.58 0.46 0.14 0.8295 0.3915 0.165 0.238 3
0.54 0.42 0.14 0.7265 0.3205 0.1445 0.229 5
0.605 0.485 0.16 1.201 0.417 0.2875 0.38 5
0.56 0.46 0.235 0.8395 0.3325 0.157 0.305 3
0.7 0.535 0.16 1.7255 0.63 0.2635 0.54 1
0.635 0.49 0.175 1.2435 0.5805 0.313 0.305 3
0.695 0.535 0.175 1.361 0.5465 0.2815 0.465 3
0.56 0.44 0.14 0.971 0.443 0.2045 0.265 4
0.655 0.53 0.175 1.2635 0.486 0.2635 0.415 4
0.595 0.455 0.195 1.3305 0.4595 0.3235 0.345 1
0.65 0.545 0.16 1.2425 0.487 0.296 0.48 4
0.37 0.28 0.095 0.2865 0.1505 0.069 0.0795 5
0.595 0.5 0.18 1.053 0.4405 0.192 0.39 4
0.41 0.305 0.1 0.2645 0.1 0.0655 0.085 5
0.35 0.26 0.095 0.221 0.0985 0.043 0.07 5
0.555 0.395 0.13 0.5585 0.222 0.1245 0.17 5
0.605 0.485 0.165 0.9515 0.4535 0.193 0.2765 3
0.575 0.48 0.17 1.1 0.506 0.2485 0.31 3
0.62 0.48 0.18 1.2215 0.582 0.2695 0.313 3
0.44 0.34 0.1 0.451 0.188 0.087 0.13 3
0.425 0.325 0.11 0.317 0.135 0.048 0.09 5
0.545 0.43 0.14 0.772 0.289 0.19 0.2615 5
0.335 0.245 0.09 0.2015 0.096 0.0405 0.048 5
0.5 0.355 0.14 0.528 0.2125 0.149 0.14 5
0.485 0.4 0.135 0.663 0.313 0.137 0.2 3
0.5 0.375 0.145 0.5795 0.239 0.1375 0.185 5
0.45 0.35 0.12 0.468 0.2005 0.1065 0.1325 5
0.525 0.375 0.12 0.6315 0.3045 0.114 0.19 5
0.61 0.47 0.17 1.1185 0.5225 0.2405 0.31 5
0.485 0.37 0.13 0.526 0.2485 0.105 0.1555 2
0.62 0.5 0.17 1.148 0.5475 0.22 0.3315 3
0.62 0.485 0.165 1.1325 0.5235 0.2505 0.2825 5
0.47 0.37 0.14 0.4985 0.2095 0.1225 0.145 3
0.655 0.485 0.195 1.62 0.6275 0.358 0.485 1
0.665 0.505 0.165 1.349 0.5985 0.3175 0.36 5
0.57 0.455 0.155 0.832 0.3585 0.174 0.277 3
0.45 0.345 0.115 0.496 0.1905 0.117 0.14 3
0.56 0.44 0.13 0.7235 0.349 0.149 0.2 5
0.47 0.36 0.135 0.501 0.1665 0.115 0.165 3
0.35 0.255 0.08 0.1915 0.08 0.0385 0.063 5
0.505 0.4 0.13 0.764 0.3035 0.189 0.2175 3
0.635 0.51 0.175 1.2125 0.5735 0.261 0.36 4
0.595 0.495 0.185 1.285 0.416 0.224 0.485 4
0.425 0.315 0.125 0.3525 0.1135 0.0565 0.13 1
0.52 0.38 0.135 0.5395 0.2295 0.133 0.157 5
0.675 0.555 0.2 1.4385 0.545 0.2665 0.465 1
0.585 0.465 0.16 0.9555 0.4595 0.236 0.265 5
0.525 0.405 0.15 0.795 0.3075 0.205 0.255 4
0.465 0.365 0.115 0.467 0.2315 0.0925 0.113 5
0.47 0.355 0.14 0.433 0.1525 0.095 0.152 3
0.545 0.445 0.15 0.8 0.3535 0.163 0.207 5
0.515 0.385 0.125 0.6115 0.3175 0.1265 0.15 5
0.645 0.525 0.19 1.4635 0.6615 0.3435 0.435 1
0.42 0.31 0.095 0.279 0.1255 0.051 0.088 2
0.55 0.45 0.14 0.753 0.3445 0.1325 0.24 5
0.455 0.36 0.115 0.457 0.2085 0.0855 0.147 3
0.625 0.495 0.18 1.0815 0.4715 0.254 0.3135 3
0.585 0.475 0.165 1.053 0.458 0.217 0.3 3
0.405 0.31 0.09 0.312 0.138 0.06 0.087 5
0.7 0.575 0.19 2.273 1.095 0.418 0.638 3
0.505 0.39 0.16 0.644 0.2475 0.2025 0.1635 5
0.455 0.35 0.125 0.4485 0.1585 0.102 0.1335 4
0.47 0.37 0.18 0.51 0.1915 0.1285 0.1625 5
0.475 0.36 0.135 0.4355 0.196 0.0925 0.125 5
0.64 0.48 0.195 1.1435 0.4915 0.2345 0.353 5
0.575 0.46 0.155 0.892 0.4415 0.176 0.22 3
0.42 0.31 0.1 0.2805 0.1125 0.0615 0.0925 5
0.4 0.31 0.1 0.2875 0.1145 0.0635 0.095 3
0.565 0.445 0.155 0.826 0.341 0.2055 0.2475 3
0.53 0.43 0.14 0.677 0.298 0.0965 0.23 5
0.205 0.14 0.05 0.046 0.0165 0.012 0.0135 2
0.58 0.42 0.14 0.701 0.3285 0.102 0.2255 5
0.645 0.48 0.19 1.371 0.6925 0.2905 0.35 3
0.63 0.475 0.15 1.072 0.433 0.2975 0.315 5
0.455 0.34 0.135 0.462 0.1675 0.158 0.12 5
0.735 0.59 0.205 2.087 0.909 0.474 0.625 3
0.33 0.25 0.09 0.197 0.085 0.041 0.0605 3
0.475 0.355 0.135 0.4775 0.2145 0.09 0.1435 5
0.475 0.375 0.125 0.5785 0.2775 0.085 0.155 3
0.345 0.255 0.09 0.2005 0.094 0.0295 0.063 5
0.375 0.285 0.09 0.2545 0.119 0.0595 0.0675 2
0.33 0.245 0.085 0.171 0.0655 0.0365 0.055 3
0.735 0.59 0.225 1.756 0.637 0.3405 0.58 1
0.35 0.265 0.08 0.2 0.09 0.042 0.06 5
0.73 0.57 0.165 2.0165 1.0685 0.418 0.435 3
0.715 0.525 0.2 1.89 0.95 0.436 0.4305 3
0.37 0.28 0.085 0.198 0.0805 0.0455 0.058 2
0.625 0.47 0.145 0.984 0.475 0.2 0.265 3
0.4 0.315 0.1 0.3225 0.143 0.0735 0.091 2
0.55 0.43 0.16 0.9295 0.317 0.1735 0.355 4
0.625 0.49 0.2 1.3825 0.5895 0.285 0.381 3
0.6 0.46 0.145 0.9325 0.3985 0.2245 0.248 5
0.27 0.2 0.08 0.1205 0.0465 0.028 0.04 2
0.725 0.57 0.19 2.3305 1.253 0.541 0.52 5
0.655 0.515 0.17 1.527 0.8485 0.2635 0.331 3
0.51 0.395 0.13 0.6025 0.281 0.143 0.162 5
0.3 0.225 0.075 0.1345 0.057 0.028 0.044 2
0.68 0.56 0.195 1.7775 0.861 0.322 0.415 3
0.355 0.275 0.085 0.22 0.092 0.06 0.15 5
0.435 0.35 0.12 0.4585 0.192 0.1 0.13 3
0.56 0.465 0.16 1.0315 0.432 0.2025 0.337 5
0.385 0.3 0.115 0.3435 0.1645 0.085 0.1025 2
0.485 0.385 0.125 0.4775 0.2 0.0785 0.17 3
0.645 0.485 0.15 1.151 0.5935 0.2315 0.293 3
0.66 0.53 0.17 1.326 0.519 0.2625 0.44 4
0.43 0.34 0.12 0.3575 0.151 0.0645 0.1045 5
0.35 0.265 0.11 0.209 0.066 0.059 0.075 5
0.62 0.48 0.18 1.1305 0.5285 0.2655 0.306 3
0.6 0.5 0.155 1.332 0.6235 0.2835 0.35 5
0.62 0.475 0.16 1.3245 0.6865 0.233 0.3275 5
0.39 0.3 0.095 0.3265 0.1665 0.0575 0.089 5
0.325 0.245 0.075 0.1495 0.0605 0.033 0.045 2
0.51 0.38 0.135 0.681 0.3435 0.142 0.17 5
0.54 0.425 0.13 0.8155 0.3675 0.1365 0.246 3
0.555 0.44 0.15 1.092 0.416 0.212 0.4405 4
0.325 0.23 0.09 0.147 0.06 0.034 0.045 2
0.445 0.325 0.125 0.455 0.1785 0.1125 0.14 5
0.53 0.41 0.145 0.8255 0.375 0.204 0.245 5
0.585 0.46 0.14 0.7635 0.326 0.153 0.265 5
0.325 0.25 0.08 0.176 0.0595 0.0355 0.063 5
0.48 0.38 0.125 0.6245 0.3395 0.1085 0.1665 5
0.48 0.355 0.115 0.5785 0.25 0.106 0.184 5
0.51 0.39 0.125 0.6565 0.262 0.1835 0.175 3
0.595 0.5 0.165 1.06 0.402 0.28 0.275 3
0.62 0.47 0.155 0.966 0.447 0.171 0.284 3
0.635 0.5 0.19 1.29 0.593 0.3045 0.352 5
0.415 0.325 0.14 0.417 0.1535 0.1015 0.144 3
0.305 0.225 0.07 0.1485 0.0585 0.0335 0.045 5
0.485 0.37 0.115 0.4785 0.1995 0.0955 0.129 5
0.48 0.365 0.13 0.5305 0.2405 0.127 0.139 5
0.67 0.53 0.205 1.4015 0.643 0.2465 0.416 3
0.725 0.57 0.205 1.6195 0.744 0.315 0.488 3
0.56 0.435 0.185 1.106 0.422 0.2435 0.33 4
0.69 0.53 0.21 1.583 0.7355 0.405 0.3865 3
0.55 0.405 0.125 0.651 0.2965 0.137 0.2 5
0.5 0.385 0.12 0.6335 0.2305 0.125 0.235 4
0.44 0.335 0.11 0.3885 0.175 0.0835 0.111 5
0.6 0.465 0.18 1.193 0.5145 0.315 0.3055 5
0.405 0.305 0.1 0.271 0.0965 0.061 0.091 5
0.225 0.16 0.045 0.0465 0.025 0.015 0.015 2
0.445 0.32 0.12 0.414 0.199 0.09 0.117 5
0.675 0.55 0.18 1.6885 0.562 0.3705 0.6 4
0.625 0.485 0.2 1.38 0.5845 0.302 0.401 5
0.58 0.435 0.15 0.839 0.3485 0.207 0.192 5
0.515 0.385 0.13 0.623 0.2855 0.1285 0.175 3
0.605 0.475 0.18 0.9365 0.394 0.219 0.295 4
0.415 0.325 0.105 0.38 0.1595 0.0785 0.12 3
0.62 0.48 0.17 1.1045 0.535 0.25 0.287 3
0.47 0.36 0.12 0.4775 0.2105 0.1055 0.15 3
0.6 0.475 0.175 1.11 0.5105 0.256 0.285 5
0.57 0.47 0.155 1.186 0.6355 0.2315 0.277 3
0.66 0.525 0.16 1.277 0.4975 0.319 0.394 4
0.58 0.455 0.12 1.0735 0.479 0.2735 0.265 3
0.63 0.505 0.155 1.105 0.492 0.226 0.325 3
0.55 0.435 0.125 0.741 0.348 0.1585 0.206 5
0.735 0.555 0.22 2.333 1.2395 0.3645 0.6195 3
0.72 0.55 0.205 2.165 1.1055 0.525 0.404 3
0.6 0.475 0.18 1.1805 0.4345 0.2475 0.425 1
0.615 0.465 0.15 0.923 0.4615 0.1825 0.2415 5
0.52 0.405 0.125 0.6435 0.2415 0.1735 0.21 3
0.315 0.245 0.085 0.1435 0.053 0.0475 0.05 5
0.425 0.325 0.1 0.3295 0.1365 0.0725 0.11 5
0.48 0.38 0.145 0.59 0.232 0.141 0.23 3
0.46 0.355 0.11 0.415 0.215 0.082 0.13 3
0.725 0.565 0.21 2.1425 1.03 0.487 0.503 4
0.55 0.41 0.145 0.8285 0.3095 0.1905 0.25 4
0.7 0.54 0.215 1.978 0.6675 0.3125 0.71 1
0.465 0.345 0.11 0.4415 0.1755 0.0905 0.12 5
0.53 0.42 0.12 0.5965 0.2555 0.141 0.177 5
0.36 0.265 0.075 0.1785 0.0785 0.035 0.054 2
0.5 0.44 0.155 0.742 0.2025 0.2005 0.2115 4
0.515 0.385 0.125 0.572 0.237 0.1435 0.165 5
0.425 0.31 0.09 0.301 0.1385 0.065 0.08 5
0.33 0.245 0.065 0.1445 0.058 0.032 0.0505 2
0.64 0.525 0.215 1.779 0.4535 0.2855 0.55 1
0.39 0.29 0.09 0.2745 0.135 0.0455 0.078 5
0.56 0.445 0.195 0.981 0.305 0.2245 0.335 4
0.21 0.17 0.045 0.0475 0.019 0.011 0.013 2
0.63 0.47 0.145 1.1005 0.52 0.26 0.276 5
0.49 0.38 0.135 0.5415 0.2175 0.095 0.19 3
0.645 0.515 0.185 1.4605 0.5835 0.3155 0.41 1
0.515 0.405 0.145 0.695 0.215 0.1635 0.234 4
0.505 0.385 0.125 0.596 0.245 0.097 0.21 5
0.615 0.475 0.145 0.9525 0.3915 0.195 0.32 5
0.37 0.28 0.1 0.221 0.1165 0.0265 0.0635 2
0.3 0.23 0.085 0.117 0.05 0.0175 0.0415 2
0.47 0.375 0.115 0.4265 0.1685 0.0755 0.15 5
0.625 0.495 0.16 1.234 0.6335 0.192 0.35 4
0.625 0.485 0.16 1.254 0.591 0.259 0.3485 5
0.65 0.565 0.2 1.6645 0.753 0.367 0.43 3
0.605 0.475 0.19 1.1255 0.59 0.247 0.26 3
0.645 0.5 0.18 1.461 0.5985 0.2425 0.439 3
0.61 0.485 0.17 1.281 0.597 0.3035 0.33 5
0.53 0.42 0.165 0.8945 0.319 0.239 0.245 3
0.455 0.355 0.12 0.4495 0.177 0.104 0.15 5
0.5 0.4 0.125 0.6675 0.261 0.1315 0.22 3
0.585 0.455 0.17 0.9945 0.4255 0.263 0.2845 3
0.5 0.39 0.12 0.5955 0.2455 0.147 0.173 5
0.31 0.225 0.08 0.1345 0.054 0.024 0.05 5
0.59 0.435 0.165 0.9765 0.4525 0.2395 0.235 5
0.585 0.455 0.125 1.027 0.391 0.212 0.25 1
0.59 0.45 0.16 0.9 0.358 0.156 0.315 1
0.575 0.475 0.16 0.895 0.3605 0.221 0.271 5
0.28 0.2 0.065 0.0895 0.036 0.0185 0.03 5
0.655 0.49 0.16 1.204 0.5455 0.2615 0.3225 5
0.53 0.425 0.13 0.7585 0.325 0.197 0.205 5
0.505 0.4 0.145 0.7045 0.334 0.1425 0.207 5
0.67 0.515 0.165 1.1735 0.526 0.285 0.316 3
0.655 0.545 0.19 1.4245 0.6325 0.333 0.378 3
0.56 0.44 0.155 0.9705 0.4315 0.263 0.255 5
0.545 0.44 0.165 0.744 0.2875 0.204 0.25 4
0.47 0.355 0.18 0.441 0.1525 0.1165 0.135 5
0.54 0.415 0.175 0.8975 0.275 0.241 0.275 4
0.59 0.415 0.15 0.8805 0.3645 0.234 0.235 3
0.695 0.56 0.185 1.74 0.885 0.3715 0.4375 3
0.725 0.575 0.24 2.21 1.351 0.413 0.5015 4
0.62 0.49 0.16 1.056 0.493 0.244 0.2725 5
0.41 0.3 0.09 0.28 0.141 0.0575 0.075 5
0.47 0.35 0.1 0.4775 0.1885 0.0885 0.175 5
0.675 0.51 0.185 1.473 0.6295 0.3025 0.4245 3
0.415 0.31 0.11 0.2965 0.123 0.057 0.0995 3
0.495 0.375 0.115 0.6245 0.282 0.143 0.155 2
0.33 0.26 0.085 0.1965 0.0915 0.0425 0.055 5
0.665 0.525 0.165 1.338 0.5515 0.3575 0.35 1
0.425 0.325 0.11 0.405 0.1695 0.092 0.1065 5
0.56 0.44 0.14 0.9285 0.3825 0.188 0.3 3
0.365 0.275 0.09 0.2345 0.108 0.051 0.0625 5
0.6 0.48 0.175 1.229 0.4125 0.2735 0.415 4
0.72 0.56 0.175 1.7265 0.637 0.3415 0.525 1
0.39 0.3 0.1 0.265 0.1075 0.06 0.0865 4
0.6 0.46 0.18 1.14 0.423 0.2575 0.365 3
0.59 0.47 0.18 1.187 0.5985 0.227 0.31 5
0.515 0.405 0.12 0.646 0.2895 0.1405 0.177 3
0.585 0.47 0.17 0.985 0.3695 0.2395 0.315 3
0.47 0.365 0.105 0.4205 0.163 0.1035 0.14 5
0.55 0.445 0.155 0.9905 0.544 0.178 0.218 5
0.7 0.575 0.205 1.773 0.605 0.447 0.538 4
0.23 0.18 0.05 0.064 0.0215 0.0135 0.02 2
0.65 0.505 0.17 1.5595 0.695 0.3515 0.395 3
0.655 0.525 0.18 1.402 0.624 0.2935 0.365 4
0.67 0.53 0.225 1.5615 0.63 0.487 0.3725 3
0.35 0.26 0.085 0.174 0.0705 0.0345 0.06 3
0.705 0.53 0.17 1.564 0.612 0.394 0.44 3
0.505 0.39 0.13 0.674 0.3165 0.141 0.1785 5
0.585 0.42 0.155 1.034 0.437 0.2225 0.32 3
0.58 0.455 0.15 1.114 0.4765 0.2155 0.265 5
0.36 0.27 0.09 0.2225 0.083 0.053 0.075 2
0.485 0.395 0.16 0.66 0.2475 0.128 0.235 4
0.6 0.465 0.155 1.0165 0.512 0.2465 0.225 3
0.475 0.36 0.14 0.5135 0.241 0.1045 0.155 5
0.47 0.37 0.12 0.4705 0.1845 0.1055 0.155 3
0.535 0.42 0.145 0.791 0.33 0.189 0.25 3
0.61 0.43 0.14 0.909 0.438 0.2 0.22 5
0.375 0.28 0.08 0.226 0.105 0.047 0.065 2
0.5 0.385 0.145 0.7615 0.246 0.195 0.204 4
0.505 0.425 0.14 0.85 0.275 0.1625 0.285 1
0.63 0.49 0.225 1.336 0.6805 0.259 0.3245 3
0.51 0.395 0.12 0.6175 0.262 0.122 0.193 3
0.505 0.41 0.15 0.6345 0.243 0.1335 0.215 1
0.51 0.4 0.125 0.5575 0.2615 0.1195 0.1525 5
0.75 0.565 0.215 1.938 0.7735 0.4825 0.575 3
0.325 0.26 0.09 0.1915 0.085 0.036 0.062 5
0.565 0.45 0.16 0.795 0.3605 0.1555 0.23 3
0.7 0.58 0.205 2.13 0.7415 0.49 0.58 1
0.63 0.48 0.145 1.0115 0.4235 0.237 0.305 3
0.55 0.415 0.135 0.8095 0.2985 0.2015 0.28 3
0.63 0.53 0.18 1.2795 0.618 0.256 0.315 5
0.425 0.325 0.105 0.3975 0.1815 0.081 0.1175 5
0.58 0.46 0.185 1.017 0.3515 0.2 0.32 3
0.355 0.26 0.09 0.1925 0.077 0.038 0.065 5
0.65 0.5 0.185 1.4415 0.741 0.2955 0.341 5
0.63 0.49 0.16 1.09 0.407 0.224 0.354 3
0.63 0.5 0.16 1.22 0.4905 0.3 0.345 4
0.61 0.465 0.125 0.9225 0.436 0.19 0.26 5
0.6 0.475 0.17 1.1315 0.508 0.272 0.309 3
0.655 0.515 0.155 1.309 0.524 0.346 0.385 3
0.455 0.375 0.125 0.458 0.1985 0.111 0.12 3
0.53 0.4 0.145 0.555 0.1935 0.1305 0.195 5
0.58 0.44 0.145 0.7905 0.3525 0.1645 0.242 3
0.53 0.425 0.17 0.949 0.3485 0.2395 0.278 1
0.51 0.4 0.14 0.8145 0.459 0.1965 0.195 3
0.475 0.37 0.125 0.537 0.222 0.1215 0.15 5
0.695 0.55 0.205 2.173 1.133 0.4665 0.496 3
0.71 0.575 0.215 2.009 0.9895 0.4475 0.502 3
0.13 0.1 0.03 0.013 0.0045 0.003 0.004 2
0.4 0.29 0.1 0.258 0.104 0.059 0.0815 5
0.625 0.47 0.175 1.179 0.605 0.258 0.271 5
0.6 0.48 0.165 1.1345 0.4535 0.27 0.335 3
0.63 0.515 0.17 1.385 0.6355 0.2955 0.38 3
0.61 0.48 0.185 1.3065 0.6895 0.2915 0.29 3
0.465 0.36 0.12 0.4765 0.192 0.1125 0.16 3
0.34 0.26 0.08 0.2 0.08 0.0555 0.055 2
0.525 0.41 0.135 0.7905 0.4065 0.198 0.177 5
0.55 0.43 0.15 0.655 0.2635 0.122 0.221 5
0.435 0.35 0.105 0.4195 0.194 0.1005 0.13 5
0.565 0.455 0.155 0.9355 0.421 0.183 0.26 3
0.26 0.19 0.075 0.0945 0.0445 0.02 0.03 2
0.61 0.47 0.145 1.153 0.403 0.296 0.32 4
0.59 0.445 0.135 0.7715 0.328 0.1745 0.23 5
0.625 0.495 0.175 1.2935 0.5805 0.317 0.355 5
0.545 0.42 0.125 0.717 0.358 0.112 0.22 5
0.625 0.485 0.15 1.0945 0.531 0.261 0.296 3
0.71 0.555 0.17 1.47 0.5375 0.38 0.431 3
0.645 0.525 0.2 1.449 0.601 0.2565 0.505 4
0.51 0.4 0.15 0.745 0.2865 0.1675 0.235 4
0.505 0.44 0.14 0.8275 0.3415 0.1855 0.239 5
0.68 0.55 0.175 1.473 0.713 0.282 0.4295 3
0.245 0.18 0.065 0.071 0.03 0.013 0.0215 2
0.705 0.555 0.2 1.4685 0.4715 0.3235 0.52 1
0.5 0.4 0.13 0.6645 0.258 0.133 0.24 3
0.695 0.56 0.22 1.834 0.8455 0.422 0.455 3
0.74 0.565 0.205 2.119 0.9655 0.5185 0.482 3
0.64 0.525 0.185 1.707 0.763 0.4205 0.4435 3
0.58 0.46 0.165 1.2275 0.473 0.1965 0.435 4
0.56 0.43 0.15 0.8745 0.453 0.161 0.22 5
0.67 0.525 0.165 1.6085 0.682 0.3145 0.4005 3
0.5 0.41 0.15 0.662 0.2815 0.137 0.22 3
0.555 0.43 0.125 0.7005 0.3395 0.1355 0.2095 5
0.605 0.495 0.19 1.437 0.469 0.2655 0.41 4
0.17 0.13 0.095 0.03 0.013 0.008 0.01 2
0.425 0.34 0.1 0.382 0.164 0.096 0.1 2
0.35 0.265 0.09 0.2255 0.0995 0.0485 0.07 5
0.47 0.355 0.1 0.4755 0.1675 0.0805 0.185 3
0.495 0.395 0.135 0.6335 0.3035 0.1295 0.1495 5
0.665 0.515 0.2 1.2695 0.5115 0.2675 0.436 3
0.535 0.415 0.135 0.78 0.3165 0.169 0.2365 5
0.46 0.35 0.11 0.4675 0.2125 0.099 0.1375 5
0.505 0.38 0.145 0.651 0.2935 0.19 0.17 3
0.47 0.375 0.105 0.513 0.232 0.142 0.13 3
0.35 0.26 0.09 0.198 0.0725 0.056 0.06 3
0.59 0.465 0.17 1.0425 0.4635 0.24 0.27 3
0.3 0.22 0.065 0.1235 0.059 0.026 0.0315 2
0.78 0.6 0.21 2.548 1.1945 0.5745 0.6745 3
0.605 0.485 0.16 1.0565 0.37 0.2355 0.355 3
0.215 0.155 0.06 0.0525 0.021 0.0165 0.015 2
0.65 0.525 0.185 1.488 0.665 0.337 0.378 3
0.385 0.3 0.1 0.2895 0.1215 0.063 0.09 5
0.515 0.42 0.15 0.6725 0.2555 0.1335 0.235 3
0.41 0.3 0.1 0.301 0.124 0.069 0.09 5
0.74 0.6 0.195 1.974 0.598 0.4085 0.71 4
0.525 0.385 0.1 0.5115 0.246 0.1005 0.1455 5
0.46 0.35 0.12 0.4885 0.193 0.105 0.155 3
0.565 0.425 0.1 0.7145 0.3055 0.166 0.18 3
0.515 0.415 0.13 0.764 0.276 0.196 0.25 4
0.42 0.305 0.11 0.28 0.094 0.0785 0.0955 5
0.325 0.24 0.085 0.173 0.0795 0.038 0.05 5
0.57 0.44 0.155 1.116 0.4775 0.2315 0.27 4
0.5 0.36 0.12 0.439 0.1875 0.1055 0.1305 5
0.5 0.39 0.135 0.6595 0.3145 0.1535 0.1565 2
0.55 0.425 0.13 0.664 0.2695 0.163 0.21 5
0.735 0.6 0.22 2.555 1.1335 0.44 0.6 3
0.44 0.35 0.125 0.4035 0.175 0.063 0.129 5
0.275 0.2 0.065 0.1165 0.0565 0.013 0.035 5
0.52 0.4 0.105 0.872 0.4515 0.1615 0.1985 5
0.62 0.51 0.18 1.3315 0.594 0.276 0.388 3
0.605 0.435 0.13 0.9025 0.432 0.174 0.26 3
0.545 0.385 0.15 1.1185 0.5425 0.2445 0.2845 5
0.53 0.395 0.125 0.6235 0.2975 0.108 0.195 3
0.675 0.515 0.15 1.312 0.556 0.2845 0.4115 3
0.28 0.215 0.08 0.132 0.072 0.022 0.033 2
0.45 0.36 0.16 0.567 0.174 0.1245 0.225 3
0.51 0.37 0.21 1.183 0.508 0.292 0.343 5
0.5 0.385 0.12 0.516 0.197 0.1305 0.165 5
0.395 0.3 0.12 0.2995 0.1265 0.068 0.0895 5
0.34 0.265 0.07 0.185 0.0625 0.0395 0.07 5
0.495 0.4 0.145 0.578 0.2545 0.1305 0.1645 5
0.545 0.405 0.175 0.98 0.2585 0.207 0.38 1
0.52 0.425 0.155 0.7735 0.297 0.123 0.255 1
0.215 0.15 0.055 0.041 0.015 0.009 0.0125 2
0.655 0.46 0.16 1.494 0.6895 0.331 0.1825 5
0.535 0.42 0.16 0.7465 0.348 0.1515 0.2185 3
0.635 0.5 0.165 1.489 0.715 0.3445 0.3615 4
0.475 0.35 0.1 0.4545 0.2165 0.111 0.115 5
0.375 0.275 0.085 0.22 0.109 0.05 0.0605 5
0.425 0.38 0.105 0.3265 0.1285 0.0785 0.1 3
0.5 0.375 0.12 0.529 0.2235 0.123 0.16 5
0.47 0.36 0.1 0.4705 0.1635 0.089 0.1385 5
0.37 0.27 0.095 0.232 0.1325 0.041 0.0615 2
0.565 0.465 0.15 1.1285 0.377 0.3525 0.33 4
0.335 0.22 0.07 0.17 0.076 0.0365 0.05 2
0.72 0.6 0.235 2.2385 0.984 0.411 0.621 3
0.53 0.425 0.15 0.8495 0.328 0.232 0.202 5
0.63 0.47 0.155 1.1325 0.589 0.211 0.287 5
0.495 0.4 0.135 0.61 0.272 0.1435 0.144 5
0.295 0.225 0.08 0.124 0.0485 0.032 0.04 5
0.66 0.515 0.165 1.4465 0.694 0.298 0.3755 3
0.62 0.49 0.16 1.066 0.446 0.246 0.305 3
0.68 0.57 0.205 1.842 0.625 0.408 0.65 1
0.54 0.475 0.155 0.928 0.394 0.194 0.26 3
0.645 0.5 0.16 1.2465 0.5475 0.327 0.3 3
0.46 0.335 0.11 0.444 0.225 0.0745 0.11 5
0.4 0.315 0.105 0.287 0.1135 0.037 0.113 3
0.495 0.39 0.15 0.853 0.3285 0.189 0.27 4
0.625 0.49 0.185 1.169 0.5275 0.2535 0.344 3
0.62 0.485 0.205 1.219 0.3875 0.2505 0.385 4
0.685 0.54 0.16 1.6675 0.833 0.3775 0.475 3
0.665 0.5 0.17 1.2975 0.6035 0.291 0.3595 5
0.525 0.395 0.13 0.7635 0.3375 0.1425 0.225 5
0.44 0.33 0.135 0.4095 0.163 0.1005 0.119 2
0.58 0.445 0.17 1.178 0.3935 0.2165 0.315 1
0.57 0.465 0.18 1.295 0.339 0.2225 0.44 3
0.525 0.44 0.125 0.7115 0.3205 0.159 0.1915 5
0.415 0.325 0.115 0.3285 0.1405 0.051 0.106 3
0.715 0.55 0.175 1.825 0.938 0.3805 0.44 3
0.62 0.5 0.18 1.3915 0.726 0.2795 0.332 3
0.155 0.105 0.05 0.0175 0.005 0.0035 0.005 2
0.51 0.385 0.15 0.625 0.3095 0.119 0.1725 5
0.295 0.23 0.085 0.125 0.042 0.0285 0.043 5
0.595 0.475 0.14 0.944 0.3625 0.189 0.315 5
0.58 0.445 0.16 0.984 0.49 0.201 0.27 5
0.6 0.51 0.185 1.285 0.6095 0.2745 0.315 5
0.465 0.35 0.115 0.421 0.1565 0.091 0.1345 5
0.35 0.265 0.08 0.192 0.081 0.0465 0.053 2
0.335 0.25 0.08 0.1695 0.0695 0.044 0.0495 2
0.425 0.315 0.1 0.377 0.1645 0.072 0.105 2
0.43 0.335 0.105 0.378 0.188 0.0785 0.09 2
0.62 0.5 0.175 1.186 0.4985 0.3015 0.35 3
0.62 0.475 0.195 1.3585 0.5935 0.3365 0.3745 3
0.415 0.325 0.1 0.3335 0.1445 0.0715 0.095 5
0.325 0.24 0.075 0.187 0.0825 0.0445 0.05 2
0.615 0.5 0.165 1.1765 0.488 0.244 0.345 1
0.475 0.36 0.125 0.447 0.1695 0.081 0.14 5
0.475 0.365 0.12 0.5185 0.268 0.1095 0.1365 5
0.375 0.28 0.085 0.2145 0.0855 0.0485 0.072 5
0.67 0.52 0.195 1.8065 0.758 0.3735 0.5055 3
0.595 0.43 0.165 0.9845 0.4525 0.207 0.2725 5
0.435 0.345 0.12 0.4475 0.221 0.112 0.125 5
0.45 0.35 0.14 0.474 0.21 0.109 0.1275 4
0.42 0.335 0.115 0.369 0.171 0.071 0.12 5
0.675 0.565 0.195 1.8375 0.7645 0.3615 0.553 3
0.54 0.42 0.145 0.8655 0.4315 0.163 0.2175 3
0.49 0.39 0.135 0.5785 0.2465 0.123 0.2 4
0.535 0.41 0.13 0.6075 0.268 0.1225 0.1975 5
0.435 0.315 0.11 0.3685 0.1615 0.0715 0.12 5
0.475 0.365 0.14 0.6175 0.202 0.1445 0.19 4
0.45 0.34 0.12 0.4925 0.241 0.1075 0.12 2
0.585 0.465 0.19 1.171 0.3905 0.2355 0.4 1
0.445 0.345 0.105 0.409 0.1675 0.1015 0.117 5
0.395 0.29 0.095 0.304 0.127 0.084 0.077 2
0.65 0.52 0.195 1.676 0.693 0.44 0.47 4
0.605 0.48 0.155 0.9995 0.425 0.1985 0.3 3
0.6 0.47 0.135 0.97 0.4655 0.1955 0.264 3
0.575 0.45 0.165 0.9215 0.3275 0.225 0.256 3
0.445 0.355 0.11 0.4415 0.1805 0.1035 0.1505 3
0.595 0.46 0.16 0.921 0.4005 0.2025 0.2875 5
0.51 0.39 0.105 0.612 0.187 0.15 0.195 4
0.575 0.43 0.155 0.7955 0.3485 0.1925 0.22 5
0.57 0.44 0.175 0.9415 0.3805 0.2285 0.283 5
0.67 0.52 0.175 1.4755 0.6275 0.379 0.374 3
0.175 0.125 0.04 0.028 0.0095 0.008 0.009 2
0.535 0.41 0.15 0.8105 0.345 0.187 0.24 3
0.515 0.415 0.14 0.6935 0.3115 0.152 0.2 3
0.595 0.48 0.165 1.262 0.4835 0.283 0.41 1
0.465 0.375 0.11 0.5 0.21 0.113 0.1505 5
0.46 0.36 0.14 0.447 0.161 0.087 0.16 5
0.685 0.545 0.18 1.768 0.7495 0.392 0.485 4
0.67 0.535 0.185 1.597 0.6275 0.35 0.47 1
0.46 0.33 0.15 0.5325 0.2085 0.1805 0.125 3
0.295 0.22 0.085 0.1285 0.0585 0.027 0.0365 2
0.545 0.425 0.14 0.8145 0.305 0.231 0.244 3
0.45 0.34 0.125 0.4045 0.171 0.07 0.1345 5
0.58 0.445 0.135 0.95 0.484 0.182 0.2325 5
0.5 0.39 0.13 0.5075 0.2115 0.104 0.1755 5
0.675 0.52 0.145 1.3645 0.557 0.3405 0.385 3
0.65 0.525 0.185 1.622 0.6645 0.3225 0.477 3
0.56 0.45 0.155 0.9125 0.3595 0.271 0.35 3
0.36 0.27 0.085 0.196 0.0905 0.034 0.053 5
0.545 0.445 0.175 0.8525 0.3465 0.189 0.295 4
0.33 0.255 0.095 0.172 0.066 0.0255 0.06 2
0.57 0.465 0.155 0.872 0.3245 0.239 0.285 4
0.58 0.455 0.17 0.9075 0.374 0.2135 0.285 4
0.58 0.5 0.165 0.925 0.37 0.185 0.3005 3
0.405 0.325 0.11 0.3575 0.145 0.0725 0.11 3
0.76 0.605 0.215 2.173 0.801 0.4915 0.646 4
0.525 0.4 0.145 0.6095 0.248 0.159 0.175 5
0.475 0.365 0.115 0.459 0.2175 0.093 0.1165 5
0.61 0.495 0.165 1.0835 0.4525 0.273 0.317 5
0.5 0.415 0.165 0.6885 0.249 0.138 0.25 4
0.615 0.47 0.175 1.2985 0.5135 0.343 0.32 4
0.615 0.485 0.215 0.9615 0.422 0.176 0.29 3
0.63 0.51 0.17 1.1885 0.4915 0.3065 0.348 5
0.32 0.245 0.08 0.1585 0.0635 0.0325 0.05 4
0.275 0.195 0.09 0.1125 0.0545 0.0295 0.0355 2
0.675 0.55 0.175 1.689 0.694 0.371 0.474 4
0.345 0.27 0.09 0.195 0.078 0.0455 0.059 5
0.51 0.395 0.145 0.6185 0.216 0.1385 0.24 3
0.46 0.355 0.13 0.458 0.192 0.1055 0.13 4
0.58 0.44 0.175 1.2255 0.5405 0.2705 0.3265 3
0.54 0.42 0.12 0.8115 0.392 0.1455 0.2235 5
0.43 0.335 0.12 0.444 0.155 0.1145 0.14 4
0.585 0.46 0.145 0.8465 0.339 0.167 0.295 3
0.615 0.48 0.175 1.118 0.446 0.3195 0.3 5
0.42 0.3 0.105 0.316 0.1255 0.07 0.1035 5
0.51 0.4 0.13 0.5735 0.219 0.1365 0.195 4
0.57 0.455 0.175 1.02 0.4805 0.2145 0.29 5
0.52 0.4 0.125 0.6865 0.295 0.1715 0.185 5
0.495 0.37 0.12 0.594 0.28 0.11 0.1375 5
0.615 0.5 0.165 1.327 0.6 0.3015 0.355 3
0.595 0.435 0.15 0.9 0.4175 0.17 0.265 5
0.475 0.375 0.125 0.593 0.277 0.115 0.18 3
0.235 0.17 0.055 0.0515 0.018 0.0105 0.0195 5
0.44 0.35 0.11 0.4585 0.2 0.0885 0.13 5
0.37 0.29 0.08 0.2545 0.108 0.0565 0.07 2
0.52 0.38 0.13 0.5345 0.2375 0.122 0.1535 5
0.635 0.475 0.15 1.1845 0.533 0.307 0.291 3
0.52 0.38 0.135 0.5825 0.2505 0.1565 0.175 5
0.575 0.45 0.185 0.925 0.342 0.197 0.35 3
0.485 0.365 0.15 0.9145 0.4145 0.199 0.273 5
0.55 0.44 0.15 0.8945 0.3145 0.151 0.32 1
0.48 0.37 0.13 0.5885 0.2475 0.1505 0.1595 4
0.46 0.35 0.105 0.3705 0.1575 0.077 0.114 5
0.625 0.47 0.17 1.255 0.525 0.2415 0.405 3
0.61 0.475 0.14 1.133 0.5275 0.2355 0.35 3
0.32 0.24 0.07 0.133 0.0585 0.0255 0.041 2
0.535 0.4 0.15 1.224 0.618 0.275 0.2875 3
0.4 0.29 0.1 0.2675 0.1205 0.0605 0.0765 2
0.585 0.465 0.165 0.9355 0.4035 0.2275 0.259 5
0.29 0.205 0.07 0.0975 0.036 0.019 0.035 5
0.55 0.425 0.16 0.793 0.343 0.2035 0.215 5
0.17 0.125 0.055 0.0235 0.009 0.0055 0.008 2
0.295 0.22 0.065 0.1295 0.052 0.028 0.035 2
0.235 0.175 0.065 0.0615 0.0205 0.02 0.019 2
0.475 0.385 0.12 0.562 0.289 0.0905 0.153 5
0.515 0.4 0.135 0.636 0.3055 0.1215 0.1855 5
0.525 0.4 0.115 0.6295 0.2555 0.144 0.18 3
0.46 0.36 0.1 0.4635 0.2325 0.093 0.115 5
0.75 0.55 0.195 1.8325 0.83 0.366 0.44 3
0.565 0.44 0.115 0.9185 0.404 0.1785 0.29 3
0.62 0.51 0.18 1.233 0.592 0.274 0.322 3
0.415 0.32 0.11 0.3735 0.175 0.0755 0.109 5
0.61 0.47 0.195 1.2735 0.469 0.3315 0.398 3
0.465 0.35 0.135 0.6265 0.259 0.1445 0.175 5
0.56 0.445 0.155 1.224 0.5565 0.3225 0.2695 3
0.515 0.395 0.135 1.007 0.472 0.2495 0.252 5
0.515 0.4 0.14 0.7365 0.2955 0.184 0.185 4
0.69 0.55 0.2 1.8465 0.732 0.472 0.57 1
0.36 0.265 0.085 0.1895 0.0725 0.0515 0.055 2
0.375 0.275 0.09 0.218 0.093 0.0405 0.0755 2
0.325 0.24 0.075 0.152 0.065 0.0305 0.045 2
0.45 0.36 0.125 0.5065 0.222 0.105 0.16 3
0.46 0.355 0.11 0.4255 0.2015 0.081 0.13 5
0.62 0.47 0.145 1.0865 0.511 0.2715 0.2565 3
0.28 0.21 0.085 0.1075 0.0415 0.024 0.034 2
0.32 0.23 0.06 0.129 0.0615 0.0275 0.0355 5
0.54 0.415 0.15 0.8115 0.3875 0.1875 0.2035 5
0.4 0.3 0.125 0.417 0.191 0.09 0.1175 5
0.175 0.135 0.04 0.0305 0.011 0.0075 0.01 2
0.465 0.36 0.125 0.4365 0.169 0.1075 0.145 3
0.67 0.5 0.19 1.519 0.616 0.388 0.415 3
0.625 0.5 0.175 1.0565 0.4615 0.258 0.305 3
0.42 0.305 0.09 0.328 0.168 0.0615 0.082 2
0.635 0.5 0.18 1.319 0.5485 0.292 0.49 4
0.495 0.375 0.115 0.507 0.241 0.103 0.15 5
0.7 0.535 0.175 1.773 0.6805 0.48 0.512 4
0.5 0.385 0.105 0.498 0.1795 0.1095 0.17 1
0.53 0.42 0.13 0.658 0.296 0.1245 0.198 5
0.42 0.32 0.11 0.3625 0.174 0.0635 0.105 5
0.58 0.47 0.165 0.9975 0.3935 0.242 0.33 3
0.69 0.54 0.195 1.2525 0.73 0.3975 0.462 3
0.59 0.455 0.155 1.066 0.382 0.2275 0.415 1
0.47 0.355 0.12 0.4915 0.1765 0.1125 0.1325 5
0.39 0.28 0.09 0.215 0.0845 0.034 0.079 5
0.465 0.35 0.13 0.494 0.1945 0.103 0.155 1
0.315 0.24 0.07 0.137 0.0545 0.0315 0.04 5
0.56 0.46 0.18 0.97 0.342 0.196 0.355 3
0.67 0.52 0.19 1.6385 0.8115 0.369 0.391 5
0.355 0.285 0.095 0.2275 0.0955 0.0475 0.0715 2
0.735 0.585 0.185 2.124 0.952 0.55 0.5 3
0.63 0.505 0.195 1.306 0.516 0.3305 0.375 5
0.51 0.38 0.13 0.584 0.224 0.1355 0.185 4
0.37 0.27 0.095 0.2175 0.097 0.046 0.065 2
0.49 0.375 0.135 0.6125 0.2555 0.102 0.22 3
0.665 0.525 0.155 1.3575 0.5325 0.3045 0.4485 3
0.525 0.425 0.19 0.872 0.4625 0.1725 0.199 5
0.555 0.44 0.14 0.8705 0.407 0.156 0.255 5
0.635 0.495 0.195 1.172 0.445 0.3115 0.3475 3
0.485 0.39 0.085 0.6435 0.2945 0.103 0.198 5
0.29 0.21 0.075 0.275 0.113 0.0675 0.035 2
0.44 0.365 0.11 0.4465 0.213 0.089 0.1135 5
0.51 0.405 0.13 0.7175 0.3725 0.158 0.17 5
0.525 0.4 0.11 0.6275 0.3015 0.126 0.18 5
0.72 0.565 0.17 1.613 0.723 0.3255 0.4945 3
0.62 0.48 0.16 1.1125 0.5635 0.2445 0.281 5
0.38 0.285 0.085 0.237 0.115 0.0405 0.07 2
0.58 0.45 0.16 0.8675 0.3935 0.221 0.215 5
0.515 0.375 0.11 0.6065 0.3005 0.131 0.15 2
0.4 0.315 0.085 0.2675 0.116 0.0585 0.0765 2
0.675 0.51 0.15 1.1965 0.475 0.304 0.386 3
0.37 0.275 0.08 0.227 0.093 0.0625 0.07 5
0.57 0.455 0.165 1.0595 0.44 0.2195 0.285 4
0.45 0.355 0.115 0.4385 0.184 0.108 0.1125 3
0.63 0.48 0.16 1.199 0.5265 0.335 0.315 3
0.43 0.34 0 0.428 0.2065 0.086 0.115 5
0.66 0.51 0.175 1.218 0.5055 0.303 0.37 3
0.155 0.11 0.04 0.0155 0.0065 0.003 0.005 2
0.43 0.34 0.105 0.4405 0.2385 0.0745 0.1075 2
0.615 0.515 0.17 1.14 0.4305 0.2245 0.42 4
0.35 0.25 0.075 0.1695 0.0835 0.0355 0.041 2
0.635 0.515 0.17 1.275 0.509 0.286 0.34 4
0.5 0.365 0.13 0.5945 0.309 0.1085 0.1535 5
0.36 0.28 0.105 0.199 0.0695 0.045 0.08 5
0.33 0.225 0.075 0.187 0.0945 0.0395 0.0425 5
0.69 0.54 0.155 1.454 0.624 0.3105 0.39 5
0.675 0.53 0.195 1.4985 0.62 0.375 0.425 5
0.65 0.5 0.155 1.202 0.565 0.3135 0.294 3
0.575 0.45 0.12 0.9585 0.447 0.169 0.275 3
0.515 0.38 0.175 0.9565 0.325 0.158 0.31 4
0.53 0.43 0.16 0.7245 0.321 0.1275 0.24 5
0.465 0.36 0.13 0.5265 0.2105 0.1185 0.165 3
0.615 0.475 0.165 1.023 0.4905 0.1955 0.3035 3
0.615 0.48 0.18 1.1595 0.4845 0.2165 0.325 4
0.32 0.215 0.095 0.305 0.14 0.067 0.0885 2
0.385 0.315 0.11 0.286 0.1225 0.0635 0.0835 3
0.66 0.515 0.18 1.523 0.54 0.3365 0.555 4
0.485 0.38 0.14 0.673 0.2175 0.13 0.195 1
0.455 0.345 0.11 0.434 0.207 0.0855 0.1215 5
0.625 0.5 0.175 1.273 0.564 0.302 0.374 5
0.39 0.3 0.1 0.2665 0.1105 0.059 0.084 5
0.565 0.46 0.15 0.8765 0.3455 0.1925 0.275 3
0.44 0.32 0.095 0.3275 0.1495 0.059 0.1 5
0.41 0.31 0.09 0.3335 0.1635 0.061 0.091 2
0.515 0.425 0.145 0.9365 0.497 0.181 0.2185 5
0.725 0.53 0.19 1.7315 0.83 0.398 0.405 3
0.5 0.385 0.135 0.551 0.2245 0.0715 0.206 3
0.46 0.355 0.14 0.491 0.207 0.115 0.174 3
0.59 0.49 0.165 1.207 0.559 0.235 0.309 3
0.62 0.515 0.175 1.221 0.535 0.241 0.395 4
0.625 0.495 0.155 1.177 0.5055 0.278 0.345 5
0.42 0.325 0.115 0.2885 0.1 0.057 0.1135 4
0.38 0.285 0.1 0.2665 0.115 0.061 0.075 3
0.57 0.435 0.125 0.8965 0.383 0.1835 0.275 5
0.685 0.535 0.175 1.5845 0.7175 0.3775 0.4215 5
0.525 0.4 0.125 0.5655 0.2435 0.119 0.175 5
0.56 0.44 0.165 0.8 0.335 0.1735 0.25 3
0.745 0.57 0.215 2.25 1.1565 0.446 0.558 5
0.66 0.475 0.18 1.3695 0.641 0.294 0.335 2
0.725 0.56 0.185 1.792 0.873 0.367 0.435 3
0.575 0.45 0.135 0.8285 0.362 0.1655 0.236 3
0.44 0.32 0.105 0.3875 0.1755 0.074 0.12 5
0.52 0.4 0.145 0.66 0.267 0.1055 0.22 4
0.575 0.435 0.13 1.0105 0.368 0.222 0.32 3
0.49 0.38 0.13 0.539 0.229 0.1355 0.165 3
0.43 0.31 0.13 0.6485 0.2735 0.163 0.184 5
0.53 0.44 0.205 0.835 0.32 0.2175 0.245 4
0.54 0.405 0.15 0.7585 0.307 0.2075 0.19 3
0.53 0.415 0.13 0.694 0.3905 0.111 0.167 5
0.615 0.47 0.145 1.0285 0.4435 0.2825 0.285 3
0.605 0.515 0.17 1.289 0.6 0.2945 0.3315 5
0.36 0.285 0.105 0.2415 0.0915 0.057 0.075 5
0.64 0.495 0.165 1.307 0.678 0.292 0.266 3
0.275 0.195 0.07 0.0875 0.0345 0.022 0.0255 2
0.635 0.505 0.155 1.2895 0.594 0.314 0.345 3
0.565 0.45 0.195 1.0035 0.406 0.2505 0.285 4
0.52 0.41 0.115 0.807 0.2855 0.179 0.235 3
0.49 0.38 0.125 0.549 0.245 0.1075 0.174 3
0.585 0.475 0.15 1.065 0.5315 0.199 0.2885 3
0.615 0.48 0.16 1.2525 0.585 0.2595 0.33 5
0.48 0.37 0.125 0.474 0.179 0.1035 0.175 5
0.51 0.375 0.11 0.5805 0.2865 0.118 0.148 5
0.47 0.35 0.115 0.487 0.1955 0.127 0.155 5
