0.255 0.19 0.075 0.0865 0.0345 0.0205 0.025 2
0.295 0.22 0.085 0.1285 0.0585 0.027 0.0365 2
0.44 0.34 0.105 0.402 0.1305 0.0955 0.165 3
0.405 0.3 0.09 0.269 0.103 0.067 0.11 2
0.49 0.395 0.12 0.674 0.3325 0.1235 0.185 5
0.6 0.45 0.14 0.869 0.3425 0.195 0.291 3
0.315 0.23 0.08 0.1375 0.0545 0.031 0.0445 2
0.58 0.46 0.15 1.0165 0.491 0.221 0.265 5
0.645 0.52 0.175 1.636 0.779 0.342 0.432 3
0.69 0.515 0.18 1.8445 0.9815 0.4655 0.341 4
0.655 0.49 0.175 1.3585 0.6395 0.294 0.365 3
0.505 0.385 0.13 0.6435 0.3135 0.149 0.1515 5
0.695 0.57 0.2 2.033 0.751 0.4255 0.685 4
0.565 0.425 0.135 0.8115 0.341 0.1675 0.255 4
0.41 0.305 0.09 0.3535 0.157 0.0745 0.1 5
0.3 0.22 0.09 0.1425 0.057 0.0335 0.043 5
0.605 0.48 0.14 0.991 0.4735 0.2345 0.24 5
0.575 0.46 0.165 0.9575 0.4815 0.1945 0.236 3
0.55 0.44 0.135 0.879 0.368 0.2095 0.265 3
0.42 0.32 0.11 0.309 0.115 0.0645 0.0945 2
0.555 0.435 0.14 0.765 0.3945 0.15 0.206 5
0.235 0.13 0.075 0.1585 0.0685 0.037 0.0465 2
0.595 0.47 0.15 0.8915 0.359 0.2105 0.245 3
0.5 0.4 0.125 0.5975 0.27 0.1275 0.166 5
0.305 0.225 0.09 0.1465 0.063 0.034 0.0415 2
0.465 0.35 0.11 0.4085 0.165 0.102 0.131 5
0.46 0.36 0.115 0.4755 0.2105 0.105 0.16 5
0.695 0.535 0.175 1.8385 0.8035 0.396 0.503 3
0.63 0.51 0.19 1.4985 0.4125 0.3075 0.545 4
0.645 0.49 0.215 1.406 0.4265 0.2285 0.51 1
0.615 0.47 0.145 1.0285 0.4435 0.2825 0.285 3
0.315 0.23 0.07 0.144 0.053 0.0305 0.04 5
0.57 0.45 0.14 0.795 0.3385 0.148 0.245 5
0.545 0.4 0.14 0.778 0.368 0.215 0.18 5
0.64 0.49 0.135 1.1 0.488 0.2505 0.2925 3
0.59 0.46 0.13 1.102 0.455 0.2055 0.33 3
0.695 0.56 0.185 1.7715 0.8195 0.331 0.437 3
0.39 0.31 0.105 0.2665 0.1185 0.0525 0.081 5
0.605 0.49 0.165 1.1245 0.492 0.222 0.3555 3
0.355 0.255 0.08 0.187 0.078 0.0505 0.058 5
0.46 0.36 0.135 0.6105 0.1955 0.107 0.235 4
0.7 0.575 0.205 1.7975 0.7295 0.3935 0.5165 4
0.61 0.49 0.15 1.103 0.425 0.2025 0.36 1
0.655 0.5 0.14 1.1705 0.5405 0.3175 0.285 3
0.545 0.41 0.125 0.6935 0.2975 0.146 0.21 3
0.48 0.355 0.115 0.4725 0.2065 0.112 0.132 5
0.355 0.27 0.1 0.216 0.083 0.037 0.075 3
0.54 0.435 0.18 0.996 0.3835 0.226 0.325 1
0.65 0.495 0.16 1.3105 0.577 0.3315 0.355 5
0.625 0.515 0.16 1.264 0.5715 0.326 0.321 5
0.355 0.28 0.085 0.2905 0.095 0.0395 0.115 5
0.61 0.475 0.155 1.168 0.554 0.239 0.3295 3
0.555 0.41 0.125 0.599 0.2345 0.1465 0.194 5
0.69 0.525 0.19 1.492 0.6425 0.3905 0.42 3
0.55 0.385 0.13 0.7275 0.343 0.1625 0.19 5
0.355 0.28 0.095 0.2455 0.0955 0.062 0.075 3
0.57 0.46 0.135 0.9795 0.397 0.2525 0.2655 5
0.695 0.515 0.175 1.5165 0.578 0.4105 0.39 4
0.545 0.43 0.14 0.772 0.289 0.19 0.2615 5
0.155 0.115 0.025 0.024 0.009 0.005 0.0075 2
0.485 0.37 0.13 0.458 0.181 0.113 0.136 3
0.595 0.47 0.155 1.1775 0.542 0.269 0.31 5
0.515 0.39 0.14 0.678 0.341 0.1325 0.119 5
0.52 0.465 0.15 0.9505 0.456 0.199 0.255 5
0.57 0.425 0.13 0.782 0.3695 0.1745 0.1965 5
0.63 0.49 0.155 1.2525 0.63 0.246 0.289 5
0.555 0.45 0.145 0.915 0.4 0.246 0.285 3
0.565 0.465 0.15 1.1815 0.581 0.2215 0.3095 5
0.56 0.44 0.165 0.8 0.335 0.1735 0.25 3
0.51 0.4 0.12 0.7005 0.347 0.1105 0.195 3
0.53 0.43 0.17 0.775 0.35 0.152 0.235 1
0.45 0.38 0.165 0.8165 0.25 0.1915 0.265 1
0.4 0.32 0.095 0.348 0.194 0.053 0.087 2
0.375 0.27 0.135 0.597 0.272 0.131 0.1675 5
0.635 0.475 0.17 1.1935 0.5205 0.2695 0.3665 3
0.555 0.425 0.14 0.963 0.44 0.224 0.24 5
0.535 0.415 0.17 0.879 0.295 0.1965 0.285 3
0.42 0.34 0.125 0.4495 0.165 0.1125 0.144 3
0.62 0.485 0.205 1.219 0.3875 0.2505 0.385 4
0.38 0.285 0.09 0.2305 0.1005 0.039 0.0775 5
0.75 0.61 0.235 2.5085 1.232 0.519 0.612 4
0.315 0.23 0.07 0.1145 0.046 0.0235 0.0385 2
0.52 0.385 0.115 0.669 0.2385 0.172 0.205 3
0.525 0.42 0.155 0.842 0.428 0.1415 0.2045 5
0.55 0.43 0.15 0.84 0.395 0.195 0.223 5
0.45 0.335 0.125 0.4475 0.2165 0.126 0.11 2
0.43 0.325 0.09 0.425 0.217 0.087 0.095 5
0.375 0.28 0.08 0.2165 0.0935 0.0925 0.07 5
0.285 0.205 0.07 0.106 0.039 0.0285 0.034 2
0.62 0.47 0.2 1.2255 0.381 0.27 0.435 1
0.57 0.445 0.14 1.0635 0.5265 0.2195 0.24 5
0.275 0.195 0.07 0.08 0.031 0.0215 0.025 2
0.65 0.52 0.155 1.368 0.6185 0.288 0.365 5
0.47 0.375 0.105 0.513 0.232 0.142 0.13 3
0.64 0.51 0.2 1.3905 0.61 0.3315 0.41 3
0.435 0.335 0.1 0.3295 0.129 0.07 0.11 5
0.555 0.4 0.13 0.7075 0.332 0.1585 0.18 5
0.535 0.41 0.12 0.6835 0.3125 0.1655 0.159 5
0.53 0.435 0.135 0.7365 0.3275 0.1315 0.22 3
0.6 0.5 0.17 1.13 0.4405 0.267 0.335 3
0.53 0.425 0.13 0.7675 0.419 0.1205 0.21 5
0.495 0.38 0.145 0.515 0.175 0.098 0.212 4
0.72 0.55 0.18 1.52 0.637 0.325 0.435 3
0.58 0.455 0.17 0.93 0.408 0.259 0.22 5
0.68 0.52 0.175 1.543 0.7525 0.351 0.374 3
0.52 0.4 0.12 0.6515 0.261 0.2015 0.165 4
0.585 0.46 0.17 0.9325 0.365 0.271 0.29 5
0.445 0.31 0.09 0.336 0.1555 0.09 0.0855 5
0.505 0.4 0.125 0.583 0.246 0.13 0.175 5
0.46 0.33 0.15 0.5325 0.2085 0.1805 0.125 3
0.65 0.495 0.18 1.793 0.8005 0.339 0.53 4
0.62 0.45 0.135 0.924 0.358 0.2265 0.2965 3
0.655 0.52 0.2 1.5475 0.713 0.314 0.466 5
0.55 0.445 0.145 0.783 0.3045 0.157 0.265 3
0.605 0.475 0.15 1.15 0.575 0.232 0.297 3
0.69 0.54 0.155 1.454 0.624 0.3105 0.39 5
0.19 0.145 0.04 0.038 0.0165 0.0065 0.015 2
0.66 0.53 0.17 1.431 0.622 0.309 0.398 3
0.44 0.355 0.165 0.435 0.159 0.105 0.14 4
0.495 0.395 0.135 0.6335 0.3035 0.1295 0.1495 5
0.575 0.455 0.18 0.8525 0.3015 0.1825 0.3 4
0.36 0.265 0.09 0.2055 0.096 0.037 0.0585 5
0.64 0.525 0.2 1.3765 0.44 0.3075 0.47 4
0.44 0.32 0.105 0.3875 0.1755 0.074 0.12 5
0.41 0.3 0.09 0.28 0.141 0.0575 0.075 5
0.68 0.535 0.185 1.607 0.7245 0.3215 0.498 3
0.265 0.2 0.065 0.084 0.034 0.0105 0.03 5
0.57 0.46 0.17 0.9035 0.4075 0.1935 0.214 5
0.45 0.34 0.12 0.4925 0.241 0.1075 0.12 2
0.74 0.595 0.19 2.3235 1.1495 0.5115 0.505 3
0.675 0.55 0.18 1.6885 0.562 0.3705 0.6 4
0.69 0.54 0.185 1.71 0.7725 0.3855 0.4325 5
0.645 0.515 0.175 1.546 0.7035 0.365 0.415 3
0.42 0.32 0.13 0.4135 0.1645 0.106 0.119 3
0.55 0.43 0.14 0.7135 0.2565 0.186 0.225 5
0.36 0.27 0.085 0.2185 0.1065 0.038 0.062 2
0.53 0.42 0.14 0.6765 0.256 0.1855 0.208 5
0.49 0.38 0.125 0.549 0.245 0.1075 0.174 3
0.45 0.355 0.115 0.4385 0.184 0.108 0.1125 3
0.515 0.4 0.14 0.7365 0.2955 0.184 0.185 4
0.695 0.55 0.215 1.9565 0.7125 0.541 0.59 4
0.63 0.495 0.19 1.1655 0.536 0.2115 0.1625 3
0.62 0.51 0.205 1.3475 0.4775 0.2565 0.48 4
0.645 0.5 0.2 1.4285 0.639 0.305 0.36 3
0.32 0.255 0.1 0.1755 0.073 0.0415 0.065 5
0.455 0.37 0.11 0.514 0.2385 0.1235 0.126 5
0.65 0.515 0.18 1.463 0.658 0.3135 0.4115 3
0.47 0.375 0.105 0.441 0.167 0.0865 0.145 3
0.36 0.275 0.095 0.217 0.084 0.0435 0.09 5
0.43 0.32 0.1 0.3855 0.192 0.0745 0.1 5
0.42 0.345 0.115 0.3435 0.1515 0.0795 0.115 5
0.665 0.515 0.185 1.3405 0.5595 0.293 0.4375 3
0.415 0.315 0.12 0.4015 0.199 0.087 0.097 5
0.555 0.455 0.18 0.958 0.296 0.195 0.39 4
0.475 0.36 0.12 0.578 0.2825 0.12 0.17 5
0.455 0.35 0.12 0.4835 0.1815 0.144 0.16 3
0.58 0.46 0.135 0.926 0.4025 0.208 0.275 5
0.55 0.425 0.155 0.8725 0.412 0.187 0.2425 3
0.47 0.375 0.12 0.5565 0.226 0.122 0.195 3
0.6 0.475 0.175 1.3445 0.549 0.2875 0.36 3
0.42 0.305 0.09 0.328 0.168 0.0615 0.082 2
0.475 0.36 0.145 0.6325 0.2825 0.137 0.19 5
0.405 0.305 0.09 0.2825 0.114 0.0575 0.095 5
0.615 0.5 0.165 1.1765 0.488 0.244 0.345 1
0.485 0.38 0.14 0.673 0.2175 0.13 0.195 1
0.615 0.46 0.15 1.0265 0.4935 0.201 0.2745 3
0.43 0.335 0.12 0.444 0.155 0.1145 0.14 4
0.52 0.4 0.145 0.7765 0.3525 0.1845 0.185 5
0.49 0.39 0.12 0.511 0.2205 0.103 0.1745 5
0.59 0.465 0.14 1.046 0.4695 0.263 0.263 5
0.55 0.435 0.145 0.843 0.328 0.1915 0.255 4
0.55 0.415 0.18 1.1655 0.502 0.301 0.311 5
0.485 0.415 0.14 0.5705 0.25 0.134 0.185 5
0.66 0.53 0.185 1.346 0.546 0.2705 0.476 3
0.515 0.4 0.125 0.615 0.2865 0.123 0.1765 5
0.315 0.23 0.07 0.164 0.0625 0.04 0.045 2
0.625 0.485 0.19 1.1745 0.4385 0.2305 0.42 1
0.43 0.33 0.1 0.449 0.254 0.0825 0.097 2
0.475 0.375 0.14 0.501 0.192 0.1175 0.175 4
0.435 0.345 0.115 0.418 0.222 0.0735 0.106 5
0.63 0.515 0.16 1.016 0.4215 0.244 0.355 1
0.415 0.315 0.1 0.3645 0.1765 0.0795 0.095 5
0.465 0.36 0.125 0.4365 0.169 0.1075 0.145 3
0.645 0.485 0.155 1.489 0.5915 0.312 0.38 1
0.56 0.42 0.14 0.837 0.414 0.214 0.2 5
0.6 0.475 0.155 1.21 0.653 0.1695 0.3205 3
0.505 0.405 0.18 0.606 0.239 0.1235 0.18 3
0.58 0.455 0.15 1.114 0.4765 0.2155 0.265 5
0.635 0.525 0.16 1.195 0.5435 0.246 0.335 3
0.465 0.36 0.105 0.452 0.22 0.159 0.1035 5
0.62 0.485 0.155 1.049 0.462 0.231 0.25 3
0.595 0.46 0.17 1.1295 0.57 0.2555 0.265 3
0.3 0.24 0.09 0.161 0.0725 0.039 0.05 2
0.575 0.45 0.16 0.9775 0.3135 0.231 0.33 3
0.505 0.38 0.12 0.594 0.2595 0.1435 0.18 5
0.505 0.385 0.135 0.6185 0.251 0.1175 0.2 3
0.295 0.225 0.09 0.1105 0.0405 0.0245 0.032 5
0.44 0.35 0.11 0.3805 0.1575 0.0895 0.115 2
0.535 0.42 0.165 0.9195 0.3355 0.1985 0.26 4
0.645 0.51 0.2 1.5675 0.621 0.367 0.46 3
0.59 0.49 0.165 1.207 0.559 0.235 0.309 3
0.625 0.475 0.13 0.8595 0.3195 0.1775 0.24 4
0.645 0.495 0.15 1.2095 0.603 0.2225 0.339 5
0.29 0.225 0.075 0.152 0.071 0.059 0.045 5
0.47 0.37 0.14 0.4985 0.2095 0.1225 0.145 3
0.525 0.43 0.165 0.717 0.289 0.1745 0.195 3
0.505 0.44 0.14 0.8275 0.3415 0.1855 0.239 5
0.32 0.24 0.07 0.133 0.0585 0.0255 0.041 2
0.38 0.3 0.09 0.3215 0.1545 0.075 0.095 5
0.55 0.44 0.155 0.946 0.313 0.1825 0.335 4
0.655 0.53 0.175 1.2635 0.486 0.2635 0.415 4
0.615 0.46 0.19 1.066 0.4335 0.226 0.33 4
0.565 0.44 0.185 0.909 0.344 0.2325 0.255 4
0.485 0.37 0.1 0.513 0.219 0.1075 0.13 5
0.43 0.32 0.11 0.3675 0.1675 0.102 0.105 5
0.62 0.5 0.165 1.307 0.6355 0.2545 0.315 5
0.575 0.475 0.16 1.114 0.4955 0.2745 0.29 5
0.465 0.34 0.105 0.486 0.231 0.1035 0.1225 5
0.615 0.475 0.13 0.8425 0.353 0.1915 0.251 5
0.605 0.47 0.155 0.974 0.393 0.224 0.3345 5
0.48 0.355 0.11 0.4495 0.201 0.089 0.14 5
0.405 0.3 0.085 0.3035 0.15 0.0505 0.088 5
0.625 0.49 0.165 1.1835 0.517 0.2375 0.39 3
0.655 0.51 0.15 1.043 0.4795 0.223 0.305 5
0.555 0.43 0.14 0.7665 0.341 0.165 0.23 5
0.5 0.37 0.135 0.45 0.1715 0.1055 0.155 5
0.725 0.53 0.19 1.7315 0.83 0.398 0.405 3
0.525 0.435 0.155 1.065 0.486 0.233 0.285 5
0.55 0.43 0.14 0.84 0.375 0.218 0.1945 5
0.28 0.21 0.065 0.111 0.0425 0.0285 0.03 2
0.46 0.35 0.105 0.3705 0.1575 0.077 0.114 5
0.355 0.27 0.1 0.2255 0.11 0.042 0.064 5
0.365 0.27 0.075 0.2215 0.095 0.0445 0.07 2
0.485 0.37 0.13 0.526 0.2485 0.105 0.1555 2
0.495 0.375 0.15 0.597 0.2615 0.135 0.178 3
0.52 0.415 0.16 0.595 0.2105 0.142 0.26 4
0.44 0.345 0.17 0.4085 0.15 0.0825 0.1515 3
0.59 0.45 0.185 1.283 0.473 0.276 0.425 4
0.525 0.41 0.135 0.7085 0.293 0.1525 0.235 3
0.52 0.38 0.125 0.5545 0.288 0.1295 0.167 5
0.72 0.55 0.195 2.073 1.0715 0.4265 0.5015 5
0.63 0.495 0.175 1.2695 0.605 0.271 0.328 3
0.45 0.35 0.135 0.56 0.231 0.137 0.145 4
0.59 0.465 0.16 1.1005 0.506 0.2525 0.295 4
0.72 0.575 0.17 1.9335 0.913 0.389 0.51 4
0.63 0.485 0.145 1.062 0.5065 0.1785 0.3365 3
0.375 0.29 0.085 0.2385 0.118 0.045 0.0695 5
0.61 0.47 0.15 1.1625 0.565 0.258 0.3085 3
0.42 0.31 0.1 0.2865 0.115 0.0735 0.085 5
0.26 0.19 0.075 0.0945 0.0445 0.02 0.03 2
0.475 0.35 0.115 0.498 0.2375 0.099 0.14 5
0.34 0.25 0.075 0.1785 0.0665 0.0455 0.045 2
0.58 0.445 0.135 0.95 0.484 0.182 0.2325 5
0.635 0.495 0.015 1.1565 0.5115 0.308 0.2885 5
0.715 0.55 0.19 2.0045 1.0465 0.407 0.5075 3
0.535 0.4 0.135 0.8215 0.3935 0.196 0.205 5
0.49 0.355 0.16 0.8795 0.3485 0.215 0.2825 5
0.525 0.41 0.15 0.708 0.274 0.151 0.25 3
0.57 0.44 0.095 0.827 0.3395 0.2215 0.235 5
0.545 0.405 0.135 0.5945 0.27 0.1185 0.185 5
0.61 0.475 0.15 1.142 0.62 0.237 0.245 5
0.46 0.345 0.115 0.4215 0.1895 0.102 0.111 2
0.54 0.415 0.13 0.8245 0.272 0.226 0.24 4
0.55 0.41 0.125 0.7605 0.2505 0.1635 0.195 4
0.635 0.495 0.155 1.3635 0.583 0.2985 0.295 3
0.485 0.375 0.11 0.464 0.2015 0.09 0.149 5
0.62 0.46 0.17 1.127 0.535 0.2635 0.296 5
0.53 0.42 0.165 0.8945 0.319 0.239 0.245 3
0.455 0.36 0.115 0.457 0.2085 0.0855 0.147 3
0.59 0.445 0.14 0.931 0.356 0.234 0.28 3
0.625 0.5 0.15 0.953 0.3445 0.2235 0.305 4
0.545 0.42 0.125 0.717 0.358 0.112 0.22 5
0.68 0.515 0.175 1.6185 0.5125 0.409 0.62 3
0.58 0.44 0.125 0.7855 0.363 0.1955 0.195 3
0.175 0.135 0.04 0.0305 0.011 0.0075 0.01 2
0.5 0.415 0.165 0.6885 0.249 0.138 0.25 4
0.58 0.445 0.135 0.814 0.3775 0.1915 0.22 5
0.745 0.565 0.215 1.931 0.896 0.4585 0.5 3
0.605 0.455 0.16 1.1215 0.533 0.273 0.271 3
0.68 0.51 0.2 1.6075 0.714 0.339 0.4705 3
0.485 0.345 0.16 0.869 0.3085 0.185 0.319 5
0.465 0.36 0.11 0.4955 0.2665 0.085 0.121 5
0.34 0.275 0.09 0.2065 0.0725 0.043 0.07 3
0.73 0.57 0.165 2.0165 1.0685 0.418 0.435 3
0.61 0.47 0.175 1.214 0.5315 0.2835 0.325 3
0.56 0.45 0.175 1.011 0.3835 0.2065 0.37 4
0.615 0.455 0.145 1.1155 0.5045 0.238 0.315 3
0.525 0.4 0.155 0.707 0.282 0.1605 0.225 5
0.65 0.525 0.205 1.4275 0.69 0.306 0.4355 4
0.615 0.5 0.165 1.327 0.6 0.3015 0.355 3
0.51 0.4 0.13 0.6435 0.27 0.1665 0.205 3
0.55 0.45 0.14 0.753 0.3445 0.1325 0.24 5
0.435 0.33 0.095 0.393 0.219 0.075 0.0885 2
0.555 0.43 0.165 0.7575 0.2735 0.1635 0.275 4
0.6 0.495 0.175 1.29 0.606 0.276 0.3445 3
0.4 0.32 0.11 0.353 0.1405 0.0985 0.1 5
0.615 0.475 0.17 1.055 0.543 0.246 0.2345 5
0.595 0.48 0.165 1.262 0.4835 0.283 0.41 1
0.57 0.45 0.135 0.7805 0.3345 0.185 0.21 5
0.585 0.46 0.145 0.8465 0.339 0.167 0.295 3
0.675 0.54 0.21 1.593 0.686 0.318 0.45 3
0.475 0.385 0.145 0.6175 0.235 0.108 0.215 4
0.535 0.4 0.135 0.775 0.368 0.208 0.2055 5
0.56 0.46 0.18 0.97 0.342 0.196 0.355 3
0.565 0.44 0.15 0.983 0.4475 0.2355 0.2485 5
0.525 0.4 0.13 0.622 0.2655 0.147 0.184 5
0.65 0.52 0.195 1.676 0.693 0.44 0.47 4
0.67 0.52 0.19 1.32 0.5235 0.3095 0.4275 4
0.58 0.465 0.145 0.887 0.4405 0.1655 0.265 3
0.475 0.365 0.12 0.53 0.2505 0.0975 0.1625 3
0.645 0.525 0.16 1.5075 0.7455 0.245 0.4325 3
0.625 0.515 0.17 1.331 0.5725 0.3005 0.361 5
0.63 0.47 0.15 1.1355 0.539 0.2325 0.3115 3
0.565 0.46 0.15 0.8765 0.3455 0.1925 0.275 3
0.38 0.305 0.095 0.2815 0.1255 0.0525 0.09 5
0.55 0.415 0.135 0.8095 0.2985 0.2015 0.28 3
0.36 0.27 0.09 0.232 0.12 0.0435 0.056 5
0.47 0.345 0.12 0.3685 0.1525 0.0615 0.125 5
0.41 0.32 0.115 0.387 0.165 0.1005 0.0985 3
0.515 0.42 0.14 0.769 0.2505 0.154 0.29 4
0.625 0.5 0.14 1.096 0.5445 0.2165 0.295 3
0.6 0.475 0.18 1.1805 0.4345 0.2475 0.425 1
0.65 0.51 0.155 1.407 0.7215 0.298 0.335 5
0.53 0.43 0.16 0.7245 0.321 0.1275 0.24 5
0.655 0.515 0.145 1.25 0.5265 0.283 0.315 4
0.365 0.275 0.135 0.24 0.108 0.0445 0.0735 5
0.57 0.455 0.155 0.832 0.3585 0.174 0.277 3
0.235 0.16 0.04 0.048 0.0185 0.018 0.015 2
0.625 0.52 0.175 1.4105 0.691 0.322 0.3465 3
0.325 0.25 0.08 0.176 0.0595 0.0355 0.063 5
0.64 0.515 0.165 1.3115 0.4945 0.2555 0.41 3
0.61 0.47 0.16 1.0745 0.4925 0.236 0.29 5
0.505 0.39 0.15 0.685 0.362 0.131 0.156 5
0.6 0.445 0.135 0.9205 0.445 0.2035 0.253 5
0.505 0.385 0.125 0.596 0.245 0.097 0.21 5
0.56 0.435 0.185 1.106 0.422 0.2435 0.33 4
0.6 0.47 0.15 0.928 0.4225 0.183 0.275 5
0.455 0.435 0.11 0.4265 0.195 0.09 0.1205 5
0.46 0.34 0.135 0.495 0.1655 0.117 0.185 3
0.345 0.255 0.1 0.197 0.071 0.051 0.06 5
0.49 0.375 0.115 0.557 0.2275 0.1335 0.1765 5
0.265 0.205 0.07 0.1055 0.039 0.041 0.035 2
0.62 0.48 0.17 1.1045 0.535 0.25 0.287 3
0.36 0.28 0.08 0.1755 0.081 0.0505 0.07 2
0.6 0.47 0.15 0.922 0.363 0.194 0.305 3
0.64 0.5 0.15 1.0705 0.371 0.2705 0.36 5
0.6 0.465 0.16 1.133 0.466 0.2885 0.298 3
0.675 0.54 0.175 1.5545 0.6645 0.278 0.512 3
0.235 0.175 0.08 0.0645 0.0215 0.0175 0.0215 2
0.655 0.525 0.175 1.348 0.5855 0.2605 0.394 3
0.695 0.56 0.22 1.834 0.8455 0.422 0.455 3
0.455 0.375 0.125 0.484 0.2155 0.102 0.165 5
0.32 0.215 0.095 0.305 0.14 0.067 0.0885 2
0.55 0.425 0.15 0.639 0.269 0.1345 0.217 5
0.665 0.5 0.175 1.4355 0.643 0.345 0.37 5
0.54 0.42 0.14 0.74 0.3595 0.159 0.1985 5
0.405 0.25 0.09 0.2875 0.128 0.063 0.0805 5
0.635 0.5 0.18 1.312 0.529 0.2485 0.485 1
0.685 0.51 0.18 1.4545 0.6315 0.3105 0.3725 5
0.45 0.35 0.125 0.4775 0.2235 0.089 0.118 2
0.565 0.45 0.165 0.9765 0.322 0.244 0.37 3
0.525 0.425 0.12 0.702 0.3335 0.1465 0.22 3
0.59 0.455 0.16 1.09 0.5 0.2215 0.292 5
0.595 0.44 0.135 0.964 0.5005 0.1715 0.2575 3
0.645 0.485 0.15 1.2215 0.5695 0.2735 0.33 5
0.515 0.39 0.155 0.7125 0.3695 0.137 0.155 5
0.61 0.475 0.17 1.0265 0.435 0.2335 0.3035 3
0.645 0.48 0.17 1.1345 0.528 0.254 0.305 3
0.45 0.35 0.11 0.514 0.253 0.1045 0.14 5
0.38 0.32 0.115 0.6475 0.323 0.1325 0.164 5
0.455 0.345 0.15 0.5795 0.1685 0.125 0.215 4
0.615 0.505 0.165 1.34 0.5315 0.2815 0.41 3
0.46 0.355 0.11 0.415 0.215 0.082 0.13 3
0.455 0.35 0.125 0.4485 0.1585 0.102 0.1335 4
0.565 0.45 0.14 1.0055 0.3785 0.244 0.265 3
0.59 0.45 0.12 0.7485 0.3345 0.1315 0.22 4
0.77 0.6 0.215 2.1945 1.0515 0.482 0.584 3
0.525 0.405 0.115 0.72 0.3105 0.1915 0.2 4
0.565 0.455 0.175 1.013 0.342 0.207 0.35 1
0.42 0.32 0.115 0.376 0.169 0.092 0.1 2
0.53 0.415 0.115 0.5915 0.233 0.1585 0.18 3
0.345 0.265 0.09 0.163 0.0615 0.037 0.0485 3
0.335 0.245 0.09 0.1665 0.0595 0.04 0.06 2
0.425 0.34 0.1 0.382 0.164 0.096 0.1 2
0.58 0.425 0.15 0.844 0.3645 0.185 0.2705 5
0.6 0.45 0.16 1.142 0.539 0.225 0.307 3
0.62 0.48 0.15 1.1015 0.4965 0.243 0.305 3
0.665 0.53 0.185 1.3955 0.456 0.3205 0.49 4
0.575 0.46 0.15 0.927 0.333 0.207 0.2985 5
0.53 0.41 0.14 0.681 0.3095 0.1415 0.1835 2
0.295 0.215 0.075 0.116 0.037 0.0295 0.04 5
0.28 0.205 0.07 0.1015 0.041 0.03 0.03 2
0.665 0.525 0.18 1.429 0.6715 0.29 0.4 3
0.655 0.545 0.185 1.759 0.6865 0.313 0.547 3
0.415 0.31 0.095 0.311 0.1125 0.0625 0.115 5
0.68 0.52 0.165 1.4775 0.724 0.279 0.406 3
0.62 0.48 0.16 1.1125 0.5635 0.2445 0.281 5
0.525 0.39 0.12 0.664 0.3115 0.147 0.178 5
0.42 0.305 0.1 0.3415 0.1645 0.0775 0.086 5
0.65 0.52 0.195 1.281 0.5985 0.246 0.3825 3
0.435 0.33 0.11 0.38 0.1515 0.0945 0.11 5
0.205 0.15 0.055 0.042 0.0255 0.015 0.012 2
0.44 0.345 0.13 0.4495 0.209 0.0835 0.134 2
0.47 0.355 0.13 0.5465 0.2005 0.126 0.185 4
0.325 0.23 0.09 0.147 0.06 0.034 0.045 2
0.32 0.24 0.085 0.131 0.0615 0.0265 0.038 2
0.655 0.515 0.155 1.309 0.524 0.346 0.385 3
0.495 0.37 0.125 0.4775 0.185 0.0705 0.169 1
0.53 0.395 0.115 0.5685 0.249 0.1375 0.161 5
0.655 0.51 0.175 1.415 0.5885 0.3725 0.364 3
0.535 0.41 0.15 0.8105 0.345 0.187 0.24 3
0.645 0.5 0.225 1.626 0.587 0.4055 0.41 4
0.425 0.345 0.125 0.425 0.16 0.0795 0.154 4
0.59 0.45 0.125 0.86 0.437 0.1515 0.245 5
0.61 0.47 0.145 1.153 0.403 0.296 0.32 4
0.685 0.51 0.165 1.545 0.686 0.3775 0.4055 3
0.48 0.37 0.12 0.514 0.2075 0.131 0.155 4
0.72 0.575 0.215 2.173 0.9515 0.564 0.5365 3
0.45 0.36 0.16 0.567 0.174 0.1245 0.225 3
0.575 0.48 0.17 1.1 0.506 0.2485 0.31 3
0.63 0.505 0.18 1.272 0.6025 0.295 0.315 3
0.65 0.475 0.165 1.3875 0.58 0.3485 0.3095 5
0.53 0.42 0.12 0.5965 0.2555 0.141 0.177 5
0.595 0.455 0.155 1.0605 0.5135 0.2165 0.3 3
0.405 0.3 0.11 0.32 0.172 0.044 0.093 5
0.515 0.4 0.135 0.6965 0.32 0.1255 0.175 5
0.28 0.2 0.075 0.1225 0.0545 0.0115 0.035 2
0.55 0.425 0.15 0.8315 0.411 0.1765 0.2165 3
0.5 0.4 0.145 0.6025 0.216 0.138 0.21 3
0.5 0.39 0.13 0.5075 0.2115 0.104 0.1755 5
0.55 0.41 0.13 0.8705 0.4455 0.2115 0.213 5
0.565 0.435 0.185 1.032 0.354 0.2045 0.31 1
0.38 0.275 0.095 0.2425 0.106 0.0485 0.21 2
0.165 0.12 0.03 0.0215 0.007 0.005 0.005 2
0.545 0.435 0.145 0.9385 0.3685 0.1245 0.345 3
0.66 0.495 0.195 1.6275 0.594 0.3595 0.485 3
0.35 0.28 0.075 0.196 0.082 0.04 0.064 5
0.48 0.37 0.1 0.5135 0.243 0.1015 0.135 5
0.655 0.455 0.17 1.2895 0.587 0.3165 0.3415 3
0.63 0.515 0.16 1.336 0.553 0.3205 0.35 3
0.395 0.295 0.1 0.2715 0.134 0.0325 0.085 3
0.71 0.545 0.175 1.907 0.8725 0.4565 0.475 3
0.35 0.255 0.065 0.179 0.0705 0.0385 0.06 3
0.45 0.35 0.13 0.46 0.174 0.111 0.135 5
0.565 0.455 0.17 0.9065 0.342 0.156 0.32 1
0.58 0.45 0.15 0.927 0.276 0.1815 0.36 4
0.46 0.365 0.125 0.467 0.1895 0.0945 0.158 3
0.625 0.49 0.145 0.92 0.437 0.1735 0.28 3
0.545 0.375 0.12 0.543 0.2375 0.1155 0.1725 5
0.465 0.35 0.125 0.482 0.23 0.106 0.1095 2
0.645 0.525 0.2 1.449 0.601 0.2565 0.505 4
0.36 0.27 0.09 0.219 0.097 0.0405 0.065 2
0.56 0.425 0.14 0.9175 0.4005 0.1975 0.26 3
0.39 0.3 0.09 0.252 0.1065 0.053 0.08 5
0.565 0.505 0.21 1.2765 0.501 0.279 0.355 3
0.56 0.455 0.125 0.943 0.344 0.129 0.375 1
0.65 0.515 0.195 1.4005 0.5195 0.36 0.44 4
0.61 0.45 0.13 0.8725 0.389 0.1715 0.272 3
0.455 0.33 0.1 0.372 0.358 0.0775 0.11 5
0.72 0.565 0.18 1.719 0.8465 0.407 0.3875 3
0.305 0.245 0.075 0.156 0.0675 0.038 0.045 5
0.59 0.455 0.15 0.976 0.465 0.2055 0.2765 3
0.55 0.435 0.14 0.7535 0.3285 0.1555 0.2325 3
0.575 0.455 0.145 1.165 0.581 0.2275 0.3 4
0.38 0.27 0.095 0.219 0.0835 0.0515 0.07 2
0.305 0.23 0.075 0.1455 0.0595 0.0305 0.05 2
0.57 0.43 0.16 0.811 0.3875 0.159 0.2285 5
0.65 0.51 0.17 1.567 0.7245 0.349 0.391 3
0.635 0.51 0.155 1.156 0.428 0.289 0.315 1
0.5 0.375 0.13 0.721 0.3055 0.1725 0.22 4
0.67 0.5 0.19 1.519 0.616 0.388 0.415 3
0.335 0.25 0.08 0.1695 0.0695 0.044 0.0495 2
0.54 0.415 0.155 0.702 0.322 0.167 0.19 3
0.45 0.33 0.115 0.365 0.14 0.0825 0.1245 5
0.72 0.575 0.18 1.6705 0.732 0.3605 0.501 3
0.63 0.51 0.175 1.3415 0.6575 0.262 0.375 3
0.64 0.475 0.175 1.1545 0.4865 0.341 0.288 5
0.59 0.455 0.165 1.161 0.38 0.2455 0.28 3
0.38 0.3 0.09 0.277 0.1655 0.0625 0.082 2
0.58 0.45 0.195 0.8265 0.4035 0.173 0.225 5
0.64 0.585 0.195 1.647 0.7225 0.331 0.471 3
0.535 0.45 0.17 0.781 0.3055 0.1555 0.295 3
0.71 0.565 0.205 2.198 1.012 0.5225 0.5475 3
0.575 0.445 0.145 0.847 0.415 0.1945 0.22 5
0.665 0.52 0.175 1.3725 0.606 0.32 0.395 3
0.36 0.27 0.09 0.2075 0.098 0.039 0.062 2
0.66 0.52 0.2 1.676 0.673 0.4805 0.45 1
0.48 0.37 0.135 0.6315 0.3445 0.1015 0.161 5
0.635 0.495 0.195 1.297 0.556 0.2985 0.37 3
0.69 0.53 0.19 1.5955 0.678 0.331 0.48 3
0.33 0.24 0.075 0.163 0.0745 0.033 0.048 2
0.35 0.26 0.095 0.211 0.086 0.056 0.068 5
0.6 0.48 0.17 0.9175 0.38 0.2225 0.29 5
0.615 0.47 0.155 1.2 0.5085 0.32 0.292 5
0.73 0.575 0.185 1.8795 0.931 0.38 0.4825 3
0.485 0.365 0.15 0.9145 0.4145 0.199 0.273 5
0.625 0.49 0.19 1.7015 0.7465 0.4105 0.3855 3
0.535 0.4 0.15 1.224 0.618 0.275 0.2875 3
0.475 0.385 0.11 0.5735 0.311 0.1025 0.136 5
0.45 0.355 0.12 0.412 0.1145 0.0665 0.16 1
0.625 0.49 0.11 1.136 0.5265 0.1915 0.2925 5
0.605 0.47 0.16 1.0835 0.5405 0.2215 0.275 3
0.57 0.45 0.145 0.751 0.2825 0.2195 0.2215 3
0.6 0.465 0.155 1.0165 0.512 0.2465 0.225 3
0.615 0.475 0.205 1.337 0.5995 0.2815 0.37 3
0.575 0.45 0.155 0.9765 0.495 0.2145 0.235 5
0.59 0.465 0.135 0.9895 0.4235 0.199 0.28 5
0.7 0.54 0.215 1.978 0.6675 0.3125 0.71 1
0.55 0.425 0.13 0.664 0.2695 0.163 0.21 5
0.4 0.32 0.095 0.303 0.1335 0.06 0.1 5
0.58 0.475 0.165 1.0385 0.414 0.26 0.305 4
0.405 0.3 0.12 0.324 0.1265 0.07 0.11 5
0.32 0.235 0.09 0.183 0.098 0.0335 0.042 5
0.48 0.355 0.16 0.464 0.221 0.106 0.239 5
0.435 0.335 0.105 0.3535 0.156 0.05 0.1135 5
0.655 0.545 0.19 1.4245 0.6325 0.333 0.378 3
0.305 0.23 0.08 0.156 0.0675 0.0345 0.048 5
0.32 0.245 0.075 0.1555 0.0585 0.038 0.049 3
0.59 0.485 0.205 1.2315 0.4525 0.238 0.42 4
0.595 0.43 0.165 0.9845 0.4525 0.207 0.2725 5
0.475 0.35 0.1 0.4545 0.2165 0.111 0.115 5
0.275 0.195 0.07 0.0875 0.0345 0.022 0.0255 2
0.525 0.44 0.125 0.7115 0.3205 0.159 0.1915 5
0.53 0.44 0.205 0.835 0.32 0.2175 0.245 4
0.47 0.37 0.105 0.4665 0.2025 0.1015 0.155 3
0.5 0.375 0.125 0.5695 0.259 0.124 0.157 5
0.51 0.415 0.14 0.8185 0.3025 0.2155 0.235 4
0.61 0.495 0.165 1.0835 0.4525 0.273 0.317 5
0.475 0.365 0.105 0.4175 0.1645 0.099 0.127 5
0.66 0.53 0.185 1.3485 0.493 0.245 0.49 3
0.66 0.525 0.19 1.67 0.6525 0.4875 0.49 3
0.54 0.455 0.14 0.972 0.419 0.255 0.269 3
0.505 0.395 0.135 0.5915 0.288 0.1315 0.185 3
0.665 0.525 0.18 1.5785 0.678 0.229 0.456 4
0.31 0.225 0.07 0.1055 0.435 0.015 0.04 2
0.65 0.495 0.17 1.276 0.6215 0.2305 0.399 3
0.58 0.42 0.14 0.701 0.3285 0.102 0.2255 5
0.525 0.415 0.135 0.7945 0.394 0.189 0.202 5
0.655 0.58 0.205 2.0805 0.959 0.3415 0.601 1
0.36 0.28 0.105 0.199 0.0695 0.045 0.08 5
0.33 0.265 0.085 0.196 0.0775 0.0305 0.0445 2
0.28 0.21 0.055 0.106 0.0415 0.0265 0.031 2
0.345 0.27 0.095 0.197 0.0665 0.05 0.07 5
0.675 0.555 0.2 1.4385 0.545 0.2665 0.465 1
0.665 0.5 0.17 1.2975 0.6035 0.291 0.3595 5
0.355 0.265 0.09 0.168 0.05 0.041 0.063 5
0.445 0.355 0.11 0.4415 0.1805 0.1035 0.1505 3
0.485 0.39 0.085 0.6435 0.2945 0.103 0.198 5
0.395 0.295 0.095 0.2245 0.078 0.054 0.08 3
0.37 0.28 0.085 0.217 0.1095 0.035 0.062 2
0.33 0.255 0.095 0.1875 0.0735 0.045 0.06 5
0.58 0.47 0.15 0.907 0.444 0.1855 0.2445 3
0.49 0.39 0.135 0.592 0.242 0.096 0.1835 4
0.5 0.405 0.14 0.6735 0.265 0.124 0.25 1
0.455 0.375 0.12 0.497 0.2355 0.1055 0.1295 2
0.46 0.365 0.125 0.4785 0.206 0.1045 0.141 5
0.565 0.455 0.13 1.058 0.439 0.2645 0.3 3
0.52 0.395 0.115 0.6445 0.3155 0.1245 0.186 3
0.55 0.42 0.145 0.7385 0.321 0.1485 0.252 3
0.52 0.4 0.125 0.6865 0.295 0.1715 0.185 5
0.52 0.41 0.14 0.699 0.3395 0.129 0.1945 3
0.655 0.525 0.18 1.402 0.624 0.2935 0.365 4
0.575 0.455 0.155 0.8725 0.349 0.2095 0.285 5
0.61 0.49 0.16 1.1545 0.5865 0.2385 0.2915 3
0.4 0.325 0.12 0.3185 0.134 0.0565 0.095 5
0.285 0.22 0.065 0.096 0.0405 0.0205 0.03 2
0.435 0.35 0.11 0.384 0.143 0.1005 0.125 4
0.485 0.4 0.135 0.663 0.313 0.137 0.2 3
0.595 0.455 0.155 1.041 0.416 0.2105 0.365 4
0.66 0.525 0.18 1.5965 0.7765 0.397 0.3605 3
0.31 0.225 0.075 0.1295 0.0455 0.0335 0.044 5
0.385 0.29 0.1 0.2575 0.1 0.061 0.086 2
0.5 0.41 0.15 0.662 0.2815 0.137 0.22 3
0.47 0.355 0.18 0.441 0.1525 0.1165 0.135 5
0.665 0.515 0.165 1.3855 0.621 0.302 0.3445 5
0.65 0.59 0.22 1.662 0.77 0.378 0.435 3
0.425 0.34 0.12 0.388 0.149 0.087 0.125 3
0.545 0.43 0.13 0.7595 0.358 0.153 0.2055 5
0.425 0.34 0.1 0.3515 0.1625 0.082 0.094 5
0.435 0.345 0.12 0.3215 0.13 0.056 0.1185 5
0.47 0.355 0.14 0.433 0.1525 0.095 0.152 3
0.27 0.205 0.075 0.118 0.059 0.031 0.0305 2
0.325 0.24 0.075 0.1525 0.072 0.0645 0.043 2
0.635 0.505 0.19 1.3315 0.5805 0.252 0.435 1
0.605 0.49 0.18 1.227 0.48 0.287 0.35 1
0.35 0.26 0.09 0.195 0.0745 0.041 0.0655 5
0.525 0.38 0.135 0.615 0.261 0.159 0.175 5
0.53 0.38 0.125 0.616 0.292 0.113 0.185 5
0.435 0.34 0.115 0.3925 0.1825 0.078 0.1145 2
0.52 0.405 0.12 0.627 0.2645 0.1415 0.181 3
0.58 0.455 0.12 0.94 0.399 0.257 0.265 3
0.65 0.515 0.175 1.4805 0.5295 0.272 0.525 1
0.49 0.38 0.135 0.5415 0.2175 0.095 0.19 3
0.515 0.41 0.14 0.7355 0.3065 0.137 0.2 5
0.4 0.305 0.085 0.297 0.108 0.0705 0.1 3
0.295 0.215 0.085 0.128 0.049 0.034 0.04 2
0.485 0.375 0.14 0.521 0.2 0.123 0.17 5
0.36 0.27 0.085 0.196 0.0875 0.035 0.064 2
0.68 0.52 0.185 1.541 0.5985 0.395 0.4575 3
0.41 0.325 0.1 0.394 0.208 0.0655 0.106 2
0.475 0.375 0.125 0.588 0.237 0.1715 0.155 3
0.435 0.33 0.105 0.335 0.156 0.0555 0.105 5
0.375 0.275 0.09 0.238 0.1075 0.0545 0.07 2
0.575 0.465 0.195 0.9965 0.417 0.247 0.47 5
0.535 0.44 0.165 0.875 0.279 0.18 0.3 3
0.545 0.415 0.15 0.7335 0.2795 0.163 0.2185 3
0.37 0.275 0.08 0.227 0.093 0.0625 0.07 5
0.455 0.325 0.135 0.82 0.4005 0.1715 0.211 5
0.565 0.47 0.195 1.142 0.387 0.258 0.35 1
0.57 0.435 0.14 0.8585 0.3905 0.196 0.2295 5
0.53 0.41 0.165 0.8115 0.24 0.169 0.24 1
0.55 0.465 0.15 0.936 0.481 0.174 0.2435 5
0.355 0.27 0.075 0.1775 0.079 0.0315 0.054 2
0.53 0.405 0.15 0.889 0.4055 0.2275 0.215 5
0.655 0.505 0.195 1.4405 0.688 0.3805 0.363 3
0.49 0.365 0.125 0.5585 0.252 0.126 0.1615 3
0.645 0.495 0.19 1.539 0.6115 0.408 0.445 3
0.555 0.435 0.165 0.97 0.336 0.2315 0.295 1
0.37 0.265 0.075 0.214 0.09 0.051 0.07 2
0.6 0.47 0.175 1.105 0.4865 0.247 0.315 4
0.715 0.535 0.19 1.6755 0.889 0.313 0.42 3
0.58 0.455 0.16 0.9215 0.312 0.196 0.3 1
0.55 0.435 0.14 0.745 0.347 0.174 0.2265 5
0.35 0.265 0.08 0.2 0.09 0.042 0.06 5
0.505 0.355 0.125 0.601 0.25 0.1205 0.185 5
0.58 0.46 0.14 0.9265 0.4135 0.1845 0.27 3
0.495 0.385 0.135 0.6625 0.3005 0.1635 0.185 3
0.605 0.475 0.145 0.884 0.3835 0.1905 0.27 5
0.225 0.17 0.05 0.0515 0.019 0.012 0.017 2
0.61 0.48 0.165 1.244 0.6345 0.257 0.305 3
0.515 0.405 0.13 0.722 0.32 0.131 0.21 3
0.52 0.41 0.11 0.5185 0.2165 0.0915 0.184 5
0.365 0.27 0.085 0.1875 0.081 0.042 0.058 2
0.375 0.28 0.08 0.2345 0.1125 0.0455 0.067 2
0.55 0.435 0.11 0.806 0.3415 0.203 0.215 5
0.605 0.475 0.175 1.201 0.5395 0.275 0.309 3
0.445 0.335 0.1 0.4895 0.2745 0.086 0.1105 5
0.28 0.205 0.08 0.127 0.052 0.039 0.042 5
0.525 0.4 0.14 0.6055 0.2605 0.108 0.21 5
0.69 0.525 0.2 1.7825 0.9165 0.3325 0.461 3
0.61 0.47 0.16 1.022 0.449 0.2345 0.2945 5
0.42 0.3 0.105 0.316 0.1255 0.07 0.1035 5
0.625 0.49 0.2 1.3825 0.5895 0.285 0.381 3
0.595 0.475 0.14 0.944 0.3625 0.189 0.315 5
0.5 0.38 0.12 0.5765 0.273 0.135 0.145 5
0.655 0.525 0.19 1.3595 0.564 0.3215 0.3985 3
0.47 0.355 0.145 0.4485 0.156 0.102 0.123 5
0.515 0.4 0.115 0.578 0.191 0.1445 0.17 5
0.6 0.47 0.155 1.036 0.4375 0.196 0.325 1
0.635 0.5 0.18 1.319 0.5485 0.292 0.49 4
0.525 0.4 0.135 0.714 0.318 0.138 0.208 3
0.525 0.41 0.13 0.99 0.3865 0.243 0.295 4
0.55 0.43 0.155 0.785 0.289 0.227 0.233 3
0.715 0.525 0.2 1.89 0.95 0.436 0.4305 3
0.37 0.29 0.09 0.2445 0.089 0.0655 0.075 5
0.58 0.43 0.13 0.798 0.365 0.173 0.2285 3
0.47 0.355 0.125 0.499 0.21 0.0985 0.155 5
0.645 0.52 0.21 1.5535 0.616 0.3655 0.474 4
0.3 0.23 0.095 0.1385 0.056 0.0365 0.037 2
0.435 0.395 0.105 0.3635 0.136 0.098 0.13 5
0.535 0.41 0.155 0.6315 0.2745 0.1415 0.1815 3
0.455 0.35 0.14 0.5185 0.221 0.1265 0.135 3
0.535 0.42 0.145 0.926 0.398 0.1965 0.25 1
0.28 0.21 0.085 0.1075 0.0415 0.024 0.034 2
0.31 0.215 0.075 0.1275 0.0565 0.0275 0.036 5
0.58 0.455 0.13 0.852 0.41 0.1725 0.225 5
0.44 0.32 0.095 0.3275 0.1495 0.059 0.1 5
0.46 0.355 0.14 0.4935 0.216 0.133 0.115 4
0.42 0.315 0.1 0.3435 0.157 0.0795 0.09 2
0.44 0.35 0.14 0.451 0.171 0.0705 0.184 4
0.6 0.475 0.23 1.157 0.522 0.2235 0.36 3
0.625 0.5 0.18 1.3705 0.645 0.303 0.3705 3
0.615 0.515 0.135 1.1215 0.545 0.2305 0.29 5
0.415 0.325 0.1 0.3335 0.1445 0.0715 0.095 5
0.645 0.5 0.175 1.5105 0.6735 0.3755 0.3775 3
0.695 0.55 0.155 1.8495 0.767 0.442 0.4175 3
0.48 0.375 0.115 0.6765 0.3205 0.1065 0.17 2
0.48 0.37 0.13 0.5885 0.2475 0.1505 0.1595 4
0.675 0.55 0.19 1.551 0.7105 0.3685 0.412 4
0.575 0.445 0.16 0.9175 0.45 0.1935 0.24 5
0.39 0.28 0.125 0.564 0.3035 0.0955 0.143 5
0.635 0.5 0.17 1.4345 0.611 0.309 0.418 3
0.685 0.53 0.17 1.5105 0.7385 0.3525 0.3725 3
0.6 0.47 0.2 1.031 0.392 0.2035 0.29 4
0.665 0.515 0.2 1.2695 0.5115 0.2675 0.436 3
0.63 0.475 0.175 1.423 0.4155 0.3385 0.49 4
0.615 0.475 0.17 1.1025 0.4695 0.2355 0.345 4
0.39 0.31 0.085 0.344 0.181 0.0695 0.079 5
0.56 0.445 0.155 1.224 0.5565 0.3225 0.2695 3
0.525 0.405 0.15 0.795 0.3075 0.205 0.255 4
0.525 0.4 0.14 0.6955 0.2405 0.16 0.253 3
0.61 0.46 0.145 1.1185 0.478 0.2945 0.2985 3
0.2 0.14 0.055 0.035 0.0145 0.008 0.01 2
0.465 0.345 0.105 0.4015 0.242 0.0345 0.109 2
0.425 0.31 0.105 0.365 0.159 0.0825 0.105 2
0.74 0.535 0.185 1.65 0.734 0.4505 0.335 4
0.455 0.35 0.105 0.416 0.1625 0.097 0.145 3
0.595 0.485 0.145 1.2515 0.5035 0.2925 0.33 4
0.52 0.405 0.115 0.776 0.32 0.1845 0.22 5
0.58 0.44 0.18 0.854 0.3665 0.1635 0.245 3
0.63 0.48 0.15 1.0525 0.392 0.336 0.285 3
0.3 0.23 0.075 0.127 0.052 0.03 0.0345 2
0.62 0.47 0.225 1.115 0.378 0.2145 0.36 4
0.63 0.505 0.15 1.3165 0.6325 0.2465 0.37 3
0.3 0.23 0.08 0.1275 0.0435 0.0265 0.04 5
0.59 0.47 0.18 1.187 0.5985 0.227 0.31 5
0.485 0.38 0.125 0.5215 0.2215 0.118 0.16 5
0.67 0.525 0.18 1.6615 0.8005 0.3645 0.43 3
0.55 0.41 0.145 0.8285 0.3095 0.1905 0.25 4
0.685 0.545 0.205 1.7925 0.8145 0.416 0.461 5
0.18 0.125 0.05 0.023 0.0085 0.0055 0.01 2
0.575 0.455 0.185 1.156 0.5525 0.243 0.295 4
0.615 0.49 0.19 1.1345 0.4695 0.257 0.348 3
0.275 0.205 0.08 0.096 0.036 0.0185 0.03 2
0.72 0.545 0.185 1.7185 0.7925 0.401 0.468 3
0.64 0.5 0.175 1.273 0.5065 0.2925 0.405 4
0.6 0.47 0.17 1.0805 0.4995 0.2245 0.3205 5
0.575 0.45 0.165 0.9215 0.3275 0.225 0.256 3
0.625 0.505 0.215 1.4455 0.496 0.287 0.435 1
0.545 0.44 0.175 0.7745 0.2985 0.1875 0.265 3
0.53 0.405 0.125 0.6515 0.2715 0.1605 0.186 5
0.35 0.25 0.07 0.1605 0.0715 0.0335 0.046 2
0.66 0.515 0.2 1.6465 0.749 0.422 0.401 3
0.69 0.505 0.2 1.872 0.893 0.4015 0.48 3
0.695 0.53 0.19 1.726 0.7625 0.436 0.455 3
0.475 0.365 0.125 0.5465 0.229 0.1185 0.172 5
0.595 0.475 0.17 1.0965 0.419 0.229 0.35 1
0.595 0.455 0.15 1.044 0.518 0.2205 0.27 5
0.595 0.48 0.2 0.975 0.358 0.2035 0.34 4
0.64 0.505 0.18 1.297 0.59 0.3125 0.363 3
0.605 0.485 0.16 1.201 0.417 0.2875 0.38 5
0.365 0.27 0.105 0.2155 0.0915 0.0475 0.063 2
0.385 0.3 0.09 0.247 0.1225 0.044 0.0675 2
0.575 0.45 0.13 0.785 0.318 0.193 0.2265 5
0.325 0.24 0.07 0.152 0.0565 0.0305 0.054 5
0.505 0.425 0.125 0.6115 0.245 0.1375 0.2 5
0.535 0.4 0.13 0.657 0.2835 0.162 0.175 5
0.45 0.36 0.125 0.5065 0.222 0.105 0.16 3
0.71 0.565 0.2 1.601 0.706 0.321 0.45 3
0.65 0.485 0.14 1.175 0.475 0.2435 0.215 5
0.51 0.4 0.14 0.6905 0.259 0.151 0.23 3
0.42 0.325 0.115 0.314 0.1295 0.0635 0.1 5
0.385 0.3 0.1 0.2895 0.1215 0.063 0.09 5
0.475 0.365 0.115 0.459 0.2175 0.093 0.1165 5
0.625 0.5 0.185 1.2425 0.5995 0.248 0.335 3
0.47 0.36 0.105 0.544 0.27 0.1395 0.129 5
0.525 0.44 0.15 0.8425 0.3685 0.1985 0.24 3
0.37 0.28 0.09 0.218 0.0995 0.0545 0.0615 5
0.675 0.535 0.185 1.5575 0.7035 0.402 0.4 3
0.5 0.38 0.135 0.594 0.2945 0.104 0.1565 5
0.63 0.485 0.185 1.167 0.548 0.2485 0.34 3
0.595 0.475 0.17 1.247 0.48 0.225 0.425 1
0.485 0.385 0.13 0.568 0.2505 0.178 0.154 5
0.46 0.36 0.14 0.447 0.161 0.087 0.16 5
0.665 0.5 0.175 1.2975 0.6075 0.314 0.315 5
0.59 0.46 0.145 0.9015 0.419 0.1785 0.26 3
0.61 0.47 0.16 1.017 0.426 0.2255 0.32 3
0.64 0.505 0.19 1.2765 0.4835 0.328 0.4 3
0.63 0.515 0.17 1.385 0.6355 0.2955 0.38 3
0.395 0.3 0.09 0.2855 0.1385 0.0625 0.077 2
0.635 0.515 0.19 1.3715 0.5065 0.305 0.45 3
0.71 0.54 0.165 1.959 0.7665 0.261 0.78 1
0.475 0.355 0.105 0.468 0.201 0.1115 0.12 5
0.325 0.24 0.075 0.152 0.065 0.0305 0.045 2
0.475 0.36 0.11 0.452 0.191 0.099 0.13 5
0.545 0.415 0.16 0.7715 0.272 0.1455 0.2765 3
0.31 0.235 0.07 0.151 0.063 0.0405 0.045 2
0.47 0.38 0.125 0.4845 0.211 0.1075 0.142 2
0.645 0.48 0.19 1.371 0.6925 0.2905 0.35 3
0.445 0.35 0.13 0.4195 0.1695 0.0945 0.1195 5
0.5 0.38 0.135 0.5835 0.2295 0.1265 0.18 3
0.6 0.475 0.15 0.99 0.386 0.2195 0.3105 3
0.605 0.47 0.18 1.1405 0.3755 0.2805 0.385 4
0.45 0.33 0.105 0.3715 0.1865 0.0785 0.0975 5
0.62 0.49 0.17 1.2105 0.5185 0.2555 0.335 4
0.595 0.47 0.175 0.991 0.382 0.2395 0.5 3
0.67 0.545 0.2 1.7025 0.833 0.374 0.41 3
0.45 0.335 0.125 0.349 0.119 0.1055 0.115 3
0.6 0.48 0.165 0.9165 0.4135 0.1965 0.2725 5
0.605 0.475 0.175 1.2525 0.5575 0.3055 0.343 5
0.47 0.37 0.18 0.51 0.1915 0.1285 0.1625 5
0.705 0.57 0.185 1.761 0.747 0.3725 0.488 3
0.555 0.435 0.145 0.9685 0.4985 0.168 0.2385 5
0.655 0.525 0.16 1.46 0.686 0.311 0.405 3
0.585 0.465 0.16 0.9555 0.4595 0.236 0.265 5
0.5 0.385 0.13 0.768 0.2625 0.095 0.27 4
0.465 0.38 0.135 0.579 0.208 0.1095 0.22 4
0.37 0.28 0.09 0.233 0.0905 0.0545 0.07 3
0.58 0.44 0.175 1.073 0.4005 0.2345 0.335 1
0.625 0.48 0.145 1.085 0.4645 0.2445 0.327 3
0.575 0.45 0.145 0.795 0.364 0.1505 0.26 3
0.32 0.24 0.085 0.17 0.0655 0.047 0.049 5
0.705 0.55 0.2 1.7095 0.633 0.4115 0.49 4
0.66 0.485 0.155 1.2275 0.61 0.274 0.3 5
0.485 0.39 0.12 0.599 0.251 0.1345 0.169 5
0.55 0.45 0.145 0.741 0.295 0.1435 0.2665 3
0.405 0.305 0.1 0.268 0.1145 0.053 0.085 5
0.53 0.415 0.11 0.5745 0.2525 0.1235 0.189 5
0.545 0.4 0.13 0.686 0.3285 0.1455 0.18 5
0.58 0.46 0.15 1.1155 0.5575 0.2255 0.29 5
0.64 0.52 0.175 1.248 0.4245 0.2595 0.48 3
0.295 0.225 0.09 0.1385 0.048 0.046 0.05 5
0.535 0.4 0.145 0.705 0.3065 0.1365 0.22 3
0.625 0.475 0.16 1.0845 0.5005 0.2355 0.3105 3
0.67 0.54 0.175 1.482 0.739 0.2925 0.365 3
0.54 0.475 0.155 1.217 0.5305 0.3075 0.34 4
0.58 0.44 0.145 0.7905 0.3525 0.1645 0.242 3
0.285 0.21 0.055 0.101 0.0415 0.017 0.0335 2
0.64 0.525 0.185 1.707 0.763 0.4205 0.4435 3
0.575 0.46 0.185 1.094 0.4485 0.217 0.345 4
0.565 0.445 0.125 0.8305 0.3135 0.1785 0.23 3
0.435 0.34 0.12 0.396 0.1775 0.081 0.125 5
0.535 0.42 0.125 0.738 0.355 0.1895 0.1795 5
0.645 0.51 0.195 1.226 0.5885 0.2215 0.3745 3
0.49 0.385 0.16 0.656 0.2455 0.171 0.205 5
0.48 0.35 0.1 0.519 0.2365 0.1275 0.126 5
0.55 0.425 0.15 0.7665 0.339 0.176 0.21 5
0.61 0.47 0.155 1.0325 0.497 0.2175 0.2785 5
0.49 0.38 0.13 0.539 0.229 0.1355 0.165 3
0.565 0.45 0.185 0.9285 0.302 0.1805 0.265 3
0.365 0.285 0.085 0.2205 0.0855 0.0515 0.07 5
0.58 0.45 0.155 0.93 0.385 0.246 0.265 5
0.4 0.305 0.16 0.368 0.173 0.0705 0.105 5
0.7 0.55 0.17 1.684 0.7535 0.3265 0.32 3
0.435 0.34 0.11 0.407 0.1685 0.073 0.13 3
0.52 0.395 0.125 0.8115 0.4035 0.166 0.2 5
0.5 0.355 0.14 0.528 0.2125 0.149 0.14 5
0.405 0.3 0.105 0.304 0.1455 0.061 0.0805 2
0.465 0.39 0.14 0.5555 0.213 0.1075 0.215 4
0.44 0.34 0.105 0.364 0.148 0.0805 0.1175 5
0.645 0.5 0.16 1.3815 0.672 0.326 0.315 5
0.44 0.34 0.105 0.369 0.164 0.08 0.1015 2
0.655 0.54 0.175 1.5585 0.7285 0.402 0.385 3
0.46 0.375 0.12 0.4605 0.1775 0.11 0.15 5
0.57 0.465 0.125 0.849 0.3785 0.1765 0.24 4
0.495 0.395 0.12 0.553 0.224 0.1375 0.167 5
0.545 0.42 0.12 0.7865 0.403 0.185 0.17 5
0.65 0.49 0.155 1.122 0.545 0.228 0.3055 5
0.365 0.265 0.135 0.2215 0.105 0.047 0.0605 5
0.665 0.535 0.195 1.606 0.5755 0.388 0.48 4
0.65 0.535 0.175 1.2895 0.6095 0.2765 0.344 3
0.415 0.32 0.115 0.3045 0.1215 0.0735 0.094 5
0.625 0.485 0.175 1.362 0.6765 0.2615 0.3705 3
0.56 0.45 0.14 0.9 0.472 0.182 0.218 5
0.55 0.445 0.155 0.9905 0.544 0.178 0.218 5
0.4 0.3 0.115 0.318 0.1335 0.0725 0.0935 2
0.565 0.44 0.125 0.802 0.3595 0.1825 0.215 5
0.44 0.34 0.125 0.4895 0.1735 0.0875 0.2 4
0.27 0.195 0.065 0.1065 0.0475 0.0225 0.0285 2
0.71 0.56 0.18 1.652 0.735 0.381 0.4525 3
0.445 0.35 0.115 0.3615 0.1565 0.0695 0.117 5
0.45 0.325 0.115 0.4305 0.2235 0.0785 0.1155 5
0.42 0.315 0.11 0.4025 0.1855 0.083 0.1015 5
0.53 0.425 0.13 0.7455 0.2995 0.1355 0.245 3
0.635 0.5 0.18 1.2915 0.594 0.2695 0.37 5
0.815 0.65 0.25 2.255 0.8905 0.42 0.7975 4
0.465 0.405 0.135 0.7775 0.436 0.1715 0.1455 3
0.235 0.18 0.06 0.058 0.022 0.0145 0.018 2
0.54 0.405 0.15 0.7585 0.307 0.2075 0.19 3
0.485 0.365 0.14 0.6195 0.2595 0.1445 0.177 4
0.585 0.45 0.15 0.938 0.467 0.203 0.225 5
0.65 0.51 0.19 1.542 0.7155 0.3735 0.375 5
0.5 0.395 0.14 0.6215 0.2925 0.1205 0.195 5
0.5 0.395 0.14 0.7155 0.3165 0.176 0.24 3
0.55 0.43 0.16 0.9295 0.317 0.1735 0.355 4
0.585 0.415 0.155 0.6985 0.3 0.146 0.195 3
0.335 0.255 0.075 0.1635 0.0615 0.0345 0.057 5
0.745 0.585 0.215 2.499 0.9265 0.472 0.7 1
0.56 0.45 0.155 0.9125 0.3595 0.271 0.35 3
0.455 0.355 0.125 0.5325 0.225 0.126 0.1465 5
0.29 0.21 0.07 0.1115 0.048 0.0205 0.03 2
0.485 0.4 0.155 0.731 0.236 0.183 0.255 3
0.175 0.13 0.055 0.0315 0.0105 0.0065 0.0125 2
0.235 0.16 0.06 0.0545 0.0265 0.0095 0.015 2
0.465 0.39 0.11 0.6355 0.1815 0.157 0.225 4
0.495 0.375 0.12 0.589 0.3075 0.1215 0.1405 5
0.445 0.355 0.15 0.485 0.181 0.125 0.155 3
0.53 0.395 0.115 0.475 0.2025 0.101 0.148 5
0.645 0.505 0.165 1.318 0.55 0.3015 0.335 3
0.375 0.29 0.1 0.219 0.0925 0.038 0.075 2
0.52 0.4 0.13 0.6245 0.215 0.2065 0.17 4
0.43 0.345 0.115 0.3045 0.0925 0.055 0.12 3
0.515 0.39 0.12 0.6125 0.302 0.1365 0.1415 5
0.605 0.5 0.175 1.098 0.4765 0.232 0.375 3
0.59 0.47 0.16 1.206 0.479 0.2425 0.309 5
0.58 0.45 0.15 0.92 0.393 0.212 0.2895 5
0.45 0.35 0.135 0.494 0.2205 0.0945 0.1405 5
0.545 0.41 0.14 0.625 0.223 0.16 0.235 4
0.465 0.36 0.12 0.4765 0.192 0.1125 0.16 3
0.59 0.475 0.145 1.053 0.4415 0.262 0.325 4
0.625 0.505 0.175 1.131 0.5425 0.2265 0.323 5
0.57 0.465 0.155 0.872 0.3245 0.239 0.285 4
0.52 0.405 0.14 0.5775 0.2 0.145 0.179 3
0.66 0.505 0.185 1.528 0.69 0.3025 0.441 3
0.495 0.415 0.165 0.7485 0.264 0.134 0.285 4
0.47 0.375 0.125 0.5225 0.2265 0.104 0.162 5
0.47 0.365 0.135 0.522 0.2395 0.1525 0.145 3
0.485 0.37 0.14 0.5065 0.2425 0.088 0.1465 5
0.415 0.305 0.105 0.3605 0.12 0.082 0.1 3
0.325 0.24 0.085 0.173 0.0795 0.038 0.05 5
0.615 0.47 0.175 1.2985 0.5135 0.343 0.32 4
0.505 0.39 0.12 0.5725 0.2555 0.1325 0.146 5
0.44 0.34 0.14 0.482 0.186 0.1085 0.16 5
0.62 0.51 0.18 1.3315 0.594 0.276 0.388 3
0.405 0.305 0.095 0.3485 0.1455 0.0895 0.1 5
0.575 0.46 0.16 1.103 0.538 0.221 0.249 5
0.55 0.435 0.165 0.804 0.34 0.194 0.244 5
0.605 0.485 0.165 0.9515 0.4535 0.193 0.2765 3
0.43 0.325 0.115 0.3865 0.1475 0.1065 0.11 3
0.665 0.535 0.225 2.1835 0.7535 0.391 0.885 1
0.67 0.51 0.155 1.278 0.5605 0.3045 0.358 3
0.715 0.565 0.24 2.1995 0.7245 0.465 0.885 1
0.36 0.265 0.085 0.1865 0.0675 0.037 0.0615 5
0.355 0.27 0.075 0.204 0.3045 0.046 0.0595 5
0.62 0.485 0.165 1.166 0.483 0.238 0.355 4
0.525 0.415 0.16 0.6445 0.26 0.1575 0.22 3
0.625 0.495 0.18 1.0815 0.4715 0.254 0.3135 3
0.255 0.18 0.055 0.083 0.031 0.0215 0.02 2
0.24 0.175 0.055 0.0705 0.025 0.014 0.021 2
0.535 0.42 0.145 0.791 0.33 0.189 0.25 3
0.66 0.53 0.18 1.5175 0.7765 0.302 0.401 3
0.45 0.335 0.14 0.478 0.1865 0.115 0.16 3
0.645 0.51 0.155 1.539 0.6405 0.3585 0.43 3
0.375 0.26 0.08 0.2075 0.09 0.0415 0.07 2
0.18 0.125 0.035 0.0265 0.0095 0.0055 0.0085 2
0.415 0.31 0.11 0.2965 0.123 0.057 0.0995 3
0.465 0.36 0.08 0.488 0.191 0.125 0.155 3
0.555 0.45 0.175 0.874 0.3275 0.202 0.305 3
0.56 0.445 0.18 0.903 0.3575 0.2045 0.295 5
0.65 0.545 0.23 1.752 0.5605 0.2895 0.815 4
0.645 0.51 0.16 1.2415 0.5815 0.276 0.315 5
0.43 0.34 0.12 0.3575 0.151 0.0645 0.1045 5
0.55 0.44 0.16 0.991 0.348 0.168 0.375 1
0.58 0.46 0.155 1.4395 0.6715 0.273 0.2955 3
0.545 0.43 0.155 0.8035 0.409 0.144 0.228 5
0.295 0.215 0.07 0.121 0.047 0.0155 0.0405 2
0.595 0.465 0.15 1.1005 0.5415 0.166 0.265 5
0.52 0.41 0.14 0.5995 0.242 0.1375 0.182 3
0.565 0.45 0.175 1.0095 0.447 0.2375 0.2645 5
0.57 0.435 0.17 0.848 0.4 0.166 0.25 5
0.645 0.5 0.18 1.2785 0.5345 0.2995 0.345 4
0.44 0.365 0.125 0.516 0.2155 0.114 0.155 3
0.52 0.4 0.14 0.622 0.278 0.1455 0.169 5
0.385 0.3 0.09 0.308 0.1525 0.056 0.0835 5
0.35 0.25 0.1 0.4015 0.1725 0.063 0.1255 5
0.675 0.525 0.17 1.711 0.8365 0.352 0.475 5
0.71 0.5 0.15 1.3165 0.6835 0.2815 0.28 3
0.215 0.155 0.06 0.0525 0.021 0.0165 0.015 2
0.54 0.415 0.145 0.74 0.2635 0.168 0.245 3
0.51 0.395 0.12 0.6175 0.262 0.122 0.193 3
0.58 0.44 0.15 1.0465 0.518 0.2185 0.2795 3
0.33 0.255 0.095 0.172 0.066 0.0255 0.06 2
0.33 0.23 0.08 0.14 0.0565 0.0365 0.046 5
0.55 0.415 0.135 0.7635 0.318 0.21 0.2 5
0.6 0.46 0.18 1.14 0.423 0.2575 0.365 3
0.2 0.145 0.05 0.036 0.0125 0.008 0.011 2
0.385 0.295 0.085 0.2535 0.103 0.0575 0.085 5
0.49 0.38 0.14 0.7605 0.245 0.167 0.185 3
0.555 0.46 0.16 0.86 0.3345 0.1935 0.275 3
0.58 0.445 0.15 0.858 0.4 0.156 0.253 5
0.69 0.54 0.185 1.6195 0.533 0.353 0.555 1
0.45 0.335 0.105 0.447 0.2335 0.153 0.119 5
0.41 0.315 0.11 0.321 0.1255 0.0655 0.095 3
0.66 0.505 0.19 1.4385 0.6775 0.285 0.178 3
0.49 0.385 0.14 0.5425 0.198 0.127 0.175 3
0.57 0.445 0.155 0.867 0.3705 0.1705 0.28 5
0.62 0.465 0.19 1.3415 0.5705 0.3175 0.355 3
0.5 0.39 0.125 0.5215 0.2485 0.117 0.131 2
0.415 0.305 0.12 0.336 0.165 0.076 0.0805 5
0.385 0.28 0.095 0.257 0.119 0.059 0.07 5
0.635 0.485 0.165 1.2695 0.5635 0.3065 0.3395 3
0.5 0.385 0.115 0.6785 0.2945 0.138 0.195 3
0.605 0.445 0.14 0.982 0.4295 0.2085 0.295 3
0.58 0.455 0.17 0.9075 0.374 0.2135 0.285 4
0.595 0.465 0.15 1.0765 0.491 0.22 0.287 5
0.275 0.205 0.07 0.094 0.0335 0.02 0.0325 2
0.62 0.465 0.14 1.1605 0.6005 0.2195 0.307 5
0.525 0.415 0.15 0.7055 0.329 0.147 0.199 3
0.52 0.39 0.13 0.5545 0.2355 0.1095 0.1895 5
0.375 0.285 0.09 0.237 0.106 0.0395 0.08 5
0.27 0.195 0.07 0.102 0.045 0.0135 0.034 5
0.515 0.395 0.125 0.5805 0.2365 0.1075 0.19 5
0.3 0.235 0.08 0.131 0.05 0.0265 0.043 2
0.345 0.255 0.09 0.2005 0.094 0.0295 0.063 5
0.48 0.335 0.125 0.524 0.246 0.1095 0.145 5
0.14 0.105 0.035 0.0145 0.005 0.0035 0.005 2
0.53 0.435 0.17 0.8155 0.2985 0.155 0.275 4
0.74 0.6 0.195 1.974 0.598 0.4085 0.71 4
0.515 0.385 0.13 0.623 0.2855 0.1285 0.175 3
0.555 0.44 0.15 0.838 0.4155 0.146 0.23 5
0.375 0.275 0.085 0.22 0.109 0.05 0.0605 5
0.495 0.375 0.115 0.6245 0.282 0.143 0.155 2
0.33 0.235 0.09 0.163 0.0615 0.034 0.055 3
0.585 0.455 0.17 0.9945 0.4255 0.263 0.2845 3
0.49 0.395 0.14 0.549 0.2215 0.1275 0.15 3
0.585 0.475 0.185 0.8575 0.3465 0.1785 0.275 3
0.405 0.315 0.105 0.347 0.1605 0.0785 0.1 5
0.17 0.105 0.035 0.034 0.012 0.0085 0.005 2
0.45 0.345 0.105 0.4115 0.18 0.1125 0.135 5
0.675 0.53 0.175 1.4465 0.6775 0.33 0.389 3
