0.2 0.15 0.04 0.046 0.021 0.007 0.0065 2
0.39 0.295 0.095 0.203 0.0875 0.045 0.075 5
0.58 0.46 0.18 1.0515 0.4095 0.2595 0.276 5
0.37 0.27 0.095 0.2175 0.097 0.046 0.065 2
0.275 0.2 0.075 0.086 0.0305 0.019 0.03 5
0.65 0.485 0.14 1.175 0.475 0.2435 0.215 5
0.66 0.505 0.19 1.4045 0.6255 0.3375 0.3745 5
0.63 0.485 0.145 1.062 0.5065 0.1785 0.3365 3
0.53 0.43 0.135 0.6255 0.245 0.1455 0.2135 3
0.54 0.425 0.13 0.8155 0.3675 0.1365 0.246 3
0.565 0.45 0.165 0.887 0.37 0.239 0.249 3
0.44 0.355 0.12 0.495 0.231 0.11 0.125 5
0.61 0.48 0.175 1.0675 0.391 0.216 0.42 4
0.61 0.475 0.155 0.983 0.4565 0.228 0.266 3
0.425 0.35 0.105 0.393 0.13 0.063 0.165 5
0.435 0.335 0.1 0.3295 0.129 0.07 0.11 5
0.65 0.495 0.175 1.227 0.528 0.258 0.37 3
0.59 0.475 0.155 0.857 0.356 0.174 0.28 4
0.595 0.465 0.15 0.98 0.4115 0.196 0.2255 3
0.395 0.28 0.08 0.266 0.0995 0.066 0.09 3
0.63 0.5 0.185 1.383 0.54 0.3315 0.38 3
0.645 0.5 0.225 1.626 0.587 0.4055 0.41 4
0.395 0.3 0.09 0.253 0.1155 0.05 0.075 2
0.5 0.39 0.135 0.6595 0.3145 0.1535 0.1565 2
0.465 0.355 0.105 0.442 0.2085 0.0975 0.1185 5
0.345 0.26 0.09 0.207 0.0775 0.0435 0.0765 3
0.65 0.49 0.155 1.122 0.545 0.228 0.3055 5
0.58 0.45 0.155 0.93 0.385 0.246 0.265 5
0.55 0.435 0.14 0.7535 0.3285 0.1555 0.2325 3
0.44 0.34 0.135 0.3975 0.1505 0.0945 0.135 5
0.38 0.285 0.085 0.237 0.115 0.0405 0.07 2
0.615 0.475 0.155 1.0735 0.4375 0.2585 0.31 3
0.57 0.435 0.13 0.7535 0.349 0.1755 0.194 3
0.585 0.46 0.14 0.7635 0.326 0.153 0.265 5
0.575 0.445 0.17 1.0225 0.549 0.2175 0.228 5
0.605 0.455 0.145 0.9775 0.468 0.1775 0.275 5
0.41 0.305 0.1 0.2645 0.1 0.0655 0.085 5
0.58 0.45 0.235 1.071 0.3 0.206 0.395 4
0.59 0.455 0.16 1.09 0.5 0.2215 0.292 5
0.45 0.33 0.105 0.4955 0.2575 0.082 0.129 5
0.36 0.265 0.09 0.2165 0.096 0.037 0.0735 3
0.655 0.54 0.215 1.844 0.7425 0.327 0.585 1
0.695 0.54 0.195 1.691 0.768 0.363 0.4755 3
0.36 0.27 0.085 0.2185 0.1065 0.038 0.062 2
0.55 0.42 0.16 1.3405 0.6325 0.311 0.344 3
0.635 0.5 0.18 1.2565 0.539 0.292 0.35 3
0.505 0.475 0.16 1.1155 0.509 0.239 0.3065 5
0.485 0.375 0.135 0.556 0.1925 0.1315 0.1685 3
0.56 0.41 0.16 0.8215 0.342 0.184 0.253 5
0.645 0.505 0.165 1.4325 0.684 0.308 0.336 5
0.695 0.545 0.185 1.5715 0.6645 0.3835 0.4505 4
0.6 0.465 0.155 1.262 0.6245 0.2455 0.33 3
0.515 0.4 0.17 0.796 0.258 0.1755 0.28 4
0.575 0.455 0.145 1.165 0.581 0.2275 0.3 4
0.465 0.355 0.11 0.474 0.23 0.1005 0.12 5
0.62 0.51 0.175 1.2705 0.5415 0.323 0.3225 5
0.515 0.39 0.14 0.5555 0.2 0.1135 0.2235 3
0.53 0.42 0.135 0.675 0.294 0.156 0.1825 3
0.635 0.525 0.185 1.4065 0.684 0.3 0.3745 3
0.77 0.6 0.215 2.1945 1.0515 0.482 0.584 3
0.385 0.3 0.095 0.24 0.0885 0.059 0.085 5
0.645 0.52 0.175 1.561 0.709 0.3555 0.4 5
0.625 0.5 0.185 1.2425 0.5995 0.248 0.335 3
0.31 0.245 0.095 0.15 0.0525 0.034 0.048 5
0.53 0.415 0.175 0.7395 0.261 0.1395 0.2645 1
0.49 0.39 0.135 0.59 0.215 0.125 0.1845 3
0.64 0.54 0.175 1.571 0.627 0.271 0.475 1
0.625 0.49 0.155 1.115 0.484 0.277 0.3095 5
0.47 0.365 0.1 0.411 0.175 0.0855 0.135 5
0.65 0.52 0.19 1.3445 0.519 0.306 0.4465 4
0.58 0.455 0.155 0.8365 0.315 0.1385 0.32 1
0.655 0.52 0.17 1.1445 0.53 0.223 0.348 5
0.455 0.345 0.11 0.434 0.207 0.0855 0.1215 5
0.435 0.335 0.11 0.383 0.1555 0.0675 0.135 3
0.47 0.355 0.18 0.441 0.1525 0.1165 0.135 5
0.56 0.445 0.16 0.8965 0.42 0.2175 0.2215 5
0.425 0.315 0.125 0.3525 0.1135 0.0565 0.13 1
0.7 0.55 0.195 1.6245 0.675 0.347 0.535 4
0.665 0.5 0.15 1.2475 0.4625 0.2955 0.3595 3
0.63 0.53 0.175 1.4135 0.667 0.2945 0.3555 4
0.725 0.565 0.215 1.891 0.6975 0.4725 0.58 4
0.515 0.39 0.125 0.5705 0.238 0.1265 0.185 5
0.61 0.49 0.16 1.146 0.597 0.246 0.265 5
0.62 0.49 0.16 1.056 0.493 0.244 0.2725 5
0.545 0.435 0.165 0.9955 0.3245 0.2665 0.325 1
0.575 0.445 0.145 0.876 0.3795 0.1615 0.27 3
0.53 0.43 0.15 0.741 0.325 0.1855 0.196 5
0.54 0.42 0.14 0.805 0.369 0.1725 0.21 3
0.475 0.365 0.115 0.49 0.223 0.1235 0.1335 5
0.5 0.38 0.11 0.5605 0.28 0.106 0.15 5
0.4 0.305 0.085 0.297 0.108 0.0705 0.1 3
0.69 0.54 0.155 1.454 0.624 0.3105 0.39 5
0.585 0.455 0.155 1.133 0.5515 0.223 0.305 3
0.54 0.42 0.12 0.8115 0.392 0.1455 0.2235 5
0.53 0.415 0.13 0.8425 0.275 0.1945 0.265 1
0.505 0.4 0.125 0.583 0.246 0.13 0.175 5
0.505 0.39 0.15 0.685 0.362 0.131 0.156 5
0.32 0.215 0.095 0.305 0.14 0.067 0.0885 2
0.545 0.4 0.14 0.778 0.368 0.215 0.18 5
0.32 0.235 0.065 0.1385 0.058 0.0225 0.05 2
0.525 0.4 0.13 0.8295 0.2405 0.1825 0.275 3
0.52 0.39 0.14 0.7325 0.2415 0.144 0.26 1
0.585 0.455 0.165 0.998 0.345 0.2495 0.315 3
0.28 0.21 0.085 0.1075 0.0415 0.024 0.034 2
0.49 0.375 0.125 0.5445 0.279 0.115 0.13 5
0.595 0.45 0.15 1.114 0.5865 0.2205 0.25 3
0.38 0.325 0.11 0.3105 0.12 0.074 0.105 3
0.625 0.43 0.175 1.411 0.572 0.297 0.395 3
0.605 0.47 0.145 0.8025 0.379 0.2265 0.22 5
0.47 0.375 0.125 0.5225 0.2265 0.104 0.162 5
0.245 0.19 0.06 0.086 0.042 0.014 0.025 2
0.565 0.44 0.175 1.122 0.393 0.2 0.375 1
0.48 0.38 0.125 0.523 0.2105 0.1045 0.175 4
0.575 0.48 0.15 0.9465 0.4355 0.2605 0.2505 5
0.46 0.345 0.12 0.4935 0.2435 0.1175 0.132 5
0.61 0.5 0.24 1.642 0.532 0.3345 0.69 1
0.465 0.35 0.135 0.6265 0.259 0.1445 0.175 5
0.49 0.37 0.115 0.541 0.171 0.1175 0.185 3
0.44 0.35 0.125 0.456 0.21 0.0955 0.131 5
0.55 0.415 0.145 0.7815 0.373 0.16 0.2215 5
0.685 0.525 0.175 1.71 0.5415 0.309 0.58 4
0.54 0.42 0.14 0.7265 0.3205 0.1445 0.229 5
0.675 0.52 0.145 1.3645 0.557 0.3405 0.385 3
0.475 0.385 0.145 0.6175 0.235 0.108 0.215 4
0.54 0.43 0.17 0.836 0.3725 0.1815 0.24 5
0.72 0.58 0.195 2.103 1.0265 0.48 0.5375 3
0.48 0.335 0.125 0.524 0.246 0.1095 0.145 5
0.445 0.335 0.11 0.411 0.1985 0.0935 0.109 5
0.425 0.33 0.115 0.406 0.1635 0.081 0.1355 5
0.4 0.315 0.09 0.33 0.151 0.068 0.08 2
0.77 0.605 0.175 2.0505 0.8005 0.526 0.355 3
0.6 0.45 0.15 0.9625 0.4375 0.2225 0.2775 5
0.6 0.475 0.15 0.99 0.386 0.2195 0.3105 3
0.5 0.385 0.15 0.6265 0.2605 0.1665 0.16 3
0.56 0.44 0.155 0.9705 0.4315 0.263 0.255 5
0.625 0.525 0.195 1.352 0.4505 0.2445 0.53 4
0.67 0.525 0.18 1.6615 0.8005 0.3645 0.43 3
0.485 0.4 0.135 0.663 0.313 0.137 0.2 3
0.625 0.475 0.175 1.3405 0.656 0.283 0.337 3
0.645 0.49 0.175 1.32 0.6525 0.2375 0.3385 3
0.6 0.485 0.165 1.1405 0.587 0.2175 0.288 5
0.38 0.27 0.095 0.219 0.0835 0.0515 0.07 2
0.51 0.38 0.135 0.681 0.3435 0.142 0.17 5
0.6 0.5 0.155 1.332 0.6235 0.2835 0.35 5
0.615 0.525 0.155 1.1375 0.367 0.236 0.37 1
0.645 0.525 0.2 1.449 0.601 0.2565 0.505 4
0.58 0.445 0.15 0.9525 0.4315 0.1945 0.287 3
0.65 0.5 0.14 1.238 0.6165 0.2355 0.32 5
0.505 0.4 0.15 0.775 0.3445 0.157 0.185 5
0.63 0.5 0.18 1.1965 0.514 0.2325 0.3995 5
0.575 0.455 0.155 1.013 0.4685 0.2085 0.295 3
0.66 0.53 0.17 1.326 0.519 0.2625 0.44 4
0.355 0.28 0.11 0.2235 0.0815 0.0525 0.08 5
0.595 0.475 0.14 0.944 0.3625 0.189 0.315 5
0.425 0.315 0.095 0.3675 0.1865 0.0675 0.0985 5
0.62 0.515 0.175 1.221 0.535 0.241 0.395 4
0.4 0.29 0.115 0.2795 0.1115 0.0575 0.075 5
0.53 0.41 0.14 0.681 0.3095 0.1415 0.1835 2
0.515 0.39 0.11 0.531 0.2415 0.098 0.1615 5
0.53 0.43 0.17 0.775 0.35 0.152 0.235 1
0.65 0.52 0.15 1.238 0.5495 0.296 0.3305 3
0.51 0.4 0.13 0.6435 0.27 0.1665 0.205 3
0.45 0.35 0.145 0.5425 0.1765 0.123 0.175 4
0.49 0.37 0.105 0.5265 0.249 0.1005 0.148 5
0.49 0.375 0.115 0.557 0.2275 0.1335 0.1765 5
0.42 0.325 0.1 0.368 0.1675 0.0625 0.1135 3
0.645 0.515 0.16 1.1845 0.506 0.311 0.335 5
0.515 0.4 0.125 0.5625 0.25 0.1245 0.17 5
0.415 0.345 0.135 0.3865 0.128 0.07 0.148 4
0.59 0.465 0.165 1.115 0.5165 0.273 0.275 3
0.705 0.55 0.2 1.7095 0.633 0.4115 0.49 4
0.63 0.51 0.23 1.539 0.5635 0.2815 0.57 1
0.45 0.345 0.135 0.443 0.1975 0.0875 0.1175 4
0.37 0.285 0.095 0.226 0.1135 0.0515 0.0675 5
0.585 0.455 0.17 0.9945 0.4255 0.263 0.2845 3
0.56 0.43 0.15 0.8745 0.453 0.161 0.22 5
0.2 0.145 0.05 0.036 0.0125 0.008 0.011 2
0.415 0.31 0.09 0.2815 0.1245 0.0615 0.085 2
0.63 0.48 0.165 1.286 0.604 0.271 0.35 5
0.55 0.44 0.15 0.8945 0.3145 0.151 0.32 1
0.255 0.18 0.065 0.079 0.034 0.014 0.025 2
0.485 0.36 0.13 0.5415 0.2595 0.096 0.16 3
0.515 0.4 0.135 0.6965 0.32 0.1255 0.175 5
0.645 0.51 0.155 1.129 0.5015 0.24 0.342 3
0.595 0.48 0.14 0.9125 0.4095 0.1825 0.289 5
0.41 0.305 0.09 0.3535 0.157 0.0745 0.1 5
0.64 0.505 0.165 1.4435 0.6145 0.3035 0.39 1
0.535 0.42 0.15 0.6995 0.2575 0.153 0.24 3
0.69 0.515 0.18 1.8445 0.9815 0.4655 0.341 4
0.505 0.375 0.18 0.568 0.2325 0.1495 0.17 3
0.615 0.505 0.165 1.34 0.5315 0.2815 0.41 3
0.645 0.485 0.15 1.2215 0.5695 0.2735 0.33 5
0.53 0.435 0.135 0.7365 0.3275 0.1315 0.22 3
0.57 0.445 0.15 0.995 0.504 0.185 0.2505 5
0.585 0.45 0.15 1.047 0.4315 0.276 0.315 4
0.65 0.515 0.185 1.3745 0.75 0.1805 0.369 3
0.71 0.555 0.175 2.14 1.2455 0.3725 0.434 3
0.56 0.44 0.165 0.8 0.335 0.1735 0.25 3
0.355 0.26 0.09 0.1925 0.077 0.038 0.065 5
0.525 0.38 0.14 0.6065 0.194 0.1475 0.21 4
0.62 0.515 0.155 1.3255 0.6685 0.2605 0.335 3
0.315 0.25 0.09 0.203 0.0615 0.037 0.0795 3
0.57 0.435 0.14 0.8585 0.3905 0.196 0.2295 5
0.35 0.27 0.075 0.215 0.1 0.036 0.065 2
0.66 0.525 0.18 1.5965 0.7765 0.397 0.3605 3
0.58 0.475 0.135 0.925 0.391 0.165 0.275 4
0.595 0.46 0.16 0.921 0.4005 0.2025 0.2875 5
0.72 0.55 0.205 2.165 1.1055 0.525 0.404 3
0.385 0.3 0.09 0.247 0.1225 0.044 0.0675 2
0.51 0.34 0.18 0.7005 0.312 0.165 0.2 3
0.535 0.44 0.165 0.875 0.279 0.18 0.3 3
0.625 0.515 0.165 1.217 0.667 0.2065 0.3115 3
0.52 0.41 0.115 0.807 0.2855 0.179 0.235 3
0.65 0.525 0.19 1.385 0.8875 0.3095 0.405 3
0.52 0.395 0.125 0.5815 0.2565 0.1265 0.17 3
0.47 0.355 0.12 0.393 0.167 0.0885 0.115 5
0.415 0.32 0.115 0.3045 0.1215 0.0735 0.094 5
0.605 0.475 0.145 1.0185 0.4695 0.225 0.27 4
0.495 0.385 0.135 0.709 0.211 0.1375 0.262 3
0.565 0.455 0.13 1.058 0.439 0.2645 0.3 3
0.55 0.46 0.175 0.869 0.3155 0.1825 0.32 3
0.485 0.37 0.13 0.458 0.181 0.113 0.136 3
0.525 0.405 0.145 0.6965 0.3045 0.1535 0.21 5
0.675 0.55 0.18 1.6885 0.562 0.3705 0.6 4
0.535 0.43 0.14 0.7165 0.2855 0.1595 0.2155 5
0.695 0.55 0.205 2.173 1.133 0.4665 0.496 3
0.19 0.13 0.03 0.0295 0.0155 0.015 0.01 2
0.62 0.49 0.15 1.195 0.4605 0.302 0.355 5
0.485 0.38 0.125 0.5215 0.2215 0.118 0.16 5
0.405 0.31 0.065 0.3205 0.1575 0.066 0.088 2
0.325 0.25 0.08 0.176 0.0595 0.0355 0.063 5
0.55 0.425 0.145 0.797 0.297 0.15 0.265 5
0.51 0.4 0.125 0.5575 0.2615 0.1195 0.1525 5
0.6 0.455 0.145 0.8895 0.419 0.1715 0.269 3
0.46 0.375 0.14 0.5105 0.192 0.1045 0.205 5
0.445 0.325 0.125 0.455 0.1785 0.1125 0.14 5
0.225 0.165 0.055 0.059 0.027 0.0125 0.015 2
0.4 0.32 0.095 0.348 0.194 0.053 0.087 2
0.46 0.355 0.11 0.4255 0.2015 0.081 0.13 5
0.385 0.3 0.1 0.2895 0.1215 0.063 0.09 5
0.67 0.53 0.225 1.5615 0.63 0.487 0.3725 3
0.45 0.35 0.13 0.4655 0.2075 0.1045 0.135 5
0.425 0.325 0.1 0.398 0.1185 0.0645 0.0945 2
0.62 0.5 0.175 1.146 0.477 0.23 0.39 4
0.53 0.435 0.17 0.8155 0.2985 0.155 0.275 4
0.575 0.445 0.16 0.9175 0.45 0.1935 0.24 5
0.67 0.535 0.185 1.597 0.6275 0.35 0.47 1
0.45 0.33 0.105 0.448 0.208 0.089 0.12 5
0.72 0.545 0.195 1.7475 0.8215 0.383 0.4705 3
0.595 0.45 0.165 1.081 0.49 0.2525 0.279 3
0.43 0.325 0.105 0.309 0.119 0.08 0.098 2
0.57 0.45 0.175 0.9555 0.38 0.1665 0.295 1
0.32 0.24 0.075 0.1735 0.076 0.0355 0.05 5
0.55 0.41 0.125 0.7605 0.2505 0.1635 0.195 4
0.61 0.46 0.17 1.278 0.41 0.257 0.37 1
0.51 0.395 0.145 0.6185 0.216 0.1385 0.24 3
0.695 0.535 0.175 1.361 0.5465 0.2815 0.465 3
0.425 0.34 0.1 0.382 0.164 0.096 0.1 2
0.28 0.2 0.08 0.0915 0.033 0.0215 0.03 2
0.515 0.35 0.155 0.9225 0.4185 0.198 0.273 5
0.58 0.455 0.15 1.114 0.4765 0.2155 0.265 5
0.735 0.6 0.22 2.555 1.1335 0.44 0.6 3
0.47 0.375 0.12 0.5565 0.226 0.122 0.195 3
0.62 0.48 0.165 1.0125 0.5325 0.4365 0.324 3
0.445 0.33 0.1 0.437 0.163 0.0755 0.17 4
0.47 0.365 0.12 0.582 0.29 0.092 0.146 5
0.53 0.43 0.135 0.879 0.28 0.2165 0.25 3
0.42 0.335 0.115 0.369 0.171 0.071 0.12 5
0.6 0.46 0.15 1.247 0.5335 0.2735 0.29 5
0.41 0.305 0.095 0.2625 0.1 0.0515 0.09 2
0.555 0.43 0.14 0.7545 0.3525 0.1835 0.2015 5
0.66 0.52 0.18 1.514 0.526 0.2975 0.42 1
0.58 0.435 0.155 0.8785 0.425 0.1685 0.2425 3
0.5 0.4 0.165 0.7105 0.27 0.1455 0.225 1
0.405 0.305 0.09 0.2825 0.114 0.0575 0.095 5
0.55 0.445 0.155 0.9905 0.544 0.178 0.218 5
0.645 0.48 0.19 1.371 0.6925 0.2905 0.35 3
0.56 0.435 0.125 0.8775 0.3345 0.2145 0.29 4
0.615 0.475 0.175 1.103 0.4635 0.3095 0.2725 3
0.6 0.475 0.135 1.4405 0.5885 0.191 0.3175 5
0.59 0.465 0.14 1.046 0.4695 0.263 0.263 5
0.64 0.475 0.19 1.151 0.4365 0.281 0.3805 4
0.435 0.325 0.12 0.346 0.159 0.084 0.095 5
0.235 0.175 0.08 0.0645 0.0215 0.0175 0.0215 2
0.295 0.23 0.08 0.1625 0.065 0.05 0.0385 2
0.575 0.455 0.135 0.907 0.4245 0.197 0.26 5
0.66 0.475 0.18 1.3695 0.641 0.294 0.335 2
0.57 0.43 0.145 0.833 0.354 0.144 0.2815 3
0.46 0.375 0.13 0.5735 0.2505 0.119 0.195 5
0.225 0.16 0.045 0.0465 0.025 0.015 0.015 2
0.65 0.545 0.185 1.5055 0.6565 0.341 0.43 3
0.565 0.39 0.125 0.744 0.352 0.13 0.1685 3
0.565 0.445 0.15 0.796 0.3635 0.184 0.219 5
0.575 0.465 0.15 1.08 0.595 0.2065 0.238 5
0.31 0.225 0.05 0.1445 0.0675 0.0385 0.045 2
0.315 0.235 0.075 0.1285 0.051 0.028 0.0405 2
0.535 0.42 0.16 0.7465 0.348 0.1515 0.2185 3
0.675 0.51 0.185 1.473 0.6295 0.3025 0.4245 3
0.615 0.52 0.15 1.3435 0.629 0.2605 0.345 3
0.605 0.48 0.155 0.9995 0.425 0.1985 0.3 3
0.575 0.45 0.135 0.8715 0.45 0.162 0.225 3
0.65 0.525 0.165 1.238 0.647 0.2485 0.3005 5
0.565 0.455 0.15 0.9595 0.4565 0.2395 0.23 5
0.27 0.195 0.065 0.1065 0.0475 0.0225 0.0285 2
0.58 0.43 0.17 1.48 0.6535 0.324 0.4155 3
0.45 0.36 0.125 0.45 0.191 0.0865 0.145 3
0.59 0.44 0.15 0.9555 0.366 0.2425 0.295 3
0.485 0.365 0.12 0.5885 0.27 0.131 0.175 5
0.5 0.4 0.13 0.7715 0.37 0.16 0.211 5
0.59 0.44 0.15 0.8725 0.387 0.215 0.245 5
0.735 0.585 0.185 2.124 0.952 0.55 0.5 3
0.285 0.215 0.075 0.106 0.0415 0.023 0.035 2
0.35 0.26 0.095 0.211 0.086 0.056 0.068 5
0.62 0.485 0.18 1.154 0.4935 0.256 0.315 3
0.66 0.5 0.165 1.3195 0.667 0.269 0.341 5
0.595 0.455 0.15 0.886 0.4315 0.201 0.223 3
0.555 0.44 0.14 0.846 0.346 0.1715 0.2735 3
0.685 0.51 0.165 1.545 0.686 0.3775 0.4055 3
0.6 0.48 0.155 1.014 0.451 0.1885 0.325 3
0.645 0.49 0.16 1.1665 0.4935 0.3155 0.299 5
0.465 0.35 0.11 0.4085 0.165 0.102 0.131 5
0.53 0.395 0.115 0.475 0.2025 0.101 0.148 5
0.645 0.5 0.15 1.159 0.4675 0.3355 0.31 5
0.34 0.25 0.075 0.1785 0.0665 0.0455 0.045 2
0.305 0.225 0.09 0.1465 0.063 0.034 0.0415 2
0.71 0.54 0.165 1.959 0.7665 0.261 0.78 1
0.565 0.455 0.15 0.9795 0.444 0.205 0.275 5
0.28 0.22 0.08 0.1315 0.066 0.024 0.03 2
0.4 0.3 0.09 0.2815 0.1185 0.061 0.08 5
0.59 0.435 0.165 0.9765 0.4525 0.2395 0.235 5
0.67 0.52 0.195 1.8065 0.758 0.3735 0.5055 3
0.63 0.505 0.195 1.306 0.516 0.3305 0.375 5
0.63 0.5 0.17 1.3135 0.5595 0.267 0.4 1
0.625 0.49 0.165 1.1835 0.517 0.2375 0.39 3
0.44 0.335 0.11 0.3885 0.175 0.0835 0.111 5
0.545 0.43 0.13 0.7595 0.358 0.153 0.2055 5
0.485 0.355 0.12 0.5085 0.21 0.122 0.135 5
0.39 0.285 0.095 0.271 0.11 0.06 0.08 5
0.58 0.45 0.12 0.8685 0.418 0.1475 0.2605 5
0.53 0.425 0.13 0.702 0.2975 0.1395 0.22 5
0.455 0.355 0.135 0.4745 0.1865 0.0935 0.168 4
0.525 0.43 0.135 0.8435 0.4325 0.18 0.1815 5
0.6 0.46 0.155 0.9735 0.427 0.2045 0.3 5
0.695 0.55 0.215 1.9565 0.7125 0.541 0.59 4
0.695 0.55 0.155 1.8495 0.767 0.442 0.4175 3
0.44 0.305 0.115 0.379 0.162 0.091 0.11 5
0.605 0.49 0.15 1.1345 0.4305 0.2525 0.35 3
0.715 0.565 0.24 2.1995 0.7245 0.465 0.885 1
0.565 0.48 0.175 0.957 0.3885 0.215 0.275 1
0.665 0.5 0.175 1.4355 0.643 0.345 0.37 5
0.565 0.45 0.135 0.9885 0.387 0.1495 0.31 3
0.51 0.4 0.15 0.745 0.2865 0.1675 0.235 4
0.49 0.38 0.13 0.539 0.229 0.1355 0.165 3
0.515 0.405 0.12 0.646 0.2895 0.1405 0.177 3
0.58 0.43 0.125 0.9115 0.446 0.2075 0.121 3
0.21 0.15 0.05 0.0385 0.0155 0.0085 0.01 2
0.565 0.44 0.155 0.9395 0.4275 0.214 0.27 3
0.63 0.53 0.18 1.2795 0.618 0.256 0.315 5
0.23 0.165 0.06 0.0515 0.019 0.0145 0.036 2
0.63 0.505 0.175 1.221 0.555 0.252 0.34 3
0.48 0.38 0.125 0.6245 0.3395 0.1085 0.1665 5
0.59 0.415 0.15 0.8805 0.3645 0.234 0.235 3
0.48 0.365 0.1 0.461 0.2205 0.0835 0.135 5
0.275 0.205 0.065 0.101 0.041 0.021 0.034 2
0.635 0.5 0.175 1.477 0.684 0.3005 0.39 3
0.54 0.395 0.135 0.6555 0.2705 0.155 0.192 5
0.475 0.365 0.13 0.4805 0.1905 0.114 0.1475 3
0.375 0.28 0.08 0.2235 0.115 0.043 0.055 2
0.52 0.41 0.14 0.5995 0.242 0.1375 0.182 3
0.345 0.255 0.095 0.1945 0.0925 0.037 0.055 2
0.49 0.38 0.145 0.6725 0.249 0.181 0.21 3
0.32 0.245 0.075 0.1555 0.0585 0.038 0.049 3
0.24 0.18 0.055 0.0555 0.0235 0.013 0.018 2
0.605 0.455 0.16 1.1215 0.533 0.273 0.271 3
0.54 0.435 0.145 0.97 0.4285 0.22 0.264 1
0.545 0.435 0.145 0.9385 0.3685 0.1245 0.345 3
0.32 0.255 0.085 0.1745 0.072 0.033 0.057 5
0.685 0.545 0.205 1.7925 0.8145 0.416 0.461 5
0.44 0.365 0.11 0.4465 0.213 0.089 0.1135 5
0.44 0.33 0.115 0.4005 0.143 0.113 0.12 5
0.535 0.42 0.145 0.791 0.33 0.189 0.25 3
0.33 0.265 0.09 0.18 0.068 0.036 0.06 2
0.5 0.385 0.12 0.6335 0.2305 0.125 0.235 4
0.35 0.26 0.085 0.174 0.0705 0.0345 0.06 3
0.505 0.39 0.16 0.644 0.2475 0.2025 0.1635 5
0.545 0.445 0.15 0.8 0.3535 0.163 0.207 5
0.425 0.345 0.11 0.3665 0.125 0.081 0.117 3
0.395 0.29 0.095 0.304 0.127 0.084 0.077 2
0.4 0.305 0.1 0.3415 0.176 0.0625 0.0865 5
0.475 0.375 0.125 0.588 0.237 0.1715 0.155 3
0.64 0.5 0.165 1.1635 0.554 0.239 0.32 3
0.54 0.44 0.16 1.0905 0.391 0.2295 0.355 4
0.35 0.235 0.08 0.17 0.0725 0.0465 0.0495 5
0.55 0.435 0.165 0.804 0.34 0.194 0.244 5
0.45 0.355 0.105 0.5225 0.237 0.1165 0.145 5
0.59 0.45 0.125 0.86 0.437 0.1515 0.245 5
0.575 0.475 0.16 0.895 0.3605 0.221 0.271 5
0.365 0.275 0.135 0.24 0.108 0.0445 0.0735 5
0.52 0.405 0.12 0.627 0.2645 0.1415 0.181 3
0.565 0.44 0.16 0.915 0.354 0.1935 0.32 3
0.58 0.47 0.165 0.9975 0.3935 0.242 0.33 3
0.365 0.27 0.085 0.197 0.0815 0.0325 0.065 2
0.6 0.475 0.15 1.13 0.575 0.196 0.305 5
0.66 0.53 0.18 1.5175 0.7765 0.302 0.401 3
0.645 0.51 0.19 1.4865 0.6445 0.296 0.425 3
0.425 0.325 0.12 0.3755 0.142 0.1065 0.105 5
0.7 0.565 0.18 1.751 0.895 0.3355 0.446 5
0.435 0.34 0.12 0.396 0.1775 0.081 0.125 5
0.59 0.44 0.135 0.966 0.439 0.2145 0.2605 3
0.56 0.44 0.17 0.9445 0.3545 0.2175 0.3 3
0.595 0.455 0.14 0.914 0.3895 0.2225 0.271 5
0.185 0.135 0.04 0.027 0.0105 0.0055 0.009 2
0.5 0.375 0.145 0.5795 0.239 0.1375 0.185 5
0.55 0.43 0.13 0.8395 0.3155 0.1955 0.2405 3
0.535 0.4 0.135 0.8215 0.3935 0.196 0.205 5
0.495 0.37 0.125 0.4715 0.2075 0.091 0.15 5
0.63 0.51 0.17 1.1885 0.4915 0.3065 0.348 5
0.415 0.33 0.1 0.3905 0.1925 0.0755 0.1025 5
0.47 0.35 0.125 0.4315 0.19 0.1165 0.1175 2
0.46 0.33 0.15 0.5325 0.2085 0.1805 0.125 3
0.595 0.46 0.17 1.1295 0.57 0.2555 0.265 3
0.8 0.63 0.195 2.526 0.933 0.59 0.62 1
0.375 0.26 0.08 0.2075 0.09 0.0415 0.07 2
0.72 0.6 0.235 2.2385 0.984 0.411 0.621 3
0.59 0.47 0.135 1.1685 0.539 0.279 0.28 5
0.4 0.305 0.16 0.368 0.173 0.0705 0.105 5
0.58 0.47 0.165 0.927 0.3215 0.1985 0.315 3
0.61 0.47 0.155 1.0325 0.497 0.2175 0.2785 5
0.4 0.315 0.105 0.287 0.1135 0.037 0.113 3
0.58 0.465 0.145 0.887 0.4405 0.1655 0.265 3
0.335 0.25 0.08 0.1695 0.0695 0.044 0.0495 2
0.65 0.51 0.16 1.3835 0.6385 0.2905 0.3665 5
0.62 0.505 0.16 1.3725 0.6285 0.275 0.3685 3
0.58 0.435 0.14 0.953 0.475 0.2165 0.2095 5
0.525 0.43 0.165 0.8645 0.376 0.1945 0.2515 4
0.63 0.515 0.16 1.016 0.4215 0.244 0.355 1
0.45 0.355 0.115 0.479 0.2125 0.1045 0.15 5
0.425 0.315 0.08 0.303 0.131 0.0585 0.095 5
0.46 0.345 0.11 0.4595 0.235 0.0885 0.116 5
0.455 0.365 0.095 0.514 0.2245 0.101 0.15 4
0.35 0.275 0.065 0.205 0.0745 0.0465 0.07 3
0.525 0.44 0.15 0.8425 0.3685 0.1985 0.24 3
0.6 0.495 0.165 1.2415 0.485 0.2775 0.34 4
0.55 0.43 0.16 0.9295 0.317 0.1735 0.355 4
0.485 0.355 0.12 0.547 0.215 0.1615 0.14 3
0.655 0.515 0.16 1.31 0.553 0.369 0.345 3
0.465 0.38 0.135 0.579 0.208 0.1095 0.22 4
0.38 0.285 0.1 0.2665 0.115 0.061 0.075 3
0.235 0.13 0.075 0.1585 0.0685 0.037 0.0465 2
0.475 0.375 0.125 0.5785 0.2775 0.085 0.155 3
0.545 0.39 0.135 0.7835 0.4225 0.1815 0.156 5
0.75 0.55 0.18 1.893 0.942 0.397 0.445 3
0.465 0.35 0.12 0.5205 0.2015 0.1625 0.185 3
0.615 0.475 0.155 1.115 0.484 0.2115 0.355 3
0.625 0.495 0.165 1.262 0.507 0.318 0.39 3
0.655 0.54 0.165 1.403 0.6955 0.2385 0.42 3
0.56 0.455 0.155 0.797 0.34 0.19 0.2425 3
0.66 0.51 0.165 1.6375 0.7685 0.3545 0.3925 4
0.515 0.4 0.125 0.615 0.2865 0.123 0.1765 5
0.73 0.57 0.165 2.0165 1.0685 0.418 0.435 3
0.605 0.45 0.195 1.098 0.481 0.2895 0.315 4
0.555 0.4 0.13 0.7075 0.332 0.1585 0.18 5
0.505 0.405 0.16 0.6835 0.271 0.145 0.215 3
0.355 0.275 0.085 0.22 0.092 0.06 0.15 5
0.39 0.31 0.1 0.302 0.116 0.064 0.115 3
0.65 0.5 0.17 1.4045 0.694 0.318 0.3235 3
0.56 0.43 0.145 0.898 0.3895 0.2325 0.245 5
0.65 0.505 0.175 1.2075 0.5105 0.262 0.39 3
0.465 0.345 0.11 0.393 0.1825 0.0735 0.12 5
0.54 0.42 0.14 0.8035 0.38 0.1805 0.21 5
0.565 0.46 0.15 0.8765 0.3455 0.1925 0.275 3
0.47 0.345 0.12 0.3685 0.1525 0.0615 0.125 5
0.235 0.175 0.04 0.0705 0.0335 0.015 0.02 2
0.31 0.23 0.07 0.1245 0.0505 0.0265 0.038 2
0.625 0.47 0.18 1.136 0.451 0.3245 0.305 3
0.55 0.43 0.125 0.923 0.4035 0.175 0.283 5
0.575 0.445 0.14 0.941 0.3845 0.252 0.285 5
0.63 0.515 0.16 1.336 0.553 0.3205 0.35 3
0.65 0.515 0.125 1.1805 0.5235 0.283 0.3275 5
0.65 0.535 0.175 1.2895 0.6095 0.2765 0.344 3
0.5 0.405 0.155 0.772 0.346 0.1535 0.245 3
0.585 0.465 0.15 0.98 0.4315 0.2545 0.247 5
0.5 0.42 0.125 0.62 0.255 0.15 0.205 3
0.53 0.395 0.145 0.775 0.308 0.169 0.255 5
0.545 0.425 0.14 0.8145 0.305 0.231 0.244 3
0.67 0.525 0.165 1.6085 0.682 0.3145 0.4005 3
0.675 0.565 0.195 1.8375 0.7645 0.3615 0.553 3
0.575 0.45 0.155 0.886 0.3605 0.211 0.2575 5
0.615 0.475 0.165 1.023 0.4905 0.1955 0.3035 3
0.655 0.515 0.2 1.373 0.443 0.3375 0.49 4
0.575 0.45 0.145 0.795 0.364 0.1505 0.26 3
0.48 0.355 0.115 0.4725 0.2065 0.112 0.132 5
0.6 0.475 0.205 1.176 0.5255 0.2875 0.308 5
0.53 0.42 0.155 0.81 0.4725 0.111 0.192 3
0.71 0.53 0.195 1.8745 0.6755 0.4065 0.6855 3
0.55 0.435 0.14 0.7995 0.295 0.1905 0.238 3
0.495 0.375 0.15 0.597 0.2615 0.135 0.178 3
0.495 0.375 0.14 0.494 0.181 0.0975 0.191 5
0.315 0.23 0 0.134 0.0575 0.0285 0.3505 2
0.62 0.5 0.165 1.307 0.6355 0.2545 0.315 5
0.57 0.465 0.155 0.9685 0.446 0.261 0.255 5
0.645 0.535 0.19 1.2395 0.468 0.2385 0.424 3
0.18 0.13 0.045 0.0275 0.0125 0.01 0.009 2
0.345 0.275 0.095 0.1995 0.0755 0.0535 0.07 2
0.42 0.32 0.1 0.34 0.1745 0.05 0.0945 5
0.65 0.565 0.2 1.6645 0.753 0.367 0.43 3
0.675 0.53 0.195 1.4985 0.62 0.375 0.425 5
0.625 0.505 0.215 1.4455 0.496 0.287 0.435 1
0.43 0.315 0.095 0.378 0.175 0.08 0.1045 5
0.525 0.415 0.16 0.6445 0.26 0.1575 0.22 3
0.4 0.295 0.095 0.252 0.1105 0.0575 0.066 2
0.655 0.545 0.185 1.759 0.6865 0.313 0.547 3
0.53 0.405 0.125 0.6515 0.2715 0.1605 0.186 5
0.415 0.315 0.1 0.3645 0.1765 0.0795 0.095 5
0.545 0.405 0.175 0.98 0.2585 0.207 0.38 1
0.45 0.35 0.125 0.4775 0.2235 0.089 0.118 2
0.66 0.53 0.175 1.583 0.7395 0.3505 0.405 3
0.51 0.395 0.105 0.5525 0.234 0.127 0.165 5
0.6 0.47 0.15 0.928 0.4225 0.183 0.275 5
0.66 0.52 0.2 1.676 0.673 0.4805 0.45 1
0.56 0.44 0.155 0.6405 0.336 0.1765 0.245 5
0.365 0.275 0.09 0.2345 0.108 0.051 0.0625 5
0.585 0.51 0.16 1.218 0.639 0.241 0.3 3
0.595 0.48 0.16 1.2095 0.5225 0.296 0.32 5
0.7 0.545 0.215 1.9125 0.8825 0.4385 0.506 3
0.47 0.36 0.145 0.537 0.1725 0.1375 0.195 4
0.545 0.42 0.175 0.754 0.256 0.1775 0.275 3
0.55 0.44 0.16 0.985 0.4645 0.201 0.27 5
0.575 0.47 0.155 1.116 0.509 0.238 0.34 3
0.475 0.365 0.125 0.5465 0.229 0.1185 0.172 5
0.56 0.445 0.15 0.8225 0.3685 0.187 0.236 3
0.52 0.425 0.165 0.9885 0.396 0.225 0.32 4
0.59 0.465 0.15 1.151 0.613 0.239 0.2515 5
0.565 0.44 0.175 0.8735 0.414 0.21 0.21 3
0.62 0.5 0.175 1.186 0.4985 0.3015 0.35 3
0.53 0.395 0.125 0.6235 0.2975 0.108 0.195 3
0.335 0.25 0.08 0.167 0.0675 0.0325 0.0575 2
0.75 0.61 0.235 2.5085 1.232 0.519 0.612 4
0.575 0.45 0.17 1.0475 0.3775 0.1705 0.385 1
0.415 0.34 0.13 0.3675 0.146 0.0885 0.12 3
0.645 0.505 0.15 1.1605 0.519 0.2615 0.335 3
0.595 0.45 0.14 0.838 0.3965 0.194 0.217 3
0.505 0.39 0.12 0.5725 0.2555 0.1325 0.146 5
0.445 0.345 0.13 0.4075 0.1365 0.0645 0.18 3
0.52 0.41 0.14 0.6625 0.2775 0.1555 0.196 3
0.54 0.475 0.155 0.928 0.394 0.194 0.26 3
0.36 0.27 0.095 0.2 0.073 0.056 0.061 5
0.53 0.405 0.12 0.632 0.2715 0.148 0.1875 5
0.62 0.52 0.225 1.1835 0.378 0.27 0.395 1
0.515 0.415 0.135 0.7125 0.285 0.152 0.245 3
0.63 0.505 0.165 1.26 0.4525 0.2755 0.406 4
0.6 0.475 0.16 1.164 0.5045 0.2635 0.335 3
0.3 0.23 0.075 0.15 0.0605 0.042 0.045 2
0.6 0.45 0.195 1.34 0.617 0.3255 0.3605 3
0.52 0.415 0.16 0.595 0.2105 0.142 0.26 4
0.59 0.465 0.17 1.0425 0.4635 0.24 0.27 3
0.45 0.33 0.1 0.411 0.1945 0.1 0.098 2
0.415 0.315 0.09 0.3625 0.175 0.0835 0.093 2
0.65 0.51 0.17 1.567 0.7245 0.349 0.391 3
0.66 0.5 0.175 1.3275 0.556 0.2805 0.4085 5
0.605 0.445 0.14 0.982 0.4295 0.2085 0.295 3
0.545 0.45 0.15 0.978 0.3365 0.1905 0.3 3
0.695 0.58 0.2 1.8995 0.675 0.478 0.5295 4
0.665 0.515 0.2 1.2695 0.5115 0.2675 0.436 3
0.64 0.505 0.175 1.3185 0.6185 0.302 0.3315 5
0.64 0.505 0.19 1.2355 0.4435 0.3105 0.365 4
0.42 0.325 0.115 0.2885 0.1 0.057 0.1135 4
0.5 0.37 0.135 0.45 0.1715 0.1055 0.155 5
0.675 0.515 0.145 1.265 0.6025 0.299 0.325 3
0.36 0.295 0.13 0.2765 0.0895 0.057 0.1005 3
0.62 0.485 0.22 1.511 0.5095 0.284 0.51 1
0.585 0.465 0.16 0.9555 0.4595 0.236 0.265 5
0.51 0.395 0.155 0.5395 0.2465 0.1085 0.167 5
0.445 0.36 0.11 0.4235 0.182 0.0765 0.14 5
0.52 0.415 0.175 0.753 0.258 0.171 0.255 5
0.58 0.47 0.165 1.041 0.54 0.166 0.279 5
0.675 0.55 0.19 1.551 0.7105 0.3685 0.412 4
0.53 0.4 0.145 0.555 0.1935 0.1305 0.195 5
0.4 0.3 0.125 0.417 0.191 0.09 0.1175 5
0.55 0.43 0.18 0.8265 0.4405 0.159 0.225 3
0.655 0.505 0.175 1.2905 0.6205 0.2965 0.326 3
0.69 0.54 0.185 1.5715 0.6935 0.318 0.47 4
0.625 0.49 0.11 1.136 0.5265 0.1915 0.2925 5
0.61 0.48 0.165 1.097 0.4215 0.264 0.335 4
0.455 0.435 0.11 0.4265 0.195 0.09 0.1205 5
0.72 0.575 0.215 2.1 0.8565 0.4825 0.602 3
0.68 0.505 0.17 1.3435 0.657 0.297 0.355 3
0.635 0.505 0.145 1.1345 0.505 0.2655 0.315 3
0.57 0.45 0.145 0.751 0.2825 0.2195 0.2215 3
0.64 0.51 0.19 1.613 0.6215 0.361 0.47 4
0.615 0.5 0.175 1.377 0.5585 0.33 0.292 3
0.615 0.475 0.13 0.8425 0.353 0.1915 0.251 5
0.59 0.485 0.205 1.2315 0.4525 0.238 0.42 4
0.44 0.355 0.125 0.4775 0.132 0.0815 0.19 5
0.595 0.47 0.165 1.0155 0.491 0.1905 0.289 5
0.625 0.49 0.165 1.205 0.5175 0.3105 0.3465 3
0.51 0.375 0.15 0.8415 0.3845 0.156 0.255 3
0.56 0.44 0.14 0.825 0.402 0.139 0.245 3
0.205 0.14 0.05 0.046 0.0165 0.012 0.0135 2
0.645 0.5 0.195 1.401 0.6165 0.3515 0.3725 3
0.405 0.3 0.09 0.2885 0.138 0.0635 0.0765 2
0.58 0.445 0.135 0.814 0.3775 0.1915 0.22 5
0.575 0.45 0.155 0.948 0.429 0.206 0.259 5
0.52 0.41 0.115 0.77 0.263 0.157 0.26 3
0.725 0.55 0.22 2.0495 0.7735 0.4405 0.655 3
0.425 0.32 0.085 0.262 0.1235 0.067 0.0725 5
0.625 0.48 0.175 1.065 0.4865 0.259 0.285 3
0.51 0.385 0.145 0.7665 0.3985 0.14 0.1805 5
0.5 0.395 0.14 0.6215 0.2925 0.1205 0.195 5
0.59 0.5 0.15 1.142 0.485 0.265 0.345 5
0.68 0.56 0.195 1.7775 0.861 0.322 0.415 3
0.595 0.475 0.165 1.213 0.621 0.2435 0.274 5
0.27 0.195 0.07 0.106 0.0465 0.018 0.036 5
0.55 0.445 0.125 0.672 0.288 0.1365 0.21 3
0.46 0.35 0.11 0.3945 0.1685 0.0865 0.125 5
0.63 0.475 0.15 1.172 0.536 0.254 0.316 3
0.47 0.365 0.105 0.4205 0.163 0.1035 0.14 5
0.645 0.485 0.15 1.151 0.5935 0.2315 0.293 3
0.485 0.375 0.13 0.6025 0.2935 0.1285 0.16 5
0.68 0.53 0.205 1.496 0.5825 0.337 0.465 4
0.21 0.15 0.055 0.0455 0.02 0.0065 0.013 2
0.535 0.42 0.145 0.926 0.398 0.1965 0.25 1
0.39 0.31 0.085 0.344 0.181 0.0695 0.079 5
0.435 0.315 0.11 0.3685 0.1615 0.0715 0.12 5
0.645 0.5 0.16 1.2465 0.5475 0.327 0.3 3
0.515 0.4 0.14 0.6335 0.288 0.145 0.168 5
0.665 0.53 0.185 1.3955 0.456 0.3205 0.49 4
0.6 0.465 0.18 1.193 0.5145 0.315 0.3055 5
0.61 0.495 0.165 1.0835 0.4525 0.273 0.317 5
0.575 0.455 0.18 0.8525 0.3015 0.1825 0.3 4
0.3 0.23 0.08 0.1275 0.0435 0.0265 0.04 5
0.55 0.415 0.135 0.775 0.302 0.179 0.26 1
0.15 0.1 0.025 0.015 0.0045 0.004 0.005 2
0.715 0.565 0.18 1.79 0.844 0.3535 0.5385 5
0.62 0.495 0.195 1.5145 0.579 0.346 0.5195 4
0.235 0.16 0.04 0.048 0.0185 0.018 0.015 2
0.465 0.375 0.135 0.6 0.2225 0.129 0.23 4
0.545 0.43 0.14 0.772 0.289 0.19 0.2615 5
0.59 0.45 0.16 0.998 0.445 0.214 0.301 5
0.515 0.405 0.13 0.722 0.32 0.131 0.21 3
0.46 0.34 0.135 0.495 0.1655 0.117 0.185 3
0.52 0.405 0.145 0.829 0.3535 0.1685 0.205 4
0.47 0.37 0.14 0.4985 0.2095 0.1225 0.145 3
0.75 0.55 0.195 1.8325 0.83 0.366 0.44 3
0.63 0.51 0.185 1.235 0.5115 0.349 0.3065 3
0.36 0.27 0.09 0.1885 0.0845 0.0385 0.055 2
0.635 0.52 0.165 1.3405 0.5065 0.296 0.412 3
0.6 0.47 0.165 1.059 0.504 0.241 0.275 5
0.465 0.37 0.12 0.4365 0.188 0.0815 0.147 5
0.62 0.48 0.18 1.2215 0.582 0.2695 0.313 3
0.53 0.415 0.15 0.7775 0.237 0.1415 0.33 1
0.605 0.49 0.145 1.3 0.517 0.3285 0.31 4
0.685 0.545 0.18 1.768 0.7495 0.392 0.485 4
0.505 0.425 0.14 0.85 0.275 0.1625 0.285 1
0.64 0.525 0.175 1.382 0.646 0.3115 0.37 5
0.27 0.2 0.08 0.1205 0.0465 0.028 0.04 2
0.385 0.31 0.1 0.2845 0.1065 0.075 0.1 3
0.59 0.465 0.16 1.1005 0.506 0.2525 0.295 4
0.56 0.45 0.175 1.011 0.3835 0.2065 0.37 4
0.71 0.565 0.205 2.198 1.012 0.5225 0.5475 3
0.62 0.48 0.16 1.1125 0.5635 0.2445 0.281 5
0.495 0.4 0.135 0.61 0.272 0.1435 0.144 5
0.355 0.28 0.1 0.2275 0.0935 0.0455 0.085 3
0.675 0.545 0.195 1.7345 0.6845 0.3695 0.605 1
0.455 0.365 0.11 0.385 0.166 0.046 0.1345 4
0.47 0.375 0.115 0.4265 0.1685 0.0755 0.15 5
0.24 0.175 0.055 0.0705 0.025 0.014 0.021 2
0.58 0.455 0.195 1.859 0.945 0.426 0.441 5
0.755 0.575 0.2 2.073 1.0135 0.4655 0.48 3
0.64 0.525 0.2 1.3765 0.44 0.3075 0.47 4
0.505 0.405 0.11 0.625 0.305 0.16 0.175 5
0.59 0.45 0.155 0.874 0.369 0.2135 0.24 5
0.625 0.42 0.165 1.0595 0.358 0.165 0.445 1
0.635 0.505 0.155 1.2895 0.594 0.314 0.345 3
0.4 0.3 0.115 0.318 0.1335 0.0725 0.0935 2
0.605 0.47 0.18 1.1155 0.479 0.2565 0.321 3
0.575 0.435 0.135 0.992 0.432 0.2225 0.239 3
0.435 0.325 0.115 0.3915 0.154 0.094 0.12 5
0.765 0.585 0.18 2.398 1.128 0.512 0.5335 3
0.3 0.22 0.08 0.1255 0.055 0.0265 0.039 2
0.5 0.38 0.135 0.594 0.2945 0.104 0.1565 5
0.53 0.425 0.13 0.717 0.2115 0.166 0.255 4
0.57 0.455 0.15 0.96 0.387 0.2385 0.275 3
0.255 0.185 0.07 0.075 0.028 0.018 0.025 2
0.605 0.49 0.18 1.227 0.48 0.287 0.35 1
0.435 0.35 0.12 0.4585 0.192 0.1 0.13 3
0.495 0.33 0.1 0.44 0.177 0.095 0.15 5
0.55 0.45 0.15 1.0145 0.407 0.2015 0.2875 3
0.625 0.515 0.16 1.264 0.5715 0.326 0.321 5
0.46 0.355 0.11 0.436 0.1975 0.096 0.125 5
0.55 0.425 0.16 0.793 0.343 0.2035 0.215 5
0.725 0.505 0.185 1.978 1.026 0.4255 0.4505 3
0.355 0.265 0.085 0.2435 0.122 0.0525 0.06 2
0.5 0.385 0.105 0.498 0.1795 0.1095 0.17 1
0.13 0.095 0.035 0.0105 0.005 0.0065 0.0035 2
0.615 0.47 0.155 1.084 0.5885 0.209 0.246 5
0.385 0.28 0.125 0.244 0.102 0.038 0.085 2
0.455 0.345 0.105 0.4005 0.164 0.0755 0.126 5
0.605 0.475 0.145 0.884 0.3835 0.1905 0.27 5
0.45 0.355 0.12 0.3955 0.147 0.0765 0.145 5
0.71 0.565 0.2 1.601 0.706 0.321 0.45 3
0.405 0.305 0.12 0.3185 0.1235 0.0905 0.095 5
0.49 0.39 0.12 0.511 0.2205 0.103 0.1745 5
0.315 0.23 0.07 0.1145 0.046 0.0235 0.0385 2
0.37 0.28 0.085 0.217 0.1095 0.035 0.062 2
0.455 0.35 0.13 0.4725 0.215 0.0745 0.15 5
0.445 0.32 0.12 0.414 0.199 0.09 0.117 5
0.255 0.195 0.055 0.0725 0.0285 0.017 0.021 2
0.16 0.12 0.035 0.021 0.0075 0.0045 0.005 2
0.525 0.4 0.135 0.714 0.318 0.138 0.208 3
0.48 0.39 0.15 0.6275 0.276 0.134 0.185 4
0.55 0.445 0.145 0.783 0.3045 0.157 0.265 3
0.68 0.53 0.18 1.529 0.7635 0.3115 0.4025 3
0.515 0.43 0.14 0.834 0.367 0.2 0.23 5
0.57 0.45 0.17 1.098 0.414 0.187 0.405 1
0.46 0.34 0.09 0.384 0.1795 0.068 0.11 5
0.51 0.4 0.13 0.5735 0.219 0.1365 0.195 4
0.58 0.46 0.15 1.1155 0.5575 0.2255 0.29 5
0.35 0.26 0.09 0.195 0.0745 0.041 0.0655 5
0.635 0.5 0.18 1.154 0.4405 0.2315 0.387 5
0.575 0.45 0.17 0.9315 0.358 0.2145 0.26 4
0.44 0.35 0.11 0.4585 0.2 0.0885 0.13 5
0.625 0.5 0.175 1.273 0.564 0.302 0.374 5
0.52 0.4 0.13 0.6245 0.215 0.2065 0.17 4
0.645 0.5 0.175 1.286 0.5645 0.288 0.386 3
0.665 0.525 0.175 1.443 0.6635 0.3845 0.353 3
0.205 0.15 0.065 0.04 0.02 0.011 0.013 2
0.52 0.42 0.16 0.745 0.255 0.157 0.2885 3
0.61 0.49 0.17 1.3475 0.7045 0.25 0.3045 3
0.575 0.435 0.15 1.0305 0.4605 0.218 0.36 5
0.515 0.385 0.125 0.6115 0.3175 0.1265 0.15 5
0.215 0.17 0.055 0.0605 0.0205 0.014 0.02 2
0.695 0.565 0.19 1.7635 0.7465 0.399 0.4975 3
0.63 0.49 0.225 1.336 0.6805 0.259 0.3245 3
0.425 0.31 0.105 0.365 0.159 0.0825 0.105 2
0.35 0.26 0.075 0.18 0.09 0.0245 0.055 2
0.49 0.38 0.14 0.6385 0.2305 0.142 0.195 4
0.57 0.45 0.135 0.7805 0.3345 0.185 0.21 5
0.695 0.53 0.2 2.0475 0.75 0.4195 0.6095 4
0.415 0.325 0.115 0.3455 0.1405 0.0765 0.11 5
0.535 0.405 0.145 0.6845 0.2725 0.171 0.205 3
0.345 0.265 0.1 0.2455 0.111 0.0535 0.065 5
0.615 0.475 0.17 1.055 0.543 0.246 0.2345 5
0.435 0.335 0.11 0.4385 0.2075 0.0715 0.1315 5
0.505 0.395 0.145 0.6515 0.2695 0.153 0.205 4
0.545 0.43 0.16 0.844 0.3945 0.1855 0.231 5
0.605 0.475 0.155 1.161 0.572 0.2455 0.275 5
0.25 0.175 0.06 0.0635 0.0275 0.008 0.02 2
0.505 0.405 0.18 0.606 0.239 0.1235 0.18 3
0.38 0.29 0.105 0.257 0.099 0.051 0.085 3
0.38 0.3 0.1 0.2505 0.106 0.0535 0.0775 5
0.575 0.45 0.135 0.8285 0.362 0.1655 0.236 3
0.68 0.55 0.19 1.807 0.8225 0.3655 0.515 3
0.525 0.43 0.15 0.7365 0.3225 0.161 0.215 3
0.32 0.245 0.08 0.1585 0.0635 0.0325 0.05 4
0.53 0.41 0.145 0.8255 0.375 0.204 0.245 5
0.475 0.36 0.1 0.4285 0.1965 0.099 0.112 5
0.505 0.385 0.125 0.596 0.245 0.097 0.21 5
0.655 0.545 0.165 1.6225 0.6555 0.299 0.513 3
0.455 0.375 0.125 0.484 0.2155 0.102 0.165 5
0.72 0.565 0.2 1.787 0.718 0.385 0.529 3
0.64 0.51 0.2 1.3905 0.61 0.3315 0.41 3
0.555 0.445 0.13 0.8625 0.4225 0.155 0.24 5
0.47 0.375 0.105 0.441 0.167 0.0865 0.145 3
0.595 0.465 0.125 0.799 0.3245 0.2 0.23 3
0.62 0.475 0.15 0.9545 0.455 0.1865 0.277 5
0.435 0.345 0.115 0.418 0.222 0.0735 0.106 5
0.355 0.265 0.09 0.168 0.05 0.041 0.063 5
0.43 0.35 0.09 0.397 0.1575 0.089 0.12 5
0.67 0.51 0.2 1.5945 0.6705 0.3845 0.4505 3
0.475 0.35 0.115 0.452 0.1715 0.092 0.155 3
0.565 0.505 0.21 1.2765 0.501 0.279 0.355 3
0.59 0.5 0.2 1.187 0.412 0.2705 0.37 4
0.68 0.56 0.165 1.639 0.6055 0.2805 0.46 4
0.44 0.325 0.115 0.39 0.163 0.087 0.113 5
0.585 0.46 0.145 0.8465 0.339 0.167 0.295 3
0.415 0.31 0.095 0.311 0.1125 0.0625 0.115 5
0.495 0.355 0.12 0.4965 0.214 0.1045 0.1495 5
0.505 0.385 0.135 0.6185 0.251 0.1175 0.2 3
0.61 0.45 0.19 1.0805 0.517 0.2495 0.2935 3
0.51 0.4 0.12 0.7005 0.347 0.1105 0.195 3
0.585 0.455 0.145 0.953 0.3945 0.2685 0.258 3
0.515 0.415 0.14 0.6935 0.3115 0.152 0.2 3
0.425 0.335 0.1 0.4085 0.1755 0.092 0.135 5
0.64 0.48 0.195 1.1435 0.4915 0.2345 0.353 5
0.475 0.35 0.125 0.4225 0.1905 0.079 0.1355 5
0.59 0.49 0.165 1.207 0.559 0.235 0.309 3
0.585 0.46 0.185 0.922 0.3635 0.213 0.285 3
0.615 0.515 0.17 1.14 0.4305 0.2245 0.42 4
0.51 0.405 0.125 0.6795 0.3465 0.1395 0.182 5
0.435 0.33 0.095 0.393 0.219 0.075 0.0885 2
0.525 0.41 0.115 0.7745 0.416 0.163 0.18 5
0.56 0.45 0.185 1.07 0.3805 0.175 0.41 1
0.71 0.56 0.22 2.015 0.9215 0.454 0.566 3
0.57 0.45 0.15 0.9645 0.531 0.189 0.209 5
0.17 0.105 0.035 0.034 0.012 0.0085 0.005 2
0.7 0.53 0.19 1.3185 0.548 0.233 0.42 1
0.635 0.49 0.175 1.2435 0.5805 0.313 0.305 3
0.545 0.45 0.15 0.7805 0.3795 0.1625 0.216 5
0.325 0.24 0.085 0.173 0.0795 0.038 0.05 5
0.585 0.405 0.15 1.2565 0.435 0.202 0.325 4
0.675 0.53 0.175 1.4465 0.6775 0.33 0.389 3
0.525 0.405 0.135 0.7575 0.3305 0.216 0.195 3
0.59 0.475 0.14 0.977 0.4625 0.2025 0.275 3
0.65 0.5 0.19 1.464 0.6415 0.339 0.4245 5
0.625 0.5 0.165 1.288 0.573 0.3035 0.315 5
0.55 0.425 0.145 0.89 0.4325 0.171 0.236 3
0.43 0.315 0.115 0.384 0.1885 0.0715 0.11 5
0.6 0.48 0.175 1.229 0.4125 0.2735 0.415 4
0.59 0.465 0.15 0.997 0.392 0.246 0.34 3
0.4 0.29 0.1 0.258 0.104 0.059 0.0815 5
0.555 0.44 0.15 0.755 0.307 0.1525 0.26 3
0.645 0.5 0.16 1.3815 0.672 0.326 0.315 5
0.46 0.36 0.115 0.4755 0.2105 0.105 0.16 5
0.535 0.42 0.13 0.8055 0.301 0.181 0.28 4
0.365 0.27 0.09 0.2155 0.1005 0.049 0.0655 2
0.655 0.535 0.205 1.6445 0.7305 0.3595 0.46 4
0.49 0.39 0.135 0.5785 0.2465 0.123 0.2 4
0.595 0.5 0.18 1.053 0.4405 0.192 0.39 4
0.41 0.325 0.1 0.3555 0.146 0.072 0.105 5
0.535 0.455 0.14 1.0015 0.53 0.1765 0.244 5
0.485 0.36 0.12 0.5155 0.2465 0.1025 0.147 5
0.475 0.39 0.12 0.5305 0.2135 0.1155 0.17 3
0.525 0.4 0.14 0.7205 0.3685 0.145 0.1735 5
0.68 0.56 0.195 1.664 0.58 0.3855 0.545 3
0.235 0.18 0.06 0.058 0.022 0.0145 0.018 2
0.335 0.25 0.095 0.185 0.0795 0.0495 0.055 5
0.405 0.31 0.12 0.3095 0.138 0.058 0.095 4
0.66 0.515 0.2 1.6465 0.749 0.422 0.401 3
0.65 0.515 0.18 1.3315 0.5665 0.347 0.405 4
0.62 0.46 0.16 0.9505 0.4915 0.2 0.228 5
0.52 0.41 0.16 0.712 0.2845 0.153 0.225 3
0.535 0.42 0.165 0.9195 0.3355 0.1985 0.26 4
0.57 0.465 0.16 0.8935 0.3145 0.2575 0.263 3
0.485 0.37 0.115 0.4785 0.1995 0.0955 0.129 5
0.585 0.45 0.16 1.077 0.4995 0.2875 0.25 3
0.55 0.445 0.11 0.7935 0.378 0.142 0.26 3
0.325 0.225 0.075 0.139 0.0565 0.032 0.09 2
0.375 0.305 0.115 0.2715 0.092 0.074 0.09 5
0.45 0.335 0.105 0.425 0.1865 0.091 0.115 5
0.52 0.41 0.125 0.6985 0.2945 0.1625 0.215 3
0.62 0.5 0.17 1.148 0.5475 0.22 0.3315 3
0.495 0.38 0.145 0.5 0.205 0.148 0.1505 5
0.62 0.475 0.185 1.325 0.6045 0.325 0.33 4
0.665 0.53 0.18 1.491 0.6345 0.342 0.435 3
0.525 0.4 0.145 0.6095 0.248 0.159 0.175 5
0.57 0.48 0.18 0.9395 0.399 0.2 0.295 4
0.715 0.52 0.18 1.6 0.708 0.3525 0.445 3
0.54 0.415 0.145 0.74 0.2635 0.168 0.245 3
0.575 0.43 0.155 0.7955 0.3485 0.1925 0.22 5
0.6 0.5 0.16 1.122 0.5095 0.256 0.309 3
0.65 0.515 0.16 1.1625 0.495 0.203 0.33 1
0.685 0.535 0.155 1.3845 0.6615 0.2145 0.4075 3
0.63 0.465 0.15 1.0315 0.4265 0.24 0.325 3
0.6 0.47 0.135 0.97 0.4655 0.1955 0.264 3
0.6 0.465 0.155 1.0165 0.512 0.2465 0.225 3
0.575 0.47 0.14 0.8375 0.3485 0.1735 0.24 3
0.35 0.265 0.09 0.2255 0.0995 0.0485 0.07 5
0.605 0.47 0.18 1.1405 0.3755 0.2805 0.385 4
0.37 0.275 0.08 0.227 0.093 0.0625 0.07 5
0.58 0.46 0.155 1.0335 0.469 0.2225 0.295 3
0.23 0.175 0.065 0.0645 0.026 0.0105 0.02 2
0.565 0.45 0.16 0.795 0.3605 0.1555 0.23 3
0.65 0.51 0.175 1.155 0.4955 0.2025 0.385 3
0.505 0.4 0.125 0.5605 0.2255 0.1435 0.17 5
0.49 0.39 0.15 0.573 0.225 0.124 0.17 1
0.53 0.405 0.15 0.8315 0.352 0.187 0.2525 3
0.62 0.525 0.155 1.085 0.454 0.1965 0.35 3
0.63 0.485 0.185 1.167 0.548 0.2485 0.34 3
0.555 0.46 0.145 0.9005 0.3845 0.158 0.2765 3
0.21 0.15 0.055 0.0465 0.017 0.012 0.015 2
0.68 0.5 0.185 1.741 0.7665 0.3255 0.4685 3
0.52 0.375 0.135 0.5375 0.221 0.117 0.17 5
0.075 0.055 0.01 0.002 0.001 0.0005 0.0015 2
0.72 0.57 0.2 1.8275 0.919 0.366 0.485 3
0.52 0.4 0.14 0.622 0.278 0.1455 0.169 5
0.4 0.305 0.13 0.2935 0.096 0.0675 0.105 5
0.515 0.415 0.13 0.764 0.276 0.196 0.25 4
0.35 0.255 0.085 0.2145 0.1 0.0465 0.06 4
0.675 0.51 0.17 1.527 0.809 0.318 0.341 3
0.655 0.545 0.19 1.4245 0.6325 0.333 0.378 3
0.725 0.575 0.175 2.124 0.765 0.4515 0.85 1
0.505 0.39 0.105 0.6555 0.2595 0.18 0.19 3
0.675 0.545 0.185 1.7375 0.876 0.3135 0.469 4
0.235 0.17 0.065 0.0625 0.023 0.014 0.022 2
0.35 0.27 0.09 0.2055 0.075 0.0575 0.062 2
0.48 0.36 0.125 0.542 0.2795 0.1025 0.147 5
0.31 0.225 0.075 0.155 0.065 0.037 0.0365 2
0.565 0.43 0.125 0.6545 0.2815 0.139 0.21 5
0.46 0.36 0.125 0.547 0.2165 0.1105 0.19 5
0.365 0.27 0.085 0.1875 0.081 0.042 0.058 2
0.515 0.405 0.145 0.695 0.215 0.1635 0.234 4
0.495 0.385 0.135 0.6625 0.3005 0.1635 0.185 3
0.535 0.42 0.125 0.764 0.312 0.1505 0.265 3
0.515 0.385 0.125 0.572 0.237 0.1435 0.165 5
0.57 0.48 0.175 1.185 0.474 0.261 0.38 3
0.575 0.435 0.15 0.805 0.293 0.1625 0.27 1
0.4 0.32 0.11 0.353 0.1405 0.0985 0.1 5
0.61 0.45 0.16 1.136 0.414 0.311 0.3 5
0.535 0.45 0.135 0.8075 0.322 0.181 0.25 4
0.38 0.3 0.1 0.286 0.1305 0.056 0.09 5
0.53 0.42 0.17 0.828 0.41 0.208 0.1505 2
0.655 0.49 0.175 1.3585 0.6395 0.294 0.365 3
0.61 0.495 0.16 1.089 0.469 0.198 0.384 3
0.665 0.535 0.225 2.1835 0.7535 0.391 0.885 1
0.28 0.2 0.065 0.0895 0.036 0.0185 0.03 5
0.63 0.485 0.18 1.2435 0.5175 0.308 0.37 3
0.49 0.38 0.125 0.549 0.245 0.1075 0.174 3
0.57 0.42 0.13 0.7745 0.3535 0.1505 0.2365 5
0.48 0.37 0.12 0.514 0.2075 0.131 0.155 4
0.355 0.28 0.085 0.2905 0.095 0.0395 0.115 5
0.365 0.27 0.075 0.2215 0.095 0.0445 0.07 2
0.615 0.475 0.205 1.337 0.5995 0.2815 0.37 3
0.5 0.365 0.13 0.5945 0.309 0.1085 0.1535 5
0.515 0.4 0.135 0.636 0.3055 0.1215 0.1855 5
0.48 0.35 0.1 0.519 0.2365 0.1275 0.126 5
0.7 0.555 0.2 1.858 0.73 0.3665 0.595 3
0.385 0.305 0.095 0.252 0.0915 0.055 0.09 4
0.595 0.47 0.175 0.991 0.382 0.2395 0.5 3
0.31 0.235 0.09 0.127 0.048 0.031 0.04 2
0.63 0.495 0.18 1.31 0.495 0.295 0.4695 3
0.295 0.22 0.065 0.1295 0.052 0.028 0.035 2
0.55 0.46 0.13 0.7085 0.305 0.1455 0.205 3
0.57 0.47 0.14 0.871 0.385 0.211 0.2315 3
0.52 0.38 0.13 0.5345 0.2375 0.122 0.1535 5
0.46 0.38 0.13 0.639 0.3 0.1525 0.16 3
0.725 0.57 0.19 2.55 1.0705 0.483 0.725 4
0.655 0.505 0.165 1.367 0.5835 0.3515 0.396 3
0.575 0.45 0.145 0.872 0.4675 0.18 0.217 5
0.475 0.36 0.11 0.4555 0.177 0.0965 0.145 5
0.61 0.475 0.165 1.116 0.428 0.2205 0.315 4
0.325 0.24 0.075 0.155 0.0475 0.0355 0.06 5
0.29 0.21 0.075 0.275 0.113 0.0675 0.035 2
0.165 0.125 0.04 0.0245 0.0095 0.0045 0.008 2
0.395 0.32 0.1 0.3075 0.149 0.0535 0.09 5
0.67 0.505 0.175 1.0145 0.4375 0.271 0.3745 3
0.53 0.425 0.17 0.949 0.3485 0.2395 0.278 1
0.61 0.485 0.15 1.2405 0.6025 0.2915 0.3085 3
0.455 0.37 0.11 0.514 0.2385 0.1235 0.126 5
0.63 0.49 0.16 1.09 0.407 0.224 0.354 3
0.39 0.3 0.09 0.252 0.1065 0.053 0.08 5
0.575 0.435 0.13 1.0105 0.368 0.222 0.32 3
0.65 0.5 0.165 1.1445 0.485 0.218 0.365 3
0.615 0.475 0.155 1.004 0.4475 0.193 0.2895 3
0.53 0.415 0.115 0.5915 0.233 0.1585 0.18 3
0.34 0.26 0.085 0.1885 0.0815 0.0335 0.06 2
0.565 0.455 0.15 0.8205 0.365 0.159 0.26 1
0.385 0.265 0.08 0.251 0.124 0.037 0.07 2
0.65 0.5 0.16 1.3825 0.702 0.304 0.3195 5
0.38 0.275 0.095 0.2505 0.0945 0.0655 0.075 2
0.565 0.435 0.185 1.032 0.354 0.2045 0.31 1
0.335 0.26 0.1 0.192 0.0785 0.0585 0.07 5
0.44 0.345 0.1 0.366 0.122 0.0905 0.12 4
0.365 0.265 0.135 0.2215 0.105 0.047 0.0605 5
0.405 0.29 0.09 0.2825 0.112 0.075 0.0815 5
0.5 0.39 0.145 0.651 0.273 0.132 0.22 3
0.535 0.415 0.17 0.879 0.295 0.1965 0.285 3
0.495 0.375 0.12 0.614 0.2855 0.1365 0.161 5
0.35 0.265 0.08 0.2 0.09 0.042 0.06 5
0.495 0.38 0.12 0.474 0.197 0.1065 0.1545 3
0.465 0.39 0.14 0.5555 0.213 0.1075 0.215 4
0.585 0.47 0.17 1.099 0.3975 0.2325 0.358 1
0.57 0.45 0.135 1.02 0.546 0.204 0.25 5
0.565 0.45 0.195 1.0035 0.406 0.2505 0.285 4
0.525 0.425 0.14 0.8735 0.4205 0.182 0.2225 3
0.43 0.35 0.11 0.406 0.1675 0.081 0.135 3
0.505 0.44 0.14 0.8275 0.3415 0.1855 0.239 5
0.24 0.175 0.065 0.0665 0.031 0.0135 0.017 2
0.44 0.35 0.125 0.4035 0.175 0.063 0.129 5
0.595 0.475 0.17 1.247 0.48 0.225 0.425 1
0.665 0.515 0.185 1.3405 0.5595 0.293 0.4375 3
0.57 0.435 0.15 0.8295 0.3875 0.156 0.245 3
0.575 0.42 0.135 0.857 0.461 0.147 0.2125 3
0.5 0.4 0.125 0.5765 0.2395 0.126 0.185 3
0.43 0.34 0.12 0.3575 0.151 0.0645 0.1045 5
0.475 0.35 0.1 0.4545 0.2165 0.111 0.115 5
0.64 0.475 0.14 1.0725 0.4895 0.2295 0.31 5
0.54 0.415 0.15 0.8115 0.3875 0.1875 0.2035 5
0.42 0.315 0.1 0.3435 0.157 0.0795 0.09 2
0.515 0.4 0.115 0.578 0.191 0.1445 0.17 5
0.58 0.45 0.155 0.8275 0.321 0.1975 0.2445 5
0.465 0.355 0.09 0.4325 0.2005 0.074 0.1275 5
0.22 0.16 0.05 0.049 0.0215 0.01 0.015 2
0.525 0.425 0.16 0.8355 0.3545 0.2135 0.245 5
0.62 0.47 0.2 1.2255 0.381 0.27 0.435 1
0.61 0.47 0.16 1.022 0.449 0.2345 0.2945 5
0.575 0.45 0.13 0.785 0.318 0.193 0.2265 5
0.61 0.475 0.15 0.9665 0.4145 0.2 0.345 3
0.345 0.27 0.095 0.197 0.0665 0.05 0.07 5
0.655 0.51 0.15 1.043 0.4795 0.223 0.305 5
0.37 0.285 0.1 0.228 0.0675 0.0675 0.081 3
0.63 0.495 0.2 1.4255 0.659 0.336 0.38 3
0.315 0.24 0.085 0.1715 0.071 0.0345 0.0535 5
0.44 0.325 0.09 0.35 0.148 0.067 0.105 5
0.605 0.475 0.19 1.1255 0.59 0.247 0.26 3
0.575 0.46 0.165 0.9155 0.4005 0.2465 0.2385 5
0.605 0.48 0.175 1.1685 0.4815 0.2305 0.356 5
0.49 0.38 0.12 0.529 0.2165 0.139 0.155 3
0.65 0.525 0.19 1.3685 0.5975 0.296 0.4 3
0.535 0.39 0.125 0.599 0.2595 0.149 0.169 5
