0.635 0.51 0.17 1.3555 0.619 0.305 0.39 5
0.525 0.4 0.14 0.654 0.305 0.16 0.169 5
0.68 0.535 0.185 1.607 0.7245 0.3215 0.498 3
0.62 0.48 0.175 1.0405 0.464 0.2225 0.3 5
0.465 0.355 0.09 0.4325 0.2005 0.074 0.1275 5
0.535 0.41 0.155 0.6315 0.2745 0.1415 0.1815 3
0.675 0.535 0.185 1.5575 0.7035 0.402 0.4 3
0.51 0.395 0.125 0.5805 0.244 0.1335 0.188 3
0.525 0.415 0.145 0.845 0.3525 0.1635 0.2875 5
0.555 0.425 0.15 0.873 0.4625 0.1845 0.1965 5
0.62 0.48 0.165 1.0725 0.4815 0.235 0.312 5
0.5 0.375 0.15 0.636 0.2535 0.145 0.19 3
0.385 0.305 0.09 0.2775 0.109 0.0515 0.1 5
0.69 0.55 0.18 1.659 0.8715 0.2655 0.4395 5
0.185 0.135 0.045 0.032 0.011 0.0065 0.01 2
0.605 0.47 0.16 1.1735 0.4975 0.2405 0.345 3
0.415 0.325 0.1 0.385 0.167 0.08 0.125 5
0.315 0.21 0.06 0.125 0.06 0.0375 0.035 2
0.475 0.35 0.115 0.487 0.194 0.1455 0.125 4
0.19 0.13 0.03 0.0295 0.0155 0.015 0.01 2
0.34 0.265 0.085 0.1835 0.077 0.046 0.065 3
0.635 0.485 0.18 1.1795 0.4785 0.2775 0.355 3
0.625 0.525 0.195 1.352 0.4505 0.2445 0.53 4
0.565 0.45 0.115 0.9085 0.398 0.197 0.29 1
0.545 0.41 0.145 0.873 0.3035 0.196 0.31 1
0.43 0.315 0.115 0.384 0.1885 0.0715 0.11 5
0.61 0.48 0.165 1.2435 0.5575 0.2675 0.372 5
0.625 0.49 0.155 1.2085 0.465 0.162 0.411 3
0.61 0.49 0.16 1.1545 0.5865 0.2385 0.2915 3
0.16 0.12 0.035 0.021 0.0075 0.0045 0.005 2
0.515 0.42 0.15 0.6725 0.2555 0.1335 0.235 3
0.59 0.46 0.145 0.929 0.38 0.24 0.255 3
0.6 0.47 0.19 1.1345 0.492 0.2595 0.3375 3
0.58 0.435 0.14 0.953 0.475 0.2165 0.2095 5
0.51 0.4 0.15 0.745 0.2865 0.1675 0.235 4
0.5 0.38 0.125 0.577 0.269 0.1265 0.1535 5
0.47 0.375 0.105 0.441 0.167 0.0865 0.145 3
0.585 0.46 0.185 0.922 0.3635 0.213 0.285 3
0.47 0.35 0.125 0.4315 0.19 0.1165 0.1175 2
0.31 0.235 0.09 0.127 0.048 0.031 0.04 2
0.65 0.515 0.195 1.4005 0.5195 0.36 0.44 4
0.52 0.41 0.115 0.807 0.2855 0.179 0.235 3
0.43 0.34 0.125 0.384 0.1375 0.061 0.146 4
0.415 0.3 0.1 0.3355 0.1545 0.0685 0.095 5
0.465 0.35 0.115 0.421 0.1565 0.091 0.1345 5
0.51 0.4 0.14 0.8145 0.459 0.1965 0.195 3
0.525 0.405 0.125 0.657 0.2985 0.1505 0.168 3
0.505 0.39 0.105 0.6555 0.2595 0.18 0.19 3
0.675 0.54 0.175 1.5545 0.6645 0.278 0.512 3
0.5 0.38 0.12 0.5765 0.273 0.135 0.145 5
0.27 0.195 0.065 0.1065 0.0475 0.0225 0.0285 2
0.425 0.33 0.13 0.4405 0.152 0.0935 0.155 5
0.5 0.375 0.14 0.559 0.2375 0.135 0.169 5
0.59 0.445 0.13 1.1325 0.3825 0.234 0.32 4
0.7 0.525 0.175 1.7585 0.8745 0.3615 0.47 3
0.495 0.38 0.12 0.474 0.197 0.1065 0.1545 3
0.54 0.43 0.14 0.8195 0.3935 0.1725 0.2295 5
0.405 0.325 0.11 0.3555 0.151 0.063 0.117 5
0.565 0.44 0.155 0.868 0.348 0.217 0.26 3
0.485 0.39 0.135 0.617 0.25 0.1345 0.1635 5
0.16 0.11 0.025 0.018 0.0065 0.0055 0.005 2
0.6 0.465 0.18 1.193 0.5145 0.315 0.3055 5
0.5 0.38 0.11 0.494 0.218 0.09 0.1325 5
0.345 0.26 0.09 0.207 0.0775 0.0435 0.0765 3
0.545 0.4 0.13 0.686 0.3285 0.1455 0.18 5
0.68 0.56 0.165 1.639 0.6055 0.2805 0.46 4
0.525 0.4 0.115 0.6295 0.2555 0.144 0.18 3
0.61 0.485 0.17 1.0225 0.419 0.2405 0.36 3
0.535 0.42 0.165 0.9195 0.3355 0.1985 0.26 4
0.33 0.25 0.075 0.1405 0.056 0.035 0.05 2
0.455 0.335 0.135 0.501 0.274 0.0995 0.1065 5
0.33 0.245 0.085 0.171 0.0655 0.0365 0.055 3
0.64 0.495 0.17 1.139 0.5395 0.282 0.285 3
0.735 0.59 0.205 2.087 0.909 0.474 0.625 3
0.37 0.265 0.075 0.214 0.09 0.051 0.07 2
0.58 0.445 0.15 0.8865 0.383 0.209 0.255 3
0.47 0.375 0.105 0.468 0.1665 0.108 0.17 3
0.575 0.485 0.165 1.0405 0.419 0.264 0.3 4
0.465 0.325 0.14 0.7615 0.362 0.1535 0.209 3
0.51 0.4 0.13 0.6435 0.27 0.1665 0.205 3
0.75 0.55 0.18 1.893 0.942 0.397 0.445 3
0.47 0.355 0.12 0.3685 0.126 0.0835 0.1365 2
0.58 0.465 0.175 1.035 0.401 0.1865 0.385 1
0.48 0.37 0.13 0.5885 0.2475 0.1505 0.1595 4
0.49 0.375 0.115 0.4615 0.204 0.0945 0.143 5
0.41 0.31 0.09 0.339 0.155 0.0695 0.09 5
0.56 0.415 0.13 0.7615 0.3695 0.17 0.1955 5
0.45 0.335 0.095 0.3505 0.1615 0.0625 0.1185 5
0.605 0.49 0.18 1.227 0.48 0.287 0.35 1
0.575 0.48 0.15 0.8745 0.375 0.193 0.29 3
0.595 0.485 0.15 1.0835 0.5305 0.231 0.276 5
0.685 0.535 0.175 1.432 0.637 0.247 0.46 3
0.475 0.38 0.12 0.441 0.1785 0.0885 0.1505 5
0.465 0.36 0.105 0.488 0.188 0.0845 0.19 3
0.615 0.485 0.215 0.9615 0.422 0.176 0.29 3
0.425 0.325 0.12 0.3755 0.142 0.1065 0.105 5
0.615 0.515 0.135 1.1215 0.545 0.2305 0.29 5
0.61 0.45 0.15 0.871 0.407 0.1835 0.25 3
0.6 0.475 0.16 1.164 0.5045 0.2635 0.335 3
0.46 0.365 0.125 0.467 0.1895 0.0945 0.158 3
0.515 0.405 0.14 0.8505 0.312 0.146 0.315 1
0.62 0.515 0.155 1.3255 0.6685 0.2605 0.335 3
0.53 0.415 0.16 0.783 0.2935 0.158 0.245 4
0.715 0.52 0.18 1.6 0.708 0.3525 0.445 3
0.43 0.35 0.11 0.406 0.1675 0.081 0.135 3
0.54 0.405 0.15 0.7585 0.307 0.2075 0.19 3
0.515 0.385 0.125 0.6115 0.3175 0.1265 0.15 5
0.45 0.36 0.105 0.4715 0.2035 0.0935 0.149 5
0.385 0.295 0.085 0.2535 0.103 0.0575 0.085 5
0.5 0.405 0.14 0.6155 0.241 0.1355 0.205 5
0.66 0.515 0.17 1.337 0.615 0.3125 0.3575 3
0.37 0.28 0.085 0.198 0.0805 0.0455 0.058 2
0.555 0.46 0.145 0.9005 0.3845 0.158 0.2765 3
0.56 0.45 0.155 0.9125 0.3595 0.271 0.35 3
0.355 0.27 0.075 0.1775 0.079 0.0315 0.054 2
0.61 0.495 0.185 1.1085 0.3705 0.3135 0.33 3
0.44 0.32 0.105 0.3875 0.1755 0.074 0.12 5
0.605 0.485 0.165 0.9515 0.4535 0.193 0.2765 3
0.48 0.365 0.135 0.6395 0.2945 0.113 0.175 5
0.255 0.19 0.05 0.083 0.0295 0.0215 0.027 2
0.605 0.455 0.16 1.1215 0.533 0.273 0.271 3
0.475 0.39 0.12 0.5305 0.2135 0.1155 0.17 3
0.64 0.585 0.195 1.647 0.7225 0.331 0.471 3
0.64 0.505 0.175 1.3185 0.6185 0.302 0.3315 5
0.685 0.505 0.19 1.533 0.667 0.4055 0.41 3
0.53 0.41 0.155 0.7155 0.2805 0.1685 0.214 3
0.33 0.255 0.095 0.1875 0.0735 0.045 0.06 5
0.56 0.45 0.145 0.9355 0.425 0.1645 0.2725 3
0.66 0.51 0.18 1.261 0.5 0.2335 0.339 3
0.62 0.51 0.175 1.2815 0.5715 0.2385 0.39 3
0.485 0.37 0.115 0.457 0.1885 0.0965 0.15 5
0.55 0.45 0.145 0.741 0.295 0.1435 0.2665 3
0.67 0.54 0.195 1.217 0.532 0.2735 0.3315 3
0.6 0.475 0.175 1.3445 0.549 0.2875 0.36 3
0.705 0.57 0.18 1.5345 0.96 0.4195 0.43 3
0.415 0.305 0.1 0.325 0.156 0.0505 0.091 2
0.565 0.435 0.155 0.782 0.2715 0.168 0.285 4
0.6 0.495 0.185 1.1145 0.5055 0.2635 0.367 3
0.655 0.515 0.2 1.373 0.443 0.3375 0.49 4
0.76 0.605 0.215 2.173 0.801 0.4915 0.646 4
0.68 0.53 0.205 1.496 0.5825 0.337 0.465 4
0.62 0.47 0.15 1.309 0.587 0.4405 0.325 5
0.715 0.525 0.2 1.89 0.95 0.436 0.4305 3
0.46 0.36 0.125 0.547 0.2165 0.1105 0.19 5
0.64 0.54 0.175 1.571 0.627 0.271 0.475 1
0.495 0.38 0.145 0.5 0.205 0.148 0.1505 5
0.515 0.4 0.115 0.578 0.191 0.1445 0.17 5
0.32 0.24 0.08 0.18 0.08 0.0385 0.055 2
0.39 0.285 0.095 0.271 0.11 0.06 0.08 5
0.355 0.28 0.1 0.2275 0.0935 0.0455 0.085 3
0.55 0.435 0.16 0.906 0.342 0.219 0.295 4
0.545 0.41 0.14 0.625 0.223 0.16 0.235 4
0.53 0.42 0.14 0.6765 0.256 0.1855 0.208 5
0.47 0.37 0.135 0.547 0.222 0.1325 0.17 3
0.39 0.29 0.1 0.2225 0.095 0.0465 0.073 5
0.415 0.315 0.115 0.3895 0.2015 0.065 0.103 5
0.565 0.465 0.15 1.1285 0.377 0.3525 0.33 4
0.695 0.58 0.2 1.8995 0.675 0.478 0.5295 4
0.44 0.355 0.125 0.4775 0.132 0.0815 0.19 5
0.485 0.375 0.13 0.5535 0.266 0.112 0.157 5
0.165 0.115 0.015 0.0145 0.0055 0.003 0.005 2
0.465 0.36 0.12 0.4765 0.192 0.1125 0.16 3
0.585 0.45 0.16 1.077 0.4995 0.2875 0.25 3
0.685 0.53 0.17 1.5105 0.7385 0.3525 0.3725 3
0.61 0.475 0.15 1.142 0.62 0.237 0.245 5
0.435 0.345 0.12 0.4475 0.221 0.112 0.125 5
0.61 0.465 0.125 0.9225 0.436 0.19 0.26 5
0.69 0.53 0.17 1.5535 0.7945 0.3485 0.3695 5
0.37 0.285 0.095 0.226 0.1135 0.0515 0.0675 5
0.47 0.345 0.115 0.4885 0.2005 0.108 0.166 3
0.35 0.26 0.09 0.195 0.0745 0.041 0.0655 5
0.34 0.245 0.085 0.2015 0.1005 0.038 0.053 2
0.6 0.45 0.15 0.9625 0.4375 0.2225 0.2775 5
0.5 0.4 0.145 0.63 0.234 0.1465 0.23 3
0.55 0.46 0.175 0.869 0.3155 0.1825 0.32 3
0.555 0.44 0.145 0.85 0.4165 0.1685 0.23 5
0.415 0.31 0.09 0.3245 0.1305 0.0735 0.115 5
0.59 0.45 0.16 0.9 0.358 0.156 0.315 1
0.575 0.445 0.16 0.839 0.4005 0.198 0.239 5
0.535 0.42 0.145 0.791 0.33 0.189 0.25 3
0.55 0.425 0.155 0.8725 0.412 0.187 0.2425 3
0.44 0.335 0.11 0.394 0.157 0.096 0.122 5
0.56 0.45 0.185 1.07 0.3805 0.175 0.41 1
0.45 0.335 0.14 0.478 0.1865 0.115 0.16 3
0.65 0.495 0.175 1.227 0.528 0.258 0.37 3
0.595 0.455 0.145 0.942 0.43 0.182 0.277 3
0.6 0.475 0.16 1.0265 0.485 0.2495 0.2565 5
0.705 0.555 0.195 1.7525 0.7105 0.4215 0.516 3
0.295 0.22 0.07 0.126 0.0515 0.0275 0.035 2
0.57 0.465 0.155 0.872 0.3245 0.239 0.285 4
0.5 0.4 0.13 0.6645 0.258 0.133 0.24 3
0.535 0.4 0.15 1.224 0.618 0.275 0.2875 3
0.3 0.215 0.05 0.1185 0.048 0.0225 0.042 2
0.425 0.325 0.11 0.405 0.1695 0.092 0.1065 5
0.72 0.56 0.175 1.7265 0.637 0.3415 0.525 1
0.56 0.435 0.125 0.8775 0.3345 0.2145 0.29 4
0.645 0.5 0.16 1.2465 0.5475 0.327 0.3 3
0.62 0.485 0.175 1.2155 0.545 0.253 0.345 3
0.655 0.505 0.175 1.2905 0.6205 0.2965 0.326 3
0.585 0.455 0.14 0.97 0.462 0.185 0.295 5
0.605 0.475 0.145 0.884 0.3835 0.1905 0.27 5
0.67 0.54 0.165 1.5015 0.518 0.358 0.505 4
0.34 0.265 0.08 0.2015 0.09 0.0475 0.055 2
0.71 0.53 0.195 1.8745 0.6755 0.4065 0.6855 3
0.39 0.31 0.105 0.2665 0.1185 0.0525 0.081 5
0.675 0.55 0.18 1.6885 0.562 0.3705 0.6 4
0.565 0.425 0.1 0.7145 0.3055 0.166 0.18 3
0.725 0.55 0.22 2.0495 0.7735 0.4405 0.655 3
0.53 0.385 0.125 0.6695 0.289 0.151 0.18 3
0.62 0.51 0.205 1.3475 0.4775 0.2565 0.48 4
0.22 0.16 0.05 0.049 0.0215 0.01 0.015 2
0.47 0.38 0.145 0.5865 0.2385 0.144 0.185 5
0.53 0.415 0.13 0.694 0.3905 0.111 0.167 5
0.375 0.28 0.09 0.215 0.084 0.06 0.055 2
0.52 0.41 0.11 0.5185 0.2165 0.0915 0.184 5
0.69 0.505 0.2 1.872 0.893 0.4015 0.48 3
0.58 0.45 0.155 0.93 0.385 0.246 0.265 5
0.615 0.5 0.165 1.1765 0.488 0.244 0.345 1
0.405 0.3 0.12 0.324 0.1265 0.07 0.11 5
0.67 0.5 0.19 1.519 0.616 0.388 0.415 3
0.355 0.29 0.09 0.3275 0.134 0.086 0.09 5
0.695 0.56 0.19 1.494 0.588 0.3425 0.485 4
0.32 0.235 0.08 0.1485 0.064 0.031 0.045 2
0.42 0.325 0.115 0.354 0.1625 0.064 0.105 5
0.585 0.465 0.155 0.9145 0.4555 0.1965 0.235 5
0.645 0.49 0.16 1.144 0.5015 0.289 0.319 5
0.36 0.275 0.085 0.1975 0.0745 0.0415 0.07 5
0.44 0.345 0.17 0.4085 0.15 0.0825 0.1515 3
0.57 0.45 0.14 0.795 0.3385 0.148 0.245 5
0.565 0.43 0.13 0.784 0.3495 0.1885 0.213 5
0.485 0.365 0.125 0.426 0.163 0.0965 0.151 5
0.405 0.3 0.09 0.269 0.103 0.067 0.11 2
0.57 0.455 0.165 1.0595 0.44 0.2195 0.285 4
0.56 0.425 0.135 0.849 0.3265 0.221 0.2645 3
0.645 0.51 0.19 1.4865 0.6445 0.296 0.425 3
0.36 0.265 0.075 0.1785 0.0785 0.035 0.054 2
0.58 0.42 0.16 0.728 0.2725 0.19 0.19 4
0.475 0.35 0.11 0.4565 0.206 0.099 0.13 2
0.45 0.35 0.13 0.547 0.245 0.1405 0.1405 5
0.525 0.4 0.145 0.6095 0.248 0.159 0.175 5
0.5 0.41 0.14 0.6615 0.2585 0.1625 0.196 5
0.28 0.2 0.075 0.1225 0.0545 0.0115 0.035 2
0.605 0.48 0.15 1.079 0.4505 0.2835 0.293 3
0.45 0.365 0.125 0.462 0.2135 0.0985 0.1315 5
0.55 0.44 0.135 0.8435 0.434 0.1995 0.185 5
0.36 0.275 0.075 0.2205 0.0985 0.044 0.066 5
0.47 0.35 0.145 0.5175 0.187 0.1235 0.18 3
0.64 0.485 0.145 1.1335 0.5525 0.2505 0.3015 3
0.66 0.515 0.195 1.5655 0.7345 0.353 0.386 5
0.5 0.385 0.12 0.56 0.2835 0.103 0.135 5
0.435 0.375 0.11 0.4155 0.17 0.076 0.145 5
0.58 0.455 0.12 0.94 0.399 0.257 0.265 3
0.5 0.39 0.125 0.5215 0.2485 0.117 0.131 2
0.58 0.46 0.16 1.063 0.513 0.2705 0.2625 5
0.64 0.525 0.18 1.3135 0.4865 0.2995 0.4075 3
0.5 0.355 0.14 0.528 0.2125 0.149 0.14 5
0.53 0.41 0.15 0.612 0.2435 0.1525 0.1895 3
0.255 0.18 0.065 0.079 0.034 0.014 0.025 2
0.67 0.505 0.16 1.2585 0.6255 0.311 0.308 3
0.455 0.355 0.13 0.515 0.2 0.1275 0.175 3
0.725 0.57 0.205 1.6195 0.744 0.315 0.488 3
0.585 0.455 0.165 0.998 0.345 0.2495 0.315 3
0.575 0.45 0.165 0.9655 0.498 0.19 0.23 5
0.61 0.475 0.155 1.168 0.554 0.239 0.3295 3
0.55 0.425 0.16 0.793 0.343 0.2035 0.215 5
0.625 0.49 0.175 1.233 0.5565 0.247 0.365 3
0.485 0.365 0.14 0.4475 0.1895 0.0925 0.2305 5
0.155 0.115 0.025 0.024 0.009 0.005 0.0075 2
0.54 0.415 0.175 0.8975 0.275 0.241 0.275 4
0.51 0.4 0.145 0.5775 0.231 0.143 0.177 5
0.73 0.575 0.21 2.069 0.9285 0.409 0.643 3
0.565 0.45 0.165 0.887 0.37 0.239 0.249 3
0.56 0.41 0.16 0.8215 0.342 0.184 0.253 5
0.65 0.525 0.19 1.4995 0.6265 0.4005 0.395 4
0.585 0.47 0.165 1.409 0.8 0.229 0.295 3
0.59 0.45 0.145 1.022 0.428 0.268 0.265 3
0.575 0.45 0.17 1.0475 0.3775 0.1705 0.385 1
0.64 0.51 0.19 1.613 0.6215 0.361 0.47 4
0.65 0.52 0.17 1.3655 0.6155 0.2885 0.36 3
0.465 0.37 0.115 0.534 0.261 0.098 0.143 5
0.48 0.365 0.13 0.5305 0.2405 0.127 0.139 5
0.41 0.3 0.1 0.301 0.124 0.069 0.09 5
0.19 0.13 0.045 0.0265 0.009 0.005 0.009 2
0.545 0.43 0.16 0.844 0.3945 0.1855 0.231 5
0.585 0.485 0.15 1.079 0.4145 0.2115 0.356 3
0.505 0.39 0.12 0.5725 0.2555 0.1325 0.146 5
0.46 0.35 0.12 0.515 0.224 0.108 0.1565 3
0.59 0.475 0.145 0.9745 0.4675 0.207 0.259 3
0.665 0.54 0.175 1.347 0.4955 0.254 0.415 1
0.585 0.465 0.165 0.9355 0.4035 0.2275 0.259 5
0.605 0.475 0.14 1.1175 0.555 0.257 0.274 5
0.375 0.285 0.1 0.239 0.105 0.0555 0.07 5
0.66 0.525 0.18 1.5965 0.7765 0.397 0.3605 3
0.605 0.49 0.15 1.1345 0.4305 0.2525 0.35 3
0.645 0.505 0.165 1.318 0.55 0.3015 0.335 3
0.695 0.55 0.16 1.6365 0.694 0.3005 0.44 4
0.625 0.5 0.195 1.369 0.5875 0.2185 0.37 1
0.66 0.51 0.165 1.6375 0.7685 0.3545 0.3925 4
0.625 0.505 0.175 1.131 0.5425 0.2265 0.323 5
0.32 0.205 0.08 0.181 0.088 0.034 0.0495 2
0.335 0.255 0.085 0.1785 0.071 0.0405 0.055 5
0.61 0.47 0.165 1.052 0.498 0.242 0.267 5
0.525 0.41 0.13 0.99 0.3865 0.243 0.295 4
0.535 0.39 0.125 0.599 0.2595 0.149 0.169 5
0.61 0.46 0.17 1.278 0.41 0.257 0.37 1
0.44 0.35 0.11 0.3805 0.1575 0.0895 0.115 2
0.395 0.295 0.095 0.2245 0.078 0.054 0.08 3
0.575 0.42 0.135 0.857 0.461 0.147 0.2125 3
0.53 0.42 0.165 0.8945 0.319 0.239 0.245 3
0.6 0.48 0.165 1.1345 0.4535 0.27 0.335 3
0.395 0.295 0.1 0.2715 0.134 0.0325 0.085 3
0.55 0.41 0.145 0.8285 0.3095 0.1905 0.25 4
0.58 0.455 0.155 0.8365 0.315 0.1385 0.32 1
0.56 0.445 0.155 1.224 0.5565 0.3225 0.2695 3
0.67 0.585 0.16 1.309 0.5445 0.2945 0.413 3
0.525 0.415 0.15 0.7055 0.329 0.147 0.199 3
0.3 0.23 0.075 0.127 0.052 0.03 0.0345 2
0.375 0.285 0.08 0.226 0.0975 0.04 0.0725 5
0.63 0.5 0.18 1.1965 0.514 0.2325 0.3995 5
0.68 0.52 0.175 1.543 0.7525 0.351 0.374 3
0.435 0.325 0.105 0.335 0.136 0.065 0.115 5
0.415 0.315 0.09 0.3625 0.175 0.0835 0.093 2
0.5 0.39 0.13 0.6355 0.2505 0.1635 0.195 4
0.615 0.46 0.15 1.0265 0.4935 0.201 0.2745 3
0.62 0.475 0.185 1.325 0.6045 0.325 0.33 4
0.48 0.37 0.135 0.6315 0.3445 0.1015 0.161 5
0.425 0.335 0.1 0.4085 0.1755 0.092 0.135 5
0.67 0.525 0.2 1.7405 0.6205 0.297 0.657 3
0.595 0.46 0.155 1.0455 0.4565 0.24 0.3085 3
0.615 0.475 0.17 1.1825 0.474 0.2895 0.24 3
0.495 0.37 0.12 0.594 0.28 0.11 0.1375 5
0.705 0.56 0.165 1.675 0.797 0.4095 0.388 3
0.635 0.48 0.235 1.064 0.413 0.228 0.36 4
0.55 0.425 0.135 0.7305 0.3325 0.1545 0.215 5
0.64 0.515 0.18 1.247 0.5475 0.2925 0.3685 3
0.375 0.28 0.095 0.2225 0.0875 0.043 0.08 3
0.245 0.18 0.065 0.0635 0.0245 0.0135 0.02 2
0.47 0.36 0.1 0.4705 0.1635 0.089 0.1385 5
0.345 0.255 0.085 0.2005 0.105 0.037 0.05 2
0.39 0.3 0.1 0.2665 0.1105 0.059 0.084 5
0.7 0.6 0.23 2.003 0.8105 0.4045 0.5755 3
0.535 0.405 0.145 0.6845 0.2725 0.171 0.205 3
0.655 0.5 0.22 1.359 0.642 0.3255 0.405 4
0.59 0.45 0.12 0.7485 0.3345 0.1315 0.22 4
0.65 0.51 0.175 1.155 0.4955 0.2025 0.385 3
0.545 0.375 0.12 0.543 0.2375 0.1155 0.1725 5
0.455 0.355 0.12 0.4495 0.177 0.104 0.15 5
0.515 0.4 0.17 0.796 0.258 0.1755 0.28 4
0.735 0.585 0.185 2.124 0.952 0.55 0.5 3
0.575 0.45 0.135 0.8285 0.362 0.1655 0.236 3
0.635 0.505 0.185 1.3035 0.501 0.295 0.41 1
0.52 0.385 0.14 0.6595 0.2485 0.2035 0.16 5
0.615 0.5 0.165 1.327 0.6 0.3015 0.355 3
0.415 0.315 0.125 0.388 0.068 0.09 0.125 3
0.44 0.355 0.12 0.495 0.231 0.11 0.125 5
0.595 0.465 0.15 0.919 0.4335 0.1765 0.262 5
0.54 0.39 0.125 0.6255 0.2525 0.158 0.19 5
0.55 0.43 0.15 0.84 0.395 0.195 0.223 5
0.305 0.225 0.09 0.1465 0.063 0.034 0.0415 2
0.435 0.325 0.11 0.367 0.1595 0.08 0.105 2
0.49 0.385 0.125 0.609 0.3065 0.096 0.1775 5
0.495 0.38 0.12 0.512 0.233 0.1205 0.136 5
0.46 0.35 0.12 0.4885 0.193 0.105 0.155 3
0.47 0.385 0.13 0.587 0.264 0.117 0.174 5
0.205 0.14 0.05 0.046 0.0165 0.012 0.0135 2
0.545 0.44 0.175 0.7745 0.2985 0.1875 0.265 3
0.555 0.445 0.175 1.1465 0.551 0.244 0.2785 5
0.64 0.5 0.15 1.0705 0.371 0.2705 0.36 5
0.555 0.435 0.145 0.9685 0.4985 0.168 0.2385 5
0.215 0.17 0.055 0.0605 0.0205 0.014 0.02 2
0.405 0.305 0.09 0.2825 0.114 0.0575 0.095 5
0.595 0.47 0.175 0.991 0.382 0.2395 0.5 3
0.52 0.45 0.15 0.895 0.3615 0.186 0.235 4
0.645 0.52 0.175 1.636 0.779 0.342 0.432 3
0.7 0.55 0.2 1.523 0.693 0.306 0.4405 4
0.54 0.42 0.14 0.805 0.369 0.1725 0.21 3
0.58 0.43 0.125 0.9115 0.446 0.2075 0.121 3
0.65 0.545 0.175 1.5245 0.59 0.326 0.495 3
0.495 0.385 0.135 0.709 0.211 0.1375 0.262 3
0.595 0.47 0.165 1.108 0.4915 0.2325 0.3345 5
0.21 0.15 0.05 0.042 0.0175 0.0125 0.015 2
0.5 0.38 0.155 0.5955 0.2135 0.161 0.2 3
0.7 0.565 0.18 1.751 0.895 0.3355 0.446 5
0.485 0.37 0.115 0.637 0.38 0.1335 0.128 5
0.505 0.385 0.105 0.5525 0.239 0.1245 0.1555 5
0.575 0.45 0.145 0.872 0.4675 0.18 0.217 5
0.515 0.42 0.135 0.6295 0.2815 0.127 0.215 5
0.575 0.435 0.13 0.805 0.3155 0.2155 0.245 3
0.66 0.535 0.175 1.5175 0.711 0.3125 0.415 3
0.5 0.385 0.15 0.6265 0.2605 0.1665 0.16 3
0.56 0.43 0.13 0.728 0.3355 0.1435 0.2175 5
0.635 0.515 0.17 1.275 0.509 0.286 0.34 4
0.55 0.425 0.145 0.89 0.4325 0.171 0.236 3
0.325 0.2 0.08 0.0995 0.0395 0.0225 0.032 5
0.55 0.45 0.155 0.7895 0.343 0.159 0.25 3
0.465 0.355 0.115 0.4705 0.1955 0.118 0.126 5
0.645 0.485 0.215 1.514 0.546 0.2615 0.635 4
0.71 0.5 0.15 1.3165 0.6835 0.2815 0.28 3
0.445 0.35 0.115 0.3615 0.1565 0.0695 0.117 5
0.475 0.36 0.11 0.452 0.191 0.099 0.13 5
0.435 0.325 0.11 0.4335 0.178 0.0985 0.155 5
0.38 0.3 0.09 0.3215 0.1545 0.075 0.095 5
0.61 0.495 0.16 1.089 0.469 0.198 0.384 3
0.67 0.53 0.225 1.5615 0.63 0.487 0.3725 3
0.68 0.52 0.185 1.494 0.615 0.3935 0.406 3
0.47 0.37 0.11 0.5555 0.25 0.115 0.163 5
0.485 0.41 0.15 0.696 0.2405 0.1625 0.265 4
0.58 0.435 0.155 0.8785 0.425 0.1685 0.2425 3
0.73 0.555 0.18 1.6895 0.6555 0.1965 0.4935 3
0.49 0.38 0.14 0.7605 0.245 0.167 0.185 3
0.635 0.525 0.185 1.4065 0.684 0.3 0.3745 3
0.59 0.485 0.155 1.0785 0.4535 0.2435 0.31 5
0.635 0.485 0.165 1.2695 0.5635 0.3065 0.3395 3
0.52 0.38 0.13 0.5345 0.2375 0.122 0.1535 5
0.175 0.125 0.04 0.024 0.0095 0.006 0.005 2
0.47 0.36 0.11 0.4965 0.237 0.127 0.13 2
0.555 0.455 0.135 0.837 0.382 0.171 0.235 5
0.62 0.49 0.16 1.066 0.446 0.246 0.305 3
0.72 0.575 0.18 1.6705 0.732 0.3605 0.501 3
0.625 0.47 0.145 1.7855 0.675 0.247 0.3245 4
0.735 0.565 0.205 2.1275 0.949 0.46 0.565 3
0.32 0.215 0.095 0.305 0.14 0.067 0.0885 2
0.5 0.38 0.155 0.66 0.2655 0.1365 0.215 1
0.26 0.19 0.075 0.0945 0.0445 0.02 0.03 2
0.36 0.265 0.095 0.2315 0.105 0.046 0.075 5
0.58 0.445 0.125 0.7095 0.303 0.1405 0.235 5
0.62 0.51 0.175 1.615 0.5105 0.192 0.675 3
0.54 0.435 0.14 0.7345 0.33 0.1595 0.213 5
0.645 0.53 0.195 1.39 0.6465 0.2945 0.3735 3
0.45 0.355 0.11 0.4585 0.194 0.067 0.14 5
0.425 0.3 0.095 0.3515 0.141 0.0775 0.12 5
0.695 0.565 0.19 1.7635 0.7465 0.399 0.4975 3
0.53 0.41 0.165 0.732 0.189 0.17 0.31 3
0.43 0.34 0.11 0.3645 0.159 0.0855 0.105 5
0.63 0.515 0.155 1.259 0.4105 0.197 0.41 4
0.56 0.45 0.14 0.9 0.472 0.182 0.218 5
0.53 0.43 0.15 0.741 0.325 0.1855 0.196 5
0.425 0.31 0.105 0.365 0.159 0.0825 0.105 2
0.6 0.475 0.18 1.1805 0.4345 0.2475 0.425 1
0.53 0.415 0.11 0.5745 0.2525 0.1235 0.189 5
0.525 0.38 0.125 0.65 0.303 0.155 0.159 5
0.505 0.4 0.155 0.8415 0.2715 0.1775 0.285 3
0.61 0.475 0.165 1.116 0.428 0.2205 0.315 4
0.69 0.515 0.18 1.8445 0.9815 0.4655 0.341 4
0.55 0.465 0.15 0.936 0.481 0.174 0.2435 5
0.415 0.325 0.11 0.316 0.1385 0.0795 0.0925 5
0.56 0.425 0.135 0.8205 0.3715 0.185 0.236 5
0.31 0.23 0.07 0.1245 0.0505 0.0265 0.038 2
0.665 0.515 0.19 1.6385 0.831 0.3575 0.371 3
0.555 0.425 0.18 0.875 0.3695 0.2005 0.255 3
0.44 0.345 0.13 0.4495 0.209 0.0835 0.134 2
0.56 0.445 0.18 0.903 0.3575 0.2045 0.295 5
0.17 0.125 0.055 0.0235 0.009 0.0055 0.008 2
0.665 0.525 0.21 1.644 0.818 0.3395 0.4275 3
0.605 0.485 0.15 1.238 0.6315 0.226 0.33 3
0.7 0.53 0.19 1.3185 0.548 0.233 0.42 1
0.46 0.35 0.11 0.4 0.176 0.083 0.1205 5
0.285 0.21 0.07 0.109 0.044 0.0265 0.033 2
0.625 0.485 0.175 1.362 0.6765 0.2615 0.3705 3
0.35 0.27 0.075 0.215 0.1 0.036 0.065 2
0.615 0.47 0.16 1.0175 0.473 0.2395 0.28 3
0.66 0.515 0.18 1.523 0.54 0.3365 0.555 4
0.65 0.515 0.175 1.466 0.677 0.3045 0.4 3
0.59 0.48 0.16 1.262 0.5685 0.2725 0.335 5
0.6 0.47 0.135 0.97 0.4655 0.1955 0.264 3
0.49 0.38 0.125 0.549 0.245 0.1075 0.174 3
0.47 0.35 0.1 0.4775 0.1885 0.0885 0.175 5
0.565 0.455 0.15 0.8205 0.365 0.159 0.26 1
0.6 0.485 0.165 1.1405 0.587 0.2175 0.288 5
0.52 0.425 0.165 0.9885 0.396 0.225 0.32 4
0.615 0.47 0.145 1.0285 0.4435 0.2825 0.285 3
0.585 0.42 0.155 0.9845 0.442 0.2155 0.2875 4
0.215 0.165 0.055 0.059 0.0265 0.0125 0.0185 2
0.55 0.44 0.165 0.8605 0.312 0.169 0.3 1
0.63 0.505 0.165 1.065 0.4595 0.216 0.315 3
0.63 0.485 0.19 1.2435 0.4635 0.3055 0.39 1
0.27 0.19 0.08 0.081 0.0265 0.0195 0.03 2
0.535 0.4 0.135 0.8215 0.3935 0.196 0.205 5
0.61 0.485 0.165 1.087 0.4255 0.232 0.38 3
0.58 0.445 0.135 0.814 0.3775 0.1915 0.22 5
0.275 0.2 0.08 0.099 0.037 0.024 0.03 2
0.715 0.55 0.175 1.825 0.938 0.3805 0.44 3
0.64 0.505 0.165 1.4435 0.6145 0.3035 0.39 1
0.495 0.375 0.12 0.589 0.3075 0.1215 0.1405 5
0.29 0.225 0.07 0.101 0.036 0.0235 0.035 5
0.6 0.485 0.145 0.776 0.3545 0.1585 0.239 5
0.485 0.395 0.14 0.6295 0.2285 0.127 0.225 4
0.57 0.435 0.14 0.8585 0.3905 0.196 0.2295 5
0.265 0.2 0.065 0.084 0.034 0.0105 0.03 5
0.545 0.41 0.125 0.6935 0.2975 0.146 0.21 3
0.49 0.355 0.155 0.981 0.465 0.2015 0.2505 5
0.475 0.355 0.105 0.468 0.201 0.1115 0.12 5
0.42 0.31 0.095 0.279 0.1255 0.051 0.088 2
0.485 0.345 0.16 0.869 0.3085 0.185 0.319 5
0.735 0.555 0.22 2.333 1.2395 0.3645 0.6195 3
0.51 0.4 0.12 0.7005 0.347 0.1105 0.195 3
0.5 0.395 0.15 0.7145 0.3235 0.173 0.195 5
0.575 0.435 0.15 0.805 0.293 0.1625 0.27 1
0.54 0.455 0.14 0.972 0.419 0.255 0.269 3
0.345 0.27 0.09 0.195 0.078 0.0455 0.059 5
0.375 0.28 0.08 0.2345 0.1125 0.0455 0.067 2
0.685 0.54 0.16 1.6675 0.833 0.3775 0.475 3
0.67 0.525 0.195 1.4405 0.6595 0.2675 0.425 5
0.305 0.22 0.07 0.141 0.062 0.031 0.037 2
0.52 0.395 0.125 0.663 0.3005 0.131 0.1905 5
0.565 0.445 0.145 0.9255 0.4345 0.212 0.2475 5
0.465 0.375 0.11 0.5 0.21 0.113 0.1505 5
0.7 0.56 0.175 1.6605 0.8605 0.3275 0.398 3
0.295 0.22 0.085 0.1285 0.0585 0.027 0.0365 2
0.595 0.47 0.155 1.1775 0.542 0.269 0.31 5
0.66 0.53 0.17 1.431 0.622 0.309 0.398 3
0.21 0.17 0.045 0.0475 0.019 0.011 0.013 2
0.47 0.375 0.12 0.5565 0.226 0.122 0.195 3
0.58 0.445 0.135 0.95 0.484 0.182 0.2325 5
0.625 0.47 0.17 1.1665 0.4605 0.2565 0.3945 3
0.53 0.425 0.13 0.7675 0.419 0.1205 0.21 5
0.245 0.19 0.06 0.086 0.042 0.014 0.025 2
0.46 0.345 0.12 0.4935 0.2435 0.1175 0.132 5
0.63 0.49 0.15 1.1955 0.5845 0.257 0.3 5
0.555 0.455 0.17 0.8435 0.309 0.1905 0.3 4
0.595 0.45 0.14 0.838 0.3965 0.194 0.217 3
0.425 0.325 0.115 0.3685 0.162 0.0865 0.1045 5
0.33 0.215 0.075 0.1145 0.045 0.0265 0.035 2
0.585 0.45 0.135 0.855 0.3795 0.187 0.26 5
0.78 0.6 0.21 2.548 1.1945 0.5745 0.6745 3
0.635 0.51 0.155 1.156 0.428 0.289 0.315 1
0.475 0.385 0.11 0.5735 0.311 0.1025 0.136 5
0.44 0.345 0.105 0.4285 0.165 0.083 0.132 3
0.595 0.45 0.165 1.081 0.49 0.2525 0.279 3
0.445 0.34 0.145 0.434 0.1945 0.0905 0.13 5
0.53 0.41 0.14 0.7545 0.3495 0.1715 0.2105 5
0.645 0.5 0.19 1.229 0.524 0.278 0.395 1
0.61 0.485 0.16 1.0145 0.5315 0.212 0.2415 5
0.41 0.3 0.09 0.304 0.129 0.071 0.0955 5
0.385 0.3 0.095 0.24 0.0885 0.059 0.085 5
0.485 0.37 0.155 0.968 0.419 0.2455 0.2365 5
0.49 0.365 0.145 0.6345 0.1995 0.1625 0.22 3
0.61 0.47 0.16 1.017 0.426 0.2255 0.32 3
0.62 0.475 0.16 1.3245 0.6865 0.233 0.3275 5
0.52 0.415 0.145 0.8045 0.3325 0.1725 0.285 3
0.605 0.47 0.14 0.939 0.3385 0.201 0.32 4
0.64 0.51 0.17 1.3715 0.567 0.307 0.409 3
0.535 0.45 0.17 0.781 0.3055 0.1555 0.295 3
0.355 0.255 0.08 0.187 0.078 0.0505 0.058 5
0.56 0.42 0.15 0.8755 0.44 0.1965 0.2315 5
0.32 0.255 0.085 0.1745 0.072 0.033 0.057 5
0.565 0.43 0.15 0.831 0.4245 0.1735 0.219 3
0.615 0.475 0.145 0.9525 0.3915 0.195 0.32 5
0.4 0.325 0.12 0.3185 0.134 0.0565 0.095 5
0.585 0.415 0.155 0.6985 0.3 0.146 0.195 3
0.665 0.5 0.175 1.2975 0.6075 0.314 0.315 5
0.57 0.44 0.13 0.7665 0.347 0.1785 0.202 3
0.605 0.47 0.16 1.0835 0.5405 0.2215 0.275 3
0.335 0.26 0.09 0.1965 0.0875 0.041 0.056 5
0.53 0.41 0.125 0.769 0.346 0.173 0.215 5
0.455 0.355 0.135 0.4745 0.1865 0.0935 0.168 4
0.375 0.275 0.09 0.238 0.1075 0.0545 0.07 2
0.635 0.485 0.165 1.2945 0.668 0.2605 0.2715 5
0.235 0.16 0.04 0.048 0.0185 0.018 0.015 2
0.435 0.34 0.11 0.3795 0.1495 0.085 0.12 5
0.485 0.39 0.125 0.591 0.287 0.141 0.12 5
0.655 0.505 0.165 1.27 0.6035 0.262 0.335 3
0.655 0.525 0.16 1.46 0.686 0.311 0.405 3
0.63 0.505 0.165 1.26 0.4525 0.2755 0.406 4
0.51 0.4 0.14 0.6515 0.2455 0.1665 0.185 3
0.61 0.48 0.17 1.137 0.4565 0.29 0.347 3
0.42 0.305 0.09 0.328 0.168 0.0615 0.082 2
0.43 0.34 0.12 0.391 0.1555 0.095 0.1405 5
0.605 0.495 0.145 1.054 0.369 0.2255 0.36 3
0.63 0.48 0.15 1.0525 0.392 0.336 0.285 3
0.385 0.285 0.085 0.244 0.1215 0.0445 0.068 5
0.395 0.325 0.105 0.306 0.111 0.0735 0.095 5
0.62 0.505 0.185 1.5275 0.69 0.368 0.35 4
0.525 0.4 0.155 0.707 0.282 0.1605 0.225 5
0.525 0.415 0.17 0.8325 0.2755 0.1685 0.31 4
0.46 0.355 0.14 0.4935 0.216 0.133 0.115 4
0.525 0.44 0.15 0.8425 0.3685 0.1985 0.24 3
0.4 0.32 0.095 0.348 0.194 0.053 0.087 2
0.7 0.525 0.19 1.6465 0.8545 0.307 0.3995 5
0.48 0.39 0.15 0.6275 0.276 0.134 0.185 4
0.38 0.285 0.1 0.2665 0.115 0.061 0.075 3
0.63 0.475 0.15 1.172 0.536 0.254 0.316 3
0.455 0.375 0.125 0.484 0.2155 0.102 0.165 5
0.45 0.335 0.125 0.4475 0.2165 0.126 0.11 2
0.4 0.265 0.1 0.2775 0.1245 0.0605 0.08 5
0.375 0.28 0.08 0.226 0.105 0.047 0.065 2
0.58 0.44 0.16 0.8295 0.3365 0.2005 0.2485 5
0.53 0.41 0.165 0.8115 0.24 0.169 0.24 1
0.565 0.45 0.135 0.9885 0.387 0.1495 0.31 3
0.35 0.265 0.09 0.1775 0.0575 0.042 0.068 3
0.645 0.495 0.185 1.4935 0.5265 0.2785 0.455 4
0.495 0.39 0.125 0.6655 0.284 0.162 0.2 3
0.43 0.32 0.1 0.3465 0.1635 0.08 0.09 5
0.445 0.32 0.12 0.378 0.152 0.0825 0.12 5
0.575 0.46 0.165 0.9155 0.4005 0.2465 0.2385 5
0.335 0.25 0.08 0.167 0.0675 0.0325 0.0575 2
0.465 0.355 0.12 0.5805 0.255 0.0915 0.184 5
0.36 0.26 0.08 0.1795 0.074 0.0315 0.06 2
0.635 0.495 0.17 1.3695 0.657 0.3055 0.365 3
0.595 0.46 0.155 1.03 0.4275 0.207 0.3305 3
0.605 0.47 0.115 1.114 0.3925 0.291 0.31 4
0.49 0.37 0.105 0.5265 0.249 0.1005 0.148 5
0.7 0.545 0.13 1.556 0.6725 0.374 0.195 3
0.375 0.28 0.08 0.2235 0.115 0.043 0.055 2
0.38 0.325 0.11 0.3105 0.12 0.074 0.105 3
0.515 0.395 0.125 0.6635 0.32 0.14 0.17 5
0.645 0.505 0.165 1.4325 0.684 0.308 0.336 5
0.605 0.475 0.19 1.1255 0.59 0.247 0.26 3
0.435 0.345 0.12 0.3215 0.13 0.056 0.1185 5
0.665 0.515 0.2 1.2695 0.5115 0.2675 0.436 3
0.595 0.45 0.145 0.959 0.463 0.2065 0.2535 3
0.5 0.385 0.11 0.596 0.3015 0.104 0.151 5
0.625 0.495 0.16 1.1115 0.4495 0.2825 0.345 3
0.64 0.49 0.155 1.1285 0.477 0.269 0.34 5
0.615 0.48 0.175 1.118 0.446 0.3195 0.3 5
0.305 0.23 0.08 0.156 0.0675 0.0345 0.048 5
0.54 0.42 0.19 0.6855 0.293 0.163 0.38 3
0.38 0.29 0.12 0.283 0.1175 0.0655 0.085 5
0.585 0.45 0.15 0.997 0.4055 0.283 0.251 3
0.56 0.44 0.13 0.8255 0.2425 0.202 0.285 3
0.54 0.435 0.175 0.892 0.322 0.174 0.335 4
0.38 0.29 0.085 0.2285 0.088 0.0465 0.075 5
0.59 0.435 0.165 0.9765 0.4525 0.2395 0.235 5
0.5 0.4 0.15 0.8085 0.273 0.112 0.295 4
0.52 0.4 0.13 0.5825 0.233 0.1365 0.18 3
0.575 0.465 0.14 0.958 0.442 0.1815 0.2705 5
0.73 0.55 0.205 1.908 0.5415 0.3565 0.5965 4
0.55 0.43 0.14 0.8105 0.368 0.161 0.275 5
0.47 0.345 0.14 0.4615 0.229 0.1105 0.116 5
0.725 0.56 0.185 1.792 0.873 0.367 0.435 3
0.545 0.41 0.12 0.793 0.434 0.1405 0.19 5
0.29 0.21 0.065 0.097 0.0375 0.022 0.03 2
0.71 0.55 0.17 1.614 0.743 0.345 0.45 3
0.385 0.285 0.09 0.248 0.0935 0.066 0.07 2
0.575 0.48 0.15 0.897 0.4235 0.1905 0.248 5
0.6 0.5 0.16 1.015 0.3995 0.1735 0.33 1
0.67 0.54 0.195 1.619 0.74 0.3305 0.465 3
0.6 0.475 0.17 1.1315 0.508 0.272 0.309 3
0.62 0.46 0.16 0.9505 0.4915 0.2 0.228 5
0.63 0.49 0.16 1.09 0.407 0.224 0.354 3
0.555 0.44 0.155 1.016 0.4935 0.1855 0.263 3
0.67 0.55 0.19 1.3905 0.5425 0.3035 0.4 3
0.62 0.45 0.2 0.858 0.4285 0.1525 0.2405 5
0.37 0.275 0.08 0.2325 0.093 0.056 0.072 2
0.64 0.515 0.165 1.369 0.632 0.3415 0.358 3
0.135 0.13 0.04 0.029 0.0125 0.0065 0.008 2
0.675 0.525 0.17 1.711 0.8365 0.352 0.475 5
0.44 0.345 0.1 0.366 0.122 0.0905 0.12 4
0.705 0.55 0.21 1.4385 0.655 0.3255 0.462 3
0.52 0.395 0.135 0.633 0.2985 0.1295 0.175 5
0.495 0.375 0.115 0.507 0.241 0.103 0.15 5
0.675 0.54 0.21 1.593 0.686 0.318 0.45 3
0.11 0.09 0.03 0.008 0.0025 0.002 0.003 2
0.515 0.385 0.125 0.572 0.237 0.1435 0.165 5
0.45 0.35 0.125 0.4435 0.185 0.09 0.145 3
0.25 0.175 0.06 0.0635 0.0275 0.008 0.02 2
0.325 0.24 0.07 0.152 0.0565 0.0305 0.054 5
0.6 0.485 0.175 1.2675 0.4995 0.2815 0.38 4
0.59 0.46 0.14 1.004 0.496 0.2165 0.26 5
0.585 0.475 0.185 0.8575 0.3465 0.1785 0.275 3
0.5 0.4 0.125 0.6675 0.261 0.1315 0.22 3
0.625 0.5 0.14 1.096 0.5445 0.2165 0.295 3
0.6 0.46 0.15 1.247 0.5335 0.2735 0.29 5
0.52 0.415 0.14 0.6375 0.308 0.1335 0.168 5
0.605 0.495 0.17 1.0915 0.4365 0.2715 0.335 4
0.44 0.35 0.125 0.456 0.21 0.0955 0.131 5
0.435 0.35 0.11 0.384 0.143 0.1005 0.125 4
0.605 0.475 0.155 1.161 0.572 0.2455 0.275 5
0.455 0.35 0.12 0.4835 0.1815 0.144 0.16 3
0.245 0.205 0.06 0.0765 0.034 0.014 0.0215 2
0.505 0.365 0.115 0.521 0.25 0.096 0.15 5
0.475 0.335 0.1 0.4425 0.1895 0.086 0.135 5
0.44 0.34 0.135 0.3975 0.1505 0.0945 0.135 5
0.605 0.475 0.175 1.382 0.609 0.2325 0.3985 3
0.38 0.275 0.095 0.2425 0.106 0.0485 0.21 2
0.65 0.505 0.165 1.16 0.4785 0.274 0.349 3
0.51 0.405 0.125 0.6795 0.3465 0.1395 0.182 5
0.295 0.21 0.08 0.1 0.038 0.026 0.031 5
0.545 0.46 0.16 0.8975 0.341 0.1655 0.345 3
0.575 0.45 0.1 0.9315 0.431 0.222 0.235 3
0.625 0.5 0.175 1.273 0.564 0.302 0.374 5
0.665 0.5 0.17 1.2975 0.6035 0.291 0.3595 5
0.49 0.375 0.115 0.557 0.2275 0.1335 0.1765 5
0.505 0.38 0.13 0.693 0.391 0.1195 0.1515 5
0.65 0.5 0.185 1.4415 0.741 0.2955 0.341 5
0.57 0.445 0.14 1.0635 0.5265 0.2195 0.24 5
0.61 0.485 0.145 1.3305 0.783 0.2255 0.2865 5
0.5 0.41 0.15 0.662 0.2815 0.137 0.22 3
0.41 0.305 0.1 0.363 0.1735 0.065 0.11 3
0.36 0.27 0.1 0.217 0.0885 0.0495 0.0715 2
0.42 0.325 0.125 0.3915 0.1575 0.1025 0.115 5
0.62 0.52 0.225 1.1835 0.378 0.27 0.395 1
0.535 0.41 0.15 0.8105 0.345 0.187 0.24 3
0.445 0.325 0.125 0.455 0.1785 0.1125 0.14 5
0.46 0.36 0.14 0.447 0.161 0.087 0.16 5
0.6 0.465 0.165 1.038 0.4975 0.2205 0.251 5
0.31 0.235 0.075 0.1515 0.056 0.0315 0.05 5
0.525 0.44 0.125 0.7115 0.3205 0.159 0.1915 5
0.275 0.195 0.065 0.106 0.054 0.02 0.028 2
0.57 0.455 0.15 1.107 0.54 0.255 0.27 5
0.675 0.53 0.175 1.4465 0.6775 0.33 0.389 3
0.645 0.5 0.18 1.461 0.5985 0.2425 0.439 3
0.67 0.52 0.19 1.32 0.5235 0.3095 0.4275 4
0.57 0.435 0.17 0.873 0.382 0.183 0.2705 3
0.535 0.435 0.16 0.8105 0.3155 0.1795 0.24 3
0.25 0.19 0.06 0.0765 0.036 0.0115 0.0245 2
0.42 0.345 0.115 0.3435 0.1515 0.0795 0.115 5
0.7 0.54 0.215 1.978 0.6675 0.3125 0.71 1
0.49 0.355 0.16 0.8795 0.3485 0.215 0.2825 5
0.675 0.525 0.16 1.2835 0.572 0.2755 0.3545 4
0.52 0.4 0.145 0.66 0.267 0.1055 0.22 4
0.295 0.215 0.07 0.121 0.047 0.0155 0.0405 2
0.65 0.525 0.205 1.4275 0.69 0.306 0.4355 4
0.595 0.475 0.16 1.3175 0.408 0.234 0.58 1
0.625 0.475 0.175 1.3405 0.656 0.283 0.337 3
0.75 0.615 0.205 2.2635 0.821 0.423 0.726 3
0.52 0.425 0.15 0.813 0.385 0.2015 0.23 3
0.515 0.395 0.125 0.556 0.2695 0.096 0.17 5
0.485 0.365 0.12 0.5885 0.27 0.131 0.175 5
0.56 0.42 0.195 0.8085 0.3025 0.1795 0.285 4
0.485 0.365 0.155 1.029 0.4235 0.2285 0.313 5
0.44 0.34 0.1 0.379 0.1725 0.0815 0.101 5
0.44 0.355 0.165 0.435 0.159 0.105 0.14 4
0.28 0.2 0.065 0.0895 0.036 0.0185 0.03 5
0.63 0.475 0.145 1.0605 0.5165 0.2195 0.28 3
0.375 0.28 0.08 0.2165 0.0935 0.0925 0.07 5
0.3 0.23 0.075 0.15 0.0605 0.042 0.045 2
0.585 0.45 0.16 0.9045 0.405 0.2215 0.2335 5
0.55 0.42 0.13 0.636 0.294 0.144 0.1755 5
0.605 0.485 0.165 1.0735 0.437 0.205 0.33 4
0.58 0.455 0.16 0.9215 0.312 0.196 0.3 1
0.5 0.385 0.135 0.6425 0.3195 0.129 0.1535 5
0.35 0.26 0.085 0.174 0.0705 0.0345 0.06 3
0.65 0.525 0.165 1.238 0.647 0.2485 0.3005 5
0.42 0.33 0.125 0.463 0.186 0.11 0.145 3
0.42 0.325 0.11 0.325 0.1245 0.0755 0.1025 5
0.53 0.425 0.13 0.7585 0.325 0.197 0.205 5
0.585 0.465 0.17 0.9915 0.3865 0.224 0.265 3
0.555 0.44 0.15 0.838 0.4155 0.146 0.23 5
0.595 0.48 0.185 1.1785 0.526 0.2975 0.314 3
0.58 0.45 0.235 1.071 0.3 0.206 0.395 4
0.71 0.56 0.18 1.652 0.735 0.381 0.4525 3
0.55 0.435 0.14 0.7625 0.327 0.1685 0.259 3
0.69 0.54 0.185 1.6195 0.533 0.353 0.555 1
0.645 0.505 0.15 1.1605 0.519 0.2615 0.335 3
0.51 0.39 0.105 0.612 0.187 0.15 0.195 4
0.585 0.45 0.125 0.874 0.3545 0.2075 0.225 2
0.33 0.255 0.095 0.172 0.066 0.0255 0.06 2
0.55 0.425 0.145 0.797 0.297 0.15 0.265 5
0.51 0.405 0.15 0.7035 0.347 0.134 0.1885 5
0.49 0.385 0.14 0.5425 0.198 0.127 0.175 3
0.295 0.23 0.085 0.125 0.042 0.0285 0.043 5
0.575 0.475 0.145 0.857 0.3665 0.173 0.269 5
0.585 0.42 0.155 1.034 0.437 0.2225 0.32 3
0.595 0.465 0.15 1.1005 0.5415 0.166 0.265 5
0.485 0.355 0.13 0.581 0.245 0.132 0.168 3
0.355 0.275 0.09 0.251 0.097 0.053 0.08 5
0.335 0.245 0.09 0.1665 0.0595 0.04 0.06 2
0.56 0.435 0.13 0.777 0.354 0.173 0.222 5
0.165 0.12 0.05 0.021 0.0075 0.0045 0.014 2
0.465 0.37 0.115 0.4075 0.1515 0.0935 0.1455 5
0.635 0.5 0.18 1.2565 0.539 0.292 0.35 3
0.585 0.475 0.15 1.065 0.5315 0.199 0.2885 3
0.515 0.4 0.125 0.615 0.2865 0.123 0.1765 5
0.725 0.58 0.185 1.523 0.8045 0.3595 0.4375 5
0.37 0.28 0.09 0.233 0.0905 0.0545 0.07 3
0.62 0.47 0.225 1.115 0.378 0.2145 0.36 4
0.39 0.3 0.1 0.3085 0.1385 0.0735 0.085 2
0.375 0.3 0.075 0.144 0.059 0.03 0.044 5
0.675 0.565 0.195 1.8375 0.7645 0.3615 0.553 3
0.61 0.485 0.15 1.2405 0.6025 0.2915 0.3085 3
0.55 0.44 0.16 0.991 0.348 0.168 0.375 1
0.45 0.38 0.165 0.8165 0.25 0.1915 0.265 1
0.485 0.365 0.14 0.6195 0.2595 0.1445 0.177 4
0.525 0.435 0.155 1.065 0.486 0.233 0.285 5
0.505 0.4 0.125 0.77 0.2735 0.159 0.255 4
0.555 0.425 0.14 0.788 0.282 0.1595 0.285 3
0.49 0.38 0.11 0.554 0.2935 0.1005 0.15 5
0.73 0.575 0.185 1.8795 0.931 0.38 0.4825 3
0.44 0.35 0.135 0.435 0.1815 0.083 0.125 3
0.55 0.435 0.125 0.741 0.348 0.1585 0.206 5
0.505 0.425 0.125 0.6115 0.245 0.1375 0.2 5
0.4 0.3 0.11 0.2985 0.1375 0.071 0.075 2
0.535 0.415 0.15 0.5765 0.3595 0.135 0.225 5
0.565 0.465 0.175 0.995 0.3895 0.183 0.37 4
0.58 0.445 0.16 0.984 0.49 0.201 0.27 5
0.53 0.425 0.11 0.739 0.237 0.161 0.295 4
0.515 0.35 0.105 0.4745 0.213 0.123 0.1275 3
0.64 0.475 0.175 1.1545 0.4865 0.341 0.288 5
0.555 0.425 0.13 0.7665 0.264 0.168 0.275 4
0.615 0.495 0.16 1.255 0.5815 0.3195 0.3225 3
0.52 0.425 0.125 0.79 0.372 0.205 0.19 5
0.675 0.52 0.145 1.3645 0.557 0.3405 0.385 3
0.67 0.52 0.165 1.39 0.711 0.2865 0.3 3
0.55 0.47 0.15 0.9205 0.381 0.2435 0.2675 3
0.54 0.42 0.14 0.8035 0.38 0.1805 0.21 5
0.57 0.45 0.14 0.9275 0.477 0.1605 0.2515 5
0.155 0.105 0.05 0.0175 0.005 0.0035 0.005 2
0.64 0.525 0.2 1.3765 0.44 0.3075 0.47 4
0.58 0.45 0.12 0.8685 0.418 0.1475 0.2605 5
0.62 0.49 0.16 1.056 0.493 0.244 0.2725 5
0.72 0.55 0.205 2.125 1.1455 0.4425 0.511 4
0.62 0.485 0.165 1.166 0.483 0.238 0.355 4
0.565 0.455 0.15 0.9595 0.4565 0.2395 0.23 5
0.445 0.35 0.13 0.4195 0.1695 0.0945 0.1195 5
0.525 0.4 0.13 0.6995 0.3115 0.131 0.223 5
0.605 0.45 0.165 1.2225 0.357 0.202 0.385 4
0.74 0.595 0.19 2.3235 1.1495 0.5115 0.505 3
0.625 0.49 0.19 1.7015 0.7465 0.4105 0.3855 3
0.38 0.285 0.09 0.2305 0.1005 0.039 0.0775 5
0.65 0.525 0.18 1.626 0.597 0.3445 0.53 1
0.575 0.46 0.16 1.103 0.538 0.221 0.249 5
0.595 0.455 0.155 1.0605 0.5135 0.2165 0.3 3
0.51 0.395 0.105 0.5525 0.234 0.127 0.165 5
0.33 0.25 0.095 0.2085 0.102 0.0395 0.052 5
0.585 0.51 0.16 1.218 0.639 0.241 0.3 3
0.56 0.445 0.165 1.0285 0.4535 0.253 0.275 3
0.615 0.48 0.165 1.1615 0.513 0.301 0.305 3
0.65 0.515 0.175 1.4805 0.5295 0.272 0.525 1
0.555 0.425 0.13 0.648 0.2835 0.133 0.2105 5
0.235 0.13 0.075 0.1585 0.0685 0.037 0.0465 2
0.305 0.23 0.075 0.1455 0.0595 0.0305 0.05 2
0.63 0.485 0.17 1.3205 0.5945 0.345 0.345 5
0.735 0.59 0.215 1.747 0.7275 0.403 0.557 3
0.465 0.38 0.135 0.579 0.208 0.1095 0.22 4
0.335 0.22 0.07 0.17 0.076 0.0365 0.05 2
0.41 0.315 0.11 0.321 0.1255 0.0655 0.095 3
0.41 0.3 0.09 0.28 0.141 0.0575 0.075 5
0.34 0.26 0.09 0.179 0.076 0.0525 0.055 2
0.695 0.55 0.22 1.5515 0.566 0.3835 0.445 4
0.635 0.49 0.16 1.101 0.534 0.1865 0.3455 3
0.545 0.45 0.15 0.7805 0.3795 0.1625 0.216 5
0.625 0.48 0.16 1.2415 0.6575 0.2625 0.2785 5
0.5 0.395 0.145 0.7865 0.332 0.1815 0.2455 5
0.705 0.545 0.17 1.58 0.6435 0.4565 0.265 3
0.585 0.465 0.14 0.908 0.381 0.1615 0.315 4
0.58 0.46 0.165 1.2275 0.473 0.1965 0.435 4
0.465 0.37 0.11 0.445 0.1635 0.096 0.166 5
0.42 0.345 0.105 0.43 0.175 0.096 0.13 5
0.57 0.45 0.135 0.794 0.3815 0.1415 0.245 5
0.69 0.54 0.185 1.71 0.7725 0.3855 0.4325 5
0.605 0.49 0.165 1.071 0.482 0.1935 0.352 3
0.445 0.33 0.1 0.437 0.163 0.0755 0.17 4
0.475 0.35 0.115 0.452 0.1715 0.092 0.155 3
0.4 0.31 0.1 0.2875 0.1145 0.0635 0.095 3
0.63 0.515 0.175 1.1955 0.492 0.247 0.37 3
0.37 0.29 0.115 0.25 0.111 0.057 0.075 5
0.725 0.55 0.2 1.51 0.8735 0.4265 0.5085 5
0.63 0.485 0.145 1.062 0.5065 0.1785 0.3365 3
0.46 0.35 0.1 0.471 0.252 0.077 0.123 5
0.41 0.3 0.1 0.282 0.1255 0.057 0.0875 5
0.415 0.335 0.1 0.358 0.169 0.067 0.105 5
0.64 0.5 0.15 1.2015 0.559 0.231 0.3355 5
0.56 0.44 0.155 0.811 0.3685 0.178 0.235 3
0.615 0.45 0.15 1.198 0.707 0.2095 0.2505 5
0.525 0.41 0.15 0.708 0.274 0.151 0.25 3
0.235 0.175 0.065 0.0615 0.0205 0.02 0.019 2
0.275 0.2 0.055 0.0925 0.038 0.021 0.026 2
0.595 0.49 0.185 1.185 0.482 0.2015 0.361 3
0.54 0.425 0.13 0.7205 0.2955 0.169 0.225 3
0.6 0.475 0.23 1.157 0.522 0.2235 0.36 3
0.15 0.1 0.025 0.015 0.0045 0.004 0.005 2
0.24 0.185 0.07 0.0715 0.026 0.018 0.025 2
0.55 0.425 0.135 0.656 0.257 0.17 0.203 3
0.52 0.38 0.135 0.5395 0.2295 0.133 0.157 5
0.605 0.495 0.17 1.2385 0.528 0.2465 0.39 4
0.58 0.46 0.12 0.9935 0.4625 0.2385 0.28 3
0.645 0.485 0.15 1.2215 0.5695 0.2735 0.33 5
0.575 0.475 0.16 0.895 0.3605 0.221 0.271 5
0.58 0.475 0.155 0.974 0.4305 0.23 0.285 3
0.63 0.5 0.185 1.383 0.54 0.3315 0.38 3
0.41 0.325 0.1 0.394 0.208 0.0655 0.106 2
0.65 0.475 0.165 1.3875 0.58 0.3485 0.3095 5
0.555 0.435 0.14 0.7495 0.341 0.1645 0.214 5
0.525 0.4 0.14 0.6955 0.2405 0.16 0.253 3
0.575 0.47 0.155 1.116 0.509 0.238 0.34 3
0.655 0.515 0.145 1.25 0.5265 0.283 0.315 4
0.27 0.195 0.06 0.073 0.0285 0.0235 0.03 2
0.665 0.515 0.165 1.3855 0.621 0.302 0.3445 5
0.6 0.475 0.175 1.11 0.5105 0.256 0.285 5
0.465 0.355 0.11 0.474 0.23 0.1005 0.12 5
0.635 0.525 0.205 1.484 0.55 0.3115 0.43 1
0.465 0.36 0.105 0.452 0.22 0.159 0.1035 5
0.2 0.14 0.055 0.035 0.0145 0.008 0.01 2
0.53 0.435 0.135 0.7365 0.3275 0.1315 0.22 3
0.315 0.23 0.09 0.1285 0.043 0.04 0.04 5
0.53 0.455 0.165 0.9805 0.3155 0.2815 0.2965 3
0.6 0.47 0.165 1.059 0.504 0.241 0.275 5
0.445 0.335 0.14 0.4565 0.1785 0.114 0.14 3
0.48 0.365 0.1 0.461 0.2205 0.0835 0.135 5
0.365 0.27 0.085 0.1875 0.081 0.042 0.058 2
0.575 0.455 0.155 1.013 0.4685 0.2085 0.295 3
0.575 0.46 0.145 0.9945 0.466 0.229 0.265 5
0.57 0.495 0.16 1.0915 0.452 0.275 0.315 4
0.37 0.29 0.09 0.241 0.11 0.045 0.069 3
0.63 0.465 0.15 1.027 0.537 0.188 0.176 5
0.535 0.435 0.15 0.725 0.269 0.1385 0.25 5
0.54 0.425 0.13 0.8155 0.3675 0.1365 0.246 3
0.47 0.355 0.1 0.4755 0.1675 0.0805 0.185 3
0.505 0.41 0.125 0.642 0.289 0.133 0.155 5
0.535 0.41 0.135 0.862 0.2855 0.1525 0.32 4
0.65 0.495 0.16 1.3105 0.577 0.3315 0.355 5
0.455 0.36 0.11 0.4385 0.206 0.098 0.125 3
0.415 0.325 0.115 0.3455 0.1405 0.0765 0.11 5
0.675 0.505 0.16 1.532 0.74 0.357 0.3815 3
0.29 0.215 0.065 0.0985 0.0425 0.021 0.031 2
0.62 0.485 0.155 1.0295 0.425 0.2315 0.335 3
0.645 0.5 0.155 1.2205 0.6145 0.236 0.3185 3
0.475 0.37 0.125 0.655 0.266 0.1725 0.185 3
0.39 0.29 0.09 0.2625 0.117 0.054 0.077 5
0.18 0.13 0.045 0.0275 0.0125 0.01 0.009 2
0.59 0.465 0.17 1.0425 0.4635 0.24 0.27 3
0.74 0.535 0.185 1.65 0.734 0.4505 0.335 4
0.61 0.48 0.14 1.0625 0.516 0.225 0.2915 3
0.515 0.4 0.14 0.7365 0.2955 0.184 0.185 4
0.53 0.395 0.13 0.575 0.247 0.115 0.183 5
0.515 0.38 0.12 0.625 0.3265 0.1295 0.16 5
0.575 0.425 0.15 0.8765 0.455 0.18 0.228 5
0.65 0.565 0.2 1.6645 0.753 0.367 0.43 3
0.45 0.345 0.11 0.47 0.2355 0.0855 0.1135 5
0.44 0.375 0.13 0.487 0.226 0.0965 0.155 5
0.665 0.525 0.18 1.5785 0.678 0.229 0.456 4
0.28 0.21 0.085 0.1075 0.0415 0.024 0.034 2
0.56 0.445 0.15 0.8225 0.3685 0.187 0.236 3
0.54 0.42 0.145 0.8655 0.4315 0.163 0.2175 3
0.645 0.48 0.17 1.1345 0.528 0.254 0.305 3
0.615 0.455 0.135 1.059 0.4735 0.263 0.274 5
0.54 0.425 0.14 0.742 0.32 0.1395 0.25 5
0.66 0.535 0.205 1.4415 0.5925 0.2775 0.49 3
0.735 0.59 0.225 1.756 0.637 0.3405 0.58 1
0.37 0.29 0.09 0.2445 0.089 0.0655 0.075 5
0.605 0.49 0.155 1.153 0.503 0.2505 0.295 4
0.65 0.52 0.195 1.676 0.693 0.44 0.47 4
0.815 0.65 0.25 2.255 0.8905 0.42 0.7975 4
0.61 0.475 0.15 1.1135 0.5195 0.2575 0.3005 3
0.285 0.22 0.065 0.096 0.0405 0.0205 0.03 2
0.545 0.41 0.14 0.737 0.349 0.15 0.212 5
0.49 0.37 0.115 0.541 0.171 0.1175 0.185 3
0.57 0.44 0.19 1.018 0.447 0.207 0.265 5
0.43 0.33 0.095 0.32 0.118 0.065 0.123 5
0.69 0.53 0.21 1.583 0.7355 0.405 0.3865 3
0.29 0.225 0.08 0.1295 0.0535 0.026 0.045 3
0.625 0.46 0.16 1.2395 0.55 0.273 0.38 4
0.61 0.475 0.175 1.024 0.409 0.261 0.322 5
0.745 0.57 0.215 2.25 1.1565 0.446 0.558 5
0.61 0.49 0.17 1.3475 0.7045 0.25 0.3045 3
0.455 0.35 0.105 0.4445 0.213 0.107 0.1115 5
0.515 0.4 0.125 0.955 0.341 0.2535 0.26 4
0.6 0.465 0.2 1.259 0.6405 0.1985 0.357 5
0.32 0.24 0.075 0.1735 0.076 0.0355 0.05 5
0.595 0.5 0.165 1.06 0.402 0.28 0.275 3
0.65 0.51 0.155 1.189 0.483 0.278 0.3645 4
0.285 0.215 0.07 0.1075 0.051 0.0225 0.027 2
0.625 0.485 0.16 1.254 0.591 0.259 0.3485 5
0.59 0.44 0.15 0.8725 0.387 0.215 0.245 5
0.475 0.365 0.14 0.6175 0.202 0.1445 0.19 4
0.46 0.34 0.1 0.386 0.1805 0.0875 0.0965 5
0.38 0.275 0.1 0.2255 0.08 0.049 0.085 3
0.4 0.315 0.1 0.3225 0.143 0.0735 0.091 2
0.705 0.535 0.22 1.866 0.929 0.3835 0.4395 3
0.4 0.32 0.11 0.353 0.1405 0.0985 0.1 5
0.62 0.485 0.145 1.003 0.4655 0.2195 0.28 3
0.58 0.47 0.165 1.041 0.54 0.166 0.279 5
0.675 0.555 0.2 1.4385 0.545 0.2665 0.465 1
0.64 0.515 0.08 1.042 0.515 0.1755 0.175 3
0.445 0.345 0.105 0.409 0.1675 0.1015 0.117 5
0.42 0.315 0.11 0.4025 0.1855 0.083 0.1015 5
0.63 0.495 0.175 1.2695 0.605 0.271 0.328 3
0.28 0.205 0.08 0.127 0.052 0.039 0.042 5
0.57 0.435 0.13 0.7535 0.349 0.1755 0.194 3
0.435 0.325 0.12 0.3995 0.1815 0.061 0.1125 5
0.6 0.505 0.19 1.129 0.4385 0.256 0.36 4
0.685 0.545 0.18 1.768 0.7495 0.392 0.485 4
0.625 0.495 0.155 1.0485 0.487 0.212 0.3215 3
0.4 0.32 0.095 0.303 0.1335 0.06 0.1 5
0.565 0.44 0.135 0.768 0.3305 0.1385 0.2475 5
0.645 0.5 0.17 1.1845 0.4805 0.274 0.355 4
0.6 0.47 0.16 1.194 0.5625 0.3045 0.2635 3
0.64 0.525 0.185 1.707 0.763 0.4205 0.4435 3
0.765 0.6 0.22 2.302 1.007 0.509 0.6205 3
0.655 0.49 0.16 1.204 0.5455 0.2615 0.3225 5
0.175 0.125 0.04 0.028 0.0095 0.008 0.009 2
0.45 0.33 0.115 0.365 0.14 0.0825 0.1245 5
0.45 0.36 0.125 0.45 0.191 0.0865 0.145 3
0.675 0.57 0.225 1.587 0.739 0.2995 0.435 3
0.515 0.39 0.12 0.6125 0.302 0.1365 0.1415 5
0.42 0.34 0.115 0.4215 0.175 0.093 0.135 5
0.495 0.385 0.13 0.6905 0.3125 0.179 0.175 3
0.645 0.51 0.16 1.2415 0.5815 0.276 0.315 5
0.675 0.535 0.22 1.604 0.6175 0.4255 0.453 4
0.585 0.455 0.15 0.987 0.4355 0.2075 0.31 3
0.565 0.44 0.16 0.915 0.354 0.1935 0.32 3
0.625 0.49 0.2 1.3825 0.5895 0.285 0.381 3
0.705 0.56 0.22 1.981 0.8175 0.3085 0.76 4
0.325 0.245 0.075 0.1495 0.0605 0.033 0.045 2
0.485 0.355 0.105 0.498 0.2175 0.096 0.1525 5
0.555 0.45 0.145 0.915 0.4 0.246 0.285 3
0.56 0.445 0.16 0.8965 0.42 0.2175 0.2215 5
0.36 0.27 0.085 0.196 0.0875 0.035 0.064 2
0.46 0.355 0.13 0.458 0.192 0.1055 0.13 4
