0.56 0.44 0.14 0.825 0.402 0.139 0.245 3
0.56 0.41 0.16 0.8215 0.342 0.184 0.253 5
0.63 0.51 0.175 1.3415 0.6575 0.262 0.375 3
0.45 0.365 0.115 0.5885 0.318 0.121 0.1325 5
0.375 0.29 0.095 0.2875 0.123 0.0605 0.08 2
0.375 0.28 0.08 0.2235 0.115 0.043 0.055 2
0.675 0.52 0.175 1.494 0.7365 0.3055 0.37 5
0.57 0.455 0.15 0.96 0.387 0.2385 0.275 3
0.61 0.475 0.155 0.983 0.4565 0.228 0.266 3
0.425 0.335 0.095 0.322 0.1205 0.061 0.125 3
0.48 0.36 0.125 0.542 0.2795 0.1025 0.147 5
0.64 0.51 0.175 1.368 0.515 0.266 0.57 1
0.63 0.49 0.155 1.2525 0.63 0.246 0.289 5
0.23 0.175 0.065 0.0645 0.026 0.0105 0.02 2
0.355 0.26 0.085 0.1905 0.081 0.0485 0.055 2
0.52 0.41 0.115 0.77 0.263 0.157 0.26 3
0.3 0.22 0.08 0.121 0.0475 0.042 0.035 2
0.425 0.31 0.095 0.3075 0.139 0.0745 0.093 5
0.585 0.48 0.185 1.04 0.434 0.265 0.285 3
0.53 0.41 0.165 0.8115 0.24 0.169 0.24 1
0.59 0.465 0.16 1.1005 0.506 0.2525 0.295 4
0.655 0.53 0.195 1.388 0.567 0.2735 0.41 4
0.46 0.34 0.09 0.384 0.1795 0.068 0.11 5
0.435 0.355 0.125 0.4075 0.1535 0.074 0.165 5
0.65 0.52 0.19 1.3445 0.519 0.306 0.4465 4
0.445 0.35 0.12 0.4425 0.192 0.0955 0.135 5
0.59 0.455 0.15 0.976 0.465 0.2055 0.2765 3
0.51 0.405 0.12 0.61 0.229 0.131 0.235 3
0.47 0.385 0.135 0.5895 0.2765 0.12 0.17 5
0.6 0.455 0.155 0.945 0.4365 0.2085 0.25 5
0.375 0.3 0.075 0.144 0.059 0.03 0.044 5
0.525 0.4 0.155 0.707 0.282 0.1605 0.225 5
0.565 0.455 0.13 1.058 0.439 0.2645 0.3 3
0.53 0.405 0.13 0.6355 0.2635 0.1565 0.185 5
0.63 0.465 0.15 1.027 0.537 0.188 0.176 5
0.37 0.28 0.1 0.221 0.1165 0.0265 0.0635 2
0.605 0.46 0.17 1.122 0.347 0.3045 0.315 4
0.365 0.27 0.085 0.2225 0.0935 0.0525 0.066 5
0.375 0.29 0.14 0.3 0.14 0.0625 0.0825 5
0.645 0.51 0.16 1.33 0.6665 0.309 0.317 5
0.535 0.435 0.14 0.874 0.3735 0.229 0.2195 5
0.49 0.39 0.15 0.573 0.225 0.124 0.17 1
0.595 0.49 0.185 1.185 0.482 0.2015 0.361 3
0.62 0.48 0.16 1.1125 0.5635 0.2445 0.281 5
0.67 0.5 0.19 1.519 0.616 0.388 0.415 3
0.405 0.31 0.11 0.91 0.416 0.2075 0.0995 5
0.53 0.435 0.135 0.7365 0.3275 0.1315 0.22 3
0.45 0.33 0.11 0.3685 0.16 0.0885 0.102 2
0.37 0.28 0.105 0.234 0.0905 0.0585 0.075 5
0.505 0.38 0.13 0.693 0.391 0.1195 0.1515 5
0.31 0.225 0.075 0.1295 0.0455 0.0335 0.044 5
0.66 0.565 0.195 1.7605 0.692 0.3265 0.5 4
0.465 0.345 0.11 0.4415 0.1755 0.0905 0.12 5
0.615 0.5 0.205 1.1055 0.4445 0.227 0.39 4
0.675 0.54 0.175 1.5545 0.6645 0.278 0.512 3
0.575 0.475 0.16 0.895 0.3605 0.221 0.271 5
0.6 0.495 0.195 1.0575 0.384 0.19 0.375 1
0.415 0.325 0.1 0.313 0.139 0.0625 0.0965 5
0.36 0.28 0.105 0.199 0.0695 0.045 0.08 5
0.635 0.51 0.185 1.308 0.544 0.318 0.377 5
0.53 0.42 0.155 0.81 0.4725 0.111 0.192 3
0.62 0.475 0.16 1.3245 0.6865 0.233 0.3275 5
0.47 0.365 0.105 0.4205 0.163 0.1035 0.14 5
0.35 0.265 0.08 0.192 0.081 0.0465 0.053 2
0.43 0.335 0.105 0.378 0.188 0.0785 0.09 2
0.49 0.37 0.14 0.585 0.243 0.115 0.195 3
0.68 0.52 0.175 1.543 0.7525 0.351 0.374 3
0.375 0.28 0.1 0.2565 0.1165 0.0585 0.0725 3
0.48 0.36 0.1 0.439 0.194 0.099 0.115 5
0.46 0.355 0.14 0.491 0.207 0.115 0.174 3
0.61 0.365 0.155 1.0765 0.488 0.249 0.27 5
0.475 0.365 0.115 0.49 0.223 0.1235 0.1335 5
0.585 0.46 0.165 1.1135 0.5825 0.2345 0.274 3
0.38 0.275 0.1 0.2255 0.08 0.049 0.085 3
0.65 0.545 0.185 1.5055 0.6565 0.341 0.43 3
0.34 0.255 0.085 0.204 0.097 0.021 0.05 2
0.515 0.39 0.12 0.6125 0.302 0.1365 0.1415 5
0.595 0.495 0.185 1.285 0.416 0.224 0.485 4
0.43 0.345 0.115 0.3045 0.0925 0.055 0.12 3
0.515 0.39 0.155 0.7125 0.3695 0.137 0.155 5
0.55 0.425 0.125 0.964 0.5475 0.159 0.215 5
0.67 0.545 0.2 1.7025 0.833 0.374 0.41 3
0.72 0.525 0.18 1.445 0.631 0.3215 0.435 5
0.52 0.41 0.14 0.5995 0.242 0.1375 0.182 3
0.38 0.275 0.095 0.2425 0.106 0.0485 0.21 2
0.55 0.425 0.15 0.639 0.269 0.1345 0.217 5
0.435 0.35 0.11 0.384 0.143 0.1005 0.125 4
0.63 0.48 0.16 1.199 0.5265 0.335 0.315 3
0.385 0.31 0.1 0.2845 0.1065 0.075 0.1 3
0.62 0.47 0.14 1.0325 0.3605 0.224 0.36 4
0.545 0.43 0.165 0.802 0.2935 0.183 0.28 3
0.46 0.345 0.105 0.415 0.187 0.087 0.11 5
0.58 0.475 0.135 0.925 0.391 0.165 0.275 4
0.45 0.335 0.14 0.4625 0.164 0.076 0.15 4
0.51 0.405 0.13 0.599 0.3065 0.1155 0.1485 5
0.57 0.45 0.18 0.908 0.4015 0.217 0.255 5
0.645 0.49 0.16 1.251 0.5355 0.3345 0.3165 5
0.465 0.355 0.115 0.4705 0.1955 0.118 0.126 5
0.73 0.55 0.205 1.908 0.5415 0.3565 0.5965 4
0.515 0.42 0.135 0.711 0.337 0.144 0.205 4
0.25 0.185 0.065 0.0685 0.0295 0.014 0.0225 2
0.47 0.36 0.13 0.472 0.182 0.114 0.15 3
0.5 0.385 0.115 0.6785 0.2945 0.138 0.195 3
0.315 0.23 0.09 0.1285 0.043 0.04 0.04 5
0.685 0.525 0.175 1.71 0.5415 0.309 0.58 4
0.685 0.55 0.19 1.885 0.89 0.41 0.4895 3
0.39 0.3 0.095 0.3265 0.1665 0.0575 0.089 5
0.605 0.455 0.145 0.862 0.334 0.1985 0.3 5
0.5 0.41 0.15 0.662 0.2815 0.137 0.22 3
0.345 0.255 0.1 0.197 0.071 0.051 0.06 5
0.715 0.535 0.19 1.6755 0.889 0.313 0.42 3
0.58 0.49 0.195 1.3165 0.5305 0.254 0.41 1
0.585 0.435 0.14 0.6955 0.3085 0.129 0.2245 5
0.57 0.46 0.15 1.0375 0.5415 0.2035 0.25 5
0.575 0.44 0.125 0.8515 0.4555 0.1715 0.1965 5
0.365 0.275 0.09 0.2345 0.108 0.051 0.0625 5
0.385 0.295 0.085 0.2535 0.103 0.0575 0.085 5
0.43 0.325 0.105 0.309 0.119 0.08 0.098 2
0.55 0.45 0.17 0.81 0.317 0.157 0.22 3
0.63 0.515 0.165 1.352 0.488 0.349 0.45 1
0.415 0.315 0.09 0.3625 0.175 0.0835 0.093 2
0.64 0.54 0.175 1.571 0.627 0.271 0.475 1
0.6 0.45 0.16 1.142 0.539 0.225 0.307 3
0.565 0.4 0.13 0.6975 0.3075 0.1665 0.18 5
0.615 0.455 0.145 1.1155 0.5045 0.238 0.315 3
0.66 0.5 0.155 1.3765 0.6485 0.288 0.335 3
0.52 0.415 0.16 0.595 0.2105 0.142 0.26 4
0.44 0.345 0.105 0.4285 0.165 0.083 0.132 3
0.665 0.535 0.155 1.383 0.596 0.2565 0.485 4
0.605 0.47 0.18 1.1155 0.479 0.2565 0.321 3
0.64 0.505 0.19 1.2355 0.4435 0.3105 0.365 4
0.62 0.475 0.195 1.3585 0.5935 0.3365 0.3745 3
0.575 0.45 0.16 1.068 0.556 0.214 0.2575 3
0.625 0.485 0.19 1.1745 0.4385 0.2305 0.42 1
0.52 0.415 0.14 0.6385 0.2945 0.1405 0.171 5
0.65 0.495 0.16 1.2075 0.55 0.2695 0.32 3
0.405 0.3 0.105 0.304 0.1455 0.061 0.0805 2
0.525 0.4 0.14 0.601 0.2625 0.1285 0.1835 5
0.68 0.515 0.17 1.6115 0.8415 0.306 0.395 3
0.455 0.35 0.14 0.5185 0.221 0.1265 0.135 3
0.48 0.355 0.16 0.464 0.221 0.106 0.239 5
0.31 0.245 0.095 0.15 0.0525 0.034 0.048 5
0.525 0.425 0.19 0.872 0.4625 0.1725 0.199 5
0.64 0.515 0.165 1.369 0.632 0.3415 0.358 3
0.55 0.45 0.14 0.753 0.3445 0.1325 0.24 5
0.44 0.34 0.12 0.438 0.2115 0.083 0.12 5
0.415 0.31 0.105 0.3595 0.167 0.083 0.0915 2
0.565 0.45 0.175 1.2365 0.5305 0.2455 0.308 3
0.595 0.455 0.16 1.04 0.452 0.2655 0.288 5
0.34 0.255 0.095 0.213 0.081 0.034 0.07 5
0.37 0.29 0.08 0.2545 0.108 0.0565 0.07 2
0.54 0.425 0.14 0.742 0.32 0.1395 0.25 5
0.47 0.355 0.18 0.48 0.2055 0.105 0.1505 5
0.385 0.305 0.09 0.2775 0.109 0.0515 0.1 5
0.57 0.44 0.145 0.8815 0.3605 0.1955 0.2735 3
0.465 0.35 0.135 0.6265 0.259 0.1445 0.175 5
0.465 0.355 0.125 0.5255 0.2025 0.135 0.145 4
0.725 0.56 0.185 1.792 0.873 0.367 0.435 3
0.66 0.52 0.2 1.676 0.673 0.4805 0.45 1
0.445 0.335 0.14 0.4565 0.1785 0.114 0.14 3
0.43 0.325 0.12 0.445 0.165 0.0995 0.155 5
0.575 0.475 0.16 1.114 0.4955 0.2745 0.29 5
0.725 0.58 0.185 1.523 0.8045 0.3595 0.4375 5
0.545 0.375 0.12 0.543 0.2375 0.1155 0.1725 5
0.505 0.385 0.135 0.6185 0.251 0.1175 0.2 3
0.62 0.51 0.175 1.615 0.5105 0.192 0.675 3
0.41 0.335 0.115 0.4405 0.19 0.085 0.135 5
0.635 0.51 0.21 1.598 0.6535 0.2835 0.58 4
0.165 0.125 0.04 0.0245 0.0095 0.0045 0.008 2
0.645 0.525 0.19 1.8085 0.7035 0.3885 0.395 1
0.34 0.265 0.085 0.1835 0.077 0.046 0.065 3
0.275 0.215 0.075 0.1155 0.0485 0.029 0.035 5
0.665 0.525 0.18 1.5785 0.678 0.229 0.456 4
0.58 0.445 0.17 1.178 0.3935 0.2165 0.315 1
0.67 0.525 0.195 1.37 0.6065 0.2955 0.407 3
0.415 0.325 0.11 0.316 0.1385 0.0795 0.0925 5
0.56 0.43 0.125 0.8025 0.313 0.1715 0.263 4
0.565 0.46 0.155 0.8715 0.3755 0.215 0.25 3
0.61 0.47 0.16 1.0745 0.4925 0.236 0.29 5
0.415 0.325 0.1 0.3335 0.1445 0.0715 0.095 5
0.565 0.445 0.14 0.836 0.406 0.1605 0.2245 5
0.495 0.355 0.12 0.4965 0.214 0.1045 0.1495 5
0.3 0.22 0.065 0.1195 0.052 0.0155 0.035 2
0.63 0.485 0.16 1.243 0.623 0.275 0.3 3
0.55 0.43 0.155 0.785 0.289 0.227 0.233 3
0.55 0.44 0.16 0.985 0.4645 0.201 0.27 5
0.595 0.465 0.15 1.0765 0.491 0.22 0.287 5
0.71 0.54 0.205 1.5805 0.802 0.287 0.435 3
0.515 0.395 0.125 0.556 0.2695 0.096 0.17 5
0.13 0.095 0.035 0.0105 0.005 0.0065 0.0035 2
0.515 0.395 0.125 0.5805 0.2365 0.1075 0.19 5
0.44 0.34 0.135 0.3975 0.1505 0.0945 0.135 5
0.37 0.265 0.075 0.214 0.09 0.051 0.07 2
0.51 0.4 0.12 0.7005 0.347 0.1105 0.195 3
0.325 0.25 0.08 0.176 0.0595 0.0355 0.063 5
0.275 0.2 0.07 0.096 0.037 0.0225 0.03 2
0.66 0.515 0.2 1.6465 0.749 0.422 0.401 3
0.565 0.455 0.15 0.8205 0.365 0.159 0.26 1
0.485 0.39 0.125 0.591 0.287 0.141 0.12 5
0.415 0.325 0.115 0.3455 0.1405 0.0765 0.11 5
0.65 0.52 0.17 1.3655 0.6155 0.2885 0.36 3
0.605 0.445 0.14 0.982 0.4295 0.2085 0.295 3
0.595 0.47 0.175 0.991 0.382 0.2395 0.5 3
0.53 0.415 0.12 0.706 0.3355 0.1635 0.1345 5
0.65 0.495 0.16 1.304 0.57 0.312 0.3725 5
0.53 0.405 0.125 0.6515 0.2715 0.1605 0.186 5
0.44 0.355 0.165 0.435 0.159 0.105 0.14 4
0.72 0.55 0.195 2.073 1.0715 0.4265 0.5015 5
0.315 0.23 0 0.134 0.0575 0.0285 0.3505 2
0.675 0.57 0.225 1.587 0.739 0.2995 0.435 3
0.5 0.375 0.14 0.604 0.242 0.1415 0.179 4
0.535 0.43 0.155 0.7845 0.3285 0.169 0.245 3
0.5 0.375 0.15 0.636 0.2535 0.145 0.19 3
0.49 0.355 0.16 0.8795 0.3485 0.215 0.2825 5
0.505 0.4 0.15 0.775 0.3445 0.157 0.185 5
0.72 0.545 0.195 1.7475 0.8215 0.383 0.4705 3
0.595 0.5 0.18 1.053 0.4405 0.192 0.39 4
0.685 0.535 0.175 1.5845 0.7175 0.3775 0.4215 5
0.58 0.45 0.16 0.8675 0.3935 0.221 0.215 5
0.72 0.565 0.145 1.187 0.691 0.1945 0.2685 5
0.52 0.405 0.14 0.6915 0.276 0.137 0.215 3
0.515 0.405 0.13 0.573 0.213 0.134 0.195 5
0.4 0.3 0.11 0.2985 0.1375 0.071 0.075 2
0.37 0.28 0.085 0.217 0.1095 0.035 0.062 2
0.62 0.485 0.175 1.2155 0.545 0.253 0.345 3
0.37 0.27 0.095 0.232 0.1325 0.041 0.0615 2
0.69 0.58 0.195 1.658 0.708 0.3615 0.4715 3
0.185 0.13 0.045 0.029 0.012 0.0075 0.0095 2
0.53 0.425 0.13 0.781 0.3905 0.2005 0.215 5
0.625 0.47 0.145 0.984 0.475 0.2 0.265 3
0.51 0.34 0.18 0.7005 0.312 0.165 0.2 3
0.52 0.45 0.15 0.895 0.3615 0.186 0.235 4
0.625 0.49 0.175 1.233 0.5565 0.247 0.365 3
0.52 0.4 0.12 0.58 0.234 0.1315 0.185 5
0.705 0.555 0.195 1.7525 0.7105 0.4215 0.516 3
0.53 0.435 0.16 0.883 0.316 0.164 0.335 4
0.56 0.435 0.135 0.72 0.329 0.103 0.251 3
0.565 0.455 0.185 0.9265 0.354 0.1575 0.375 4
0.7 0.575 0.17 1.31 0.5095 0.314 0.42 4
0.405 0.3 0.11 0.32 0.172 0.044 0.093 5
0.53 0.405 0.13 0.738 0.2845 0.17 0.193 5
0.44 0.35 0.11 0.3805 0.1575 0.0895 0.115 2
0.465 0.36 0.105 0.431 0.172 0.107 0.175 5
0.63 0.47 0.155 1.1325 0.589 0.211 0.287 5
0.65 0.495 0.17 1.276 0.6215 0.2305 0.399 3
0.5 0.4 0.125 0.6725 0.336 0.12 0.1825 5
0.47 0.375 0.12 0.5565 0.226 0.122 0.195 3
0.455 0.375 0.125 0.533 0.233 0.106 0.185 5
0.71 0.56 0.22 2.015 0.9215 0.454 0.566 3
0.55 0.44 0.165 0.8605 0.312 0.169 0.3 1
0.35 0.26 0.085 0.174 0.0705 0.0345 0.06 3
0.46 0.35 0.11 0.3945 0.1685 0.0865 0.125 5
0.62 0.48 0.17 1.1045 0.535 0.25 0.287 3
0.695 0.56 0.185 1.7715 0.8195 0.331 0.437 3
0.725 0.57 0.19 2.3305 1.253 0.541 0.52 5
0.695 0.535 0.2 1.5855 0.667 0.334 0.471 3
0.32 0.235 0.065 0.1385 0.058 0.0225 0.05 2
0.625 0.49 0.11 1.136 0.5265 0.1915 0.2925 5
0.655 0.505 0.165 1.367 0.5835 0.3515 0.396 3
0.425 0.35 0.1 0.4425 0.175 0.0755 0.175 5
0.515 0.405 0.12 0.646 0.2895 0.1405 0.177 3
0.535 0.41 0.15 0.8105 0.345 0.187 0.24 3
0.625 0.455 0.17 1.082 0.4955 0.2345 0.315 5
0.525 0.395 0.165 0.782 0.285 0.1405 0.285 1
0.35 0.265 0.09 0.2265 0.0995 0.0575 0.065 2
0.68 0.515 0.175 1.6185 0.5125 0.409 0.62 3
0.72 0.575 0.215 2.173 0.9515 0.564 0.5365 3
0.415 0.325 0.105 0.38 0.1595 0.0785 0.12 3
0.5 0.4 0.12 0.616 0.261 0.143 0.1935 5
0.435 0.34 0.115 0.3925 0.1825 0.078 0.1145 2
0.44 0.325 0.08 0.413 0.144 0.1015 0.13 5
0.395 0.3 0.09 0.253 0.1155 0.05 0.075 2
0.545 0.435 0.165 0.9955 0.3245 0.2665 0.325 1
0.555 0.41 0.125 0.599 0.2345 0.1465 0.194 5
0.545 0.405 0.13 0.658 0.327 0.1445 0.174 5
0.19 0.13 0.045 0.0265 0.009 0.005 0.009 2
0.615 0.49 0.155 0.9885 0.4145 0.195 0.345 4
0.45 0.35 0.1 0.3675 0.1465 0.1015 0.12 3
0.725 0.6 0.2 1.737 0.697 0.3585 0.595 3
0.27 0.195 0.07 0.102 0.045 0.0135 0.034 5
0.6 0.51 0.185 1.285 0.6095 0.2745 0.315 5
0.445 0.345 0.14 0.476 0.2055 0.1015 0.1085 4
0.555 0.425 0.14 0.963 0.44 0.224 0.24 5
0.315 0.235 0.075 0.1485 0.0585 0.0375 0.0425 2
0.61 0.45 0.19 1.0805 0.517 0.2495 0.2935 3
0.61 0.47 0.145 1.153 0.403 0.296 0.32 4
0.755 0.58 0.205 2.0065 0.8295 0.4015 0.595 3
0.295 0.225 0.09 0.1105 0.0405 0.0245 0.032 5
0.54 0.435 0.14 0.7345 0.33 0.1595 0.213 5
0.18 0.13 0.045 0.0275 0.0125 0.01 0.009 2
0.47 0.35 0.125 0.4315 0.19 0.1165 0.1175 2
0.55 0.45 0.13 0.92 0.378 0.2385 0.29 3
0.59 0.44 0.14 1.007 0.4775 0.2105 0.2925 5
0.675 0.535 0.16 1.41 0.592 0.3175 0.42 4
0.41 0.31 0.125 0.3595 0.1415 0.0885 0.115 3
0.515 0.39 0.13 0.5755 0.1975 0.13 0.1845 5
0.49 0.4 0.135 0.624 0.3035 0.1285 0.169 5
0.43 0.32 0.11 0.3675 0.1675 0.102 0.105 5
0.55 0.435 0.17 0.884 0.2875 0.1645 0.28 4
0.58 0.44 0.125 0.7855 0.363 0.1955 0.195 3
0.605 0.485 0.15 1.238 0.6315 0.226 0.33 3
0.46 0.38 0.135 0.482 0.207 0.1225 0.145 3
0.5 0.39 0.13 0.6355 0.2505 0.1635 0.195 4
0.335 0.25 0.09 0.181 0.0755 0.0415 0.06 5
0.5 0.375 0.12 0.529 0.2235 0.123 0.16 5
0.55 0.425 0.145 0.797 0.297 0.15 0.265 5
0.74 0.6 0.195 1.974 0.598 0.4085 0.71 4
0.635 0.485 0.165 1.2695 0.5635 0.3065 0.3395 3
0.22 0.165 0.055 0.0545 0.0215 0.012 0.02 2
0.45 0.355 0.11 0.4585 0.194 0.067 0.14 5
0.59 0.46 0.13 1.102 0.455 0.2055 0.33 3
0.625 0.46 0.16 1.2395 0.55 0.273 0.38 4
0.52 0.415 0.175 0.753 0.258 0.171 0.255 5
0.43 0.33 0.1 0.449 0.254 0.0825 0.097 2
0.48 0.375 0.12 0.5895 0.2535 0.128 0.172 3
0.68 0.52 0.165 1.4775 0.724 0.279 0.406 3
0.575 0.46 0.16 1.103 0.538 0.221 0.249 5
0.325 0.27 0.1 0.185 0.08 0.0435 0.065 2
0.65 0.52 0.195 1.6275 0.689 0.3905 0.432 3
0.715 0.525 0.2 1.89 0.95 0.436 0.4305 3
0.28 0.2 0.065 0.0895 0.036 0.0185 0.03 5
0.485 0.365 0.14 0.4475 0.1895 0.0925 0.2305 5
0.64 0.505 0.165 1.4435 0.6145 0.3035 0.39 1
0.665 0.555 0.195 1.4385 0.581 0.354 0.36 1
0.625 0.5 0.18 1.3705 0.645 0.303 0.3705 3
0.38 0.3 0.09 0.277 0.1655 0.0625 0.082 2
0.595 0.48 0.2 0.975 0.358 0.2035 0.34 4
0.53 0.43 0.15 0.741 0.325 0.1855 0.196 5
0.64 0.51 0.2 1.3905 0.61 0.3315 0.41 3
0.56 0.455 0.16 0.967 0.4525 0.207 0.274 5
0.525 0.385 0.13 0.607 0.2355 0.125 0.195 5
0.315 0.24 0.085 0.1715 0.071 0.0345 0.0535 5
0.44 0.325 0.1 0.4165 0.185 0.0865 0.11 2
0.135 0.13 0.04 0.029 0.0125 0.0065 0.008 2
0.53 0.425 0.13 0.717 0.2115 0.166 0.255 4
0.53 0.42 0.13 0.8365 0.3745 0.167 0.249 3
0.21 0.15 0.055 0.0465 0.017 0.012 0.015 2
0.615 0.52 0.15 1.3435 0.629 0.2605 0.345 3
0.435 0.33 0.11 0.413 0.2055 0.096 0.096 2
0.665 0.505 0.16 1.2915 0.631 0.2925 0.32 3
0.35 0.26 0.095 0.211 0.086 0.056 0.068 5
0.515 0.4 0.14 0.7165 0.3495 0.1595 0.1785 5
0.495 0.395 0.135 0.6335 0.3035 0.1295 0.1495 5
0.385 0.29 0.095 0.312 0.143 0.0635 0.086 2
0.435 0.33 0.105 0.335 0.156 0.0555 0.105 5
0.695 0.53 0.21 1.51 0.664 0.4095 0.385 3
0.515 0.395 0.135 0.516 0.2015 0.132 0.162 5
0.63 0.5 0.16 1.22 0.4905 0.3 0.345 4
0.425 0.315 0.095 0.3675 0.1865 0.0675 0.0985 5
0.68 0.56 0.165 1.639 0.6055 0.2805 0.46 4
0.45 0.345 0.12 0.4165 0.1655 0.095 0.135 5
0.47 0.37 0.14 0.4985 0.2095 0.1225 0.145 3
0.505 0.385 0.13 0.6435 0.3135 0.149 0.1515 5
0.26 0.205 0.07 0.097 0.0415 0.019 0.0305 2
0.175 0.13 0.055 0.0315 0.0105 0.0065 0.0125 2
0.695 0.57 0.23 1.885 0.8665 0.435 0.5 1
0.595 0.475 0.165 1.213 0.621 0.2435 0.274 5
0.505 0.395 0.125 0.635 0.29 0.1555 0.175 5
0.59 0.465 0.135 0.9895 0.4235 0.199 0.28 5
0.52 0.425 0.145 0.7 0.207 0.1905 0.24 4
0.625 0.515 0.165 1.217 0.667 0.2065 0.3115 3
0.66 0.52 0.18 1.514 0.526 0.2975 0.42 1
0.525 0.39 0.12 0.664 0.3115 0.147 0.178 5
0.365 0.27 0.085 0.196 0.0825 0.0375 0.06 5
0.55 0.405 0.14 0.8025 0.244 0.1635 0.255 3
0.645 0.485 0.15 1.151 0.5935 0.2315 0.293 3
0.48 0.355 0.115 0.5785 0.25 0.106 0.184 5
0.53 0.42 0.14 0.6765 0.256 0.1855 0.208 5
0.7 0.555 0.22 1.666 0.647 0.4285 0.455 3
0.5 0.385 0.135 0.6425 0.3195 0.129 0.1535 5
0.64 0.5 0.18 1.4995 0.593 0.314 0.431 3
0.675 0.55 0.19 1.551 0.7105 0.3685 0.412 4
0.3 0.22 0.08 0.1255 0.055 0.0265 0.039 2
0.38 0.275 0.095 0.1375 0.086 0.0585 0.0605 5
0.39 0.29 0.125 0.3055 0.121 0.082 0.09 5
0.46 0.35 0.12 0.515 0.224 0.108 0.1565 3
0.54 0.43 0.17 0.836 0.3725 0.1815 0.24 5
0.64 0.51 0.17 1.3715 0.567 0.307 0.409 3
0.275 0.205 0.08 0.096 0.036 0.0185 0.03 2
0.405 0.305 0.1 0.268 0.1145 0.053 0.085 5
0.675 0.525 0.16 1.2835 0.572 0.2755 0.3545 4
0.68 0.515 0.16 1.2345 0.618 0.2625 0.325 3
0.495 0.375 0.115 0.507 0.241 0.103 0.15 5
0.44 0.325 0.09 0.35 0.148 0.067 0.105 5
0.48 0.39 0.15 0.6275 0.276 0.134 0.185 4
0.275 0.22 0.08 0.1365 0.0565 0.0285 0.042 2
0.65 0.525 0.175 1.4715 0.675 0.315 0.399 3
0.69 0.54 0.185 1.5715 0.6935 0.318 0.47 4
0.45 0.32 0.1 0.381 0.1705 0.075 0.115 5
0.625 0.495 0.18 1.0815 0.4715 0.254 0.3135 3
0.495 0.385 0.135 0.6335 0.2 0.1225 0.26 4
0.555 0.405 0.12 0.913 0.4585 0.196 0.2065 5
0.485 0.37 0.1 0.513 0.219 0.1075 0.13 5
0.625 0.505 0.185 1.1565 0.52 0.2405 0.3535 3
0.53 0.42 0.13 0.658 0.296 0.1245 0.198 5
0.66 0.51 0.175 1.218 0.5055 0.303 0.37 3
0.61 0.485 0.175 1.2445 0.544 0.297 0.345 3
0.605 0.475 0.165 1.056 0.433 0.2195 0.357 5
0.58 0.435 0.15 0.834 0.428 0.1515 0.23 5
0.51 0.405 0.125 0.6795 0.3465 0.1395 0.182 5
0.475 0.36 0.11 0.452 0.191 0.099 0.13 5
0.5 0.4 0.165 0.825 0.254 0.205 0.285 4
0.585 0.45 0.15 0.8915 0.3975 0.2035 0.253 5
0.69 0.535 0.185 1.826 0.797 0.409 0.499 3
0.49 0.38 0.145 0.6725 0.249 0.181 0.21 3
0.375 0.285 0.08 0.226 0.0975 0.04 0.0725 5
0.235 0.13 0.075 0.1585 0.0685 0.037 0.0465 2
0.57 0.45 0.145 0.751 0.2825 0.2195 0.2215 3
0.49 0.385 0.15 0.7865 0.241 0.14 0.24 1
0.605 0.47 0.145 0.8025 0.379 0.2265 0.22 5
0.59 0.45 0.125 0.86 0.437 0.1515 0.245 5
0.59 0.475 0.145 0.9745 0.4675 0.207 0.259 3
0.565 0.43 0.125 0.6545 0.2815 0.139 0.21 5
0.39 0.285 0.095 0.271 0.11 0.06 0.08 5
0.48 0.38 0.135 0.507 0.1915 0.1365 0.155 3
0.53 0.425 0.15 0.8495 0.328 0.232 0.202 5
0.645 0.51 0.19 1.363 0.573 0.362 0.36 3
0.35 0.27 0.075 0.215 0.1 0.036 0.065 2
0.76 0.575 0.19 1.829 0.7035 0.386 0.56 4
0.58 0.46 0.15 0.9955 0.429 0.212 0.26 1
0.62 0.49 0.16 1.035 0.44 0.2525 0.285 3
0.455 0.345 0.15 0.5795 0.1685 0.125 0.215 4
0.61 0.495 0.165 1.0835 0.4525 0.273 0.317 5
0.36 0.275 0.085 0.1975 0.0745 0.0415 0.07 5
0.74 0.605 0.2 2.4925 1.1455 0.575 0.5235 4
0.595 0.47 0.155 1.1775 0.542 0.269 0.31 5
0.685 0.545 0.205 1.7925 0.8145 0.416 0.461 5
0.205 0.15 0.055 0.042 0.0255 0.015 0.012 2
0.555 0.42 0.145 0.8695 0.3075 0.2575 0.25 4
0.585 0.47 0.165 1.409 0.8 0.229 0.295 3
0.62 0.5 0.175 1.146 0.477 0.23 0.39 4
0.29 0.21 0.075 0.275 0.113 0.0675 0.035 2
0.375 0.275 0.085 0.22 0.109 0.05 0.0605 5
0.64 0.495 0.17 1.2265 0.49 0.377 0.2875 3
0.585 0.45 0.15 0.938 0.467 0.203 0.225 5
0.525 0.415 0.16 0.6445 0.26 0.1575 0.22 3
0.495 0.385 0.125 0.585 0.2755 0.1235 0.165 5
0.68 0.55 0.175 1.473 0.713 0.282 0.4295 3
0.485 0.365 0.14 0.6195 0.2595 0.1445 0.177 4
0.515 0.38 0.175 0.9565 0.325 0.158 0.31 4
0.68 0.53 0.185 1.1095 0.439 0.245 0.34 3
0.585 0.465 0.15 0.98 0.4315 0.2545 0.247 5
0.57 0.465 0.155 0.9685 0.446 0.261 0.255 5
0.575 0.465 0.195 0.9965 0.417 0.247 0.47 5
0.65 0.505 0.165 1.16 0.4785 0.274 0.349 3
0.625 0.475 0.16 1.3335 0.605 0.2875 0.319 3
0.225 0.165 0.055 0.059 0.027 0.0125 0.015 2
0.395 0.295 0.09 0.3025 0.143 0.0665 0.0765 2
0.64 0.51 0.19 1.613 0.6215 0.361 0.47 4
0.515 0.4 0.135 0.6965 0.32 0.1255 0.175 5
0.69 0.53 0.19 1.5955 0.678 0.331 0.48 3
0.455 0.355 0.105 0.372 0.138 0.0765 0.135 5
0.49 0.37 0.105 0.5265 0.249 0.1005 0.148 5
0.41 0.3 0.1 0.301 0.124 0.069 0.09 5
0.37 0.27 0.095 0.2175 0.097 0.046 0.065 2
0.51 0.395 0.155 0.5395 0.2465 0.1085 0.167 5
0.275 0.175 0.09 0.2315 0.096 0.057 0.0705 2
0.72 0.55 0.2 1.9965 0.9035 0.469 0.5215 3
0.655 0.525 0.175 1.348 0.5855 0.2605 0.394 3
0.655 0.515 0.145 1.25 0.5265 0.283 0.315 4
0.565 0.415 0.125 0.667 0.302 0.1545 0.185 5
0.27 0.195 0.08 0.1 0.0385 0.0195 0.03 2
0.615 0.46 0.19 1.066 0.4335 0.226 0.33 4
0.635 0.49 0.175 1.2435 0.5805 0.313 0.305 3
0.66 0.525 0.18 1.478 0.5815 0.381 0.372 3
0.575 0.425 0.135 0.7965 0.364 0.196 0.239 3
0.62 0.435 0.155 1.012 0.477 0.236 0.275 5
0.435 0.34 0.11 0.3795 0.1495 0.085 0.12 5
0.435 0.35 0.12 0.4585 0.192 0.1 0.13 3
0.375 0.285 0.095 0.253 0.096 0.0575 0.0925 5
0.6 0.47 0.175 1.105 0.4865 0.247 0.315 4
0.26 0.2 0.07 0.092 0.037 0.02 0.03 2
0.615 0.495 0.2 1.304 0.5795 0.3115 0.371 4
0.415 0.315 0.105 0.33 0.1405 0.0705 0.095 2
0.69 0.54 0.195 1.2525 0.73 0.3975 0.462 3
0.35 0.26 0.09 0.198 0.0725 0.056 0.06 3
0.525 0.38 0.135 0.615 0.261 0.159 0.175 5
0.505 0.385 0.105 0.5525 0.239 0.1245 0.1555 5
0.575 0.445 0.14 0.941 0.3845 0.252 0.285 5
0.57 0.435 0.17 0.848 0.4 0.166 0.25 5
0.61 0.48 0.14 1.0625 0.516 0.225 0.2915 3
0.405 0.31 0.1 0.385 0.173 0.0915 0.11 5
0.55 0.44 0.135 0.879 0.368 0.2095 0.265 3
0.58 0.455 0.15 1.114 0.4765 0.2155 0.265 5
0.6 0.47 0.15 0.922 0.363 0.194 0.305 3
0.385 0.255 0.1 0.3175 0.137 0.068 0.092 5
0.445 0.37 0.125 0.515 0.2495 0.087 0.159 5
0.4 0.305 0.1 0.3415 0.176 0.0625 0.0865 5
0.625 0.515 0.155 1.1635 0.4875 0.259 0.355 3
0.585 0.45 0.18 0.7995 0.336 0.1855 0.237 5
0.41 0.325 0.105 0.361 0.1605 0.0665 0.103 5
0.225 0.16 0.045 0.0465 0.025 0.015 0.015 2
0.595 0.48 0.14 0.9125 0.4095 0.1825 0.289 5
0.695 0.53 0.2 2.0475 0.75 0.4195 0.6095 4
0.385 0.305 0.125 0.314 0.146 0.0555 0.08 3
0.46 0.35 0.11 0.4675 0.2125 0.099 0.1375 5
0.59 0.5 0.15 1.142 0.485 0.265 0.345 5
0.415 0.3 0.1 0.3355 0.1545 0.0685 0.095 5
0.525 0.385 0.1 0.5115 0.246 0.1005 0.1455 5
0.635 0.525 0.205 1.484 0.55 0.3115 0.43 1
0.645 0.5 0.18 1.461 0.5985 0.2425 0.439 3
0.625 0.515 0.18 1.3485 0.5255 0.252 0.3925 4
0.675 0.51 0.17 1.527 0.809 0.318 0.341 3
0.535 0.45 0.135 0.728 0.2845 0.1845 0.265 5
0.54 0.415 0.13 0.8245 0.272 0.226 0.24 4
0.62 0.47 0.15 1.309 0.587 0.4405 0.325 5
0.625 0.485 0.15 1.044 0.438 0.2865 0.278 5
0.59 0.45 0.145 1.022 0.428 0.268 0.265 3
0.64 0.575 0.175 1.4585 0.625 0.266 0.4395 3
0.435 0.32 0.08 0.3325 0.1485 0.0635 0.105 5
0.605 0.49 0.18 1.227 0.48 0.287 0.35 1
0.63 0.475 0.145 1.0605 0.5165 0.2195 0.28 3
0.62 0.5 0.18 1.3915 0.726 0.2795 0.332 3
0.5 0.415 0.165 0.6885 0.249 0.138 0.25 4
0.415 0.31 0.1 0.2805 0.114 0.0565 0.0975 2
0.285 0.215 0.075 0.106 0.0415 0.023 0.035 2
0.54 0.42 0.14 0.74 0.3595 0.159 0.1985 5
0.36 0.27 0.095 0.2 0.073 0.056 0.061 5
0.585 0.455 0.225 1.055 0.3815 0.221 0.365 4
0.44 0.33 0.115 0.4005 0.143 0.113 0.12 5
0.66 0.515 0.155 1.4415 0.7055 0.3555 0.335 3
0.62 0.495 0.17 1.062 0.372 0.213 0.34 3
0.485 0.365 0.09 0.651 0.3165 0.132 0.18 5
0.52 0.395 0.135 0.633 0.2985 0.1295 0.175 5
0.72 0.58 0.195 2.103 1.0265 0.48 0.5375 3
0.37 0.295 0.1 0.2685 0.1165 0.056 0.0835 5
0.41 0.305 0.09 0.3535 0.157 0.0745 0.1 5
0.545 0.415 0.2 1.358 0.567 0.318 0.403 3
0.32 0.24 0.07 0.133 0.0585 0.0255 0.041 2
0.56 0.425 0.135 0.849 0.3265 0.221 0.2645 3
0.615 0.48 0.19 1.36 0.5305 0.2375 0.47 1
0.67 0.51 0.155 1.278 0.5605 0.3045 0.358 3
0.245 0.19 0.06 0.086 0.042 0.014 0.025 2
0.52 0.385 0.165 0.791 0.375 0.18 0.1815 3
0.585 0.455 0.165 0.998 0.345 0.2495 0.315 3
0.5 0.39 0.125 0.583 0.294 0.132 0.1605 5
0.49 0.395 0.14 0.549 0.2215 0.1275 0.15 3
0.595 0.455 0.15 0.886 0.4315 0.201 0.223 3
0.73 0.57 0.165 2.0165 1.0685 0.418 0.435 3
0.515 0.395 0.12 0.646 0.285 0.1365 0.172 5
0.635 0.515 0.165 1.229 0.5055 0.2975 0.3535 3
0.49 0.38 0.14 0.7605 0.245 0.167 0.185 3
0.5 0.395 0.12 0.537 0.2165 0.1085 0.1785 5
0.395 0.3 0.105 0.3375 0.1435 0.0755 0.098 3
0.555 0.435 0.145 0.6975 0.262 0.1575 0.24 3
0.485 0.37 0.115 0.457 0.1885 0.0965 0.15 5
0.505 0.4 0.155 0.8415 0.2715 0.1775 0.285 3
0.575 0.45 0.16 0.9775 0.3135 0.231 0.33 3
0.55 0.425 0.15 0.8315 0.411 0.1765 0.2165 3
0.515 0.395 0.14 0.686 0.281 0.1255 0.22 3
0.34 0.25 0.09 0.179 0.0775 0.033 0.055 2
0.71 0.565 0.195 1.817 0.785 0.492 0.49 3
0.2 0.145 0.06 0.037 0.0125 0.0095 0.011 2
0.37 0.275 0.085 0.2045 0.096 0.056 0.08 2
0.505 0.395 0.135 0.5915 0.288 0.1315 0.185 3
0.645 0.5 0.225 1.626 0.587 0.4055 0.41 4
0.75 0.615 0.205 2.2635 0.821 0.423 0.726 3
0.53 0.455 0.165 0.9805 0.3155 0.2815 0.2965 3
0.63 0.48 0.145 1.0115 0.4235 0.237 0.305 3
0.63 0.495 0.165 1.3075 0.599 0.284 0.315 3
0.695 0.55 0.185 1.679 0.805 0.4015 0.3965 3
0.565 0.49 0.155 0.9245 0.405 0.2195 0.255 3
0.61 0.475 0.14 1.133 0.5275 0.2355 0.35 3
0.635 0.495 0.15 1.081 0.4825 0.242 0.31 3
0.69 0.525 0.175 1.7005 0.8255 0.362 0.405 5
0.56 0.44 0.155 0.6405 0.336 0.1765 0.245 5
0.295 0.215 0.075 0.129 0.05 0.0295 0.04 5
0.345 0.275 0.095 0.1995 0.0755 0.0535 0.07 2
0.55 0.47 0.15 0.9205 0.381 0.2435 0.2675 3
0.48 0.38 0.135 0.528 0.2 0.1395 0.16 4
0.57 0.44 0.14 0.9535 0.3785 0.201 0.305 1
0.46 0.375 0.14 0.5105 0.192 0.1045 0.205 5
0.57 0.45 0.165 0.903 0.3305 0.1845 0.295 4
0.44 0.34 0.12 0.4995 0.2965 0.0945 0.1185 2
0.52 0.4 0.145 0.66 0.267 0.1055 0.22 4
0.37 0.28 0.09 0.2565 0.1255 0.0645 0.0645 2
0.62 0.5 0.165 1.307 0.6355 0.2545 0.315 5
0.57 0.45 0.17 1.098 0.414 0.187 0.405 1
0.455 0.35 0.13 0.4725 0.215 0.0745 0.15 5
0.635 0.5 0.18 1.2915 0.594 0.2695 0.37 5
0.575 0.45 0.135 0.8715 0.45 0.162 0.225 3
0.545 0.42 0.165 0.8935 0.4235 0.2195 0.228 5
0.595 0.465 0.15 1.0255 0.412 0.2745 0.289 3
0.58 0.45 0.14 0.9615 0.486 0.1815 0.253 5
0.62 0.495 0.18 1.2555 0.5765 0.254 0.355 3
0.715 0.585 0.23 2.0725 0.8655 0.4095 0.565 3
0.5 0.4 0.125 0.5765 0.2395 0.126 0.185 3
0.225 0.17 0.05 0.0515 0.019 0.012 0.017 2
0.53 0.415 0.16 0.783 0.2935 0.158 0.245 4
0.455 0.335 0.135 0.501 0.274 0.0995 0.1065 5
0.65 0.525 0.18 1.626 0.597 0.3445 0.53 1
0.58 0.46 0.15 1.0165 0.491 0.221 0.265 5
0.43 0.34 0.12 0.3575 0.151 0.0645 0.1045 5
0.57 0.445 0.15 0.9875 0.504 0.207 0.249 5
0.645 0.5 0.175 1.5105 0.6735 0.3755 0.3775 3
0.425 0.33 0.13 0.4405 0.152 0.0935 0.155 5
0.595 0.465 0.15 0.98 0.4115 0.196 0.2255 3
0.575 0.47 0.15 0.9785 0.4505 0.196 0.276 5
0.575 0.435 0.14 0.8455 0.401 0.191 0.222 5
0.64 0.5 0.17 1.4545 0.642 0.3575 0.354 5
0.375 0.28 0.08 0.226 0.105 0.047 0.065 2
0.6 0.475 0.155 1.059 0.441 0.19 0.39 3
0.485 0.395 0.16 0.66 0.2475 0.128 0.235 4
0.62 0.485 0.205 1.219 0.3875 0.2505 0.385 4
0.555 0.44 0.15 0.755 0.307 0.1525 0.26 3
0.505 0.4 0.145 0.7045 0.334 0.1425 0.207 5
0.46 0.375 0.13 0.5735 0.2505 0.119 0.195 5
0.565 0.44 0.125 0.802 0.3595 0.1825 0.215 5
0.625 0.475 0.16 1.0845 0.5005 0.2355 0.3105 3
0.465 0.36 0.13 0.5265 0.2105 0.1185 0.165 3
0.155 0.115 0.025 0.024 0.009 0.005 0.0075 2
0.645 0.485 0.155 1.489 0.5915 0.312 0.38 1
0.585 0.445 0.14 0.913 0.4305 0.2205 0.253 3
0.465 0.325 0.14 0.7615 0.362 0.1535 0.209 3
0.63 0.465 0.15 1.0315 0.4265 0.24 0.325 3
0.515 0.43 0.14 0.834 0.367 0.2 0.23 5
0.4 0.305 0.085 0.297 0.108 0.0705 0.1 3
0.57 0.445 0.145 0.8775 0.412 0.217 0.22 5
0.53 0.38 0.125 0.616 0.292 0.113 0.185 5
0.505 0.38 0.145 0.651 0.2935 0.19 0.17 3
0.445 0.34 0.12 0.4475 0.193 0.1035 0.13 5
0.645 0.51 0.16 1.1835 0.556 0.2385 0.345 3
0.33 0.245 0.085 0.171 0.0655 0.0365 0.055 3
0.61 0.47 0.17 1.1185 0.5225 0.2405 0.31 5
0.19 0.13 0.03 0.0295 0.0155 0.015 0.01 2
0.605 0.5 0.185 1.1185 0.469 0.2585 0.335 5
0.385 0.3 0.09 0.308 0.1525 0.056 0.0835 5
0.24 0.185 0.06 0.0655 0.0295 0.0005 0.02 2
0.385 0.275 0.115 0.2685 0.0975 0.0825 0.085 5
0.67 0.525 0.195 1.4405 0.6595 0.2675 0.425 5
0.56 0.435 0.13 0.777 0.354 0.173 0.222 5
0.61 0.48 0.17 1.137 0.4565 0.29 0.347 3
0.52 0.38 0.135 0.5395 0.2295 0.133 0.157 5
0.725 0.55 0.2 1.51 0.8735 0.4265 0.5085 5
0.435 0.35 0.105 0.4195 0.194 0.1005 0.13 5
0.615 0.47 0.15 1.0875 0.4975 0.283 0.2685 5
0.625 0.47 0.155 1.1955 0.643 0.2055 0.3145 3
0.365 0.27 0.085 0.1875 0.081 0.042 0.058 2
0.575 0.4 0.155 0.9325 0.3605 0.2445 0.3 1
0.37 0.275 0.08 0.227 0.093 0.0625 0.07 5
0.66 0.515 0.195 1.5655 0.7345 0.353 0.386 5
0.65 0.515 0.215 1.498 0.564 0.323 0.425 4
0.54 0.44 0.16 1.0905 0.391 0.2295 0.355 4
0.555 0.46 0.145 0.9005 0.3845 0.158 0.2765 3
0.665 0.53 0.185 1.3955 0.456 0.3205 0.49 4
0.465 0.39 0.14 0.5555 0.213 0.1075 0.215 4
0.62 0.465 0.19 1.3415 0.5705 0.3175 0.355 3
0.525 0.39 0.135 0.6005 0.2265 0.131 0.21 4
0.56 0.455 0.125 0.943 0.344 0.129 0.375 1
0.645 0.51 0.18 1.6195 0.7815 0.322 0.4675 3
0.5 0.39 0.13 0.5075 0.2115 0.104 0.1755 5
0.61 0.495 0.175 1.2635 0.53 0.315 0.3455 3
0.635 0.495 0.195 1.297 0.556 0.2985 0.37 3
0.64 0.565 0.23 1.521 0.644 0.372 0.406 4
0.385 0.315 0.11 0.286 0.1225 0.0635 0.0835 3
0.65 0.51 0.19 1.542 0.7155 0.3735 0.375 5
0.575 0.45 0.13 0.785 0.318 0.193 0.2265 5
0.415 0.33 0.09 0.3595 0.17 0.081 0.09 2
0.375 0.28 0.085 0.2145 0.0855 0.0485 0.072 5
0.545 0.42 0.12 0.7865 0.403 0.185 0.17 5
0.685 0.52 0.165 1.519 0.699 0.3685 0.4 3
0.23 0.18 0.05 0.064 0.0215 0.0135 0.02 2
0.6 0.48 0.17 1.056 0.4575 0.2435 0.3135 3
0.475 0.385 0.11 0.5735 0.311 0.1025 0.136 5
0.595 0.465 0.155 1.026 0.4645 0.112 0.305 3
0.47 0.375 0.125 0.5615 0.252 0.137 0.18 3
0.595 0.46 0.14 1.0045 0.4655 0.2095 0.2515 5
0.535 0.41 0.155 0.6315 0.2745 0.1415 0.1815 3
0.425 0.32 0.085 0.262 0.1235 0.067 0.0725 5
0.6 0.45 0.145 0.877 0.4325 0.155 0.24 5
0.535 0.4 0.15 0.8045 0.3345 0.2125 0.21 4
0.44 0.355 0.12 0.495 0.231 0.11 0.125 5
0.48 0.365 0.12 0.6015 0.312 0.117 0.14 5
0.705 0.55 0.2 1.7095 0.633 0.4115 0.49 4
0.65 0.52 0.155 1.368 0.6185 0.288 0.365 5
0.535 0.435 0.155 0.8915 0.3415 0.177 0.25 4
0.555 0.425 0.15 0.873 0.4625 0.1845 0.1965 5
0.5 0.37 0.135 0.45 0.1715 0.1055 0.155 5
0.55 0.465 0.15 1.082 0.3575 0.194 0.19 4
0.575 0.47 0.14 0.8375 0.3485 0.1735 0.24 3
0.63 0.47 0.15 1.1355 0.539 0.2325 0.3115 3
0.63 0.5 0.18 1.1965 0.514 0.2325 0.3995 5
0.455 0.345 0.105 0.4005 0.164 0.0755 0.126 5
0.425 0.34 0.1 0.371 0.15 0.0865 0.115 5
0.625 0.52 0.175 1.4105 0.691 0.322 0.3465 3
0.62 0.485 0.165 1.1325 0.5235 0.2505 0.2825 5
0.565 0.45 0.195 1.0035 0.406 0.2505 0.285 4
0.44 0.32 0.105 0.3875 0.1755 0.074 0.12 5
0.45 0.325 0.115 0.4305 0.2235 0.0785 0.1155 5
0.645 0.5 0.16 1.3815 0.672 0.326 0.315 5
0.33 0.235 0.09 0.163 0.0615 0.034 0.055 3
0.52 0.395 0.125 0.663 0.3005 0.131 0.1905 5
0.405 0.325 0.11 0.3555 0.151 0.063 0.117 5
0.615 0.5 0.175 1.377 0.5585 0.33 0.292 3
0.535 0.445 0.125 0.8725 0.417 0.199 0.24 5
0.7 0.555 0.2 1.858 0.73 0.3665 0.595 3
0.53 0.415 0.13 0.8425 0.275 0.1945 0.265 1
0.325 0.2 0.08 0.0995 0.0395 0.0225 0.032 5
0.36 0.26 0.08 0.1795 0.074 0.0315 0.06 2
0.595 0.46 0.155 1.0455 0.4565 0.24 0.3085 3
0.52 0.38 0.13 0.5345 0.2375 0.122 0.1535 5
0.575 0.435 0.13 0.805 0.3155 0.2155 0.245 3
0.58 0.46 0.135 0.926 0.4025 0.208 0.275 5
0.46 0.365 0.115 0.4485 0.165 0.083 0.17 4
0.575 0.45 0.135 0.8285 0.362 0.1655 0.236 3
0.575 0.465 0.14 0.958 0.442 0.1815 0.2705 5
0.645 0.505 0.15 1.1605 0.519 0.2615 0.335 3
0.64 0.5 0.17 1.12 0.4955 0.2645 0.32 3
0.415 0.31 0.095 0.311 0.1125 0.0625 0.115 5
0.595 0.46 0.17 1.1295 0.57 0.2555 0.265 3
0.65 0.545 0.23 1.752 0.5605 0.2895 0.815 4
0.63 0.485 0.185 1.167 0.548 0.2485 0.34 3
0.645 0.525 0.17 1.37 0.6135 0.283 0.34 3
0.255 0.18 0.065 0.079 0.034 0.014 0.025 2
0.7 0.525 0.175 1.7585 0.8745 0.3615 0.47 3
0.555 0.43 0.14 0.7545 0.3525 0.1835 0.2015 5
0.58 0.465 0.165 1.1015 0.404 0.2095 0.35 3
0.32 0.24 0.085 0.17 0.0655 0.047 0.049 5
0.525 0.4 0.13 0.6455 0.325 0.1245 0.17 5
0.59 0.47 0.145 0.974 0.453 0.236 0.289 5
0.55 0.425 0.13 0.664 0.2695 0.163 0.21 5
0.625 0.505 0.175 1.15 0.5475 0.256 0.3045 3
0.465 0.375 0.135 0.6 0.2225 0.129 0.23 4
0.705 0.55 0.17 1.219 0.6395 0.236 0.301 5
0.44 0.375 0.13 0.487 0.226 0.0965 0.155 5
0.565 0.445 0.155 0.826 0.341 0.2055 0.2475 3
0.43 0.35 0.11 0.406 0.1675 0.081 0.135 3
0.475 0.42 0.16 0.7095 0.35 0.1505 0.1845 5
0.385 0.29 0.1 0.2575 0.1 0.061 0.086 2
0.455 0.365 0.11 0.385 0.166 0.046 0.1345 4
0.425 0.325 0.095 0.3785 0.1705 0.08 0.1 5
0.525 0.38 0.125 0.65 0.303 0.155 0.159 5
0.5 0.365 0.13 0.5945 0.309 0.1085 0.1535 5
0.56 0.42 0.18 1.6645 0.7755 0.35 0.4525 5
0.6 0.475 0.15 1.089 0.5195 0.223 0.292 3
0.47 0.35 0.145 0.5175 0.187 0.1235 0.18 3
0.495 0.375 0.12 0.614 0.2855 0.1365 0.161 5
0.25 0.185 0.065 0.071 0.027 0.0185 0.0225 2
0.575 0.48 0.15 0.897 0.4235 0.1905 0.248 5
0.59 0.455 0.16 1.09 0.5 0.2215 0.292 5
0.5 0.39 0.145 0.651 0.273 0.132 0.22 3
0.7 0.575 0.19 2.273 1.095 0.418 0.638 3
0.57 0.445 0.145 0.7405 0.306 0.172 0.1825 3
0.63 0.515 0.16 1.336 0.553 0.3205 0.35 3
0.48 0.375 0.115 0.6765 0.3205 0.1065 0.17 2
0.62 0.5 0.17 1.148 0.5475 0.22 0.3315 3
0.545 0.44 0.165 0.744 0.2875 0.204 0.25 4
0.72 0.575 0.195 2.1505 1.0745 0.382 0.585 3
0.715 0.55 0.19 2.0045 1.0465 0.407 0.5075 3
0.44 0.305 0.115 0.379 0.162 0.091 0.11 5
0.48 0.355 0.115 0.4725 0.2065 0.112 0.132 5
0.32 0.255 0.1 0.1755 0.073 0.0415 0.065 5
0.275 0.2 0.065 0.1035 0.0475 0.0205 0.03 5
0.525 0.4 0.125 0.5655 0.2435 0.119 0.175 5
0.61 0.475 0.165 1.116 0.428 0.2205 0.315 4
0.52 0.405 0.125 0.6435 0.2415 0.1735 0.21 3
0.61 0.475 0.15 0.9665 0.4145 0.2 0.345 3
0.37 0.28 0.095 0.2655 0.122 0.052 0.08 5
0.415 0.31 0.095 0.34 0.181 0.057 0.083 2
0.385 0.3 0.1 0.2895 0.1215 0.063 0.09 5
0.615 0.49 0.17 1.145 0.4915 0.208 0.343 4
0.635 0.485 0.19 1.3765 0.634 0.2885 0.406 3
0.44 0.34 0.125 0.4895 0.1735 0.0875 0.2 4
0.545 0.45 0.15 0.978 0.3365 0.1905 0.3 3
0.355 0.27 0.075 0.204 0.3045 0.046 0.0595 5
0.285 0.21 0.055 0.101 0.0415 0.017 0.0335 2
0.41 0.315 0.11 0.321 0.1255 0.0655 0.095 3
0.655 0.54 0.215 1.844 0.7425 0.327 0.585 1
0.675 0.55 0.18 1.6885 0.562 0.3705 0.6 4
0.605 0.475 0.175 1.2525 0.5575 0.3055 0.343 5
0.515 0.405 0.14 0.8505 0.312 0.146 0.315 1
0.36 0.27 0.09 0.1885 0.0845 0.0385 0.055 2
0.525 0.41 0.135 0.7085 0.293 0.1525 0.235 3
0.74 0.565 0.205 2.119 0.9655 0.5185 0.482 3
0.595 0.48 0.16 1.2095 0.5225 0.296 0.32 5
0.615 0.475 0.145 0.9525 0.3915 0.195 0.32 5
0.61 0.425 0.155 1.0485 0.507 0.1955 0.274 3
0.655 0.53 0.19 1.428 0.493 0.318 0.565 1
0.62 0.5 0.175 1.186 0.4985 0.3015 0.35 3
0.645 0.51 0.165 1.403 0.5755 0.2515 0.4545 3
0.485 0.37 0.115 0.637 0.38 0.1335 0.128 5
0.655 0.535 0.205 1.6445 0.7305 0.3595 0.46 4
0.53 0.43 0.13 0.7045 0.346 0.1415 0.189 5
0.61 0.485 0.18 1.2795 0.5735 0.2855 0.355 5
0.31 0.225 0.08 0.1345 0.054 0.024 0.05 5
0.61 0.48 0.165 1.244 0.6345 0.257 0.305 3
0.67 0.485 0.175 1.2565 0.5355 0.322 0.386 5
0.695 0.54 0.195 1.691 0.768 0.363 0.4755 3
0.57 0.445 0.15 0.995 0.504 0.185 0.2505 5
0.42 0.315 0.1 0.3435 0.157 0.0795 0.09 2
0.7 0.55 0.17 1.684 0.7535 0.3265 0.32 3
0.55 0.445 0.155 0.9905 0.544 0.178 0.218 5
0.645 0.52 0.17 1.197 0.526 0.2925 0.317 3
0.5 0.375 0.12 0.542 0.215 0.116 0.17 5
0.485 0.37 0.155 0.968 0.419 0.2455 0.2365 5
0.17 0.125 0.055 0.0235 0.009 0.0055 0.008 2
0.665 0.535 0.195 1.606 0.5755 0.388 0.48 4
0.375 0.28 0.09 0.215 0.084 0.06 0.055 2
0.28 0.215 0.08 0.132 0.072 0.022 0.033 2
0.45 0.35 0.13 0.4655 0.2075 0.1045 0.135 5
0.625 0.48 0.145 1.085 0.4645 0.2445 0.327 3
0.46 0.36 0.1 0.4635 0.2325 0.093 0.115 5
0.525 0.41 0.115 0.7745 0.416 0.163 0.18 5
0.475 0.37 0.125 0.537 0.222 0.1215 0.15 5
0.405 0.31 0.095 0.3425 0.1785 0.064 0.0855 5
0.735 0.565 0.225 2.037 0.87 0.5145 0.5675 4
0.365 0.265 0.085 0.213 0.0945 0.049 0.06 5
0.645 0.515 0.15 1.212 0.515 0.2055 0.385 3
0.44 0.34 0.105 0.344 0.123 0.081 0.125 5
0.62 0.485 0.155 1.1945 0.5105 0.271 0.352 5
0.615 0.47 0.175 1.242 0.5675 0.287 0.317 3
0.67 0.52 0.19 1.32 0.5235 0.3095 0.4275 4
0.58 0.49 0.13 1.1335 0.586 0.2565 0.237 5
0.48 0.335 0.125 0.524 0.246 0.1095 0.145 5
0.485 0.39 0.085 0.6435 0.2945 0.103 0.198 5
0.625 0.525 0.195 1.352 0.4505 0.2445 0.53 4
0.48 0.38 0.125 0.6245 0.3395 0.1085 0.1665 5
0.55 0.445 0.125 0.672 0.288 0.1365 0.21 3
0.56 0.45 0.185 1.07 0.3805 0.175 0.41 1
0.355 0.265 0.085 0.2435 0.122 0.0525 0.06 2
0.67 0.53 0.205 1.4015 0.643 0.2465 0.416 3
0.29 0.215 0.065 0.0985 0.0425 0.021 0.031 2
0.615 0.475 0.175 1.194 0.559 0.259 0.3165 3
0.545 0.44 0.14 0.8395 0.356 0.1905 0.2385 3
0.325 0.245 0.075 0.1495 0.0605 0.033 0.045 2
0.685 0.51 0.165 1.545 0.686 0.3775 0.4055 3
0.59 0.46 0.14 1.004 0.496 0.2165 0.26 5
0.615 0.48 0.18 1.1595 0.4845 0.2165 0.325 4
0.51 0.4 0.14 0.8145 0.459 0.1965 0.195 3
0.59 0.485 0.12 0.911 0.39 0.182 0.29 4
0.475 0.385 0.145 0.6175 0.235 0.108 0.215 4
0.555 0.425 0.13 0.648 0.2835 0.133 0.2105 5
0.5 0.375 0.115 0.5945 0.185 0.148 0.19 3
0.445 0.345 0.12 0.4035 0.169 0.0825 0.13 5
0.5 0.385 0.105 0.498 0.1795 0.1095 0.17 1
0.36 0.28 0.08 0.1755 0.081 0.0505 0.07 2
0.525 0.43 0.165 0.717 0.289 0.1745 0.195 3
0.45 0.35 0.135 0.494 0.2205 0.0945 0.1405 5
0.49 0.38 0.11 0.554 0.2935 0.1005 0.15 5
0.605 0.495 0.145 1.054 0.369 0.2255 0.36 3
0.455 0.435 0.11 0.4265 0.195 0.09 0.1205 5
0.635 0.51 0.185 1.286 0.526 0.295 0.4105 3
0.63 0.495 0.19 1.1655 0.536 0.2115 0.1625 3
0.72 0.575 0.17 1.9335 0.913 0.389 0.51 4
0.525 0.435 0.155 1.065 0.486 0.233 0.285 5
0.36 0.265 0.085 0.1865 0.0675 0.037 0.0615 5
0.375 0.27 0.135 0.597 0.272 0.131 0.1675 5
0.49 0.385 0.125 0.5395 0.2175 0.128 0.165 3
0.6 0.48 0.09 1.05 0.457 0.2685 0.28 5
0.565 0.45 0.145 0.8495 0.4215 0.1685 0.225 5
0.61 0.47 0.175 1.214 0.5315 0.2835 0.325 3
0.58 0.445 0.15 0.9525 0.4315 0.1945 0.287 3
0.525 0.4 0.115 0.6295 0.2555 0.144 0.18 3
0.56 0.445 0.18 0.903 0.3575 0.2045 0.295 5
0.59 0.44 0.15 0.9555 0.366 0.2425 0.295 3
0.59 0.49 0.135 1.008 0.422 0.2245 0.285 3
0.535 0.42 0.165 0.9195 0.3355 0.1985 0.26 4
0.385 0.29 0.09 0.2615 0.111 0.0595 0.0745 5
0.505 0.385 0.115 0.4825 0.21 0.1035 0.1535 3
0.255 0.195 0.055 0.0725 0.0285 0.017 0.021 2
0.335 0.235 0.085 0.1545 0.066 0.0345 0.045 2
0.47 0.37 0.11 0.5555 0.25 0.115 0.163 5
0.615 0.475 0.13 0.8425 0.353 0.1915 0.251 5
0.335 0.26 0.075 0.22 0.0855 0.04 0.085 2
0.45 0.34 0.13 0.3715 0.1605 0.0795 0.105 5
0.425 0.305 0.11 0.359 0.173 0.0875 0.0975 5
0.375 0.3 0.1 0.2465 0.104 0.0475 0.083 3
0.575 0.455 0.155 0.8725 0.349 0.2095 0.285 5
0.365 0.285 0.085 0.2205 0.0855 0.0515 0.07 5
0.61 0.475 0.16 1.1155 0.3835 0.223 0.379 3
0.585 0.42 0.145 0.6735 0.2895 0.1345 0.22 5
0.3 0.24 0.09 0.161 0.0725 0.039 0.05 2
0.65 0.565 0.2 1.6645 0.753 0.367 0.43 3
0.51 0.395 0.105 0.5525 0.234 0.127 0.165 5
0.385 0.29 0.08 0.2485 0.122 0.0495 0.065 5
0.475 0.375 0.15 0.559 0.1955 0.1215 0.1945 3
0.55 0.42 0.13 0.636 0.294 0.144 0.1755 5
0.42 0.325 0.115 0.2885 0.1 0.057 0.1135 4
0.26 0.215 0.08 0.099 0.037 0.0255 0.045 2
0.54 0.42 0.135 0.8075 0.3485 0.1795 0.235 3
0.51 0.395 0.12 0.6175 0.262 0.122 0.193 3
0.465 0.355 0.12 0.5315 0.2725 0.097 0.1395 5
0.385 0.29 0.09 0.2365 0.1 0.0505 0.076 5
0.525 0.415 0.17 0.8325 0.2755 0.1685 0.31 4
0.41 0.305 0.095 0.2625 0.1 0.0515 0.09 2
0.62 0.51 0.175 1.2815 0.5715 0.2385 0.39 3
0.58 0.455 0.195 1.859 0.945 0.426 0.441 5
0.555 0.44 0.15 1.092 0.416 0.212 0.4405 4
0.615 0.49 0.19 1.1345 0.4695 0.257 0.348 3
0.605 0.475 0.15 1.15 0.575 0.232 0.297 3
0.575 0.45 0.155 0.886 0.3605 0.211 0.2575 5
0.635 0.525 0.18 1.3695 0.634 0.318 0.363 3
0.635 0.485 0.155 1.073 0.467 0.1975 0.35 3
0.45 0.36 0.125 0.4995 0.2035 0.1 0.17 4
0.615 0.475 0.175 1.224 0.6035 0.261 0.311 5
0.57 0.46 0.155 1.0005 0.454 0.205 0.265 3
0.555 0.425 0.18 0.875 0.3695 0.2005 0.255 3
0.3 0.23 0.075 0.15 0.0605 0.042 0.045 2
0.63 0.5 0.17 1.3135 0.5595 0.267 0.4 1
0.46 0.345 0.11 0.3755 0.1525 0.058 0.125 5
0.74 0.57 0.18 1.8725 0.9115 0.427 0.446 3
0.325 0.25 0.08 0.1735 0.0765 0.0345 0.049 5
0.54 0.435 0.18 0.996 0.3835 0.226 0.325 1
0.655 0.525 0.19 1.3595 0.564 0.3215 0.3985 3
0.64 0.5 0.175 1.273 0.5065 0.2925 0.405 4
0.645 0.5 0.175 1.286 0.5645 0.288 0.386 3
0.28 0.21 0.065 0.0905 0.035 0.02 0.03 2
0.275 0.205 0.075 0.1105 0.045 0.0285 0.035 2
0.34 0.25 0.07 0.2225 0.104 0.0425 0.055 5
0.615 0.47 0.175 1.2985 0.5135 0.343 0.32 4
0.77 0.6 0.215 2.1945 1.0515 0.482 0.584 3
0.46 0.345 0.12 0.4155 0.198 0.0885 0.107 5
0.505 0.385 0.11 0.655 0.3185 0.15 0.185 5
0.685 0.54 0.215 1.7025 0.664 0.3655 0.4735 4
0.39 0.29 0.09 0.2745 0.135 0.0455 0.078 5
0.62 0.48 0.16 1.0765 0.412 0.253 0.3 4
0.58 0.46 0.155 1.0335 0.469 0.2225 0.295 3
0.515 0.4 0.14 0.6335 0.288 0.145 0.168 5
0.635 0.505 0.155 1.2895 0.594 0.314 0.345 3
0.555 0.44 0.145 0.85 0.4165 0.1685 0.23 5
0.515 0.38 0.135 0.6615 0.2875 0.2095 0.155 3
0.53 0.41 0.14 0.681 0.3095 0.1415 0.1835 2
0.31 0.225 0.075 0.155 0.065 0.037 0.0365 2
0.535 0.435 0.15 0.717 0.3475 0.1445 0.194 5
0.495 0.37 0.125 0.4715 0.2075 0.091 0.15 5
0.44 0.345 0.12 0.487 0.1965 0.108 0.16 4
0.58 0.445 0.125 0.7095 0.303 0.1405 0.235 5
0.46 0.355 0.14 0.4935 0.216 0.133 0.115 4
0.545 0.44 0.12 0.8565 0.3475 0.1715 0.24 3
0.425 0.33 0.115 0.3265 0.1315 0.077 0.103 2
0.32 0.245 0.08 0.1585 0.0635 0.0325 0.05 4
0.635 0.495 0.18 1.596 0.617 0.317 0.37 3
0.275 0.195 0.09 0.1125 0.0545 0.0295 0.0355 2
0.475 0.385 0.12 0.562 0.289 0.0905 0.153 5
0.57 0.465 0.18 1.295 0.339 0.2225 0.44 3
0.485 0.37 0.13 0.458 0.181 0.113 0.136 3
0.345 0.26 0.09 0.207 0.0775 0.0435 0.0765 3
0.415 0.33 0.1 0.3905 0.1925 0.0755 0.1025 5
0.57 0.45 0.155 1.195 0.5625 0.2565 0.295 3
0.515 0.375 0.11 0.6065 0.3005 0.131 0.15 2
0.475 0.37 0.125 0.5095 0.2165 0.1125 0.165 5
0.465 0.375 0.12 0.471 0.222 0.119 0.14 5
0.285 0.21 0.07 0.109 0.044 0.0265 0.033 2
0.375 0.275 0.095 0.2295 0.095 0.0545 0.066 5
0.46 0.345 0.105 0.449 0.196 0.0945 0.1265 5
0.445 0.33 0.105 0.4525 0.18 0.103 0.123 5
0.535 0.42 0.125 0.738 0.355 0.1895 0.1795 5
0.535 0.4 0.135 0.775 0.368 0.208 0.2055 5
0.5 0.385 0.155 0.762 0.3795 0.161 0.19 4
0.635 0.5 0.18 1.312 0.529 0.2485 0.485 1
0.7 0.585 0.185 1.8075 0.7055 0.3215 0.475 1
0.4 0.295 0.095 0.252 0.1105 0.0575 0.066 2
0.39 0.31 0.105 0.2665 0.1185 0.0525 0.081 5
0.535 0.455 0.14 1.0015 0.53 0.1765 0.244 5
0.665 0.525 0.18 1.429 0.6715 0.29 0.4 3
0.605 0.49 0.15 1.1345 0.4305 0.2525 0.35 3
0.605 0.47 0.16 1.1735 0.4975 0.2405 0.345 3
0.605 0.5 0.175 1.098 0.4765 0.232 0.375 3
0.53 0.43 0.135 0.6255 0.245 0.1455 0.2135 3
0.58 0.45 0.145 1.137 0.5585 0.22 0.29 5
0.62 0.465 0.14 1.011 0.479 0.2385 0.255 5
0.385 0.28 0.125 0.244 0.102 0.038 0.085 2
0.58 0.455 0.12 0.94 0.399 0.257 0.265 3
0.245 0.18 0.065 0.0635 0.0245 0.0135 0.02 2
0.47 0.39 0.15 0.6355 0.2185 0.0885 0.255 5
0.47 0.38 0.125 0.4845 0.211 0.1075 0.142 2
0.375 0.275 0.095 0.2465 0.11 0.0415 0.0775 2
0.67 0.505 0.16 1.2585 0.6255 0.311 0.308 3
0.385 0.29 0.09 0.232 0.0855 0.0495 0.08 5
0.695 0.57 0.2 2.033 0.751 0.4255 0.685 4
0.465 0.34 0.105 0.486 0.231 0.1035 0.1225 5
0.66 0.53 0.175 1.583 0.7395 0.3505 0.405 3
0.63 0.495 0.145 1.147 0.5455 0.266 0.2885 5
0.615 0.475 0.155 1.004 0.4475 0.193 0.2895 3
0.59 0.45 0.155 0.874 0.369 0.2135 0.24 5
0.56 0.445 0.155 1.224 0.5565 0.3225 0.2695 3
0.605 0.475 0.16 1.616 0.5495 0.332 0.34 1
0.18 0.125 0.05 0.023 0.0085 0.0055 0.01 2
0.515 0.4 0.125 0.5925 0.265 0.1175 0.168 5
0.6 0.48 0.155 1.014 0.451 0.1885 0.325 3
0.515 0.405 0.145 0.695 0.215 0.1635 0.234 4
0.565 0.435 0.145 0.8445 0.3975 0.158 0.255 5
0.445 0.33 0.12 0.347 0.12 0.084 0.105 3
0.62 0.465 0.185 1.274 0.579 0.3065 0.32 3
0.565 0.505 0.21 1.2765 0.501 0.279 0.355 3
0.64 0.48 0.195 1.1435 0.4915 0.2345 0.353 5
0.56 0.425 0.135 0.8205 0.3715 0.185 0.236 5
0.42 0.345 0.115 0.3435 0.1515 0.0795 0.115 5
0.59 0.455 0.145 1.073 0.475 0.19 0.285 4
0.51 0.405 0.135 0.769 0.3655 0.1585 0.18 5
0.55 0.45 0.145 0.741 0.295 0.1435 0.2665 3
0.5 0.4 0.125 0.5975 0.27 0.1275 0.166 5
0.415 0.305 0.1 0.325 0.156 0.0505 0.091 2
0.65 0.495 0.16 1.3105 0.577 0.3315 0.355 5
0.425 0.345 0.11 0.3665 0.125 0.081 0.117 3
0.375 0.305 0.115 0.2715 0.092 0.074 0.09 5
0.64 0.475 0.19 1.151 0.4365 0.281 0.3805 4
0.56 0.44 0.155 0.811 0.3685 0.178 0.235 3
0.53 0.385 0.125 0.6695 0.289 0.151 0.18 3
0.545 0.44 0.15 0.9475 0.366 0.239 0.275 5
