0.62 0.47 0.15 1.309 0.587 0.4405 0.325 5
0.485 0.37 0.14 0.5065 0.2425 0.088 0.1465 5
0.59 0.475 0.16 1.1015 0.4775 0.2555 0.295 4
0.34 0.25 0.07 0.2225 0.104 0.0425 0.055 5
0.37 0.27 0.095 0.232 0.1325 0.041 0.0615 2
0.615 0.495 0.155 1.2865 0.435 0.293 0.3245 3
0.41 0.3 0.115 0.2595 0.097 0.0515 0.08 3
0.57 0.45 0.135 1.02 0.546 0.204 0.25 5
0.425 0.325 0.11 0.3335 0.173 0.045 0.1 5
0.61 0.485 0.145 1.3305 0.783 0.2255 0.2865 5
0.34 0.265 0.085 0.1835 0.077 0.046 0.065 3
0.455 0.365 0.135 0.441 0.1515 0.1165 0.145 5
0.49 0.37 0.14 0.585 0.243 0.115 0.195 3
0.64 0.48 0.195 1.1435 0.4915 0.2345 0.353 5
0.63 0.5 0.185 1.362 0.5785 0.3125 0.384 3
0.195 0.15 0.045 0.0375 0.018 0.006 0.011 2
0.485 0.36 0.13 0.5415 0.2595 0.096 0.16 3
0.51 0.375 0.11 0.5805 0.2865 0.118 0.148 5
0.565 0.435 0.155 0.782 0.2715 0.168 0.285 4
0.595 0.435 0.16 1.057 0.4255 0.224 0.31 5
0.295 0.22 0.065 0.1295 0.052 0.028 0.035 2
0.585 0.405 0.15 1.2565 0.435 0.202 0.325 4
0.57 0.46 0.14 0.9535 0.4465 0.2065 0.245 3
0.59 0.5 0.15 1.142 0.485 0.265 0.345 5
0.53 0.41 0.165 0.8115 0.24 0.169 0.24 1
0.6 0.495 0.175 1.3005 0.6195 0.284 0.3285 3
0.49 0.465 0.125 0.5225 0.235 0.13 0.141 5
0.59 0.465 0.165 1.115 0.5165 0.273 0.275 3
0.725 0.505 0.185 1.978 1.026 0.4255 0.4505 3
0.5 0.44 0.155 0.742 0.2025 0.2005 0.2115 4
0.635 0.49 0.155 1.145 0.4775 0.3035 0.3155 5
0.65 0.535 0.175 1.2895 0.6095 0.2765 0.344 3
0.49 0.375 0.135 0.6125 0.2555 0.102 0.22 3
0.36 0.3 0.085 0.27 0.1185 0.064 0.0745 5
0.52 0.38 0.13 0.5345 0.2375 0.122 0.1535 5
0.52 0.4 0.11 0.597 0.2935 0.1155 0.16 5
0.44 0.345 0.1 0.366 0.122 0.0905 0.12 4
0.46 0.36 0.1 0.4635 0.2325 0.093 0.115 5
0.66 0.5 0.155 1.3765 0.6485 0.288 0.335 3
0.65 0.515 0.175 1.466 0.677 0.3045 0.4 3
0.295 0.225 0.09 0.1385 0.048 0.046 0.05 5
0.46 0.375 0.14 0.5105 0.192 0.1045 0.205 5
0.48 0.355 0.11 0.4495 0.201 0.089 0.14 5
0.62 0.49 0.16 1.066 0.446 0.246 0.305 3
0.5 0.375 0.12 0.542 0.215 0.116 0.17 5
0.745 0.585 0.19 1.966 0.8435 0.437 0.5855 1
0.63 0.5 0.17 1.3135 0.5595 0.267 0.4 1
0.67 0.54 0.2 1.46 0.6435 0.328 0.4165 5
0.62 0.48 0.165 1.0855 0.481 0.2575 0.305 3
0.515 0.39 0.12 0.6125 0.302 0.1365 0.1415 5
0.59 0.47 0.18 1.187 0.5985 0.227 0.31 5
0.57 0.46 0.155 1.0005 0.454 0.205 0.265 3
0.3 0.22 0.09 0.1425 0.057 0.0335 0.043 5
0.42 0.32 0.115 0.409 0.2055 0.0935 0.105 5
0.45 0.35 0.12 0.468 0.2005 0.1065 0.1325 5
0.44 0.34 0.125 0.4895 0.1735 0.0875 0.2 4
0.455 0.35 0.14 0.5725 0.1965 0.1325 0.175 3
0.55 0.44 0.135 0.879 0.368 0.2095 0.265 3
0.53 0.385 0.125 0.6695 0.289 0.151 0.18 3
0.44 0.33 0.11 0.3705 0.1545 0.084 0.12 5
0.26 0.2 0.065 0.096 0.044 0.027 0.03 2
0.32 0.23 0.06 0.129 0.0615 0.0275 0.0355 5
0.63 0.505 0.225 1.525 0.56 0.3335 0.45 4
0.615 0.505 0.165 1.167 0.4895 0.2955 0.345 3
0.53 0.41 0.155 0.7155 0.2805 0.1685 0.214 3
0.475 0.38 0.145 0.57 0.167 0.118 0.187 3
0.425 0.31 0.095 0.3505 0.1645 0.071 0.1 5
0.44 0.325 0.09 0.35 0.148 0.067 0.105 5
0.55 0.44 0.125 0.765 0.33 0.2125 0.245 5
0.565 0.44 0.155 0.868 0.348 0.217 0.26 3
0.63 0.5 0.175 1.2645 0.5635 0.3065 0.3425 3
0.275 0.22 0.08 0.1365 0.0565 0.0285 0.042 2
0.325 0.24 0.085 0.173 0.0795 0.038 0.05 5
0.55 0.435 0.17 0.884 0.2875 0.1645 0.28 4
0.485 0.375 0.125 0.562 0.2505 0.1345 0.1525 5
0.65 0.51 0.185 1.375 0.531 0.384 0.3985 3
0.655 0.54 0.215 1.5555 0.695 0.296 0.444 3
0.675 0.525 0.185 1.587 0.6935 0.336 0.395 4
0.52 0.425 0.125 0.79 0.372 0.205 0.19 5
0.52 0.38 0.135 0.5395 0.2295 0.133 0.157 5
0.35 0.26 0.09 0.195 0.0745 0.041 0.0655 5
0.44 0.335 0.11 0.3885 0.175 0.0835 0.111 5
0.58 0.455 0.15 1.114 0.4765 0.2155 0.265 5
0.58 0.445 0.135 0.814 0.3775 0.1915 0.22 5
0.435 0.32 0.08 0.3325 0.1485 0.0635 0.105 5
0.585 0.47 0.17 1.099 0.3975 0.2325 0.358 1
0.45 0.35 0.1 0.3675 0.1465 0.1015 0.12 3
0.625 0.505 0.175 1.131 0.5425 0.2265 0.323 5
0.575 0.485 0.165 1.0405 0.419 0.264 0.3 4
0.505 0.41 0.15 0.6345 0.243 0.1335 0.215 1
0.63 0.485 0.155 1.278 0.637 0.275 0.31 5
0.32 0.24 0.07 0.133 0.0585 0.0255 0.041 2
0.645 0.52 0.175 1.561 0.709 0.3555 0.4 5
0.435 0.335 0.11 0.383 0.1555 0.0675 0.135 3
0.435 0.35 0.12 0.4585 0.192 0.1 0.13 3
0.595 0.435 0.15 0.9 0.4175 0.17 0.265 5
0.49 0.365 0.145 0.6345 0.1995 0.1625 0.22 3
0.655 0.545 0.19 1.4245 0.6325 0.333 0.378 3
0.64 0.5 0.15 1.0705 0.371 0.2705 0.36 5
0.52 0.39 0.12 0.6435 0.2885 0.157 0.161 5
0.65 0.485 0.16 1.7395 0.5715 0.2785 0.3075 3
0.31 0.225 0.07 0.1055 0.435 0.015 0.04 2
0.535 0.42 0.145 0.791 0.33 0.189 0.25 3
0.415 0.325 0.1 0.313 0.139 0.0625 0.0965 5
0.64 0.515 0.165 1.369 0.632 0.3415 0.358 3
0.52 0.41 0.16 0.712 0.2845 0.153 0.225 3
0.485 0.355 0.13 0.581 0.245 0.132 0.168 3
0.385 0.265 0.08 0.251 0.124 0.037 0.07 2
0.72 0.55 0.205 2.165 1.1055 0.525 0.404 3
0.44 0.345 0.12 0.487 0.1965 0.108 0.16 4
0.425 0.325 0.115 0.3685 0.162 0.0865 0.1045 5
0.665 0.53 0.185 1.3955 0.456 0.3205 0.49 4
0.375 0.28 0.08 0.2165 0.0935 0.0925 0.07 5
0.52 0.41 0.12 0.595 0.2385 0.111 0.19 5
0.25 0.175 0.06 0.0635 0.0275 0.008 0.02 2
0.615 0.475 0.155 1.027 0.447 0.25 0.285 5
0.61 0.495 0.165 1.0835 0.4525 0.273 0.317 5
0.625 0.5 0.17 1.0985 0.4645 0.22 0.354 5
0.6 0.495 0.165 1.2415 0.485 0.2775 0.34 4
0.72 0.575 0.215 2.173 0.9515 0.564 0.5365 3
0.465 0.36 0.12 0.4765 0.192 0.1125 0.16 3
0.375 0.275 0.1 0.2325 0.1165 0.042 0.065 2
0.33 0.26 0.085 0.1965 0.0915 0.0425 0.055 5
0.38 0.275 0.095 0.2505 0.0945 0.0655 0.075 2
0.595 0.45 0.15 1.114 0.5865 0.2205 0.25 3
0.5 0.405 0.14 0.6735 0.265 0.124 0.25 1
0.52 0.425 0.155 0.7735 0.297 0.123 0.255 1
0.45 0.345 0.12 0.4165 0.1655 0.095 0.135 5
0.465 0.37 0.115 0.4075 0.1515 0.0935 0.1455 5
0.47 0.365 0.1 0.411 0.175 0.0855 0.135 5
0.49 0.37 0.115 0.541 0.171 0.1175 0.185 3
0.53 0.435 0.155 0.699 0.288 0.1595 0.205 3
0.385 0.3 0.1 0.2725 0.1115 0.057 0.08 2
0.65 0.495 0.16 1.2075 0.55 0.2695 0.32 3
0.51 0.455 0.135 0.6855 0.2875 0.154 0.2035 5
0.64 0.475 0.175 1.1545 0.4865 0.341 0.288 5
0.57 0.46 0.17 0.9035 0.4075 0.1935 0.214 5
0.565 0.435 0.15 0.99 0.5795 0.1825 0.206 5
0.68 0.56 0.165 1.639 0.6055 0.2805 0.46 4
0.52 0.385 0.165 0.791 0.375 0.18 0.1815 3
0.64 0.495 0.17 1.139 0.5395 0.282 0.285 3
0.385 0.285 0.105 0.2905 0.1215 0.0685 0.0875 3
0.59 0.45 0.16 0.998 0.445 0.214 0.301 5
0.44 0.35 0.14 0.451 0.171 0.0705 0.184 4
0.545 0.43 0.16 0.844 0.3945 0.1855 0.231 5
0.44 0.34 0.1 0.407 0.209 0.0735 0.103 5
0.615 0.505 0.19 1.403 0.6715 0.2925 0.365 5
0.605 0.47 0.16 1.1735 0.4975 0.2405 0.345 3
0.455 0.355 1.13 0.594 0.332 0.116 0.1335 5
0.565 0.45 0.115 0.9085 0.398 0.197 0.29 1
0.565 0.455 0.185 0.9265 0.354 0.1575 0.375 4
0.315 0.23 0.07 0.1145 0.046 0.0235 0.0385 2
0.31 0.235 0.075 0.1515 0.056 0.0315 0.05 5
0.635 0.525 0.18 1.3695 0.634 0.318 0.363 3
0.49 0.4 0.115 0.569 0.256 0.1325 0.145 5
0.53 0.41 0.125 0.769 0.346 0.173 0.215 5
0.57 0.435 0.14 0.8585 0.3905 0.196 0.2295 5
0.6 0.455 0.155 0.945 0.4365 0.2085 0.25 5
0.36 0.25 0.115 0.465 0.21 0.1055 0.128 5
0.455 0.335 0.135 0.501 0.274 0.0995 0.1065 5
0.625 0.49 0.155 1.115 0.484 0.277 0.3095 5
0.54 0.42 0.13 0.7505 0.368 0.1675 0.1845 5
0.72 0.6 0.235 2.2385 0.984 0.411 0.621 3
0.55 0.435 0.11 0.806 0.3415 0.203 0.215 5
0.595 0.44 0.135 0.964 0.5005 0.1715 0.2575 3
0.465 0.34 0.105 0.486 0.231 0.1035 0.1225 5
0.65 0.5 0.185 1.4415 0.741 0.2955 0.341 5
0.6 0.46 0.155 0.6655 0.285 0.149 0.269 3
0.475 0.4 0.115 0.541 0.186 0.1025 0.21 4
0.425 0.33 0.13 0.4405 0.152 0.0935 0.155 5
0.64 0.505 0.19 1.2765 0.4835 0.328 0.4 3
0.515 0.405 0.13 0.573 0.213 0.134 0.195 5
0.4 0.32 0.11 0.353 0.1405 0.0985 0.1 5
0.475 0.385 0.12 0.562 0.289 0.0905 0.153 5
0.62 0.51 0.18 1.3315 0.594 0.276 0.388 3
0.645 0.52 0.175 1.636 0.779 0.342 0.432 3
0.66 0.51 0.18 1.261 0.5 0.2335 0.339 3
0.435 0.34 0.115 0.3925 0.1825 0.078 0.1145 2
0.56 0.415 0.13 0.7615 0.3695 0.17 0.1955 5
0.435 0.375 0.11 0.4155 0.17 0.076 0.145 5
0.38 0.28 0.095 0.2885 0.165 0.0435 0.067 5
0.565 0.445 0.15 0.796 0.3635 0.184 0.219 5
0.415 0.32 0.115 0.3045 0.1215 0.0735 0.094 5
0.655 0.505 0.175 1.2905 0.6205 0.2965 0.326 3
0.525 0.43 0.135 0.8435 0.4325 0.18 0.1815 5
0.375 0.29 0.14 0.3 0.14 0.0625 0.0825 5
0.46 0.365 0.115 0.511 0.2365 0.118 0.123 5
0.485 0.355 0.105 0.498 0.2175 0.096 0.1525 5
0.685 0.51 0.18 1.4545 0.6315 0.3105 0.3725 5
0.545 0.43 0.14 0.772 0.289 0.19 0.2615 5
0.375 0.27 0.135 0.597 0.272 0.131 0.1675 5
0.33 0.23 0.085 0.1695 0.079 0.026 0.0505 2
0.775 0.57 0.22 2.032 0.735 0.4755 0.6585 1
0.385 0.29 0.09 0.2365 0.1 0.0505 0.076 5
0.71 0.55 0.17 1.614 0.743 0.345 0.45 3
0.635 0.5 0.18 1.312 0.529 0.2485 0.485 1
0.505 0.38 0.135 0.6855 0.361 0.1565 0.161 5
0.67 0.52 0.165 1.39 0.711 0.2865 0.3 3
0.22 0.16 0.05 0.049 0.0215 0.01 0.015 2
0.66 0.535 0.2 1.791 0.733 0.318 0.54 4
0.64 0.505 0.165 1.2235 0.5215 0.2695 0.36 3
0.53 0.415 0.175 0.7395 0.261 0.1395 0.2645 1
0.59 0.46 0.16 1.0115 0.445 0.2615 0.2565 5
0.375 0.275 0.095 0.2465 0.11 0.0415 0.0775 2
0.45 0.345 0.135 0.443 0.1975 0.0875 0.1175 4
0.465 0.345 0.11 0.4415 0.1755 0.0905 0.12 5
0.455 0.365 0.11 0.385 0.166 0.046 0.1345 4
0.495 0.33 0.1 0.44 0.177 0.095 0.15 5
0.53 0.4 0.125 0.7575 0.398 0.151 0.175 5
0.57 0.445 0.155 0.867 0.3705 0.1705 0.28 5
0.67 0.525 0.17 1.4005 0.715 0.3025 0.387 5
0.43 0.325 0.12 0.445 0.165 0.0995 0.155 5
0.52 0.405 0.12 0.627 0.2645 0.1415 0.181 3
0.56 0.465 0.16 1.0315 0.432 0.2025 0.337 5
0.525 0.4 0.11 0.6275 0.3015 0.126 0.18 5
0.65 0.51 0.175 1.35 0.575 0.3155 0.3885 3
0.535 0.45 0.17 0.781 0.3055 0.1555 0.295 3
0.56 0.45 0.185 1.07 0.3805 0.175 0.41 1
0.66 0.565 0.195 1.7605 0.692 0.3265 0.5 4
0.425 0.34 0.1 0.3515 0.1625 0.082 0.094 5
0.525 0.44 0.15 0.8425 0.3685 0.1985 0.24 3
0.65 0.505 0.175 1.2075 0.5105 0.262 0.39 3
0.68 0.52 0.185 1.541 0.5985 0.395 0.4575 3
0.61 0.475 0.17 1.0385 0.4435 0.241 0.32 4
0.655 0.525 0.185 1.259 0.487 0.2215 0.445 1
0.36 0.295 0.105 0.241 0.0865 0.053 0.095 5
0.58 0.425 0.15 0.844 0.3645 0.185 0.2705 5
0.635 0.5 0.18 1.154 0.4405 0.2315 0.387 5
0.69 0.525 0.2 1.7825 0.9165 0.3325 0.461 3
0.505 0.39 0.125 0.5445 0.246 0.15 0.1405 5
0.69 0.525 0.19 1.492 0.6425 0.3905 0.42 3
0.61 0.47 0.15 1.1625 0.565 0.258 0.3085 3
0.66 0.495 0.21 1.548 0.724 0.3525 0.3925 3
0.2 0.145 0.025 0.0345 0.011 0.0075 0.01 2
0.53 0.44 0.135 0.7835 0.313 0.1715 0.2185 5
0.65 0.5 0.19 1.464 0.6415 0.339 0.4245 5
0.38 0.325 0.11 0.3105 0.12 0.074 0.105 3
0.635 0.51 0.185 1.286 0.526 0.295 0.4105 3
0.405 0.3 0.12 0.324 0.1265 0.07 0.11 5
0.5 0.385 0.135 0.6425 0.3195 0.129 0.1535 5
0.36 0.295 0.13 0.2765 0.0895 0.057 0.1005 3
0.635 0.5 0.18 1.2565 0.539 0.292 0.35 3
0.48 0.38 0.13 0.6175 0.3 0.142 0.175 3
0.64 0.5 0.15 1.2015 0.559 0.231 0.3355 5
0.535 0.415 0.135 0.78 0.3165 0.169 0.2365 5
0.48 0.35 0.1 0.519 0.2365 0.1275 0.126 5
0.615 0.47 0.145 1.0285 0.4435 0.2825 0.285 3
0.53 0.415 0.13 0.8425 0.275 0.1945 0.265 1
0.405 0.305 0.12 0.3185 0.1235 0.0905 0.095 5
0.605 0.485 0.16 1.201 0.417 0.2875 0.38 5
0.545 0.42 0.14 0.7505 0.2475 0.13 0.255 1
0.64 0.565 0.23 1.521 0.644 0.372 0.406 4
0.54 0.42 0.14 0.8035 0.38 0.1805 0.21 5
0.59 0.455 0.155 1.066 0.382 0.2275 0.415 1
0.245 0.195 0.06 0.095 0.0445 0.0245 0.026 2
0.64 0.5 0.17 1.4545 0.642 0.3575 0.354 5
0.68 0.535 0.185 1.607 0.7245 0.3215 0.498 3
0.39 0.3 0.105 0.259 0.0955 0.038 0.085 5
0.645 0.485 0.15 1.2215 0.5695 0.2735 0.33 5
0.74 0.535 0.185 1.65 0.734 0.4505 0.335 4
0.615 0.475 0.15 1.0375 0.476 0.2325 0.283 5
0.635 0.5 0.165 1.4595 0.705 0.2645 0.39 5
0.505 0.39 0.105 0.6555 0.2595 0.18 0.19 3
0.655 0.52 0.19 1.4545 0.6 0.3865 0.383 3
0.515 0.385 0.11 0.5785 0.253 0.16 0.14 5
0.685 0.52 0.15 1.343 0.4635 0.292 0.4 4
0.55 0.385 0.13 0.7275 0.343 0.1625 0.19 5
0.67 0.525 0.18 1.6615 0.8005 0.3645 0.43 3
0.57 0.42 0.14 0.8745 0.416 0.165 0.25 5
0.4 0.31 0.115 0.3465 0.1475 0.0695 0.115 3
0.72 0.565 0.17 1.613 0.723 0.3255 0.4945 3
0.565 0.46 0.15 0.8765 0.3455 0.1925 0.275 3
0.54 0.44 0.135 0.959 0.2385 0.221 0.3 1
0.54 0.41 0.145 0.989 0.2815 0.213 0.355 1
0.575 0.47 0.15 0.9785 0.4505 0.196 0.276 5
0.27 0.195 0.07 0.106 0.0465 0.018 0.036 5
0.705 0.535 0.18 1.685 0.693 0.42 0.4045 3
0.45 0.335 0.125 0.349 0.119 0.1055 0.115 3
0.54 0.435 0.145 0.97 0.4285 0.22 0.264 1
0.71 0.54 0.165 1.959 0.7665 0.261 0.78 1
0.365 0.285 0.085 0.2205 0.0855 0.0515 0.07 5
0.59 0.5 0.165 1.1045 0.4565 0.2425 0.34 4
0.64 0.505 0.165 1.4435 0.6145 0.3035 0.39 1
0.535 0.42 0.15 0.7365 0.2785 0.186 0.215 4
0.29 0.225 0.075 0.152 0.071 0.059 0.045 5
0.525 0.41 0.165 0.8005 0.2635 0.1985 0.25 4
0.415 0.315 0.1 0.3645 0.1765 0.0795 0.095 5
0.57 0.48 0.175 1.185 0.474 0.261 0.38 3
0.5 0.39 0.125 0.583 0.294 0.132 0.1605 5
0.275 0.195 0.065 0.106 0.054 0.02 0.028 2
0.42 0.325 0.115 0.354 0.1625 0.064 0.105 5
0.61 0.485 0.17 1.0225 0.419 0.2405 0.36 3
0.69 0.55 0.195 1.777 0.769 0.38 0.4305 3
0.385 0.29 0.085 0.2505 0.112 0.061 0.08 5
0.415 0.335 0.1 0.358 0.169 0.067 0.105 5
0.385 0.285 0.09 0.248 0.0935 0.066 0.07 2
0.52 0.4 0.13 0.5825 0.233 0.1365 0.18 3
0.45 0.355 0.115 0.4385 0.184 0.108 0.1125 3
0.275 0.205 0.065 0.101 0.041 0.021 0.034 2
0.635 0.515 0.165 1.229 0.5055 0.2975 0.3535 3
0.495 0.375 0.12 0.589 0.3075 0.1215 0.1405 5
0.255 0.185 0.06 0.0925 0.039 0.021 0.025 2
0.45 0.325 0.135 0.438 0.1805 0.1165 0.11 5
0.5 0.365 0.125 0.528 0.229 0.103 0.1645 5
0.52 0.395 0.125 0.5805 0.2445 0.146 0.165 5
0.62 0.49 0.155 1.1 0.505 0.2475 0.31 5
0.575 0.45 0.145 0.795 0.364 0.1505 0.26 3
0.375 0.275 0.09 0.238 0.1075 0.0545 0.07 2
0.51 0.39 0.135 0.6335 0.231 0.179 0.2 5
0.5 0.375 0.15 0.636 0.2535 0.145 0.19 3
0.75 0.55 0.195 1.8325 0.83 0.366 0.44 3
0.57 0.435 0.13 0.7535 0.349 0.1755 0.194 3
0.435 0.325 0.105 0.335 0.136 0.065 0.115 5
0.64 0.525 0.175 1.382 0.646 0.3115 0.37 5
0.56 0.435 0.13 0.777 0.354 0.173 0.222 5
0.3 0.24 0.09 0.161 0.0725 0.039 0.05 2
0.665 0.515 0.165 1.3855 0.621 0.302 0.3445 5
0.625 0.5 0.15 0.953 0.3445 0.2235 0.305 4
0.72 0.585 0.22 1.914 0.9155 0.448 0.479 3
0.505 0.38 0.145 0.651 0.2935 0.19 0.17 3
0.56 0.425 0.14 0.9175 0.4005 0.1975 0.26 3
0.655 0.5 0.22 1.359 0.642 0.3255 0.405 4
0.45 0.335 0.105 0.425 0.1865 0.091 0.115 5
0.6 0.46 0.145 0.9325 0.3985 0.2245 0.248 5
0.315 0.23 0.07 0.144 0.053 0.0305 0.04 5
0.645 0.49 0.16 1.144 0.5015 0.289 0.319 5
0.57 0.44 0.155 1.116 0.4775 0.2315 0.27 4
0.595 0.48 0.14 0.9125 0.4095 0.1825 0.289 5
0.54 0.41 0.13 0.56 0.2375 0.1065 0.175 5
0.605 0.495 0.19 1.437 0.469 0.2655 0.41 4
0.27 0.195 0.07 0.102 0.045 0.0135 0.034 5
0.32 0.205 0.08 0.181 0.088 0.034 0.0495 2
0.33 0.265 0.085 0.196 0.0775 0.0305 0.0445 2
0.61 0.48 0.19 1.2955 0.5215 0.3225 0.365 3
0.415 0.315 0.125 0.388 0.068 0.09 0.125 3
0.625 0.485 0.175 1.362 0.6765 0.2615 0.3705 3
0.385 0.31 0.1 0.2845 0.1065 0.075 0.1 3
0.485 0.365 0.14 0.6195 0.2595 0.1445 0.177 4
0.335 0.255 0.075 0.1635 0.0615 0.0345 0.057 5
0.48 0.37 0.12 0.536 0.251 0.114 0.15 5
0.565 0.465 0.15 1.1815 0.581 0.2215 0.3095 5
0.445 0.355 0.15 0.485 0.181 0.125 0.155 3
0.555 0.43 0.135 0.812 0.4055 0.163 0.2215 5
0.46 0.355 0.14 0.491 0.207 0.115 0.174 3
0.62 0.5 0.2 1.221 0.4605 0.263 0.43 3
0.4 0.305 0.085 0.297 0.108 0.0705 0.1 3
0.515 0.42 0.135 0.711 0.337 0.144 0.205 4
0.485 0.365 0.14 0.4475 0.1895 0.0925 0.2305 5
0.645 0.505 0.165 1.307 0.4335 0.262 0.52 3
0.245 0.18 0.065 0.0635 0.0245 0.0135 0.02 2
0.705 0.54 0.205 1.757 0.8265 0.417 0.461 5
0.63 0.455 0.15 1.1315 0.481 0.2745 0.305 5
0.375 0.285 0.1 0.239 0.105 0.0555 0.07 5
0.64 0.515 0.205 1.5335 0.6635 0.3345 0.4025 5
0.335 0.25 0.09 0.181 0.0755 0.0415 0.06 5
0.435 0.335 0.11 0.4385 0.2075 0.0715 0.1315 5
0.47 0.375 0.105 0.468 0.1665 0.108 0.17 3
0.475 0.37 0.11 0.4895 0.2185 0.107 0.146 5
0.6 0.465 0.165 1.038 0.4975 0.2205 0.251 5
0.62 0.475 0.175 1.0165 0.4355 0.214 0.325 3
0.53 0.43 0.15 0.741 0.325 0.1855 0.196 5
0.28 0.205 0.07 0.1015 0.041 0.03 0.03 2
0.395 0.32 0.1 0.3075 0.149 0.0535 0.09 5
0.61 0.48 0.185 1.3065 0.6895 0.2915 0.29 3
0.525 0.415 0.12 0.596 0.2805 0.12 0.1695 5
0.59 0.465 0.14 1.046 0.4695 0.263 0.263 5
0.66 0.525 0.215 1.786 0.6725 0.3615 0.4065 3
0.57 0.43 0.12 1.0615 0.348 0.167 0.31 4
0.37 0.275 0.1 0.2225 0.093 0.026 0.08 5
0.51 0.395 0.125 0.5805 0.244 0.1335 0.188 3
0.725 0.6 0.2 1.737 0.697 0.3585 0.595 3
0.43 0.33 0.095 0.34 0.1315 0.085 0.112 4
0.39 0.29 0.125 0.3055 0.121 0.082 0.09 5
0.515 0.4 0.14 0.6335 0.288 0.145 0.168 5
0.59 0.455 0.175 0.966 0.391 0.2455 0.31 3
0.575 0.445 0.145 0.847 0.415 0.1945 0.22 5
0.585 0.455 0.17 0.9945 0.4255 0.263 0.2845 3
0.67 0.525 0.195 1.42 0.573 0.368 0.3905 3
0.48 0.365 0.1 0.461 0.2205 0.0835 0.135 5
0.645 0.5 0.2 1.4285 0.639 0.305 0.36 3
0.575 0.44 0.185 1.025 0.5075 0.2245 0.2485 3
0.475 0.355 0.125 0.4865 0.2155 0.1105 0.142 5
0.505 0.39 0.16 0.644 0.2475 0.2025 0.1635 5
0.545 0.41 0.12 0.793 0.434 0.1405 0.19 5
0.565 0.45 0.175 1.2365 0.5305 0.2455 0.308 3
0.545 0.44 0.15 0.9475 0.366 0.239 0.275 5
0.32 0.25 0.08 0.1565 0.057 0.034 0.06 5
0.51 0.37 0.21 1.183 0.508 0.292 0.343 5
0.555 0.405 0.19 1.406 0.6115 0.342 0.389 3
0.385 0.28 0.125 0.244 0.102 0.038 0.085 2
0.465 0.35 0.135 0.6265 0.259 0.1445 0.175 5
0.665 0.515 0.185 1.3405 0.5595 0.293 0.4375 3
0.385 0.315 0.11 0.286 0.1225 0.0635 0.0835 3
0.29 0.225 0.07 0.101 0.036 0.0235 0.035 5
0.44 0.345 0.115 0.545 0.269 0.111 0.1305 2
0.505 0.385 0.115 0.4825 0.21 0.1035 0.1535 3
0.71 0.53 0.195 1.8745 0.6755 0.4065 0.6855 3
0.36 0.27 0.085 0.196 0.0875 0.035 0.064 2
0.655 0.545 0.185 1.759 0.6865 0.313 0.547 3
0.35 0.265 0.08 0.192 0.081 0.0465 0.053 2
0.58 0.44 0.125 0.7855 0.363 0.1955 0.195 3
0.64 0.51 0.17 1.3715 0.567 0.307 0.409 3
0.625 0.475 0.175 1.1435 0.4755 0.2475 0.349 3
0.63 0.48 0.175 1.3675 0.5015 0.3035 0.515 1
0.64 0.49 0.18 1.36 0.653 0.347 0.305 5
0.365 0.27 0.085 0.196 0.0825 0.0375 0.06 5
0.61 0.475 0.165 1.116 0.428 0.2205 0.315 4
0.445 0.31 0.09 0.336 0.1555 0.09 0.0855 5
0.59 0.44 0.15 0.8725 0.387 0.215 0.245 5
0.63 0.48 0.15 1.0525 0.392 0.336 0.285 3
0.445 0.355 0.095 0.3615 0.1415 0.0785 0.12 5
0.515 0.4 0.14 0.7165 0.3495 0.1595 0.1785 5
0.565 0.465 0.175 0.995 0.3895 0.183 0.37 4
0.46 0.35 0.105 0.3705 0.1575 0.077 0.114 5
0.36 0.295 0.1 0.2105 0.066 0.0525 0.075 5
0.58 0.45 0.145 1.137 0.5585 0.22 0.29 5
0.39 0.315 0.09 0.3095 0.147 0.05 0.09 5
0.44 0.335 0.11 0.394 0.157 0.096 0.122 5
0.48 0.355 0.115 0.4725 0.2065 0.112 0.132 5
0.52 0.395 0.125 0.663 0.3005 0.131 0.1905 5
0.64 0.505 0.175 1.3185 0.6185 0.302 0.3315 5
0.7 0.575 0.17 1.31 0.5095 0.314 0.42 4
0.595 0.495 0.185 1.285 0.416 0.224 0.485 4
0.485 0.365 0.125 0.426 0.163 0.0965 0.151 5
0.635 0.495 0.195 1.172 0.445 0.3115 0.3475 3
0.64 0.5 0.18 1.4995 0.593 0.314 0.431 3
0.565 0.455 0.17 0.9065 0.342 0.156 0.32 1
0.28 0.2 0.08 0.0915 0.033 0.0215 0.03 2
0.605 0.475 0.165 1.056 0.433 0.2195 0.357 5
0.57 0.44 0.12 0.803 0.382 0.1525 0.234 5
0.385 0.3 0.125 0.343 0.1705 0.0735 0.081 5
0.46 0.35 0.115 0.44 0.19 0.1025 0.13 5
0.575 0.45 0.135 0.8285 0.362 0.1655 0.236 3
0.595 0.5 0.18 1.053 0.4405 0.192 0.39 4
0.535 0.405 0.185 0.8345 0.3175 0.1725 0.29 4
0.535 0.45 0.155 0.8075 0.3655 0.148 0.2595 3
0.67 0.52 0.19 1.32 0.5235 0.3095 0.4275 4
0.565 0.43 0.15 0.831 0.4245 0.1735 0.219 3
0.57 0.44 0.095 0.827 0.3395 0.2215 0.235 5
0.42 0.345 0.115 0.3435 0.1515 0.0795 0.115 5
0.62 0.475 0.185 1.325 0.6045 0.325 0.33 4
0.625 0.515 0.155 1.1635 0.4875 0.259 0.355 3
0.55 0.38 0.165 1.205 0.543 0.294 0.3345 3
0.66 0.53 0.175 1.583 0.7395 0.3505 0.405 3
0.49 0.385 0.125 0.649 0.32 0.124 0.1695 5
0.56 0.44 0.13 0.8255 0.2425 0.202 0.285 3
0.415 0.31 0.09 0.3245 0.1305 0.0735 0.115 5
0.18 0.125 0.035 0.0265 0.0095 0.0055 0.0085 2
0.475 0.365 0.125 0.5465 0.229 0.1185 0.172 5
0.56 0.425 0.125 0.932 0.361 0.213 0.335 5
0.65 0.495 0.175 1.227 0.528 0.258 0.37 3
0.4 0.31 0.11 0.314 0.138 0.057 0.1 3
0.32 0.225 0.085 0.1415 0.0675 0.0295 0.0405 2
0.635 0.5 0.17 1.4345 0.611 0.309 0.418 3
0.515 0.385 0.13 0.623 0.2855 0.1285 0.175 3
0.61 0.475 0.155 0.983 0.4565 0.228 0.266 3
0.5 0.4 0.125 0.5765 0.2395 0.126 0.185 3
0.705 0.55 0.17 1.219 0.6395 0.236 0.301 5
0.52 0.385 0.115 0.581 0.2555 0.156 0.143 3
0.5 0.355 0.14 0.528 0.2125 0.149 0.14 5
0.71 0.565 0.195 1.7265 0.638 0.3365 0.565 1
0.62 0.475 0.16 1.1295 0.463 0.2685 0.33 3
0.495 0.39 0.15 0.853 0.3285 0.189 0.27 4
0.485 0.355 0.12 0.5085 0.21 0.122 0.135 5
0.62 0.48 0.165 1.0125 0.5325 0.4365 0.324 3
0.535 0.4 0.145 0.705 0.3065 0.1365 0.22 3
0.6 0.445 0.175 1.057 0.383 0.216 0.355 4
0.475 0.365 0.115 0.459 0.2175 0.093 0.1165 5
0.52 0.39 0.14 0.7325 0.2415 0.144 0.26 1
0.405 0.305 0.085 0.2605 0.1145 0.0595 0.085 5
0.485 0.395 0.16 0.66 0.2475 0.128 0.235 4
0.4 0.305 0.13 0.2935 0.096 0.0675 0.105 5
0.595 0.47 0.155 1.1775 0.542 0.269 0.31 5
0.575 0.455 0.16 0.9895 0.495 0.195 0.246 5
0.665 0.52 0.165 1.6885 0.7295 0.407 0.4265 3
0.285 0.215 0.075 0.106 0.0415 0.023 0.035 2
0.32 0.235 0.09 0.183 0.098 0.0335 0.042 5
0.64 0.5 0.17 1.12 0.4955 0.2645 0.32 3
0.55 0.425 0.15 0.7665 0.339 0.176 0.21 5
0.35 0.255 0.085 0.2145 0.1 0.0465 0.06 4
0.46 0.35 0.12 0.515 0.224 0.108 0.1565 3
0.675 0.545 0.195 1.7345 0.6845 0.3695 0.605 1
0.475 0.355 0.105 0.468 0.201 0.1115 0.12 5
0.345 0.255 0.09 0.2005 0.094 0.0295 0.063 5
0.35 0.255 0.09 0.1785 0.0855 0.0305 0.0525 5
0.4 0.32 0.095 0.348 0.194 0.053 0.087 2
0.6 0.465 0.155 1.0165 0.512 0.2465 0.225 3
0.585 0.46 0.185 0.922 0.3635 0.213 0.285 3
0.59 0.455 0.16 1.09 0.5 0.2215 0.292 5
0.455 0.35 0.12 0.4835 0.1815 0.144 0.16 3
0.625 0.49 0.185 1.169 0.5275 0.2535 0.344 3
0.545 0.43 0.14 0.687 0.2615 0.1405 0.25 5
0.705 0.53 0.17 1.564 0.612 0.394 0.44 3
0.43 0.35 0.09 0.397 0.1575 0.089 0.12 5
0.66 0.53 0.17 1.3905 0.5905 0.212 0.453 4
0.555 0.43 0.15 0.783 0.345 0.1755 0.247 5
0.52 0.4 0.125 0.559 0.254 0.139 0.149 5
0.55 0.41 0.15 0.785 0.282 0.186 0.275 3
0.435 0.35 0.11 0.384 0.143 0.1005 0.125 4
0.64 0.49 0.135 1.1 0.488 0.2505 0.2925 3
0.725 0.57 0.19 2.3305 1.253 0.541 0.52 5
0.515 0.425 0.145 0.9365 0.497 0.181 0.2185 5
0.485 0.365 0.155 1.029 0.4235 0.2285 0.313 5
0.655 0.505 0.195 1.4405 0.688 0.3805 0.363 3
0.615 0.48 0.175 1.118 0.446 0.3195 0.3 5
0.565 0.455 0.155 0.9355 0.421 0.183 0.26 3
0.585 0.46 0.145 0.8465 0.339 0.167 0.295 3
0.65 0.515 0.185 1.3745 0.75 0.1805 0.369 3
0.44 0.34 0.105 0.364 0.148 0.0805 0.1175 5
0.615 0.53 0.17 1.12 0.5775 0.2095 0.286 5
0.36 0.26 0.08 0.1795 0.074 0.0315 0.06 2
0.45 0.35 0.14 0.474 0.21 0.109 0.1275 4
0.635 0.48 0.235 1.064 0.413 0.228 0.36 4
0.72 0.59 0.205 1.7495 0.7755 0.4225 0.48 3
0.6 0.51 0.185 1.285 0.6095 0.2745 0.315 5
0.735 0.57 0.21 2.2355 1.1705 0.463 0.5315 3
0.215 0.15 0.03 0.0385 0.0115 0.005 0.01 2
0.525 0.4 0.13 0.6445 0.345 0.1285 0.2 5
0.55 0.43 0.155 0.785 0.289 0.227 0.233 3
0.31 0.215 0.075 0.1275 0.0565 0.0275 0.036 5
0.245 0.18 0.065 0.071 0.03 0.013 0.0215 2
0.67 0.51 0.175 1.5265 0.651 0.4475 0.345 3
0.57 0.42 0.155 1.008 0.377 0.193 0.34 4
0.68 0.54 0.155 1.534 0.671 0.379 0.384 3
0.645 0.51 0.155 1.129 0.5015 0.24 0.342 3
0.385 0.28 0.085 0.2175 0.097 0.038 0.067 5
0.475 0.365 0.13 0.4805 0.1905 0.114 0.1475 3
0.58 0.46 0.135 0.926 0.4025 0.208 0.275 5
0.475 0.36 0.11 0.492 0.211 0.11 0.15 5
0.595 0.455 0.16 1.04 0.452 0.2655 0.288 5
0.335 0.25 0.08 0.1695 0.0695 0.044 0.0495 2
0.425 0.345 0.11 0.3665 0.125 0.081 0.117 3
0.57 0.45 0.15 0.9645 0.531 0.189 0.209 5
0.74 0.605 0.2 2.4925 1.1455 0.575 0.5235 4
0.595 0.455 0.14 0.914 0.3895 0.2225 0.271 5
0.52 0.4 0.12 0.823 0.298 0.1805 0.265 4
0.595 0.455 0.195 1.3305 0.4595 0.3235 0.345 1
0.55 0.47 0.15 0.9205 0.381 0.2435 0.2675 3
0.655 0.525 0.19 1.3595 0.564 0.3215 0.3985 3
0.495 0.38 0.145 0.5 0.205 0.148 0.1505 5
0.58 0.455 0.155 0.8365 0.315 0.1385 0.32 1
0.225 0.17 0.07 0.0565 0.024 0.013 0.016 2
0.66 0.5 0.165 1.3195 0.667 0.269 0.341 5
0.42 0.31 0.1 0.2805 0.1125 0.0615 0.0925 5
0.505 0.39 0.115 0.66 0.3045 0.1555 0.175 5
0.635 0.5 0.19 1.29 0.593 0.3045 0.352 5
0.66 0.515 0.18 1.523 0.54 0.3365 0.555 4
0.56 0.45 0.145 0.894 0.3885 0.2095 0.264 5
0.7 0.545 0.13 1.556 0.6725 0.374 0.195 3
0.35 0.255 0.065 0.179 0.0705 0.0385 0.06 3
0.65 0.495 0.17 1.276 0.6215 0.2305 0.399 3
0.58 0.445 0.15 0.9525 0.4315 0.1945 0.287 3
0.63 0.475 0.15 1.172 0.536 0.254 0.316 3
0.62 0.49 0.19 1.218 0.5455 0.2965 0.355 4
0.475 0.38 0.135 0.486 0.1735 0.07 0.185 5
0.565 0.44 0.115 0.9185 0.404 0.1785 0.29 3
0.505 0.39 0.12 0.653 0.3315 0.1385 0.167 5
0.485 0.355 0.12 0.547 0.215 0.1615 0.14 3
0.415 0.325 0.1 0.385 0.167 0.08 0.125 5
0.39 0.3 0.095 0.3265 0.1665 0.0575 0.089 5
0.42 0.32 0.11 0.3625 0.174 0.0635 0.105 5
0.43 0.335 0.115 0.406 0.166 0.0935 0.135 5
0.415 0.31 0.09 0.2815 0.1245 0.0615 0.085 2
0.405 0.3 0.105 0.304 0.1455 0.061 0.0805 2
0.655 0.51 0.155 1.2895 0.5345 0.2855 0.41 3
0.24 0.17 0.05 0.0545 0.0205 0.016 0.0155 2
0.56 0.44 0.17 0.9445 0.3545 0.2175 0.3 3
0.625 0.505 0.215 1.4455 0.496 0.287 0.435 1
0.61 0.48 0.165 1.244 0.6345 0.257 0.305 3
0.55 0.42 0.115 0.668 0.2925 0.137 0.209 3
0.555 0.46 0.16 0.86 0.3345 0.1935 0.275 3
0.655 0.53 0.165 1.2835 0.583 0.1255 0.4 5
0.365 0.255 0.08 0.1985 0.0785 0.0345 0.053 2
0.605 0.455 0.145 0.862 0.334 0.1985 0.3 5
0.315 0.25 0.09 0.203 0.0615 0.037 0.0795 3
0.57 0.445 0.14 1.0635 0.5265 0.2195 0.24 5
0.525 0.425 0.16 0.8355 0.3545 0.2135 0.245 5
0.16 0.11 0.025 0.0195 0.0075 0.005 0.006 2
0.39 0.3 0.1 0.2665 0.1105 0.059 0.084 5
0.57 0.465 0.125 0.849 0.3785 0.1765 0.24 4
0.43 0.35 0.11 0.406 0.1675 0.081 0.135 3
0.41 0.305 0.1 0.363 0.1735 0.065 0.11 3
0.5 0.4 0.14 0.6615 0.2565 0.1755 0.22 5
0.63 0.515 0.16 1.016 0.4215 0.244 0.355 1
0.49 0.38 0.125 0.549 0.245 0.1075 0.174 3
0.665 0.525 0.18 1.5785 0.678 0.229 0.456 4
0.425 0.33 0.115 0.3265 0.1315 0.077 0.103 2
0.74 0.565 0.205 2.119 0.9655 0.5185 0.482 3
0.52 0.4 0.12 0.6515 0.261 0.2015 0.165 4
0.515 0.415 0.135 0.7125 0.285 0.152 0.245 3
0.285 0.225 0.07 0.1005 0.0425 0.0185 0.035 5
0.42 0.345 0.105 0.43 0.175 0.096 0.13 5
0.31 0.24 0.105 0.2885 0.118 0.065 0.083 2
0.655 0.53 0.195 1.388 0.567 0.2735 0.41 4
0.47 0.375 0.12 0.487 0.196 0.099 0.135 5
0.65 0.5 0.155 1.202 0.565 0.3135 0.294 3
0.385 0.295 0.095 0.335 0.147 0.094 0.09 5
0.35 0.265 0.09 0.2255 0.0995 0.0485 0.07 5
0.19 0.13 0.03 0.0295 0.0155 0.015 0.01 2
0.58 0.44 0.145 0.7905 0.3525 0.1645 0.242 3
0.53 0.41 0.165 0.732 0.189 0.17 0.31 3
0.45 0.335 0.115 0.3935 0.195 0.071 0.11 5
0.425 0.315 0.08 0.303 0.131 0.0585 0.095 5
0.475 0.365 0.115 0.499 0.232 0.0885 0.156 3
0.5 0.36 0.12 0.439 0.1875 0.1055 0.1305 5
0.625 0.485 0.15 1.0945 0.531 0.261 0.296 3
0.615 0.485 0.215 0.9615 0.422 0.176 0.29 3
0.47 0.35 0.115 0.487 0.1955 0.127 0.155 5
0.375 0.285 0.09 0.257 0.1045 0.062 0.075 5
0.535 0.425 0.135 0.771 0.3765 0.1815 0.1795 5
0.53 0.405 0.12 0.632 0.2715 0.148 0.1875 5
0.505 0.41 0.135 0.657 0.291 0.133 0.195 4
0.455 0.335 0.105 0.422 0.229 0.0865 0.1 2
0.525 0.425 0.125 0.812 0.4035 0.1705 0.195 5
0.375 0.3 0.075 0.144 0.059 0.03 0.044 5
0.64 0.475 0.14 1.0725 0.4895 0.2295 0.31 5
0.675 0.51 0.17 1.527 0.809 0.318 0.341 3
0.49 0.395 0.135 0.5545 0.213 0.0925 0.215 4
0.37 0.295 0.1 0.2685 0.1165 0.056 0.0835 5
0.61 0.48 0.165 1.097 0.4215 0.264 0.335 4
0.64 0.5 0.17 1.5175 0.693 0.326 0.409 3
0.515 0.39 0.125 0.5705 0.238 0.1265 0.185 5
0.62 0.47 0.14 1.0325 0.3605 0.224 0.36 4
0.715 0.545 0.18 1.7405 0.871 0.347 0.449 3
0.435 0.335 0.11 0.38 0.1695 0.086 0.11 5
0.465 0.36 0.105 0.488 0.188 0.0845 0.19 3
0.465 0.35 0.14 0.5755 0.2015 0.1505 0.19 4
0.385 0.3 0.09 0.308 0.1525 0.056 0.0835 5
0.74 0.58 0.205 2.381 0.8155 0.4695 0.488 3
0.6 0.48 0.155 1.014 0.451 0.1885 0.325 3
0.455 0.365 0.115 0.4305 0.184 0.108 0.1245 5
0.49 0.42 0.125 0.609 0.239 0.1435 0.22 4
0.41 0.335 0.115 0.4405 0.19 0.085 0.135 5
0.6 0.47 0.155 1.036 0.4375 0.196 0.325 1
0.68 0.52 0.195 1.4535 0.592 0.391 0.4125 3
0.44 0.34 0.14 0.482 0.186 0.1085 0.16 5
0.445 0.335 0.11 0.4355 0.2025 0.1095 0.1195 2
0.61 0.48 0.16 1.234 0.598 0.238 0.315 3
0.33 0.245 0.085 0.171 0.0655 0.0365 0.055 3
0.27 0.2 0.07 0.1 0.034 0.0245 0.035 2
0.505 0.38 0.135 0.5385 0.2645 0.095 0.165 5
0.355 0.26 0.085 0.1905 0.081 0.0485 0.055 2
0.565 0.455 0.13 1.058 0.439 0.2645 0.3 3
0.365 0.27 0.085 0.2225 0.0935 0.0525 0.066 5
0.515 0.4 0.125 0.615 0.2865 0.123 0.1765 5
0.45 0.365 0.115 0.5885 0.318 0.121 0.1325 5
0.58 0.465 0.16 1.0345 0.315 0.26 0.3635 3
0.68 0.53 0.18 1.529 0.7635 0.3115 0.4025 3
0.64 0.49 0.14 1.194 0.4445 0.238 0.375 4
0.625 0.49 0.11 1.136 0.5265 0.1915 0.2925 5
0.43 0.325 0.105 0.309 0.119 0.08 0.098 2
0.48 0.385 0.135 0.536 0.1895 0.142 0.173 4
0.695 0.53 0.2 2.0475 0.75 0.4195 0.6095 4
0.5 0.375 0.14 0.604 0.242 0.1415 0.179 4
0.34 0.255 0.075 0.18 0.0745 0.04 0.0525 2
0.625 0.48 0.145 1.085 0.4645 0.2445 0.327 3
0.71 0.56 0.175 1.724 0.566 0.4575 0.4625 4
0.45 0.35 0.145 0.525 0.2085 0.1 0.1655 4
0.48 0.335 0.125 0.524 0.246 0.1095 0.145 5
0.555 0.44 0.155 1.016 0.4935 0.1855 0.263 3
0.555 0.445 0.175 1.1465 0.551 0.244 0.2785 5
0.55 0.44 0.165 0.8605 0.312 0.169 0.3 1
0.545 0.42 0.145 0.778 0.3745 0.1545 0.205 5
0.52 0.395 0.125 0.8115 0.4035 0.166 0.2 5
0.62 0.485 0.165 1.166 0.483 0.238 0.355 4
0.155 0.115 0.025 0.024 0.009 0.005 0.0075 2
0.49 0.385 0.16 0.656 0.2455 0.171 0.205 5
0.54 0.425 0.12 0.817 0.2945 0.153 0.195 3
0.605 0.45 0.195 1.098 0.481 0.2895 0.315 4
0.66 0.475 0.18 1.3695 0.641 0.294 0.335 2
0.655 0.515 0.145 1.25 0.5265 0.283 0.315 4
0.265 0.205 0.07 0.1055 0.039 0.041 0.035 2
0.18 0.125 0.05 0.023 0.0085 0.0055 0.01 2
0.26 0.19 0.075 0.0945 0.0445 0.02 0.03 2
0.6 0.475 0.23 1.157 0.522 0.2235 0.36 3
0.17 0.13 0.095 0.03 0.013 0.008 0.01 2
0.53 0.425 0.13 0.7675 0.419 0.1205 0.21 5
0.5 0.39 0.13 0.709 0.275 0.168 0.18 3
0.425 0.34 0.1 0.382 0.164 0.096 0.1 2
0.27 0.205 0.075 0.118 0.059 0.031 0.0305 2
0.255 0.195 0.065 0.08 0.0315 0.018 0.027 5
0.535 0.41 0.135 0.862 0.2855 0.1525 0.32 4
0.6 0.465 0.15 1.1025 0.5455 0.262 0.25 5
0.53 0.41 0.145 0.8255 0.375 0.204 0.245 5
0.345 0.255 0.1 0.197 0.071 0.051 0.06 5
0.765 0.585 0.18 2.398 1.128 0.512 0.5335 3
0.35 0.28 0.075 0.196 0.082 0.04 0.064 5
0.525 0.4 0.125 0.5655 0.2435 0.119 0.175 5
0.505 0.4 0.155 0.8415 0.2715 0.1775 0.285 3
0.53 0.44 0.205 0.835 0.32 0.2175 0.245 4
0.625 0.49 0.145 0.92 0.437 0.1735 0.28 3
0.655 0.515 0.18 1.412 0.6195 0.2485 0.497 3
0.405 0.305 0.095 0.3485 0.1455 0.0895 0.1 5
0.465 0.38 0.13 0.454 0.1895 0.08 0.155 3
0.345 0.255 0.08 0.169 0.06 0.0425 0.054 3
0.54 0.385 0.14 0.7655 0.3265 0.116 0.2365 3
0.615 0.48 0.185 1.2205 0.4985 0.315 0.33 3
0.41 0.31 0.09 0.339 0.155 0.0695 0.09 5
0.38 0.28 0.085 0.2735 0.115 0.061 0.085 2
0.605 0.485 0.165 1.0105 0.435 0.209 0.3 1
0.675 0.525 0.17 1.711 0.8365 0.352 0.475 5
0.42 0.315 0.1 0.3435 0.157 0.0795 0.09 2
0.355 0.26 0.09 0.1985 0.0715 0.0495 0.058 5
0.605 0.47 0.14 0.939 0.3385 0.201 0.32 4
0.375 0.285 0.09 0.237 0.106 0.0395 0.08 5
0.655 0.52 0.17 1.1445 0.53 0.223 0.348 5
0.71 0.56 0.18 1.652 0.735 0.381 0.4525 3
0.61 0.45 0.15 0.871 0.407 0.1835 0.25 3
0.525 0.425 0.12 0.702 0.3335 0.1465 0.22 3
0.55 0.425 0.14 0.952 0.4895 0.1945 0.2185 5
0.54 0.405 0.155 0.9715 0.3225 0.194 0.29 1
0.67 0.54 0.195 1.619 0.74 0.3305 0.465 3
0.57 0.445 0.145 0.8775 0.412 0.217 0.22 5
0.56 0.45 0.16 1.0235 0.429 0.268 0.3 3
0.48 0.37 0.125 0.5435 0.244 0.101 0.165 5
0.175 0.125 0.04 0.024 0.0095 0.006 0.005 2
0.47 0.345 0.14 0.4615 0.229 0.1105 0.116 5
0.47 0.355 0.13 0.5465 0.2005 0.126 0.185 4
0.325 0.245 0.075 0.1495 0.0605 0.033 0.045 2
0.58 0.445 0.135 0.95 0.484 0.182 0.2325 5
0.565 0.455 0.175 1.013 0.342 0.207 0.35 1
0.415 0.325 0.14 0.417 0.1535 0.1015 0.144 3
0.45 0.33 0.105 0.3715 0.1865 0.0785 0.0975 5
0.19 0.13 0.045 0.0265 0.009 0.005 0.009 2
0.61 0.475 0.14 1.133 0.5275 0.2355 0.35 3
0.37 0.28 0.095 0.2865 0.1505 0.069 0.0795 5
0.655 0.58 0.205 2.0805 0.959 0.3415 0.601 1
0.545 0.43 0.165 0.802 0.2935 0.183 0.28 3
0.49 0.355 0.155 0.981 0.465 0.2015 0.2505 5
0.64 0.525 0.2 1.3765 0.44 0.3075 0.47 4
0.275 0.195 0.07 0.0875 0.0345 0.022 0.0255 2
0.645 0.5 0.19 1.229 0.524 0.278 0.395 1
0.645 0.5 0.19 1.5595 0.741 0.3715 0.3845 4
0.465 0.325 0.14 0.7615 0.362 0.1535 0.209 3
0.355 0.27 0.075 0.1775 0.079 0.0315 0.054 2
0.625 0.49 0.175 1.3325 0.5705 0.271 0.405 3
0.68 0.5 0.185 1.741 0.7665 0.3255 0.4685 3
0.695 0.56 0.19 1.494 0.588 0.3425 0.485 4
0.58 0.465 0.175 1.035 0.401 0.1865 0.385 1
0.61 0.475 0.155 1.168 0.554 0.239 0.3295 3
0.5 0.385 0.11 0.596 0.3015 0.104 0.151 5
0.45 0.335 0.11 0.4195 0.181 0.085 0.1345 5
0.58 0.47 0.165 0.927 0.3215 0.1985 0.315 3
0.505 0.4 0.125 0.583 0.246 0.13 0.175 5
0.4 0.31 0.1 0.127 0.106 0.071 0.085 5
0.595 0.465 0.15 0.919 0.4335 0.1765 0.262 5
0.5 0.38 0.11 0.494 0.218 0.09 0.1325 5
0.65 0.505 0.18 1.469 0.7115 0.3335 0.38 5
0.76 0.605 0.215 2.173 0.801 0.4915 0.646 4
0.48 0.38 0.135 0.528 0.2 0.1395 0.16 4
0.59 0.455 0.145 1.063 0.5155 0.2445 0.25 5
0.615 0.465 0.15 0.923 0.4615 0.1825 0.2415 5
0.585 0.48 0.185 1.04 0.434 0.265 0.285 3
0.595 0.46 0.14 1.0045 0.4655 0.2095 0.2515 5
0.645 0.52 0.19 1.3105 0.58 0.288 0.37 3
0.44 0.375 0.13 0.487 0.226 0.0965 0.155 5
0.555 0.42 0.14 0.868 0.33 0.243 0.21 4
0.645 0.505 0.15 1.1605 0.519 0.2615 0.335 3
0.685 0.545 0.205 1.7925 0.8145 0.416 0.461 5
0.635 0.51 0.155 1.156 0.428 0.289 0.315 1
0.495 0.375 0.12 0.614 0.2855 0.1365 0.161 5
0.385 0.3 0.095 0.302 0.152 0.0615 0.0735 5
0.545 0.44 0.175 0.7745 0.2985 0.1875 0.265 3
0.59 0.475 0.145 0.9745 0.4675 0.207 0.259 3
0.655 0.505 0.165 1.27 0.6035 0.262 0.335 3
0.24 0.18 0.055 0.0555 0.0235 0.013 0.018 2
0.435 0.33 0.105 0.335 0.156 0.0555 0.105 5
0.61 0.475 0.16 1.1155 0.3835 0.223 0.379 3
0.245 0.19 0.06 0.086 0.042 0.014 0.025 2
0.595 0.475 0.165 1.213 0.621 0.2435 0.274 5
0.505 0.405 0.14 0.875 0.2665 0.174 0.285 3
0.59 0.44 0.135 0.966 0.439 0.2145 0.2605 3
0.62 0.5 0.15 1.293 0.596 0.3135 0.354 3
0.47 0.375 0.12 0.5805 0.266 0.0935 0.169 5
0.48 0.395 0.15 0.6815 0.2145 0.1405 0.2495 1
0.665 0.515 0.2 1.2695 0.5115 0.2675 0.436 3
0.69 0.54 0.195 1.2525 0.73 0.3975 0.462 3
0.44 0.34 0.12 0.4995 0.2965 0.0945 0.1185 2
0.625 0.455 0.17 1.082 0.4955 0.2345 0.315 5
0.69 0.55 0.18 1.659 0.8715 0.2655 0.4395 5
0.77 0.62 0.195 2.5155 1.1155 0.6415 0.642 3
0.575 0.47 0.185 0.985 0.3745 0.2175 0.355 3
0.74 0.57 0.18 1.8725 0.9115 0.427 0.446 3
0.7 0.55 0.195 1.6245 0.675 0.347 0.535 4
0.59 0.475 0.145 1.053 0.4415 0.262 0.325 4
0.355 0.27 0.075 0.204 0.3045 0.046 0.0595 5
0.6 0.475 0.175 1.11 0.5105 0.256 0.285 5
0.32 0.24 0.085 0.131 0.0615 0.0265 0.038 2
0.255 0.185 0.065 0.074 0.0305 0.0165 0.02 2
0.745 0.565 0.215 1.931 0.896 0.4585 0.5 3
0.375 0.28 0.08 0.2025 0.0825 0.048 0.065 5
0.43 0.34 0 0.428 0.2065 0.086 0.115 5
0.535 0.46 0.145 0.7875 0.3395 0.2005 0.2 5
0.55 0.45 0.17 0.81 0.317 0.157 0.22 3
0.535 0.45 0.135 0.8075 0.322 0.181 0.25 4
0.48 0.35 0.105 0.635 0.352 0.127 0.135 2
0.59 0.47 0.145 0.974 0.453 0.236 0.289 5
0.235 0.13 0.075 0.1585 0.0685 0.037 0.0465 2
0.46 0.375 0.12 0.4605 0.1775 0.11 0.15 5
0.57 0.465 0.16 0.8935 0.3145 0.2575 0.263 3
0.635 0.485 0.165 1.2695 0.5635 0.3065 0.3395 3
0.385 0.29 0.08 0.2485 0.122 0.0495 0.065 5
0.58 0.47 0.15 0.907 0.444 0.1855 0.2445 3
0.6 0.47 0.15 0.928 0.4225 0.183 0.275 5
0.7 0.54 0.215 1.978 0.6675 0.3125 0.71 1
0.46 0.38 0.135 0.482 0.207 0.1225 0.145 3
0.435 0.335 0.11 0.411 0.2025 0.0945 0.1 5
0.665 0.525 0.16 1.363 0.629 0.279 0.34 5
0.535 0.43 0.155 0.7845 0.3285 0.169 0.245 3
0.525 0.385 0.13 0.607 0.2355 0.125 0.195 5
0.48 0.355 0.125 0.494 0.2385 0.0835 0.15 5
0.61 0.475 0.17 1.0265 0.435 0.2335 0.3035 3
0.075 0.055 0.01 0.002 0.001 0.0005 0.0015 2
0.505 0.425 0.125 0.6115 0.245 0.1375 0.2 5
0.22 0.165 0.055 0.0545 0.0215 0.012 0.02 2
0.625 0.485 0.15 1.044 0.438 0.2865 0.278 5
0.615 0.475 0.13 0.8425 0.353 0.1915 0.251 5
0.6 0.495 0.185 1.1145 0.5055 0.2635 0.367 3
0.375 0.305 0.09 0.3245 0.1395 0.0565 0.095 2
0.52 0.395 0.18 0.64 0.158 0.11 0.245 1
0.37 0.285 0.105 0.27 0.1125 0.0585 0.0835 5
0.47 0.39 0.15 0.6355 0.2185 0.0885 0.255 5
0.505 0.385 0.135 0.6185 0.251 0.1175 0.2 3
0.625 0.485 0.16 1.15 0.5255 0.257 0.3315 3
0.325 0.24 0.075 0.1525 0.072 0.0645 0.043 2
0.655 0.54 0.175 1.5585 0.7285 0.402 0.385 3
0.53 0.405 0.125 0.6515 0.2715 0.1605 0.186 5
0.49 0.375 0.15 0.5755 0.22 0.144 0.19 5
0.305 0.22 0.07 0.141 0.062 0.031 0.037 2
0.455 0.435 0.11 0.4265 0.195 0.09 0.1205 5
0.505 0.39 0.185 0.6125 0.267 0.142 0.172 5
0.7 0.56 0.175 1.6605 0.8605 0.3275 0.398 3
0.44 0.365 0.125 0.516 0.2155 0.114 0.155 3
0.575 0.45 0.15 0.858 0.449 0.166 0.215 3
0.545 0.435 0.135 0.7715 0.372 0.148 0.227 5
0.28 0.205 0.08 0.127 0.052 0.039 0.042 5
0.635 0.51 0.17 1.3555 0.619 0.305 0.39 5
0.575 0.45 0.16 0.9775 0.3135 0.231 0.33 3
0.68 0.54 0.21 1.7885 0.8345 0.408 0.437 4
0.6 0.465 0.2 1.259 0.6405 0.1985 0.357 5
0.63 0.505 0.155 1.105 0.492 0.226 0.325 3
0.465 0.355 0.105 0.4795 0.227 0.124 0.125 5
0.395 0.31 0.095 0.313 0.131 0.072 0.093 5
0.675 0.555 0.205 1.925 0.713 0.358 0.4535 4
0.405 0.25 0.09 0.2875 0.128 0.063 0.0805 5
0.43 0.33 0.1 0.449 0.254 0.0825 0.097 2
0.45 0.33 0.1 0.411 0.1945 0.1 0.098 2
0.58 0.46 0.12 0.9935 0.4625 0.2385 0.28 3
0.62 0.54 0.165 1.139 0.4995 0.2435 0.357 3
0.59 0.475 0.155 0.857 0.356 0.174 0.28 4
0.63 0.49 0.19 1.1775 0.4935 0.3365 0.285 3
0.465 0.345 0.105 0.4015 0.242 0.0345 0.109 2
0.17 0.105 0.035 0.034 0.012 0.0085 0.005 2
0.495 0.375 0.115 0.5755 0.31 0.1145 0.1395 5
0.63 0.5 0.16 1.22 0.4905 0.3 0.345 4
0.265 0.195 0.055 0.084 0.0365 0.0175 0.025 5
0.53 0.42 0.135 0.677 0.2565 0.1415 0.21 5
0.68 0.55 0.175 1.473 0.713 0.282 0.4295 3
0.61 0.49 0.16 1.146 0.597 0.246 0.265 5
0.605 0.465 0.155 1.1 0.547 0.2665 0.2585 3
0.48 0.37 0.12 0.514 0.2075 0.131 0.155 4
0.475 0.35 0.115 0.487 0.194 0.1455 0.125 4
0.15 0.1 0.025 0.015 0.0045 0.004 0.005 2
0.53 0.41 0.13 0.6965 0.302 0.1935 0.2 3
0.73 0.575 0.185 1.8795 0.931 0.38 0.4825 3
0.51 0.385 0.15 0.625 0.3095 0.119 0.1725 5
0.5 0.4 0.15 0.8085 0.273 0.112 0.295 4
0.67 0.485 0.175 1.2565 0.5355 0.322 0.386 5
0.655 0.49 0.175 1.3585 0.6395 0.294 0.365 3
0.27 0.195 0.06 0.073 0.0285 0.0235 0.03 2
0.62 0.485 0.205 1.219 0.3875 0.2505 0.385 4
0.505 0.41 0.15 0.644 0.285 0.145 0.21 3
0.41 0.31 0.11 0.315 0.124 0.082 0.095 5
0.555 0.435 0.165 0.97 0.336 0.2315 0.295 1
0.485 0.37 0.13 0.526 0.2485 0.105 0.1555 2
0.635 0.485 0.155 1.073 0.467 0.1975 0.35 3
0.635 0.48 0.2 1.3655 0.6255 0.2595 0.425 4
0.405 0.3 0.09 0.269 0.103 0.067 0.11 2
0.425 0.315 0.125 0.3525 0.1135 0.0565 0.13 1
0.59 0.405 0.15 0.853 0.326 0.2615 0.245 5
0.59 0.46 0.14 1.004 0.496 0.2165 0.26 5
0.675 0.55 0.19 1.551 0.7105 0.3685 0.412 4
0.635 0.485 0.19 1.3765 0.634 0.2885 0.406 3
0.545 0.43 0.155 0.8035 0.409 0.144 0.228 5
0.52 0.425 0.145 0.7 0.207 0.1905 0.24 4
0.52 0.465 0.15 0.9505 0.456 0.199 0.255 5
0.59 0.46 0.155 0.906 0.327 0.1485 0.335 4
0.64 0.495 0.17 1.2265 0.49 0.377 0.2875 3
0.45 0.35 0.11 0.514 0.253 0.1045 0.14 5
0.615 0.5 0.17 1.054 0.4845 0.228 0.295 3
0.62 0.48 0.17 1.1045 0.535 0.25 0.287 3
0.63 0.515 0.16 1.336 0.553 0.3205 0.35 3
0.28 0.21 0.075 0.1195 0.053 0.0265 0.03 2
0.375 0.29 0.115 0.2705 0.093 0.066 0.0885 3
0.595 0.48 0.16 1.2095 0.5225 0.296 0.32 5
0.565 0.45 0.16 0.795 0.3605 0.1555 0.23 3
0.435 0.33 0.125 0.406 0.1685 0.1055 0.096 3
0.355 0.28 0.1 0.2275 0.0935 0.0455 0.085 3
0.475 0.365 0.12 0.53 0.2505 0.0975 0.1625 3
0.67 0.54 0.195 1.217 0.532 0.2735 0.3315 3
0.7 0.55 0.2 1.523 0.693 0.306 0.4405 4
0.515 0.41 0.14 0.7355 0.3065 0.137 0.2 5
0.725 0.56 0.185 1.792 0.873 0.367 0.435 3
0.525 0.4 0.13 0.6455 0.325 0.1245 0.17 5
0.53 0.42 0.14 0.627 0.2905 0.1165 0.183 5
0.72 0.55 0.195 2.073 1.0715 0.4265 0.5015 5
0.44 0.345 0.105 0.4285 0.165 0.083 0.132 3
0.475 0.375 0.13 0.5175 0.2075 0.1165 0.17 3
0.6 0.455 0.145 0.8895 0.419 0.1715 0.269 3
0.6 0.475 0.19 1.0875 0.403 0.2655 0.325 4
0.57 0.435 0.17 0.873 0.382 0.183 0.2705 3
0.57 0.45 0.17 1.098 0.414 0.187 0.405 1
0.415 0.305 0.1 0.325 0.156 0.0505 0.091 2
0.39 0.28 0.125 0.564 0.3035 0.0955 0.143 5
0.7 0.575 0.205 1.773 0.605 0.447 0.538 4
0.715 0.565 0.24 2.1995 0.7245 0.465 0.885 1
0.5 0.385 0.12 0.516 0.197 0.1305 0.165 5
0.605 0.475 0.16 1.616 0.5495 0.332 0.34 1
0.35 0.25 0.07 0.1605 0.0715 0.0335 0.046 2
0.55 0.42 0.145 0.7385 0.321 0.1485 0.252 3
0.55 0.45 0.175 1.0985 0.3765 0.215 0.4 4
0.6 0.48 0.18 1.0645 0.4495 0.2455 0.325 3
0.465 0.355 0.12 0.4975 0.2375 0.099 0.14 5
0.38 0.305 0.105 0.281 0.1045 0.0615 0.09 3
0.35 0.26 0.095 0.221 0.0985 0.043 0.07 5
0.42 0.335 0.115 0.369 0.171 0.071 0.12 5
0.575 0.45 0.17 1.0475 0.3775 0.1705 0.385 1
0.555 0.455 0.17 0.8435 0.309 0.1905 0.3 4
0.545 0.42 0.175 0.754 0.256 0.1775 0.275 3
0.575 0.46 0.145 0.9945 0.466 0.229 0.265 5
0.43 0.34 0.11 0.382 0.154 0.0955 0.109 5
0.505 0.4 0.135 0.723 0.377 0.149 0.178 5
0.52 0.395 0.115 0.6445 0.3155 0.1245 0.186 3
0.465 0.36 0.105 0.498 0.214 0.116 0.14 4
0.695 0.55 0.16 1.6365 0.694 0.3005 0.44 4
0.515 0.43 0.14 0.834 0.367 0.2 0.23 5
0.615 0.49 0.155 0.9885 0.4145 0.195 0.345 4
0.505 0.405 0.11 0.625 0.305 0.16 0.175 5
0.42 0.3 0.105 0.316 0.1255 0.07 0.1035 5
0.615 0.48 0.165 1.1615 0.513 0.301 0.305 3
0.16 0.12 0.035 0.021 0.0075 0.0045 0.005 2
0.71 0.555 0.175 2.14 1.2455 0.3725 0.434 3
0.43 0.315 0.095 0.378 0.175 0.08 0.1045 5
0.58 0.46 0.18 1.0515 0.4095 0.2595 0.276 5
0.435 0.325 0.1 0.366 0.174 0.0725 0.109 5
0.585 0.46 0.145 0.9335 0.478 0.1825 0.235 5
0.675 0.55 0.18 1.6885 0.562 0.3705 0.6 4
0.695 0.565 0.19 1.7635 0.7465 0.399 0.4975 3
0.525 0.415 0.14 0.724 0.3475 0.173 0.175 5
0.37 0.275 0.08 0.227 0.093 0.0625 0.07 5
0.49 0.39 0.135 0.59 0.215 0.125 0.1845 3
0.53 0.41 0.14 0.681 0.3095 0.1415 0.1835 2
0.63 0.495 0.2 1.4255 0.659 0.336 0.38 3
0.175 0.125 0.05 0.0235 0.008 0.0035 0.008 2
0.61 0.5 0.165 1.2715 0.4915 0.185 0.49 3
0.37 0.29 0.08 0.2545 0.108 0.0565 0.07 2
0.59 0.445 0.135 0.7715 0.328 0.1745 0.23 5
0.73 0.55 0.205 1.908 0.5415 0.3565 0.5965 4
0.63 0.505 0.18 1.272 0.6025 0.295 0.315 3
0.55 0.465 0.18 1.2125 0.3245 0.205 0.525 1
0.635 0.525 0.205 1.484 0.55 0.3115 0.43 1
0.52 0.4 0.125 0.6865 0.295 0.1715 0.185 5
0.57 0.45 0.135 0.794 0.3815 0.1415 0.245 5
0.62 0.47 0.2 1.2255 0.381 0.27 0.435 1
0.595 0.48 0.185 1.1785 0.526 0.2975 0.314 3
0.64 0.495 0.165 1.307 0.678 0.292 0.266 3
0.625 0.49 0.175 1.1075 0.4485 0.2165 0.3595 5
0.62 0.485 0.17 1.208 0.4805 0.3045 0.33 4
0.535 0.435 0.15 0.725 0.269 0.1385 0.25 5
0.595 0.5 0.165 1.06 0.402 0.28 0.275 3
0.66 0.525 0.18 1.5965 0.7765 0.397 0.3605 3
0.585 0.45 0.16 1.077 0.4995 0.2875 0.25 3
0.61 0.47 0.165 1.1785 0.566 0.2785 0.294 3
0.67 0.505 0.175 1.0145 0.4375 0.271 0.3745 3
0.54 0.42 0.14 0.7265 0.3205 0.1445 0.229 5
0.605 0.475 0.175 1.201 0.5395 0.275 0.309 3
0.59 0.435 0.165 0.9765 0.4525 0.2395 0.235 5
0.44 0.33 0.115 0.4005 0.143 0.113 0.12 5
0.615 0.46 0.15 1.0265 0.4935 0.201 0.2745 3
0.7 0.535 0.16 1.7255 0.63 0.2635 0.54 1
0.425 0.38 0.105 0.3265 0.1285 0.0785 0.1 3
0.59 0.485 0.155 1.0785 0.4535 0.2435 0.31 5
0.61 0.365 0.155 1.0765 0.488 0.249 0.27 5
0.515 0.425 0.14 0.766 0.304 0.1725 0.255 4
0.56 0.445 0.165 1.0285 0.4535 0.253 0.275 3
0.55 0.45 0.15 1.0145 0.407 0.2015 0.2875 3
0.67 0.51 0.2 1.5945 0.6705 0.3845 0.4505 3
0.495 0.38 0.12 0.512 0.233 0.1205 0.136 5
0.62 0.475 0.16 1.3245 0.6865 0.233 0.3275 5
0.685 0.545 0.18 1.768 0.7495 0.392 0.485 4
0.605 0.485 0.15 1.238 0.6315 0.226 0.33 3
0.45 0.36 0.11 0.447 0.203 0.082 0.13 3
0.335 0.26 0.1 0.192 0.0785 0.0585 0.07 5
0.35 0.265 0.09 0.1775 0.0575 0.042 0.068 3
0.65 0.545 0.16 1.2425 0.487 0.296 0.48 4
0.62 0.51 0.15 1.456 0.581 0.2875 0.32 4
0.61 0.475 0.15 1.142 0.62 0.237 0.245 5
0.475 0.365 0.1 0.1315 0.2025 0.0875 0.123 5
0.66 0.505 0.19 1.4045 0.6255 0.3375 0.3745 5
0.71 0.555 0.17 1.47 0.5375 0.38 0.431 3
