0.77 0.6 0.215 2.1945 1.0515 0.482 0.584 3
0.575 0.44 0.185 1.025 0.5075 0.2245 0.2485 3
0.33 0.26 0.085 0.1965 0.0915 0.0425 0.055 5
0.645 0.51 0.155 1.129 0.5015 0.24 0.342 3
0.285 0.21 0.055 0.101 0.0415 0.017 0.0335 2
0.435 0.335 0.11 0.383 0.1555 0.0675 0.135 3
0.175 0.125 0.05 0.0235 0.008 0.0035 0.008 2
0.59 0.475 0.165 1.077 0.4545 0.244 0.3095 5
0.52 0.41 0.145 0.646 0.2965 0.1595 0.165 5
0.515 0.37 0.115 0.6145 0.3415 0.155 0.146 5
0.55 0.415 0.135 0.8145 0.427 0.1855 0.175 5
0.525 0.44 0.125 0.7115 0.3205 0.159 0.1915 5
0.29 0.23 0.075 0.1165 0.043 0.0255 0.04 5
0.355 0.29 0.09 0.3275 0.134 0.086 0.09 5
0.62 0.47 0.14 1.0325 0.3605 0.224 0.36 4
0.49 0.395 0.14 0.549 0.2215 0.1275 0.15 3
0.72 0.575 0.215 2.173 0.9515 0.564 0.5365 3
0.435 0.35 0.11 0.384 0.143 0.1005 0.125 4
0.4 0.3 0.11 0.2985 0.1375 0.071 0.075 2
0.26 0.215 0.08 0.099 0.037 0.0255 0.045 2
0.595 0.5 0.18 1.053 0.4405 0.192 0.39 4
0.505 0.39 0.115 0.66 0.3045 0.1555 0.175 5
0.575 0.46 0.19 0.994 0.392 0.2425 0.34 4
0.355 0.27 0.075 0.204 0.3045 0.046 0.0595 5
0.49 0.385 0.115 0.683 0.3265 0.1615 0.165 4
0.4 0.295 0.095 0.252 0.1105 0.0575 0.066 2
0.415 0.325 0.1 0.3335 0.1445 0.0715 0.095 5
0.485 0.355 0.12 0.5085 0.21 0.122 0.135 5
0.55 0.425 0.155 0.8725 0.412 0.187 0.2425 3
0.655 0.52 0.165 1.4095 0.586 0.291 0.405 5
0.605 0.475 0.15 1.15 0.575 0.232 0.297 3
0.41 0.335 0.11 0.33 0.157 0.0705 0.17 5
0.455 0.34 0.115 0.486 0.261 0.0655 0.1315 5
0.6 0.475 0.155 1.1385 0.502 0.2295 0.31 5
0.525 0.405 0.115 0.72 0.3105 0.1915 0.2 4
0.335 0.25 0.075 0.1825 0.0705 0.044 0.055 5
0.585 0.47 0.17 0.985 0.3695 0.2395 0.315 3
0.725 0.57 0.19 2.55 1.0705 0.483 0.725 4
0.17 0.13 0.095 0.03 0.013 0.008 0.01 2
0.41 0.325 0.105 0.361 0.1605 0.0665 0.103 5
0.58 0.44 0.18 0.854 0.3665 0.1635 0.245 3
0.515 0.4 0.12 0.659 0.2705 0.179 0.17 4
0.71 0.56 0.18 1.652 0.735 0.381 0.4525 3
0.61 0.45 0.16 1.136 0.414 0.311 0.3 5
0.615 0.475 0.155 1.0735 0.4375 0.2585 0.31 3
0.47 0.4 0.16 0.51 0.1615 0.073 0.198 4
0.595 0.46 0.155 1.03 0.4275 0.207 0.3305 3
0.485 0.39 0.1 0.5565 0.2215 0.1155 0.185 5
0.455 0.355 0.12 0.4495 0.177 0.104 0.15 5
0.535 0.405 0.14 0.7315 0.336 0.156 0.19 5
0.63 0.485 0.19 1.2435 0.4635 0.3055 0.39 1
0.525 0.4 0.13 0.6995 0.3115 0.131 0.223 5
0.505 0.475 0.16 1.1155 0.509 0.239 0.3065 5
0.555 0.435 0.14 0.7495 0.341 0.1645 0.214 5
0.505 0.425 0.125 0.6115 0.245 0.1375 0.2 5
0.6 0.48 0.17 1.056 0.4575 0.2435 0.3135 3
0.39 0.315 0.09 0.3095 0.147 0.05 0.09 5
0.695 0.535 0.2 1.5855 0.667 0.334 0.471 3
0.535 0.4 0.135 0.775 0.368 0.208 0.2055 5
0.495 0.375 0.14 0.494 0.181 0.0975 0.191 5
0.545 0.425 0.135 0.8445 0.373 0.21 0.235 3
0.325 0.23 0.09 0.147 0.06 0.034 0.045 2
0.64 0.54 0.175 1.571 0.627 0.271 0.475 1
0.37 0.295 0.1 0.2685 0.1165 0.056 0.0835 5
0.695 0.515 0.175 1.5165 0.578 0.4105 0.39 4
0.63 0.475 0.155 1.0005 0.452 0.252 0.265 3
0.595 0.465 0.125 0.799 0.3245 0.2 0.23 3
0.59 0.455 0.165 1.161 0.38 0.2455 0.28 3
0.575 0.45 0.13 0.8145 0.403 0.1715 0.213 3
0.62 0.48 0.16 1.1125 0.5635 0.2445 0.281 5
0.585 0.45 0.135 0.855 0.3795 0.187 0.26 5
0.505 0.39 0.125 0.5445 0.246 0.15 0.1405 5
0.465 0.36 0.105 0.488 0.188 0.0845 0.19 3
0.605 0.515 0.17 1.289 0.6 0.2945 0.3315 5
0.72 0.57 0.2 1.8275 0.919 0.366 0.485 3
0.545 0.4 0.14 0.778 0.368 0.215 0.18 5
0.58 0.46 0.155 1.0335 0.469 0.2225 0.295 3
0.49 0.37 0.105 0.5265 0.249 0.1005 0.148 5
0.515 0.425 0.14 0.766 0.304 0.1725 0.255 4
0.45 0.36 0.13 0.478 0.191 0.127 0.137 5
0.615 0.48 0.16 1.2525 0.585 0.2595 0.33 5
0.665 0.525 0.18 1.429 0.6715 0.29 0.4 3
0.665 0.525 0.18 1.5785 0.678 0.229 0.456 4
0.605 0.455 0.16 1.1035 0.421 0.3015 0.325 5
0.535 0.41 0.13 0.6075 0.268 0.1225 0.1975 5
0.36 0.28 0.08 0.1755 0.081 0.0505 0.07 2
0.535 0.4 0.15 0.8045 0.3345 0.2125 0.21 4
0.5 0.4 0.165 0.825 0.254 0.205 0.285 4
0.59 0.45 0.155 0.874 0.369 0.2135 0.24 5
0.645 0.55 0.175 1.2915 0.57 0.3045 0.33 4
0.5 0.395 0.14 0.7155 0.3165 0.176 0.24 3
0.72 0.55 0.195 2.073 1.0715 0.4265 0.5015 5
0.54 0.42 0.135 0.8075 0.3485 0.1795 0.235 3
0.505 0.39 0.12 0.5725 0.2555 0.1325 0.146 5
0.335 0.25 0.08 0.167 0.0675 0.0325 0.0575 2
0.625 0.48 0.17 1.3555 0.671 0.268 0.3385 3
0.5 0.375 0.145 0.6215 0.274 0.166 0.1485 5
0.67 0.535 0.185 1.597 0.6275 0.35 0.47 1
0.62 0.47 0.135 1.0195 0.5315 0.2005 0.2475 5
0.535 0.435 0.155 0.8915 0.3415 0.177 0.25 4
0.585 0.47 0.145 0.9565 0.4025 0.2365 0.265 5
0.49 0.39 0.135 0.5785 0.2465 0.123 0.2 4
0.435 0.33 0.11 0.413 0.2055 0.096 0.096 2
0.315 0.23 0.07 0.164 0.0625 0.04 0.045 2
0.275 0.205 0.075 0.1105 0.045 0.0285 0.035 2
0.235 0.175 0.08 0.0645 0.0215 0.0175 0.0215 2
0.635 0.525 0.18 1.3695 0.634 0.318 0.363 3
0.385 0.3 0.1 0.2725 0.1115 0.057 0.08 2
0.685 0.54 0.16 1.6675 0.833 0.3775 0.475 3
0.5 0.385 0.145 0.7615 0.246 0.195 0.204 4
0.58 0.46 0.135 0.926 0.4025 0.208 0.275 5
0.59 0.46 0.155 0.906 0.327 0.1485 0.335 4
0.52 0.395 0.125 0.5815 0.2565 0.1265 0.17 3
0.45 0.33 0.105 0.3715 0.1865 0.0785 0.0975 5
0.41 0.33 0.105 0.335 0.1525 0.074 0.11 5
0.645 0.51 0.2 1.5675 0.621 0.367 0.46 3
0.265 0.205 0.07 0.1055 0.039 0.041 0.035 2
0.57 0.45 0.145 0.751 0.2825 0.2195 0.2215 3
0.53 0.42 0.135 0.677 0.2565 0.1415 0.21 5
0.54 0.415 0.15 0.8115 0.3875 0.1875 0.2035 5
0.555 0.44 0.14 0.8705 0.407 0.156 0.255 5
0.61 0.475 0.17 1.0265 0.435 0.2335 0.3035 3
0.635 0.5 0.165 1.4595 0.705 0.2645 0.39 5
0.515 0.42 0.135 0.6295 0.2815 0.127 0.215 5
0.235 0.18 0.06 0.058 0.022 0.0145 0.018 2
0.34 0.245 0.085 0.2015 0.1005 0.038 0.053 2
0.625 0.515 0.18 1.3485 0.5255 0.252 0.3925 4
0.68 0.54 0.21 1.7885 0.8345 0.408 0.437 4
0.285 0.215 0.06 0.0935 0.031 0.023 0.03 2
0.565 0.44 0.155 0.868 0.348 0.217 0.26 3
0.615 0.46 0.17 1.0565 0.4815 0.272 0.27 3
0.34 0.25 0.09 0.179 0.0775 0.033 0.055 2
0.5 0.385 0.115 0.6785 0.2945 0.138 0.195 3
0.48 0.365 0.1 0.461 0.2205 0.0835 0.135 5
0.55 0.43 0.18 0.8265 0.4405 0.159 0.225 3
0.37 0.29 0.09 0.2445 0.089 0.0655 0.075 5
0.155 0.11 0.04 0.0155 0.0065 0.003 0.005 2
0.58 0.45 0.195 0.8265 0.4035 0.173 0.225 5
0.48 0.37 0.125 0.5435 0.244 0.101 0.165 5
0.365 0.27 0.085 0.197 0.0815 0.0325 0.065 2
0.605 0.48 0.17 1.1835 0.582 0.2365 0.317 3
0.595 0.465 0.15 1.0255 0.412 0.2745 0.289 3
0.575 0.45 0.155 0.9765 0.495 0.2145 0.235 5
0.38 0.285 0.1 0.2665 0.115 0.061 0.075 3
0.56 0.45 0.155 0.9125 0.3595 0.271 0.35 3
0.6 0.495 0.175 1.29 0.606 0.276 0.3445 3
0.18 0.125 0.035 0.0265 0.0095 0.0055 0.0085 2
0.2 0.145 0.06 0.037 0.0125 0.0095 0.011 2
0.48 0.39 0.15 0.6275 0.276 0.134 0.185 4
0.68 0.53 0.185 1.1095 0.439 0.245 0.34 3
0.505 0.385 0.12 0.6005 0.239 0.142 0.185 5
0.63 0.505 0.175 1.221 0.555 0.252 0.34 3
0.63 0.5 0.175 1.1105 0.467 0.268 0.329 3
0.545 0.42 0.12 0.7865 0.403 0.185 0.17 5
0.57 0.445 0.145 0.7405 0.306 0.172 0.1825 3
0.515 0.425 0.145 0.9365 0.497 0.181 0.2185 5
0.555 0.43 0.165 0.7575 0.2735 0.1635 0.275 4
0.485 0.345 0.16 0.869 0.3085 0.185 0.319 5
0.675 0.53 0.175 1.4465 0.6775 0.33 0.389 3
0.465 0.345 0.11 0.4415 0.1755 0.0905 0.12 5
0.53 0.395 0.125 0.6235 0.2975 0.108 0.195 3
0.615 0.455 0.13 0.9685 0.49 0.182 0.2655 3
0.49 0.38 0.145 0.6725 0.249 0.181 0.21 3
0.485 0.39 0.12 0.599 0.251 0.1345 0.169 5
0.175 0.135 0.04 0.0305 0.011 0.0075 0.01 2
0.55 0.425 0.14 0.952 0.4895 0.1945 0.2185 5
0.625 0.48 0.2 1.3235 0.6075 0.3055 0.355 5
0.55 0.435 0.125 0.741 0.348 0.1585 0.206 5
0.6 0.47 0.175 1.105 0.4865 0.247 0.315 4
0.235 0.13 0.075 0.1585 0.0685 0.037 0.0465 2
0.525 0.43 0.15 0.7365 0.3225 0.161 0.215 3
0.335 0.245 0.09 0.2015 0.096 0.0405 0.048 5
0.595 0.465 0.145 1.107 0.402 0.2415 0.31 3
0.525 0.385 0.13 0.607 0.2355 0.125 0.195 5
0.71 0.56 0.22 2.015 0.9215 0.454 0.566 3
0.47 0.375 0.12 0.487 0.196 0.099 0.135 5
0.625 0.5 0.195 1.369 0.5875 0.2185 0.37 1
0.435 0.345 0.115 0.418 0.222 0.0735 0.106 5
0.53 0.415 0.14 0.724 0.3105 0.1675 0.205 3
0.51 0.41 0.155 1.2825 0.569 0.291 0.3795 5
0.495 0.37 0.125 0.4775 0.185 0.0705 0.169 1
0.39 0.295 0.095 0.203 0.0875 0.045 0.075 5
0.695 0.55 0.195 1.6645 0.727 0.36 0.445 3
0.53 0.415 0.13 0.8425 0.275 0.1945 0.265 1
0.57 0.45 0.155 1.195 0.5625 0.2565 0.295 3
0.48 0.36 0.1 0.439 0.194 0.099 0.115 5
0.51 0.39 0.135 0.6335 0.231 0.179 0.2 5
0.605 0.485 0.165 1.0735 0.437 0.205 0.33 4
0.5 0.395 0.12 0.537 0.2165 0.1085 0.1785 5
0.665 0.525 0.155 1.3575 0.5325 0.3045 0.4485 3
0.495 0.385 0.125 0.585 0.2755 0.1235 0.165 5
0.45 0.35 0.145 0.5425 0.1765 0.123 0.175 4
0.375 0.28 0.08 0.2235 0.115 0.043 0.055 2
0.65 0.505 0.18 1.469 0.7115 0.3335 0.38 5
0.525 0.4 0.14 0.601 0.2625 0.1285 0.1835 5
0.68 0.51 0.2 1.6075 0.714 0.339 0.4705 3
0.245 0.18 0.065 0.071 0.03 0.013 0.0215 2
0.475 0.375 0.125 0.593 0.277 0.115 0.18 3
0.67 0.525 0.18 1.6615 0.8005 0.3645 0.43 3
0.735 0.57 0.21 2.2355 1.1705 0.463 0.5315 3
0.625 0.52 0.18 1.354 0.4845 0.351 0.375 3
0.58 0.455 0.17 0.9075 0.374 0.2135 0.285 4
0.605 0.505 0.18 1.434 0.7285 0.264 0.431 3
0.355 0.265 0.09 0.168 0.05 0.041 0.063 5
0.585 0.45 0.125 0.874 0.3545 0.2075 0.225 2
0.505 0.385 0.115 0.616 0.243 0.1075 0.21 3
0.35 0.275 0.11 0.2925 0.1225 0.0635 0.0905 5
0.51 0.405 0.13 0.599 0.3065 0.1155 0.1485 5
0.7 0.575 0.19 2.273 1.095 0.418 0.638 3
0.475 0.36 0.135 0.4355 0.196 0.0925 0.125 5
0.585 0.465 0.17 0.9915 0.3865 0.224 0.265 3
0.6 0.46 0.155 0.9735 0.427 0.2045 0.3 5
0.375 0.28 0.1 0.2565 0.1165 0.0585 0.0725 3
0.495 0.38 0.135 0.5095 0.2065 0.1165 0.165 5
0.585 0.46 0.165 1.058 0.486 0.25 0.294 5
0.775 0.63 0.25 2.7795 1.3485 0.76 0.578 3
0.55 0.405 0.15 0.9235 0.412 0.2135 0.24 5
0.505 0.4 0.145 0.7045 0.334 0.1425 0.207 5
0.43 0.34 0.12 0.391 0.1555 0.095 0.1405 5
0.68 0.5 0.185 1.741 0.7665 0.3255 0.4685 3
0.42 0.34 0.115 0.4215 0.175 0.093 0.135 5
0.73 0.575 0.21 2.069 0.9285 0.409 0.643 3
0.195 0.135 0.04 0.0325 0.0135 0.005 0.0095 2
0.61 0.5 0.165 1.2715 0.4915 0.185 0.49 3
0.625 0.525 0.195 1.352 0.4505 0.2445 0.53 4
0.49 0.36 0.11 0.5005 0.161 0.107 0.195 1
0.535 0.41 0.155 0.6315 0.2745 0.1415 0.1815 3
0.62 0.465 0.185 1.274 0.579 0.3065 0.32 3
0.595 0.48 0.16 1.2095 0.5225 0.296 0.32 5
0.525 0.435 0.155 1.065 0.486 0.233 0.285 5
0.635 0.5 0.165 1.489 0.715 0.3445 0.3615 4
0.47 0.355 0.1 0.4755 0.1675 0.0805 0.185 3
0.575 0.465 0.15 1.08 0.595 0.2065 0.238 5
0.57 0.44 0.14 0.9535 0.3785 0.201 0.305 1
0.325 0.25 0.075 0.1585 0.075 0.0305 0.0455 2
0.335 0.255 0.08 0.168 0.079 0.0355 0.05 2
0.26 0.2 0.065 0.096 0.044 0.027 0.03 2
0.525 0.415 0.16 0.6445 0.26 0.1575 0.22 3
0.52 0.41 0.125 0.6985 0.2945 0.1625 0.215 3
0.47 0.355 0.18 0.48 0.2055 0.105 0.1505 5
0.3 0.22 0.065 0.1235 0.059 0.026 0.0315 2
0.43 0.32 0.1 0.3855 0.192 0.0745 0.1 5
0.645 0.51 0.155 1.539 0.6405 0.3585 0.43 3
0.54 0.455 0.14 0.972 0.419 0.255 0.269 3
0.295 0.21 0.08 0.1 0.038 0.026 0.031 5
0.37 0.275 0.095 0.257 0.1015 0.055 0.0825 2
0.435 0.34 0.11 0.3795 0.1495 0.085 0.12 5
0.455 0.375 0.12 0.497 0.2355 0.1055 0.1295 2
0.565 0.415 0.125 0.667 0.302 0.1545 0.185 5
0.575 0.445 0.145 0.876 0.3795 0.1615 0.27 3
0.47 0.375 0.125 0.5225 0.2265 0.104 0.162 5
0.665 0.505 0.16 1.289 0.6145 0.253 0.3665 3
0.37 0.275 0.08 0.2325 0.093 0.056 0.072 2
0.31 0.245 0.095 0.15 0.0525 0.034 0.048 5
0.385 0.28 0.09 0.228 0.1025 0.042 0.0655 2
0.575 0.47 0.15 0.9785 0.4505 0.196 0.276 5
0.7 0.555 0.22 1.666 0.647 0.4285 0.455 3
0.435 0.33 0.11 0.38 0.1515 0.0945 0.11 5
0.48 0.35 0.105 0.635 0.352 0.127 0.135 2
0.325 0.24 0.075 0.1525 0.072 0.0645 0.043 2
0.455 0.35 0.11 0.458 0.2 0.111 0.1305 5
0.525 0.4 0.17 0.7305 0.279 0.2055 0.195 3
0.395 0.29 0.095 0.319 0.138 0.08 0.082 5
0.41 0.3 0.1 0.301 0.124 0.069 0.09 5
0.615 0.47 0.145 1.0285 0.4435 0.2825 0.285 3
0.55 0.43 0.155 0.785 0.289 0.227 0.233 3
0.61 0.475 0.15 0.9665 0.4145 0.2 0.345 3
0.35 0.265 0.09 0.2265 0.0995 0.0575 0.065 2
0.64 0.51 0.165 1.486 0.7595 0.332 0.321 5
0.52 0.395 0.145 0.77 0.424 0.142 0.1895 5
0.68 0.53 0.18 1.529 0.7635 0.3115 0.4025 3
0.625 0.445 0.16 1.09 0.46 0.2965 0.304 3
0.425 0.32 0.085 0.262 0.1235 0.067 0.0725 5
0.42 0.31 0.1 0.2805 0.1125 0.0615 0.0925 5
0.315 0.23 0.08 0.1375 0.0545 0.031 0.0445 2
0.49 0.395 0.135 0.5545 0.213 0.0925 0.215 4
0.535 0.41 0.135 0.862 0.2855 0.1525 0.32 4
0.245 0.19 0.06 0.086 0.042 0.014 0.025 2
0.625 0.49 0.165 1.1835 0.517 0.2375 0.39 3
0.5 0.4 0.13 0.7715 0.37 0.16 0.211 5
0.695 0.57 0.2 2.033 0.751 0.4255 0.685 4
0.65 0.5 0.165 1.1445 0.485 0.218 0.365 3
0.64 0.505 0.175 1.3185 0.6185 0.302 0.3315 5
0.455 0.435 0.11 0.4265 0.195 0.09 0.1205 5
0.53 0.425 0.13 0.7455 0.2995 0.1355 0.245 3
0.685 0.54 0.215 1.7025 0.664 0.3655 0.4735 4
0.51 0.39 0.125 0.6565 0.262 0.1835 0.175 3
0.36 0.27 0.085 0.196 0.0875 0.035 0.064 2
0.51 0.415 0.145 0.751 0.3295 0.1835 0.203 5
0.57 0.445 0.145 0.8775 0.412 0.217 0.22 5
0.565 0.45 0.145 0.8495 0.4215 0.1685 0.225 5
0.65 0.5 0.185 1.4415 0.741 0.2955 0.341 5
0.475 0.36 0.11 0.492 0.211 0.11 0.15 5
0.53 0.4 0.165 0.772 0.2855 0.1975 0.23 3
0.59 0.465 0.155 1.136 0.5245 0.2615 0.275 3
0.495 0.395 0.12 0.553 0.224 0.1375 0.167 5
0.53 0.42 0.135 0.675 0.294 0.156 0.1825 3
0.55 0.47 0.15 0.9205 0.381 0.2435 0.2675 3
0.73 0.595 0.23 2.8255 1.1465 0.419 0.897 1
0.395 0.295 0.1 0.293 0.14 0.062 0.082 5
0.615 0.495 0.2 1.219 0.564 0.227 0.3885 3
0.335 0.26 0.09 0.1965 0.0875 0.041 0.056 5
0.515 0.36 0.125 0.4725 0.1815 0.125 0.138 5
0.215 0.165 0.055 0.059 0.0265 0.0125 0.0185 2
0.35 0.26 0.075 0.18 0.09 0.0245 0.055 2
0.31 0.215 0.075 0.1275 0.0565 0.0275 0.036 5
0.54 0.44 0.135 0.959 0.2385 0.221 0.3 1
0.52 0.395 0.125 0.5805 0.2445 0.146 0.165 5
0.62 0.49 0.16 1.066 0.446 0.246 0.305 3
0.33 0.205 0.095 0.1595 0.077 0.032 0.0435 2
0.53 0.425 0.13 0.781 0.3905 0.2005 0.215 5
0.665 0.5 0.175 1.4355 0.643 0.345 0.37 5
0.53 0.41 0.165 0.8115 0.24 0.169 0.24 1
0.655 0.52 0.19 1.4545 0.6 0.3865 0.383 3
0.375 0.28 0.085 0.3155 0.187 0.046 0.067 5
0.635 0.505 0.155 1.2895 0.594 0.314 0.345 3
0.51 0.395 0.13 0.6025 0.281 0.143 0.162 5
0.66 0.535 0.205 1.4415 0.5925 0.2775 0.49 3
0.625 0.485 0.165 1.2255 0.5075 0.296 0.36 3
0.24 0.175 0.065 0.0665 0.031 0.0135 0.017 2
0.58 0.455 0.12 0.94 0.399 0.257 0.265 3
0.425 0.325 0.1 0.3295 0.1365 0.0725 0.11 5
0.415 0.31 0.1 0.2805 0.114 0.0565 0.0975 2
0.5 0.375 0.13 0.721 0.3055 0.1725 0.22 4
0.63 0.495 0.145 1.147 0.5455 0.266 0.2885 5
0.6 0.465 0.155 1.262 0.6245 0.2455 0.33 3
0.59 0.48 0.16 1.262 0.5685 0.2725 0.335 5
0.39 0.29 0.1 0.2845 0.1255 0.0635 0.081 5
0.61 0.46 0.16 1 0.494 0.197 0.275 3
0.57 0.425 0.13 0.782 0.3695 0.1745 0.1965 5
0.465 0.405 0.135 0.7775 0.436 0.1715 0.1455 3
0.655 0.5 0.14 1.1705 0.5405 0.3175 0.285 3
0.41 0.31 0.09 0.3335 0.1635 0.061 0.091 2
0.56 0.44 0.155 0.9705 0.4315 0.263 0.255 5
0.675 0.51 0.17 1.527 0.809 0.318 0.341 3
0.54 0.42 0.145 0.8655 0.4315 0.163 0.2175 3
0.42 0.325 0.1 0.368 0.1675 0.0625 0.1135 3
0.505 0.4 0.125 0.77 0.2735 0.159 0.255 4
0.5 0.38 0.135 0.594 0.2945 0.104 0.1565 5
0.4 0.29 0.1 0.258 0.104 0.059 0.0815 5
0.59 0.455 0.155 1.066 0.382 0.2275 0.415 1
0.485 0.365 0.15 0.9145 0.4145 0.199 0.273 5
0.41 0.305 0.1 0.2645 0.1 0.0655 0.085 5
0.575 0.47 0.155 1.116 0.509 0.238 0.34 3
0.445 0.32 0.12 0.414 0.199 0.09 0.117 5
0.71 0.55 0.17 1.614 0.743 0.345 0.45 3
0.35 0.265 0.11 0.2965 0.1365 0.063 0.085 5
0.425 0.33 0.115 0.3265 0.1315 0.077 0.103 2
0.5 0.4 0.12 0.616 0.261 0.143 0.1935 5
0.66 0.525 0.18 1.478 0.5815 0.381 0.372 3
0.635 0.5 0.18 1.154 0.4405 0.2315 0.387 5
0.465 0.38 0.135 0.579 0.208 0.1095 0.22 4
0.67 0.52 0.175 1.4755 0.6275 0.379 0.374 3
0.605 0.48 0.175 1.1685 0.4815 0.2305 0.356 5
0.285 0.215 0.07 0.1075 0.051 0.0225 0.027 2
0.075 0.055 0.01 0.002 0.001 0.0005 0.0015 2
0.36 0.27 0.09 0.1885 0.0845 0.0385 0.055 2
0.55 0.44 0.135 0.879 0.368 0.2095 0.265 3
0.51 0.41 0.145 0.796 0.3865 0.1815 0.1955 5
0.57 0.45 0.16 0.9715 0.3965 0.255 0.26 3
0.4 0.315 0.09 0.3245 0.151 0.073 0.088 5
0.25 0.19 0.06 0.0765 0.036 0.0115 0.0245 2
0.525 0.4 0.145 0.6095 0.248 0.159 0.175 5
0.165 0.11 0.02 0.019 0.0065 0.0025 0.005 2
0.455 0.355 1.13 0.594 0.332 0.116 0.1335 5
0.445 0.355 0.15 0.485 0.181 0.125 0.155 3
0.625 0.5 0.175 1.273 0.564 0.302 0.374 5
0.38 0.28 0.085 0.2735 0.115 0.061 0.085 2
0.525 0.405 0.12 0.7555 0.3755 0.1555 0.201 5
0.655 0.5 0.205 1.528 0.6215 0.3725 0.4535 3
0.49 0.37 0.115 0.541 0.171 0.1175 0.185 3
0.19 0.13 0.03 0.0295 0.0155 0.015 0.01 2
0.555 0.455 0.135 0.837 0.382 0.171 0.235 5
0.45 0.335 0.105 0.447 0.2335 0.153 0.119 5
0.43 0.345 0.115 0.4295 0.212 0.108 0.109 5
0.7 0.575 0.2 1.7365 0.7755 0.3965 0.461 3
0.575 0.47 0.165 0.853 0.292 0.179 0.35 4
0.61 0.48 0.19 1.2955 0.5215 0.3225 0.365 3
0.53 0.42 0.12 0.5965 0.2555 0.141 0.177 5
0.575 0.455 0.165 0.867 0.3765 0.1805 0.268 5
0.535 0.42 0.15 0.6995 0.2575 0.153 0.24 3
0.52 0.39 0.14 0.7325 0.2415 0.144 0.26 1
0.6 0.45 0.14 0.837 0.37 0.177 0.2425 3
0.63 0.495 0.2 1.4255 0.659 0.336 0.38 3
0.36 0.265 0.09 0.2165 0.096 0.037 0.0735 3
0.675 0.535 0.16 1.41 0.592 0.3175 0.42 4
0.415 0.31 0.095 0.311 0.1125 0.0625 0.115 5
0.465 0.345 0.11 0.393 0.1825 0.0735 0.12 5
0.35 0.265 0.09 0.1775 0.0575 0.042 0.068 3
0.655 0.525 0.19 1.3595 0.564 0.3215 0.3985 3
0.4 0.31 0.1 0.2875 0.1145 0.0635 0.095 3
0.56 0.44 0.14 0.825 0.402 0.139 0.245 3
0.37 0.29 0.115 0.25 0.111 0.057 0.075 5
0.57 0.435 0.17 0.873 0.382 0.183 0.2705 3
0.585 0.455 0.165 0.998 0.345 0.2495 0.315 3
0.485 0.38 0.14 0.673 0.2175 0.13 0.195 1
0.47 0.355 0.125 0.499 0.21 0.0985 0.155 5
0.615 0.47 0.16 1.0175 0.473 0.2395 0.28 3
0.42 0.33 0.125 0.463 0.186 0.11 0.145 3
0.315 0.235 0.08 0.18 0.08 0.045 0.047 2
0.59 0.46 0.145 0.929 0.38 0.24 0.255 3
0.5 0.405 0.14 0.6735 0.265 0.124 0.25 1
0.58 0.46 0.185 1.017 0.3515 0.2 0.32 3
0.595 0.47 0.155 1.2015 0.492 0.3865 0.265 3
0.59 0.46 0.14 1.004 0.496 0.2165 0.26 5
0.575 0.47 0.165 0.869 0.435 0.197 0.238 5
0.36 0.265 0.09 0.2055 0.096 0.037 0.0585 5
0.555 0.43 0.155 0.7395 0.3135 0.1435 0.28 3
0.61 0.485 0.165 1.0915 0.3935 0.2435 0.33 1
0.565 0.45 0.155 1.0595 0.4735 0.24 0.265 3
0.455 0.35 0.105 0.401 0.1575 0.083 0.135 5
0.445 0.34 0.145 0.434 0.1945 0.0905 0.13 5
0.61 0.48 0.175 1.0675 0.391 0.216 0.42 4
0.68 0.56 0.165 1.639 0.6055 0.2805 0.46 4
0.63 0.485 0.145 1.062 0.5065 0.1785 0.3365 3
0.24 0.185 0.07 0.0715 0.026 0.018 0.025 2
0.655 0.54 0.215 1.844 0.7425 0.327 0.585 1
0.47 0.38 0.125 0.4845 0.211 0.1075 0.142 2
0.545 0.425 0.14 0.8145 0.305 0.231 0.244 3
0.625 0.42 0.165 1.0595 0.358 0.165 0.445 1
0.23 0.18 0.05 0.064 0.0215 0.0135 0.02 2
0.55 0.425 0.145 0.89 0.4325 0.171 0.236 3
0.72 0.58 0.195 2.103 1.0265 0.48 0.5375 3
0.53 0.425 0.15 0.8495 0.328 0.232 0.202 5
0.31 0.225 0.075 0.155 0.065 0.037 0.0365 2
0.32 0.24 0.085 0.17 0.0655 0.047 0.049 5
0.55 0.43 0.14 0.8105 0.368 0.161 0.275 5
0.705 0.555 0.215 2.141 1.0465 0.383 0.528 3
0.675 0.555 0.205 1.925 0.713 0.358 0.4535 4
0.435 0.335 0.11 0.4385 0.2075 0.0715 0.1315 5
0.43 0.335 0.12 0.397 0.1985 0.0865 0.1035 5
0.46 0.37 0.12 0.5335 0.2645 0.108 0.1345 2
0.41 0.3 0.1 0.282 0.1255 0.057 0.0875 5
0.375 0.27 0.085 0.218 0.0945 0.039 0.07 5
0.375 0.29 0.08 0.282 0.1405 0.0725 0.08 5
0.505 0.395 0.125 0.635 0.29 0.1555 0.175 5
0.535 0.42 0.13 0.8055 0.301 0.181 0.28 4
0.515 0.39 0.12 0.6125 0.302 0.1365 0.1415 5
0.605 0.485 0.15 1.238 0.6315 0.226 0.33 3
0.485 0.37 0.14 0.5725 0.204 0.1415 0.175 3
0.48 0.365 0.12 0.6015 0.312 0.117 0.14 5
0.57 0.405 0.16 0.9245 0.3445 0.2185 0.295 1
0.65 0.525 0.175 1.4715 0.675 0.315 0.399 3
0.715 0.525 0.185 1.56 0.6655 0.383 0.405 3
0.395 0.3 0.09 0.2855 0.1385 0.0625 0.077 2
0.355 0.28 0.085 0.2905 0.095 0.0395 0.115 5
0.59 0.47 0.17 0.9 0.355 0.1905 0.25 3
0.525 0.4 0.125 0.6965 0.369 0.1385 0.164 5
0.695 0.535 0.175 1.361 0.5465 0.2815 0.465 3
0.535 0.42 0.125 0.764 0.312 0.1505 0.265 3
0.46 0.35 0.11 0.4 0.176 0.083 0.1205 5
0.72 0.565 0.2 2.1055 1.017 0.363 0.494 3
0.6 0.47 0.155 1.036 0.4375 0.196 0.325 1
0.64 0.505 0.18 1.297 0.59 0.3125 0.363 3
0.66 0.505 0.2 1.6305 0.4865 0.297 0.61 1
0.58 0.455 0.15 1.012 0.4985 0.2115 0.2835 3
0.61 0.485 0.15 1.2405 0.6025 0.2915 0.3085 3
0.66 0.525 0.18 1.5965 0.7765 0.397 0.3605 3
0.71 0.565 0.2 1.601 0.706 0.321 0.45 3
0.57 0.445 0.14 1.0635 0.5265 0.2195 0.24 5
0.5 0.37 0.115 0.5745 0.306 0.112 0.141 5
0.48 0.38 0.125 0.523 0.2105 0.1045 0.175 4
0.66 0.525 0.205 1.3665 0.5005 0.291 0.41 1
0.645 0.5 0.175 1.3385 0.633 0.299 0.349 3
0.56 0.445 0.15 0.8225 0.3685 0.187 0.236 3
0.51 0.395 0.12 0.6175 0.262 0.122 0.193 3
0.325 0.24 0.075 0.155 0.0475 0.0355 0.06 5
0.515 0.395 0.135 1.007 0.472 0.2495 0.252 5
0.53 0.415 0.12 0.706 0.3355 0.1635 0.1345 5
0.585 0.445 0.14 0.913 0.4305 0.2205 0.253 3
0.405 0.3 0.105 0.304 0.1455 0.061 0.0805 2
0.58 0.45 0.16 0.8675 0.3935 0.221 0.215 5
0.54 0.475 0.155 0.928 0.394 0.194 0.26 3
0.285 0.21 0.075 0.1185 0.055 0.0285 0.04 5
0.52 0.415 0.14 0.6385 0.2945 0.1405 0.171 5
0.52 0.415 0.145 0.8045 0.3325 0.1725 0.285 3
0.375 0.29 0.1 0.276 0.1175 0.0565 0.085 5
0.29 0.21 0.065 0.097 0.0375 0.022 0.03 2
0.51 0.4 0.15 0.745 0.2865 0.1675 0.235 4
0.59 0.47 0.15 0.9955 0.481 0.232 0.24 5
0.47 0.375 0.13 0.5795 0.2145 0.164 0.195 4
0.455 0.35 0.105 0.416 0.1625 0.097 0.145 3
0.55 0.465 0.15 0.936 0.481 0.174 0.2435 5
0.395 0.305 0.105 0.284 0.1135 0.0595 0.0945 5
0.53 0.425 0.13 0.7585 0.325 0.197 0.205 5
0.475 0.36 0.125 0.447 0.1695 0.081 0.14 5
0.63 0.505 0.18 1.272 0.6025 0.295 0.315 3
0.435 0.32 0.12 0.3785 0.152 0.0915 0.125 3
0.585 0.465 0.16 0.9555 0.4595 0.236 0.265 5
0.535 0.42 0.16 0.72 0.275 0.164 0.225 4
0.315 0.24 0.085 0.1715 0.071 0.0345 0.0535 5
0.315 0.23 0.07 0.1145 0.046 0.0235 0.0385 2
0.61 0.485 0.175 1.2445 0.544 0.297 0.345 3
0.515 0.4 0.17 0.796 0.258 0.1755 0.28 4
0.425 0.33 0.13 0.4405 0.152 0.0935 0.155 5
0.66 0.515 0.155 1.4415 0.7055 0.3555 0.335 3
0.625 0.515 0.16 1.264 0.5715 0.326 0.321 5
0.625 0.5 0.17 1.0985 0.4645 0.22 0.354 5
0.62 0.51 0.205 1.3475 0.4775 0.2565 0.48 4
0.48 0.375 0.115 0.6765 0.3205 0.1065 0.17 2
0.29 0.215 0.065 0.0985 0.0425 0.021 0.031 2
0.405 0.3 0.12 0.324 0.1265 0.07 0.11 5
0.2 0.15 0.04 0.046 0.021 0.007 0.0065 2
0.36 0.275 0.085 0.1975 0.0745 0.0415 0.07 5
0.68 0.52 0.185 1.494 0.615 0.3935 0.406 3
0.5 0.37 0.135 0.45 0.1715 0.1055 0.155 5
0.45 0.35 0.12 0.468 0.2005 0.1065 0.1325 5
0.6 0.475 0.155 1.21 0.653 0.1695 0.3205 3
0.56 0.455 0.145 0.974 0.547 0.1615 0.235 5
0.235 0.17 0.055 0.0515 0.018 0.0105 0.0195 5
0.635 0.5 0.18 1.2915 0.594 0.2695 0.37 5
0.46 0.345 0.105 0.415 0.187 0.087 0.11 5
0.495 0.385 0.125 0.5125 0.2075 0.1155 0.172 3
0.53 0.425 0.17 0.949 0.3485 0.2395 0.278 1
0.415 0.32 0.1 0.3005 0.1215 0.0575 0.104 3
0.585 0.485 0.15 1.079 0.4145 0.2115 0.356 3
0.57 0.435 0.14 0.8585 0.3905 0.196 0.2295 5
0.615 0.48 0.185 1.2205 0.4985 0.315 0.33 3
0.44 0.34 0.1 0.379 0.1725 0.0815 0.101 5
0.58 0.44 0.175 1.073 0.4005 0.2345 0.335 1
0.335 0.265 0.095 0.1975 0.0795 0.0375 0.07 5
0.58 0.435 0.15 0.8915 0.363 0.1925 0.2515 2
0.685 0.55 0.2 1.7725 0.813 0.387 0.49 3
0.435 0.3 0.12 0.5965 0.259 0.139 0.1645 5
0.72 0.525 0.18 1.445 0.631 0.3215 0.435 5
0.48 0.355 0.11 0.4495 0.201 0.089 0.14 5
0.67 0.54 0.195 1.217 0.532 0.2735 0.3315 3
0.57 0.45 0.16 0.8615 0.3725 0.2175 0.255 3
0.575 0.44 0.125 0.8515 0.4555 0.1715 0.1965 5
0.46 0.375 0.13 0.5735 0.2505 0.119 0.195 5
0.59 0.5 0.15 1.142 0.485 0.265 0.345 5
0.64 0.485 0.16 1.006 0.456 0.2245 0.2835 5
0.64 0.5 0.17 1.2645 0.565 0.3375 0.315 5
0.485 0.375 0.14 0.521 0.2 0.123 0.17 5
0.5 0.38 0.155 0.5955 0.2135 0.161 0.2 3
0.225 0.16 0.045 0.0465 0.025 0.015 0.015 2
0.545 0.435 0.15 0.6855 0.2905 0.145 0.225 3
0.595 0.46 0.15 0.8335 0.377 0.1925 0.235 5
0.365 0.27 0.075 0.2215 0.095 0.0445 0.07 2
0.6 0.475 0.23 1.157 0.522 0.2235 0.36 3
0.36 0.27 0.09 0.232 0.12 0.0435 0.056 5
0.36 0.27 0.1 0.217 0.0885 0.0495 0.0715 2
0.625 0.49 0.2 1.3825 0.5895 0.285 0.381 3
0.625 0.465 0.14 1.195 0.4825 0.205 0.4 4
0.62 0.45 0.2 0.858 0.4285 0.1525 0.2405 5
0.585 0.42 0.155 0.9845 0.442 0.2155 0.2875 4
0.395 0.27 0.1 0.2985 0.1445 0.061 0.082 2
0.52 0.405 0.12 0.627 0.2645 0.1415 0.181 3
0.585 0.46 0.15 1.206 0.581 0.216 0.323 3
0.46 0.375 0.135 0.4935 0.186 0.0845 0.17 3
0.425 0.325 0.105 0.3975 0.1815 0.081 0.1175 5
0.435 0.335 0.11 0.334 0.1355 0.0775 0.0965 5
0.63 0.48 0.145 1.0115 0.4235 0.237 0.305 3
0.61 0.475 0.155 1.168 0.554 0.239 0.3295 3
0.295 0.215 0.07 0.121 0.047 0.0155 0.0405 2
0.535 0.42 0.145 0.791 0.33 0.189 0.25 3
0.595 0.46 0.16 0.921 0.4005 0.2025 0.2875 5
0.475 0.36 0.125 0.4905 0.205 0.1305 0.125 5
0.365 0.295 0.08 0.2555 0.097 0.043 0.1 5
0.58 0.44 0.16 0.8295 0.3365 0.2005 0.2485 5
0.45 0.33 0.105 0.4955 0.2575 0.082 0.129 5
0.595 0.435 0.15 0.9 0.4175 0.17 0.265 5
0.66 0.515 0.2 1.6465 0.749 0.422 0.401 3
0.62 0.5 0.175 1.186 0.4985 0.3015 0.35 3
0.545 0.375 0.12 0.543 0.2375 0.1155 0.1725 5
0.715 0.525 0.2 1.89 0.95 0.436 0.4305 3
0.54 0.42 0.19 0.6855 0.293 0.163 0.38 3
0.485 0.365 0.09 0.651 0.3165 0.132 0.18 5
0.74 0.6 0.195 1.974 0.598 0.4085 0.71 4
0.2 0.14 0.055 0.035 0.0145 0.008 0.01 2
0.545 0.42 0.145 0.778 0.3745 0.1545 0.205 5
0.465 0.34 0.105 0.486 0.231 0.1035 0.1225 5
0.57 0.44 0.19 1.018 0.447 0.207 0.265 5
0.5 0.385 0.135 0.6425 0.3195 0.129 0.1535 5
0.68 0.55 0.21 1.7445 0.5975 0.305 0.625 1
0.52 0.395 0.135 0.633 0.2985 0.1295 0.175 5
0.56 0.415 0.13 0.7615 0.3695 0.17 0.1955 5
0.45 0.35 0.1 0.3675 0.1465 0.1015 0.12 3
0.63 0.5 0.175 1.2645 0.5635 0.3065 0.3425 3
0.67 0.505 0.175 1.0145 0.4375 0.271 0.3745 3
0.525 0.425 0.16 0.8355 0.3545 0.2135 0.245 5
0.455 0.355 0.08 0.452 0.2165 0.0995 0.125 5
0.605 0.47 0.145 0.8025 0.379 0.2265 0.22 5
0.495 0.37 0.125 0.4715 0.2075 0.091 0.15 5
0.325 0.24 0.075 0.187 0.0825 0.0445 0.05 2
0.545 0.44 0.175 0.7745 0.2985 0.1875 0.265 3
0.46 0.38 0.13 0.639 0.3 0.1525 0.16 3
0.48 0.37 0.1 0.5135 0.243 0.1015 0.135 5
0.45 0.355 0.12 0.3955 0.147 0.0765 0.145 5
0.315 0.24 0.07 0.137 0.0545 0.0315 0.04 5
0.65 0.565 0.2 1.6645 0.753 0.367 0.43 3
0.315 0.23 0 0.134 0.0575 0.0285 0.3505 2
0.485 0.39 0.085 0.6435 0.2945 0.103 0.198 5
0.595 0.43 0.21 1.5245 0.653 0.396 0.41 3
0.505 0.39 0.13 0.674 0.3165 0.141 0.1785 5
0.495 0.375 0.115 0.5755 0.31 0.1145 0.1395 5
0.67 0.515 0.165 1.1735 0.526 0.285 0.316 3
0.225 0.165 0.055 0.059 0.027 0.0125 0.015 2
0.47 0.37 0.105 0.4665 0.2025 0.1015 0.155 3
0.505 0.405 0.13 0.6015 0.3015 0.11 0.18 5
0.68 0.515 0.175 1.6185 0.5125 0.409 0.62 3
0.715 0.585 0.23 2.0725 0.8655 0.4095 0.565 3
0.505 0.39 0.185 0.6125 0.267 0.142 0.172 5
0.595 0.49 0.185 1.185 0.482 0.2015 0.361 3
0.58 0.455 0.165 1.1365 0.369 0.3005 0.275 4
0.505 0.355 0.125 0.601 0.25 0.1205 0.185 5
0.6 0.47 0.165 1.059 0.504 0.241 0.275 5
0.645 0.525 0.17 1.37 0.6135 0.283 0.34 3
0.515 0.42 0.135 0.711 0.337 0.144 0.205 4
0.375 0.275 0.095 0.2465 0.11 0.0415 0.0775 2
0.58 0.45 0.185 0.9955 0.3945 0.272 0.285 3
0.585 0.475 0.12 0.945 0.41 0.2115 0.28 4
0.51 0.405 0.135 0.769 0.3655 0.1585 0.18 5
0.405 0.29 0.09 0.2825 0.112 0.075 0.0815 5
0.615 0.475 0.13 0.8425 0.353 0.1915 0.251 5
0.395 0.305 0.105 0.282 0.0975 0.065 0.096 5
0.685 0.52 0.15 1.3735 0.7185 0.293 0.32 3
0.65 0.5 0.16 1.3825 0.702 0.304 0.3195 5
0.635 0.48 0.2 1.3655 0.6255 0.2595 0.425 4
0.55 0.45 0.15 0.875 0.362 0.1755 0.2765 3
0.335 0.25 0.09 0.181 0.0755 0.0415 0.06 5
0.525 0.43 0.135 0.8435 0.4325 0.18 0.1815 5
0.555 0.43 0.14 0.7665 0.341 0.165 0.23 5
0.515 0.405 0.13 0.573 0.213 0.134 0.195 5
0.53 0.435 0.16 0.883 0.316 0.164 0.335 4
0.18 0.13 0.045 0.0275 0.0125 0.01 0.009 2
0.48 0.38 0.12 0.608 0.2705 0.1405 0.185 5
0.59 0.46 0.16 1.0115 0.445 0.2615 0.2565 5
0.595 0.485 0.145 1.2515 0.5035 0.2925 0.33 4
0.65 0.515 0.125 1.1805 0.5235 0.283 0.3275 5
0.66 0.5 0.165 1.3195 0.667 0.269 0.341 5
0.645 0.48 0.15 1.192 0.6055 0.2595 0.285 5
0.575 0.45 0.16 0.9775 0.3135 0.231 0.33 3
0.605 0.47 0.165 1.1775 0.611 0.2275 0.292 5
0.47 0.36 0.12 0.4775 0.2105 0.1055 0.15 3
0.525 0.405 0.15 0.795 0.3075 0.205 0.255 4
0.6 0.485 0.165 1.1405 0.587 0.2175 0.288 5
0.455 0.35 0.14 0.5185 0.221 0.1265 0.135 3
0.415 0.315 0.1 0.3645 0.1765 0.0795 0.095 5
0.645 0.525 0.19 1.4635 0.6615 0.3435 0.435 1
0.425 0.34 0.1 0.382 0.164 0.096 0.1 2
0.365 0.275 0.135 0.24 0.108 0.0445 0.0735 5
0.295 0.215 0.075 0.116 0.037 0.0295 0.04 5
0.65 0.535 0.175 1.2895 0.6095 0.2765 0.344 3
0.525 0.4 0.13 0.6445 0.345 0.1285 0.2 5
0.68 0.53 0.205 1.496 0.5825 0.337 0.465 4
0.555 0.44 0.145 0.85 0.4165 0.1685 0.23 5
0.62 0.505 0.185 1.5275 0.69 0.368 0.35 4
0.605 0.485 0.165 0.9515 0.4535 0.193 0.2765 3
0.455 0.35 0.135 0.5365 0.2855 0.0855 0.1325 5
0.28 0.12 0.075 0.117 0.0455 0.029 0.0345 2
0.54 0.42 0.14 0.8035 0.38 0.1805 0.21 5
0.45 0.33 0.1 0.411 0.1945 0.1 0.098 2
0.6 0.475 0.15 1.089 0.5195 0.223 0.292 3
0.61 0.47 0.17 1.1185 0.5225 0.2405 0.31 5
0.7 0.58 0.205 2.13 0.7415 0.49 0.58 1
0.405 0.3 0.09 0.269 0.103 0.067 0.11 2
0.65 0.495 0.16 1.3105 0.577 0.3315 0.355 5
0.595 0.45 0.14 0.838 0.3965 0.194 0.217 3
0.55 0.45 0.13 0.804 0.3375 0.1405 0.23 2
0.66 0.525 0.2 1.489 0.6065 0.3795 0.421 3
0.555 0.41 0.125 0.599 0.2345 0.1465 0.194 5
0.305 0.23 0.075 0.1455 0.0595 0.0305 0.05 2
0.68 0.52 0.195 1.4535 0.592 0.391 0.4125 3
0.595 0.495 0.185 1.285 0.416 0.224 0.485 4
0.515 0.4 0.14 0.7365 0.2955 0.184 0.185 4
0.565 0.46 0.15 0.8765 0.3455 0.1925 0.275 3
0.61 0.48 0.15 1.2 0.56 0.2455 0.28 4
0.4 0.32 0.095 0.348 0.194 0.053 0.087 2
0.425 0.325 0.095 0.3785 0.1705 0.08 0.1 5
0.67 0.5 0.2 1.269 0.576 0.2985 0.351 3
0.635 0.49 0.16 1.101 0.534 0.1865 0.3455 3
0.5 0.385 0.105 0.498 0.1795 0.1095 0.17 1
0.335 0.22 0.07 0.17 0.076 0.0365 0.05 2
0.725 0.575 0.24 2.21 1.351 0.413 0.5015 4
0.645 0.505 0.165 1.4325 0.684 0.308 0.336 5
0.275 0.175 0.09 0.2315 0.096 0.057 0.0705 2
0.375 0.29 0.095 0.2875 0.123 0.0605 0.08 2
0.625 0.515 0.15 1.2415 0.5235 0.3065 0.36 4
0.545 0.44 0.12 0.8565 0.3475 0.1715 0.24 3
0.615 0.475 0.155 1.115 0.484 0.2115 0.355 3
0.535 0.445 0.125 0.8725 0.417 0.199 0.24 5
0.375 0.3 0.1 0.2465 0.104 0.0475 0.083 3
0.445 0.33 0.105 0.4525 0.18 0.103 0.123 5
0.52 0.405 0.14 0.8175 0.2795 0.183 0.26 1
0.555 0.435 0.165 0.97 0.336 0.2315 0.295 1
0.61 0.495 0.175 1.2635 0.53 0.315 0.3455 3
0.525 0.4 0.125 0.5655 0.2435 0.119 0.175 5
0.445 0.345 0.13 0.4075 0.1365 0.0645 0.18 3
0.67 0.54 0.165 1.5015 0.518 0.358 0.505 4
0.66 0.5 0.175 1.3275 0.556 0.2805 0.4085 5
0.59 0.435 0.165 0.9765 0.4525 0.2395 0.235 5
0.31 0.22 0.085 0.146 0.061 0.0365 0.045 2
0.72 0.6 0.235 2.2385 0.984 0.411 0.621 3
0.475 0.355 0.135 0.4775 0.2145 0.09 0.1435 5
0.58 0.475 0.15 0.97 0.385 0.2165 0.35 3
0.655 0.52 0.17 1.1445 0.53 0.223 0.348 5
0.255 0.185 0.06 0.088 0.0365 0.021 0.023 2
0.52 0.385 0.115 0.669 0.2385 0.172 0.205 3
0.58 0.44 0.175 1.2255 0.5405 0.2705 0.3265 3
0.66 0.515 0.17 1.337 0.615 0.3125 0.3575 3
0.58 0.42 0.16 0.728 0.2725 0.19 0.19 4
0.5 0.375 0.15 0.636 0.2535 0.145 0.19 3
0.265 0.2 0.065 0.084 0.034 0.0105 0.03 5
0.495 0.385 0.135 0.709 0.211 0.1375 0.262 3
0.6 0.475 0.19 1.0875 0.403 0.2655 0.325 4
0.63 0.49 0.18 1.13 0.458 0.2765 0.315 3
0.515 0.425 0.135 0.712 0.2665 0.1605 0.25 3
0.515 0.405 0.14 0.8505 0.312 0.146 0.315 1
0.41 0.3 0.09 0.304 0.129 0.071 0.0955 5
0.525 0.43 0.125 0.813 0.3315 0.166 0.1775 3
0.58 0.425 0.15 0.844 0.3645 0.185 0.2705 5
0.57 0.45 0.145 0.95 0.4005 0.2235 0.2845 3
0.475 0.355 0.125 0.4625 0.186 0.107 0.145 5
0.63 0.465 0.15 1.0315 0.4265 0.24 0.325 3
0.625 0.475 0.175 1.3405 0.656 0.283 0.337 3
0.425 0.38 0.105 0.3265 0.1285 0.0785 0.1 3
0.58 0.45 0.235 1.071 0.3 0.206 0.395 4
0.435 0.32 0.08 0.3325 0.1485 0.0635 0.105 5
0.37 0.27 0.095 0.2175 0.097 0.046 0.065 2
0.45 0.34 0.12 0.4925 0.241 0.1075 0.12 2
0.295 0.22 0.085 0.1285 0.0585 0.027 0.0365 2
0.565 0.43 0.15 0.8215 0.332 0.1685 0.29 3
0.5 0.385 0.12 0.56 0.2835 0.103 0.135 5
0.615 0.475 0.15 1.0375 0.476 0.2325 0.283 5
0.655 0.505 0.19 1.3485 0.5935 0.2745 0.425 3
0.415 0.31 0.095 0.34 0.181 0.057 0.083 2
0.595 0.465 0.15 0.919 0.4335 0.1765 0.262 5
0.705 0.56 0.165 1.675 0.797 0.4095 0.388 3
0.545 0.405 0.175 0.98 0.2585 0.207 0.38 1
0.605 0.465 0.165 1.056 0.4215 0.2475 0.34 4
0.6 0.445 0.135 0.9205 0.445 0.2035 0.253 5
0.565 0.44 0.15 0.983 0.4475 0.2355 0.2485 5
0.44 0.34 0.14 0.482 0.186 0.1085 0.16 5
0.66 0.5 0.165 1.1905 0.4585 0.298 0.37 3
0.56 0.445 0.165 1.0285 0.4535 0.253 0.275 3
0.345 0.25 0.09 0.203 0.078 0.059 0.055 2
0.575 0.455 0.185 1.156 0.5525 0.243 0.295 4
0.5 0.39 0.125 0.5215 0.2485 0.117 0.131 2
0.29 0.21 0.07 0.1115 0.048 0.0205 0.03 2
0.58 0.465 0.145 0.9865 0.47 0.2155 0.25 3
0.485 0.385 0.125 0.4775 0.2 0.0785 0.17 3
0.625 0.485 0.15 1.044 0.438 0.2865 0.278 5
0.635 0.485 0.155 1.073 0.467 0.1975 0.35 3
0.54 0.39 0.125 0.6255 0.2525 0.158 0.19 5
0.62 0.48 0.16 1.0765 0.412 0.253 0.3 4
0.655 0.455 0.17 1.275 0.583 0.303 0.333 5
0.55 0.4 0.135 0.717 0.3315 0.1495 0.221 5
0.57 0.455 0.15 0.952 0.3895 0.2155 0.2745 5
0.405 0.25 0.09 0.2875 0.128 0.063 0.0805 5
0.57 0.455 0.15 0.96 0.387 0.2385 0.275 3
0.71 0.56 0.175 1.724 0.566 0.4575 0.4625 4
0.58 0.465 0.175 1.035 0.401 0.1865 0.385 1
0.65 0.505 0.19 1.274 0.59 0.23 0.391 3
0.665 0.515 0.18 1.389 0.5945 0.324 0.395 3
0.565 0.46 0.155 0.8715 0.3755 0.215 0.25 3
0.37 0.28 0.095 0.2865 0.1505 0.069 0.0795 5
0.47 0.345 0.14 0.4615 0.229 0.1105 0.116 5
0.46 0.355 0.13 0.458 0.192 0.1055 0.13 4
0.695 0.55 0.22 1.5515 0.566 0.3835 0.445 4
0.525 0.41 0.135 0.7085 0.293 0.1525 0.235 3
0.485 0.39 0.125 0.591 0.287 0.141 0.12 5
0.44 0.34 0.105 0.402 0.1305 0.0955 0.165 3
0.59 0.45 0.16 0.893 0.2745 0.2185 0.345 4
0.5 0.395 0.145 0.7865 0.332 0.1815 0.2455 5
0.565 0.435 0.145 0.8445 0.3975 0.158 0.255 5
0.63 0.505 0.17 1.0915 0.4615 0.266 0.3 5
0.505 0.38 0.13 0.656 0.227 0.1785 0.22 4
0.52 0.4 0.11 0.597 0.2935 0.1155 0.16 5
0.625 0.49 0.175 1.233 0.5565 0.247 0.365 3
0.6 0.505 0.19 1.129 0.4385 0.256 0.36 4
0.67 0.53 0.205 1.4015 0.643 0.2465 0.416 3
0.28 0.21 0.055 0.106 0.0415 0.0265 0.031 2
0.565 0.455 0.155 0.9355 0.421 0.183 0.26 3
0.62 0.505 0.16 1.3725 0.6285 0.275 0.3685 3
0.59 0.45 0.185 1.283 0.473 0.276 0.425 4
0.6 0.465 0.2 1.259 0.6405 0.1985 0.357 5
0.475 0.375 0.115 0.5205 0.233 0.119 0.1455 5
0.525 0.4 0.13 0.622 0.2655 0.147 0.184 5
0.685 0.505 0.19 1.533 0.667 0.4055 0.41 3
0.45 0.35 0.135 0.56 0.231 0.137 0.145 4
0.57 0.455 0.175 1.02 0.4805 0.2145 0.29 5
0.585 0.475 0.185 0.9585 0.4145 0.1615 0.33 3
0.6 0.45 0.15 0.9625 0.4375 0.2225 0.2775 5
0.335 0.245 0.09 0.1665 0.0595 0.04 0.06 2
0.605 0.475 0.175 1.382 0.609 0.2325 0.3985 3
0.595 0.455 0.155 1.041 0.416 0.2105 0.365 4
0.475 0.365 0.12 0.53 0.2505 0.0975 0.1625 3
0.43 0.315 0.095 0.378 0.175 0.08 0.1045 5
0.545 0.435 0.145 0.9385 0.3685 0.1245 0.345 3
0.655 0.545 0.165 1.6225 0.6555 0.299 0.513 3
0.465 0.355 0.12 0.4975 0.2375 0.099 0.14 5
0.665 0.505 0.165 1.349 0.5985 0.3175 0.36 5
0.6 0.455 0.155 0.945 0.4365 0.2085 0.25 5
0.53 0.41 0.13 0.6965 0.302 0.1935 0.2 3
0.7 0.545 0.185 1.6135 0.75 0.4035 0.3685 3
0.475 0.38 0.12 0.441 0.1785 0.0885 0.1505 5
0.455 0.37 0.125 0.433 0.201 0.1265 0.145 5
0.3 0.22 0.065 0.1195 0.052 0.0155 0.035 2
0.615 0.48 0.19 1.36 0.5305 0.2375 0.47 1
0.42 0.31 0.1 0.2865 0.115 0.0735 0.085 5
0.59 0.445 0.14 0.931 0.356 0.234 0.28 3
0.615 0.49 0.19 1.1345 0.4695 0.257 0.348 3
0.605 0.495 0.19 1.437 0.469 0.2655 0.41 4
0.65 0.495 0.155 1.337 0.615 0.3195 0.335 5
0.38 0.32 0.115 0.6475 0.323 0.1325 0.164 5
0.43 0.35 0.11 0.406 0.1675 0.081 0.135 3
0.595 0.495 0.235 1.366 0.5065 0.219 0.52 4
0.48 0.355 0.115 0.5785 0.25 0.106 0.184 5
0.65 0.515 0.215 1.498 0.564 0.323 0.425 4
0.545 0.425 0.125 0.768 0.294 0.1495 0.26 4
0.675 0.535 0.22 1.604 0.6175 0.4255 0.453 4
0.58 0.445 0.15 0.9525 0.4315 0.1945 0.287 3
0.32 0.245 0.08 0.1585 0.0635 0.0325 0.05 4
0.455 0.365 0.11 0.385 0.166 0.046 0.1345 4
0.335 0.25 0.075 0.186 0.0945 0.038 0.0445 5
0.415 0.315 0.12 0.4015 0.199 0.087 0.097 5
0.59 0.49 0.165 1.207 0.559 0.235 0.309 3
0.465 0.39 0.14 0.5555 0.213 0.1075 0.215 4
0.645 0.5 0.16 1.3815 0.672 0.326 0.315 5
0.585 0.475 0.16 1.0505 0.48 0.234 0.285 3
0.605 0.45 0.165 1.2225 0.357 0.202 0.385 4
0.46 0.35 0.125 0.5165 0.1885 0.1145 0.185 5
0.735 0.555 0.22 2.333 1.2395 0.3645 0.6195 3
0.595 0.465 0.175 1.115 0.4015 0.254 0.39 4
0.625 0.485 0.2 1.38 0.5845 0.302 0.401 5
0.645 0.5 0.16 1.2465 0.5475 0.327 0.3 3
0.595 0.455 0.16 1.04 0.452 0.2655 0.288 5
0.555 0.44 0.155 1.016 0.4935 0.1855 0.263 3
0.615 0.475 0.17 1.055 0.543 0.246 0.2345 5
0.58 0.43 0.17 1.48 0.6535 0.324 0.4155 3
0.615 0.53 0.17 1.12 0.5775 0.2095 0.286 5
0.56 0.455 0.125 0.943 0.344 0.129 0.375 1
0.62 0.51 0.175 1.615 0.5105 0.192 0.675 3
0.58 0.46 0.14 0.9265 0.4135 0.1845 0.27 3
0.45 0.35 0.13 0.46 0.174 0.111 0.135 5
0.425 0.33 0.08 0.361 0.134 0.0825 0.125 5
0.51 0.4 0.12 0.7005 0.347 0.1105 0.195 3
0.565 0.44 0.155 0.9395 0.4275 0.214 0.27 3
0.725 0.55 0.22 2.0495 0.7735 0.4405 0.655 3
0.47 0.375 0.105 0.468 0.1665 0.108 0.17 3
0.44 0.345 0.12 0.365 0.1655 0.083 0.11 5
0.695 0.53 0.19 1.726 0.7625 0.436 0.455 3
0.525 0.385 0.1 0.5115 0.246 0.1005 0.1455 5
0.575 0.45 0.165 0.9215 0.3275 0.225 0.256 3
0.345 0.255 0.1 0.197 0.071 0.051 0.06 5
0.735 0.585 0.185 2.124 0.952 0.55 0.5 3
0.43 0.325 0.115 0.3865 0.1475 0.1065 0.11 3
0.54 0.385 0.14 0.7655 0.3265 0.116 0.2365 3
0.61 0.46 0.17 1.278 0.41 0.257 0.37 1
0.56 0.41 0.165 0.93 0.3505 0.237 0.3 4
0.455 0.355 0.13 0.515 0.2 0.1275 0.175 3
0.72 0.55 0.205 2.165 1.1055 0.525 0.404 3
0.585 0.465 0.165 0.9355 0.4035 0.2275 0.259 5
0.65 0.505 0.165 1.16 0.4785 0.274 0.349 3
0.59 0.465 0.135 0.9895 0.4235 0.199 0.28 5
0.715 0.545 0.18 1.7405 0.871 0.347 0.449 3
0.49 0.38 0.14 0.7605 0.245 0.167 0.185 3
0.575 0.46 0.165 0.9155 0.4005 0.2465 0.2385 5
0.65 0.51 0.16 1.3835 0.6385 0.2905 0.3665 5
0.385 0.3 0.09 0.308 0.1525 0.056 0.0835 5
0.55 0.43 0.145 0.7895 0.3745 0.171 0.223 3
0.68 0.54 0.195 1.7825 0.5565 0.3235 0.4285 3
0.445 0.335 0.1 0.4895 0.2745 0.086 0.1105 5
0.71 0.575 0.215 2.009 0.9895 0.4475 0.502 3
0.605 0.475 0.175 1.201 0.5395 0.275 0.309 3
0.65 0.525 0.19 1.385 0.8875 0.3095 0.405 3
0.62 0.485 0.205 1.219 0.3875 0.2505 0.385 4
0.535 0.46 0.145 0.7875 0.3395 0.2005 0.2 5
0.3 0.23 0.085 0.117 0.05 0.0175 0.0415 2
0.55 0.46 0.13 0.7085 0.305 0.1455 0.205 3
0.52 0.41 0.155 0.727 0.291 0.1835 0.235 3
0.51 0.4 0.14 0.6905 0.259 0.151 0.23 3
0.425 0.3 0.095 0.3515 0.141 0.0775 0.12 5
0.43 0.34 0 0.428 0.2065 0.086 0.115 5
0.475 0.375 0.11 0.494 0.211 0.109 0.1545 5
0.45 0.335 0.095 0.3505 0.1615 0.0625 0.1185 5
0.43 0.335 0.115 0.406 0.166 0.0935 0.135 5
0.485 0.37 0.155 0.968 0.419 0.2455 0.2365 5
0.425 0.34 0.12 0.388 0.149 0.087 0.125 3
0.45 0.355 0.115 0.478 0.18 0.1185 0.155 3
0.74 0.535 0.185 1.65 0.734 0.4505 0.335 4
0.55 0.415 0.145 0.7815 0.373 0.16 0.2215 5
0.61 0.49 0.16 1.146 0.597 0.246 0.265 5
0.7 0.585 0.185 1.8075 0.7055 0.3215 0.475 1
0.495 0.4 0.105 0.602 0.2505 0.1265 0.19 5
0.45 0.335 0.14 0.478 0.1865 0.115 0.16 3
0.41 0.305 0.1 0.363 0.1735 0.065 0.11 3
0.645 0.5 0.18 1.461 0.5985 0.2425 0.439 3
0.22 0.16 0.05 0.049 0.0215 0.01 0.015 2
0.475 0.375 0.14 0.501 0.192 0.1175 0.175 4
0.475 0.335 0.1 0.4425 0.1895 0.086 0.135 5
0.48 0.355 0.16 0.464 0.221 0.106 0.239 5
0.375 0.28 0.08 0.2345 0.1125 0.0455 0.067 2
0.5 0.4 0.125 0.6725 0.336 0.12 0.1825 5
0.7 0.565 0.18 1.751 0.895 0.3355 0.446 5
0.655 0.535 0.205 1.6445 0.7305 0.3595 0.46 4
0.215 0.15 0.055 0.041 0.015 0.009 0.0125 2
0.16 0.12 0.035 0.021 0.0075 0.0045 0.005 2
0.485 0.385 0.105 0.556 0.296 0.104 0.133 5
0.435 0.335 0.11 0.38 0.1695 0.086 0.11 5
0.655 0.5 0.22 1.359 0.642 0.3255 0.405 4
0.59 0.46 0.13 1.102 0.455 0.2055 0.33 3
0.615 0.525 0.155 1.0385 0.427 0.2315 0.345 3
0.585 0.435 0.14 0.6955 0.3085 0.129 0.2245 5
0.575 0.46 0.165 1.065 0.4985 0.2145 0.2815 5
0.365 0.27 0.085 0.205 0.078 0.0485 0.07 5
0.525 0.4 0.14 0.654 0.305 0.16 0.169 5
0.46 0.36 0.1 0.4635 0.2325 0.093 0.115 5
0.665 0.535 0.155 1.383 0.596 0.2565 0.485 4
0.29 0.225 0.08 0.1295 0.0535 0.026 0.045 3
0.59 0.47 0.15 0.861 0.413 0.164 0.249 5
0.465 0.35 0.115 0.421 0.1565 0.091 0.1345 5
0.31 0.24 0.09 0.1455 0.0605 0.0315 0.045 5
0.605 0.49 0.18 1.227 0.48 0.287 0.35 1
0.555 0.44 0.145 0.8815 0.43 0.1975 0.2155 5
0.5 0.375 0.12 0.529 0.2235 0.123 0.16 5
0.63 0.515 0.155 1.259 0.4105 0.197 0.41 4
0.375 0.28 0.095 0.2225 0.0875 0.043 0.08 3
0.58 0.455 0.195 1.859 0.945 0.426 0.441 5
0.59 0.465 0.15 0.997 0.392 0.246 0.34 3
0.545 0.435 0.165 0.9955 0.3245 0.2665 0.325 1
0.53 0.405 0.12 0.632 0.2715 0.148 0.1875 5
0.69 0.525 0.19 1.492 0.6425 0.3905 0.42 3
0.47 0.345 0.115 0.4885 0.2005 0.108 0.166 3
0.55 0.44 0.155 0.9155 0.3645 0.195 0.25 5
0.33 0.25 0.09 0.197 0.085 0.041 0.0605 3
0.38 0.27 0.095 0.219 0.0835 0.0515 0.07 2
0.49 0.38 0.13 0.539 0.229 0.1355 0.165 3
0.26 0.205 0.07 0.097 0.0415 0.019 0.0305 2
0.575 0.425 0.14 0.8635 0.393 0.227 0.2 3
0.465 0.355 0.115 0.4705 0.1955 0.118 0.126 5
0.575 0.46 0.165 1.124 0.2985 0.1785 0.44 4
0.7 0.545 0.215 1.9125 0.8825 0.4385 0.506 3
0.675 0.55 0.18 1.6885 0.562 0.3705 0.6 4
0.6 0.475 0.155 1.059 0.441 0.19 0.39 3
0.325 0.225 0.075 0.139 0.0565 0.032 0.09 2
0.54 0.425 0.13 0.8155 0.3675 0.1365 0.246 3
0.54 0.425 0.135 0.686 0.3475 0.1545 0.213 5
0.535 0.435 0.15 0.725 0.269 0.1385 0.25 5
0.645 0.485 0.215 1.514 0.546 0.2615 0.635 4
0.51 0.405 0.125 0.6795 0.3465 0.1395 0.182 5
0.695 0.55 0.155 1.8495 0.767 0.442 0.4175 3
0.36 0.26 0.09 0.1785 0.0645 0.037 0.075 5
0.585 0.49 0.185 1.171 0.522 0.2535 0.335 3
0.595 0.465 0.15 1.0765 0.491 0.22 0.287 5
0.355 0.27 0.1 0.2255 0.11 0.042 0.064 5
0.73 0.555 0.18 1.6895 0.6555 0.1965 0.4935 3
0.52 0.385 0.165 0.791 0.375 0.18 0.1815 3
0.61 0.43 0.14 0.909 0.438 0.2 0.22 5
0.345 0.27 0.09 0.195 0.078 0.0455 0.059 5
0.52 0.465 0.15 0.9505 0.456 0.199 0.255 5
0.395 0.295 0.095 0.2725 0.115 0.0625 0.085 5
0.68 0.515 0.17 1.6115 0.8415 0.306 0.395 3
0.56 0.43 0.145 0.898 0.3895 0.2325 0.245 5
0.405 0.305 0.095 0.3485 0.1455 0.0895 0.1 5
0.72 0.585 0.22 1.914 0.9155 0.448 0.479 3
0.625 0.49 0.175 1.3325 0.5705 0.271 0.405 3
0.54 0.42 0.155 0.7385 0.3515 0.152 0.215 3
0.39 0.3 0.1 0.2665 0.1105 0.059 0.084 5
0.565 0.45 0.175 1.0095 0.447 0.2375 0.2645 5
0.52 0.385 0.14 0.6595 0.2485 0.2035 0.16 5
0.515 0.4 0.115 0.578 0.191 0.1445 0.17 5
0.54 0.405 0.125 0.891 0.4815 0.1915 0.202 5
0.625 0.49 0.185 1.169 0.5275 0.2535 0.344 3
0.52 0.405 0.125 0.6435 0.2415 0.1735 0.21 3
0.595 0.475 0.165 1.148 0.444 0.214 0.37 3
0.525 0.415 0.17 0.8325 0.2755 0.1685 0.31 4
0.36 0.275 0.075 0.2205 0.0985 0.044 0.066 5
0.36 0.265 0.09 0.2065 0.078 0.057 0.06 5
0.685 0.525 0.175 1.71 0.5415 0.309 0.58 4
0.5 0.365 0.13 0.5945 0.309 0.1085 0.1535 5
0.45 0.335 0.105 0.362 0.1575 0.0795 0.1095 5
0.34 0.255 0.095 0.213 0.081 0.034 0.07 5
0.515 0.395 0.12 0.646 0.285 0.1365 0.172 5
0.355 0.275 0.09 0.251 0.097 0.053 0.08 5
0.55 0.42 0.13 0.636 0.294 0.144 0.1755 5
0.3 0.22 0.08 0.121 0.0475 0.042 0.035 2
0.63 0.47 0.145 1.1005 0.52 0.26 0.276 5
0.535 0.415 0.17 0.879 0.295 0.1965 0.285 3
0.65 0.52 0.195 1.281 0.5985 0.246 0.3825 3
0.28 0.2 0.08 0.0915 0.033 0.0215 0.03 2
0.545 0.41 0.125 0.654 0.2945 0.1315 0.205 3
0.295 0.225 0.09 0.1105 0.0405 0.0245 0.032 5
0.54 0.41 0.145 0.989 0.2815 0.213 0.355 1
0.47 0.35 0.1 0.4775 0.1885 0.0885 0.175 5
0.66 0.475 0.18 1.3695 0.641 0.294 0.335 2
0.645 0.52 0.21 1.5535 0.616 0.3655 0.474 4
0.625 0.515 0.155 1.1635 0.4875 0.259 0.355 3
0.625 0.495 0.155 1.025 0.46 0.1945 0.34 5
0.445 0.335 0.14 0.4565 0.1785 0.114 0.14 3
0.355 0.26 0.09 0.1925 0.077 0.038 0.065 5
0.545 0.41 0.145 0.873 0.3035 0.196 0.31 1
0.555 0.45 0.175 0.874 0.3275 0.202 0.305 3
0.6 0.49 0.21 1.9875 1.005 0.419 0.491 3
0.66 0.485 0.155 1.2275 0.61 0.274 0.3 5
0.515 0.375 0.11 0.6065 0.3005 0.131 0.15 2
0.62 0.485 0.165 1.166 0.483 0.238 0.355 4
0.55 0.425 0.15 0.639 0.269 0.1345 0.217 5
0.37 0.27 0.09 0.1855 0.07 0.0425 0.065 5
