0.355 0.26 0.085 0.1905 0.081 0.0485 0.055 2
0.63 0.49 0.16 1.09 0.407 0.224 0.354 3
0.64 0.525 0.215 1.779 0.4535 0.2855 0.55 1
0.55 0.405 0.125 0.651 0.2965 0.137 0.2 5
0.64 0.485 0.145 1.1335 0.5525 0.2505 0.3015 3
0.58 0.45 0.14 0.9615 0.486 0.1815 0.253 5
0.595 0.45 0.15 1.114 0.5865 0.2205 0.25 3
0.52 0.43 0.15 0.728 0.302 0.1575 0.235 3
0.43 0.325 0.1 0.3645 0.1575 0.0825 0.105 5
0.495 0.39 0.125 0.6655 0.284 0.162 0.2 3
0.605 0.47 0.155 0.974 0.393 0.224 0.3345 5
0.415 0.315 0.115 0.3895 0.2015 0.065 0.103 5
0.355 0.28 0.1 0.2275 0.0935 0.0455 0.085 3
0.605 0.45 0.165 1.2225 0.357 0.202 0.385 4
0.68 0.53 0.18 1.529 0.7635 0.3115 0.4025 3
0.535 0.41 0.135 0.862 0.2855 0.1525 0.32 4
0.345 0.255 0.085 0.2005 0.105 0.037 0.05 2
0.565 0.445 0.14 0.836 0.406 0.1605 0.2245 5
0.48 0.4 0.125 0.759 0.2125 0.179 0.24 4
0.325 0.25 0.08 0.1735 0.0765 0.0345 0.049 5
0.645 0.51 0.195 1.226 0.5885 0.2215 0.3745 3
0.605 0.48 0.155 0.9995 0.425 0.1985 0.3 3
0.63 0.48 0.175 1.3675 0.5015 0.3035 0.515 1
0.39 0.29 0.1 0.2225 0.095 0.0465 0.073 5
0.38 0.3 0.09 0.3215 0.1545 0.075 0.095 5
0.57 0.45 0.15 0.9645 0.531 0.189 0.209 5
0.185 0.13 0.045 0.029 0.012 0.0075 0.0095 2
0.38 0.275 0.095 0.1375 0.086 0.0585 0.0605 5
0.585 0.45 0.15 1.047 0.4315 0.276 0.315 4
0.35 0.265 0.08 0.2 0.09 0.042 0.06 5
0.45 0.365 0.115 0.5885 0.318 0.121 0.1325 5
0.28 0.205 0.1 0.1165 0.0545 0.0285 0.03 2
0.52 0.395 0.125 0.8115 0.4035 0.166 0.2 5
0.465 0.375 0.11 0.5 0.21 0.113 0.1505 5
0.29 0.21 0.07 0.1115 0.048 0.0205 0.03 2
0.515 0.395 0.125 0.6635 0.32 0.14 0.17 5
0.6 0.475 0.175 1.3445 0.549 0.2875 0.36 3
0.61 0.485 0.145 1.3305 0.783 0.2255 0.2865 5
0.6 0.46 0.155 0.9735 0.427 0.2045 0.3 5
0.63 0.475 0.145 1.0605 0.5165 0.2195 0.28 3
0.55 0.425 0.135 0.8515 0.362 0.196 0.27 4
0.705 0.555 0.215 2.141 1.0465 0.383 0.528 3
0.55 0.44 0.155 0.946 0.313 0.1825 0.335 4
0.29 0.225 0.07 0.101 0.036 0.0235 0.035 5
0.355 0.27 0.075 0.204 0.3045 0.046 0.0595 5
0.645 0.515 0.185 1.4605 0.5835 0.3155 0.41 1
0.65 0.545 0.165 1.566 0.6645 0.3455 0.415 4
0.585 0.46 0.15 1.206 0.581 0.216 0.323 3
0.71 0.56 0.18 1.652 0.735 0.381 0.4525 3
0.33 0.24 0.075 0.163 0.0745 0.033 0.048 2
0.575 0.455 0.145 1.165 0.581 0.2275 0.3 4
0.4 0.295 0.095 0.252 0.1105 0.0575 0.066 2
0.41 0.3 0.09 0.304 0.129 0.071 0.0955 5
0.475 0.355 0.125 0.4865 0.2155 0.1105 0.142 5
0.44 0.34 0.13 0.4195 0.153 0.1155 0.13 3
0.605 0.495 0.17 1.0915 0.4365 0.2715 0.335 4
0.6 0.46 0.18 1.14 0.423 0.2575 0.365 3
0.455 0.325 0.135 0.82 0.4005 0.1715 0.211 5
0.635 0.51 0.17 1.3555 0.619 0.305 0.39 5
0.51 0.41 0.155 1.2825 0.569 0.291 0.3795 5
0.69 0.505 0.2 1.872 0.893 0.4015 0.48 3
0.605 0.475 0.175 1.076 0.463 0.2195 0.335 5
0.555 0.445 0.175 1.1465 0.551 0.244 0.2785 5
0.51 0.405 0.125 0.6795 0.3465 0.1395 0.182 5
0.58 0.445 0.125 0.7095 0.303 0.1405 0.235 5
0.655 0.505 0.195 1.4405 0.688 0.3805 0.363 3
0.555 0.455 0.16 1.0575 0.3925 0.228 0.293 4
0.23 0.18 0.05 0.064 0.0215 0.0135 0.02 2
0.475 0.365 0.12 0.5185 0.268 0.1095 0.1365 5
0.685 0.55 0.2 1.7725 0.813 0.387 0.49 3
0.41 0.31 0.125 0.3595 0.1415 0.0885 0.115 3
0.49 0.385 0.115 0.683 0.3265 0.1615 0.165 4
0.645 0.51 0.155 1.539 0.6405 0.3585 0.43 3
0.67 0.5 0.2 1.269 0.576 0.2985 0.351 3
0.725 0.505 0.185 1.978 1.026 0.4255 0.4505 3
0.15 0.1 0.025 0.015 0.0045 0.004 0.005 2
0.415 0.32 0.11 0.3735 0.175 0.0755 0.109 5
0.325 0.25 0.075 0.1585 0.075 0.0305 0.0455 2
0.595 0.45 0.145 0.959 0.463 0.2065 0.2535 3
0.605 0.485 0.16 1.201 0.417 0.2875 0.38 5
0.45 0.34 0.13 0.3715 0.1605 0.0795 0.105 5
0.615 0.475 0.13 0.8425 0.353 0.1915 0.251 5
0.6 0.475 0.17 1.1315 0.508 0.272 0.309 3
0.43 0.34 0.11 0.382 0.154 0.0955 0.109 5
0.4 0.3 0.11 0.315 0.109 0.067 0.12 5
0.46 0.365 0.125 0.467 0.1895 0.0945 0.158 3
0.52 0.42 0.16 0.745 0.255 0.157 0.2885 3
0.645 0.52 0.175 1.561 0.709 0.3555 0.4 5
0.57 0.45 0.145 0.751 0.2825 0.2195 0.2215 3
0.645 0.495 0.185 1.4935 0.5265 0.2785 0.455 4
0.63 0.51 0.17 1.1885 0.4915 0.3065 0.348 5
0.635 0.475 0.15 1.1845 0.533 0.307 0.291 3
0.72 0.565 0.2 1.787 0.718 0.385 0.529 3
0.4 0.315 0.085 0.2675 0.116 0.0585 0.0765 2
0.705 0.55 0.17 1.219 0.6395 0.236 0.301 5
0.535 0.42 0.125 0.764 0.312 0.1505 0.265 3
0.58 0.445 0.15 0.8865 0.383 0.209 0.255 3
0.52 0.405 0.12 0.627 0.2645 0.1415 0.181 3
0.485 0.345 0.16 0.869 0.3085 0.185 0.319 5
0.615 0.47 0.175 1.2985 0.5135 0.343 0.32 4
0.47 0.375 0.12 0.5565 0.226 0.122 0.195 3
0.265 0.21 0.06 0.0965 0.0425 0.022 0.03 2
0.37 0.275 0.14 0.2215 0.097 0.0455 0.0615 2
0.53 0.42 0.13 0.8365 0.3745 0.167 0.249 3
0.35 0.26 0.09 0.198 0.0725 0.056 0.06 3
0.445 0.325 0.125 0.455 0.1785 0.1125 0.14 5
0.57 0.445 0.155 0.867 0.3705 0.1705 0.28 5
0.41 0.325 0.1 0.3555 0.146 0.072 0.105 5
0.46 0.375 0.135 0.4935 0.186 0.0845 0.17 3
0.6 0.465 0.165 0.8875 0.309 0.246 0.262 3
0.615 0.455 0.145 1.1155 0.5045 0.238 0.315 3
0.5 0.38 0.12 0.5765 0.273 0.135 0.145 5
0.555 0.445 0.13 0.8625 0.4225 0.155 0.24 5
0.425 0.325 0.095 0.3785 0.1705 0.08 0.1 5
0.45 0.335 0.125 0.4475 0.2165 0.126 0.11 2
0.61 0.475 0.16 1.1155 0.3835 0.223 0.379 3
0.44 0.355 0.125 0.4775 0.132 0.0815 0.19 5
0.67 0.525 0.195 1.42 0.573 0.368 0.3905 3
0.5 0.38 0.135 0.5285 0.226 0.123 0.209 5
0.245 0.18 0.065 0.0635 0.0245 0.0135 0.02 2
0.505 0.4 0.145 0.7045 0.334 0.1425 0.207 5
0.55 0.435 0.14 0.7535 0.3285 0.1555 0.2325 3
0.615 0.455 0.13 0.9685 0.49 0.182 0.2655 3
0.41 0.305 0.09 0.3535 0.157 0.0745 0.1 5
0.415 0.31 0.1 0.2805 0.114 0.0565 0.0975 2
0.51 0.41 0.145 0.796 0.3865 0.1815 0.1955 5
0.65 0.495 0.155 1.337 0.615 0.3195 0.335 5
0.485 0.38 0.14 0.673 0.2175 0.13 0.195 1
0.59 0.405 0.15 0.853 0.326 0.2615 0.245 5
0.58 0.455 0.15 1.114 0.4765 0.2155 0.265 5
0.535 0.4 0.15 1.224 0.618 0.275 0.2875 3
0.525 0.415 0.16 0.6445 0.26 0.1575 0.22 3
0.58 0.45 0.145 1.137 0.5585 0.22 0.29 5
0.585 0.465 0.15 0.98 0.4315 0.2545 0.247 5
0.595 0.475 0.14 0.944 0.3625 0.189 0.315 5
0.405 0.305 0.095 0.3485 0.1455 0.0895 0.1 5
0.635 0.5 0.18 1.2915 0.594 0.2695 0.37 5
0.535 0.44 0.15 0.6765 0.256 0.139 0.26 3
0.415 0.31 0.095 0.34 0.181 0.057 0.083 2
0.73 0.55 0.205 1.908 0.5415 0.3565 0.5965 4
0.465 0.39 0.14 0.5555 0.213 0.1075 0.215 4
0.5 0.39 0.125 0.583 0.294 0.132 0.1605 5
0.6 0.475 0.19 1.0875 0.403 0.2655 0.325 4
0.585 0.46 0.145 0.9335 0.478 0.1825 0.235 5
0.42 0.305 0.11 0.28 0.094 0.0785 0.0955 5
0.605 0.455 0.145 0.862 0.334 0.1985 0.3 5
0.27 0.195 0.07 0.102 0.045 0.0135 0.034 5
0.545 0.44 0.175 0.7745 0.2985 0.1875 0.265 3
0.53 0.415 0.145 0.944 0.3845 0.185 0.265 1
0.33 0.25 0.105 0.1715 0.0655 0.035 0.06 5
0.455 0.34 0.115 0.486 0.261 0.0655 0.1315 5
0.275 0.215 0.075 0.1155 0.0485 0.029 0.035 5
0.505 0.39 0.13 0.674 0.3165 0.141 0.1785 5
0.505 0.385 0.115 0.4825 0.21 0.1035 0.1535 3
0.605 0.475 0.14 1.1175 0.555 0.257 0.274 5
0.44 0.35 0.11 0.4585 0.2 0.0885 0.13 5
0.21 0.15 0.05 0.0385 0.0155 0.0085 0.01 2
0.645 0.5 0.175 1.3385 0.633 0.299 0.349 3
0.64 0.495 0.165 1.307 0.678 0.292 0.266 3
0.655 0.58 0.205 2.0805 0.959 0.3415 0.601 1
0.56 0.425 0.135 0.849 0.3265 0.221 0.2645 3
0.715 0.565 0.18 1.79 0.844 0.3535 0.5385 5
0.72 0.59 0.205 1.7495 0.7755 0.4225 0.48 3
0.67 0.545 0.175 1.707 0.6995 0.387 0.575 4
0.58 0.46 0.14 0.9265 0.4135 0.1845 0.27 3
0.535 0.4 0.135 0.775 0.368 0.208 0.2055 5
0.635 0.5 0.18 1.154 0.4405 0.2315 0.387 5
0.585 0.455 0.125 1.027 0.391 0.212 0.25 1
0.565 0.44 0.15 0.863 0.435 0.149 0.27 5
0.445 0.335 0.1 0.4895 0.2745 0.086 0.1105 5
0.59 0.47 0.15 0.9955 0.481 0.232 0.24 5
0.65 0.5 0.17 1.4045 0.694 0.318 0.3235 3
0.59 0.47 0.155 1.1735 0.6245 0.233 0.2595 5
0.625 0.485 0.15 1.044 0.438 0.2865 0.278 5
0.55 0.41 0.145 0.8285 0.3095 0.1905 0.25 4
0.72 0.57 0.2 1.8275 0.919 0.366 0.485 3
0.695 0.55 0.16 1.6365 0.694 0.3005 0.44 4
0.55 0.405 0.14 0.8025 0.244 0.1635 0.255 3
0.67 0.535 0.19 1.669 0.7465 0.2935 0.508 3
0.265 0.2 0.065 0.0975 0.04 0.0205 0.028 5
0.635 0.5 0.18 1.2565 0.539 0.292 0.35 3
0.405 0.325 0.11 0.3555 0.151 0.063 0.117 5
0.58 0.46 0.18 1.0515 0.4095 0.2595 0.276 5
0.505 0.4 0.15 0.775 0.3445 0.157 0.185 5
0.47 0.355 0.14 0.433 0.1525 0.095 0.152 3
0.6 0.48 0.17 1.056 0.4575 0.2435 0.3135 3
0.63 0.515 0.175 1.1955 0.492 0.247 0.37 3
0.62 0.48 0.155 1.2555 0.527 0.374 0.3175 3
0.52 0.385 0.165 0.791 0.375 0.18 0.1815 3
0.575 0.485 0.165 1.0405 0.419 0.264 0.3 4
0.415 0.345 0.135 0.3865 0.128 0.07 0.148 4
0.575 0.45 0.165 0.9215 0.3275 0.225 0.256 3
0.64 0.505 0.155 1.1955 0.5565 0.211 0.346 3
0.58 0.47 0.15 0.907 0.444 0.1855 0.2445 3
0.465 0.35 0.115 0.421 0.1565 0.091 0.1345 5
0.63 0.515 0.155 1.259 0.4105 0.197 0.41 4
0.555 0.455 0.17 0.8435 0.309 0.1905 0.3 4
0.63 0.505 0.225 1.525 0.56 0.3335 0.45 4
0.62 0.465 0.14 1.1605 0.6005 0.2195 0.307 5
0.52 0.4 0.13 0.6245 0.215 0.2065 0.17 4
0.59 0.45 0.155 0.874 0.369 0.2135 0.24 5
0.515 0.4 0.125 0.615 0.2865 0.123 0.1765 5
0.595 0.465 0.125 0.799 0.3245 0.2 0.23 3
0.34 0.26 0.08 0.2 0.08 0.0555 0.055 2
0.43 0.32 0.1 0.3855 0.192 0.0745 0.1 5
0.525 0.41 0.115 0.7745 0.416 0.163 0.18 5
0.55 0.42 0.17 0.8465 0.336 0.2405 0.245 4
0.61 0.48 0.19 1.2955 0.5215 0.3225 0.365 3
0.645 0.505 0.165 1.4325 0.684 0.308 0.336 5
0.335 0.255 0.08 0.168 0.079 0.0355 0.05 2
0.65 0.5 0.14 1.238 0.6165 0.2355 0.32 5
0.735 0.57 0.175 1.88 0.9095 0.387 0.488 3
0.665 0.515 0.19 1.6385 0.831 0.3575 0.371 3
0.43 0.325 0.12 0.445 0.165 0.0995 0.155 5
0.405 0.305 0.085 0.2605 0.1145 0.0595 0.085 5
0.475 0.37 0.125 0.5095 0.2165 0.1125 0.165 5
0.455 0.345 0.11 0.434 0.207 0.0855 0.1215 5
0.6 0.475 0.15 1.12 0.565 0.2465 0.27 3
0.37 0.275 0.095 0.257 0.1015 0.055 0.0825 2
0.485 0.375 0.13 0.6025 0.2935 0.1285 0.16 5
0.535 0.42 0.145 0.926 0.398 0.1965 0.25 1
0.67 0.515 0.17 1.4265 0.6605 0.3395 0.37 3
0.565 0.455 0.185 0.9265 0.354 0.1575 0.375 4
0.34 0.265 0.08 0.2015 0.09 0.0475 0.055 2
0.675 0.515 0.145 1.265 0.6025 0.299 0.325 3
0.625 0.5 0.185 1.2425 0.5995 0.248 0.335 3
0.675 0.55 0.175 1.689 0.694 0.371 0.474 4
0.6 0.49 0.21 1.9875 1.005 0.419 0.491 3
0.65 0.515 0.175 1.4805 0.5295 0.272 0.525 1
0.59 0.45 0.12 0.7485 0.3345 0.1315 0.22 4
0.615 0.47 0.145 1.0285 0.4435 0.2825 0.285 3
0.585 0.46 0.14 0.7635 0.326 0.153 0.265 5
0.465 0.355 0.12 0.4975 0.2375 0.099 0.14 5
0.46 0.36 0.125 0.547 0.2165 0.1105 0.19 5
0.5 0.44 0.155 0.742 0.2025 0.2005 0.2115 4
0.69 0.525 0.175 1.7005 0.8255 0.362 0.405 5
0.575 0.47 0.165 0.853 0.292 0.179 0.35 4
0.53 0.455 0.165 0.9805 0.3155 0.2815 0.2965 3
0.52 0.435 0.195 0.973 0.2985 0.2135 0.355 1
0.625 0.495 0.175 1.2075 0.531 0.281 0.3525 3
0.52 0.41 0.115 0.77 0.263 0.157 0.26 3
0.675 0.525 0.185 1.587 0.6935 0.336 0.395 4
0.445 0.35 0.13 0.4195 0.1695 0.0945 0.1195 5
0.245 0.205 0.06 0.0765 0.034 0.014 0.0215 2
0.635 0.52 0.165 1.3405 0.5065 0.296 0.412 3
0.725 0.565 0.215 1.891 0.6975 0.4725 0.58 4
0.57 0.445 0.145 0.8775 0.412 0.217 0.22 5
0.555 0.43 0.165 0.7575 0.2735 0.1635 0.275 4
0.515 0.425 0.135 0.712 0.2665 0.1605 0.25 3
0.385 0.3 0.1 0.2895 0.1215 0.063 0.09 5
0.625 0.465 0.155 0.972 0.404 0.1845 0.35 4
0.525 0.435 0.155 1.065 0.486 0.233 0.285 5
0.255 0.195 0.07 0.0735 0.0255 0.02 0.025 2
0.615 0.51 0.15 1.296 0.545 0.3315 0.32 5
0.47 0.37 0.14 0.4985 0.2095 0.1225 0.145 3
0.63 0.48 0.165 1.2615 0.5505 0.277 0.3885 3
0.52 0.395 0.18 0.64 0.158 0.11 0.245 1
0.385 0.295 0.085 0.2535 0.103 0.0575 0.085 5
0.505 0.39 0.16 0.644 0.2475 0.2025 0.1635 5
0.505 0.385 0.115 0.616 0.243 0.1075 0.21 3
0.6 0.475 0.15 1.0075 0.4425 0.221 0.28 4
0.705 0.545 0.18 1.5395 0.6075 0.3675 0.4645 4
0.635 0.475 0.17 1.1935 0.5205 0.2695 0.3665 3
0.635 0.5 0.19 1.29 0.593 0.3045 0.352 5
0.55 0.415 0.18 1.1655 0.502 0.301 0.311 5
0.52 0.425 0.145 0.7 0.207 0.1905 0.24 4
0.52 0.4 0.105 0.872 0.4515 0.1615 0.1985 5
0.375 0.28 0.08 0.2165 0.0935 0.0925 0.07 5
0.39 0.28 0.09 0.215 0.0845 0.034 0.079 5
0.3 0.24 0.09 0.161 0.0725 0.039 0.05 2
0.445 0.355 0.095 0.3615 0.1415 0.0785 0.12 5
0.45 0.335 0.14 0.478 0.1865 0.115 0.16 3
0.5 0.375 0.12 0.542 0.215 0.116 0.17 5
0.335 0.245 0.09 0.2015 0.096 0.0405 0.048 5
0.595 0.46 0.16 0.921 0.4005 0.2025 0.2875 5
0.53 0.415 0.115 0.5915 0.233 0.1585 0.18 3
0.37 0.285 0.1 0.228 0.0675 0.0675 0.081 3
0.61 0.475 0.15 1.142 0.62 0.237 0.245 5
0.47 0.36 0.1 0.4705 0.1635 0.089 0.1385 5
0.56 0.425 0.135 0.9415 0.509 0.2015 0.1975 5
0.575 0.42 0.19 1.764 0.914 0.377 0.4095 3
0.46 0.36 0.115 0.4755 0.2105 0.105 0.16 5
0.465 0.375 0.12 0.471 0.222 0.119 0.14 5
0.43 0.325 0.115 0.3865 0.1475 0.1065 0.11 3
0.27 0.195 0.08 0.1 0.0385 0.0195 0.03 2
0.65 0.5 0.185 1.4415 0.741 0.2955 0.341 5
0.41 0.325 0.1 0.3245 0.132 0.072 0.106 2
0.56 0.45 0.155 0.9125 0.3595 0.271 0.35 3
0.595 0.48 0.165 1.262 0.4835 0.283 0.41 1
0.58 0.455 0.15 1.012 0.4985 0.2115 0.2835 3
0.415 0.315 0.09 0.3625 0.175 0.0835 0.093 2
0.545 0.43 0.165 0.802 0.2935 0.183 0.28 3
0.66 0.51 0.175 1.218 0.5055 0.303 0.37 3
0.665 0.525 0.16 1.363 0.629 0.279 0.34 5
0.45 0.325 0.135 0.438 0.1805 0.1165 0.11 5
0.695 0.515 0.175 1.5165 0.578 0.4105 0.39 4
0.47 0.365 0.135 0.522 0.2395 0.1525 0.145 3
0.53 0.435 0.155 0.699 0.288 0.1595 0.205 3
0.585 0.45 0.125 0.874 0.3545 0.2075 0.225 2
0.45 0.335 0.105 0.447 0.2335 0.153 0.119 5
0.46 0.35 0.11 0.4 0.176 0.083 0.1205 5
0.555 0.44 0.15 1.092 0.416 0.212 0.4405 4
0.29 0.21 0.06 0.1045 0.0415 0.022 0.035 2
0.5 0.4 0.165 0.7105 0.27 0.1455 0.225 1
0.555 0.43 0.14 0.7665 0.341 0.165 0.23 5
0.53 0.415 0.14 0.724 0.3105 0.1675 0.205 3
0.72 0.55 0.205 2.165 1.1055 0.525 0.404 3
0.53 0.41 0.125 0.769 0.346 0.173 0.215 5
0.37 0.285 0.095 0.226 0.1135 0.0515 0.0675 5
0.635 0.51 0.185 1.286 0.526 0.295 0.4105 3
0.6 0.465 0.165 1.0475 0.465 0.2345 0.315 3
0.425 0.305 0.11 0.359 0.173 0.0875 0.0975 5
0.395 0.29 0.095 0.3 0.158 0.068 0.078 5
0.72 0.565 0.19 2.081 1.0815 0.4305 0.503 3
0.46 0.365 0.125 0.4785 0.206 0.1045 0.141 5
0.5 0.355 0.14 0.528 0.2125 0.149 0.14 5
0.325 0.245 0.075 0.1495 0.0605 0.033 0.045 2
0.6 0.475 0.155 1.1385 0.502 0.2295 0.31 5
0.195 0.15 0.045 0.0375 0.018 0.006 0.011 2
0.425 0.325 0.11 0.405 0.1695 0.092 0.1065 5
0.59 0.465 0.15 0.997 0.392 0.246 0.34 3
0.58 0.45 0.185 0.9955 0.3945 0.272 0.285 3
0.565 0.43 0.15 0.831 0.4245 0.1735 0.219 3
0.505 0.395 0.105 0.551 0.248 0.103 0.171 5
0.445 0.335 0.14 0.4565 0.1785 0.114 0.14 3
0.57 0.44 0.12 0.803 0.382 0.1525 0.234 5
0.425 0.33 0.08 0.361 0.134 0.0825 0.125 5
0.45 0.335 0.115 0.3935 0.195 0.071 0.11 5
0.66 0.535 0.2 1.791 0.733 0.318 0.54 4
0.505 0.39 0.12 0.653 0.3315 0.1385 0.167 5
0.59 0.47 0.145 0.9235 0.4545 0.173 0.254 5
0.6 0.5 0.155 1.332 0.6235 0.2835 0.35 5
0.53 0.42 0.12 0.5965 0.2555 0.141 0.177 5
0.455 0.345 0.105 0.4005 0.164 0.0755 0.126 5
0.67 0.525 0.17 1.4005 0.715 0.3025 0.387 5
0.57 0.435 0.125 0.8965 0.383 0.1835 0.275 5
0.635 0.48 0.19 1.467 0.5825 0.303 0.42 4
0.4 0.32 0.095 0.348 0.194 0.053 0.087 2
0.505 0.385 0.125 0.596 0.245 0.097 0.21 5
0.585 0.46 0.165 1.1135 0.5825 0.2345 0.274 3
0.635 0.535 0.19 1.242 0.576 0.2475 0.39 4
0.19 0.13 0.045 0.0265 0.009 0.005 0.009 2
0.36 0.265 0.095 0.2315 0.105 0.046 0.075 5
0.445 0.35 0.115 0.3615 0.1565 0.0695 0.117 5
0.595 0.475 0.165 1.213 0.621 0.2435 0.274 5
0.36 0.28 0.08 0.1755 0.081 0.0505 0.07 2
0.635 0.49 0.175 1.375 0.623 0.2705 0.395 3
0.63 0.47 0.155 1.1325 0.589 0.211 0.287 5
0.285 0.215 0.06 0.0935 0.031 0.023 0.03 2
0.17 0.125 0.055 0.0235 0.009 0.0055 0.008 2
0.745 0.585 0.19 1.966 0.8435 0.437 0.5855 1
0.455 0.335 0.135 0.501 0.274 0.0995 0.1065 5
0.57 0.445 0.155 0.733 0.282 0.159 0.235 4
0.615 0.5 0.205 1.1055 0.4445 0.227 0.39 4
0.53 0.425 0.13 0.717 0.2115 0.166 0.255 4
0.315 0.23 0.09 0.1285 0.043 0.04 0.04 5
0.525 0.4 0.14 0.7205 0.3685 0.145 0.1735 5
0.505 0.395 0.145 0.6515 0.2695 0.153 0.205 4
0.26 0.2 0.065 0.096 0.044 0.027 0.03 2
0.595 0.465 0.155 1.026 0.4645 0.112 0.305 3
0.535 0.415 0.17 0.879 0.295 0.1965 0.285 3
0.58 0.435 0.15 0.839 0.3485 0.207 0.192 5
0.55 0.45 0.17 0.81 0.317 0.157 0.22 3
0.54 0.415 0.135 0.709 0.3195 0.174 0.185 5
0.66 0.525 0.2 1.463 0.6525 0.2995 0.422 3
0.62 0.485 0.165 1.166 0.483 0.238 0.355 4
0.475 0.375 0.125 0.593 0.277 0.115 0.18 3
0.545 0.42 0.13 0.879 0.374 0.1695 0.23 4
0.775 0.57 0.22 2.032 0.735 0.4755 0.6585 1
0.57 0.47 0.155 1.186 0.6355 0.2315 0.277 3
0.355 0.28 0.11 0.2235 0.0815 0.0525 0.08 5
0.595 0.455 0.14 0.914 0.3895 0.2225 0.271 5
0.165 0.11 0.02 0.019 0.0065 0.0025 0.005 2
0.375 0.29 0.085 0.2385 0.118 0.045 0.0695 5
0.485 0.37 0.155 0.968 0.419 0.2455 0.2365 5
0.545 0.43 0.16 0.844 0.3945 0.1855 0.231 5
0.59 0.475 0.145 0.9745 0.4675 0.207 0.259 3
0.62 0.51 0.175 1.2815 0.5715 0.2385 0.39 3
0.65 0.525 0.19 1.3685 0.5975 0.296 0.4 3
0.565 0.445 0.15 0.796 0.3635 0.184 0.219 5
0.565 0.42 0.155 0.743 0.31 0.186 0.231 5
0.365 0.26 0.115 0.218 0.0935 0.0445 0.07 5
0.515 0.38 0.175 0.9565 0.325 0.158 0.31 4
0.29 0.21 0.06 0.1195 0.056 0.0235 0.03 2
0.465 0.35 0.11 0.4085 0.165 0.102 0.131 5
0.49 0.38 0.11 0.554 0.2935 0.1005 0.15 5
0.55 0.4 0.135 0.717 0.3315 0.1495 0.221 5
0.645 0.525 0.16 1.5075 0.7455 0.245 0.4325 3
0.525 0.385 0.13 0.607 0.2355 0.125 0.195 5
0.475 0.36 0.11 0.452 0.191 0.099 0.13 5
0.57 0.465 0.155 0.872 0.3245 0.239 0.285 4
0.535 0.415 0.135 0.78 0.3165 0.169 0.2365 5
0.52 0.41 0.17 0.8705 0.3735 0.219 0.25 4
0.505 0.385 0.105 0.5525 0.239 0.1245 0.1555 5
0.63 0.47 0.15 1.1355 0.539 0.2325 0.3115 3
0.58 0.45 0.15 0.927 0.276 0.1815 0.36 4
0.535 0.45 0.135 0.728 0.2845 0.1845 0.265 5
0.575 0.45 0.135 0.807 0.3615 0.176 0.254 3
0.545 0.42 0.125 0.9745 0.353 0.174 0.305 4
0.695 0.55 0.155 1.8495 0.767 0.442 0.4175 3
0.625 0.495 0.175 1.2935 0.5805 0.317 0.355 5
0.55 0.43 0.145 0.712 0.3025 0.152 0.225 3
0.605 0.48 0.17 1.1835 0.582 0.2365 0.317 3
0.635 0.495 0.17 1.3695 0.657 0.3055 0.365 3
0.39 0.285 0.095 0.271 0.11 0.06 0.08 5
0.415 0.315 0.125 0.388 0.068 0.09 0.125 3
0.525 0.405 0.16 0.792 0.316 0.1455 0.28 4
0.465 0.37 0.115 0.4075 0.1515 0.0935 0.1455 5
0.65 0.51 0.175 1.155 0.4955 0.2025 0.385 3
0.655 0.525 0.16 1.46 0.686 0.311 0.405 3
0.615 0.47 0.16 1.0175 0.473 0.2395 0.28 3
0.6 0.505 0.19 1.129 0.4385 0.256 0.36 4
0.525 0.39 0.135 0.6005 0.2265 0.131 0.21 4
0.535 0.42 0.13 0.8055 0.301 0.181 0.28 4
0.555 0.46 0.16 0.86 0.3345 0.1935 0.275 3
0.425 0.325 0.1 0.3295 0.1365 0.0725 0.11 5
0.565 0.455 0.17 0.9065 0.342 0.156 0.32 1
0.555 0.45 0.145 0.915 0.4 0.246 0.285 3
0.18 0.135 0.08 0.033 0.0145 0.007 0.01 2
0.315 0.25 0.09 0.203 0.0615 0.037 0.0795 3
0.675 0.54 0.21 1.593 0.686 0.318 0.45 3
0.67 0.51 0.175 1.5265 0.651 0.4475 0.345 3
0.6 0.485 0.165 1.1405 0.587 0.2175 0.288 5
0.615 0.475 0.155 1.115 0.484 0.2115 0.355 3
0.52 0.4 0.11 0.597 0.2935 0.1155 0.16 5
0.6 0.465 0.155 1.04 0.4755 0.25 0.28 3
0.53 0.43 0.14 0.677 0.298 0.0965 0.23 5
0.58 0.455 0.195 1.859 0.945 0.426 0.441 5
0.6 0.48 0.165 0.9165 0.4135 0.1965 0.2725 5
0.6 0.495 0.175 1.3005 0.6195 0.284 0.3285 3
0.605 0.485 0.165 1.0105 0.435 0.209 0.3 1
0.69 0.55 0.18 1.6915 0.6655 0.402 0.5 3
0.525 0.42 0.16 0.756 0.2745 0.173 0.275 5
0.555 0.42 0.145 0.8695 0.3075 0.2575 0.25 4
0.6 0.48 0.17 0.9175 0.38 0.2225 0.29 5
0.52 0.405 0.125 0.6435 0.2415 0.1735 0.21 3
0.625 0.49 0.145 0.92 0.437 0.1735 0.28 3
0.565 0.44 0.175 0.8735 0.414 0.21 0.21 3
0.485 0.365 0.14 0.4475 0.1895 0.0925 0.2305 5
0.57 0.42 0.155 1.008 0.377 0.193 0.34 4
0.695 0.535 0.175 1.361 0.5465 0.2815 0.465 3
0.58 0.455 0.17 0.9075 0.374 0.2135 0.285 4
0.51 0.4 0.15 0.745 0.2865 0.1675 0.235 4
0.53 0.415 0.11 0.5745 0.2525 0.1235 0.189 5
0.56 0.415 0.13 0.7615 0.3695 0.17 0.1955 5
0.4 0.305 0.13 0.2935 0.096 0.0675 0.105 5
0.665 0.5 0.17 1.2975 0.6035 0.291 0.3595 5
0.32 0.245 0.08 0.1585 0.0635 0.0325 0.05 4
0.575 0.45 0.125 0.78 0.3275 0.188 0.235 5
0.485 0.375 0.14 0.521 0.2 0.123 0.17 5
0.465 0.35 0.14 0.5755 0.2015 0.1505 0.19 4
0.48 0.355 0.11 0.4495 0.201 0.089 0.14 5
0.55 0.43 0.14 0.8105 0.368 0.161 0.275 5
0.7 0.555 0.2 1.858 0.73 0.3665 0.595 3
0.635 0.495 0.195 1.297 0.556 0.2985 0.37 3
0.57 0.415 0.13 0.88 0.4275 0.1955 0.238 4
0.595 0.46 0.14 1.0045 0.4655 0.2095 0.2515 5
0.585 0.455 0.165 0.998 0.345 0.2495 0.315 3
0.62 0.51 0.175 1.615 0.5105 0.192 0.675 3
0.65 0.545 0.23 1.752 0.5605 0.2895 0.815 4
0.69 0.555 0.205 1.8165 0.7785 0.4395 0.515 1
0.485 0.385 0.105 0.556 0.296 0.104 0.133 5
0.49 0.39 0.135 0.59 0.215 0.125 0.1845 3
0.625 0.5 0.165 1.288 0.573 0.3035 0.315 5
0.42 0.32 0.11 0.309 0.115 0.0645 0.0945 2
0.575 0.455 0.185 1.156 0.5525 0.243 0.295 4
0.66 0.505 0.185 1.528 0.69 0.3025 0.441 3
0.475 0.385 0.145 0.6175 0.235 0.108 0.215 4
0.655 0.54 0.215 1.5555 0.695 0.296 0.444 3
0.63 0.51 0.19 1.4985 0.4125 0.3075 0.545 4
0.51 0.405 0.15 0.7035 0.347 0.134 0.1885 5
0.64 0.525 0.2 1.3765 0.44 0.3075 0.47 4
0.435 0.335 0.11 0.38 0.1695 0.086 0.11 5
0.58 0.445 0.135 0.95 0.484 0.182 0.2325 5
0.57 0.45 0.165 0.903 0.3305 0.1845 0.295 4
0.73 0.585 0.225 2.2305 1.2395 0.422 0.563 4
0.7 0.535 0.175 1.773 0.6805 0.48 0.512 4
0.52 0.41 0.12 0.595 0.2385 0.111 0.19 5
0.32 0.235 0.065 0.1385 0.058 0.0225 0.05 2
0.485 0.37 0.13 0.458 0.181 0.113 0.136 3
0.48 0.365 0.1 0.461 0.2205 0.0835 0.135 5
0.53 0.425 0.13 0.702 0.2975 0.1395 0.22 5
0.615 0.485 0.16 1.1575 0.5005 0.2495 0.315 3
0.435 0.325 0.11 0.4335 0.178 0.0985 0.155 5
0.625 0.48 0.17 1.3525 0.6235 0.278 0.365 3
0.43 0.335 0.12 0.444 0.155 0.1145 0.14 4
0.56 0.46 0.18 0.97 0.342 0.196 0.355 3
0.655 0.515 0.18 1.412 0.6195 0.2485 0.497 3
0.33 0.205 0.095 0.1595 0.077 0.032 0.0435 2
0.66 0.565 0.195 1.7605 0.692 0.3265 0.5 4
0.67 0.52 0.195 1.8065 0.758 0.3735 0.5055 3
0.45 0.36 0.11 0.447 0.203 0.082 0.13 3
0.58 0.465 0.175 1.035 0.401 0.1865 0.385 1
0.49 0.39 0.14 0.707 0.2795 0.2185 0.18 4
0.56 0.44 0.16 1.1115 0.5035 0.2785 0.26 3
0.47 0.345 0.115 0.4885 0.2005 0.108 0.166 3
0.53 0.42 0.185 0.752 0.299 0.156 0.205 1
0.415 0.32 0.115 0.3045 0.1215 0.0735 0.094 5
0.6 0.47 0.175 1.105 0.4865 0.247 0.315 4
0.615 0.475 0.175 1.103 0.4635 0.3095 0.2725 3
0.45 0.345 0.105 0.4115 0.18 0.1125 0.135 5
0.505 0.4 0.13 0.764 0.3035 0.189 0.2175 3
0.515 0.39 0.12 0.565 0.235 0.135 0.179 5
0.655 0.51 0.16 1.092 0.396 0.2825 0.37 4
0.72 0.545 0.185 1.7185 0.7925 0.401 0.468 3
0.61 0.47 0.145 1.153 0.403 0.296 0.32 4
0.56 0.455 0.19 0.714 0.283 0.129 0.275 5
0.61 0.48 0.165 1.097 0.4215 0.264 0.335 4
0.465 0.37 0.1 0.5055 0.234 0.11 0.14 5
0.48 0.355 0.115 0.4725 0.2065 0.112 0.132 5
0.57 0.45 0.18 0.908 0.4015 0.217 0.255 5
0.62 0.49 0.15 1.195 0.4605 0.302 0.355 5
0.455 0.355 0.125 0.5325 0.225 0.126 0.1465 5
0.46 0.34 0.1 0.386 0.1805 0.0875 0.0965 5
0.56 0.42 0.15 0.8755 0.44 0.1965 0.2315 5
0.625 0.49 0.165 1.127 0.477 0.2365 0.3185 5
0.445 0.34 0.12 0.4475 0.193 0.1035 0.13 5
0.5 0.4 0.125 0.5765 0.2395 0.126 0.185 3
0.515 0.4 0.14 0.7365 0.2955 0.184 0.185 4
0.505 0.405 0.18 0.606 0.239 0.1235 0.18 3
0.515 0.385 0.13 0.623 0.2855 0.1285 0.175 3
0.7 0.54 0.215 1.978 0.6675 0.3125 0.71 1
0.485 0.37 0.13 0.526 0.2485 0.105 0.1555 2
0.48 0.385 0.135 0.536 0.1895 0.142 0.173 4
0.335 0.26 0.075 0.22 0.0855 0.04 0.085 2
0.685 0.505 0.19 1.533 0.667 0.4055 0.41 3
0.25 0.185 0.065 0.0685 0.0295 0.014 0.0225 2
0.72 0.55 0.18 1.52 0.637 0.325 0.435 3
0.675 0.51 0.195 1.382 0.6045 0.3175 0.3965 3
0.515 0.395 0.12 0.646 0.285 0.1365 0.172 5
0.62 0.5 0.17 1.148 0.5475 0.22 0.3315 3
0.465 0.355 0.105 0.442 0.2085 0.0975 0.1185 5
0.35 0.265 0.09 0.1855 0.0745 0.0415 0.06 5
0.665 0.52 0.175 1.3725 0.606 0.32 0.395 3
0.555 0.4 0.13 0.7075 0.332 0.1585 0.18 5
0.45 0.345 0.135 0.443 0.1975 0.0875 0.1175 4
0.385 0.285 0.09 0.248 0.0935 0.066 0.07 2
0.65 0.515 0.185 1.3745 0.75 0.1805 0.369 3
0.555 0.43 0.155 0.7395 0.3135 0.1435 0.28 3
0.665 0.555 0.195 1.4385 0.581 0.354 0.36 1
0.405 0.3 0.09 0.269 0.103 0.067 0.11 2
0.545 0.44 0.135 0.9185 0.429 0.2015 0.2375 3
0.375 0.305 0.09 0.3245 0.1395 0.0565 0.095 2
0.525 0.43 0.165 0.8645 0.376 0.1945 0.2515 4
0.47 0.355 0.13 0.5465 0.2005 0.126 0.185 4
0.625 0.525 0.195 1.352 0.4505 0.2445 0.53 4
0.385 0.275 0.115 0.2685 0.0975 0.0825 0.085 5
0.735 0.57 0.21 2.2355 1.1705 0.463 0.5315 3
0.645 0.5 0.19 1.229 0.524 0.278 0.395 1
0.635 0.51 0.185 1.308 0.544 0.318 0.377 5
0.745 0.575 0.2 1.884 0.954 0.336 0.495 3
0.35 0.26 0.09 0.195 0.0745 0.041 0.0655 5
0.515 0.39 0.12 0.6125 0.302 0.1365 0.1415 5
0.45 0.345 0.12 0.4165 0.1655 0.095 0.135 5
0.255 0.19 0.06 0.086 0.04 0.0185 0.025 2
0.615 0.5 0.175 1.377 0.5585 0.33 0.292 3
0.525 0.4 0.14 0.6055 0.2605 0.108 0.21 5
0.65 0.495 0.16 1.2075 0.55 0.2695 0.32 3
0.62 0.5 0.175 1.107 0.4895 0.24 0.343 3
0.65 0.515 0.18 1.3315 0.5665 0.347 0.405 4
0.55 0.405 0.15 0.6755 0.3015 0.1465 0.21 3
0.415 0.335 0.1 0.358 0.169 0.067 0.105 5
0.68 0.55 0.19 1.807 0.8225 0.3655 0.515 3
0.57 0.45 0.16 0.9715 0.3965 0.255 0.26 3
0.605 0.5 0.185 1.1185 0.469 0.2585 0.335 5
0.54 0.425 0.14 0.742 0.32 0.1395 0.25 5
0.53 0.42 0.14 0.627 0.2905 0.1165 0.183 5
0.65 0.545 0.185 1.5055 0.6565 0.341 0.43 3
0.6 0.45 0.195 1.34 0.617 0.3255 0.3605 3
0.57 0.46 0.17 0.9035 0.4075 0.1935 0.214 5
0.495 0.385 0.125 0.5125 0.2075 0.1155 0.172 3
0.41 0.31 0.09 0.3335 0.1635 0.061 0.091 2
0.53 0.41 0.14 0.681 0.3095 0.1415 0.1835 2
0.475 0.37 0.125 0.655 0.266 0.1725 0.185 3
0.415 0.31 0.105 0.3595 0.167 0.083 0.0915 2
0.515 0.42 0.135 0.711 0.337 0.144 0.205 4
0.59 0.465 0.15 1.151 0.613 0.239 0.2515 5
0.505 0.355 0.125 0.601 0.25 0.1205 0.185 5
0.44 0.345 0.12 0.365 0.1655 0.083 0.11 5
0.36 0.265 0.085 0.1895 0.0725 0.0515 0.055 2
0.565 0.46 0.155 0.8715 0.3755 0.215 0.25 3
0.395 0.305 0.105 0.282 0.0975 0.065 0.096 5
0.4 0.315 0.105 0.287 0.1135 0.037 0.113 3
0.625 0.48 0.175 1.065 0.4865 0.259 0.285 3
0.505 0.4 0.125 0.77 0.2735 0.159 0.255 4
0.175 0.135 0.04 0.0305 0.011 0.0075 0.01 2
0.275 0.205 0.07 0.094 0.0335 0.02 0.0325 2
0.68 0.56 0.195 1.7775 0.861 0.322 0.415 3
0.57 0.45 0.17 1.098 0.414 0.187 0.405 1
0.46 0.355 0.14 0.491 0.207 0.115 0.174 3
0.505 0.405 0.16 0.6835 0.271 0.145 0.215 3
0.7 0.525 0.19 1.6465 0.8545 0.307 0.3995 5
0.545 0.43 0.14 0.832 0.4355 0.17 0.201 5
0.575 0.445 0.14 0.941 0.3845 0.252 0.285 5
0.62 0.475 0.16 1.1295 0.463 0.2685 0.33 3
0.44 0.34 0.105 0.344 0.123 0.081 0.125 5
0.44 0.335 0.11 0.394 0.157 0.096 0.122 5
0.43 0.33 0.095 0.34 0.1315 0.085 0.112 4
0.665 0.53 0.185 1.3955 0.456 0.3205 0.49 4
0.295 0.215 0.085 0.128 0.049 0.034 0.04 2
0.515 0.4 0.17 0.796 0.258 0.1755 0.28 4
0.465 0.36 0.105 0.452 0.22 0.159 0.1035 5
0.62 0.45 0.135 0.924 0.358 0.2265 0.2965 3
0.575 0.45 0.12 0.9585 0.447 0.169 0.275 3
0.625 0.46 0.16 1.2395 0.55 0.273 0.38 4
0.575 0.45 0.145 0.872 0.4675 0.18 0.217 5
0.575 0.445 0.17 0.8015 0.3475 0.1465 0.25 5
0.61 0.45 0.15 0.871 0.407 0.1835 0.25 3
0.54 0.425 0.13 0.7205 0.2955 0.169 0.225 3
0.44 0.305 0.115 0.379 0.162 0.091 0.11 5
0.555 0.41 0.125 0.599 0.2345 0.1465 0.194 5
0.405 0.305 0.1 0.271 0.0965 0.061 0.091 5
0.67 0.525 0.165 1.6085 0.682 0.3145 0.4005 3
0.395 0.3 0.105 0.3375 0.1435 0.0755 0.098 3
0.335 0.25 0.09 0.181 0.0755 0.0415 0.06 5
0.48 0.38 0.13 0.6175 0.3 0.142 0.175 3
0.6 0.465 0.2 1.259 0.6405 0.1985 0.357 5
0.535 0.4 0.135 0.8215 0.3935 0.196 0.205 5
0.535 0.385 0.18 1.0835 0.4955 0.2295 0.304 5
0.58 0.46 0.15 0.9955 0.429 0.212 0.26 1
0.51 0.39 0.135 0.6335 0.231 0.179 0.2 5
0.485 0.38 0.12 0.4725 0.2075 0.1075 0.147 2
0.515 0.4 0.14 0.6335 0.288 0.145 0.168 5
0.56 0.435 0.18 0.889 0.36 0.204 0.25 3
0.435 0.325 0.1 0.342 0.1335 0.0835 0.105 2
0.28 0.205 0.055 0.1135 0.045 0.0275 0.0335 5
0.57 0.465 0.16 0.8935 0.3145 0.2575 0.263 3
0.78 0.63 0.215 2.657 1.488 0.4985 0.586 3
0.29 0.215 0.065 0.0985 0.0425 0.021 0.031 2
0.66 0.505 0.19 1.4045 0.6255 0.3375 0.3745 5
0.62 0.49 0.16 1.066 0.446 0.246 0.305 3
0.44 0.34 0.1 0.451 0.188 0.087 0.13 3
0.75 0.61 0.235 2.5085 1.232 0.519 0.612 4
0.56 0.465 0.145 0.8875 0.3345 0.22 0.2695 5
0.46 0.37 0.12 0.5335 0.2645 0.108 0.1345 2
0.62 0.48 0.17 1.1045 0.535 0.25 0.287 3
0.38 0.29 0.12 0.283 0.1175 0.0655 0.085 5
0.44 0.34 0.105 0.364 0.148 0.0805 0.1175 5
0.46 0.36 0.105 0.466 0.2225 0.099 0.11 5
0.53 0.405 0.13 0.738 0.2845 0.17 0.193 5
0.685 0.545 0.18 1.768 0.7495 0.392 0.485 4
0.39 0.295 0.1 0.279 0.1155 0.059 0.08 5
0.66 0.51 0.165 1.6375 0.7685 0.3545 0.3925 4
0.635 0.525 0.185 1.4065 0.684 0.3 0.3745 3
0.46 0.37 0.11 0.3965 0.1485 0.0855 0.1455 5
0.56 0.455 0.155 0.797 0.34 0.19 0.2425 3
0.435 0.355 0.125 0.4075 0.1535 0.074 0.165 5
0.45 0.345 0.11 0.47 0.2355 0.0855 0.1135 5
0.52 0.395 0.145 0.77 0.424 0.142 0.1895 5
0.45 0.335 0.105 0.425 0.1865 0.091 0.115 5
0.49 0.39 0.15 0.573 0.225 0.124 0.17 1
0.505 0.375 0.115 0.5895 0.2635 0.12 0.167 3
0.665 0.525 0.155 1.3575 0.5325 0.3045 0.4485 3
0.675 0.525 0.16 1.2835 0.572 0.2755 0.3545 4
0.615 0.495 0.155 1.0805 0.52 0.19 0.32 5
0.67 0.545 0.2 1.7025 0.833 0.374 0.41 3
0.615 0.475 0.17 1.055 0.543 0.246 0.2345 5
0.62 0.485 0.18 1.154 0.4935 0.256 0.315 3
0.37 0.28 0.105 0.224 0.0815 0.0575 0.075 5
0.33 0.265 0.085 0.196 0.0775 0.0305 0.0445 2
0.53 0.425 0.13 0.781 0.3905 0.2005 0.215 5
0.33 0.26 0.085 0.1965 0.0915 0.0425 0.055 5
0.565 0.45 0.175 1.0095 0.447 0.2375 0.2645 5
0.62 0.47 0.225 1.115 0.378 0.2145 0.36 4
0.625 0.495 0.175 1.254 0.5815 0.286 0.3185 5
0.19 0.145 0.04 0.038 0.0165 0.0065 0.015 2
0.68 0.55 0.175 1.798 0.815 0.3925 0.455 1
0.455 0.375 0.125 0.458 0.1985 0.111 0.12 3
0.45 0.32 0.1 0.381 0.1705 0.075 0.115 5
0.625 0.495 0.16 1.1115 0.4495 0.2825 0.345 3
0.565 0.45 0.195 1.0035 0.406 0.2505 0.285 4
0.325 0.24 0.075 0.152 0.065 0.0305 0.045 2
0.57 0.44 0.14 0.9535 0.3785 0.201 0.305 1
0.66 0.505 0.19 1.4385 0.6775 0.285 0.178 3
0.35 0.25 0.1 0.4015 0.1725 0.063 0.1255 5
0.495 0.37 0.12 0.594 0.28 0.11 0.1375 5
0.565 0.45 0.135 0.9885 0.387 0.1495 0.31 3
0.665 0.57 0.185 1.522 0.6965 0.3025 0.405 4
0.63 0.49 0.155 1.229 0.535 0.29 0.335 3
0.575 0.445 0.135 0.883 0.381 0.2035 0.26 3
0.31 0.22 0.085 0.146 0.061 0.0365 0.045 2
0.43 0.34 0.125 0.384 0.1375 0.061 0.146 4
0.29 0.215 0.06 0.1115 0.053 0.0185 0.032 2
0.45 0.36 0.125 0.4995 0.2035 0.1 0.17 4
0.71 0.55 0.17 1.614 0.743 0.345 0.45 3
0.36 0.27 0.085 0.2185 0.1065 0.038 0.062 2
0.34 0.25 0.07 0.2225 0.104 0.0425 0.055 5
0.61 0.48 0.175 1.0675 0.391 0.216 0.42 4
0.4 0.32 0.095 0.303 0.1335 0.06 0.1 5
0.475 0.365 0.1 0.1315 0.2025 0.0875 0.123 5
0.69 0.53 0.19 1.5955 0.678 0.331 0.48 3
0.32 0.24 0.075 0.1735 0.076 0.0355 0.05 5
0.49 0.375 0.15 0.5755 0.22 0.144 0.19 5
0.7 0.55 0.175 1.4405 0.6565 0.2985 0.375 3
0.59 0.465 0.165 1.115 0.5165 0.273 0.275 3
0.56 0.435 0.125 0.8775 0.3345 0.2145 0.29 4
0.325 0.25 0.08 0.176 0.0595 0.0355 0.063 5
0.58 0.455 0.13 0.852 0.41 0.1725 0.225 5
0.505 0.385 0.11 0.655 0.3185 0.15 0.185 5
0.58 0.46 0.15 1.0165 0.491 0.221 0.265 5
0.62 0.49 0.16 1.035 0.44 0.2525 0.285 3
0.515 0.4 0.135 0.6965 0.32 0.1255 0.175 5
0.43 0.31 0.13 0.6485 0.2735 0.163 0.184 5
0.56 0.445 0.16 0.8965 0.42 0.2175 0.2215 5
0.6 0.46 0.17 1.1805 0.456 0.337 0.329 3
0.675 0.53 0.195 1.4985 0.62 0.375 0.425 5
0.22 0.165 0.055 0.0545 0.0215 0.012 0.02 2
0.49 0.36 0.11 0.5005 0.161 0.107 0.195 1
0.635 0.49 0.17 1.2615 0.5385 0.2665 0.38 5
0.395 0.315 0.105 0.3515 0.1185 0.091 0.1195 4
0.53 0.4 0.125 0.617 0.279 0.127 0.19 5
0.605 0.49 0.15 1.1345 0.5265 0.2645 0.295 5
0.37 0.29 0.09 0.2445 0.089 0.0655 0.075 5
0.495 0.385 0.135 0.709 0.211 0.1375 0.262 3
0.59 0.465 0.195 1.0885 0.3685 0.187 0.375 1
0.485 0.4 0.135 0.663 0.313 0.137 0.2 3
0.41 0.3 0.115 0.2595 0.097 0.0515 0.08 3
0.475 0.355 0.12 0.48 0.234 0.1015 0.135 5
0.66 0.515 0.17 1.337 0.615 0.3125 0.3575 3
0.65 0.51 0.16 1.3835 0.6385 0.2905 0.3665 5
0.52 0.415 0.16 0.595 0.2105 0.142 0.26 4
0.535 0.45 0.135 0.8075 0.322 0.181 0.25 4
0.57 0.435 0.13 0.7535 0.349 0.1755 0.194 3
0.39 0.3 0.095 0.3265 0.1665 0.0575 0.089 5
0.41 0.31 0.09 0.339 0.155 0.0695 0.09 5
0.515 0.4 0.12 0.659 0.2705 0.179 0.17 4
0.665 0.5 0.175 1.2975 0.6075 0.314 0.315 5
0.595 0.455 0.155 1.041 0.416 0.2105 0.365 4
0.53 0.415 0.13 0.8425 0.275 0.1945 0.265 1
0.455 0.35 0.12 0.4835 0.1815 0.144 0.16 3
0.68 0.54 0.155 1.534 0.671 0.379 0.384 3
0.545 0.43 0.15 0.7285 0.302 0.1315 0.2545 3
0.605 0.455 0.145 0.9775 0.468 0.1775 0.275 5
0.17 0.13 0.095 0.03 0.013 0.008 0.01 2
0.63 0.475 0.15 1.072 0.433 0.2975 0.315 5
0.645 0.55 0.175 1.2915 0.57 0.3045 0.33 4
0.68 0.55 0.2 1.596 0.525 0.4075 0.585 1
0.625 0.475 0.16 1.0845 0.5005 0.2355 0.3105 3
0.665 0.535 0.155 1.383 0.596 0.2565 0.485 4
0.455 0.35 0.14 0.5725 0.1965 0.1325 0.175 3
0.55 0.42 0.115 0.668 0.2925 0.137 0.209 3
0.555 0.425 0.145 0.7905 0.3485 0.1765 0.225 5
0.72 0.55 0.2 1.9965 0.9035 0.469 0.5215 3
0.37 0.29 0.095 0.249 0.1045 0.058 0.067 2
0.265 0.205 0.07 0.1055 0.039 0.041 0.035 2
0.62 0.505 0.16 1.3725 0.6285 0.275 0.3685 3
0.535 0.405 0.125 0.927 0.26 0.1425 0.345 4
0.57 0.435 0.14 0.8085 0.3235 0.183 0.22 4
0.505 0.38 0.13 0.656 0.227 0.1785 0.22 4
0.6 0.47 0.2 1.031 0.392 0.2035 0.29 4
0.51 0.385 0.145 0.7665 0.3985 0.14 0.1805 5
0.725 0.56 0.21 2.141 0.65 0.398 1.005 1
0.575 0.475 0.17 0.967 0.3775 0.284 0.275 4
0.595 0.475 0.17 1.0965 0.419 0.229 0.35 1
0.375 0.29 0.095 0.2875 0.123 0.0605 0.08 2
0.455 0.335 0.105 0.4055 0.175 0.092 0.1185 5
0.455 0.375 0.125 0.533 0.233 0.106 0.185 5
0.55 0.465 0.18 1.2125 0.3245 0.205 0.525 1
0.61 0.47 0.195 1.2735 0.469 0.3315 0.398 3
0.49 0.39 0.12 0.511 0.2205 0.103 0.1745 5
0.505 0.395 0.135 0.5915 0.288 0.1315 0.185 3
0.49 0.37 0.105 0.5265 0.249 0.1005 0.148 5
0.5 0.395 0.12 0.537 0.2165 0.1085 0.1785 5
0.55 0.43 0.18 0.8265 0.4405 0.159 0.225 3
0.59 0.485 0.155 1.0785 0.4535 0.2435 0.31 5
0.475 0.365 0.13 0.4805 0.1905 0.114 0.1475 3
0.62 0.475 0.15 0.9545 0.455 0.1865 0.277 5
0.35 0.26 0.095 0.211 0.086 0.056 0.068 5
0.35 0.265 0.08 0.192 0.081 0.0465 0.053 2
0.565 0.44 0.155 0.868 0.348 0.217 0.26 3
0.58 0.46 0.155 1.0335 0.469 0.2225 0.295 3
0.525 0.405 0.135 0.7575 0.3305 0.216 0.195 3
0.485 0.38 0.15 0.605 0.2155 0.14 0.18 4
0.35 0.25 0.075 0.1695 0.0835 0.0355 0.041 2
0.485 0.37 0.14 0.5725 0.204 0.1415 0.175 3
0.395 0.32 0.1 0.3075 0.149 0.0535 0.09 5
0.33 0.265 0.09 0.18 0.068 0.036 0.06 2
0.475 0.34 0.105 0.4535 0.203 0.08 0.1465 5
0.625 0.47 0.145 1.7855 0.675 0.247 0.3245 4
0.385 0.285 0.105 0.2905 0.1215 0.0685 0.0875 3
0.41 0.3 0.1 0.301 0.124 0.069 0.09 5
0.625 0.495 0.155 1.177 0.5055 0.278 0.345 5
0.5 0.4 0.13 0.7715 0.37 0.16 0.211 5
0.56 0.43 0.145 0.898 0.3895 0.2325 0.245 5
0.62 0.475 0.16 0.907 0.371 0.167 0.3075 3
0.6 0.47 0.135 0.97 0.4655 0.1955 0.264 3
0.47 0.355 0.1 0.4755 0.1675 0.0805 0.185 3
0.73 0.555 0.18 1.6895 0.6555 0.1965 0.4935 3
0.515 0.415 0.14 0.6935 0.3115 0.152 0.2 3
0.635 0.505 0.17 1.2635 0.512 0.322 0.355 5
0.435 0.335 0.11 0.411 0.2025 0.0945 0.1 5
0.48 0.38 0.12 0.608 0.2705 0.1405 0.185 5
0.51 0.395 0.145 0.6185 0.216 0.1385 0.24 3
0.605 0.475 0.175 1.2525 0.5575 0.3055 0.343 5
0.42 0.32 0.1 0.34 0.1745 0.05 0.0945 5
0.235 0.175 0.08 0.0645 0.0215 0.0175 0.0215 2
0.615 0.48 0.19 1.36 0.5305 0.2375 0.47 1
0.555 0.44 0.14 0.8705 0.407 0.156 0.255 5
0.63 0.495 0.16 1.093 0.497 0.221 0.315 3
0.47 0.36 0.105 0.544 0.27 0.1395 0.129 5
0.33 0.255 0.095 0.172 0.066 0.0255 0.06 2
0.35 0.27 0.075 0.215 0.1 0.036 0.065 2
0.715 0.55 0.175 1.825 0.938 0.3805 0.44 3
0.5 0.385 0.13 0.768 0.2625 0.095 0.27 4
0.715 0.565 0.24 2.1995 0.7245 0.465 0.885 1
0.435 0.32 0.08 0.3325 0.1485 0.0635 0.105 5
0.645 0.505 0.165 1.318 0.55 0.3015 0.335 3
0.575 0.46 0.185 1.094 0.4485 0.217 0.345 4
0.51 0.4 0.13 0.6435 0.27 0.1665 0.205 3
0.505 0.39 0.105 0.6555 0.2595 0.18 0.19 3
0.36 0.27 0.09 0.232 0.12 0.0435 0.056 5
0.485 0.38 0.125 0.5215 0.2215 0.118 0.16 5
0.475 0.375 0.11 0.494 0.211 0.109 0.1545 5
0.48 0.36 0.125 0.542 0.2795 0.1025 0.147 5
0.43 0.34 0.1 0.3405 0.1395 0.0665 0.12 5
0.655 0.455 0.17 1.275 0.583 0.303 0.333 5
0.44 0.34 0.1 0.407 0.209 0.0735 0.103 5
0.64 0.5 0.15 1.0705 0.371 0.2705 0.36 5
0.46 0.38 0.135 0.482 0.207 0.1225 0.145 3
0.245 0.19 0.06 0.086 0.042 0.014 0.025 2
0.48 0.39 0.15 0.6275 0.276 0.134 0.185 4
0.63 0.49 0.225 1.336 0.6805 0.259 0.3245 3
0.55 0.43 0.15 0.84 0.395 0.195 0.223 5
0.55 0.425 0.125 0.964 0.5475 0.159 0.215 5
0.45 0.35 0.135 0.56 0.231 0.137 0.145 4
0.65 0.545 0.175 1.5245 0.59 0.326 0.495 3
0.5 0.375 0.15 0.636 0.2535 0.145 0.19 3
0.655 0.515 0.2 1.373 0.443 0.3375 0.49 4
0.395 0.3 0.09 0.253 0.1155 0.05 0.075 2
0.47 0.355 0.18 0.441 0.1525 0.1165 0.135 5
0.57 0.45 0.135 1.02 0.546 0.204 0.25 5
0.59 0.465 0.135 0.9895 0.4235 0.199 0.28 5
0.27 0.2 0.07 0.1 0.034 0.0245 0.035 2
0.605 0.475 0.19 1.1255 0.59 0.247 0.26 3
0.14 0.105 0.035 0.014 0.0055 0.0025 0.004 2
0.455 0.35 0.105 0.401 0.1575 0.083 0.135 5
0.61 0.46 0.145 1.1185 0.478 0.2945 0.2985 3
0.415 0.33 0.09 0.3595 0.17 0.081 0.09 2
0.7 0.575 0.2 1.7365 0.7755 0.3965 0.461 3
0.505 0.41 0.15 0.644 0.285 0.145 0.21 3
0.42 0.325 0.115 0.354 0.1625 0.064 0.105 5
0.565 0.45 0.165 0.9765 0.322 0.244 0.37 3
0.53 0.38 0.125 0.616 0.292 0.113 0.185 5
0.52 0.41 0.14 0.6625 0.2775 0.1555 0.196 3
0.62 0.51 0.175 1.2705 0.5415 0.323 0.3225 5
0.625 0.48 0.145 1.085 0.4645 0.2445 0.327 3
0.475 0.365 0.115 0.49 0.223 0.1235 0.1335 5
0.55 0.435 0.14 0.745 0.347 0.174 0.2265 5
0.44 0.325 0.08 0.413 0.144 0.1015 0.13 5
0.61 0.48 0.15 1.1495 0.564 0.274 0.264 5
0.52 0.39 0.12 0.6435 0.2885 0.157 0.161 5
0.565 0.45 0.165 0.887 0.37 0.239 0.249 3
0.32 0.225 0.085 0.1415 0.0675 0.0295 0.0405 2
0.645 0.49 0.215 1.406 0.4265 0.2285 0.51 1
0.41 0.32 0.115 0.387 0.165 0.1005 0.0985 3
0.44 0.32 0.105 0.3875 0.1755 0.074 0.12 5
0.52 0.38 0.125 0.5545 0.288 0.1295 0.167 5
0.53 0.43 0.15 0.741 0.325 0.1855 0.196 5
0.375 0.29 0.115 0.2705 0.093 0.066 0.0885 3
0.595 0.455 0.15 1.044 0.518 0.2205 0.27 5
0.67 0.505 0.175 1.0145 0.4375 0.271 0.3745 3
0.5 0.385 0.105 0.498 0.1795 0.1095 0.17 1
0.585 0.47 0.17 1.099 0.3975 0.2325 0.358 1
0.565 0.435 0.185 0.9815 0.329 0.136 0.39 4
0.655 0.525 0.185 1.259 0.487 0.2215 0.445 1
0.655 0.51 0.175 1.415 0.5885 0.3725 0.364 3
0.51 0.4 0.12 0.7005 0.347 0.1105 0.195 3
0.575 0.455 0.155 1.013 0.4685 0.2085 0.295 3
0.635 0.495 0.195 1.172 0.445 0.3115 0.3475 3
0.655 0.515 0.16 1.31 0.553 0.369 0.345 3
0.68 0.54 0.195 1.7825 0.5565 0.3235 0.4285 3
0.425 0.3 0.095 0.3515 0.141 0.0775 0.12 5
0.28 0.215 0.08 0.132 0.072 0.022 0.033 2
0.5 0.375 0.13 0.721 0.3055 0.1725 0.22 4
0.4 0.31 0.115 0.314 0.1545 0.0595 0.087 2
0.475 0.37 0.11 0.4895 0.2185 0.107 0.146 5
0.47 0.375 0.105 0.468 0.1665 0.108 0.17 3
0.51 0.395 0.125 0.5805 0.244 0.1335 0.188 3
0.67 0.51 0.18 1.68 0.926 0.2975 0.3935 4
0.5 0.395 0.14 0.6215 0.2925 0.1205 0.195 5
0.66 0.475 0.18 1.3695 0.641 0.294 0.335 2
0.64 0.51 0.17 1.3715 0.567 0.307 0.409 3
0.66 0.525 0.215 1.786 0.6725 0.3615 0.4065 3
0.505 0.41 0.135 0.657 0.291 0.133 0.195 4
0.43 0.34 0.105 0.4405 0.2385 0.0745 0.1075 2
0.5 0.4 0.12 0.616 0.261 0.143 0.1935 5
0.415 0.31 0.11 0.2965 0.123 0.057 0.0995 3
0.44 0.345 0.105 0.4285 0.165 0.083 0.132 3
0.42 0.3 0.105 0.316 0.1255 0.07 0.1035 5
0.425 0.325 0.11 0.3335 0.173 0.045 0.1 5
0.445 0.35 0.14 0.5905 0.2025 0.158 0.19 4
0.44 0.33 0.11 0.3705 0.1545 0.084 0.12 5
0.25 0.18 0.065 0.0805 0.0345 0.0185 0.0215 2
0.425 0.31 0.105 0.365 0.159 0.0825 0.105 2
0.615 0.475 0.155 1.0735 0.4375 0.2585 0.31 3
0.6 0.475 0.23 1.157 0.522 0.2235 0.36 3
0.5 0.4 0.165 0.825 0.254 0.205 0.285 4
0.58 0.45 0.17 0.9705 0.4615 0.232 0.248 5
0.49 0.365 0.125 0.5585 0.252 0.126 0.1615 3
0.455 0.365 0.11 0.385 0.166 0.046 0.1345 4
0.555 0.44 0.135 0.9025 0.3805 0.2105 0.28 4
0.565 0.43 0.135 0.8545 0.321 0.1775 0.275 3
0.335 0.25 0.075 0.1825 0.0705 0.044 0.055 5
0.58 0.455 0.165 1.1365 0.369 0.3005 0.275 4
0.415 0.325 0.115 0.3455 0.1405 0.0765 0.11 5
0.525 0.425 0.19 0.872 0.4625 0.1725 0.199 5
0.37 0.27 0.095 0.232 0.1325 0.041 0.0615 2
0.465 0.36 0.11 0.4955 0.2665 0.085 0.121 5
0.42 0.32 0.11 0.3625 0.174 0.0635 0.105 5
0.65 0.515 0.195 1.4005 0.5195 0.36 0.44 4
0.3 0.22 0.09 0.1425 0.057 0.0335 0.043 5
0.64 0.52 0.175 1.248 0.4245 0.2595 0.48 3
0.46 0.345 0.12 0.4935 0.2435 0.1175 0.132 5
0.355 0.265 0.085 0.2435 0.122 0.0525 0.06 2
0.51 0.34 0.18 0.7005 0.312 0.165 0.2 3
0.545 0.435 0.145 0.9385 0.3685 0.1245 0.345 3
0.485 0.37 0.14 0.5065 0.2425 0.088 0.1465 5
0.435 0.335 0.11 0.383 0.1555 0.0675 0.135 3
0.605 0.48 0.14 0.991 0.4735 0.2345 0.24 5
0.45 0.355 0.115 0.4385 0.184 0.108 0.1125 3
0.565 0.45 0.16 0.895 0.415 0.195 0.246 5
0.455 0.355 0.12 0.4495 0.177 0.104 0.15 5
0.365 0.275 0.085 0.223 0.098 0.0375 0.075 5
0.46 0.375 0.12 0.4915 0.2205 0.088 0.17 5
0.655 0.5 0.14 1.1705 0.5405 0.3175 0.285 3
0.525 0.41 0.165 0.8005 0.2635 0.1985 0.25 4
0.59 0.435 0.165 0.9765 0.4525 0.2395 0.235 5
0.545 0.41 0.145 0.873 0.3035 0.196 0.31 1
0.56 0.44 0.165 0.8 0.335 0.1735 0.25 3
0.695 0.56 0.185 1.74 0.885 0.3715 0.4375 3
0.475 0.42 0.16 0.7095 0.35 0.1505 0.1845 5
0.495 0.38 0.145 0.5 0.205 0.148 0.1505 5
0.385 0.3 0.09 0.247 0.1225 0.044 0.0675 2
0.51 0.405 0.135 0.769 0.3655 0.1585 0.18 5
0.45 0.35 0.11 0.514 0.253 0.1045 0.14 5
0.575 0.44 0.185 1.025 0.5075 0.2245 0.2485 3
0.45 0.35 0.145 0.525 0.2085 0.1 0.1655 4
0.73 0.575 0.185 1.8795 0.931 0.38 0.4825 3
0.485 0.385 0.125 0.4775 0.2 0.0785 0.17 3
0.545 0.41 0.115 0.6765 0.29 0.158 0.22 5
0.565 0.445 0.155 0.826 0.341 0.2055 0.2475 3
0.55 0.425 0.13 0.664 0.2695 0.163 0.21 5
0.46 0.355 0.13 0.458 0.192 0.1055 0.13 4
0.74 0.565 0.205 2.119 0.9655 0.5185 0.482 3
0.67 0.55 0.17 1.247 0.472 0.2455 0.4 1
0.38 0.3 0.1 0.2505 0.106 0.0535 0.0775 5
0.54 0.415 0.11 0.619 0.2755 0.15 0.1765 3
0.28 0.21 0.055 0.106 0.0415 0.0265 0.031 2
0.495 0.37 0.125 0.4775 0.185 0.0705 0.169 1
0.415 0.315 0.105 0.33 0.1405 0.0705 0.095 2
0.595 0.47 0.15 0.8915 0.359 0.2105 0.245 3
0.66 0.525 0.2 1.489 0.6065 0.3795 0.421 3
0.735 0.565 0.225 2.037 0.87 0.5145 0.5675 4
0.43 0.325 0.105 0.309 0.119 0.08 0.098 2
0.565 0.39 0.125 0.744 0.352 0.13 0.1685 3
0.47 0.37 0.12 0.5795 0.293 0.227 0.14 5
0.555 0.435 0.145 0.6975 0.262 0.1575 0.24 3
0.705 0.565 0.515 2.21 1.1075 0.4865 0.512 3
0.565 0.46 0.15 0.8765 0.3455 0.1925 0.275 3
0.505 0.39 0.185 0.6125 0.267 0.142 0.172 5
0.57 0.44 0.145 0.8815 0.3605 0.1955 0.2735 3
0.5 0.385 0.12 0.516 0.197 0.1305 0.165 5
0.705 0.56 0.165 1.675 0.797 0.4095 0.388 3
0.545 0.41 0.14 0.7405 0.3565 0.1775 0.203 5
0.585 0.435 0.175 0.982 0.4055 0.2495 0.27 3
0.545 0.41 0.14 0.737 0.349 0.15 0.212 5
0.665 0.515 0.165 1.3855 0.621 0.302 0.3445 5
0.625 0.5 0.18 1.3705 0.645 0.303 0.3705 3
0.665 0.525 0.175 1.443 0.6635 0.3845 0.353 3
0.475 0.35 0.12 0.4905 0.2035 0.13 0.135 5
0.51 0.39 0.125 0.597 0.293 0.1265 0.1555 5
0.61 0.49 0.16 1.146 0.597 0.246 0.265 5
0.62 0.49 0.17 1.2105 0.5185 0.2555 0.335 4
0.645 0.52 0.175 1.3345 0.667 0.2665 0.355 3
0.74 0.6 0.195 1.974 0.598 0.4085 0.71 4
0.61 0.485 0.17 1.1005 0.5125 0.229 0.305 3
0.37 0.275 0.1 0.2225 0.093 0.026 0.08 5
0.52 0.41 0.14 0.699 0.3395 0.129 0.1945 3
0.57 0.45 0.135 0.794 0.3815 0.1415 0.245 5
0.49 0.42 0.125 0.609 0.239 0.1435 0.22 4
0.64 0.54 0.175 1.571 0.627 0.271 0.475 1
0.63 0.49 0.17 1.1745 0.5255 0.273 0.339 3
0.205 0.155 0.045 0.0425 0.017 0.0055 0.0155 5
0.57 0.435 0.17 0.873 0.382 0.183 0.2705 3
0.455 0.375 0.125 0.484 0.2155 0.102 0.165 5
0.56 0.42 0.195 0.8085 0.3025 0.1795 0.285 4
0.54 0.415 0.17 0.879 0.339 0.208 0.255 3
0.415 0.325 0.14 0.417 0.1535 0.1015 0.144 3
0.58 0.42 0.14 0.701 0.3285 0.102 0.2255 5
0.47 0.37 0.135 0.547 0.222 0.1325 0.17 3
0.57 0.465 0.18 0.9995 0.405 0.277 0.295 4
0.59 0.48 0.16 1.262 0.5685 0.2725 0.335 5
0.275 0.195 0.07 0.08 0.031 0.0215 0.025 2
0.585 0.465 0.165 0.9355 0.4035 0.2275 0.259 5
0.72 0.58 0.19 2.0885 0.9955 0.478 0.5305 4
0.445 0.33 0.105 0.4525 0.18 0.103 0.123 5
0.63 0.49 0.17 1.2155 0.4625 0.2045 0.3105 3
0.58 0.45 0.155 0.93 0.385 0.246 0.265 5
0.575 0.44 0.125 0.8515 0.4555 0.1715 0.1965 5
0.465 0.355 0.11 0.474 0.23 0.1005 0.12 5
