0.27 0.19 0.06 0.099 0.0445 0.017 0.03 2
0.58 0.455 0.12 1.0735 0.479 0.2735 0.265 3
0.355 0.28 0.085 0.2905 0.095 0.0395 0.115 5
0.465 0.36 0.12 0.4765 0.192 0.1125 0.16 3
0.52 0.425 0.15 0.813 0.385 0.2015 0.23 3
0.495 0.385 0.135 0.709 0.211 0.1375 0.262 3
0.565 0.445 0.155 0.826 0.341 0.2055 0.2475 3
0.61 0.47 0.17 1.1185 0.5225 0.2405 0.31 5
0.52 0.4 0.125 0.559 0.254 0.139 0.149 5
0.63 0.495 0.145 1.147 0.5455 0.266 0.2885 5
0.455 0.335 0.135 0.501 0.274 0.0995 0.1065 5
0.475 0.35 0.115 0.498 0.2375 0.099 0.14 5
0.54 0.42 0.135 0.8075 0.3485 0.1795 0.235 3
0.46 0.35 0.11 0.3945 0.1685 0.0865 0.125 5
0.345 0.265 0.09 0.163 0.0615 0.037 0.0485 3
0.6 0.46 0.155 0.9735 0.427 0.2045 0.3 5
0.38 0.275 0.095 0.2425 0.106 0.0485 0.21 2
0.32 0.24 0.085 0.131 0.0615 0.0265 0.038 2
0.365 0.295 0.095 0.25 0.1075 0.0545 0.08 5
0.64 0.525 0.175 1.382 0.646 0.3115 0.37 5
0.59 0.465 0.14 1.046 0.4695 0.263 0.263 5
0.425 0.325 0.1 0.3295 0.1365 0.0725 0.11 5
0.565 0.455 0.13 1.058 0.439 0.2645 0.3 3
0.655 0.51 0.16 1.092 0.396 0.2825 0.37 4
0.425 0.33 0.08 0.361 0.134 0.0825 0.125 5
0.6 0.475 0.16 1.164 0.5045 0.2635 0.335 3
0.605 0.475 0.19 1.1255 0.59 0.247 0.26 3
0.615 0.48 0.16 1.2525 0.585 0.2595 0.33 5
0.66 0.495 0.195 1.6275 0.594 0.3595 0.485 3
0.25 0.19 0.065 0.0835 0.039 0.015 0.025 2
0.415 0.32 0.115 0.3045 0.1215 0.0735 0.094 5
0.465 0.36 0.115 0.5795 0.295 0.1395 0.12 5
0.58 0.435 0.15 0.834 0.428 0.1515 0.23 5
0.44 0.325 0.08 0.413 0.144 0.1015 0.13 5
0.67 0.545 0.2 1.7025 0.833 0.374 0.41 3
0.65 0.505 0.165 1.16 0.4785 0.274 0.349 3
0.285 0.21 0.055 0.101 0.0415 0.017 0.0335 2
0.515 0.39 0.12 0.6125 0.302 0.1365 0.1415 5
0.585 0.415 0.155 0.6985 0.3 0.146 0.195 3
0.28 0.2 0.075 0.1225 0.0545 0.0115 0.035 2
0.575 0.45 0.13 0.785 0.318 0.193 0.2265 5
0.475 0.375 0.11 0.494 0.211 0.109 0.1545 5
0.56 0.445 0.165 1.0285 0.4535 0.253 0.275 3
0.53 0.415 0.14 0.724 0.3105 0.1675 0.205 3
0.555 0.435 0.14 0.765 0.3945 0.15 0.206 5
0.535 0.4 0.15 0.8045 0.3345 0.2125 0.21 4
0.36 0.295 0.13 0.2765 0.0895 0.057 0.1005 3
0.625 0.475 0.13 0.8595 0.3195 0.1775 0.24 4
0.565 0.45 0.14 1.0055 0.3785 0.244 0.265 3
0.63 0.475 0.145 1.0605 0.5165 0.2195 0.28 3
0.305 0.22 0.07 0.141 0.062 0.031 0.037 2
0.23 0.175 0.065 0.0645 0.026 0.0105 0.02 2
0.565 0.455 0.185 0.9265 0.354 0.1575 0.375 4
0.48 0.39 0.15 0.6275 0.276 0.134 0.185 4
0.465 0.34 0.105 0.486 0.231 0.1035 0.1225 5
0.42 0.305 0.11 0.28 0.094 0.0785 0.0955 5
0.32 0.255 0.085 0.1745 0.072 0.033 0.057 5
0.535 0.42 0.165 0.9195 0.3355 0.1985 0.26 4
0.52 0.425 0.125 0.79 0.372 0.205 0.19 5
0.45 0.355 0.115 0.479 0.2125 0.1045 0.15 5
0.335 0.255 0.085 0.1785 0.071 0.0405 0.055 5
0.545 0.415 0.16 0.7715 0.272 0.1455 0.2765 3
0.47 0.36 0.13 0.5225 0.198 0.1065 0.165 5
0.735 0.59 0.225 1.756 0.637 0.3405 0.58 1
0.63 0.5 0.185 1.362 0.5785 0.3125 0.384 3
0.37 0.275 0.14 0.2215 0.097 0.0455 0.0615 2
0.5 0.355 0.14 0.528 0.2125 0.149 0.14 5
0.385 0.29 0.1 0.2575 0.1 0.061 0.086 2
0.535 0.41 0.12 0.6835 0.3125 0.1655 0.159 5
0.25 0.185 0.065 0.071 0.027 0.0185 0.0225 2
0.42 0.325 0.1 0.368 0.1675 0.0625 0.1135 3
0.435 0.33 0.125 0.406 0.1685 0.1055 0.096 3
0.405 0.31 0.11 0.91 0.416 0.2075 0.0995 5
0.695 0.56 0.185 1.7715 0.8195 0.331 0.437 3
0.55 0.435 0.14 0.745 0.347 0.174 0.2265 5
0.66 0.505 0.2 1.6305 0.4865 0.297 0.61 1
0.635 0.51 0.17 1.3555 0.619 0.305 0.39 5
0.525 0.415 0.12 0.596 0.2805 0.12 0.1695 5
0.585 0.45 0.15 0.997 0.4055 0.283 0.251 3
0.32 0.24 0.07 0.133 0.0585 0.0255 0.041 2
0.67 0.51 0.2 1.5945 0.6705 0.3845 0.4505 3
0.56 0.44 0.13 0.7235 0.349 0.149 0.2 5
0.32 0.23 0.06 0.129 0.0615 0.0275 0.0355 5
0.695 0.525 0.205 1.8185 0.819 0.4025 0.4525 4
0.605 0.485 0.16 1.222 0.53 0.2575 0.28 4
0.34 0.26 0.09 0.179 0.076 0.0525 0.055 2
0.29 0.225 0.075 0.14 0.0515 0.0235 0.04 2
0.645 0.505 0.15 1.1605 0.519 0.2615 0.335 3
0.5 0.395 0.14 0.6215 0.2925 0.1205 0.195 5
0.615 0.525 0.155 1.1375 0.367 0.236 0.37 1
0.51 0.4 0.14 0.6515 0.2455 0.1665 0.185 3
0.61 0.485 0.175 1.2445 0.544 0.297 0.345 3
0.63 0.485 0.17 1.3205 0.5945 0.345 0.345 5
0.525 0.4 0.125 0.5655 0.2435 0.119 0.175 5
0.4 0.315 0.09 0.3245 0.151 0.073 0.088 5
0.44 0.325 0.09 0.35 0.148 0.067 0.105 5
0.345 0.27 0.09 0.195 0.078 0.0455 0.059 5
0.485 0.37 0.115 0.457 0.1885 0.0965 0.15 5
0.665 0.515 0.19 1.6385 0.831 0.3575 0.371 3
0.68 0.55 0.175 1.473 0.713 0.282 0.4295 3
0.625 0.485 0.16 1.15 0.5255 0.257 0.3315 3
0.505 0.39 0.125 0.5445 0.246 0.15 0.1405 5
0.35 0.265 0.08 0.2 0.09 0.042 0.06 5
0.5 0.39 0.13 0.709 0.275 0.168 0.18 3
0.67 0.525 0.195 1.37 0.6065 0.2955 0.407 3
0.725 0.57 0.205 1.6195 0.744 0.315 0.488 3
0.595 0.48 0.2 0.975 0.358 0.2035 0.34 4
0.47 0.375 0.12 0.6015 0.2765 0.1455 0.135 5
0.445 0.35 0.12 0.4425 0.192 0.0955 0.135 5
0.6 0.45 0.14 0.869 0.3425 0.195 0.291 3
0.48 0.365 0.13 0.5305 0.2405 0.127 0.139 5
0.385 0.3 0.1 0.2725 0.1115 0.057 0.08 2
0.7 0.575 0.205 1.773 0.605 0.447 0.538 4
0.425 0.34 0.1 0.382 0.164 0.096 0.1 2
0.59 0.445 0.13 1.1325 0.3825 0.234 0.32 4
0.665 0.525 0.175 1.443 0.6635 0.3845 0.353 3
0.69 0.525 0.19 1.492 0.6425 0.3905 0.42 3
0.425 0.345 0.125 0.425 0.16 0.0795 0.154 4
0.56 0.43 0.125 0.8025 0.313 0.1715 0.263 4
0.425 0.32 0.1 0.3055 0.126 0.06 0.106 5
0.63 0.48 0.165 1.2615 0.5505 0.277 0.3885 3
0.66 0.53 0.17 1.326 0.519 0.2625 0.44 4
0.69 0.55 0.18 1.6915 0.6655 0.402 0.5 3
0.495 0.4 0.155 0.6445 0.242 0.1325 0.205 1
0.655 0.52 0.17 1.1445 0.53 0.223 0.348 5
0.66 0.525 0.205 1.3665 0.5005 0.291 0.41 1
0.615 0.52 0.15 1.3435 0.629 0.2605 0.345 3
0.345 0.285 0.1 0.2225 0.0865 0.058 0.075 5
0.505 0.39 0.15 0.685 0.362 0.131 0.156 5
0.595 0.455 0.14 0.914 0.3895 0.2225 0.271 5
0.595 0.48 0.16 1.2095 0.5225 0.296 0.32 5
0.345 0.27 0.095 0.197 0.0665 0.05 0.07 5
0.66 0.525 0.215 1.786 0.6725 0.3615 0.4065 3
0.495 0.385 0.135 0.6335 0.2 0.1225 0.26 4
0.53 0.42 0.14 0.6765 0.256 0.1855 0.208 5
0.39 0.3 0.1 0.265 0.1075 0.06 0.0865 4
0.465 0.35 0.125 0.482 0.23 0.106 0.1095 2
0.625 0.47 0.17 1.1665 0.4605 0.2565 0.3945 3
0.5 0.38 0.155 0.655 0.2405 0.143 0.205 1
0.515 0.405 0.145 0.695 0.215 0.1635 0.234 4
0.58 0.46 0.12 0.9935 0.4625 0.2385 0.28 3
0.47 0.365 0.105 0.4205 0.163 0.1035 0.14 5
0.68 0.54 0.195 1.7825 0.5565 0.3235 0.4285 3
0.63 0.465 0.15 1.027 0.537 0.188 0.176 5
0.44 0.305 0.115 0.379 0.162 0.091 0.11 5
0.33 0.23 0.085 0.1695 0.079 0.026 0.0505 2
0.4 0.305 0.085 0.297 0.108 0.0705 0.1 3
0.605 0.47 0.18 1.1405 0.3755 0.2805 0.385 4
0.57 0.45 0.14 0.795 0.3385 0.148 0.245 5
0.53 0.425 0.15 0.8495 0.328 0.232 0.202 5
0.515 0.4 0.12 0.659 0.2705 0.179 0.17 4
0.55 0.44 0.15 0.8945 0.3145 0.151 0.32 1
0.51 0.38 0.135 0.681 0.3435 0.142 0.17 5
0.69 0.54 0.195 1.2525 0.73 0.3975 0.462 3
0.565 0.43 0.15 0.831 0.4245 0.1735 0.219 3
0.655 0.545 0.19 1.4245 0.6325 0.333 0.378 3
0.585 0.475 0.15 1.065 0.5315 0.199 0.2885 3
0.54 0.415 0.15 0.8115 0.3875 0.1875 0.2035 5
0.64 0.505 0.18 1.297 0.59 0.3125 0.363 3
0.65 0.525 0.185 1.622 0.6645 0.3225 0.477 3
0.615 0.495 0.165 1.198 0.5415 0.2865 0.3185 3
0.51 0.405 0.125 0.6795 0.3465 0.1395 0.182 5
0.525 0.405 0.15 0.795 0.3075 0.205 0.255 4
0.34 0.255 0.095 0.213 0.081 0.034 0.07 5
0.58 0.44 0.175 1.2255 0.5405 0.2705 0.3265 3
0.33 0.255 0.08 0.205 0.0895 0.0395 0.055 5
0.495 0.4 0.135 0.61 0.272 0.1435 0.144 5
0.46 0.345 0.105 0.415 0.187 0.087 0.11 5
0.365 0.275 0.09 0.2345 0.108 0.051 0.0625 5
0.605 0.505 0.18 1.434 0.7285 0.264 0.431 3
0.165 0.12 0.03 0.0215 0.007 0.005 0.005 2
0.64 0.48 0.145 1.1145 0.508 0.24 0.34 3
0.61 0.49 0.17 1.137 0.4605 0.2825 0.344 3
0.45 0.33 0.115 0.365 0.14 0.0825 0.1245 5
0.635 0.5 0.18 1.2565 0.539 0.292 0.35 3
0.39 0.31 0.105 0.2665 0.1185 0.0525 0.081 5
0.525 0.415 0.16 0.6445 0.26 0.1575 0.22 3
0.47 0.375 0.125 0.5615 0.252 0.137 0.18 3
0.33 0.225 0.075 0.187 0.0945 0.0395 0.0425 5
0.51 0.4 0.13 0.5735 0.219 0.1365 0.195 4
0.525 0.43 0.125 0.813 0.3315 0.166 0.1775 3
0.365 0.275 0.135 0.24 0.108 0.0445 0.0735 5
0.36 0.27 0.085 0.196 0.0875 0.035 0.064 2
0.46 0.365 0.115 0.4485 0.165 0.083 0.17 4
0.605 0.515 0.17 1.289 0.6 0.2945 0.3315 5
0.215 0.15 0.03 0.0385 0.0115 0.005 0.01 2
0.42 0.315 0.1 0.3435 0.157 0.0795 0.09 2
0.62 0.48 0.18 1.1305 0.5285 0.2655 0.306 3
0.555 0.44 0.15 0.755 0.307 0.1525 0.26 3
0.44 0.33 0.11 0.3705 0.1545 0.084 0.12 5
0.67 0.545 0.175 1.707 0.6995 0.387 0.575 4
0.59 0.415 0.15 0.8805 0.3645 0.234 0.235 3
0.625 0.5 0.175 1.273 0.564 0.302 0.374 5
0.555 0.44 0.14 0.8705 0.407 0.156 0.255 5
0.315 0.235 0.075 0.1485 0.0585 0.0375 0.0425 2
0.255 0.19 0.07 0.0815 0.028 0.016 0.031 2
0.36 0.295 0.1 0.2105 0.066 0.0525 0.075 5
0.505 0.375 0.18 0.568 0.2325 0.1495 0.17 3
0.2 0.155 0.04 0.0435 0.0155 0.009 0.007 2
0.595 0.47 0.165 1.108 0.4915 0.2325 0.3345 5
0.335 0.26 0.09 0.1835 0.078 0.024 0.065 3
0.595 0.47 0.15 0.8915 0.359 0.2105 0.245 3
0.445 0.345 0.12 0.4035 0.169 0.0825 0.13 5
0.33 0.245 0.065 0.1445 0.058 0.032 0.0505 2
0.67 0.525 0.18 1.6615 0.8005 0.3645 0.43 3
0.6 0.475 0.17 1.1315 0.508 0.272 0.309 3
0.57 0.465 0.125 0.849 0.3785 0.1765 0.24 4
0.345 0.255 0.09 0.2005 0.094 0.0295 0.063 5
0.64 0.5 0.165 1.1635 0.554 0.239 0.32 3
0.42 0.32 0.115 0.376 0.169 0.092 0.1 2
0.59 0.45 0.125 0.86 0.437 0.1515 0.245 5
0.4 0.305 0.1 0.3415 0.176 0.0625 0.0865 5
0.44 0.365 0.125 0.516 0.2155 0.114 0.155 3
0.31 0.235 0.09 0.127 0.048 0.031 0.04 2
0.59 0.465 0.15 0.997 0.392 0.246 0.34 3
0.265 0.195 0.06 0.092 0.0345 0.025 0.0245 2
0.67 0.5 0.2 1.269 0.576 0.2985 0.351 3
0.545 0.42 0.125 0.717 0.358 0.112 0.22 5
0.64 0.5 0.175 1.273 0.5065 0.2925 0.405 4
0.655 0.515 0.16 1.31 0.553 0.369 0.345 3
0.43 0.325 0.12 0.445 0.165 0.0995 0.155 5
0.62 0.485 0.18 1.1785 0.4675 0.2655 0.39 4
0.59 0.47 0.16 1.206 0.479 0.2425 0.309 5
0.61 0.47 0.165 1.052 0.498 0.242 0.267 5
0.47 0.37 0.11 0.5555 0.25 0.115 0.163 5
0.49 0.375 0.15 0.5755 0.22 0.144 0.19 5
0.19 0.13 0.045 0.0265 0.009 0.005 0.009 2
0.62 0.5 0.17 1.148 0.5475 0.22 0.3315 3
0.5 0.385 0.13 0.768 0.2625 0.095 0.27 4
0.51 0.405 0.13 0.599 0.3065 0.1155 0.1485 5
0.5 0.4 0.125 0.5975 0.27 0.1275 0.166 5
0.645 0.515 0.175 1.546 0.7035 0.365 0.415 3
0.475 0.36 0.14 0.5135 0.241 0.1045 0.155 5
0.61 0.485 0.17 1.281 0.597 0.3035 0.33 5
0.665 0.515 0.18 1.389 0.5945 0.324 0.395 3
0.355 0.275 0.09 0.251 0.097 0.053 0.08 5
0.575 0.46 0.19 0.994 0.392 0.2425 0.34 4
0.535 0.415 0.135 0.78 0.3165 0.169 0.2365 5
0.5 0.38 0.11 0.494 0.218 0.09 0.1325 5
0.345 0.25 0.09 0.203 0.078 0.059 0.055 2
0.46 0.35 0.12 0.4885 0.193 0.105 0.155 3
0.69 0.56 0.215 1.719 0.68 0.299 0.47 1
0.58 0.44 0.16 0.8295 0.3365 0.2005 0.2485 5
0.27 0.205 0.05 0.084 0.03 0.0185 0.029 2
0.555 0.44 0.15 0.838 0.4155 0.146 0.23 5
0.65 0.545 0.185 1.5055 0.6565 0.341 0.43 3
0.65 0.545 0.23 1.752 0.5605 0.2895 0.815 4
0.47 0.38 0.145 0.5865 0.2385 0.144 0.185 5
0.325 0.245 0.07 0.161 0.0755 0.0255 0.045 2
0.485 0.375 0.14 0.521 0.2 0.123 0.17 5
0.53 0.43 0.14 0.677 0.298 0.0965 0.23 5
0.335 0.25 0.095 0.185 0.0795 0.0495 0.055 5
0.58 0.47 0.165 0.927 0.3215 0.1985 0.315 3
0.615 0.475 0.175 1.194 0.559 0.259 0.3165 3
0.635 0.5 0.18 1.154 0.4405 0.2315 0.387 5
0.545 0.44 0.12 0.8565 0.3475 0.1715 0.24 3
0.36 0.28 0.09 0.2255 0.0885 0.04 0.09 5
0.425 0.335 0.095 0.322 0.1205 0.061 0.125 3
0.46 0.36 0.105 0.466 0.2225 0.099 0.11 5
0.615 0.505 0.165 1.167 0.4895 0.2955 0.345 3
0.56 0.45 0.185 1.07 0.3805 0.175 0.41 1
0.455 0.37 0.11 0.514 0.2385 0.1235 0.126 5
0.675 0.51 0.15 1.1965 0.475 0.304 0.386 3
0.705 0.555 0.215 2.141 1.0465 0.383 0.528 3
0.535 0.415 0.17 0.879 0.295 0.1965 0.285 3
0.46 0.375 0.135 0.4935 0.186 0.0845 0.17 3
0.65 0.51 0.155 1.407 0.7215 0.298 0.335 5
0.51 0.385 0.15 0.625 0.3095 0.119 0.1725 5
0.595 0.47 0.155 1.1775 0.542 0.269 0.31 5
0.41 0.315 0.1 0.3 0.124 0.0575 0.1 5
0.52 0.405 0.12 0.627 0.2645 0.1415 0.181 3
0.565 0.44 0.16 0.915 0.354 0.1935 0.32 3
0.595 0.465 0.145 1.107 0.402 0.2415 0.31 3
0.66 0.53 0.17 1.3905 0.5905 0.212 0.453 4
0.64 0.49 0.18 1.36 0.653 0.347 0.305 5
0.74 0.605 0.2 2.4925 1.1455 0.575 0.5235 4
0.38 0.29 0.105 0.257 0.099 0.051 0.085 3
0.345 0.255 0.095 0.183 0.075 0.0385 0.06 2
0.215 0.17 0.055 0.0605 0.0205 0.014 0.02 2
0.595 0.48 0.15 1.11 0.498 0.228 0.33 3
0.55 0.43 0.15 0.84 0.395 0.195 0.223 5
0.6 0.475 0.16 1.0265 0.485 0.2495 0.2565 5
0.475 0.37 0.125 0.649 0.347 0.136 0.142 5
0.56 0.44 0.14 0.971 0.443 0.2045 0.265 4
0.575 0.455 0.145 1.165 0.581 0.2275 0.3 4
0.295 0.22 0.07 0.1365 0.0575 0.0295 0.035 2
0.625 0.475 0.16 1.0845 0.5005 0.2355 0.3105 3
0.64 0.485 0.15 1.098 0.5195 0.222 0.3175 3
0.575 0.45 0.185 0.925 0.342 0.197 0.35 3
0.665 0.52 0.165 1.6885 0.7295 0.407 0.4265 3
0.5 0.405 0.14 0.6155 0.241 0.1355 0.205 5
0.65 0.495 0.18 1.793 0.8005 0.339 0.53 4
0.555 0.405 0.19 1.406 0.6115 0.342 0.389 3
0.51 0.4 0.145 0.5775 0.231 0.143 0.177 5
0.715 0.525 0.185 1.56 0.6655 0.383 0.405 3
0.47 0.365 0.12 0.582 0.29 0.092 0.146 5
0.655 0.51 0.15 1.043 0.4795 0.223 0.305 5
0.47 0.385 0.13 0.587 0.264 0.117 0.174 5
0.435 0.335 0.1 0.3245 0.135 0.0785 0.098 5
0.63 0.5 0.175 1.1105 0.467 0.268 0.329 3
0.58 0.46 0.185 1.017 0.3515 0.2 0.32 3
0.615 0.475 0.19 1.4335 0.7315 0.305 0.3285 5
0.685 0.545 0.205 1.7925 0.8145 0.416 0.461 5
0.405 0.305 0.12 0.3185 0.1235 0.0905 0.095 5
0.515 0.39 0.125 0.5705 0.238 0.1265 0.185 5
0.555 0.43 0.14 0.7545 0.3525 0.1835 0.2015 5
0.54 0.44 0.16 1.0905 0.391 0.2295 0.355 4
0.55 0.405 0.15 0.6755 0.3015 0.1465 0.21 3
0.565 0.43 0.15 0.8215 0.332 0.1685 0.29 3
0.56 0.445 0.155 0.8735 0.3005 0.209 0.275 4
0.57 0.45 0.135 0.7805 0.3345 0.185 0.21 5
0.455 0.375 0.125 0.484 0.2155 0.102 0.165 5
0.33 0.255 0.085 0.1655 0.063 0.039 0.06 5
0.53 0.43 0.135 0.879 0.28 0.2165 0.25 3
0.71 0.5 0.15 1.3165 0.6835 0.2815 0.28 3
0.585 0.455 0.155 1.133 0.5515 0.223 0.305 3
0.59 0.47 0.145 0.9235 0.4545 0.173 0.254 5
0.57 0.44 0.095 0.827 0.3395 0.2215 0.235 5
0.24 0.175 0.055 0.0705 0.025 0.014 0.021 2
0.53 0.42 0.13 0.658 0.296 0.1245 0.198 5
0.605 0.485 0.165 1.0105 0.435 0.209 0.3 1
0.475 0.375 0.15 0.559 0.1955 0.1215 0.1945 3
0.61 0.465 0.15 0.9605 0.4495 0.1725 0.286 5
0.61 0.49 0.17 1.3475 0.7045 0.25 0.3045 3
0.35 0.265 0.11 0.209 0.066 0.059 0.075 5
0.51 0.39 0.135 0.6335 0.231 0.179 0.2 5
0.475 0.38 0.145 0.57 0.167 0.118 0.187 3
0.56 0.45 0.155 0.9125 0.3595 0.271 0.35 3
0.5 0.385 0.155 0.762 0.3795 0.161 0.19 4
0.605 0.49 0.165 1.1245 0.492 0.222 0.3555 3
0.56 0.435 0.13 0.777 0.354 0.173 0.222 5
0.38 0.275 0.095 0.1375 0.086 0.0585 0.0605 5
0.615 0.49 0.19 1.1345 0.4695 0.257 0.348 3
0.375 0.28 0.085 0.3155 0.187 0.046 0.067 5
0.61 0.475 0.155 0.983 0.4565 0.228 0.266 3
0.44 0.34 0.105 0.369 0.164 0.08 0.1015 2
0.445 0.35 0.115 0.3615 0.1565 0.0695 0.117 5
0.41 0.31 0.11 0.315 0.124 0.082 0.095 5
0.525 0.415 0.15 0.7155 0.2355 0.171 0.27 4
0.64 0.505 0.155 1.1955 0.5565 0.211 0.346 3
0.565 0.45 0.175 1.0095 0.447 0.2375 0.2645 5
0.35 0.235 0.08 0.17 0.0725 0.0465 0.0495 5
0.475 0.38 0.12 0.441 0.1785 0.0885 0.1505 5
0.5 0.39 0.13 0.5075 0.2115 0.104 0.1755 5
0.5 0.385 0.15 0.6265 0.2605 0.1665 0.16 3
0.585 0.455 0.15 0.987 0.4355 0.2075 0.31 3
0.435 0.32 0.08 0.3325 0.1485 0.0635 0.105 5
0.64 0.515 0.165 1.3115 0.4945 0.2555 0.41 3
0.51 0.4 0.12 0.7005 0.347 0.1105 0.195 3
0.565 0.45 0.16 0.895 0.415 0.195 0.246 5
0.6 0.48 0.155 1.014 0.451 0.1885 0.325 3
0.635 0.495 0.15 1.081 0.4825 0.242 0.31 3
0.565 0.42 0.155 0.743 0.31 0.186 0.231 5
0.56 0.43 0.15 0.8745 0.453 0.161 0.22 5
0.465 0.36 0.105 0.498 0.214 0.116 0.14 4
0.675 0.51 0.17 1.527 0.809 0.318 0.341 3
0.455 0.35 0.14 0.5725 0.1965 0.1325 0.175 3
0.59 0.405 0.15 0.853 0.326 0.2615 0.245 5
0.36 0.265 0.085 0.1895 0.0725 0.0515 0.055 2
0.65 0.52 0.15 1.238 0.5495 0.296 0.3305 3
0.5 0.4 0.15 0.8085 0.273 0.112 0.295 4
0.445 0.31 0.09 0.336 0.1555 0.09 0.0855 5
0.635 0.5 0.165 1.489 0.715 0.3445 0.3615 4
0.525 0.395 0.12 0.608 0.297 0.1395 0.1405 5
0.63 0.49 0.17 1.217 0.5515 0.212 0.31 3
0.415 0.33 0.1 0.3905 0.1925 0.0755 0.1025 5
0.725 0.565 0.215 1.891 0.6975 0.4725 0.58 4
0.44 0.355 0.165 0.435 0.159 0.105 0.14 4
0.405 0.25 0.09 0.2875 0.128 0.063 0.0805 5
0.44 0.35 0.14 0.451 0.171 0.0705 0.184 4
0.51 0.4 0.14 0.6905 0.259 0.151 0.23 3
0.62 0.515 0.175 1.221 0.535 0.241 0.395 4
0.365 0.27 0.105 0.2155 0.0915 0.0475 0.063 2
0.575 0.47 0.15 0.9785 0.4505 0.196 0.276 5
0.575 0.445 0.14 0.941 0.3845 0.252 0.285 5
0.365 0.27 0.085 0.205 0.078 0.0485 0.07 5
0.68 0.55 0.21 1.7445 0.5975 0.305 0.625 1
0.54 0.415 0.175 0.8975 0.275 0.241 0.275 4
0.335 0.245 0.09 0.2015 0.096 0.0405 0.048 5
0.53 0.42 0.14 0.627 0.2905 0.1165 0.183 5
0.56 0.425 0.135 0.9415 0.509 0.2015 0.1975 5
0.575 0.44 0.16 0.9615 0.483 0.166 0.275 4
0.69 0.54 0.155 1.454 0.624 0.3105 0.39 5
0.54 0.43 0.17 0.836 0.3725 0.1815 0.24 5
0.41 0.305 0.1 0.2645 0.1 0.0655 0.085 5
0.56 0.45 0.145 0.9355 0.425 0.1645 0.2725 3
0.45 0.355 0.11 0.4585 0.194 0.067 0.14 5
0.37 0.275 0.08 0.2325 0.093 0.056 0.072 2
0.39 0.3 0.095 0.3265 0.1665 0.0575 0.089 5
0.63 0.49 0.155 1.2525 0.63 0.246 0.289 5
0.7 0.54 0.215 1.978 0.6675 0.3125 0.71 1
0.615 0.49 0.17 1.145 0.4915 0.208 0.343 4
0.5 0.4 0.145 0.6025 0.216 0.138 0.21 3
0.52 0.4 0.12 0.58 0.234 0.1315 0.185 5
0.66 0.525 0.16 1.277 0.4975 0.319 0.394 4
0.59 0.46 0.125 0.755 0.334 0.15 0.238 5
0.65 0.51 0.155 1.189 0.483 0.278 0.3645 4
0.375 0.29 0.14 0.3 0.14 0.0625 0.0825 5
0.535 0.42 0.13 0.699 0.3125 0.1565 0.2035 5
0.485 0.41 0.15 0.696 0.2405 0.1625 0.265 4
0.525 0.39 0.105 0.567 0.2875 0.1075 0.16 5
0.715 0.545 0.18 1.7405 0.871 0.347 0.449 3
0.665 0.525 0.16 1.363 0.629 0.279 0.34 5
0.635 0.535 0.19 1.242 0.576 0.2475 0.39 4
0.535 0.385 0.18 1.0835 0.4955 0.2295 0.304 5
0.565 0.435 0.185 1.032 0.354 0.2045 0.31 1
0.775 0.57 0.22 2.032 0.735 0.4755 0.6585 1
0.565 0.44 0.115 0.9185 0.404 0.1785 0.29 3
0.625 0.49 0.165 1.205 0.5175 0.3105 0.3465 3
0.37 0.275 0.085 0.2405 0.104 0.0535 0.07 2
0.62 0.49 0.16 1.035 0.44 0.2525 0.285 3
0.405 0.3 0.09 0.2885 0.138 0.0635 0.0765 2
0.395 0.31 0.085 0.317 0.153 0.0505 0.0935 5
0.375 0.29 0.115 0.2705 0.093 0.066 0.0885 3
0.62 0.47 0.145 1.0865 0.511 0.2715 0.2565 3
0.45 0.36 0.125 0.45 0.191 0.0865 0.145 3
0.635 0.495 0.17 1.3695 0.657 0.3055 0.365 3
0.655 0.52 0.19 1.4545 0.6 0.3865 0.383 3
0.675 0.525 0.17 1.8095 0.784 0.391 0.455 3
0.53 0.405 0.13 0.6615 0.2945 0.1395 0.19 5
0.575 0.435 0.155 0.8975 0.4115 0.2325 0.23 5
0.63 0.49 0.225 1.336 0.6805 0.259 0.3245 3
0.32 0.215 0.095 0.305 0.14 0.067 0.0885 2
0.45 0.365 0.115 0.5885 0.318 0.121 0.1325 5
0.565 0.45 0.165 0.9765 0.322 0.244 0.37 3
0.515 0.405 0.12 0.646 0.2895 0.1405 0.177 3
0.555 0.43 0.125 0.7005 0.3395 0.1355 0.2095 5
0.5 0.375 0.145 0.5795 0.239 0.1375 0.185 5
0.385 0.3 0.095 0.302 0.152 0.0615 0.0735 5
0.695 0.55 0.155 1.8495 0.767 0.442 0.4175 3
0.31 0.225 0.05 0.1445 0.0675 0.0385 0.045 2
0.535 0.425 0.155 0.7765 0.302 0.1565 0.25 4
0.6 0.475 0.23 1.157 0.522 0.2235 0.36 3
0.465 0.375 0.11 0.5 0.21 0.113 0.1505 5
0.335 0.25 0.075 0.186 0.0945 0.038 0.0445 5
0.31 0.225 0.07 0.1055 0.435 0.015 0.04 2
0.575 0.46 0.155 0.892 0.4415 0.176 0.22 3
0.49 0.36 0.11 0.5005 0.161 0.107 0.195 1
0.46 0.33 0.15 0.5325 0.2085 0.1805 0.125 3
0.435 0.34 0.11 0.3795 0.1495 0.085 0.12 5
0.36 0.27 0.09 0.2225 0.083 0.053 0.075 2
0.515 0.4 0.125 0.615 0.2865 0.123 0.1765 5
0.645 0.525 0.19 1.4635 0.6615 0.3435 0.435 1
0.66 0.535 0.19 1.5905 0.6425 0.297 0.5175 5
0.685 0.505 0.19 1.533 0.667 0.4055 0.41 3
0.58 0.455 0.17 0.93 0.408 0.259 0.22 5
0.63 0.5 0.155 1.005 0.367 0.199 0.36 4
0.63 0.475 0.155 1.0005 0.452 0.252 0.265 3
0.55 0.425 0.155 0.8725 0.412 0.187 0.2425 3
0.53 0.4 0.165 0.772 0.2855 0.1975 0.23 3
0.63 0.505 0.195 1.306 0.516 0.3305 0.375 5
0.58 0.45 0.235 1.071 0.3 0.206 0.395 4
0.56 0.41 0.165 0.93 0.3505 0.237 0.3 4
0.6 0.48 0.09 1.05 0.457 0.2685 0.28 5
0.52 0.425 0.145 0.7 0.207 0.1905 0.24 4
0.57 0.46 0.14 0.9535 0.4465 0.2065 0.245 3
0.67 0.525 0.2 1.7405 0.6205 0.297 0.657 3
0.605 0.47 0.165 1.2315 0.6025 0.262 0.2925 3
0.475 0.35 0.115 0.452 0.1715 0.092 0.155 3
0.605 0.45 0.195 1.098 0.481 0.2895 0.315 4
0.505 0.405 0.14 0.875 0.2665 0.174 0.285 3
0.65 0.51 0.175 1.446 0.6485 0.2705 0.45 3
0.625 0.485 0.165 1.2255 0.5075 0.296 0.36 3
0.65 0.505 0.18 1.469 0.7115 0.3335 0.38 5
0.605 0.49 0.155 1.153 0.503 0.2505 0.295 4
0.435 0.34 0.115 0.3925 0.1825 0.078 0.1145 2
0.37 0.295 0.1 0.2685 0.1165 0.056 0.0835 5
0.405 0.3 0.09 0.269 0.103 0.067 0.11 2
0.675 0.55 0.18 1.6885 0.562 0.3705 0.6 4
0.63 0.5 0.18 1.1965 0.514 0.2325 0.3995 5
0.525 0.4 0.14 0.6955 0.2405 0.16 0.253 3
0.615 0.47 0.175 1.2985 0.5135 0.343 0.32 4
0.58 0.45 0.15 0.927 0.276 0.1815 0.36 4
0.525 0.425 0.16 0.8355 0.3545 0.2135 0.245 5
0.765 0.6 0.22 2.302 1.007 0.509 0.6205 3
0.645 0.5 0.17 1.1845 0.4805 0.274 0.355 4
0.685 0.53 0.17 1.56 0.647 0.383 0.465 3
0.46 0.365 0.125 0.467 0.1895 0.0945 0.158 3
0.56 0.435 0.185 1.106 0.422 0.2435 0.33 4
0.62 0.45 0.135 0.924 0.358 0.2265 0.2965 3
0.495 0.39 0.125 0.6655 0.284 0.162 0.2 3
0.685 0.52 0.15 1.3735 0.7185 0.293 0.32 3
0.575 0.485 0.165 1.0405 0.419 0.264 0.3 4
0.62 0.485 0.18 1.154 0.4935 0.256 0.315 3
0.515 0.395 0.165 0.7565 0.1905 0.17 0.3205 3
0.38 0.27 0.095 0.219 0.0835 0.0515 0.07 2
0.415 0.325 0.115 0.3285 0.1405 0.051 0.106 3
0.28 0.21 0.075 0.1195 0.053 0.0265 0.03 2
0.595 0.47 0.145 0.991 0.4035 0.1505 0.34 4
0.575 0.425 0.135 0.7965 0.364 0.196 0.239 3
0.61 0.495 0.165 1.0835 0.4525 0.273 0.317 5
0.735 0.585 0.185 2.124 0.952 0.55 0.5 3
0.505 0.38 0.135 0.6855 0.361 0.1565 0.161 5
0.64 0.485 0.16 1.006 0.456 0.2245 0.2835 5
0.63 0.51 0.17 1.1885 0.4915 0.3065 0.348 5
0.64 0.54 0.175 1.571 0.627 0.271 0.475 1
0.48 0.39 0.125 0.6905 0.219 0.155 0.2 3
0.525 0.405 0.16 0.658 0.2655 0.1125 0.225 3
0.6 0.475 0.18 1.1805 0.4345 0.2475 0.425 1
0.625 0.49 0.175 1.233 0.5565 0.247 0.365 3
0.625 0.5 0.15 0.953 0.3445 0.2235 0.305 4
0.515 0.415 0.135 0.7125 0.285 0.152 0.245 3
0.69 0.55 0.195 1.777 0.769 0.38 0.4305 3
0.465 0.36 0.125 0.4365 0.169 0.1075 0.145 3
0.64 0.5 0.17 1.12 0.4955 0.2645 0.32 3
0.47 0.355 0.18 0.48 0.2055 0.105 0.1505 5
0.52 0.38 0.115 0.6645 0.3285 0.17 0.1425 5
0.56 0.42 0.18 1.6645 0.7755 0.35 0.4525 5
0.595 0.435 0.15 0.9 0.4175 0.17 0.265 5
0.16 0.12 0.02 0.018 0.0075 0.0045 0.005 2
0.355 0.265 0.09 0.168 0.05 0.041 0.063 5
0.435 0.325 0.11 0.4335 0.178 0.0985 0.155 5
0.65 0.495 0.16 1.3105 0.577 0.3315 0.355 5
0.445 0.36 0.11 0.4235 0.182 0.0765 0.14 5
0.355 0.265 0.085 0.201 0.069 0.053 0.0695 5
0.55 0.45 0.14 0.753 0.3445 0.1325 0.24 5
0.665 0.54 0.195 1.764 0.8505 0.3615 0.47 3
0.355 0.27 0.1 0.2255 0.11 0.042 0.064 5
0.55 0.425 0.15 0.806 0.376 0.171 0.245 4
0.65 0.515 0.16 1.1625 0.495 0.203 0.33 1
0.59 0.49 0.165 1.207 0.559 0.235 0.309 3
0.575 0.45 0.145 0.872 0.4675 0.18 0.217 5
0.695 0.55 0.22 1.5515 0.566 0.3835 0.445 4
0.585 0.465 0.145 0.9855 0.4325 0.2145 0.2845 3
0.415 0.325 0.1 0.4665 0.2285 0.1065 0.114 5
0.415 0.325 0.1 0.385 0.167 0.08 0.125 5
0.58 0.42 0.14 0.701 0.3285 0.102 0.2255 5
0.625 0.5 0.165 1.288 0.573 0.3035 0.315 5
0.425 0.325 0.11 0.317 0.135 0.048 0.09 5
0.485 0.355 0.13 0.581 0.245 0.132 0.168 3
0.505 0.38 0.13 0.693 0.391 0.1195 0.1515 5
0.42 0.325 0.125 0.3915 0.1575 0.1025 0.115 5
0.52 0.41 0.16 0.712 0.2845 0.153 0.225 3
0.43 0.35 0.105 0.366 0.1705 0.0855 0.11 2
0.62 0.465 0.185 1.274 0.579 0.3065 0.32 3
0.565 0.435 0.155 0.782 0.2715 0.168 0.285 4
0.615 0.505 0.165 1.34 0.5315 0.2815 0.41 3
0.59 0.475 0.145 1.053 0.4415 0.262 0.325 4
0.61 0.475 0.175 1.024 0.409 0.261 0.322 5
0.575 0.45 0.135 0.9215 0.354 0.209 0.2365 5
0.465 0.355 0.125 0.5255 0.2025 0.135 0.145 4
0.55 0.43 0.16 0.9295 0.317 0.1735 0.355 4
0.705 0.535 0.22 1.866 0.929 0.3835 0.4395 3
0.78 0.6 0.21 2.548 1.1945 0.5745 0.6745 3
0.66 0.505 0.185 1.528 0.69 0.3025 0.441 3
0.57 0.45 0.17 1.098 0.414 0.187 0.405 1
0.5 0.38 0.135 0.594 0.2945 0.104 0.1565 5
0.31 0.24 0.105 0.2885 0.118 0.065 0.083 2
0.595 0.47 0.25 1.283 0.462 0.2475 0.445 4
0.575 0.45 0.17 1.0475 0.3775 0.1705 0.385 1
0.465 0.355 0.12 0.5315 0.2725 0.097 0.1395 5
0.49 0.395 0.12 0.674 0.3325 0.1235 0.185 5
0.565 0.45 0.145 0.8495 0.4215 0.1685 0.225 5
0.395 0.31 0.095 0.313 0.131 0.072 0.093 5
0.2 0.145 0.05 0.036 0.0125 0.008 0.011 2
0.605 0.445 0.14 0.982 0.4295 0.2085 0.295 3
0.56 0.44 0.155 0.9705 0.4315 0.263 0.255 5
0.475 0.375 0.125 0.5785 0.2775 0.085 0.155 3
0.49 0.38 0.11 0.554 0.2935 0.1005 0.15 5
0.605 0.49 0.14 0.9755 0.419 0.206 0.315 3
0.645 0.51 0.16 1.1835 0.556 0.2385 0.345 3
0.59 0.455 0.175 0.966 0.391 0.2455 0.31 3
0.55 0.465 0.15 0.936 0.481 0.174 0.2435 5
0.51 0.395 0.12 0.6175 0.262 0.122 0.193 3
0.57 0.45 0.155 0.91 0.326 0.1895 0.355 4
0.575 0.435 0.13 1.0105 0.368 0.222 0.32 3
0.43 0.315 0.095 0.378 0.175 0.08 0.1045 5
0.475 0.385 0.145 0.6175 0.235 0.108 0.215 4
0.59 0.45 0.145 1.022 0.428 0.268 0.265 3
0.585 0.465 0.16 0.9555 0.4595 0.236 0.265 5
0.6 0.475 0.155 1.21 0.653 0.1695 0.3205 3
0.55 0.415 0.135 0.7635 0.318 0.21 0.2 5
0.625 0.515 0.16 1.264 0.5715 0.326 0.321 5
0.62 0.505 0.16 1.3725 0.6285 0.275 0.3685 3
0.59 0.44 0.14 1.007 0.4775 0.2105 0.2925 5
0.655 0.545 0.165 1.6225 0.6555 0.299 0.513 3
0.495 0.37 0.125 0.4775 0.185 0.0705 0.169 1
0.59 0.485 0.155 1.0785 0.4535 0.2435 0.31 5
0.525 0.405 0.16 0.792 0.316 0.1455 0.28 4
0.64 0.51 0.19 1.613 0.6215 0.361 0.47 4
0.55 0.43 0.125 0.923 0.4035 0.175 0.283 5
0.705 0.53 0.17 1.564 0.612 0.394 0.44 3
0.2 0.145 0.06 0.037 0.0125 0.0095 0.011 2
0.485 0.39 0.085 0.6435 0.2945 0.103 0.198 5
0.62 0.48 0.23 1.0935 0.403 0.245 0.355 4
0.485 0.37 0.155 0.968 0.419 0.2455 0.2365 5
0.54 0.475 0.155 1.217 0.5305 0.3075 0.34 4
0.635 0.495 0.195 1.172 0.445 0.3115 0.3475 3
0.56 0.445 0.165 0.832 0.3455 0.179 0.279 5
0.56 0.445 0.15 0.8225 0.3685 0.187 0.236 3
0.53 0.435 0.17 0.8155 0.2985 0.155 0.275 4
0.605 0.455 0.145 0.9775 0.468 0.1775 0.275 5
0.455 0.325 0.135 0.82 0.4005 0.1715 0.211 5
0.495 0.4 0.14 0.7775 0.2015 0.18 0.25 4
0.54 0.435 0.175 0.892 0.322 0.174 0.335 4
0.67 0.55 0.155 1.566 0.858 0.339 0.354 3
0.21 0.15 0.055 0.0465 0.017 0.012 0.015 2
0.59 0.46 0.155 0.906 0.327 0.1485 0.335 4
0.52 0.395 0.18 0.64 0.158 0.11 0.245 1
0.34 0.265 0.085 0.1835 0.077 0.046 0.065 3
0.525 0.41 0.175 0.874 0.3585 0.207 0.205 1
0.29 0.225 0.08 0.1295 0.0535 0.026 0.045 3
0.275 0.2 0.065 0.092 0.0385 0.0235 0.027 2
0.62 0.49 0.16 1.056 0.493 0.244 0.2725 5
0.395 0.3 0.09 0.2855 0.1385 0.0625 0.077 2
0.635 0.5 0.15 1.376 0.6495 0.361 0.31 3
0.615 0.47 0.155 1.2 0.5085 0.32 0.292 5
0.575 0.475 0.16 1.114 0.4955 0.2745 0.29 5
0.525 0.42 0.16 0.756 0.2745 0.173 0.275 5
0.61 0.49 0.16 1.1545 0.5865 0.2385 0.2915 3
0.51 0.4 0.15 0.745 0.2865 0.1675 0.235 4
0.675 0.51 0.185 1.473 0.6295 0.3025 0.4245 3
0.255 0.195 0.065 0.08 0.0315 0.018 0.027 5
0.635 0.505 0.155 1.2895 0.594 0.314 0.345 3
0.505 0.39 0.12 0.653 0.3315 0.1385 0.167 5
0.37 0.27 0.09 0.1855 0.07 0.0425 0.065 5
0.3 0.235 0.08 0.131 0.05 0.0265 0.043 2
0.545 0.42 0.13 0.879 0.374 0.1695 0.23 4
0.58 0.42 0.16 0.728 0.2725 0.19 0.19 4
0.71 0.53 0.195 1.8745 0.6755 0.4065 0.6855 3
0.58 0.445 0.125 0.7095 0.303 0.1405 0.235 5
0.385 0.275 0.115 0.2685 0.0975 0.0825 0.085 5
0.595 0.48 0.165 1.262 0.4835 0.283 0.41 1
0.6 0.46 0.17 1.1805 0.456 0.337 0.329 3
0.475 0.36 0.12 0.5915 0.3245 0.11 0.127 2
0.7 0.525 0.19 1.6465 0.8545 0.307 0.3995 5
0.61 0.48 0.14 1.031 0.4375 0.2615 0.27 5
0.525 0.375 0.12 0.6315 0.3045 0.114 0.19 5
0.625 0.5 0.16 1.217 0.5725 0.207 0.355 3
0.635 0.49 0.16 1.101 0.534 0.1865 0.3455 3
0.63 0.505 0.155 1.105 0.492 0.226 0.325 3
0.7 0.555 0.22 1.666 0.647 0.4285 0.455 3
0.43 0.34 0.11 0.382 0.154 0.0955 0.109 5
0.63 0.53 0.175 1.4135 0.667 0.2945 0.3555 4
0.595 0.45 0.15 1.114 0.5865 0.2205 0.25 3
0.555 0.43 0.165 0.7575 0.2735 0.1635 0.275 4
0.605 0.47 0.16 1.0835 0.5405 0.2215 0.275 3
0.56 0.45 0.14 0.9 0.472 0.182 0.218 5
0.61 0.365 0.155 1.0765 0.488 0.249 0.27 5
0.59 0.475 0.16 1.1015 0.4775 0.2555 0.295 4
0.18 0.125 0.035 0.0265 0.0095 0.0055 0.0085 2
0.52 0.405 0.145 0.829 0.3535 0.1685 0.205 4
0.55 0.42 0.135 0.816 0.3995 0.1485 0.23 3
0.625 0.5 0.13 1.082 0.5785 0.2045 0.25 5
0.68 0.545 0.185 1.672 0.7075 0.364 0.48 3
0.6 0.445 0.135 0.9205 0.445 0.2035 0.253 5
0.505 0.385 0.12 0.6005 0.239 0.142 0.185 5
0.7 0.6 0.23 2.003 0.8105 0.4045 0.5755 3
0.59 0.46 0.145 0.9905 0.453 0.2205 0.275 5
0.49 0.385 0.14 0.5425 0.198 0.127 0.175 3
0.53 0.405 0.125 0.6515 0.2715 0.1605 0.186 5
0.29 0.21 0.06 0.1195 0.056 0.0235 0.03 2
0.635 0.505 0.17 1.2635 0.512 0.322 0.355 5
0.555 0.425 0.14 0.963 0.44 0.224 0.24 5
0.695 0.53 0.15 1.477 0.6375 0.3025 0.43 4
0.495 0.4 0.105 0.602 0.2505 0.1265 0.19 5
0.475 0.355 0.135 0.4775 0.2145 0.09 0.1435 5
0.565 0.44 0.15 0.863 0.435 0.149 0.27 5
0.59 0.5 0.15 1.142 0.485 0.265 0.345 5
0.66 0.52 0.19 1.558 0.755 0.298 0.4 3
0.645 0.51 0.155 1.539 0.6405 0.3585 0.43 3
0.595 0.43 0.165 0.9845 0.4525 0.207 0.2725 5
0.535 0.405 0.14 0.7315 0.336 0.156 0.19 5
0.53 0.42 0.135 0.677 0.2565 0.1415 0.21 5
0.6 0.48 0.17 1.056 0.4575 0.2435 0.3135 3
0.25 0.175 0.06 0.0635 0.0275 0.008 0.02 2
0.6 0.5 0.16 1.122 0.5095 0.256 0.309 3
0.2 0.14 0.055 0.035 0.0145 0.008 0.01 2
0.515 0.39 0.12 0.565 0.235 0.135 0.179 5
0.48 0.375 0.105 0.525 0.2185 0.1195 0.155 3
0.63 0.515 0.155 1.259 0.4105 0.197 0.41 4
0.57 0.44 0.15 0.755 0.3425 0.16 0.224 5
0.67 0.53 0.225 1.5615 0.63 0.487 0.3725 3
0.575 0.45 0.145 0.795 0.364 0.1505 0.26 3
0.585 0.465 0.17 0.9915 0.3865 0.224 0.265 3
0.33 0.26 0.08 0.2 0.0625 0.05 0.07 5
0.65 0.5 0.185 1.4415 0.741 0.2955 0.341 5
0.58 0.45 0.195 0.8265 0.4035 0.173 0.225 5
0.54 0.42 0.13 0.7505 0.368 0.1675 0.1845 5
0.275 0.175 0.09 0.2315 0.096 0.057 0.0705 2
0.735 0.565 0.205 2.1275 0.949 0.46 0.565 3
0.38 0.3 0.09 0.3215 0.1545 0.075 0.095 5
0.635 0.5 0.17 1.4345 0.611 0.309 0.418 3
0.61 0.46 0.155 0.957 0.4255 0.1975 0.265 5
0.545 0.4 0.13 0.686 0.3285 0.1455 0.18 5
0.575 0.42 0.135 0.857 0.461 0.147 0.2125 3
0.64 0.5 0.185 1.3035 0.4445 0.2635 0.465 4
0.265 0.195 0.055 0.084 0.0365 0.0175 0.025 5
0.565 0.44 0.175 1.122 0.393 0.2 0.375 1
0.58 0.43 0.17 1.48 0.6535 0.324 0.4155 3
0.555 0.435 0.135 0.858 0.377 0.1585 0.29 4
0.685 0.535 0.155 1.3845 0.6615 0.2145 0.4075 3
0.275 0.2 0.08 0.099 0.037 0.024 0.03 2
0.575 0.445 0.16 0.839 0.4005 0.198 0.239 5
0.58 0.455 0.135 0.7955 0.405 0.167 0.204 3
0.59 0.45 0.16 0.893 0.2745 0.2185 0.345 4
0.545 0.375 0.12 0.543 0.2375 0.1155 0.1725 5
0.48 0.375 0.12 0.5895 0.2535 0.128 0.172 3
0.5 0.38 0.12 0.5765 0.273 0.135 0.145 5
0.495 0.38 0.12 0.573 0.2655 0.1285 0.144 5
0.525 0.43 0.15 0.7365 0.3225 0.161 0.215 3
0.575 0.46 0.16 1.103 0.538 0.221 0.249 5
0.56 0.445 0.18 0.903 0.3575 0.2045 0.295 5
0.54 0.415 0.145 0.74 0.2635 0.168 0.245 3
0.655 0.52 0.18 1.492 0.7185 0.36 0.355 3
0.575 0.435 0.14 0.8455 0.401 0.191 0.222 5
0.49 0.38 0.12 0.529 0.2165 0.139 0.155 3
0.58 0.44 0.145 0.7905 0.3525 0.1645 0.242 3
0.58 0.46 0.15 1.1155 0.5575 0.2255 0.29 5
0.6 0.495 0.195 1.0575 0.384 0.19 0.375 1
0.74 0.565 0.205 2.119 0.9655 0.5185 0.482 3
0.37 0.28 0.095 0.2225 0.0805 0.051 0.075 5
0.6 0.475 0.205 1.176 0.5255 0.2875 0.308 5
0.32 0.24 0.08 0.18 0.08 0.0385 0.055 2
0.34 0.265 0.08 0.2015 0.09 0.0475 0.055 2
0.215 0.155 0.06 0.0525 0.021 0.0165 0.015 2
0.315 0.23 0.08 0.1375 0.0545 0.031 0.0445 2
0.475 0.375 0.13 0.5175 0.2075 0.1165 0.17 3
0.36 0.275 0.085 0.1975 0.0745 0.0415 0.07 5
0.435 0.325 0.1 0.366 0.174 0.0725 0.109 5
0.66 0.495 0.21 1.548 0.724 0.3525 0.3925 3
0.525 0.4 0.17 0.7305 0.279 0.2055 0.195 3
0.675 0.525 0.175 1.402 0.483 0.3205 0.465 4
0.345 0.255 0.08 0.169 0.06 0.0425 0.054 3
0.55 0.44 0.125 0.765 0.33 0.2125 0.245 5
0.585 0.455 0.15 0.906 0.4095 0.23 0.2335 5
0.37 0.29 0.09 0.241 0.11 0.045 0.069 3
0.815 0.65 0.25 2.255 0.8905 0.42 0.7975 4
0.445 0.35 0.13 0.4195 0.1695 0.0945 0.1195 5
0.72 0.55 0.195 2.073 1.0715 0.4265 0.5015 5
0.195 0.145 0.05 0.032 0.01 0.008 0.012 2
0.375 0.27 0.085 0.218 0.0945 0.039 0.07 5
0.46 0.36 0.115 0.4755 0.2105 0.105 0.16 5
0.48 0.4 0.125 0.759 0.2125 0.179 0.24 4
0.675 0.535 0.185 1.5575 0.7035 0.402 0.4 3
0.615 0.495 0.2 1.304 0.5795 0.3115 0.371 4
0.415 0.315 0.12 0.4015 0.199 0.087 0.097 5
0.62 0.46 0.17 1.127 0.535 0.2635 0.296 5
0.645 0.5 0.175 1.286 0.5645 0.288 0.386 3
0.505 0.39 0.12 0.5725 0.2555 0.1325 0.146 5
0.34 0.26 0.08 0.2 0.08 0.0555 0.055 2
0.655 0.5 0.18 1.4155 0.508 0.314 0.445 1
0.455 0.355 0.12 0.4495 0.177 0.104 0.15 5
0.695 0.535 0.2 1.5855 0.667 0.334 0.471 3
0.46 0.35 0.11 0.4675 0.2125 0.099 0.1375 5
0.55 0.45 0.13 0.804 0.3375 0.1405 0.23 2
0.665 0.525 0.18 1.429 0.6715 0.29 0.4 3
0.535 0.42 0.16 0.7465 0.348 0.1515 0.2185 3
0.415 0.31 0.09 0.2815 0.1245 0.0615 0.085 2
0.615 0.475 0.145 0.9525 0.3915 0.195 0.32 5
0.56 0.455 0.145 0.974 0.547 0.1615 0.235 5
0.47 0.365 0.1 0.411 0.175 0.0855 0.135 5
0.65 0.525 0.19 1.385 0.8875 0.3095 0.405 3
0.575 0.435 0.15 0.805 0.293 0.1625 0.27 1
0.555 0.455 0.135 0.837 0.382 0.171 0.235 5
0.46 0.34 0.135 0.495 0.1655 0.117 0.185 3
0.355 0.265 0.085 0.2435 0.122 0.0525 0.06 2
0.57 0.44 0.175 0.9415 0.3805 0.2285 0.283 5
0.615 0.475 0.17 1.1025 0.4695 0.2355 0.345 4
0.555 0.44 0.14 0.846 0.346 0.1715 0.2735 3
0.525 0.4 0.13 0.6455 0.325 0.1245 0.17 5
0.585 0.46 0.165 1.058 0.486 0.25 0.294 5
0.36 0.27 0.09 0.2075 0.098 0.039 0.062 2
0.565 0.455 0.15 0.9595 0.4565 0.2395 0.23 5
0.625 0.48 0.185 1.2065 0.587 0.29 0.286 5
0.71 0.56 0.18 1.652 0.735 0.381 0.4525 3
0.485 0.385 0.13 0.568 0.2505 0.178 0.154 5
0.58 0.45 0.14 0.824 0.3465 0.1765 0.263 3
0.505 0.44 0.14 0.8275 0.3415 0.1855 0.239 5
0.63 0.485 0.18 1.2435 0.5175 0.308 0.37 3
0.575 0.48 0.15 0.8745 0.375 0.193 0.29 3
0.605 0.49 0.145 1.3 0.517 0.3285 0.31 4
0.575 0.455 0.155 0.8725 0.349 0.2095 0.285 5
0.495 0.375 0.12 0.614 0.2855 0.1365 0.161 5
0.505 0.385 0.125 0.596 0.245 0.097 0.21 5
0.615 0.47 0.175 1.242 0.5675 0.287 0.317 3
0.64 0.505 0.155 1.4025 0.705 0.2655 0.335 3
0.585 0.455 0.17 0.9945 0.4255 0.263 0.2845 3
0.5 0.385 0.105 0.498 0.1795 0.1095 0.17 1
0.32 0.24 0.075 0.1735 0.076 0.0355 0.05 5
0.65 0.5 0.17 1.4045 0.694 0.318 0.3235 3
0.535 0.42 0.15 0.6995 0.2575 0.153 0.24 3
0.6 0.45 0.15 0.9625 0.4375 0.2225 0.2775 5
0.36 0.265 0.09 0.2065 0.078 0.057 0.06 5
0.235 0.13 0.075 0.1585 0.0685 0.037 0.0465 2
0.505 0.385 0.11 0.655 0.3185 0.15 0.185 5
0.45 0.32 0.1 0.381 0.1705 0.075 0.115 5
0.48 0.355 0.11 0.4495 0.201 0.089 0.14 5
0.64 0.475 0.175 1.1545 0.4865 0.341 0.288 5
0.22 0.165 0.055 0.0545 0.0215 0.012 0.02 2
0.53 0.395 0.125 0.6235 0.2975 0.108 0.195 3
0.525 0.4 0.14 0.601 0.2625 0.1285 0.1835 5
0.39 0.31 0.1 0.302 0.116 0.064 0.115 3
0.375 0.28 0.08 0.2165 0.0935 0.0925 0.07 5
0.625 0.48 0.16 1.1415 0.5795 0.2145 0.29 5
0.57 0.42 0.14 0.8745 0.416 0.165 0.25 5
0.665 0.57 0.185 1.522 0.6965 0.3025 0.405 4
0.545 0.4 0.14 0.778 0.368 0.215 0.18 5
0.45 0.35 0.135 0.494 0.2205 0.0945 0.1405 5
0.55 0.46 0.13 0.7085 0.305 0.1455 0.205 3
0.615 0.47 0.145 1.0285 0.4435 0.2825 0.285 3
0.485 0.385 0.105 0.556 0.296 0.104 0.133 5
0.615 0.47 0.16 1.0175 0.473 0.2395 0.28 3
0.68 0.515 0.175 1.6185 0.5125 0.409 0.62 3
0.475 0.335 0.1 0.4425 0.1895 0.086 0.135 5
0.465 0.35 0.12 0.5205 0.2015 0.1625 0.185 3
0.44 0.31 0.115 0.3625 0.134 0.082 0.12 3
0.515 0.39 0.13 0.5755 0.1975 0.13 0.1845 5
0.6 0.465 0.16 1.133 0.466 0.2885 0.298 3
0.67 0.54 0.165 1.5015 0.518 0.358 0.505 4
0.625 0.49 0.155 1.33 0.6675 0.259 0.33 3
0.625 0.49 0.175 1.1075 0.4485 0.2165 0.3595 5
0.45 0.36 0.105 0.4715 0.2035 0.0935 0.149 5
0.535 0.43 0.155 0.7845 0.3285 0.169 0.245 3
0.46 0.36 0.1 0.4635 0.2325 0.093 0.115 5
0.595 0.47 0.135 0.9365 0.434 0.184 0.287 3
0.62 0.485 0.155 1.1945 0.5105 0.271 0.352 5
0.425 0.305 0.11 0.359 0.173 0.0875 0.0975 5
0.37 0.275 0.08 0.227 0.093 0.0625 0.07 5
0.39 0.29 0.1 0.2225 0.095 0.0465 0.073 5
0.49 0.365 0.125 0.5585 0.252 0.126 0.1615 3
0.685 0.55 0.19 1.885 0.89 0.41 0.4895 3
0.5 0.38 0.135 0.5835 0.2295 0.1265 0.18 3
0.47 0.35 0.115 0.487 0.1955 0.127 0.155 5
0.565 0.44 0.135 0.768 0.3305 0.1385 0.2475 5
0.7 0.53 0.19 1.3185 0.548 0.233 0.42 1
0.505 0.4 0.13 0.764 0.3035 0.189 0.2175 3
0.47 0.355 0.14 0.433 0.1525 0.095 0.152 3
0.37 0.28 0.105 0.234 0.0905 0.0585 0.075 5
0.65 0.525 0.19 1.4995 0.6265 0.4005 0.395 4
0.51 0.395 0.13 0.6025 0.281 0.143 0.162 5
0.63 0.5 0.16 1.22 0.4905 0.3 0.345 4
0.625 0.49 0.12 0.8765 0.456 0.18 0.233 3
0.62 0.525 0.155 1.085 0.454 0.1965 0.35 3
0.355 0.27 0.075 0.204 0.3045 0.046 0.0595 5
0.55 0.415 0.15 0.7915 0.3535 0.176 0.236 3
0.235 0.175 0.04 0.0705 0.0335 0.015 0.02 2
0.63 0.515 0.165 1.352 0.488 0.349 0.45 1
0.57 0.445 0.14 1.0635 0.5265 0.2195 0.24 5
0.465 0.35 0.11 0.4085 0.165 0.102 0.131 5
0.32 0.235 0.08 0.1485 0.064 0.031 0.045 2
0.345 0.27 0.11 0.2135 0.082 0.0545 0.07 5
0.595 0.47 0.155 1.121 0.4515 0.178 0.155 3
0.315 0.23 0.07 0.144 0.053 0.0305 0.04 5
0.455 0.35 0.13 0.4725 0.215 0.0745 0.15 5
0.415 0.31 0.095 0.311 0.1125 0.0625 0.115 5
0.595 0.46 0.14 1.0045 0.4655 0.2095 0.2515 5
0.585 0.47 0.17 0.985 0.3695 0.2395 0.315 3
0.66 0.515 0.17 1.337 0.615 0.3125 0.3575 3
0.175 0.135 0.04 0.0305 0.011 0.0075 0.01 2
0.45 0.355 0.12 0.412 0.1145 0.0665 0.16 1
0.59 0.47 0.18 1.187 0.5985 0.227 0.31 5
0.65 0.525 0.175 1.5365 0.6865 0.3585 0.405 3
0.685 0.55 0.2 1.7725 0.813 0.387 0.49 3
0.49 0.4 0.115 0.569 0.256 0.1325 0.145 5
0.51 0.375 0.11 0.5805 0.2865 0.118 0.148 5
0.71 0.56 0.175 1.724 0.566 0.4575 0.4625 4
0.67 0.51 0.155 1.278 0.5605 0.3045 0.358 3
0.58 0.47 0.15 0.907 0.444 0.1855 0.2445 3
0.6 0.455 0.155 0.945 0.4365 0.2085 0.25 5
0.285 0.21 0.07 0.109 0.044 0.0265 0.033 2
0.455 0.35 0.125 0.4485 0.1585 0.102 0.1335 4
0.56 0.45 0.16 0.922 0.432 0.178 0.26 4
0.515 0.395 0.135 1.007 0.472 0.2495 0.252 5
0.54 0.475 0.155 0.928 0.394 0.194 0.26 3
0.635 0.495 0.015 1.1565 0.5115 0.308 0.2885 5
0.585 0.48 0.185 1.04 0.434 0.265 0.285 3
0.575 0.45 0.15 0.858 0.449 0.166 0.215 3
0.5 0.375 0.13 0.721 0.3055 0.1725 0.22 4
0.475 0.365 0.115 0.459 0.2175 0.093 0.1165 5
0.49 0.385 0.125 0.609 0.3065 0.096 0.1775 5
0.6 0.455 0.145 0.8895 0.419 0.1715 0.269 3
0.62 0.51 0.18 1.3315 0.594 0.276 0.388 3
0.625 0.47 0.145 1.7855 0.675 0.247 0.3245 4
0.6 0.475 0.135 1.4405 0.5885 0.191 0.3175 5
0.56 0.42 0.14 0.837 0.414 0.214 0.2 5
0.575 0.46 0.165 0.9575 0.4815 0.1945 0.236 3
0.425 0.325 0.1 0.398 0.1185 0.0645 0.0945 2
0.485 0.375 0.125 0.562 0.2505 0.1345 0.1525 5
0.73 0.58 0.19 1.7375 0.6785 0.4345 0.52 3
0.535 0.4 0.135 0.6025 0.2895 0.121 0.154 5
0.565 0.45 0.135 0.9885 0.387 0.1495 0.31 3
0.37 0.28 0.1 0.221 0.1165 0.0265 0.0635 2
0.44 0.35 0.12 0.375 0.1425 0.0965 0.115 5
0.265 0.21 0.06 0.0965 0.0425 0.022 0.03 2
0.6 0.47 0.19 1.1345 0.492 0.2595 0.3375 3
0.45 0.38 0.165 0.8165 0.25 0.1915 0.265 1
0.54 0.41 0.145 0.989 0.2815 0.213 0.355 1
0.535 0.435 0.16 0.8105 0.3155 0.1795 0.24 3
0.67 0.525 0.195 1.4405 0.6595 0.2675 0.425 5
0.59 0.455 0.145 1.073 0.475 0.19 0.285 4
0.325 0.27 0.1 0.185 0.08 0.0435 0.065 2
0.665 0.5 0.175 1.4355 0.643 0.345 0.37 5
0.52 0.38 0.125 0.5545 0.288 0.1295 0.167 5
0.49 0.38 0.14 0.7605 0.245 0.167 0.185 3
0.515 0.39 0.14 0.5555 0.2 0.1135 0.2235 3
0.78 0.63 0.215 2.657 1.488 0.4985 0.586 3
0.55 0.405 0.125 0.651 0.2965 0.137 0.2 5
0.59 0.465 0.17 1.0425 0.4635 0.24 0.27 3
0.47 0.375 0.105 0.468 0.1665 0.108 0.17 3
0.525 0.415 0.135 0.7945 0.394 0.189 0.202 5
0.48 0.355 0.115 0.5785 0.25 0.106 0.184 5
0.525 0.395 0.13 0.7635 0.3375 0.1425 0.225 5
0.645 0.515 0.175 1.6115 0.6745 0.384 0.385 4
0.42 0.31 0.095 0.279 0.1255 0.051 0.088 2
0.64 0.525 0.215 1.779 0.4535 0.2855 0.55 1
0.48 0.36 0.125 0.542 0.2795 0.1025 0.147 5
0.62 0.49 0.17 1.2105 0.5185 0.2555 0.335 4
0.565 0.44 0.125 0.802 0.3595 0.1825 0.215 5
0.72 0.59 0.205 1.7495 0.7755 0.4225 0.48 3
0.64 0.495 0.165 1.307 0.678 0.292 0.266 3
0.5 0.385 0.12 0.56 0.2835 0.103 0.135 5
0.68 0.57 0.205 1.842 0.625 0.408 0.65 1
0.625 0.5 0.195 1.369 0.5875 0.2185 0.37 1
0.265 0.2 0.065 0.0975 0.04 0.0205 0.028 5
0.415 0.305 0.1 0.325 0.156 0.0505 0.091 2
0.45 0.335 0.11 0.4195 0.181 0.085 0.1345 5
0.65 0.52 0.155 1.368 0.6185 0.288 0.365 5
0.5 0.37 0.15 1.0615 0.494 0.223 0.296 5
0.505 0.385 0.145 0.6775 0.236 0.179 0.2 4
0.49 0.385 0.16 0.656 0.2455 0.171 0.205 5
0.515 0.4 0.14 0.7365 0.2955 0.184 0.185 4
0.275 0.2 0.075 0.086 0.0305 0.019 0.03 5
0.44 0.32 0.095 0.3275 0.1495 0.059 0.1 5
0.645 0.51 0.19 1.363 0.573 0.362 0.36 3
0.54 0.455 0.14 0.972 0.419 0.255 0.269 3
0.435 0.33 0.11 0.413 0.2055 0.096 0.096 2
0.585 0.47 0.165 1.409 0.8 0.229 0.295 3
0.645 0.49 0.16 1.1665 0.4935 0.3155 0.299 5
0.65 0.515 0.18 1.463 0.658 0.3135 0.4115 3
0.415 0.305 0.12 0.336 0.165 0.076 0.0805 5
0.525 0.405 0.125 0.657 0.2985 0.1505 0.168 3
0.61 0.5 0.24 1.642 0.532 0.3345 0.69 1
0.54 0.435 0.18 0.996 0.3835 0.226 0.325 1
0.43 0.32 0.11 0.3675 0.1675 0.102 0.105 5
0.65 0.515 0.215 1.498 0.564 0.323 0.425 4
0.335 0.26 0.085 0.192 0.097 0.03 0.054 2
0.36 0.265 0.075 0.1785 0.0785 0.035 0.054 2
0.495 0.38 0.13 0.5125 0.2185 0.116 0.16 5
0.555 0.435 0.14 0.7495 0.341 0.1645 0.214 5
0.58 0.465 0.175 1.035 0.401 0.1865 0.385 1
0.315 0.23 0.07 0.1145 0.046 0.0235 0.0385 2
0.41 0.31 0.09 0.339 0.155 0.0695 0.09 5
0.42 0.345 0.105 0.43 0.175 0.096 0.13 5
0.625 0.475 0.16 1.3335 0.605 0.2875 0.319 3
0.445 0.355 0.11 0.4415 0.1805 0.1035 0.1505 3
0.385 0.29 0.08 0.2485 0.122 0.0495 0.065 5
0.5 0.37 0.135 0.45 0.1715 0.1055 0.155 5
0.53 0.43 0.135 0.6255 0.245 0.1455 0.2135 3
0.63 0.485 0.185 1.167 0.548 0.2485 0.34 3
0.5 0.375 0.15 0.636 0.2535 0.145 0.19 3
0.38 0.285 0.1 0.2665 0.115 0.061 0.075 3
0.405 0.3 0.12 0.324 0.1265 0.07 0.11 5
0.58 0.45 0.15 0.92 0.393 0.212 0.2895 5
0.465 0.325 0.14 0.7615 0.362 0.1535 0.209 3
0.67 0.54 0.2 1.46 0.6435 0.328 0.4165 5
0.37 0.265 0.075 0.214 0.09 0.051 0.07 2
0.27 0.19 0.08 0.081 0.0265 0.0195 0.03 2
0.585 0.485 0.15 1.079 0.4145 0.2115 0.356 3
0.49 0.365 0.145 0.6345 0.1995 0.1625 0.22 3
0.575 0.46 0.145 0.9945 0.466 0.229 0.265 5
0.54 0.385 0.14 0.7655 0.3265 0.116 0.2365 3
0.595 0.475 0.17 1.0965 0.419 0.229 0.35 1
0.645 0.49 0.16 1.251 0.5355 0.3345 0.3165 5
0.505 0.385 0.105 0.5525 0.239 0.1245 0.1555 5
0.435 0.325 0.1 0.342 0.1335 0.0835 0.105 2
0.38 0.29 0.085 0.2285 0.088 0.0465 0.075 5
0.53 0.44 0.205 0.835 0.32 0.2175 0.245 4
0.45 0.335 0.115 0.3935 0.195 0.071 0.11 5
0.535 0.405 0.175 1.2705 0.548 0.3265 0.337 4
0.65 0.515 0.125 1.1805 0.5235 0.283 0.3275 5
0.56 0.435 0.18 0.889 0.36 0.204 0.25 3
0.565 0.455 0.15 0.9795 0.444 0.205 0.275 5
0.44 0.34 0.135 0.3975 0.1505 0.0945 0.135 5
0.52 0.38 0.13 0.5345 0.2375 0.122 0.1535 5
0.62 0.5 0.2 1.221 0.4605 0.263 0.43 3
0.45 0.355 0.115 0.4385 0.184 0.108 0.1125 3
0.63 0.48 0.15 1.0525 0.392 0.336 0.285 3
0.37 0.28 0.09 0.233 0.0905 0.0545 0.07 3
0.725 0.53 0.19 1.7315 0.83 0.398 0.405 3
0.62 0.47 0.15 1.309 0.587 0.4405 0.325 5
0.395 0.29 0.095 0.3 0.158 0.068 0.078 5
0.57 0.465 0.18 0.9995 0.405 0.277 0.295 4
0.6 0.445 0.175 1.057 0.383 0.216 0.355 4
0.595 0.47 0.155 1.2015 0.492 0.3865 0.265 3
0.645 0.51 0.19 1.4865 0.6445 0.296 0.425 3
0.57 0.44 0.155 1.116 0.4775 0.2315 0.27 4
0.56 0.455 0.19 0.714 0.283 0.129 0.275 5
0.57 0.45 0.165 0.903 0.3305 0.1845 0.295 4
0.625 0.485 0.19 1.1745 0.4385 0.2305 0.42 1
0.475 0.375 0.14 0.501 0.192 0.1175 0.175 4
0.29 0.225 0.07 0.101 0.036 0.0235 0.035 5
0.5 0.39 0.135 0.6595 0.3145 0.1535 0.1565 2
0.635 0.51 0.185 1.308 0.544 0.318 0.377 5
0.385 0.305 0.09 0.2775 0.109 0.0515 0.1 5
0.38 0.3 0.1 0.286 0.1305 0.056 0.09 5
0.75 0.55 0.18 1.893 0.942 0.397 0.445 3
0.45 0.35 0.13 0.46 0.174 0.111 0.135 5
0.575 0.44 0.145 0.87 0.3945 0.2195 0.225 5
0.225 0.165 0.055 0.059 0.027 0.0125 0.015 2
