0.655 0.52 0.18 1.492 0.7185 0.36 0.355 3
0.655 0.5 0.22 1.359 0.642 0.3255 0.405 4
0.5 0.375 0.12 0.529 0.2235 0.123 0.16 5
0.505 0.4 0.155 0.8415 0.2715 0.1775 0.285 3
0.635 0.49 0.17 1.2615 0.5385 0.2665 0.38 5
0.46 0.345 0.12 0.4155 0.198 0.0885 0.107 5
0.72 0.585 0.22 1.914 0.9155 0.448 0.479 3
0.21 0.15 0.055 0.0465 0.017 0.012 0.015 2
0.525 0.425 0.12 0.8665 0.2825 0.176 0.29 1
0.55 0.415 0.18 1.1655 0.502 0.301 0.311 5
0.57 0.43 0.16 0.811 0.3875 0.159 0.2285 5
0.61 0.47 0.165 1.052 0.498 0.242 0.267 5
0.31 0.24 0.105 0.2885 0.118 0.065 0.083 2
0.58 0.455 0.12 0.94 0.399 0.257 0.265 3
0.45 0.345 0.115 0.496 0.1905 0.117 0.14 3
0.6 0.45 0.15 0.9625 0.4375 0.2225 0.2775 5
0.735 0.57 0.175 1.88 0.9095 0.387 0.488 3
0.475 0.375 0.15 0.559 0.1955 0.1215 0.1945 3
0.415 0.33 0.09 0.3595 0.17 0.081 0.09 2
0.45 0.355 0.115 0.4385 0.184 0.108 0.1125 3
0.42 0.31 0.095 0.279 0.1255 0.051 0.088 2
0.525 0.4 0.125 0.6965 0.369 0.1385 0.164 5
0.53 0.415 0.13 0.694 0.3905 0.111 0.167 5
0.58 0.46 0.18 1.0515 0.4095 0.2595 0.276 5
0.5 0.4 0.15 0.8085 0.273 0.112 0.295 4
0.55 0.405 0.125 0.651 0.2965 0.137 0.2 5
0.615 0.525 0.155 1.0385 0.427 0.2315 0.345 3
0.63 0.49 0.155 1.2525 0.63 0.246 0.289 5
0.5 0.39 0.12 0.5955 0.2455 0.147 0.173 5
0.45 0.345 0.11 0.47 0.2355 0.0855 0.1135 5
0.54 0.425 0.13 0.7205 0.2955 0.169 0.225 3
0.47 0.355 0.12 0.3685 0.126 0.0835 0.1365 2
0.415 0.325 0.115 0.3285 0.1405 0.051 0.106 3
0.45 0.34 0.12 0.4925 0.241 0.1075 0.12 2
0.63 0.505 0.195 1.306 0.516 0.3305 0.375 5
0.595 0.465 0.15 0.98 0.4115 0.196 0.2255 3
0.71 0.55 0.17 1.614 0.743 0.345 0.45 3
0.58 0.465 0.165 1.1015 0.404 0.2095 0.35 3
0.455 0.35 0.105 0.401 0.1575 0.083 0.135 5
0.44 0.34 0.105 0.402 0.1305 0.0955 0.165 3
0.575 0.45 0.165 0.9655 0.498 0.19 0.23 5
0.67 0.54 0.2 1.46 0.6435 0.328 0.4165 5
0.62 0.515 0.155 1.3255 0.6685 0.2605 0.335 3
0.475 0.375 0.13 0.5175 0.2075 0.1165 0.17 3
0.505 0.385 0.12 0.6005 0.239 0.142 0.185 5
0.695 0.535 0.175 1.8385 0.8035 0.396 0.503 3
0.555 0.45 0.145 0.915 0.4 0.246 0.285 3
0.68 0.53 0.18 1.529 0.7635 0.3115 0.4025 3
0.58 0.45 0.14 0.9615 0.486 0.1815 0.253 5
0.655 0.505 0.19 1.3485 0.5935 0.2745 0.425 3
0.44 0.34 0.1 0.451 0.188 0.087 0.13 3
0.52 0.425 0.17 0.6805 0.28 0.174 0.195 3
0.62 0.51 0.175 1.2705 0.5415 0.323 0.3225 5
0.58 0.425 0.15 0.844 0.3645 0.185 0.2705 5
0.565 0.44 0.115 0.9185 0.404 0.1785 0.29 3
0.235 0.175 0.065 0.0615 0.0205 0.02 0.019 2
0.575 0.46 0.16 1.103 0.538 0.221 0.249 5
0.6 0.445 0.175 1.057 0.383 0.216 0.355 4
0.445 0.33 0.11 0.358 0.1525 0.067 0.1185 5
0.455 0.345 0.105 0.4005 0.164 0.0755 0.126 5
0.48 0.355 0.125 0.494 0.2385 0.0835 0.15 5
0.63 0.49 0.16 1.09 0.407 0.224 0.354 3
0.54 0.43 0.17 0.836 0.3725 0.1815 0.24 5
0.515 0.405 0.13 0.722 0.32 0.131 0.21 3
0.375 0.28 0.08 0.226 0.105 0.047 0.065 2
0.45 0.35 0.145 0.525 0.2085 0.1 0.1655 4
0.275 0.195 0.07 0.08 0.031 0.0215 0.025 2
0.25 0.185 0.065 0.0685 0.0295 0.014 0.0225 2
0.68 0.54 0.195 1.7825 0.5565 0.3235 0.4285 3
0.635 0.495 0.18 1.596 0.617 0.317 0.37 3
0.625 0.485 0.135 1.3025 0.61 0.2675 0.3605 4
0.515 0.4 0.14 0.7365 0.2955 0.184 0.185 4
0.13 0.1 0.03 0.013 0.0045 0.003 0.004 2
0.385 0.285 0.09 0.248 0.0935 0.066 0.07 2
0.695 0.55 0.215 1.9565 0.7125 0.541 0.59 4
0.6 0.465 0.155 1.0165 0.512 0.2465 0.225 3
0.565 0.45 0.175 1.2365 0.5305 0.2455 0.308 3
0.37 0.29 0.1 0.25 0.1025 0.0505 0.085 3
0.35 0.255 0.08 0.1915 0.08 0.0385 0.063 5
0.375 0.245 0.1 0.394 0.166 0.091 0.1125 2
0.625 0.505 0.175 1.131 0.5425 0.2265 0.323 5
0.485 0.38 0.14 0.673 0.2175 0.13 0.195 1
0.555 0.435 0.145 0.9205 0.404 0.2275 0.255 5
0.275 0.2 0.055 0.0925 0.038 0.021 0.026 2
0.63 0.515 0.155 1.259 0.4105 0.197 0.41 4
0.72 0.565 0.2 1.787 0.718 0.385 0.529 3
0.455 0.35 0.105 0.416 0.1625 0.097 0.145 3
0.56 0.43 0.13 0.728 0.3355 0.1435 0.2175 5
0.605 0.47 0.16 1.0835 0.5405 0.2215 0.275 3
0.735 0.59 0.205 2.087 0.909 0.474 0.625 3
0.545 0.405 0.135 0.5945 0.27 0.1185 0.185 5
0.645 0.5 0.17 1.1845 0.4805 0.274 0.355 4
0.55 0.435 0.145 0.843 0.328 0.1915 0.255 4
0.49 0.4 0.145 0.6635 0.21 0.1295 0.2515 4
0.535 0.405 0.145 0.6845 0.2725 0.171 0.205 3
0.665 0.525 0.165 1.338 0.5515 0.3575 0.35 1
0.62 0.51 0.205 1.3475 0.4775 0.2565 0.48 4
0.605 0.47 0.155 0.974 0.393 0.224 0.3345 5
0.525 0.4 0.14 0.601 0.2625 0.1285 0.1835 5
0.29 0.21 0.06 0.1045 0.0415 0.022 0.035 2
0.605 0.475 0.145 0.884 0.3835 0.1905 0.27 5
0.62 0.5 0.175 1.186 0.4985 0.3015 0.35 3
0.565 0.45 0.185 0.9285 0.302 0.1805 0.265 3
0.62 0.47 0.225 1.115 0.378 0.2145 0.36 4
0.36 0.27 0.09 0.2075 0.098 0.039 0.062 2
0.64 0.505 0.18 1.297 0.59 0.3125 0.363 3
0.38 0.32 0.115 0.6475 0.323 0.1325 0.164 5
0.575 0.48 0.15 0.897 0.4235 0.1905 0.248 5
0.235 0.17 0.055 0.0515 0.018 0.0105 0.0195 5
0.62 0.48 0.165 1.043 0.4835 0.221 0.31 3
0.535 0.42 0.15 0.7365 0.2785 0.186 0.215 4
0.425 0.31 0.09 0.301 0.1385 0.065 0.08 5
0.625 0.495 0.16 1.234 0.6335 0.192 0.35 4
0.455 0.375 0.125 0.484 0.2155 0.102 0.165 5
0.55 0.44 0.135 0.8435 0.434 0.1995 0.185 5
0.55 0.45 0.155 0.7895 0.343 0.159 0.25 3
0.595 0.465 0.145 0.7955 0.3425 0.1795 0.2425 3
0.665 0.525 0.155 1.3575 0.5325 0.3045 0.4485 3
0.66 0.515 0.195 1.5655 0.7345 0.353 0.386 5
0.55 0.425 0.145 0.797 0.297 0.15 0.265 5
0.44 0.355 0.12 0.495 0.231 0.11 0.125 5
0.275 0.205 0.07 0.1055 0.495 0.019 0.0315 2
0.45 0.34 0.13 0.3715 0.1605 0.0795 0.105 5
0.575 0.45 0.13 0.785 0.318 0.193 0.2265 5
0.485 0.4 0.155 0.731 0.236 0.183 0.255 3
0.725 0.6 0.2 1.737 0.697 0.3585 0.595 3
0.59 0.45 0.16 0.9 0.358 0.156 0.315 1
0.52 0.395 0.125 0.5805 0.2445 0.146 0.165 5
0.7 0.575 0.17 1.31 0.5095 0.314 0.42 4
0.31 0.235 0.07 0.151 0.063 0.0405 0.045 2
0.745 0.575 0.2 1.884 0.954 0.336 0.495 3
0.3 0.22 0.08 0.121 0.0475 0.042 0.035 2
0.53 0.43 0.16 0.7245 0.321 0.1275 0.24 5
0.57 0.445 0.155 1.017 0.5265 0.2025 0.265 3
0.55 0.385 0.13 0.7275 0.343 0.1625 0.19 5
0.235 0.175 0.04 0.0705 0.0335 0.015 0.02 2
0.6 0.485 0.175 1.2675 0.4995 0.2815 0.38 4
0.695 0.56 0.22 1.834 0.8455 0.422 0.455 3
0.505 0.365 0.115 0.521 0.25 0.096 0.15 5
0.64 0.51 0.165 1.486 0.7595 0.332 0.321 5
0.44 0.33 0.135 0.4095 0.163 0.1005 0.119 2
0.3 0.23 0.075 0.127 0.052 0.03 0.0345 2
0.46 0.37 0.11 0.3965 0.1485 0.0855 0.1455 5
0.55 0.415 0.135 0.8095 0.2985 0.2015 0.28 3
0.485 0.41 0.15 0.696 0.2405 0.1625 0.265 4
0.55 0.46 0.175 0.869 0.3155 0.1825 0.32 3
0.425 0.315 0.125 0.3525 0.1135 0.0565 0.13 1
0.355 0.28 0.1 0.2275 0.0935 0.0455 0.085 3
0.56 0.435 0.185 1.106 0.422 0.2435 0.33 4
0.725 0.55 0.22 2.0495 0.7735 0.4405 0.655 3
0.175 0.125 0.04 0.024 0.0095 0.006 0.005 2
0.555 0.42 0.11 0.931 0.4445 0.171 0.225 5
0.76 0.605 0.215 2.173 0.801 0.4915 0.646 4
0.47 0.36 0.135 0.501 0.1665 0.115 0.165 3
0.67 0.55 0.17 1.247 0.472 0.2455 0.4 1
0.475 0.38 0.145 0.57 0.167 0.118 0.187 3
0.645 0.5 0.18 1.2785 0.5345 0.2995 0.345 4
0.47 0.36 0.12 0.4775 0.2105 0.1055 0.15 3
0.425 0.325 0.1 0.3295 0.1365 0.0725 0.11 5
0.55 0.43 0.14 0.8105 0.368 0.161 0.275 5
0.155 0.115 0.025 0.024 0.009 0.005 0.0075 2
0.625 0.515 0.15 1.2415 0.5235 0.3065 0.36 4
0.37 0.275 0.09 0.2065 0.096 0.0395 0.058 5
0.26 0.205 0.07 0.097 0.0415 0.019 0.0305 2
0.51 0.415 0.14 0.8185 0.3025 0.2155 0.235 4
0.72 0.55 0.2 1.9965 0.9035 0.469 0.5215 3
0.675 0.55 0.18 1.6885 0.562 0.3705 0.6 4
0.565 0.455 0.15 0.9795 0.444 0.205 0.275 5
0.71 0.56 0.175 1.724 0.566 0.4575 0.4625 4
0.61 0.47 0.17 1.1185 0.5225 0.2405 0.31 5
0.55 0.42 0.155 0.912 0.495 0.1805 0.205 5
0.275 0.2 0.075 0.086 0.0305 0.019 0.03 5
0.65 0.5 0.19 1.464 0.6415 0.339 0.4245 5
0.525 0.415 0.15 0.7155 0.2355 0.171 0.27 4
0.65 0.525 0.19 1.3685 0.5975 0.296 0.4 3
0.62 0.49 0.16 1.056 0.493 0.244 0.2725 5
0.635 0.5 0.15 1.376 0.6495 0.361 0.31 3
0.54 0.415 0.15 0.8115 0.3875 0.1875 0.2035 5
0.565 0.435 0.185 0.9815 0.329 0.136 0.39 4
0.5 0.39 0.13 0.709 0.275 0.168 0.18 3
0.625 0.5 0.13 1.082 0.5785 0.2045 0.25 5
0.68 0.535 0.185 1.607 0.7245 0.3215 0.498 3
0.58 0.43 0.13 0.798 0.365 0.173 0.2285 3
0.625 0.49 0.185 1.169 0.5275 0.2535 0.344 3
0.63 0.505 0.155 1.105 0.492 0.226 0.325 3
0.58 0.445 0.135 0.814 0.3775 0.1915 0.22 5
0.5 0.4 0.165 0.825 0.254 0.205 0.285 4
0.605 0.45 0.195 1.098 0.481 0.2895 0.315 4
0.57 0.445 0.15 0.995 0.504 0.185 0.2505 5
0.645 0.52 0.175 1.3345 0.667 0.2665 0.355 3
0.39 0.28 0.125 0.564 0.3035 0.0955 0.143 5
0.505 0.38 0.12 0.594 0.2595 0.1435 0.18 5
0.72 0.56 0.175 1.7265 0.637 0.3415 0.525 1
0.605 0.475 0.155 1.161 0.572 0.2455 0.275 5
0.57 0.46 0.15 1.0375 0.5415 0.2035 0.25 5
0.645 0.51 0.2 1.5675 0.621 0.367 0.46 3
0.66 0.515 0.18 1.523 0.54 0.3365 0.555 4
0.5 0.385 0.135 0.551 0.2245 0.0715 0.206 3
0.62 0.475 0.16 1.3245 0.6865 0.233 0.3275 5
0.51 0.405 0.135 0.769 0.3655 0.1585 0.18 5
0.455 0.37 0.11 0.514 0.2385 0.1235 0.126 5
0.38 0.285 0.095 0.243 0.0895 0.0665 0.075 5
0.345 0.25 0.09 0.203 0.078 0.059 0.055 2
0.57 0.425 0.13 0.782 0.3695 0.1745 0.1965 5
0.55 0.405 0.15 0.9235 0.412 0.2135 0.24 5
0.49 0.38 0.145 0.6725 0.249 0.181 0.21 3
0.545 0.45 0.15 0.7805 0.3795 0.1625 0.216 5
0.56 0.455 0.19 0.714 0.283 0.129 0.275 5
0.51 0.4 0.12 0.7005 0.347 0.1105 0.195 3
0.55 0.435 0.14 0.7535 0.3285 0.1555 0.2325 3
0.21 0.15 0.05 0.0385 0.0155 0.0085 0.01 2
0.645 0.51 0.19 1.363 0.573 0.362 0.36 3
0.38 0.28 0.095 0.2885 0.165 0.0435 0.067 5
0.695 0.55 0.185 1.679 0.805 0.4015 0.3965 3
0.61 0.46 0.155 0.957 0.4255 0.1975 0.265 5
0.49 0.38 0.125 0.549 0.245 0.1075 0.174 3
0.61 0.475 0.155 0.983 0.4565 0.228 0.266 3
0.45 0.335 0.105 0.447 0.2335 0.153 0.119 5
0.59 0.47 0.135 1.1685 0.539 0.279 0.28 5
0.64 0.515 0.205 1.5335 0.6635 0.3345 0.4025 5
0.395 0.32 0.1 0.3075 0.149 0.0535 0.09 5
0.55 0.415 0.135 0.8145 0.427 0.1855 0.175 5
0.585 0.45 0.15 1.047 0.4315 0.276 0.315 4
0.58 0.49 0.195 1.3165 0.5305 0.254 0.41 1
0.625 0.47 0.145 0.984 0.475 0.2 0.265 3
0.485 0.4 0.135 0.663 0.313 0.137 0.2 3
0.55 0.435 0.165 0.804 0.34 0.194 0.244 5
0.665 0.515 0.19 1.6385 0.831 0.3575 0.371 3
0.75 0.595 0.205 2.2205 1.083 0.421 0.63 3
0.5 0.38 0.135 0.594 0.2945 0.104 0.1565 5
0.255 0.185 0.06 0.0925 0.039 0.021 0.025 2
0.45 0.335 0.105 0.425 0.1865 0.091 0.115 5
0.69 0.55 0.2 1.569 0.687 0.3675 0.46 3
0.47 0.37 0.12 0.4705 0.1845 0.1055 0.155 3
0.78 0.6 0.21 2.548 1.1945 0.5745 0.6745 3
0.72 0.59 0.205 1.7495 0.7755 0.4225 0.48 3
0.575 0.445 0.14 0.941 0.3845 0.252 0.285 5
0.48 0.355 0.115 0.5785 0.25 0.106 0.184 5
0.62 0.5 0.17 1.148 0.5475 0.22 0.3315 3
0.28 0.21 0.075 0.1195 0.053 0.0265 0.03 2
0.36 0.28 0.105 0.199 0.0695 0.045 0.08 5
0.435 0.32 0.08 0.3325 0.1485 0.0635 0.105 5
0.52 0.41 0.115 0.77 0.263 0.157 0.26 3
0.515 0.425 0.145 0.9365 0.497 0.181 0.2185 5
0.57 0.42 0.14 0.8745 0.416 0.165 0.25 5
0.605 0.47 0.14 0.939 0.3385 0.201 0.32 4
0.675 0.55 0.175 1.689 0.694 0.371 0.474 4
0.39 0.3 0.095 0.3265 0.1665 0.0575 0.089 5
0.52 0.41 0.16 0.712 0.2845 0.153 0.225 3
0.46 0.33 0.15 0.5325 0.2085 0.1805 0.125 3
0.59 0.465 0.195 1.0885 0.3685 0.187 0.375 1
0.64 0.485 0.185 1.4195 0.6735 0.3465 0.3255 3
0.335 0.22 0.07 0.17 0.076 0.0365 0.05 2
0.57 0.445 0.155 0.733 0.282 0.159 0.235 4
0.75 0.55 0.18 1.893 0.942 0.397 0.445 3
0.66 0.525 0.18 1.5965 0.7765 0.397 0.3605 3
0.585 0.51 0.16 1.218 0.639 0.241 0.3 3
0.49 0.375 0.125 0.5445 0.279 0.115 0.13 5
0.54 0.42 0.14 0.7265 0.3205 0.1445 0.229 5
0.34 0.26 0.09 0.179 0.076 0.0525 0.055 2
0.32 0.25 0.08 0.1565 0.057 0.034 0.06 5
0.435 0.3 0.12 0.5965 0.259 0.139 0.1645 5
0.44 0.305 0.115 0.379 0.162 0.091 0.11 5
0.28 0.21 0.065 0.111 0.0425 0.0285 0.03 2
0.605 0.485 0.16 1.0565 0.37 0.2355 0.355 3
0.68 0.51 0.2 1.6075 0.714 0.339 0.4705 3
0.585 0.475 0.15 1.065 0.5315 0.199 0.2885 3
0.57 0.465 0.155 0.9685 0.446 0.261 0.255 5
0.485 0.37 0.14 0.5725 0.204 0.1415 0.175 3
0.545 0.43 0.14 0.832 0.4355 0.17 0.201 5
0.345 0.265 0.1 0.2455 0.111 0.0535 0.065 5
0.65 0.495 0.18 1.793 0.8005 0.339 0.53 4
0.555 0.4 0.13 0.7075 0.332 0.1585 0.18 5
0.51 0.4 0.14 0.6515 0.2455 0.1665 0.185 3
0.42 0.32 0.11 0.309 0.115 0.0645 0.0945 2
0.545 0.45 0.15 0.8795 0.387 0.15 0.2625 3
0.47 0.37 0.18 0.51 0.1915 0.1285 0.1625 5
0.73 0.57 0.165 2.0165 1.0685 0.418 0.435 3
0.58 0.435 0.155 0.8785 0.425 0.1685 0.2425 3
0.525 0.415 0.17 0.8325 0.2755 0.1685 0.31 4
0.645 0.53 0.195 1.39 0.6465 0.2945 0.3735 3
0.53 0.41 0.14 0.681 0.3095 0.1415 0.1835 2
0.585 0.465 0.165 0.885 0.4025 0.1625 0.274 3
0.64 0.475 0.175 1.1545 0.4865 0.341 0.288 5
0.47 0.375 0.13 0.5795 0.2145 0.164 0.195 4
0.63 0.48 0.185 1.21 0.53 0.2555 0.322 3
0.46 0.345 0.11 0.4595 0.235 0.0885 0.116 5
0.66 0.5 0.165 1.1905 0.4585 0.298 0.37 3
0.62 0.48 0.165 1.0855 0.481 0.2575 0.305 3
0.67 0.54 0.195 1.217 0.532 0.2735 0.3315 3
0.38 0.28 0.085 0.2735 0.115 0.061 0.085 2
0.61 0.48 0.165 1.2435 0.5575 0.2675 0.372 5
0.49 0.38 0.12 0.529 0.2165 0.139 0.155 3
0.16 0.12 0.02 0.018 0.0075 0.0045 0.005 2
0.675 0.535 0.185 1.5575 0.7035 0.402 0.4 3
0.49 0.37 0.11 0.538 0.271 0.1035 0.139 5
0.3 0.22 0.09 0.1425 0.057 0.0335 0.043 5
0.5 0.37 0.15 1.0615 0.494 0.223 0.296 5
0.455 0.355 0.135 0.4745 0.1865 0.0935 0.168 4
0.285 0.21 0.07 0.109 0.044 0.0265 0.033 2
0.54 0.425 0.135 0.686 0.3475 0.1545 0.213 5
0.68 0.515 0.17 1.6115 0.8415 0.306 0.395 3
0.38 0.27 0.08 0.2105 0.0865 0.042 0.07 5
0.475 0.395 0.135 0.592 0.2465 0.1645 0.2 4
0.6 0.5 0.155 1.332 0.6235 0.2835 0.35 5
0.53 0.405 0.13 0.6615 0.2945 0.1395 0.19 5
0.445 0.35 0.13 0.4195 0.1695 0.0945 0.1195 5
0.435 0.335 0.095 0.298 0.109 0.058 0.115 5
0.545 0.43 0.15 0.7285 0.302 0.1315 0.2545 3
0.77 0.605 0.175 2.0505 0.8005 0.526 0.355 3
0.515 0.385 0.13 0.623 0.2855 0.1285 0.175 3
0.48 0.36 0.125 0.542 0.2795 0.1025 0.147 5
0.725 0.57 0.19 2.3305 1.253 0.541 0.52 5
0.5 0.4 0.125 0.5765 0.2395 0.126 0.185 3
0.54 0.415 0.17 0.879 0.339 0.208 0.255 3
0.255 0.185 0.07 0.075 0.028 0.018 0.025 2
0.635 0.505 0.17 1.415 0.605 0.297 0.365 4
0.645 0.525 0.2 1.449 0.601 0.2565 0.505 4
0.435 0.345 0.115 0.418 0.222 0.0735 0.106 5
0.55 0.445 0.11 0.7935 0.378 0.142 0.26 3
0.335 0.245 0.09 0.2015 0.096 0.0405 0.048 5
0.165 0.125 0.04 0.0245 0.0095 0.0045 0.008 2
0.585 0.455 0.125 1.027 0.391 0.212 0.25 1
0.31 0.24 0.09 0.1455 0.0605 0.0315 0.045 5
0.59 0.46 0.145 0.9905 0.453 0.2205 0.275 5
0.47 0.375 0.125 0.5225 0.2265 0.104 0.162 5
0.465 0.35 0.11 0.4085 0.165 0.102 0.131 5
0.53 0.43 0.13 0.7045 0.346 0.1415 0.189 5
0.66 0.53 0.175 1.583 0.7395 0.3505 0.405 3
0.335 0.25 0.08 0.183 0.0735 0.04 0.0575 2
0.675 0.53 0.175 1.4465 0.6775 0.33 0.389 3
0.37 0.275 0.085 0.2045 0.096 0.056 0.08 2
0.63 0.5 0.18 1.1965 0.514 0.2325 0.3995 5
0.61 0.475 0.17 1.0385 0.4435 0.241 0.32 4
0.695 0.55 0.16 1.6365 0.694 0.3005 0.44 4
0.64 0.5 0.17 1.2645 0.565 0.3375 0.315 5
0.39 0.3 0.1 0.2665 0.1105 0.059 0.084 5
0.405 0.305 0.1 0.268 0.1145 0.053 0.085 5
0.625 0.42 0.165 1.0595 0.358 0.165 0.445 1
0.725 0.56 0.21 2.141 0.65 0.398 1.005 1
0.35 0.26 0.09 0.198 0.0725 0.056 0.06 3
0.515 0.435 0.145 0.8815 0.292 0.206 0.255 3
0.445 0.34 0.145 0.434 0.1945 0.0905 0.13 5
0.67 0.5 0.19 1.519 0.616 0.388 0.415 3
0.57 0.45 0.135 0.7805 0.3345 0.185 0.21 5
0.625 0.48 0.155 1.2035 0.5865 0.239 0.3185 3
0.43 0.315 0.095 0.378 0.175 0.08 0.1045 5
0.21 0.15 0.05 0.042 0.0175 0.0125 0.015 2
0.14 0.105 0.035 0.014 0.0055 0.0025 0.004 2
0.715 0.565 0.175 1.9525 0.7645 0.4185 0.4135 3
0.64 0.495 0.17 1.139 0.5395 0.282 0.285 3
0.565 0.42 0.155 0.743 0.31 0.186 0.231 5
0.705 0.56 0.165 1.675 0.797 0.4095 0.388 3
0.53 0.415 0.15 0.7775 0.237 0.1415 0.33 1
0.72 0.58 0.19 2.0885 0.9955 0.478 0.5305 4
0.66 0.545 0.185 1.32 0.5305 0.2635 0.455 4
0.675 0.525 0.155 1.4785 0.628 0.3405 0.42 5
0.65 0.525 0.185 1.3455 0.586 0.278 0.3865 5
0.455 0.435 0.11 0.4265 0.195 0.09 0.1205 5
0.575 0.46 0.185 1.094 0.4485 0.217 0.345 4
0.525 0.4 0.125 0.5655 0.2435 0.119 0.175 5
0.7 0.545 0.13 1.556 0.6725 0.374 0.195 3
0.47 0.355 0.145 0.4485 0.156 0.102 0.123 5
0.63 0.485 0.155 1.278 0.637 0.275 0.31 5
0.28 0.2 0.075 0.1225 0.0545 0.0115 0.035 2
0.405 0.25 0.09 0.2875 0.128 0.063 0.0805 5
0.58 0.46 0.16 1.063 0.513 0.2705 0.2625 5
0.505 0.385 0.115 0.616 0.243 0.1075 0.21 3
0.345 0.255 0.1 0.197 0.071 0.051 0.06 5
0.525 0.43 0.165 0.8645 0.376 0.1945 0.2515 4
0.61 0.485 0.165 1.087 0.4255 0.232 0.38 3
0.63 0.51 0.185 1.235 0.5115 0.349 0.3065 3
0.62 0.51 0.175 1.1255 0.4985 0.227 0.315 4
0.605 0.455 0.145 0.9775 0.468 0.1775 0.275 5
0.505 0.41 0.15 0.644 0.285 0.145 0.21 3
0.575 0.46 0.165 0.9155 0.4005 0.2465 0.2385 5
0.485 0.375 0.125 0.562 0.2505 0.1345 0.1525 5
0.635 0.48 0.2 1.3655 0.6255 0.2595 0.425 4
0.48 0.375 0.105 0.525 0.2185 0.1195 0.155 3
0.635 0.48 0.145 1.181 0.665 0.229 0.225 3
0.61 0.465 0.125 0.9225 0.436 0.19 0.26 5
0.55 0.43 0.15 0.8745 0.413 0.1905 0.248 5
0.525 0.4 0.13 0.6995 0.3115 0.131 0.223 5
0.68 0.54 0.19 1.623 0.7165 0.354 0.4715 3
0.58 0.46 0.15 1.1155 0.5575 0.2255 0.29 5
0.58 0.44 0.15 1.0465 0.518 0.2185 0.2795 3
0.65 0.485 0.16 1.7395 0.5715 0.2785 0.3075 3
0.61 0.47 0.195 1.2735 0.469 0.3315 0.398 3
0.52 0.4 0.14 0.622 0.278 0.1455 0.169 5
0.62 0.485 0.175 1.271 0.531 0.3075 0.37 3
0.61 0.475 0.165 1.116 0.428 0.2205 0.315 4
0.53 0.41 0.155 0.7155 0.2805 0.1685 0.214 3
0.49 0.385 0.125 0.609 0.3065 0.096 0.1775 5
0.255 0.185 0.06 0.088 0.0365 0.021 0.023 2
0.305 0.23 0.075 0.1455 0.0595 0.0305 0.05 2
0.485 0.37 0.115 0.457 0.1885 0.0965 0.15 5
0.65 0.51 0.175 1.155 0.4955 0.2025 0.385 3
0.575 0.445 0.145 0.847 0.415 0.1945 0.22 5
0.375 0.29 0.095 0.2875 0.123 0.0605 0.08 2
0.335 0.25 0.075 0.1825 0.0705 0.044 0.055 5
0.44 0.325 0.1 0.4165 0.185 0.0865 0.11 2
0.5 0.39 0.145 0.651 0.273 0.132 0.22 3
0.645 0.505 0.165 1.318 0.55 0.3015 0.335 3
0.695 0.565 0.19 1.7635 0.7465 0.399 0.4975 3
0.51 0.395 0.145 0.6185 0.216 0.1385 0.24 3
0.34 0.265 0.08 0.2015 0.09 0.0475 0.055 2
0.765 0.6 0.22 2.302 1.007 0.509 0.6205 3
0.57 0.44 0.12 0.803 0.382 0.1525 0.234 5
0.66 0.495 0.195 1.6275 0.594 0.3595 0.485 3
0.485 0.355 0.105 0.498 0.2175 0.096 0.1525 5
0.475 0.35 0.115 0.498 0.2375 0.099 0.14 5
0.655 0.51 0.16 1.092 0.396 0.2825 0.37 4
0.635 0.52 0.175 1.292 0.6 0.269 0.367 3
0.42 0.335 0.115 0.369 0.171 0.071 0.12 5
0.54 0.425 0.16 0.9455 0.3675 0.2005 0.295 5
0.495 0.38 0.135 0.5095 0.2065 0.1165 0.165 5
0.685 0.52 0.15 1.3735 0.7185 0.293 0.32 3
0.59 0.45 0.155 0.874 0.369 0.2135 0.24 5
0.675 0.57 0.225 1.587 0.739 0.2995 0.435 3
0.585 0.475 0.185 0.9585 0.4145 0.1615 0.33 3
0.67 0.545 0.175 1.707 0.6995 0.387 0.575 4
0.4 0.265 0.1 0.2775 0.1245 0.0605 0.08 5
0.655 0.53 0.195 1.388 0.567 0.2735 0.41 4
0.56 0.44 0.155 0.811 0.3685 0.178 0.235 3
0.48 0.38 0.145 0.59 0.232 0.141 0.23 3
0.615 0.495 0.165 1.198 0.5415 0.2865 0.3185 3
0.66 0.495 0.21 1.548 0.724 0.3525 0.3925 3
0.535 0.405 0.185 0.8345 0.3175 0.1725 0.29 4
0.235 0.175 0.08 0.0645 0.0215 0.0175 0.0215 2
0.495 0.4 0.145 0.578 0.2545 0.1305 0.1645 5
0.555 0.435 0.14 0.765 0.3945 0.15 0.206 5
0.645 0.515 0.16 1.1845 0.506 0.311 0.335 5
0.5 0.38 0.14 0.6355 0.277 0.143 0.1785 5
0.48 0.38 0.12 0.608 0.2705 0.1405 0.185 5
0.51 0.375 0.1 0.5785 0.238 0.1225 0.175 5
0.695 0.58 0.2 1.8995 0.675 0.478 0.5295 4
0.55 0.44 0.155 0.946 0.313 0.1825 0.335 4
0.075 0.055 0.01 0.002 0.001 0.0005 0.0015 2
0.6 0.47 0.16 1.194 0.5625 0.3045 0.2635 3
0.63 0.49 0.225 1.336 0.6805 0.259 0.3245 3
0.49 0.38 0.135 0.5415 0.2175 0.095 0.19 3
0.48 0.375 0.115 0.6765 0.3205 0.1065 0.17 2
0.68 0.57 0.205 1.842 0.625 0.408 0.65 1
0.57 0.445 0.14 1.0635 0.5265 0.2195 0.24 5
0.6 0.495 0.165 1.2415 0.485 0.2775 0.34 4
0.595 0.475 0.165 1.213 0.621 0.2435 0.274 5
0.45 0.36 0.125 0.4995 0.2035 0.1 0.17 4
0.705 0.545 0.17 1.58 0.6435 0.4565 0.265 3
0.74 0.58 0.205 2.381 0.8155 0.4695 0.488 3
0.615 0.475 0.145 0.9525 0.3915 0.195 0.32 5
0.52 0.38 0.14 0.525 0.1775 0.115 0.185 3
0.62 0.48 0.15 1.1015 0.4965 0.243 0.305 3
0.615 0.475 0.17 1.055 0.543 0.246 0.2345 5
0.315 0.245 0.085 0.1435 0.053 0.0475 0.05 5
0.615 0.455 0.13 0.9685 0.49 0.182 0.2655 3
0.605 0.475 0.165 1.056 0.433 0.2195 0.357 5
0.45 0.355 0.12 0.412 0.1145 0.0665 0.16 1
0.645 0.52 0.19 1.3105 0.58 0.288 0.37 3
0.65 0.5 0.165 1.1445 0.485 0.218 0.365 3
0.665 0.53 0.18 1.491 0.6345 0.342 0.435 3
0.36 0.295 0.105 0.241 0.0865 0.053 0.095 5
0.37 0.275 0.1 0.2225 0.093 0.026 0.08 5
0.56 0.43 0.125 0.8025 0.313 0.1715 0.263 4
0.44 0.33 0.11 0.3705 0.1545 0.084 0.12 5
0.315 0.23 0.07 0.144 0.053 0.0305 0.04 5
0.53 0.425 0.17 0.949 0.3485 0.2395 0.278 1
0.4 0.32 0.11 0.353 0.1405 0.0985 0.1 5
0.63 0.495 0.165 1.3075 0.599 0.284 0.315 3
0.45 0.36 0.11 0.447 0.203 0.082 0.13 3
0.59 0.455 0.155 1.066 0.382 0.2275 0.415 1
0.575 0.47 0.185 0.985 0.3745 0.2175 0.355 3
0.56 0.43 0.145 0.898 0.3895 0.2325 0.245 5
0.475 0.35 0.12 0.4905 0.2035 0.13 0.135 5
0.515 0.395 0.125 0.6635 0.32 0.14 0.17 5
0.38 0.29 0.085 0.2285 0.088 0.0465 0.075 5
0.61 0.48 0.17 1.137 0.4565 0.29 0.347 3
0.63 0.49 0.165 1.2005 0.575 0.273 0.294 3
0.4 0.31 0.1 0.127 0.106 0.071 0.085 5
0.505 0.38 0.13 0.656 0.227 0.1785 0.22 4
0.4 0.3 0.11 0.315 0.109 0.067 0.12 5
0.535 0.4 0.135 0.775 0.368 0.208 0.2055 5
0.56 0.425 0.145 0.688 0.3095 0.1305 0.2165 5
0.58 0.46 0.165 1.2275 0.473 0.1965 0.435 4
0.575 0.45 0.135 0.807 0.3615 0.176 0.254 3
0.29 0.23 0.075 0.1165 0.043 0.0255 0.04 5
0.265 0.195 0.06 0.092 0.0345 0.025 0.0245 2
0.57 0.435 0.15 0.8295 0.3875 0.156 0.245 3
0.505 0.41 0.15 0.6345 0.243 0.1335 0.215 1
0.345 0.255 0.08 0.169 0.06 0.0425 0.054 3
0.43 0.315 0.115 0.384 0.1885 0.0715 0.11 5
0.55 0.44 0.165 0.8605 0.312 0.169 0.3 1
0.56 0.425 0.135 0.8205 0.3715 0.185 0.236 5
0.66 0.53 0.185 1.346 0.546 0.2705 0.476 3
0.46 0.36 0.1 0.4635 0.2325 0.093 0.115 5
0.625 0.485 0.17 1.437 0.5855 0.293 0.475 3
0.515 0.39 0.12 0.565 0.235 0.135 0.179 5
0.56 0.44 0.14 0.971 0.443 0.2045 0.265 4
0.67 0.525 0.195 1.42 0.573 0.368 0.3905 3
0.535 0.43 0.155 0.7845 0.3285 0.169 0.245 3
0.515 0.42 0.135 0.6295 0.2815 0.127 0.215 5
0.52 0.385 0.165 0.791 0.375 0.18 0.1815 3
0.38 0.305 0.105 0.281 0.1045 0.0615 0.09 3
0.655 0.505 0.165 1.27 0.6035 0.262 0.335 3
0.61 0.5 0.18 1.438 0.5185 0.3735 0.3345 5
0.575 0.425 0.15 0.8765 0.455 0.18 0.228 5
0.4 0.29 0.1 0.2675 0.1205 0.0605 0.0765 2
0.54 0.415 0.13 0.8245 0.272 0.226 0.24 4
0.54 0.42 0.135 0.8075 0.3485 0.1795 0.235 3
0.505 0.425 0.125 0.6115 0.245 0.1375 0.2 5
0.55 0.44 0.15 0.8945 0.3145 0.151 0.32 1
0.635 0.505 0.155 1.2895 0.594 0.314 0.345 3
0.28 0.21 0.055 0.106 0.0415 0.0265 0.031 2
0.37 0.29 0.09 0.241 0.11 0.045 0.069 3
0.585 0.475 0.12 0.945 0.41 0.2115 0.28 4
0.58 0.455 0.16 0.9215 0.312 0.196 0.3 1
0.61 0.49 0.17 1.3475 0.7045 0.25 0.3045 3
0.49 0.395 0.12 0.674 0.3325 0.1235 0.185 5
0.595 0.455 0.145 0.942 0.43 0.182 0.277 3
0.475 0.375 0.11 0.494 0.211 0.109 0.1545 5
0.58 0.45 0.12 0.8685 0.418 0.1475 0.2605 5
0.63 0.48 0.145 1.0115 0.4235 0.237 0.305 3
0.54 0.415 0.175 0.8975 0.275 0.241 0.275 4
0.49 0.395 0.14 0.549 0.2215 0.1275 0.15 3
0.58 0.435 0.15 0.834 0.428 0.1515 0.23 5
0.62 0.49 0.16 1.066 0.446 0.246 0.305 3
0.63 0.465 0.15 1.027 0.537 0.188 0.176 5
0.64 0.505 0.155 1.1955 0.5565 0.211 0.346 3
0.48 0.385 0.145 0.64 0.2925 0.1405 0.1575 2
0.505 0.405 0.14 0.875 0.2665 0.174 0.285 3
0.46 0.365 0.11 0.4495 0.1755 0.102 0.15 5
0.53 0.415 0.145 0.944 0.3845 0.185 0.265 1
0.52 0.41 0.12 0.595 0.2385 0.111 0.19 5
0.655 0.52 0.165 1.4095 0.586 0.291 0.405 5
0.365 0.27 0.085 0.197 0.0815 0.0325 0.065 2
0.635 0.515 0.165 1.229 0.5055 0.2975 0.3535 3
0.28 0.22 0.08 0.1315 0.066 0.024 0.03 2
0.665 0.5 0.15 1.2475 0.4625 0.2955 0.3595 3
0.65 0.52 0.17 1.3655 0.6155 0.2885 0.36 3
0.64 0.515 0.165 1.3115 0.4945 0.2555 0.41 3
0.5 0.395 0.15 0.7145 0.3235 0.173 0.195 5
0.51 0.39 0.125 0.597 0.293 0.1265 0.1555 5
0.52 0.395 0.115 0.6445 0.3155 0.1245 0.186 3
0.54 0.435 0.14 0.7345 0.33 0.1595 0.213 5
0.6 0.475 0.155 1.21 0.653 0.1695 0.3205 3
0.5 0.385 0.155 0.762 0.3795 0.161 0.19 4
0.375 0.28 0.08 0.2165 0.0935 0.0925 0.07 5
0.575 0.445 0.16 0.839 0.4005 0.198 0.239 5
0.57 0.45 0.15 0.9645 0.531 0.189 0.209 5
0.55 0.445 0.125 0.672 0.288 0.1365 0.21 3
0.675 0.525 0.16 1.2835 0.572 0.2755 0.3545 4
0.415 0.325 0.115 0.3455 0.1405 0.0765 0.11 5
0.415 0.325 0.1 0.385 0.167 0.08 0.125 5
0.62 0.485 0.155 1.049 0.462 0.231 0.25 3
0.655 0.525 0.19 1.3595 0.564 0.3215 0.3985 3
0.44 0.34 0.1 0.379 0.1725 0.0815 0.101 5
0.49 0.38 0.14 0.7605 0.245 0.167 0.185 3
0.565 0.455 0.13 1.058 0.439 0.2645 0.3 3
0.715 0.55 0.19 2.0045 1.0465 0.407 0.5075 3
0.435 0.395 0.105 0.3635 0.136 0.098 0.13 5
0.59 0.485 0.205 1.2315 0.4525 0.238 0.42 4
0.525 0.415 0.14 0.724 0.3475 0.173 0.175 5
0.63 0.515 0.165 1.352 0.488 0.349 0.45 1
0.615 0.475 0.205 1.337 0.5995 0.2815 0.37 3
0.6 0.455 0.155 0.945 0.4365 0.2085 0.25 5
0.48 0.38 0.13 0.6175 0.3 0.142 0.175 3
0.675 0.555 0.205 1.925 0.713 0.358 0.4535 4
0.54 0.42 0.155 0.7385 0.3515 0.152 0.215 3
0.665 0.5 0.175 1.742 0.595 0.3025 0.725 1
0.46 0.355 0.14 0.491 0.207 0.115 0.174 3
0.625 0.47 0.155 1.1955 0.643 0.2055 0.3145 3
0.575 0.475 0.16 1.114 0.4955 0.2745 0.29 5
0.49 0.385 0.125 0.649 0.32 0.124 0.1695 5
0.45 0.35 0.14 0.474 0.21 0.109 0.1275 4
0.575 0.45 0.145 0.872 0.4675 0.18 0.217 5
0.47 0.39 0.15 0.6355 0.2185 0.0885 0.255 5
0.31 0.22 0.085 0.146 0.061 0.0365 0.045 2
0.615 0.48 0.175 1.118 0.446 0.3195 0.3 5
0.56 0.445 0.155 0.8735 0.3005 0.209 0.275 4
0.52 0.395 0.125 0.8115 0.4035 0.166 0.2 5
0.29 0.225 0.075 0.14 0.0515 0.0235 0.04 2
0.61 0.46 0.145 1.1185 0.478 0.2945 0.2985 3
0.38 0.235 0.1 0.258 0.1055 0.054 0.08 5
0.575 0.455 0.135 0.907 0.4245 0.197 0.26 5
0.585 0.465 0.165 0.9355 0.4035 0.2275 0.259 5
0.54 0.43 0.14 0.8195 0.3935 0.1725 0.2295 5
0.585 0.455 0.165 0.998 0.345 0.2495 0.315 3
0.66 0.505 0.165 1.374 0.589 0.351 0.345 3
0.495 0.355 0.12 0.4965 0.214 0.1045 0.1495 5
0.625 0.5 0.185 1.2425 0.5995 0.248 0.335 3
0.575 0.46 0.19 0.994 0.392 0.2425 0.34 4
0.645 0.51 0.18 1.6195 0.7815 0.322 0.4675 3
0.485 0.415 0.14 0.5705 0.25 0.134 0.185 5
0.63 0.49 0.15 1.1955 0.5845 0.257 0.3 5
0.67 0.505 0.175 1.0145 0.4375 0.271 0.3745 3
0.48 0.355 0.16 0.464 0.221 0.106 0.239 5
0.345 0.27 0.11 0.2135 0.082 0.0545 0.07 5
0.465 0.34 0.11 0.346 0.1425 0.073 0.113 3
0.66 0.52 0.18 1.514 0.526 0.2975 0.42 1
0.7 0.585 0.185 1.8075 0.7055 0.3215 0.475 1
0.325 0.24 0.07 0.152 0.0565 0.0305 0.054 5
0.18 0.125 0.05 0.023 0.0085 0.0055 0.01 2
0.375 0.29 0.095 0.213 0.096 0.041 0.061 2
0.36 0.265 0.09 0.2055 0.096 0.037 0.0585 5
0.415 0.305 0.105 0.3605 0.12 0.082 0.1 3
0.635 0.5 0.17 1.4345 0.611 0.309 0.418 3
0.605 0.48 0.14 0.991 0.4735 0.2345 0.24 5
0.495 0.4 0.135 0.61 0.272 0.1435 0.144 5
0.62 0.485 0.205 1.219 0.3875 0.2505 0.385 4
0.695 0.53 0.2 2.0475 0.75 0.4195 0.6095 4
0.475 0.365 0.105 0.4175 0.1645 0.099 0.127 5
0.615 0.47 0.175 1.242 0.5675 0.287 0.317 3
0.67 0.515 0.165 1.1735 0.526 0.285 0.316 3
0.58 0.44 0.16 0.8295 0.3365 0.2005 0.2485 5
0.62 0.475 0.16 1.1295 0.463 0.2685 0.33 3
0.225 0.165 0.055 0.059 0.027 0.0125 0.015 2
0.76 0.575 0.19 1.829 0.7035 0.386 0.56 4
0.565 0.44 0.15 0.983 0.4475 0.2355 0.2485 5
0.5 0.415 0.165 0.6885 0.249 0.138 0.25 4
0.58 0.455 0.165 1.1365 0.369 0.3005 0.275 4
0.675 0.565 0.195 1.8375 0.7645 0.3615 0.553 3
0.635 0.48 0.235 1.064 0.413 0.228 0.36 4
0.325 0.27 0.1 0.185 0.08 0.0435 0.065 2
0.595 0.465 0.14 1.113 0.5175 0.244 0.305 3
0.255 0.18 0.065 0.079 0.034 0.014 0.025 2
0.495 0.39 0.15 0.853 0.3285 0.189 0.27 4
0.455 0.345 0.125 0.44 0.169 0.1065 0.135 3
0.56 0.415 0.145 0.852 0.43 0.1885 0.205 5
0.495 0.375 0.115 0.507 0.241 0.103 0.15 5
0.46 0.345 0.105 0.415 0.187 0.087 0.11 5
0.485 0.375 0.14 0.521 0.2 0.123 0.17 5
0.565 0.44 0.185 0.909 0.344 0.2325 0.255 4
0.615 0.47 0.155 1.084 0.5885 0.209 0.246 5
0.665 0.525 0.18 1.429 0.6715 0.29 0.4 3
0.395 0.29 0.095 0.319 0.138 0.08 0.082 5
0.605 0.475 0.175 1.201 0.5395 0.275 0.309 3
0.565 0.455 0.185 0.9265 0.354 0.1575 0.375 4
0.555 0.46 0.16 0.86 0.3345 0.1935 0.275 3
0.625 0.48 0.17 1.3525 0.6235 0.278 0.365 3
0.41 0.305 0.1 0.2645 0.1 0.0655 0.085 5
0.36 0.27 0.085 0.196 0.0905 0.034 0.053 5
0.7 0.565 0.18 1.751 0.895 0.3355 0.446 5
0.63 0.53 0.175 1.4135 0.667 0.2945 0.3555 4
0.62 0.475 0.16 0.907 0.371 0.167 0.3075 3
0.48 0.39 0.15 0.6275 0.276 0.134 0.185 4
0.27 0.205 0.075 0.118 0.059 0.031 0.0305 2
0.665 0.525 0.21 1.644 0.818 0.3395 0.4275 3
0.57 0.465 0.18 0.9995 0.405 0.277 0.295 4
0.595 0.47 0.145 0.991 0.4035 0.1505 0.34 4
0.65 0.475 0.165 1.3875 0.58 0.3485 0.3095 5
0.69 0.53 0.21 1.583 0.7355 0.405 0.3865 3
0.445 0.35 0.14 0.5905 0.2025 0.158 0.19 4
0.56 0.43 0.15 0.8745 0.453 0.161 0.22 5
0.425 0.325 0.11 0.317 0.135 0.048 0.09 5
0.415 0.31 0.11 0.2965 0.123 0.057 0.0995 3
0.495 0.38 0.12 0.573 0.2655 0.1285 0.144 5
0.44 0.345 0.115 0.545 0.269 0.111 0.1305 2
0.57 0.445 0.16 1.0145 0.516 0.164 0.3 3
0.67 0.53 0.225 1.5615 0.63 0.487 0.3725 3
0.65 0.515 0.175 1.4805 0.5295 0.272 0.525 1
0.58 0.46 0.12 0.9935 0.4625 0.2385 0.28 3
0.555 0.42 0.14 0.868 0.33 0.243 0.21 4
0.675 0.53 0.195 1.4985 0.62 0.375 0.425 5
0.32 0.245 0.075 0.1555 0.0585 0.038 0.049 3
0.59 0.465 0.16 1.1005 0.506 0.2525 0.295 4
0.57 0.45 0.145 0.95 0.4005 0.2235 0.2845 3
0.455 0.37 0.105 0.4925 0.216 0.1245 0.135 5
0.575 0.48 0.15 0.9465 0.4355 0.2605 0.2505 5
0.51 0.405 0.125 0.6925 0.327 0.155 0.1805 5
0.55 0.425 0.145 0.89 0.4325 0.171 0.236 3
0.52 0.385 0.115 0.581 0.2555 0.156 0.143 3
0.59 0.47 0.16 1.206 0.479 0.2425 0.309 5
0.655 0.51 0.175 1.6525 0.8515 0.3365 0.403 3
0.605 0.475 0.175 1.076 0.463 0.2195 0.335 5
0.605 0.465 0.165 1.056 0.4215 0.2475 0.34 4
0.59 0.44 0.15 0.9555 0.366 0.2425 0.295 3
0.74 0.565 0.205 2.119 0.9655 0.5185 0.482 3
0.71 0.56 0.18 1.652 0.735 0.381 0.4525 3
0.505 0.39 0.185 0.6125 0.267 0.142 0.172 5
0.61 0.485 0.15 1.2405 0.6025 0.2915 0.3085 3
0.355 0.285 0.095 0.2275 0.0955 0.0475 0.0715 2
0.5 0.38 0.155 0.66 0.2655 0.1365 0.215 1
0.575 0.485 0.165 1.0405 0.419 0.264 0.3 4
0.475 0.36 0.14 0.5135 0.241 0.1045 0.155 5
0.65 0.505 0.165 1.357 0.5725 0.281 0.43 3
0.515 0.4 0.135 0.6965 0.32 0.1255 0.175 5
0.46 0.345 0.12 0.4935 0.2435 0.1175 0.132 5
0.58 0.45 0.155 0.8275 0.321 0.1975 0.2445 5
0.59 0.475 0.155 0.857 0.356 0.174 0.28 4
0.42 0.345 0.105 0.43 0.175 0.096 0.13 5
0.46 0.35 0.1 0.471 0.252 0.077 0.123 5
0.635 0.5 0.18 1.312 0.529 0.2485 0.485 1
0.65 0.52 0.19 1.3445 0.519 0.306 0.4465 4
0.635 0.51 0.185 1.308 0.544 0.318 0.377 5
0.505 0.385 0.11 0.655 0.3185 0.15 0.185 5
0.635 0.51 0.175 1.2125 0.5735 0.261 0.36 4
0.49 0.39 0.14 0.707 0.2795 0.2185 0.18 4
0.4 0.29 0.1 0.258 0.104 0.059 0.0815 5
0.52 0.38 0.13 0.5345 0.2375 0.122 0.1535 5
0.655 0.525 0.18 1.402 0.624 0.2935 0.365 4
0.605 0.45 0.165 1.2225 0.357 0.202 0.385 4
0.545 0.44 0.165 0.744 0.2875 0.204 0.25 4
0.59 0.46 0.145 0.9015 0.419 0.1785 0.26 3
0.47 0.35 0.145 0.5175 0.187 0.1235 0.18 3
0.48 0.38 0.135 0.528 0.2 0.1395 0.16 4
0.31 0.225 0.075 0.155 0.065 0.037 0.0365 2
0.615 0.475 0.17 1.1825 0.474 0.2895 0.24 3
0.435 0.325 0.1 0.366 0.174 0.0725 0.109 5
0.24 0.175 0.055 0.0705 0.025 0.014 0.021 2
0.72 0.575 0.17 1.9335 0.913 0.389 0.51 4
0.595 0.455 0.14 0.914 0.3895 0.2225 0.271 5
0.565 0.43 0.15 0.8215 0.332 0.1685 0.29 3
0.685 0.565 0.175 1.638 0.7775 0.375 0.438 3
0.545 0.43 0.14 0.687 0.2615 0.1405 0.25 5
0.465 0.35 0.135 0.6265 0.259 0.1445 0.175 5
0.64 0.565 0.23 1.521 0.644 0.372 0.406 4
0.195 0.135 0.04 0.0325 0.0135 0.005 0.0095 2
0.46 0.35 0.115 0.4155 0.18 0.098 0.1175 5
0.515 0.39 0.155 0.7125 0.3695 0.137 0.155 5
0.655 0.515 0.2 1.373 0.443 0.3375 0.49 4
0.6 0.41 0.145 0.939 0.4475 0.196 0.268 5
0.615 0.47 0.165 1.128 0.4465 0.2195 0.34 3
0.64 0.53 0.165 1.1895 0.4765 0.3 0.35 3
0.565 0.45 0.16 0.795 0.3605 0.1555 0.23 3
0.5 0.39 0.13 0.6355 0.2505 0.1635 0.195 4
0.575 0.4 0.155 0.9325 0.3605 0.2445 0.3 1
0.385 0.305 0.125 0.314 0.146 0.0555 0.08 3
0.355 0.28 0.085 0.2905 0.095 0.0395 0.115 5
0.705 0.55 0.2 1.7095 0.633 0.4115 0.49 4
0.58 0.46 0.14 0.9265 0.4135 0.1845 0.27 3
0.475 0.375 0.125 0.588 0.237 0.1715 0.155 3
0.35 0.26 0.075 0.18 0.09 0.0245 0.055 2
0.445 0.35 0.115 0.3615 0.1565 0.0695 0.117 5
0.45 0.35 0.13 0.4655 0.2075 0.1045 0.135 5
0.48 0.37 0.125 0.5435 0.244 0.101 0.165 5
0.395 0.295 0.1 0.293 0.14 0.062 0.082 5
0.295 0.21 0.08 0.1 0.038 0.026 0.031 5
0.52 0.43 0.15 0.728 0.302 0.1575 0.235 3
0.425 0.34 0.105 0.389 0.2015 0.0905 0.088 2
0.595 0.435 0.15 0.9 0.4175 0.17 0.265 5
0.73 0.595 0.23 2.8255 1.1465 0.419 0.897 1
0.61 0.49 0.17 1.137 0.4605 0.2825 0.344 3
0.53 0.41 0.15 0.612 0.2435 0.1525 0.1895 3
0.555 0.425 0.13 0.648 0.2835 0.133 0.2105 5
0.515 0.38 0.135 0.6615 0.2875 0.2095 0.155 3
0.525 0.405 0.16 0.792 0.316 0.1455 0.28 4
0.665 0.5 0.175 1.4355 0.643 0.345 0.37 5
0.645 0.5 0.175 1.286 0.5645 0.288 0.386 3
0.56 0.455 0.125 0.943 0.344 0.129 0.375 1
0.425 0.325 0.12 0.3755 0.142 0.1065 0.105 5
0.66 0.535 0.19 1.5905 0.6425 0.297 0.5175 5
0.36 0.275 0.095 0.217 0.084 0.0435 0.09 5
0.51 0.405 0.12 0.61 0.229 0.131 0.235 3
0.61 0.47 0.175 1.214 0.5315 0.2835 0.325 3
0.595 0.465 0.125 0.799 0.3245 0.2 0.23 3
0.59 0.455 0.175 0.966 0.391 0.2455 0.31 3
0.34 0.245 0.085 0.2015 0.1005 0.038 0.053 2
0.27 0.195 0.06 0.073 0.0285 0.0235 0.03 2
0.645 0.515 0.175 1.6115 0.6745 0.384 0.385 4
0.425 0.31 0.095 0.3075 0.139 0.0745 0.093 5
0.62 0.485 0.145 1.003 0.4655 0.2195 0.28 3
0.535 0.42 0.165 0.9195 0.3355 0.1985 0.26 4
0.645 0.485 0.15 1.2215 0.5695 0.2735 0.33 5
0.475 0.375 0.11 0.456 0.182 0.099 0.16 5
0.425 0.33 0.13 0.4405 0.152 0.0935 0.155 5
0.47 0.36 0.11 0.4965 0.237 0.127 0.13 2
0.31 0.23 0.07 0.1245 0.0505 0.0265 0.038 2
0.3 0.23 0.095 0.1385 0.056 0.0365 0.037 2
0.37 0.27 0.09 0.1855 0.07 0.0425 0.065 5
0.395 0.295 0.09 0.3025 0.143 0.0665 0.0765 2
0.46 0.375 0.13 0.5735 0.2505 0.119 0.195 5
0.61 0.485 0.18 1.2795 0.5735 0.2855 0.355 5
0.55 0.415 0.135 0.775 0.302 0.179 0.26 1
0.64 0.5 0.15 1.2015 0.559 0.231 0.3355 5
0.64 0.49 0.135 1.1 0.488 0.2505 0.2925 3
0.47 0.38 0.125 0.4845 0.211 0.1075 0.142 2
0.21 0.15 0.055 0.0455 0.02 0.0065 0.013 2
0.585 0.42 0.155 0.9845 0.442 0.2155 0.2875 4
0.62 0.485 0.165 1.166 0.483 0.238 0.355 4
0.545 0.41 0.125 0.6935 0.2975 0.146 0.21 3
0.645 0.51 0.19 1.4865 0.6445 0.296 0.425 3
0.405 0.305 0.105 0.3625 0.1565 0.0705 0.125 3
0.505 0.39 0.115 0.5585 0.2575 0.119 0.1535 5
0.615 0.475 0.175 1.194 0.559 0.259 0.3165 3
0.45 0.325 0.135 0.438 0.1805 0.1165 0.11 5
0.555 0.405 0.12 0.913 0.4585 0.196 0.2065 5
0.57 0.435 0.14 0.8085 0.3235 0.183 0.22 4
0.285 0.215 0.06 0.0935 0.031 0.023 0.03 2
0.65 0.495 0.16 1.3105 0.577 0.3315 0.355 5
0.64 0.5 0.185 1.3035 0.4445 0.2635 0.465 4
0.495 0.37 0.125 0.4775 0.185 0.0705 0.169 1
0.505 0.355 0.125 0.601 0.25 0.1205 0.185 5
0.6 0.465 0.165 0.8875 0.309 0.246 0.262 3
0.6 0.495 0.175 1.3005 0.6195 0.284 0.3285 3
0.37 0.275 0.085 0.2405 0.104 0.0535 0.07 2
0.485 0.345 0.16 0.869 0.3085 0.185 0.319 5
0.455 0.355 0.12 0.4495 0.177 0.104 0.15 5
0.35 0.27 0.075 0.215 0.1 0.036 0.065 2
0.68 0.5 0.185 1.741 0.7665 0.3255 0.4685 3
0.62 0.49 0.15 1.195 0.4605 0.302 0.355 5
0.39 0.29 0.1 0.2845 0.1255 0.0635 0.081 5
0.51 0.375 0.15 0.8415 0.3845 0.156 0.255 3
0.615 0.475 0.175 1.224 0.6035 0.261 0.311 5
0.545 0.44 0.15 0.9475 0.366 0.239 0.275 5
0.69 0.505 0.2 1.872 0.893 0.4015 0.48 3
0.345 0.27 0.09 0.195 0.078 0.0455 0.059 5
0.525 0.385 0.1 0.5115 0.246 0.1005 0.1455 5
0.515 0.36 0.125 0.4725 0.1815 0.125 0.138 5
0.61 0.495 0.19 1.213 0.464 0.306 0.365 4
0.575 0.45 0.135 0.8245 0.3375 0.2115 0.239 3
0.375 0.28 0.08 0.2025 0.0825 0.048 0.065 5
0.55 0.43 0.155 0.785 0.289 0.227 0.233 3
0.565 0.44 0.155 0.9395 0.4275 0.214 0.27 3
0.5 0.385 0.145 0.7615 0.246 0.195 0.204 4
0.49 0.375 0.135 0.6125 0.2555 0.102 0.22 3
0.485 0.395 0.14 0.6295 0.2285 0.127 0.225 4
0.28 0.205 0.1 0.1165 0.0545 0.0285 0.03 2
0.485 0.375 0.145 0.5885 0.2385 0.1155 0.19 4
0.395 0.295 0.1 0.2715 0.134 0.0325 0.085 3
0.475 0.38 0.14 0.689 0.3165 0.1315 0.1955 5
0.59 0.47 0.15 0.861 0.413 0.164 0.249 5
0.53 0.435 0.135 0.7365 0.3275 0.1315 0.22 3
0.63 0.515 0.16 1.336 0.553 0.3205 0.35 3
0.55 0.425 0.15 0.806 0.376 0.171 0.245 4
0.47 0.345 0.115 0.4885 0.2005 0.108 0.166 3
0.335 0.26 0.085 0.192 0.097 0.03 0.054 2
0.37 0.285 0.095 0.226 0.1135 0.0515 0.0675 5
0.335 0.25 0.095 0.185 0.0795 0.0495 0.055 5
0.36 0.265 0.075 0.1845 0.083 0.0365 0.055 5
0.495 0.385 0.135 0.709 0.211 0.1375 0.262 3
0.51 0.4 0.145 0.5775 0.231 0.143 0.177 5
0.43 0.345 0.115 0.4295 0.212 0.108 0.109 5
0.44 0.365 0.115 0.501 0.2435 0.084 0.1465 5
0.36 0.26 0.08 0.1795 0.074 0.0315 0.06 2
0.77 0.6 0.215 2.1945 1.0515 0.482 0.584 3
0.525 0.4 0.14 0.6055 0.2605 0.108 0.21 5
0.625 0.48 0.2 1.3235 0.6075 0.3055 0.355 5
0.66 0.53 0.17 1.431 0.622 0.309 0.398 3
0.635 0.505 0.185 1.3035 0.501 0.295 0.41 1
0.43 0.34 0.12 0.391 0.1555 0.095 0.1405 5
0.61 0.43 0.14 0.909 0.438 0.2 0.22 5
0.61 0.48 0.165 1.097 0.4215 0.264 0.335 4
0.38 0.305 0.095 0.2815 0.1255 0.0525 0.09 5
0.58 0.44 0.145 0.7905 0.3525 0.1645 0.242 3
0.565 0.49 0.155 0.9245 0.405 0.2195 0.255 3
0.53 0.415 0.14 0.724 0.3105 0.1675 0.205 3
0.42 0.32 0.115 0.409 0.2055 0.0935 0.105 5
0.51 0.4 0.125 0.5575 0.2615 0.1195 0.1525 5
0.415 0.305 0.12 0.336 0.165 0.076 0.0805 5
0.535 0.45 0.135 0.728 0.2845 0.1845 0.265 5
0.375 0.305 0.09 0.3245 0.1395 0.0565 0.095 2
0.425 0.315 0.08 0.303 0.131 0.0585 0.095 5
0.56 0.44 0.13 0.7235 0.349 0.149 0.2 5
0.45 0.35 0.13 0.547 0.245 0.1405 0.1405 5
0.59 0.45 0.185 1.283 0.473 0.276 0.425 4
0.495 0.385 0.135 0.6625 0.3005 0.1635 0.185 3
0.675 0.55 0.19 1.551 0.7105 0.3685 0.412 4
0.58 0.445 0.15 0.858 0.4 0.156 0.253 5
0.595 0.47 0.155 1.1775 0.542 0.269 0.31 5
0.43 0.35 0.105 0.366 0.1705 0.0855 0.11 2
0.48 0.4 0.125 0.759 0.2125 0.179 0.24 4
0.5 0.395 0.145 0.7865 0.332 0.1815 0.2455 5
0.395 0.295 0.095 0.2245 0.078 0.054 0.08 3
0.57 0.445 0.145 0.8775 0.412 0.217 0.22 5
0.645 0.515 0.175 1.546 0.7035 0.365 0.415 3
0.695 0.525 0.205 1.8185 0.819 0.4025 0.4525 4
0.48 0.335 0.125 0.524 0.246 0.1095 0.145 5
0.615 0.5 0.165 1.327 0.6 0.3015 0.355 3
0.64 0.51 0.175 1.368 0.515 0.266 0.57 1
0.61 0.485 0.175 1.2445 0.544 0.297 0.345 3
0.565 0.44 0.175 0.9025 0.31 0.193 0.325 4
0.57 0.455 0.155 0.832 0.3585 0.174 0.277 3
0.405 0.325 0.11 0.3555 0.151 0.063 0.117 5
0.615 0.485 0.215 0.9615 0.422 0.176 0.29 3
0.475 0.375 0.12 0.563 0.2525 0.1205 0.185 3
0.63 0.49 0.18 1.13 0.458 0.2765 0.315 3
0.325 0.2 0.08 0.0995 0.0395 0.0225 0.032 5
0.585 0.475 0.185 0.8575 0.3465 0.1785 0.275 3
0.515 0.42 0.135 0.711 0.337 0.144 0.205 4
0.47 0.355 0.13 0.5465 0.2005 0.126 0.185 4
0.47 0.36 0.13 0.5225 0.198 0.1065 0.165 5
0.285 0.225 0.07 0.1005 0.0425 0.0185 0.035 5
0.345 0.27 0.095 0.197 0.0665 0.05 0.07 5
0.155 0.105 0.05 0.0175 0.005 0.0035 0.005 2
0.335 0.24 0.095 0.17 0.062 0.039 0.055 5
0.625 0.5 0.18 1.3705 0.645 0.303 0.3705 3
0.56 0.42 0.14 0.837 0.414 0.214 0.2 5
0.525 0.405 0.12 0.7555 0.3755 0.1555 0.201 5
0.535 0.41 0.13 0.7145 0.335 0.144 0.2075 5
0.62 0.47 0.135 1.0195 0.5315 0.2005 0.2475 5
0.57 0.43 0.12 1.0615 0.348 0.167 0.31 4
0.47 0.355 0.12 0.393 0.167 0.0885 0.115 5
0.58 0.44 0.125 0.7855 0.363 0.1955 0.195 3
0.7 0.575 0.205 1.7975 0.7295 0.3935 0.5165 4
0.75 0.57 0.21 2.236 1.109 0.5195 0.545 3
0.375 0.28 0.08 0.2235 0.115 0.043 0.055 2
0.27 0.2 0.07 0.1 0.034 0.0245 0.035 2
0.635 0.51 0.185 1.286 0.526 0.295 0.4105 3
0.58 0.46 0.14 0.8295 0.3915 0.165 0.238 3
0.665 0.525 0.16 1.363 0.629 0.279 0.34 5
0.56 0.445 0.15 0.8225 0.3685 0.187 0.236 3
0.645 0.49 0.215 1.406 0.4265 0.2285 0.51 1
0.5 0.375 0.14 0.559 0.2375 0.135 0.169 5
0.53 0.395 0.13 0.575 0.247 0.115 0.183 5
0.205 0.14 0.05 0.046 0.0165 0.012 0.0135 2
0.59 0.465 0.14 1.046 0.4695 0.263 0.263 5
0.575 0.45 0.155 0.9765 0.495 0.2145 0.235 5
0.515 0.39 0.12 0.6125 0.302 0.1365 0.1415 5
0.405 0.305 0.1 0.271 0.0965 0.061 0.091 5
0.485 0.38 0.15 0.605 0.2155 0.14 0.18 4
0.36 0.295 0.1 0.2105 0.066 0.0525 0.075 5
0.29 0.225 0.08 0.1295 0.0535 0.026 0.045 3
0.27 0.2 0.08 0.1205 0.0465 0.028 0.04 2
0.66 0.53 0.18 1.5175 0.7765 0.302 0.401 3
0.555 0.44 0.15 0.755 0.307 0.1525 0.26 3
0.335 0.235 0.085 0.1545 0.066 0.0345 0.045 2
0.41 0.3 0.1 0.282 0.1255 0.057 0.0875 5
0.46 0.35 0.125 0.5165 0.1885 0.1145 0.185 5
0.72 0.565 0.18 1.719 0.8465 0.407 0.3875 3
0.62 0.5 0.15 1.293 0.596 0.3135 0.354 3
0.51 0.4 0.14 0.8145 0.459 0.1965 0.195 3
0.475 0.37 0.11 0.4895 0.2185 0.107 0.146 5
0.63 0.485 0.16 1.243 0.623 0.275 0.3 3
0.615 0.475 0.155 1.004 0.4475 0.193 0.2895 3
0.525 0.425 0.16 0.8355 0.3545 0.2135 0.245 5
0.735 0.585 0.185 2.124 0.952 0.55 0.5 3
0.645 0.525 0.19 1.4635 0.6615 0.3435 0.435 1
0.29 0.21 0.06 0.1195 0.056 0.0235 0.03 2
0.7 0.535 0.16 1.7255 0.63 0.2635 0.54 1
0.575 0.455 0.145 1.165 0.581 0.2275 0.3 4
0.45 0.355 0.115 0.479 0.2125 0.1045 0.15 5
0.23 0.18 0.05 0.064 0.0215 0.0135 0.02 2
0.2 0.145 0.06 0.037 0.0125 0.0095 0.011 2
0.585 0.43 0.16 0.955 0.3625 0.176 0.27 3
0.575 0.445 0.17 0.8015 0.3475 0.1465 0.25 5
0.415 0.325 0.14 0.417 0.1535 0.1015 0.144 3
0.6 0.475 0.16 1.164 0.5045 0.2635 0.335 3
0.69 0.53 0.19 1.5955 0.678 0.331 0.48 3
0.445 0.335 0.11 0.411 0.1985 0.0935 0.109 5
0.625 0.49 0.145 0.92 0.437 0.1735 0.28 3
0.435 0.335 0.1 0.3245 0.135 0.0785 0.098 5
0.625 0.495 0.18 1.0815 0.4715 0.254 0.3135 3
0.775 0.63 0.25 2.7795 1.3485 0.76 0.578 3
0.605 0.5 0.185 1.1185 0.469 0.2585 0.335 5
0.59 0.415 0.15 0.8805 0.3645 0.234 0.235 3
0.42 0.325 0.125 0.3915 0.1575 0.1025 0.115 5
0.53 0.425 0.11 0.739 0.237 0.161 0.295 4
0.53 0.415 0.12 0.706 0.3355 0.1635 0.1345 5
0.41 0.305 0.1 0.363 0.1735 0.065 0.11 3
0.475 0.355 0.125 0.4625 0.186 0.107 0.145 5
0.605 0.48 0.17 1.1835 0.582 0.2365 0.317 3
0.615 0.46 0.17 1.0565 0.4815 0.272 0.27 3
0.525 0.405 0.135 0.7575 0.3305 0.216 0.195 3
0.665 0.535 0.155 1.383 0.596 0.2565 0.485 4
0.56 0.45 0.16 0.922 0.432 0.178 0.26 4
0.515 0.415 0.13 0.764 0.276 0.196 0.25 4
0.525 0.365 0.17 0.9605 0.438 0.2225 0.276 3
0.665 0.505 0.16 1.2915 0.631 0.2925 0.32 3
0.565 0.45 0.14 1.0055 0.3785 0.244 0.265 3
0.54 0.415 0.135 0.709 0.3195 0.174 0.185 5
0.6 0.48 0.155 1.014 0.451 0.1885 0.325 3
0.49 0.4 0.135 0.624 0.3035 0.1285 0.169 5
0.565 0.44 0.175 1.122 0.393 0.2 0.375 1
0.59 0.455 0.145 1.073 0.475 0.19 0.285 4
0.515 0.385 0.125 0.572 0.237 0.1435 0.165 5
0.625 0.48 0.16 1.2415 0.6575 0.2625 0.2785 5
0.58 0.46 0.15 1.049 0.5205 0.1935 0.305 3
0.625 0.48 0.16 1.1415 0.5795 0.2145 0.29 5
0.48 0.39 0.125 0.6905 0.219 0.155 0.2 3
0.615 0.495 0.2 1.304 0.5795 0.3115 0.371 4
0.57 0.45 0.14 0.795 0.3385 0.148 0.245 5
0.535 0.425 0.155 0.7765 0.302 0.1565 0.25 4
0.585 0.445 0.14 0.913 0.4305 0.2205 0.253 3
0.655 0.515 0.16 1.31 0.553 0.369 0.345 3
0.635 0.5 0.18 1.319 0.5485 0.292 0.49 4
0.56 0.43 0.15 0.8825 0.3465 0.172 0.31 5
0.545 0.445 0.175 0.8525 0.3465 0.189 0.295 4
0.55 0.43 0.125 0.923 0.4035 0.175 0.283 5
0.695 0.545 0.185 1.5715 0.6645 0.3835 0.4505 4
0.325 0.26 0.09 0.1915 0.085 0.036 0.062 5
0.245 0.205 0.06 0.0765 0.034 0.014 0.0215 2
0.63 0.47 0.15 1.1355 0.539 0.2325 0.3115 3
0.355 0.28 0.095 0.2455 0.0955 0.062 0.075 3
0.38 0.285 0.085 0.237 0.115 0.0405 0.07 2
0.51 0.395 0.13 0.6025 0.281 0.143 0.162 5
0.605 0.495 0.17 1.2385 0.528 0.2465 0.39 4
0.59 0.46 0.155 0.906 0.327 0.1485 0.335 4
0.375 0.285 0.1 0.239 0.105 0.0555 0.07 5
0.45 0.35 0.13 0.46 0.174 0.111 0.135 5
0.6 0.465 0.165 1.0475 0.465 0.2345 0.315 3
0.47 0.375 0.125 0.5615 0.252 0.137 0.18 3
0.685 0.51 0.18 1.4545 0.6315 0.3105 0.3725 5
0.415 0.325 0.1 0.4665 0.2285 0.1065 0.114 5
0.44 0.32 0.095 0.3275 0.1495 0.059 0.1 5
0.575 0.465 0.12 1.0535 0.516 0.2185 0.235 5
0.62 0.465 0.14 1.011 0.479 0.2385 0.255 5
0.55 0.42 0.13 0.636 0.294 0.144 0.1755 5
0.46 0.375 0.14 0.5105 0.192 0.1045 0.205 5
0.42 0.305 0.09 0.328 0.168 0.0615 0.082 2
0.24 0.17 0.05 0.0545 0.0205 0.016 0.0155 2
0.65 0.51 0.175 1.3165 0.6345 0.2605 0.364 3
