0.485 0.365 0.105 0.5205 0.195 0.123 0.182 5
0.675 0.57 0.225 1.587 0.739 0.2995 0.435 3
0.42 0.31 0.095 0.279 0.1255 0.051 0.088 2
0.575 0.42 0.135 0.857 0.461 0.147 0.2125 3
0.55 0.435 0.165 0.804 0.34 0.194 0.244 5
0.67 0.525 0.195 1.42 0.573 0.368 0.3905 3
0.735 0.59 0.205 2.087 0.909 0.474 0.625 3
0.595 0.48 0.16 1.2095 0.5225 0.296 0.32 5
0.375 0.29 0.1 0.219 0.0925 0.038 0.075 2
0.65 0.5 0.165 1.1445 0.485 0.218 0.365 3
0.23 0.18 0.05 0.064 0.0215 0.0135 0.02 2
0.57 0.45 0.135 0.794 0.3815 0.1415 0.245 5
0.625 0.475 0.175 1.3405 0.656 0.283 0.337 3
0.635 0.485 0.165 1.2695 0.5635 0.3065 0.3395 3
0.575 0.455 0.165 0.867 0.3765 0.1805 0.268 5
0.47 0.38 0.145 0.5865 0.2385 0.144 0.185 5
0.375 0.275 0.09 0.218 0.093 0.0405 0.0755 2
0.315 0.24 0.07 0.137 0.0545 0.0315 0.04 5
0.525 0.405 0.145 0.6965 0.3045 0.1535 0.21 5
0.465 0.375 0.12 0.471 0.222 0.119 0.14 5
0.65 0.475 0.165 1.3875 0.58 0.3485 0.3095 5
0.53 0.455 0.165 0.9805 0.3155 0.2815 0.2965 3
0.66 0.5 0.165 1.1905 0.4585 0.298 0.37 3
0.485 0.37 0.115 0.637 0.38 0.1335 0.128 5
0.465 0.355 0.125 0.5255 0.2025 0.135 0.145 4
0.58 0.42 0.14 0.701 0.3285 0.102 0.2255 5
0.54 0.415 0.11 0.619 0.2755 0.15 0.1765 3
0.315 0.23 0 0.134 0.0575 0.0285 0.3505 2
0.62 0.51 0.175 1.615 0.5105 0.192 0.675 3
0.435 0.33 0.105 0.335 0.156 0.0555 0.105 5
0.37 0.28 0.1 0.221 0.1165 0.0265 0.0635 2
0.585 0.465 0.17 0.9915 0.3865 0.224 0.265 3
0.515 0.4 0.135 0.636 0.3055 0.1215 0.1855 5
0.69 0.54 0.155 1.454 0.624 0.3105 0.39 5
0.3 0.23 0.075 0.15 0.0605 0.042 0.045 2
0.515 0.4 0.125 0.5625 0.25 0.1245 0.17 5
0.71 0.5 0.15 1.3165 0.6835 0.2815 0.28 3
0.545 0.415 0.2 1.358 0.567 0.318 0.403 3
0.275 0.2 0.075 0.086 0.0305 0.019 0.03 5
0.53 0.405 0.125 0.6515 0.2715 0.1605 0.186 5
0.395 0.3 0.09 0.253 0.1155 0.05 0.075 2
0.695 0.535 0.175 1.8385 0.8035 0.396 0.503 3
0.595 0.475 0.17 1.247 0.48 0.225 0.425 1
0.355 0.26 0.09 0.1925 0.077 0.038 0.065 5
0.48 0.37 0.13 0.643 0.349 0.1155 0.135 5
0.36 0.265 0.09 0.2055 0.096 0.037 0.0585 5
0.545 0.44 0.12 0.8565 0.3475 0.1715 0.24 3
0.36 0.265 0.085 0.1865 0.0675 0.037 0.0615 5
0.56 0.465 0.16 1.0315 0.432 0.2025 0.337 5
0.385 0.28 0.095 0.257 0.119 0.059 0.07 5
0.64 0.48 0.195 1.1435 0.4915 0.2345 0.353 5
0.625 0.48 0.16 1.2415 0.6575 0.2625 0.2785 5
0.525 0.4 0.14 0.654 0.305 0.16 0.169 5
0.5 0.4 0.13 0.6645 0.258 0.133 0.24 3
0.7 0.55 0.195 1.6245 0.675 0.347 0.535 4
0.465 0.355 0.105 0.4795 0.227 0.124 0.125 5
0.715 0.565 0.175 1.9525 0.7645 0.4185 0.4135 3
0.6 0.46 0.155 0.6655 0.285 0.149 0.269 3
0.53 0.405 0.13 0.6615 0.2945 0.1395 0.19 5
0.46 0.375 0.13 0.5735 0.2505 0.119 0.195 5
0.415 0.31 0.105 0.3595 0.167 0.083 0.0915 2
0.29 0.215 0.06 0.1115 0.053 0.0185 0.032 2
0.32 0.24 0.085 0.17 0.0655 0.047 0.049 5
0.405 0.305 0.12 0.3185 0.1235 0.0905 0.095 5
0.33 0.23 0.085 0.1695 0.079 0.026 0.0505 2
0.59 0.48 0.16 1.262 0.5685 0.2725 0.335 5
0.425 0.325 0.11 0.317 0.135 0.048 0.09 5
0.455 0.37 0.105 0.4925 0.216 0.1245 0.135 5
0.475 0.355 0.135 0.4775 0.2145 0.09 0.1435 5
0.575 0.45 0.13 0.785 0.318 0.193 0.2265 5
0.365 0.28 0.09 0.196 0.0865 0.036 0.0605 5
0.415 0.315 0.1 0.3645 0.1765 0.0795 0.095 5
0.57 0.415 0.13 0.88 0.4275 0.1955 0.238 4
0.435 0.315 0.11 0.3685 0.1615 0.0715 0.12 5
0.55 0.435 0.11 0.806 0.3415 0.203 0.215 5
0.46 0.345 0.115 0.4215 0.1895 0.102 0.111 2
0.505 0.4 0.125 0.77 0.2735 0.159 0.255 4
0.655 0.51 0.15 1.043 0.4795 0.223 0.305 5
0.605 0.465 0.165 1.056 0.4215 0.2475 0.34 4
0.215 0.15 0.03 0.0385 0.0115 0.005 0.01 2
0.37 0.28 0.095 0.2225 0.0805 0.051 0.075 5
0.525 0.43 0.125 0.813 0.3315 0.166 0.1775 3
0.345 0.255 0.09 0.2005 0.094 0.0295 0.063 5
0.39 0.3 0.1 0.265 0.1075 0.06 0.0865 4
0.515 0.435 0.145 0.8815 0.292 0.206 0.255 3
0.52 0.425 0.155 0.7735 0.297 0.123 0.255 1
0.48 0.38 0.125 0.6245 0.3395 0.1085 0.1665 5
0.385 0.265 0.08 0.251 0.124 0.037 0.07 2
0.535 0.43 0.14 0.7165 0.2855 0.1595 0.2155 5
0.505 0.4 0.125 0.583 0.246 0.13 0.175 5
0.595 0.48 0.14 0.9125 0.4095 0.1825 0.289 5
0.575 0.48 0.165 1.078 0.511 0.2095 0.306 5
0.585 0.47 0.17 1.099 0.3975 0.2325 0.358 1
0.385 0.3 0.095 0.24 0.0885 0.059 0.085 5
0.335 0.26 0.09 0.1965 0.0875 0.041 0.056 5
0.59 0.46 0.145 0.9905 0.453 0.2205 0.275 5
0.71 0.545 0.175 1.907 0.8725 0.4565 0.475 3
0.395 0.3 0.12 0.2995 0.1265 0.068 0.0895 5
0.465 0.34 0.11 0.346 0.1425 0.073 0.113 3
0.445 0.35 0.13 0.4195 0.1695 0.0945 0.1195 5
0.52 0.42 0.16 0.745 0.255 0.157 0.2885 3
0.73 0.575 0.185 1.8795 0.931 0.38 0.4825 3
0.505 0.39 0.105 0.6555 0.2595 0.18 0.19 3
0.645 0.515 0.15 1.212 0.515 0.2055 0.385 3
0.605 0.47 0.16 1.1735 0.4975 0.2405 0.345 3
0.575 0.45 0.12 0.9585 0.447 0.169 0.275 3
0.425 0.34 0.12 0.388 0.149 0.087 0.125 3
0.465 0.38 0.135 0.579 0.208 0.1095 0.22 4
0.485 0.375 0.13 0.6025 0.2935 0.1285 0.16 5
0.525 0.405 0.125 0.657 0.2985 0.1505 0.168 3
0.635 0.485 0.165 1.2945 0.668 0.2605 0.2715 5
0.52 0.405 0.14 0.6765 0.2865 0.146 0.205 4
0.625 0.515 0.165 1.217 0.667 0.2065 0.3115 3
0.595 0.475 0.16 1.1405 0.547 0.231 0.271 2
0.505 0.38 0.13 0.656 0.227 0.1785 0.22 4
0.575 0.475 0.16 0.895 0.3605 0.221 0.271 5
0.645 0.51 0.155 1.129 0.5015 0.24 0.342 3
0.69 0.525 0.175 1.7005 0.8255 0.362 0.405 5
0.475 0.35 0.12 0.4905 0.2035 0.13 0.135 5
0.58 0.46 0.185 1.017 0.3515 0.2 0.32 3
0.575 0.425 0.14 0.8635 0.393 0.227 0.2 3
0.57 0.455 0.15 0.952 0.3895 0.2155 0.2745 5
0.565 0.455 0.185 0.9265 0.354 0.1575 0.375 4
0.565 0.44 0.16 0.915 0.354 0.1935 0.32 3
0.455 0.355 0.13 0.515 0.2 0.1275 0.175 3
0.64 0.505 0.19 1.2355 0.4435 0.3105 0.365 4
0.655 0.54 0.165 1.403 0.6955 0.2385 0.42 3
0.375 0.28 0.09 0.215 0.084 0.06 0.055 2
0.58 0.425 0.155 0.873 0.3615 0.249 0.239 3
0.3 0.23 0.085 0.117 0.05 0.0175 0.0415 2
0.63 0.53 0.175 1.4135 0.667 0.2945 0.3555 4
0.51 0.405 0.13 0.599 0.3065 0.1155 0.1485 5
0.565 0.45 0.16 0.795 0.3605 0.1555 0.23 3
0.385 0.29 0.09 0.2615 0.111 0.0595 0.0745 5
0.485 0.355 0.105 0.498 0.2175 0.096 0.1525 5
0.52 0.41 0.145 0.646 0.2965 0.1595 0.165 5
0.31 0.24 0.105 0.2885 0.118 0.065 0.083 2
0.36 0.26 0.08 0.1795 0.074 0.0315 0.06 2
0.275 0.205 0.075 0.1105 0.045 0.0285 0.035 2
0.35 0.265 0.11 0.209 0.066 0.059 0.075 5
0.605 0.49 0.15 1.1345 0.5265 0.2645 0.295 5
0.51 0.37 0.21 1.183 0.508 0.292 0.343 5
0.53 0.42 0.135 0.675 0.294 0.156 0.1825 3
0.58 0.465 0.165 1.1015 0.404 0.2095 0.35 3
0.63 0.5 0.175 1.2645 0.5635 0.3065 0.3425 3
0.45 0.36 0.125 0.4995 0.2035 0.1 0.17 4
0.52 0.41 0.14 0.5995 0.242 0.1375 0.182 3
0.455 0.35 0.14 0.5185 0.221 0.1265 0.135 3
0.33 0.25 0.105 0.1715 0.0655 0.035 0.06 5
0.38 0.235 0.1 0.258 0.1055 0.054 0.08 5
0.6 0.475 0.19 1.0875 0.403 0.2655 0.325 4
0.355 0.28 0.095 0.2455 0.0955 0.062 0.075 3
0.385 0.3 0.125 0.343 0.1705 0.0735 0.081 5
0.615 0.5 0.165 1.1765 0.488 0.244 0.345 1
0.56 0.465 0.145 0.8875 0.3345 0.22 0.2695 5
0.62 0.465 0.14 1.1605 0.6005 0.2195 0.307 5
0.575 0.46 0.15 0.927 0.333 0.207 0.2985 5
0.62 0.51 0.15 1.456 0.581 0.2875 0.32 4
0.525 0.415 0.12 0.596 0.2805 0.12 0.1695 5
0.515 0.38 0.175 0.9565 0.325 0.158 0.31 4
0.525 0.395 0.165 0.782 0.285 0.1405 0.285 1
0.66 0.52 0.18 1.514 0.526 0.2975 0.42 1
0.675 0.55 0.18 1.6885 0.562 0.3705 0.6 4
0.4 0.315 0.09 0.3245 0.151 0.073 0.088 5
0.545 0.43 0.15 0.7285 0.302 0.1315 0.2545 3
0.48 0.36 0.1 0.439 0.194 0.099 0.115 5
0.415 0.31 0.1 0.2805 0.114 0.0565 0.0975 2
0.615 0.47 0.175 1.2985 0.5135 0.343 0.32 4
0.43 0.33 0.095 0.34 0.1315 0.085 0.112 4
0.54 0.41 0.13 0.56 0.2375 0.1065 0.175 5
0.56 0.44 0.155 0.6405 0.336 0.1765 0.245 5
0.47 0.36 0.11 0.4965 0.237 0.127 0.13 2
0.515 0.455 0.135 0.7225 0.295 0.1625 0.235 5
0.54 0.415 0.15 0.8115 0.3875 0.1875 0.2035 5
0.275 0.205 0.07 0.1055 0.495 0.019 0.0315 2
0.635 0.505 0.185 1.3035 0.501 0.295 0.41 1
0.59 0.46 0.145 0.9015 0.419 0.1785 0.26 3
0.59 0.45 0.145 1.022 0.428 0.268 0.265 3
0.45 0.33 0.105 0.3715 0.1865 0.0785 0.0975 5
0.47 0.355 0.12 0.4915 0.1765 0.1125 0.1325 5
0.55 0.42 0.155 0.912 0.495 0.1805 0.205 5
0.53 0.415 0.12 0.706 0.3355 0.1635 0.1345 5
0.57 0.45 0.155 1.195 0.5625 0.2565 0.295 3
0.645 0.52 0.175 1.3345 0.667 0.2665 0.355 3
0.45 0.365 0.125 0.462 0.2135 0.0985 0.1315 5
0.715 0.565 0.18 1.79 0.844 0.3535 0.5385 5
0.57 0.435 0.145 0.9055 0.3925 0.2355 0.275 3
0.515 0.39 0.155 0.7125 0.3695 0.137 0.155 5
0.55 0.47 0.15 0.897 0.377 0.184 0.29 5
0.5 0.38 0.135 0.594 0.2945 0.104 0.1565 5
0.415 0.315 0.115 0.3895 0.2015 0.065 0.103 5
0.25 0.185 0.065 0.071 0.027 0.0185 0.0225 2
0.605 0.46 0.17 1.122 0.347 0.3045 0.315 4
0.505 0.385 0.135 0.6185 0.251 0.1175 0.2 3
0.425 0.345 0.11 0.3665 0.125 0.081 0.117 3
0.7 0.55 0.17 1.684 0.7535 0.3265 0.32 3
0.255 0.19 0.06 0.086 0.04 0.0185 0.025 2
0.585 0.455 0.15 0.987 0.4355 0.2075 0.31 3
0.385 0.3 0.1 0.2895 0.1215 0.063 0.09 5
0.45 0.35 0.11 0.514 0.253 0.1045 0.14 5
0.49 0.37 0.14 0.585 0.243 0.115 0.195 3
0.465 0.36 0.13 0.5265 0.2105 0.1185 0.165 3
0.68 0.54 0.155 1.534 0.671 0.379 0.384 3
0.57 0.425 0.14 0.7655 0.331 0.14 0.24 3
0.54 0.455 0.14 0.972 0.419 0.255 0.269 3
0.605 0.435 0.13 0.9025 0.432 0.174 0.26 3
0.62 0.49 0.155 1.1 0.505 0.2475 0.31 5
0.665 0.54 0.175 1.347 0.4955 0.254 0.415 1
0.43 0.325 0.1 0.3645 0.1575 0.0825 0.105 5
0.435 0.335 0.11 0.38 0.1695 0.086 0.11 5
0.47 0.355 0.12 0.393 0.167 0.0885 0.115 5
0.56 0.45 0.145 0.894 0.3885 0.2095 0.264 5
0.35 0.275 0.065 0.205 0.0745 0.0465 0.07 3
0.385 0.28 0.125 0.244 0.102 0.038 0.085 2
0.575 0.47 0.155 1.116 0.509 0.238 0.34 3
0.7 0.575 0.205 1.773 0.605 0.447 0.538 4
0.365 0.275 0.135 0.24 0.108 0.0445 0.0735 5
0.615 0.465 0.15 0.923 0.4615 0.1825 0.2415 5
0.645 0.505 0.185 1.463 0.592 0.3905 0.416 3
0.49 0.385 0.15 0.7865 0.241 0.14 0.24 1
0.55 0.43 0.145 0.712 0.3025 0.152 0.225 3
0.6 0.45 0.14 0.869 0.3425 0.195 0.291 3
0.43 0.325 0.11 0.3675 0.1355 0.0935 0.12 4
0.475 0.375 0.125 0.5785 0.2775 0.085 0.155 3
0.5 0.385 0.11 0.596 0.3015 0.104 0.151 5
0.46 0.375 0.14 0.5105 0.192 0.1045 0.205 5
0.235 0.175 0.08 0.0645 0.0215 0.0175 0.0215 2
0.66 0.515 0.155 1.4415 0.7055 0.3555 0.335 3
0.64 0.5 0.165 1.1635 0.554 0.239 0.32 3
0.375 0.295 0.11 0.3005 0.1255 0.0575 0.1035 5
0.595 0.46 0.14 1.0045 0.4655 0.2095 0.2515 5
0.61 0.475 0.17 1.0385 0.4435 0.241 0.32 4
0.58 0.45 0.14 0.9615 0.486 0.1815 0.253 5
0.51 0.405 0.12 0.61 0.229 0.131 0.235 3
0.66 0.525 0.18 1.5965 0.7765 0.397 0.3605 3
0.545 0.415 0.14 0.82 0.4615 0.127 0.218 5
0.595 0.46 0.155 1.03 0.4275 0.207 0.3305 3
0.66 0.53 0.18 1.5175 0.7765 0.302 0.401 3
0.6 0.45 0.14 0.837 0.37 0.177 0.2425 3
0.58 0.475 0.15 0.97 0.385 0.2165 0.35 3
0.63 0.48 0.165 1.286 0.604 0.271 0.35 5
0.575 0.45 0.17 0.9315 0.358 0.2145 0.26 4
0.46 0.36 0.14 0.447 0.161 0.087 0.16 5
0.53 0.42 0.165 0.8945 0.319 0.239 0.245 3
0.595 0.46 0.14 0.852 0.4215 0.2255 0.227 5
0.425 0.31 0.105 0.365 0.159 0.0825 0.105 2
0.56 0.42 0.14 0.837 0.414 0.214 0.2 5
0.54 0.41 0.145 0.989 0.2815 0.213 0.355 1
0.54 0.415 0.13 0.8245 0.272 0.226 0.24 4
0.575 0.45 0.135 0.9215 0.354 0.209 0.2365 5
0.67 0.525 0.2 1.7405 0.6205 0.297 0.657 3
0.355 0.26 0.085 0.1905 0.081 0.0485 0.055 2
0.31 0.215 0.075 0.1275 0.0565 0.0275 0.036 5
0.585 0.46 0.165 1.1135 0.5825 0.2345 0.274 3
0.55 0.435 0.14 0.7625 0.327 0.1685 0.259 3
0.465 0.36 0.105 0.452 0.22 0.159 0.1035 5
0.625 0.475 0.13 0.8595 0.3195 0.1775 0.24 4
0.62 0.49 0.15 1.195 0.4605 0.302 0.355 5
0.33 0.23 0.08 0.14 0.0565 0.0365 0.046 5
0.565 0.43 0.15 0.831 0.4245 0.1735 0.219 3
0.255 0.195 0.07 0.0735 0.0255 0.02 0.025 2
0.46 0.355 0.11 0.415 0.215 0.082 0.13 3
0.48 0.37 0.12 0.514 0.2075 0.131 0.155 4
0.505 0.39 0.175 0.692 0.267 0.15 0.215 3
0.475 0.35 0.115 0.452 0.1715 0.092 0.155 3
0.675 0.51 0.15 1.1965 0.475 0.304 0.386 3
0.23 0.17 0.05 0.057 0.026 0.013 0.016 2
0.375 0.285 0.09 0.237 0.106 0.0395 0.08 5
0.68 0.52 0.185 1.541 0.5985 0.395 0.4575 3
0.58 0.46 0.13 0.921 0.357 0.181 0.29 4
0.605 0.485 0.165 1.0105 0.435 0.209 0.3 1
0.49 0.37 0.11 0.538 0.271 0.1035 0.139 5
0.575 0.455 0.16 0.9895 0.495 0.195 0.246 5
0.43 0.34 0.11 0.3645 0.159 0.0855 0.105 5
0.525 0.4 0.13 0.6445 0.345 0.1285 0.2 5
0.6 0.5 0.16 1.015 0.3995 0.1735 0.33 1
0.5 0.395 0.12 0.537 0.2165 0.1085 0.1785 5
0.3 0.225 0.075 0.1345 0.057 0.028 0.044 2
0.59 0.475 0.16 1.1015 0.4775 0.2555 0.295 4
0.57 0.45 0.155 0.91 0.326 0.1895 0.355 4
0.375 0.28 0.095 0.2225 0.0875 0.043 0.08 3
0.555 0.45 0.145 0.915 0.4 0.246 0.285 3
0.6 0.465 0.165 1.038 0.4975 0.2205 0.251 5
0.53 0.425 0.13 0.7675 0.419 0.1205 0.21 5
0.39 0.3 0.1 0.2665 0.1105 0.059 0.084 5
0.62 0.47 0.2 1.2255 0.381 0.27 0.435 1
0.47 0.4 0.16 0.51 0.1615 0.073 0.198 4
0.615 0.515 0.17 1.14 0.4305 0.2245 0.42 4
0.58 0.45 0.16 0.8675 0.3935 0.221 0.215 5
0.425 0.31 0.09 0.301 0.1385 0.065 0.08 5
0.475 0.38 0.14 0.689 0.3165 0.1315 0.1955 5
0.625 0.49 0.165 1.1165 0.4895 0.2615 0.3325 3
0.66 0.53 0.175 1.583 0.7395 0.3505 0.405 3
0.645 0.485 0.15 1.151 0.5935 0.2315 0.293 3
0.16 0.12 0.035 0.021 0.0075 0.0045 0.005 2
0.31 0.235 0.075 0.1515 0.056 0.0315 0.05 5
0.57 0.45 0.17 1.098 0.414 0.187 0.405 1
0.56 0.43 0.145 0.8995 0.464 0.1775 0.234 5
0.465 0.36 0.11 0.4955 0.2665 0.085 0.121 5
0.4 0.3 0.115 0.3025 0.1335 0.0465 0.0935 5
0.715 0.545 0.18 1.7405 0.871 0.347 0.449 3
0.42 0.31 0.1 0.2865 0.115 0.0735 0.085 5
0.415 0.315 0.09 0.3625 0.175 0.0835 0.093 2
0.59 0.5 0.165 1.1045 0.4565 0.2425 0.34 4
0.615 0.475 0.17 1.055 0.543 0.246 0.2345 5
0.525 0.41 0.13 0.99 0.3865 0.243 0.295 4
0.525 0.41 0.115 0.7745 0.416 0.163 0.18 5
0.63 0.505 0.155 1.105 0.492 0.226 0.325 3
0.665 0.505 0.16 1.2915 0.631 0.2925 0.32 3
0.625 0.48 0.155 1.2035 0.5865 0.239 0.3185 3
0.6 0.505 0.19 1.129 0.4385 0.256 0.36 4
0.65 0.525 0.185 1.488 0.665 0.337 0.378 3
0.725 0.57 0.205 1.6195 0.744 0.315 0.488 3
0.44 0.305 0.115 0.379 0.162 0.091 0.11 5
0.505 0.39 0.125 0.5445 0.246 0.15 0.1405 5
0.67 0.55 0.17 1.247 0.472 0.2455 0.4 1
0.6 0.46 0.18 1.14 0.423 0.2575 0.365 3
0.42 0.325 0.115 0.354 0.1625 0.064 0.105 5
0.57 0.44 0.125 0.865 0.3675 0.1725 0.27 3
0.58 0.43 0.125 0.9115 0.446 0.2075 0.121 3
0.64 0.5 0.175 1.394 0.4935 0.291 0.4 3
0.5 0.37 0.15 1.0615 0.494 0.223 0.296 5
0.31 0.225 0.08 0.1345 0.054 0.024 0.05 5
0.365 0.275 0.09 0.2345 0.108 0.051 0.0625 5
0.33 0.245 0.065 0.1445 0.058 0.032 0.0505 2
0.425 0.325 0.1 0.398 0.1185 0.0645 0.0945 2
0.425 0.315 0.125 0.3525 0.1135 0.0565 0.13 1
0.505 0.39 0.12 0.653 0.3315 0.1385 0.167 5
0.64 0.505 0.19 1.2765 0.4835 0.328 0.4 3
0.55 0.45 0.13 0.92 0.378 0.2385 0.29 3
0.38 0.28 0.095 0.2885 0.165 0.0435 0.067 5
0.475 0.355 0.105 0.468 0.201 0.1115 0.12 5
0.68 0.52 0.195 1.4535 0.592 0.391 0.4125 3
0.55 0.425 0.15 0.639 0.269 0.1345 0.217 5
0.47 0.36 0.12 0.4775 0.2105 0.1055 0.15 3
0.61 0.46 0.17 1.278 0.41 0.257 0.37 1
0.74 0.58 0.205 2.381 0.8155 0.4695 0.488 3
0.49 0.395 0.135 0.5545 0.213 0.0925 0.215 4
0.475 0.365 0.125 0.5465 0.229 0.1185 0.172 5
0.665 0.525 0.18 1.429 0.6715 0.29 0.4 3
0.56 0.455 0.155 0.797 0.34 0.19 0.2425 3
0.63 0.485 0.17 1.3205 0.5945 0.345 0.345 5
0.275 0.195 0.09 0.1125 0.0545 0.0295 0.0355 2
0.65 0.525 0.205 1.4275 0.69 0.306 0.4355 4
0.435 0.32 0.12 0.3785 0.152 0.0915 0.125 3
0.47 0.365 0.12 0.612 0.327 0.15 0.14 5
0.5 0.385 0.115 0.6785 0.2945 0.138 0.195 3
0.535 0.455 0.14 1.0015 0.53 0.1765 0.244 5
0.5 0.36 0.12 0.439 0.1875 0.1055 0.1305 5
0.605 0.48 0.155 0.9995 0.425 0.1985 0.3 3
0.535 0.445 0.125 0.8725 0.417 0.199 0.24 5
0.43 0.32 0.1 0.3465 0.1635 0.08 0.09 5
0.58 0.45 0.14 1.013 0.38 0.216 0.36 4
0.55 0.42 0.115 0.668 0.2925 0.137 0.209 3
0.575 0.45 0.135 0.8715 0.45 0.162 0.225 3
0.55 0.38 0.165 1.205 0.543 0.294 0.3345 3
0.54 0.41 0.135 0.7025 0.31 0.177 0.2 5
0.62 0.485 0.17 1.208 0.4805 0.3045 0.33 4
0.24 0.175 0.055 0.0705 0.025 0.014 0.021 2
0.34 0.25 0.07 0.2225 0.104 0.0425 0.055 5
0.235 0.17 0.055 0.0515 0.018 0.0105 0.0195 5
0.465 0.355 0.09 0.4325 0.2005 0.074 0.1275 5
0.475 0.385 0.145 0.6175 0.235 0.108 0.215 4
0.405 0.315 0.105 0.347 0.1605 0.0785 0.1 5
0.66 0.505 0.165 1.374 0.589 0.351 0.345 3
0.635 0.5 0.165 1.4595 0.705 0.2645 0.39 5
0.455 0.335 0.105 0.422 0.229 0.0865 0.1 2
0.495 0.385 0.135 0.6335 0.2 0.1225 0.26 4
0.335 0.26 0.075 0.22 0.0855 0.04 0.085 2
0.51 0.375 0.15 0.8415 0.3845 0.156 0.255 3
0.505 0.425 0.125 0.6115 0.245 0.1375 0.2 5
0.435 0.35 0.12 0.4585 0.192 0.1 0.13 3
0.355 0.27 0.105 0.271 0.1425 0.0525 0.0735 5
0.625 0.495 0.175 1.2075 0.531 0.281 0.3525 3
0.655 0.545 0.165 1.6225 0.6555 0.299 0.513 3
0.56 0.445 0.155 1.224 0.5565 0.3225 0.2695 3
0.535 0.42 0.16 0.72 0.275 0.164 0.225 4
0.45 0.36 0.105 0.4715 0.2035 0.0935 0.149 5
0.755 0.625 0.21 2.505 1.1965 0.513 0.6785 3
0.535 0.42 0.145 0.791 0.33 0.189 0.25 3
0.505 0.4 0.125 0.5605 0.2255 0.1435 0.17 5
0.625 0.49 0.155 1.2085 0.465 0.162 0.411 3
0.365 0.26 0.115 0.218 0.0935 0.0445 0.07 5
0.365 0.295 0.095 0.25 0.1075 0.0545 0.08 5
0.585 0.445 0.14 0.913 0.4305 0.2205 0.253 3
0.585 0.455 0.125 1.027 0.391 0.212 0.25 1
0.44 0.35 0.11 0.3805 0.1575 0.0895 0.115 2
0.61 0.47 0.15 1.1625 0.565 0.258 0.3085 3
0.29 0.21 0.06 0.1195 0.056 0.0235 0.03 2
0.44 0.355 0.12 0.495 0.231 0.11 0.125 5
0.41 0.325 0.105 0.361 0.1605 0.0665 0.103 5
0.4 0.32 0.11 0.353 0.1405 0.0985 0.1 5
0.6 0.475 0.205 1.176 0.5255 0.2875 0.308 5
0.33 0.255 0.085 0.1655 0.063 0.039 0.06 5
0.59 0.46 0.13 1.102 0.455 0.2055 0.33 3
0.695 0.55 0.16 1.6365 0.694 0.3005 0.44 4
0.285 0.21 0.075 0.1185 0.055 0.0285 0.04 5
0.635 0.5 0.165 1.273 0.6535 0.213 0.365 3
0.245 0.19 0.06 0.086 0.042 0.014 0.025 2
0.4 0.3 0.11 0.315 0.109 0.067 0.12 5
0.37 0.28 0.09 0.218 0.0995 0.0545 0.0615 5
0.465 0.39 0.14 0.5555 0.213 0.1075 0.215 4
0.525 0.405 0.115 0.72 0.3105 0.1915 0.2 4
0.41 0.3 0.09 0.304 0.129 0.071 0.0955 5
0.435 0.33 0.125 0.406 0.1685 0.1055 0.096 3
0.61 0.475 0.15 1.1135 0.5195 0.2575 0.3005 3
0.535 0.405 0.185 0.8345 0.3175 0.1725 0.29 4
0.565 0.44 0.155 0.868 0.348 0.217 0.26 3
0.65 0.515 0.18 1.3315 0.5665 0.347 0.405 4
0.68 0.57 0.205 1.842 0.625 0.408 0.65 1
0.55 0.45 0.15 0.875 0.362 0.1755 0.2765 3
0.705 0.56 0.17 1.4575 0.607 0.318 0.44 3
0.52 0.395 0.125 0.5805 0.2445 0.146 0.165 5
0.295 0.215 0.075 0.116 0.037 0.0295 0.04 5
0.53 0.42 0.14 0.6765 0.256 0.1855 0.208 5
0.6 0.475 0.16 1.164 0.5045 0.2635 0.335 3
0.605 0.475 0.155 1.161 0.572 0.2455 0.275 5
0.545 0.415 0.15 0.7335 0.2795 0.163 0.2185 3
0.54 0.415 0.175 0.8975 0.275 0.241 0.275 4
0.62 0.475 0.16 1.1295 0.463 0.2685 0.33 3
0.61 0.47 0.145 1.153 0.403 0.296 0.32 4
0.665 0.525 0.165 1.338 0.5515 0.3575 0.35 1
0.52 0.4 0.11 0.597 0.2935 0.1155 0.16 5
0.26 0.2 0.065 0.096 0.044 0.027 0.03 2
0.415 0.325 0.14 0.417 0.1535 0.1015 0.144 3
0.485 0.39 0.12 0.599 0.251 0.1345 0.169 5
0.645 0.515 0.24 1.5415 0.471 0.369 0.535 4
0.6 0.47 0.15 0.922 0.363 0.194 0.305 3
0.335 0.265 0.095 0.1975 0.0795 0.0375 0.07 5
0.585 0.49 0.185 1.171 0.522 0.2535 0.335 3
0.6 0.5 0.17 1.13 0.4405 0.267 0.335 3
0.615 0.455 0.15 0.9335 0.382 0.247 0.2615 3
0.44 0.325 0.08 0.413 0.144 0.1015 0.13 5
0.655 0.505 0.19 1.3485 0.5935 0.2745 0.425 3
0.47 0.36 0.135 0.501 0.1665 0.115 0.165 3
0.47 0.375 0.105 0.468 0.1665 0.108 0.17 3
0.49 0.37 0.115 0.541 0.171 0.1175 0.185 3
0.31 0.235 0.07 0.151 0.063 0.0405 0.045 2
0.67 0.525 0.18 1.6615 0.8005 0.3645 0.43 3
0.735 0.57 0.21 2.2355 1.1705 0.463 0.5315 3
0.655 0.515 0.2 1.494 0.7255 0.309 0.405 3
0.55 0.46 0.13 0.7085 0.305 0.1455 0.205 3
0.475 0.35 0.11 0.4565 0.206 0.099 0.13 2
0.735 0.57 0.175 1.88 0.9095 0.387 0.488 3
0.55 0.445 0.155 0.9905 0.544 0.178 0.218 5
0.73 0.55 0.205 1.908 0.5415 0.3565 0.5965 4
0.575 0.43 0.13 0.7425 0.2895 0.2005 0.22 5
0.385 0.3 0.1 0.2725 0.1115 0.057 0.08 2
0.615 0.48 0.19 1.36 0.5305 0.2375 0.47 1
0.56 0.415 0.145 0.852 0.43 0.1885 0.205 5
0.44 0.34 0.1 0.379 0.1725 0.0815 0.101 5
0.52 0.41 0.115 0.77 0.263 0.157 0.26 3
0.49 0.39 0.15 0.573 0.225 0.124 0.17 1
0.6 0.49 0.21 1.9875 1.005 0.419 0.491 3
0.595 0.47 0.145 0.991 0.4035 0.1505 0.34 4
0.625 0.495 0.16 1.234 0.6335 0.192 0.35 4
0.335 0.25 0.08 0.183 0.0735 0.04 0.0575 2
0.455 0.35 0.14 0.5725 0.1965 0.1325 0.175 3
0.645 0.5 0.17 1.1845 0.4805 0.274 0.355 4
0.55 0.42 0.13 0.636 0.294 0.144 0.1755 5
0.615 0.49 0.19 1.1345 0.4695 0.257 0.348 3
0.69 0.55 0.18 1.659 0.8715 0.2655 0.4395 5
0.565 0.455 0.17 0.9065 0.342 0.156 0.32 1
0.565 0.425 0.16 0.9425 0.3495 0.2185 0.275 1
0.595 0.47 0.155 1.2015 0.492 0.3865 0.265 3
0.575 0.445 0.145 0.876 0.3795 0.1615 0.27 3
0.33 0.24 0.075 0.163 0.0745 0.033 0.048 2
0.475 0.395 0.135 0.592 0.2465 0.1645 0.2 4
0.66 0.525 0.19 1.67 0.6525 0.4875 0.49 3
0.315 0.23 0.07 0.164 0.0625 0.04 0.045 2
0.435 0.355 0.125 0.4075 0.1535 0.074 0.165 5
0.24 0.185 0.07 0.0715 0.026 0.018 0.025 2
0.595 0.475 0.17 1.0965 0.419 0.229 0.35 1
0.53 0.41 0.125 0.769 0.346 0.173 0.215 5
0.475 0.36 0.14 0.5135 0.241 0.1045 0.155 5
0.46 0.355 0.13 0.517 0.2205 0.114 0.165 5
0.475 0.355 0.1 0.5035 0.2535 0.091 0.14 5
0.175 0.13 0.055 0.0315 0.0105 0.0065 0.0125 2
0.325 0.24 0.075 0.155 0.0475 0.0355 0.06 5
0.45 0.33 0.105 0.448 0.208 0.089 0.12 5
0.45 0.35 0.13 0.547 0.245 0.1405 0.1405 5
0.535 0.4 0.145 0.705 0.3065 0.1365 0.22 3
0.395 0.315 0.105 0.3515 0.1185 0.091 0.1195 4
0.67 0.51 0.155 1.278 0.5605 0.3045 0.358 3
0.695 0.56 0.185 1.7715 0.8195 0.331 0.437 3
0.575 0.48 0.15 0.897 0.4235 0.1905 0.248 5
0.47 0.355 0.1 0.4755 0.1675 0.0805 0.185 3
0.545 0.44 0.15 0.9475 0.366 0.239 0.275 5
0.18 0.125 0.05 0.023 0.0085 0.0055 0.01 2
0.225 0.165 0.055 0.059 0.027 0.0125 0.015 2
0.475 0.38 0.135 0.486 0.1735 0.07 0.185 5
0.56 0.42 0.15 0.8755 0.44 0.1965 0.2315 5
0.585 0.475 0.185 0.8575 0.3465 0.1785 0.275 3
0.21 0.15 0.05 0.0385 0.0155 0.0085 0.01 2
0.57 0.45 0.145 0.95 0.4005 0.2235 0.2845 3
0.595 0.455 0.155 1.0605 0.5135 0.2165 0.3 3
0.58 0.425 0.145 0.83 0.379 0.1605 0.2575 3
0.505 0.38 0.13 0.693 0.391 0.1195 0.1515 5
0.61 0.45 0.19 1.0805 0.517 0.2495 0.2935 3
0.55 0.445 0.11 0.7935 0.378 0.142 0.26 3
0.385 0.285 0.105 0.2905 0.1215 0.0685 0.0875 3
0.7 0.585 0.185 1.8075 0.7055 0.3215 0.475 1
0.65 0.51 0.16 1.3835 0.6385 0.2905 0.3665 5
0.65 0.495 0.155 1.337 0.615 0.3195 0.335 5
0.61 0.485 0.17 1.281 0.597 0.3035 0.33 5
0.275 0.2 0.065 0.1165 0.0565 0.013 0.035 5
0.48 0.37 0.1 0.5135 0.243 0.1015 0.135 5
0.64 0.5 0.18 1.4995 0.593 0.314 0.431 3
0.65 0.5 0.19 1.464 0.6415 0.339 0.4245 5
0.29 0.23 0.075 0.1165 0.043 0.0255 0.04 5
0.465 0.355 0.105 0.442 0.2085 0.0975 0.1185 5
0.5 0.375 0.14 0.604 0.242 0.1415 0.179 4
0.44 0.35 0.14 0.451 0.171 0.0705 0.184 4
0.53 0.41 0.155 0.7155 0.2805 0.1685 0.214 3
0.64 0.515 0.18 1.247 0.5475 0.2925 0.3685 3
0.57 0.455 0.15 1.107 0.54 0.255 0.27 5
0.265 0.2 0.065 0.084 0.034 0.0105 0.03 5
0.605 0.455 0.145 0.9775 0.468 0.1775 0.275 5
0.585 0.475 0.165 1.053 0.458 0.217 0.3 3
0.655 0.5 0.18 1.4155 0.508 0.314 0.445 1
0.4 0.3 0.115 0.318 0.1335 0.0725 0.0935 2
0.58 0.465 0.145 0.9865 0.47 0.2155 0.25 3
0.74 0.575 0.22 2.012 0.8915 0.5265 0.471 3
0.72 0.545 0.185 1.7185 0.7925 0.401 0.468 3
0.58 0.475 0.165 1.0385 0.414 0.26 0.305 4
0.28 0.21 0.065 0.111 0.0425 0.0285 0.03 2
0.335 0.255 0.085 0.1785 0.071 0.0405 0.055 5
0.595 0.475 0.14 1.0305 0.4925 0.217 0.278 3
0.575 0.465 0.15 1.08 0.595 0.2065 0.238 5
0.545 0.405 0.175 0.98 0.2585 0.207 0.38 1
0.44 0.33 0.11 0.3705 0.1545 0.084 0.12 5
0.485 0.415 0.14 0.5705 0.25 0.134 0.185 5
0.345 0.255 0.095 0.1945 0.0925 0.037 0.055 2
0.55 0.44 0.15 0.8945 0.3145 0.151 0.32 1
0.535 0.42 0.125 0.738 0.355 0.1895 0.1795 5
0.72 0.55 0.195 2.073 1.0715 0.4265 0.5015 5
0.645 0.485 0.215 1.514 0.546 0.2615 0.635 4
0.45 0.35 0.14 0.474 0.21 0.109 0.1275 4
0.59 0.445 0.135 0.7715 0.328 0.1745 0.23 5
0.605 0.49 0.14 0.9755 0.419 0.206 0.315 3
0.455 0.34 0.135 0.462 0.1675 0.158 0.12 5
0.52 0.405 0.145 0.829 0.3535 0.1685 0.205 4
0.375 0.275 0.085 0.22 0.109 0.05 0.0605 5
0.625 0.47 0.175 1.179 0.605 0.258 0.271 5
0.42 0.305 0.09 0.328 0.168 0.0615 0.082 2
0.63 0.505 0.175 1.221 0.555 0.252 0.34 3
0.62 0.5 0.18 1.3915 0.726 0.2795 0.332 3
0.55 0.44 0.155 0.946 0.313 0.1825 0.335 4
0.55 0.405 0.14 0.8025 0.244 0.1635 0.255 3
0.725 0.57 0.19 2.3305 1.253 0.541 0.52 5
0.36 0.27 0.09 0.2225 0.083 0.053 0.075 2
0.35 0.265 0.08 0.192 0.081 0.0465 0.053 2
0.495 0.385 0.13 0.6905 0.3125 0.179 0.175 3
0.58 0.45 0.175 1.068 0.425 0.203 0.32 4
0.43 0.345 0.115 0.3045 0.0925 0.055 0.12 3
0.55 0.405 0.125 0.651 0.2965 0.137 0.2 5
0.74 0.6 0.195 1.974 0.598 0.4085 0.71 4
0.385 0.29 0.09 0.2365 0.1 0.0505 0.076 5
0.31 0.225 0.05 0.1445 0.0675 0.0385 0.045 2
0.5 0.375 0.115 0.5945 0.185 0.148 0.19 3
0.5 0.4 0.13 0.7715 0.37 0.16 0.211 5
0.615 0.48 0.165 1.1615 0.513 0.301 0.305 3
0.465 0.37 0.1 0.5055 0.234 0.11 0.14 5
0.495 0.4 0.155 0.8085 0.2345 0.1155 0.35 2
0.4 0.305 0.085 0.297 0.108 0.0705 0.1 3
0.69 0.545 0.205 1.933 0.7855 0.429 0.498 4
0.39 0.28 0.09 0.215 0.0845 0.034 0.079 5
0.635 0.49 0.155 1.145 0.4775 0.3035 0.3155 5
0.655 0.525 0.185 1.259 0.487 0.2215 0.445 1
0.64 0.495 0.17 1.2265 0.49 0.377 0.2875 3
0.42 0.305 0.1 0.3415 0.1645 0.0775 0.086 5
0.545 0.43 0.16 0.844 0.3945 0.1855 0.231 5
0.6 0.465 0.155 1.04 0.4755 0.25 0.28 3
0.52 0.405 0.14 0.6915 0.276 0.137 0.215 3
0.66 0.525 0.2 1.489 0.6065 0.3795 0.421 3
0.655 0.51 0.16 1.092 0.396 0.2825 0.37 4
0.62 0.475 0.16 1.3245 0.6865 0.233 0.3275 5
0.565 0.39 0.125 0.744 0.352 0.13 0.1685 3
0.35 0.26 0.095 0.221 0.0985 0.043 0.07 5
0.37 0.29 0.115 0.25 0.111 0.057 0.075 5
0.54 0.415 0.155 0.702 0.322 0.167 0.19 3
0.59 0.455 0.155 0.8855 0.388 0.188 0.275 3
0.35 0.235 0.08 0.17 0.0725 0.0465 0.0495 5
0.375 0.28 0.08 0.226 0.105 0.047 0.065 2
0.6 0.455 0.155 0.945 0.4365 0.2085 0.25 5
0.645 0.5 0.2 1.4285 0.639 0.305 0.36 3
0.36 0.27 0.085 0.196 0.0875 0.035 0.064 2
0.48 0.355 0.115 0.4725 0.2065 0.112 0.132 5
0.585 0.465 0.165 0.885 0.4025 0.1625 0.274 3
0.51 0.39 0.135 0.769 0.3935 0.1455 0.19 5
0.615 0.47 0.175 1.242 0.5675 0.287 0.317 3
0.625 0.485 0.19 1.1745 0.4385 0.2305 0.42 1
0.46 0.38 0.135 0.482 0.207 0.1225 0.145 3
0.55 0.45 0.17 0.81 0.317 0.157 0.22 3
0.73 0.595 0.23 2.8255 1.1465 0.419 0.897 1
0.415 0.325 0.1 0.313 0.139 0.0625 0.0965 5
0.52 0.385 0.115 0.669 0.2385 0.172 0.205 3
0.64 0.505 0.165 1.4435 0.6145 0.3035 0.39 1
0.68 0.56 0.165 1.639 0.6055 0.2805 0.46 4
0.24 0.18 0.055 0.0555 0.0235 0.013 0.018 2
0.61 0.495 0.185 1.1085 0.3705 0.3135 0.33 3
0.425 0.315 0.1 0.377 0.1645 0.072 0.105 2
0.495 0.375 0.115 0.5755 0.31 0.1145 0.1395 5
0.39 0.28 0.125 0.564 0.3035 0.0955 0.143 5
0.51 0.385 0.15 0.625 0.3095 0.119 0.1725 5
0.615 0.475 0.15 1.0375 0.476 0.2325 0.283 5
0.47 0.35 0.125 0.4315 0.19 0.1165 0.1175 2
0.49 0.38 0.125 0.549 0.245 0.1075 0.174 3
0.355 0.255 0.08 0.187 0.078 0.0505 0.058 5
0.535 0.435 0.16 0.8105 0.3155 0.1795 0.24 3
0.62 0.47 0.225 1.115 0.378 0.2145 0.36 4
0.625 0.505 0.215 1.4455 0.496 0.287 0.435 1
0.65 0.52 0.15 1.238 0.5495 0.296 0.3305 3
0.59 0.455 0.155 1.066 0.382 0.2275 0.415 1
0.55 0.42 0.16 1.3405 0.6325 0.311 0.344 3
0.675 0.525 0.155 1.4785 0.628 0.3405 0.42 5
0.645 0.5 0.225 1.626 0.587 0.4055 0.41 4
0.49 0.375 0.125 0.5445 0.279 0.115 0.13 5
0.515 0.38 0.12 0.625 0.3265 0.1295 0.16 5
0.65 0.51 0.19 1.542 0.7155 0.3735 0.375 5
0.645 0.49 0.215 1.406 0.4265 0.2285 0.51 1
0.6 0.48 0.09 1.05 0.457 0.2685 0.28 5
0.34 0.255 0.085 0.204 0.097 0.021 0.05 2
0.365 0.27 0.075 0.2215 0.095 0.0445 0.07 2
0.55 0.47 0.15 0.9205 0.381 0.2435 0.2675 3
0.6 0.465 0.165 1.0475 0.465 0.2345 0.315 3
0.375 0.285 0.08 0.226 0.0975 0.04 0.0725 5
0.59 0.475 0.16 0.9455 0.3815 0.184 0.27 1
0.525 0.405 0.16 0.792 0.316 0.1455 0.28 4
0.66 0.535 0.2 1.791 0.733 0.318 0.54 4
0.625 0.5 0.185 1.2425 0.5995 0.248 0.335 3
0.555 0.42 0.145 0.8695 0.3075 0.2575 0.25 4
0.445 0.37 0.125 0.515 0.2495 0.087 0.159 5
0.33 0.26 0.08 0.2 0.0625 0.05 0.07 5
0.46 0.36 0.125 0.547 0.2165 0.1105 0.19 5
0.535 0.44 0.15 0.6765 0.256 0.139 0.26 3
0.605 0.47 0.165 1.1775 0.611 0.2275 0.292 5
0.27 0.2 0.08 0.1205 0.0465 0.028 0.04 2
0.675 0.525 0.17 1.8095 0.784 0.391 0.455 3
0.485 0.37 0.13 0.458 0.181 0.113 0.136 3
0.32 0.24 0.09 0.1575 0.07 0.0265 0.0425 2
0.405 0.31 0.095 0.3425 0.1785 0.064 0.0855 5
0.535 0.415 0.185 0.8415 0.314 0.1585 0.3 4
0.705 0.53 0.17 1.564 0.612 0.394 0.44 3
0.46 0.36 0.115 0.4755 0.2105 0.105 0.16 5
0.4 0.3 0.11 0.2985 0.1375 0.071 0.075 2
0.495 0.38 0.13 0.5125 0.2185 0.116 0.16 5
0.435 0.325 0.12 0.346 0.159 0.084 0.095 5
0.495 0.39 0.125 0.6655 0.284 0.162 0.2 3
0.475 0.375 0.15 0.559 0.1955 0.1215 0.1945 3
0.55 0.44 0.155 0.9155 0.3645 0.195 0.25 5
0.585 0.45 0.125 0.874 0.3545 0.2075 0.225 2
0.73 0.585 0.225 2.2305 1.2395 0.422 0.563 4
0.495 0.41 0.125 0.7555 0.3355 0.129 0.214 5
0.67 0.55 0.155 1.566 0.858 0.339 0.354 3
0.075 0.055 0.01 0.002 0.001 0.0005 0.0015 2
0.56 0.445 0.15 0.8225 0.3685 0.187 0.236 3
0.78 0.63 0.215 2.657 1.488 0.4985 0.586 3
0.385 0.28 0.085 0.2175 0.097 0.038 0.067 5
0.495 0.395 0.135 0.6335 0.3035 0.1295 0.1495 5
0.495 0.38 0.12 0.474 0.197 0.1065 0.1545 3
0.65 0.565 0.2 1.6645 0.753 0.367 0.43 3
0.645 0.525 0.16 1.5075 0.7455 0.245 0.4325 3
0.585 0.455 0.145 0.953 0.3945 0.2685 0.258 3
0.685 0.53 0.17 1.5105 0.7385 0.3525 0.3725 3
0.205 0.14 0.05 0.046 0.0165 0.012 0.0135 2
0.64 0.52 0.175 1.248 0.4245 0.2595 0.48 3
0.29 0.21 0.065 0.097 0.0375 0.022 0.03 2
0.315 0.235 0.07 0.149 0.058 0.0325 0.047 5
0.555 0.45 0.175 0.874 0.3275 0.202 0.305 3
0.5 0.39 0.125 0.5215 0.2485 0.117 0.131 2
0.705 0.55 0.2 1.7095 0.633 0.4115 0.49 4
0.28 0.215 0.08 0.132 0.072 0.022 0.033 2
0.645 0.5 0.18 1.461 0.5985 0.2425 0.439 3
0.57 0.435 0.15 0.8295 0.3875 0.156 0.245 3
0.63 0.51 0.185 1.235 0.5115 0.349 0.3065 3
0.555 0.395 0.13 0.5585 0.222 0.1245 0.17 5
0.565 0.4 0.13 0.6975 0.3075 0.1665 0.18 5
0.385 0.305 0.125 0.314 0.146 0.0555 0.08 3
0.42 0.3 0.105 0.316 0.1255 0.07 0.1035 5
0.44 0.365 0.11 0.4465 0.213 0.089 0.1135 5
0.665 0.5 0.175 1.2975 0.6075 0.314 0.315 5
0.425 0.315 0.095 0.3675 0.1865 0.0675 0.0985 5
0.37 0.29 0.09 0.241 0.11 0.045 0.069 3
0.53 0.415 0.145 0.944 0.3845 0.185 0.265 1
0.51 0.385 0.145 0.7665 0.3985 0.14 0.1805 5
0.635 0.475 0.15 1.1845 0.533 0.307 0.291 3
0.51 0.4 0.125 0.5935 0.239 0.13 0.204 5
0.56 0.45 0.185 1.07 0.3805 0.175 0.41 1
0.655 0.525 0.18 1.402 0.624 0.2935 0.365 4
0.44 0.325 0.1 0.4165 0.185 0.0865 0.11 2
0.52 0.425 0.165 0.9885 0.396 0.225 0.32 4
0.62 0.495 0.195 1.5145 0.579 0.346 0.5195 4
0.69 0.53 0.19 1.5955 0.678 0.331 0.48 3
0.395 0.29 0.095 0.3 0.158 0.068 0.078 5
0.425 0.38 0.105 0.3265 0.1285 0.0785 0.1 3
0.37 0.29 0.095 0.249 0.1045 0.058 0.067 2
0.53 0.395 0.115 0.5685 0.249 0.1375 0.161 5
0.535 0.435 0.14 0.874 0.3735 0.229 0.2195 5
0.615 0.475 0.175 1.224 0.6035 0.261 0.311 5
0.47 0.35 0.145 0.5175 0.187 0.1235 0.18 3
0.61 0.485 0.21 1.3445 0.535 0.2205 0.515 1
0.59 0.475 0.145 1.053 0.4415 0.262 0.325 4
0.45 0.335 0.125 0.4475 0.2165 0.126 0.11 2
0.625 0.485 0.16 1.15 0.5255 0.257 0.3315 3
0.72 0.545 0.195 1.7475 0.8215 0.383 0.4705 3
0.655 0.51 0.175 1.415 0.5885 0.3725 0.364 3
0.7 0.555 0.2 1.858 0.73 0.3665 0.595 3
0.45 0.35 0.125 0.4775 0.2235 0.089 0.118 2
0.665 0.525 0.155 1.3575 0.5325 0.3045 0.4485 3
0.52 0.45 0.15 0.895 0.3615 0.186 0.235 4
0.515 0.43 0.14 0.834 0.367 0.2 0.23 5
0.63 0.475 0.155 1.0005 0.452 0.252 0.265 3
0.62 0.475 0.185 1.325 0.6045 0.325 0.33 4
0.405 0.3 0.085 0.3035 0.15 0.0505 0.088 5
0.27 0.195 0.06 0.073 0.0285 0.0235 0.03 2
0.475 0.375 0.12 0.563 0.2525 0.1205 0.185 3
0.455 0.355 0.135 0.4745 0.1865 0.0935 0.168 4
0.575 0.48 0.15 0.8745 0.375 0.193 0.29 3
0.635 0.5 0.175 1.477 0.684 0.3005 0.39 3
0.45 0.345 0.11 0.47 0.2355 0.0855 0.1135 5
0.485 0.37 0.115 0.457 0.1885 0.0965 0.15 5
0.465 0.36 0.115 0.5795 0.295 0.1395 0.12 5
0.46 0.35 0.115 0.4155 0.18 0.098 0.1175 5
0.345 0.27 0.11 0.2135 0.082 0.0545 0.07 5
0.49 0.38 0.14 0.7605 0.245 0.167 0.185 3
0.635 0.495 0.175 1.2355 0.5205 0.3085 0.347 3
0.63 0.515 0.175 1.1955 0.492 0.247 0.37 3
0.575 0.48 0.17 1.1 0.506 0.2485 0.31 3
0.55 0.415 0.135 0.7635 0.318 0.21 0.2 5
0.66 0.505 0.185 1.528 0.69 0.3025 0.441 3
0.52 0.395 0.125 0.8115 0.4035 0.166 0.2 5
0.56 0.445 0.16 0.8965 0.42 0.2175 0.2215 5
0.68 0.545 0.185 1.672 0.7075 0.364 0.48 3
0.515 0.39 0.125 0.5705 0.238 0.1265 0.185 5
0.41 0.315 0.1 0.3 0.124 0.0575 0.1 5
0.375 0.29 0.085 0.2385 0.118 0.045 0.0695 5
0.62 0.49 0.16 1.056 0.493 0.244 0.2725 5
0.515 0.385 0.125 0.6115 0.3175 0.1265 0.15 5
0.5 0.405 0.15 0.5965 0.253 0.126 0.185 3
0.16 0.11 0.025 0.018 0.0065 0.0055 0.005 2
0.455 0.435 0.11 0.4265 0.195 0.09 0.1205 5
0.585 0.45 0.15 0.938 0.467 0.203 0.225 5
0.515 0.425 0.135 0.712 0.2665 0.1605 0.25 3
0.645 0.5 0.175 1.3375 0.554 0.308 0.415 3
0.555 0.425 0.14 0.963 0.44 0.224 0.24 5
0.5 0.375 0.14 0.559 0.2375 0.135 0.169 5
0.625 0.49 0.175 1.233 0.5565 0.247 0.365 3
0.5 0.405 0.14 0.6155 0.241 0.1355 0.205 5
0.61 0.475 0.155 1.168 0.554 0.239 0.3295 3
0.47 0.365 0.135 0.522 0.2395 0.1525 0.145 3
0.13 0.095 0.035 0.0105 0.005 0.0065 0.0035 2
0.635 0.51 0.17 1.3555 0.619 0.305 0.39 5
0.695 0.54 0.195 1.691 0.768 0.363 0.4755 3
0.555 0.455 0.17 0.8435 0.309 0.1905 0.3 4
0.625 0.485 0.135 1.3025 0.61 0.2675 0.3605 4
0.54 0.43 0.17 0.836 0.3725 0.1815 0.24 5
0.44 0.365 0.125 0.516 0.2155 0.114 0.155 3
0.53 0.4 0.125 0.617 0.279 0.127 0.19 5
0.525 0.385 0.13 0.607 0.2355 0.125 0.195 5
0.525 0.4 0.14 0.7325 0.334 0.1575 0.17 3
0.525 0.4 0.13 0.8295 0.2405 0.1825 0.275 3
0.66 0.5 0.175 1.3275 0.556 0.2805 0.4085 5
0.36 0.27 0.085 0.2185 0.1065 0.038 0.062 2
0.625 0.48 0.18 1.223 0.565 0.2975 0.3375 3
0.625 0.48 0.185 1.2065 0.587 0.29 0.286 5
0.55 0.435 0.16 0.906 0.342 0.219 0.295 4
0.745 0.585 0.215 2.499 0.9265 0.472 0.7 1
0.44 0.355 0.115 0.415 0.1585 0.0925 0.131 3
0.485 0.36 0.13 0.5415 0.2595 0.096 0.16 3
0.54 0.415 0.17 0.879 0.339 0.208 0.255 3
0.585 0.455 0.17 0.9945 0.4255 0.263 0.2845 3
0.68 0.54 0.19 1.623 0.7165 0.354 0.4715 3
0.46 0.35 0.11 0.4 0.176 0.083 0.1205 5
0.61 0.48 0.15 1.2 0.56 0.2455 0.28 4
0.5 0.4 0.165 0.825 0.254 0.205 0.285 4
0.615 0.5 0.205 1.1055 0.4445 0.227 0.39 4
0.45 0.355 0.12 0.3955 0.147 0.0765 0.145 5
0.565 0.44 0.175 1.122 0.393 0.2 0.375 1
0.545 0.43 0.15 0.742 0.3525 0.158 0.208 3
0.505 0.385 0.115 0.616 0.243 0.1075 0.21 3
0.455 0.35 0.105 0.416 0.1625 0.097 0.145 3
0.515 0.385 0.11 0.5785 0.253 0.16 0.14 5
0.245 0.175 0.055 0.0785 0.04 0.018 0.02 2
0.32 0.205 0.08 0.181 0.088 0.034 0.0495 2
0.575 0.45 0.16 0.9775 0.3135 0.231 0.33 3
0.595 0.455 0.15 0.886 0.4315 0.201 0.223 3
0.36 0.28 0.105 0.199 0.0695 0.045 0.08 5
0.615 0.505 0.165 1.167 0.4895 0.2955 0.345 3
0.51 0.39 0.125 0.597 0.293 0.1265 0.1555 5
0.65 0.505 0.175 1.2075 0.5105 0.262 0.39 3
0.455 0.375 0.125 0.458 0.1985 0.111 0.12 3
0.425 0.345 0.125 0.425 0.16 0.0795 0.154 4
0.555 0.405 0.19 1.406 0.6115 0.342 0.389 3
0.525 0.4 0.125 0.5655 0.2435 0.119 0.175 5
0.485 0.39 0.085 0.6435 0.2945 0.103 0.198 5
0.655 0.54 0.215 1.5555 0.695 0.296 0.444 3
0.335 0.25 0.09 0.181 0.0755 0.0415 0.06 5
0.495 0.38 0.135 0.6295 0.263 0.1425 0.215 3
0.645 0.5 0.195 1.401 0.6165 0.3515 0.3725 3
0.55 0.425 0.15 0.8315 0.411 0.1765 0.2165 3
0.465 0.365 0.115 0.467 0.2315 0.0925 0.113 5
0.47 0.35 0.135 0.567 0.2315 0.1465 0.1525 3
0.57 0.46 0.14 0.9535 0.4465 0.2065 0.245 3
0.475 0.365 0.13 0.4805 0.1905 0.114 0.1475 3
0.59 0.485 0.205 1.2315 0.4525 0.238 0.42 4
0.395 0.305 0.105 0.284 0.1135 0.0595 0.0945 5
0.65 0.515 0.175 1.466 0.677 0.3045 0.4 3
0.675 0.505 0.16 1.532 0.74 0.357 0.3815 3
0.345 0.27 0.095 0.197 0.0665 0.05 0.07 5
0.45 0.335 0.11 0.4195 0.181 0.085 0.1345 5
0.585 0.46 0.17 0.9325 0.365 0.271 0.29 5
0.515 0.4 0.12 0.659 0.2705 0.179 0.17 4
0.565 0.435 0.185 0.9815 0.329 0.136 0.39 4
0.575 0.475 0.145 0.857 0.3665 0.173 0.269 5
0.65 0.525 0.185 1.622 0.6645 0.3225 0.477 3
0.615 0.48 0.18 1.1595 0.4845 0.2165 0.325 4
0.625 0.515 0.155 1.1635 0.4875 0.259 0.355 3
0.625 0.505 0.175 1.131 0.5425 0.2265 0.323 5
0.53 0.38 0.125 0.616 0.292 0.113 0.185 5
0.61 0.48 0.165 1.244 0.6345 0.257 0.305 3
0.3 0.22 0.08 0.1255 0.055 0.0265 0.039 2
0.46 0.37 0.12 0.5335 0.2645 0.108 0.1345 2
0.575 0.47 0.14 0.8375 0.3485 0.1735 0.24 3
0.655 0.5 0.14 1.1705 0.5405 0.3175 0.285 3
0.58 0.5 0.165 0.925 0.37 0.185 0.3005 3
0.6 0.475 0.18 1.1805 0.4345 0.2475 0.425 1
0.555 0.435 0.14 0.765 0.3945 0.15 0.206 5
0.555 0.425 0.13 0.648 0.2835 0.133 0.2105 5
0.42 0.345 0.115 0.3435 0.1515 0.0795 0.115 5
0.54 0.395 0.135 0.6555 0.2705 0.155 0.192 5
0.48 0.37 0.125 0.474 0.179 0.1035 0.175 5
0.655 0.515 0.2 1.373 0.443 0.3375 0.49 4
0.39 0.29 0.09 0.2745 0.135 0.0455 0.078 5
0.315 0.235 0.08 0.18 0.08 0.045 0.047 2
0.47 0.36 0.13 0.5225 0.198 0.1065 0.165 5
0.575 0.45 0.135 0.8245 0.3375 0.2115 0.239 3
0.62 0.47 0.155 0.966 0.447 0.171 0.284 3
0.53 0.425 0.13 0.7455 0.2995 0.1355 0.245 3
0.52 0.415 0.14 0.6375 0.308 0.1335 0.168 5
0.31 0.225 0.07 0.1055 0.435 0.015 0.04 2
0.475 0.36 0.12 0.5915 0.3245 0.11 0.127 2
0.49 0.375 0.115 0.4615 0.204 0.0945 0.143 5
0.59 0.45 0.16 0.9 0.358 0.156 0.315 1
0.435 0.33 0.11 0.413 0.2055 0.096 0.096 2
0.495 0.375 0.15 0.597 0.2615 0.135 0.178 3
0.56 0.43 0.15 0.8825 0.3465 0.172 0.31 5
0.615 0.495 0.2 1.219 0.564 0.227 0.3885 3
0.5 0.385 0.12 0.56 0.2835 0.103 0.135 5
0.535 0.45 0.135 0.8075 0.322 0.181 0.25 4
0.495 0.38 0.135 0.5095 0.2065 0.1165 0.165 5
0.62 0.475 0.195 1.3585 0.5935 0.3365 0.3745 3
0.625 0.495 0.175 1.254 0.5815 0.286 0.3185 5
0.575 0.435 0.13 0.805 0.3155 0.2155 0.245 3
0.61 0.475 0.15 1.142 0.62 0.237 0.245 5
0.43 0.325 0.09 0.425 0.217 0.087 0.095 5
0.48 0.38 0.12 0.608 0.2705 0.1405 0.185 5
0.57 0.45 0.18 0.908 0.4015 0.217 0.255 5
0.33 0.265 0.085 0.196 0.0775 0.0305 0.0445 2
0.45 0.33 0.1 0.411 0.1945 0.1 0.098 2
0.6 0.445 0.175 1.057 0.383 0.216 0.355 4
0.51 0.4 0.145 0.5775 0.231 0.143 0.177 5
0.515 0.39 0.12 0.565 0.235 0.135 0.179 5
0.645 0.495 0.15 1.2095 0.603 0.2225 0.339 5
0.235 0.17 0.065 0.0625 0.023 0.014 0.022 2
0.555 0.435 0.165 0.97 0.336 0.2315 0.295 1
0.72 0.575 0.215 2.226 0.8955 0.405 0.62 4
0.55 0.43 0.14 0.7135 0.2565 0.186 0.225 5
0.375 0.29 0.095 0.2875 0.123 0.0605 0.08 2
0.51 0.415 0.14 0.8185 0.3025 0.2155 0.235 4
0.62 0.49 0.17 1.2105 0.5185 0.2555 0.335 4
0.57 0.445 0.16 1.0145 0.516 0.164 0.3 3
0.45 0.33 0.11 0.3685 0.16 0.0885 0.102 2
0.555 0.44 0.14 0.8705 0.407 0.156 0.255 5
0.56 0.44 0.155 0.9705 0.4315 0.263 0.255 5
0.62 0.5 0.175 1.107 0.4895 0.24 0.343 3
0.52 0.39 0.12 0.6435 0.2885 0.157 0.161 5
0.695 0.57 0.2 2.033 0.751 0.4255 0.685 4
0.675 0.555 0.2 1.4385 0.545 0.2665 0.465 1
0.345 0.255 0.095 0.183 0.075 0.0385 0.06 2
0.615 0.475 0.19 1.4335 0.7315 0.305 0.3285 5
0.675 0.535 0.185 1.5575 0.7035 0.402 0.4 3
0.405 0.325 0.11 0.3555 0.151 0.063 0.117 5
0.57 0.465 0.18 1.295 0.339 0.2225 0.44 3
0.64 0.505 0.155 1.1955 0.5565 0.211 0.346 3
0.37 0.27 0.095 0.232 0.1325 0.041 0.0615 2
0.53 0.415 0.115 0.5915 0.233 0.1585 0.18 3
0.605 0.49 0.145 1.3 0.517 0.3285 0.31 4
0.53 0.42 0.17 0.828 0.41 0.208 0.1505 2
0.52 0.38 0.125 0.5545 0.288 0.1295 0.167 5
0.66 0.505 0.19 1.4385 0.6775 0.285 0.178 3
0.575 0.45 0.125 0.78 0.3275 0.188 0.235 5
0.28 0.2 0.08 0.0915 0.033 0.0215 0.03 2
0.505 0.405 0.13 0.6015 0.3015 0.11 0.18 5
0.445 0.335 0.14 0.4565 0.1785 0.114 0.14 3
0.665 0.535 0.19 1.496 0.5775 0.2815 0.475 1
0.355 0.27 0.1 0.2255 0.11 0.042 0.064 5
0.67 0.535 0.185 1.597 0.6275 0.35 0.47 1
0.61 0.485 0.17 1.0225 0.419 0.2405 0.36 3
0.54 0.42 0.14 0.6665 0.3125 0.138 0.1895 3
0.485 0.375 0.14 0.521 0.2 0.123 0.17 5
0.645 0.515 0.185 1.4605 0.5835 0.3155 0.41 1
0.66 0.51 0.175 1.218 0.5055 0.303 0.37 3
0.515 0.42 0.14 0.769 0.2505 0.154 0.29 4
0.46 0.38 0.13 0.639 0.3 0.1525 0.16 3
0.5 0.375 0.15 0.636 0.2535 0.145 0.19 3
0.5 0.385 0.12 0.6335 0.2305 0.125 0.235 4
0.355 0.275 0.085 0.22 0.092 0.06 0.15 5
0.37 0.275 0.1 0.2225 0.093 0.026 0.08 5
0.59 0.445 0.13 1.1325 0.3825 0.234 0.32 4
0.505 0.41 0.15 0.644 0.285 0.145 0.21 3
0.72 0.59 0.205 1.7495 0.7755 0.4225 0.48 3
0.615 0.495 0.16 1.255 0.5815 0.3195 0.3225 3
0.435 0.335 0.1 0.3245 0.135 0.0785 0.098 5
0.27 0.19 0.08 0.081 0.0265 0.0195 0.03 2
0.54 0.39 0.125 0.6255 0.2525 0.158 0.19 5
0.41 0.32 0.115 0.387 0.165 0.1005 0.0985 3
0.51 0.405 0.15 0.7035 0.347 0.134 0.1885 5
0.635 0.525 0.18 1.3695 0.634 0.318 0.363 3
0.69 0.55 0.2 1.8465 0.732 0.472 0.57 1
0.56 0.435 0.13 0.777 0.354 0.173 0.222 5
0.625 0.47 0.145 0.984 0.475 0.2 0.265 3
0.44 0.33 0.135 0.4095 0.163 0.1005 0.119 2
0.52 0.39 0.13 0.5545 0.2355 0.1095 0.1895 5
0.675 0.52 0.175 1.494 0.7365 0.3055 0.37 5
0.35 0.27 0.09 0.2055 0.075 0.0575 0.062 2
0.605 0.495 0.145 1.054 0.369 0.2255 0.36 3
0.655 0.54 0.215 1.844 0.7425 0.327 0.585 1
0.61 0.48 0.16 1.234 0.598 0.238 0.315 3
0.535 0.405 0.14 0.818 0.402 0.1715 0.189 5
0.625 0.49 0.185 1.169 0.5275 0.2535 0.344 3
0.53 0.425 0.17 0.949 0.3485 0.2395 0.278 1
0.65 0.535 0.175 1.2895 0.6095 0.2765 0.344 3
0.265 0.205 0.07 0.1055 0.039 0.041 0.035 2
0.8 0.63 0.195 2.526 0.933 0.59 0.62 1
0.62 0.47 0.14 0.8565 0.3595 0.16 0.295 5
0.63 0.475 0.145 1.0605 0.5165 0.2195 0.28 3
0.47 0.365 0.12 0.582 0.29 0.092 0.146 5
0.435 0.325 0.11 0.367 0.1595 0.08 0.105 2
0.49 0.385 0.12 0.591 0.271 0.1125 0.1775 5
0.55 0.43 0.13 0.8395 0.3155 0.1955 0.2405 3
0.56 0.45 0.175 1.011 0.3835 0.2065 0.37 4
0.75 0.57 0.21 2.236 1.109 0.5195 0.545 3
0.55 0.44 0.16 0.991 0.348 0.168 0.375 1
0.51 0.41 0.155 1.2825 0.569 0.291 0.3795 5
0.545 0.415 0.16 0.7715 0.272 0.1455 0.2765 3
0.645 0.5 0.16 1.2465 0.5475 0.327 0.3 3
0.61 0.46 0.145 1.1185 0.478 0.2945 0.2985 3
0.35 0.265 0.09 0.1775 0.0575 0.042 0.068 3
0.575 0.465 0.175 1.099 0.4735 0.202 0.35 5
0.565 0.425 0.135 0.8115 0.341 0.1675 0.255 4
0.565 0.445 0.15 0.796 0.3635 0.184 0.219 5
0.64 0.525 0.175 1.382 0.646 0.3115 0.37 5
0.58 0.46 0.14 0.8295 0.3915 0.165 0.238 3
0.445 0.33 0.105 0.4525 0.18 0.103 0.123 5
0.55 0.385 0.13 0.7275 0.343 0.1625 0.19 5
0.5 0.38 0.125 0.577 0.269 0.1265 0.1535 5
0.58 0.425 0.15 0.844 0.3645 0.185 0.2705 5
0.475 0.37 0.125 0.655 0.266 0.1725 0.185 3
0.65 0.495 0.16 1.304 0.57 0.312 0.3725 5
0.43 0.315 0.115 0.384 0.1885 0.0715 0.11 5
0.49 0.395 0.14 0.549 0.2215 0.1275 0.15 3
0.71 0.57 0.195 1.348 0.8985 0.4435 0.4535 3
0.385 0.295 0.085 0.2535 0.103 0.0575 0.085 5
0.815 0.65 0.25 2.255 0.8905 0.42 0.7975 4
0.63 0.49 0.18 1.13 0.458 0.2765 0.315 3
0.56 0.425 0.145 0.688 0.3095 0.1305 0.2165 5
0.61 0.485 0.165 1.087 0.4255 0.232 0.38 3
0.58 0.455 0.13 0.852 0.41 0.1725 0.225 5
0.725 0.55 0.22 2.0495 0.7735 0.4405 0.655 3
0.475 0.355 0.115 0.5195 0.279 0.088 0.1325 5
0.615 0.475 0.205 1.337 0.5995 0.2815 0.37 3
0.415 0.345 0.135 0.3865 0.128 0.07 0.148 4
0.6 0.45 0.145 0.877 0.4325 0.155 0.24 5
0.325 0.24 0.085 0.173 0.0795 0.038 0.05 5
0.455 0.33 0.1 0.372 0.358 0.0775 0.11 5
0.565 0.48 0.175 0.957 0.3885 0.215 0.275 1
0.455 0.365 0.115 0.4305 0.184 0.108 0.1245 5
0.59 0.445 0.14 0.931 0.356 0.234 0.28 3
0.6 0.475 0.17 1.088 0.4905 0.2475 0.31 3
0.59 0.47 0.145 0.974 0.453 0.236 0.289 5
0.585 0.42 0.145 0.6735 0.2895 0.1345 0.22 5
0.635 0.515 0.16 1.2075 0.5385 0.282 0.345 3
0.5 0.385 0.145 0.7615 0.246 0.195 0.204 4
0.11 0.09 0.03 0.008 0.0025 0.002 0.003 2
0.565 0.44 0.135 0.83 0.393 0.1735 0.238 5
0.69 0.54 0.185 1.5715 0.6935 0.318 0.47 4
0.37 0.28 0.095 0.2865 0.1505 0.069 0.0795 5
0.46 0.355 0.11 0.4255 0.2015 0.081 0.13 5
0.62 0.48 0.15 1.266 0.6285 0.2575 0.309 3
0.66 0.525 0.18 1.6935 0.6025 0.4005 0.42 4
0.525 0.415 0.17 0.8325 0.2755 0.1685 0.31 4
0.28 0.2 0.065 0.0895 0.036 0.0185 0.03 5
0.605 0.455 0.16 1.1035 0.421 0.3015 0.325 5
0.62 0.48 0.15 1.1015 0.4965 0.243 0.305 3
0.53 0.41 0.13 0.6965 0.302 0.1935 0.2 3
0.48 0.39 0.15 0.6275 0.276 0.134 0.185 4
0.395 0.29 0.095 0.304 0.127 0.084 0.077 2
0.72 0.6 0.235 2.2385 0.984 0.411 0.621 3
0.455 0.35 0.13 0.4725 0.215 0.0745 0.15 5
