-0.29163 -0.37155 -0.58540 -0.19841 -0.34932 -0.59873 -0.45890 -0.77973 -0.31264 -0.43062 -0.39286 -0.36831 -0.30259 -0.16248 -0.58220 -0.54703 -0.69686 -0.75097 2.86594 -0.67219 -3.14706 1
-0.02923 -0.03701 -0.76231 1.02282 -0.01283 -0.59873 -0.19031 2.24084 3.84111 -0.43062 -0.39286 -0.36831 -0.30259 -0.19752 -0.55337 -0.52908 -0.67641 -0.43516 2.61940 -0.67300 -3.14706 1
-0.12295 -0.03701 0.13509 0.21872 -0.03775 -0.67939 -0.49727 1.33222 2.76675 -0.43062 -0.39286 -0.36831 -0.30259 18.64857 1.27366 0.61762 -0.62991 0.27646 16.02780 -0.67783 -3.14703 1
0.28939 1.03352 0.11856 -0.67585 -0.53003 -0.27609 -0.22868 -0.77782 -0.57517 -0.27988 -0.34028 -0.34359 -0.30259 -0.16248 -0.53895 -0.52010 -0.11531 -0.31684 0.98908 -0.67381 -3.14705 1
1.48893 1.10043 1.93477 3.48537 0.08688 0.60716 0.30657 8.38323 -0.12776 0.20815 0.35510 0.20518 0.28666 2.00452 -0.25138 -0.24229 1.41992 1.23269 3.43854 -0.67945 -3.14702 1
0.58928 1.66915 2.93011 2.12343 1.28953 2.53900 1.72433 0.37807 1.95958 1.18610 1.75836 1.94448 1.86057 -0.02234 2.92772 1.66558 3.86217 3.90901 -0.10204 -0.62143 0.10288 1
-0.19792 -0.40500 3.70018 6.41029 7.53333 2.53900 0.76701 4.72068 6.79864 -0.39293 -0.37972 -0.36213 -0.30259 -0.19752 -0.45247 -0.40386 1.89790 1.72489 -0.14658 -0.50540 -0.55945 1
0.17694 -0.37155 1.79521 2.49532 2.49218 2.95038 1.88165 1.73974 -0.16522 0.92607 1.56578 1.80080 1.70749 0.25795 2.04123 1.49055 3.85081 3.48944 -0.07341 -0.61579 -0.10271 1
0.40185 -0.40500 1.29693 1.57061 1.47647 3.99898 3.26295 1.00185 0.06684 -0.43062 -0.39286 -0.36831 -0.30259 -0.19752 0.25384 0.00051 3.45402 3.87268 -0.13624 -0.14603 -0.52587 1
-0.19792 -0.40500 3.96340 7.45562 8.34964 1.73642 0.11473 4.66149 7.47897 -0.12913 -0.28770 -0.31887 -0.30259 -0.09241 0.06501 -0.04527 1.64139 1.76253 -0.14339 -0.56261 -0.56995 1
1.15156 2.70623 1.94273 2.60589 3.32094 2.86972 0.73056 1.16584 2.37430 -0.43062 -0.39286 -0.36831 -0.30259 -0.19752 1.13312 0.54806 2.64471 2.98054 -0.13862 -0.11702 -0.68848 1
0.00825 -0.07046 1.89376 0.66097 0.08064 2.54707 3.80013 -0.60631 -0.47591 -0.20451 -0.18254 -0.26943 -0.30259 0.08277 -0.29391 -0.33160 1.55049 2.10096 -0.14817 -0.55818 -0.57247 1
-0.14169 -0.30464 0.95719 -0.24364 -0.33686 0.04656 0.73056 0.91429 -0.41406 0.92607 1.26344 1.43001 1.17615 0.32803 2.58898 2.53178 0.25875 0.32086 -0.10999 -0.64520 -0.08913 1
0.27065 0.36444 1.82092 2.44004 2.94083 2.05907 -0.19031 0.68955 0.54938 2.61628 1.70644 0.74189 -0.21277 -0.19752 0.02177 0.03507 2.03739 1.92342 -0.14021 -0.60975 -0.70296 1
0.02700 -0.37155 0.84150 1.28415 1.50139 2.53497 0.03799 0.05414 -0.53145 3.13446 2.76266 4.71581 11.31217 -0.02234 -0.42436 -0.43977 2.60075 3.65834 -0.13385 -0.64762 -0.87660 1
0.32688 0.13026 1.83744 1.88220 1.27706 1.98244 0.42360 2.43277 -0.08275 -0.43062 -0.39286 -0.36831 -0.30259 -0.19752 -0.03445 -0.19696 2.38077 2.55960 -0.07818 0.12874 0.00582 1
0.36437 -0.43846 0.05122 -0.42456 -0.48018 3.34562 4.78623 -0.52690 -0.38589 -0.27988 -0.32714 -0.33741 -0.30259 -0.12745 -0.52454 -0.51113 2.01125 2.21080 -0.14419 -0.62909 -0.56146 1
0.02700 -0.13737 2.23901 -0.10795 0.03703 0.44987 1.11425 -0.52905 0.14639 0.51153 -0.06423 -0.21381 -0.30259 0.57328 -0.36598 -0.37649 1.32326 0.59625 -0.13385 -0.58920 0.49241 1
-0.04798 -0.33809 2.57324 0.89718 1.23967 0.93384 -0.15194 0.63168 0.15237 1.86821 1.36861 1.20754 1.32515 0.36306 0.29708 0.20696 1.05407 1.52609 -0.13465 -0.63392 -0.75344 1
0.00825 -0.30464 0.10142 0.28907 1.03404 -0.03410 -0.15194 1.40145 4.76637 2.99125 5.49754 6.16312 8.02196 0.11781 3.24412 4.15601 -0.08210 0.38829 -0.14817 -0.65447 -0.71993 1
0.23317 1.06698 -0.61539 0.03779 0.87826 0.04656 -0.15194 1.61028 0.39326 2.76702 1.81094 0.80956 -0.09498 3.89298 -0.33787 -0.29615 0.55459 -0.08825 -0.13067 -0.63432 1.14082 1
0.57054 -0.40500 0.88985 1.51533 1.70703 1.41781 0.42360 0.46762 0.65755 1.15218 0.52731 0.28057 -0.03552 0.08277 3.26646 1.97526 0.95269 1.42976 -0.14578 -0.62304 -0.57500 1
-0.08546 -0.13737 0.67683 1.44497 0.60408 -0.03410 -0.30542 1.00899 0.34508 -0.09145 0.73763 1.47945 1.00466 -0.19752 3.92952 3.16011 -0.09434 0.71667 -0.11476 -0.52836 -0.06908 1
-0.27289 -0.33809 0.88190 1.62087 0.85333 0.52650 0.19146 1.12394 3.62330 -0.43062 -0.39286 -0.26356 -0.10060 -0.19752 -0.53895 -0.52010 0.96283 1.13447 -0.13465 -0.53280 -0.68732 1
0.02700 -0.30464 1.86132 1.63092 1.76934 0.61119 1.15262 1.40396 0.94105 -0.43062 -0.39286 -0.36831 -0.30259 -0.19752 -0.46688 -0.45727 2.86671 0.95122 -0.10840 0.23792 0.75122 1
0.66425 1.46843 -0.39564 -0.50497 -0.44279 0.44584 0.34494 -0.20695 -0.03764 -0.43062 -0.39286 -0.36831 -0.30259 -0.16248 -0.56778 -0.53806 1.23324 0.63389 -0.13067 -0.36439 0.42970 2
-0.17918 -0.37155 1.53015 0.53533 0.23020 -0.51807 0.03990 0.82366 -0.14858 -0.43062 -0.39286 -0.36831 -0.30259 -0.12745 -0.22184 -0.30468 -0.58202 0.15751 -0.08932 -0.37769 -0.04670 2
-0.10420 -0.40500 0.33832 -0.14816 -0.14368 0.44987 0.11664 1.23122 1.21012 -0.43062 -0.39286 -0.36831 -0.30259 -0.19752 0.25384 0.47625 0.72371 0.49154 -0.13067 -0.35392 0.50371 2
-0.31038 -0.43846 -0.88902 -0.59544 0.31120 -0.03410 -0.19031 0.04590 0.18796 0.36078 -0.11681 -0.23853 -0.30259 -0.16248 -0.29391 -0.23287 0.43180 -0.16082 -0.14658 -0.56382 1.14953 2
-0.29163 -0.43846 1.38079 -0.04764 -0.00659 -0.67939 -0.49727 -0.56629 -0.38550 -0.43062 -0.39286 -0.36831 -0.30259 -0.19752 -0.23625 1.62519 -0.81974 -0.82783 -0.13385 -0.27697 1.04774 2
-0.23540 -0.37155 0.16141 0.33430 -0.19353 0.28048 0.30274 0.22195 -0.52772 1.18045 3.56650 3.78421 5.59946 -0.12745 6.32376 3.78036 0.36966 1.44248 -0.14578 -0.66293 -0.48434 2
-0.27289 -0.30464 1.30060 0.82682 0.65393 0.04656 0.65382 -0.27444 -0.40228 0.58690 0.75078 0.70698 0.29903 0.04774 -0.03445 0.02744 0.12766 0.05384 -0.14817 -0.63513 -0.54175 2
0.88916 2.33823 2.24084 -0.05769 -0.06891 -0.19542 -0.19031 0.23912 -0.55453 -0.43062 -0.39286 -0.36831 -0.30259 -0.19752 -0.48130 -0.48420 0.19233 -0.22678 -0.11635 -0.42321 0.47549 2
0.40185 1.23425 0.22630 1.12333 1.40169 0.36921 -0.30542 -0.12068 0.55756 -0.43062 -0.39286 -0.36831 -0.30259 -0.19752 -0.51012 -0.45727 0.41607 0.59625 -0.14021 -0.53280 -0.63801 2
-0.14169 -0.33809 0.30526 1.67615 -0.02529 -0.27609 -0.11357 0.34619 1.65677 5.97597 3.81363 1.59687 -0.30259 0.01270 -0.00562 -0.13413 0.57513 -0.13883 -0.13226 -0.59524 0.51910 2
0.06448 -0.13737 -0.06814 -0.19841 -0.05644 0.20788 0.30849 -0.31591 -0.29347 3.45102 1.27659 0.41653 -0.30259 2.57036 0.81600 0.53908 0.16611 0.17217 -0.13226 -0.63191 -0.07664 2
-0.29163 -0.40500 0.10264 0.63082 0.90941 0.69185 -0.34379 1.08228 1.80450 -0.43062 -0.39286 -0.36831 -0.30259 -0.19752 1.27727 1.75086 0.52969 0.30725 -0.14658 1.65527 1.21745 2
-0.23540 -0.43846 -0.48623 0.32928 -0.21223 0.93384 -0.03683 4.66085 -0.36767 -0.05376 -0.14310 -0.25089 -0.30259 0.15285 -0.49571 -0.47522 1.28655 0.64023 -0.10840 -0.57429 0.88272 2
-0.27289 -0.37155 0.69091 0.07297 -0.10630 0.36921 0.07827 0.02302 0.21977 1.90590 0.92167 0.91091 0.47333 0.99372 0.03762 -0.08027 0.25001 0.33866 -0.14817 -0.65406 -0.80359 2
-0.29163 -0.43846 1.63054 0.14836 -0.15615 -0.35675 -0.34379 0.54788 -0.46411 -0.43062 -0.39286 -0.36831 -0.30259 -0.19752 -0.46688 -0.24184 1.71655 0.28002 -0.12113 -0.44537 -0.76818 2
-0.34786 -0.43846 0.43504 0.70620 0.34859 -0.59873 -0.42053 -0.44651 0.14976 0.92607 2.19676 2.19013 1.69625 -0.19752 1.11871 0.52113 -0.55055 -0.28437 -0.14339 -0.65406 -0.49473 2
-0.02923 0.39790 -1.10878 -0.71103 -0.64219 0.04656 -0.15194 -0.50622 -0.43644 -0.43062 -0.39286 -0.36831 -0.30259 -0.19752 -0.42364 -0.36751 0.46326 -0.10532 -0.14817 -0.45464 1.15364 2
-0.34786 -0.43846 0.60154 -0.57533 -0.39294 -0.59873 -0.42053 -0.78262 -0.54534 -0.43062 -0.39286 -0.36831 -0.30259 -0.19752 -0.59661 -0.55601 -0.57406 -0.69851 -0.14180 -0.16577 0.99948 2
-0.31038 -0.43846 -1.20427 -0.85677 -0.57988 -0.51807 -0.38216 -0.71388 -0.10743 -0.43062 -0.39286 -0.36831 -0.30259 -0.16248 0.71510 0.47625 -0.53133 -0.48542 -0.14498 -0.52434 1.01183 2
-0.29163 -0.33809 0.03592 0.99769 0.32367 -0.27609 -0.03875 -0.15885 -0.22715 1.90213 3.20171 2.00010 1.46220 0.29124 2.69781 2.06861 -0.21119 -0.20736 -0.14817 -0.64722 -0.54108 2
-0.36660 -0.43846 2.69383 0.33933 0.39221 -0.67939 -0.49727 -0.69589 0.37143 0.32121 0.15793 0.02627 -0.08373 -0.12745 -0.51012 -0.49317 -0.82524 -0.73825 -0.13544 -0.65608 -0.74974 2
-0.34786 -0.43846 0.91495 1.51030 2.12453 -0.51807 -0.38216 -0.53284 -0.15669 -0.27988 -0.34028 -0.34359 -0.30259 -0.19752 -0.52454 -0.51113 -0.62816 -0.66825 -0.14419 -0.63714 -0.74744 2
1.52642 -0.37155 1.78786 -0.01246 -0.24962 -0.43741 -0.38216 2.60588 -0.15496 -0.43062 -0.39286 -0.36831 -0.30259 -0.16248 -0.42364 -0.44829 -0.50336 -0.22050 -0.12749 0.31971 0.72006 2
-0.21666 -0.30464 0.40688 0.75143 1.33938 -0.43741 -0.38216 0.09223 0.04333 2.32610 1.20100 0.72150 0.13681 0.78525 -0.22111 -0.29525 -0.59880 -0.57050 -0.13465 -0.64681 -0.71716 2
-0.32912 -0.43846 -0.50337 0.23379 1.33315 -0.19542 -0.22868 -0.02239 0.01742 0.17235 0.18553 0.42889 0.34120 -0.16248 0.15294 0.15311 -0.32507 -0.33673 -0.12272 -0.63916 0.88953 2
-0.29163 -0.43846 0.32240 1.03789 1.37676 -0.43741 -0.34379 -0.28046 0.18309 0.02161 0.71134 1.26934 1.19583 1.13386 0.61420 0.41341 -0.40372 -0.52102 -0.14419 -0.65527 -0.53326 3
0.21442 0.26408 -0.35830 0.18354 -0.00036 -0.11476 -0.19031 -0.62197 -0.46015 0.58501 0.27623 0.16223 0.12669 0.15285 2.41024 2.18530 -0.02800 0.47819 -0.14021 -0.64963 -0.91353 3
-0.14169 -0.10392 -0.11160 -0.41451 -0.34932 -0.51807 -0.26705 -0.29578 -0.33093 -0.05376 -0.24826 -0.30033 -0.30259 -0.12745 -0.22184 -0.25980 -0.39149 -0.23097 -0.12749 -0.56865 -0.71707 3
-0.31038 -0.43846 1.10716 0.18354 -0.10006 -0.27609 0.23175 0.01191 0.07371 -0.43062 -0.39286 -0.36831 -0.30259 -0.19752 -0.40922 -0.39444 -0.36177 -0.37443 -0.13544 0.67263 0.23669 3
-0.32912 -0.43846 -0.89208 -0.76128 -0.82913 -0.03410 -0.15194 -0.28110 -0.60871 -0.43062 -0.39286 -0.36831 -0.30259 -0.19752 -0.53895 -0.52010 0.19932 0.03918 -0.13862 0.94377 1.07271 3
-0.29163 -0.43846 -0.33626 0.58056 -0.00659 0.52650 -0.34379 4.76385 -0.31619 -0.43062 -0.39286 -0.36831 -0.30259 -0.19752 -0.59661 -0.55601 0.40287 0.23049 -0.13544 2.68907 1.26162 3
0.06448 0.19717 -0.10793 -0.23359 0.04326 -0.35675 -0.34379 -0.60390 0.15540 0.39658 0.15793 -0.10937 -0.30259 -0.16248 -0.46688 -0.41284 -0.34552 -0.48013 -0.13862 -0.63875 -0.62875 3
0.02700 0.06336 0.26731 -0.35421 -0.09383 -0.19542 -0.22868 -0.43029 -0.27538 -0.43062 -0.39286 -0.36831 -0.30259 -0.16248 -0.04886 -0.21491 0.00005 0.39730 -0.12431 2.42115 0.13073 3
-0.32912 -0.37155 0.46870 0.07297 0.53553 -0.67939 -0.49727 -0.47647 2.86105 -0.43062 -0.39286 -0.36831 -0.30259 -0.19752 0.02321 -0.12515 -0.79876 -0.76710 -0.14339 -0.44497 -0.70224 3
-0.27289 -0.37155 0.26976 0.49010 0.07441 -0.59873 -0.19223 2.77160 -0.16151 0.28164 0.14412 -0.01760 -0.06462 -0.12745 -0.20886 -0.27012 -0.65840 -0.67610 -0.10840 -0.65366 -0.55809 3
-0.36660 -0.43846 0.56603 -0.49492 -0.32439 -0.67939 -0.49727 -0.68276 -0.51936 -0.43062 -0.39286 -0.36831 -0.30259 -0.19752 -0.59661 -0.55601 -0.82323 -0.88018 -0.14180 -0.53844 1.00927 3
-0.27289 -0.40500 -0.38829 0.11820 -0.22469 -0.27609 -0.34379 -0.11288 -0.01839 -0.43062 -0.39286 -0.36831 -0.30259 -0.19752 0.00880 0.03642 -0.44568 -0.44982 -0.14817 0.13075 -0.54372 3
1.86379 3.44222 1.05452 1.21882 0.59785 -0.59873 -0.42053 0.72229 0.85098 -0.43062 -0.39286 -0.36831 -0.30259 -0.19752 0.21060 0.39546 -0.68515 -0.45924 -0.12749 0.56587 0.00774 3
-0.29163 -0.40500 1.89866 0.14333 0.42337 -0.43741 -0.15194 0.51713 0.01347 -0.43062 -0.39286 -0.36831 -0.30259 -0.16248 0.97456 0.80836 -0.62571 -0.22992 -0.13226 0.45346 0.74673 3
-0.31038 -0.37155 0.11244 0.57553 0.47945 -0.51807 -0.11357 0.06161 1.51229 -0.43062 -0.39286 -0.36831 -0.30259 0.22292 0.19618 0.00949 -0.48413 -0.20479 -0.13862 -0.54529 0.12691 3
-0.12295 -0.23773 0.46687 -0.18836 -0.34932 -0.19542 -0.22868 -0.27339 0.06644 -0.43062 -0.39286 -0.36831 -0.30259 -0.19752 -0.35157 -0.31365 0.27798 -0.31369 -0.12113 0.31648 0.58939 3
-0.29163 -0.33809 0.45218 0.09810 0.07441 -0.51807 -0.42053 -0.69496 -0.46168 0.17235 -0.14310 -0.25089 -0.30259 0.18788 -0.36598 -0.30468 -0.53657 -0.54511 -0.14817 -0.60814 -0.54461 3
-0.32912 -0.43846 1.71318 0.29410 0.24889 -0.51807 -0.42053 -0.71767 -0.19676 -0.43062 -0.39286 -0.36831 -0.30259 -0.16248 -0.58220 -0.54703 -0.72753 -0.68914 -0.13465 -0.50862 -0.60027 3
-0.32912 -0.40500 -0.04427 0.46497 0.39844 -0.59873 -0.45890 0.56555 -0.25708 -0.43062 -0.39286 -0.36831 -0.30259 -0.19752 -0.45247 -0.46625 -0.61872 -0.67286 -0.14419 -0.39541 -0.47806 3
-0.27289 -0.37155 0.52563 -0.11298 -0.08760 0.04656 -0.38216 -0.27214 -0.63297 0.28541 0.97425 1.91822 1.75247 -0.16248 -0.30832 -0.24184 -0.03141 0.40777 -0.13862 -0.64802 0.12712 3
-0.16043 -0.20428 -0.31422 -0.62056 -0.53626 -0.51807 -0.30542 -0.51305 -0.49333 0.28541 -0.05108 -0.21999 -0.30259 0.08277 0.10970 0.16208 -0.41596 -0.47600 -0.14021 -0.56583 -0.49465 3
-0.12295 -0.07046 -0.13854 -0.35923 -0.24962 -0.59873 -0.45890 -0.75172 -0.49854 -0.43062 -0.39286 -0.36831 -0.30259 -0.19752 0.80159 0.32365 -0.59775 -0.22050 -0.14339 -0.13193 -0.84644 3
-0.27289 -0.40500 0.19569 0.10313 0.11803 -0.43741 -0.34379 -0.56841 -0.30585 -0.43062 -0.39286 -0.36831 -0.30259 -0.19752 -0.55337 -0.52908 -0.48763 -0.58699 -0.13703 0.21375 0.48825 3
-0.02923 0.09681 -0.57316 -0.26877 -0.32439 -0.19542 -0.19031 1.43174 -0.23115 -0.43062 -0.39286 -0.36831 -0.30259 1.09883 0.05204 0.10823 -0.21494 -0.26657 -0.14021 -0.52313 -0.83683 3
0.12071 0.86625 -0.35768 -0.35923 -0.22469 -0.67939 -0.49727 -0.14076 -0.34224 2.32044 0.81650 0.18787 -0.30259 2.14992 -0.56778 -0.53806 -0.77080 -0.77652 -0.14817 -0.61821 -0.73838 3
-0.29163 -0.37155 0.07326 -0.32908 0.97796 -0.35675 -0.45890 -0.65611 -0.38218 0.32310 -0.09052 -0.22617 -0.30259 -0.12745 -0.17859 -0.29570 -0.49112 -0.46762 -0.14817 -0.60411 -0.64863 4
-0.27289 -0.43846 0.08918 -0.18836 -0.06891 0.04656 -0.15194 -0.61545 -0.39881 -0.43062 -0.39286 -0.36831 -0.30259 -0.19752 -0.58220 -0.54703 -0.29360 -0.26448 -0.13544 -0.44336 0.94614 4
-0.31038 -0.43846 -0.62580 -0.52005 -0.34309 0.53053 1.30610 -0.51857 -0.50472 -0.12913 -0.09052 0.89855 0.53799 -0.05737 -0.29391 -0.29570 -0.00869 0.03185 -0.13385 -0.65729 1.00706 4
-0.23540 -0.37155 0.00838 -0.26374 0.13673 -0.35675 -0.22868 -0.75584 0.05811 -0.43062 -0.39286 -0.36831 -0.30259 -0.16248 1.03222 0.46727 -0.32856 -0.19537 -0.13624 -0.03967 -0.60488 4
-0.32912 -0.43846 -0.85107 -0.42959 -0.42409 0.04656 -0.34379 0.62157 1.11255 -0.43062 -0.39286 -0.36831 -0.30259 -0.19752 -0.45247 -0.38591 -0.04373 -0.16453 -0.13385 -0.28261 1.01498 4
-0.34786 -0.43846 0.74049 0.20364 -0.07514 -0.67939 -0.49727 0.09545 0.76893 -0.43062 -0.39286 -0.36831 -0.30259 -0.19752 -0.25066 -0.29570 -0.75681 -0.71265 -0.12749 0.91396 0.03770 4
-0.36660 -0.43846 -0.14037 -0.56026 -0.32439 -0.67939 -0.49727 -0.79136 0.15852 -0.43062 -0.39286 -0.36831 -0.30259 -0.19752 -0.42364 -0.43887 -0.50948 -0.15500 -0.13544 -0.43772 -0.73129 4
-0.17918 -0.27119 -0.63559 -0.34918 -0.34309 -0.35675 -0.38216 -0.61827 -0.44888 -0.43062 -0.39286 -0.36831 -0.30259 -0.16248 -0.52454 -0.51113 -0.35600 -0.10914 -0.13544 -0.53642 -0.83827 4
-0.19792 -0.17082 0.55073 -0.53010 -0.49887 -0.67939 -0.49727 -0.80006 -0.44272 -0.43062 -0.39286 -0.36831 -0.30259 -0.19752 -0.42364 -0.44829 -0.75157 -0.85820 -0.14658 0.46273 -0.74927 4
-0.29163 -0.43846 -0.21934 -0.37431 -0.39917 -0.51807 -0.34379 -0.46668 -0.54160 0.32310 0.09351 0.23731 0.52393 -0.12745 0.06645 0.09027 -0.51035 -0.54511 -0.14817 -0.65850 -0.72977 4
-0.08546 -0.00355 -0.05774 -0.34415 -0.41786 -0.59873 -0.45890 -0.47085 -0.55635 -0.43062 -0.39286 -0.36831 -0.30259 0.18788 0.71510 0.26082 0.25526 0.07269 -0.12749 2.30834 0.10102 4
-0.29163 -0.43846 -0.02529 -0.66579 -0.26208 0.28048 0.03607 -0.71718 -0.55126 -0.43062 -0.39286 -0.36831 -0.30259 -0.19752 -0.55337 -0.52908 0.20920 0.01248 -0.13703 -0.25360 0.90344 4
0.02700 0.53171 -0.38951 -0.91708 -0.62973 -0.67939 -0.49727 -0.74293 -0.48036 -0.01608 -0.22197 0.86147 0.62233 -0.09241 3.19439 1.80471 -0.82323 -0.57861 -0.13703 -0.66051 1.02328 4
0.87042 0.73244 -0.07549 -0.38939 -0.16238 -0.67939 -0.49727 -0.51282 -0.30503 -0.39293 -0.37972 -0.36213 -0.30259 -0.16248 -0.12093 -0.16106 -0.80051 -0.69589 -0.12590 -0.51950 -0.00293 4
-0.12295 -0.13737 -0.45991 -0.22857 -0.33686 -0.51807 -0.42053 -0.44625 -0.26849 -0.16682 -0.11747 -0.23266 -0.29416 -0.02234 -0.42364 -0.13503 -0.64206 -0.50521 -0.14419 -0.62707 -0.85513 4
0.12071 0.69898 0.42891 -0.48990 0.24889 -0.67939 -0.49727 -0.76930 -0.45744 -0.43062 -0.39286 -0.36831 -0.30259 -0.19752 -0.58220 -0.54703 -0.82350 -0.88244 -0.13862 -0.62022 0.89381 4
-0.16043 -0.33809 -0.79230 -0.44467 -0.40540 -0.51807 -0.38216 -0.00927 -0.48214 0.62458 -0.02479 -0.19527 -0.30259 0.04774 -0.20742 -0.23287 -0.49986 -0.49799 -0.14260 -0.62506 -0.71468 4
-0.32912 -0.40500 -0.75496 -0.74118 -0.49264 -0.67939 -0.49727 -0.68041 0.88802 -0.43062 -0.39286 -0.36831 -0.30259 -0.19752 0.72663 0.26800 -0.82524 -0.71317 -0.14658 2.63145 1.26038 4
-0.32912 -0.40500 -0.80577 -0.35923 -0.25585 -0.51807 -0.45890 -0.76066 -0.51682 -0.43062 -0.39286 -0.36831 -0.30259 -0.19752 0.92844 0.42957 -0.62467 -0.52924 -0.12431 -0.40105 -0.62897 4
-0.16043 -0.17082 -0.45746 -0.31400 -0.21223 -0.51807 -0.45890 0.00910 0.89729 -0.43062 -0.39286 -0.36831 -0.30259 -0.19752 -0.27949 -0.23287 -0.63271 -0.54930 -0.12590 0.26048 0.53149 4
-0.25415 -0.37155 -0.66253 -0.40949 -0.36178 -0.67939 -0.49727 -0.21831 -0.10430 -0.43062 -0.39286 -0.36831 -0.30259 -0.16248 -0.59661 -0.55601 -0.77779 -0.70532 -0.13385 -0.07431 0.49732 4
-0.32912 -0.43846 -1.11184 -0.72108 -0.59234 -0.67939 -0.49727 -0.60654 -0.33066 -0.43062 -0.39286 -0.36831 -0.30259 -0.19752 -0.45247 -0.06232 -0.82848 -0.77861 -0.14658 0.48126 1.05462 4
-0.34786 -0.43846 -0.23832 -0.12303 -0.37424 -0.43741 -0.34379 2.23941 -0.57899 -0.43062 -0.39286 -0.36831 -0.30259 -0.16248 -0.58220 -0.54703 -0.52259 -0.61003 -0.13385 -0.41838 0.92848 4
-0.34786 -0.43846 -0.82658 -0.18836 -0.39917 -0.35675 -0.42053 1.13662 -0.46374 0.05930 0.02779 0.24967 0.18657 -0.19752 0.68627 0.57498 -0.29360 -0.55244 -0.12749 -0.65286 0.89098 4
-0.34786 -0.43846 -0.42196 -0.33913 -0.23715 -0.59873 -0.42053 -0.77165 -0.65404 -0.39293 -0.37972 -0.36213 -0.30259 -0.19752 -0.52454 -0.49317 -0.66242 -0.71893 -0.14021 -0.56342 0.12895 4
-0.31038 -0.37155 -0.26586 -0.48487 -0.34932 -0.67939 -0.49727 -0.43220 -0.46881 -0.43062 -0.39286 -0.36831 -0.30259 -0.19752 -0.49571 -0.47522 -0.45870 -0.82861 -0.14817 -0.35835 -0.64805 5
-0.10420 0.19717 -0.01427 -0.57031 -0.05644 -0.67939 -0.49727 -0.80418 -0.59356 -0.43062 -0.39286 -0.36831 -0.30259 -0.19752 -0.59661 -0.55601 -0.78128 -0.87704 -0.14021 -0.44174 0.92879 5
-0.32912 -0.43846 -0.92208 -0.69092 -0.57988 -0.59873 -0.45890 -0.66823 -0.55546 -0.43062 -0.39286 -0.36831 -0.30259 -0.19752 -0.56778 -0.53806 -0.69336 -0.69642 -0.14817 -0.42684 -0.60071 5
-0.36660 -0.43846 -0.61784 -0.54015 -0.65465 -0.67939 -0.49727 0.62230 -0.60241 -0.43062 -0.39286 -0.36831 -0.30259 -0.19752 -0.59661 -0.55601 -0.82323 -0.87914 -0.12431 -0.19236 0.91195 5
-0.34786 -0.40500 -0.85352 -0.82159 -0.69204 -0.59873 -0.19031 -0.78479 -0.57892 -0.43062 -0.39286 -0.36831 -0.30259 0.01270 -0.59661 -0.55601 -0.77779 -0.79956 -0.13862 -0.25884 0.92569 5
-0.32912 -0.40500 -1.08001 -0.61051 -0.53003 -0.59873 -0.45890 -0.81243 -0.56141 -0.43062 -0.39286 -0.36831 -0.30259 -0.19752 -0.59661 -0.55601 -0.70262 -0.75767 -0.13862 -0.44174 0.93266 5
-0.32912 -0.40500 -1.10204 -0.91708 -0.61727 -0.51807 -0.45890 -0.63160 -0.41536 -0.43062 -0.39286 -0.36831 -0.30259 -0.19752 -0.59661 -0.55601 -0.62921 -0.75872 -0.14658 2.28054 1.29899 5
-0.34786 -0.43846 -1.04022 -0.65072 -0.65465 -0.67939 -0.49727 -0.81359 -0.63770 -0.43062 -0.39286 -0.36831 -0.30259 -0.19752 -0.56778 -0.53806 -0.73933 -0.89380 -0.13385 -0.32289 0.90943 5
-0.34786 -0.43846 -1.25018 -0.95728 -0.72943 -0.27609 -0.38216 -0.64375 -0.58285 -0.43062 -0.39286 -0.36831 -0.30259 -0.19752 -0.58220 -0.53806 -0.44218 -0.61108 -0.14658 2.12865 1.22471 5
-0.32912 -0.37155 -0.70905 -0.74621 -0.68581 -0.67939 -0.49727 -0.80803 -0.39872 -0.43062 -0.39286 -0.36831 -0.30259 -0.19752 -0.59661 -0.55601 -0.82498 -0.87809 -0.14817 -0.47357 -0.62139 5
-0.23540 -0.27119 -0.86576 -0.63564 -0.60480 -0.51807 -0.42053 -0.80041 -0.56714 -0.43062 -0.39286 -0.36831 -0.30259 -0.19752 -0.52454 -0.51113 -0.63734 -0.53375 -0.13226 -0.32733 -0.83064 5
-0.29163 -0.43846 -1.02553 -0.89195 -0.46771 -0.51807 -0.38216 -0.66939 -0.08040 -0.43062 -0.39286 -0.36831 -0.30259 -0.19752 -0.51012 -0.49317 -0.54356 -0.63306 -0.14817 -0.51668 -0.62277 5
-0.34786 -0.43846 -1.04450 -0.87185 -0.68581 -0.67939 -0.49727 -0.80276 -0.54007 -0.27988 -0.34028 -0.34359 -0.30259 -0.19752 -0.56778 -0.52908 -0.82122 -0.84746 -0.14419 -0.59403 -0.73371 5
-0.34786 -0.43846 -1.27895 -0.94723 -0.74812 -0.67939 -0.49727 -0.81669 -0.62931 -0.43062 -0.39286 -0.36831 -0.30259 -0.19752 -0.55337 -0.52908 -0.81511 -0.89621 -0.14658 2.04083 1.16791 5
-0.34786 -0.40500 -1.25630 -0.97738 -0.66712 -0.51807 -0.42053 -0.81244 -0.53202 -0.43062 -0.39286 -0.36831 -0.30259 -0.19752 -0.59661 -0.55601 -0.70262 -0.75662 -0.14817 1.79547 1.25193 5
-0.08546 0.26408 -1.28140 -0.92713 -0.82913 -0.67939 -0.49727 -0.46921 -0.64677 -0.43062 -0.39286 -0.36831 -0.30259 -0.19752 -0.59661 -0.55601 -0.82149 -0.88228 -0.14817 2.26483 1.27358 5
-0.36660 -0.43846 -1.18285 -0.69092 -0.65465 -0.67939 -0.49727 -0.08431 -0.42712 -0.43062 -0.39286 -0.36831 -0.30259 -0.19752 -0.59661 -0.55601 -0.82323 -0.88018 -0.13067 -0.32853 0.91927 5
-0.36660 -0.43846 -1.30344 -1.00251 -0.78551 -0.67939 -0.49727 -0.81853 -0.51745 -0.43062 -0.39286 -0.36831 -0.30259 -0.19752 -0.59661 -0.55601 -0.81974 -0.88228 -0.14817 3.03635 1.28218 5
-0.34786 -0.40500 -1.28201 -0.96733 -0.76059 -0.67939 -0.49727 -0.79331 -0.53999 -0.43062 -0.39286 -0.36831 -0.30259 -0.19752 -0.59661 -0.55601 -0.82323 -0.88228 -0.14817 2.25637 1.27726 5
-0.36660 -0.43846 -1.29242 -1.01256 -0.84159 -0.67939 -0.49727 -0.81916 -0.65934 -0.43062 -0.39286 -0.36831 -0.30259 -0.19752 -0.59661 -0.55601 -0.82323 -0.88018 -0.14817 0.61260 1.23075 5
-0.36660 -0.43846 -1.32180 -1.01256 -0.84159 -0.67939 -0.49727 -0.82083 -0.60813 -0.43062 -0.39286 -0.36831 -0.30259 -0.19752 -0.59661 -0.55601 -0.82323 -0.88228 -0.14817 2.68302 1.27775 5
-0.36660 -0.43846 -1.33037 -1.01256 -0.87898 -0.67939 -0.49727 -0.81730 -0.65243 -0.43062 -0.39286 -0.36831 -0.30259 -0.19752 -0.59661 -0.55601 -0.82323 -0.88228 -0.14817 2.19997 1.22998 5
0.02700 0.56517 -1.29915 -0.92713 -0.78551 -0.67939 -0.49727 -0.82021 -0.63771 -0.35525 -0.35343 -0.34977 -0.30259 -0.19752 -0.59661 -0.55601 -0.81773 -0.88212 -0.14817 -0.58759 1.02185 5
-0.36660 -0.43846 -1.32670 -0.99246 -0.86029 -0.67939 -0.49727 -0.81858 -0.64440 0.28541 -0.14310 -0.25089 -0.30259 -0.16248 -0.59661 -0.55601 -0.82323 -0.88228 -0.14817 -0.58114 1.01351 5
-0.34786 -0.43846 -1.32241 -1.01256 -0.87898 -0.67939 -0.49727 -0.81855 -0.65331 -0.43062 -0.39286 -0.36831 -0.30259 -0.19752 -0.59661 -0.55601 -0.79701 -0.88228 -0.14817 2.19150 1.23062 5
