-0.14169 -0.10392 0.20610 -0.39944 0.06818 -0.59873 -0.19031 -0.46244 -0.26389 -0.43062 -0.39286 -0.36831 -0.30259 -0.19752 1.68087 0.86222 -0.64145 -0.24668 3.60555 -0.67421 -3.14705 1
-0.10420 -0.17082 0.01388 -0.32405 -0.36178 -0.35675 -0.34379 -0.20062 -0.17243 -0.43062 -0.39286 -0.36831 -0.30259 -0.12745 -0.13535 -0.09823 -0.31982 -0.34197 4.14634 -0.67501 -3.14704 1
0.51431 0.49826 3.25761 1.10323 1.56370 -0.35675 -0.30542 1.30556 2.98745 -0.43062 -0.39286 -0.36831 -0.30259 -0.19752 0.62862 0.52113 -0.17649 -0.13254 12.95803 -0.67864 -3.14702 1
-0.25415 -0.40500 0.06592 0.19359 0.08064 -0.27609 0.15501 1.61591 2.67305 -0.05376 -0.22197 -0.28797 -0.29135 -0.05737 0.19618 0.15311 -0.42645 -0.27181 1.17200 -0.67461 -3.14705 1
-0.29163 -0.33809 -0.64049 0.13831 0.42960 -0.67939 -0.49727 -0.30707 -0.22521 1.37830 0.61932 1.11484 0.54923 0.64336 0.16735 0.19799 -0.76031 -0.55453 0.97318 -0.67300 -3.14706 1
0.43934 1.36806 -0.42379 -0.19841 -0.16238 -0.19542 0.53871 0.02765 0.11110 -0.43062 -0.39286 -0.36831 -0.30259 -0.19752 -0.19301 -0.25980 -0.58901 -0.56919 4.90981 -0.67461 -3.14705 1
-0.16043 -0.23773 -0.48623 -0.56528 -0.56742 -0.59873 -0.45890 0.48485 -0.56478 0.17235 -0.11681 -0.20763 -0.14235 0.43314 -0.38039 -0.36751 -0.61173 -0.68961 1.14019 -0.67340 -3.14706 1
-0.04798 -0.40500 0.68050 0.86702 0.71624 1.57913 0.07827 0.99606 -0.45877 -0.20451 -0.30084 -0.32505 -0.30259 -0.05737 -0.52454 -0.51113 1.48407 1.76169 2.70688 -0.67824 -3.14703 1
0.47682 -0.43846 0.98168 0.35943 0.09934 3.91025 5.74355 -0.38917 -0.45464 0.58501 1.49611 0.72335 0.46897 -0.19752 0.43907 0.23210 2.75265 3.27991 -0.14180 -0.65326 -0.53769 1
1.13282 1.16734 3.20619 4.45029 0.91564 0.77251 0.80730 8.39314 0.74078 1.45367 1.02683 0.28675 -0.30259 0.39810 0.52772 0.29672 1.30753 2.31143 -0.10522 -0.56503 -0.02647 1
0.87042 1.33461 1.24367 0.72128 0.43583 2.05100 3.13250 0.04524 -0.08008 0.50776 1.27002 1.64445 2.01027 -0.09241 0.95366 0.94615 1.65187 1.88536 -0.13226 -0.64641 -0.55389 1
0.43934 1.20079 1.49587 3.81204 1.12751 1.90178 0.30849 1.35841 1.89498 8.61397 5.86429 2.85755 0.06569 0.01270 0.32591 0.10823 2.07313 1.85907 -0.13385 -0.62425 0.11246 1
1.32025 1.20079 1.88580 0.50015 0.72247 2.39381 1.42505 0.41632 0.60177 1.41975 1.33246 1.22917 0.19880 2.61065 -0.09138 -0.15118 2.32965 2.39248 -0.13226 -0.62103 -0.54432 1
-0.14169 -0.43846 0.64500 1.53040 1.40169 2.46641 -0.11357 3.21449 -0.24990 -0.43062 -0.39286 -0.36831 -0.30259 -0.19752 -0.29391 -0.20594 2.37728 1.97321 -0.12749 0.57151 1.04617 1
2.53853 4.41238 3.75527 0.58056 0.44829 0.12722 0.95694 0.51045 0.22011 -0.43062 -0.39286 -0.36831 -0.30259 -0.19752 1.31691 1.13689 0.79013 0.49698 -0.11476 -0.07431 0.00627 1
0.38311 -0.10392 0.44116 1.20374 1.00912 1.01853 -0.19031 1.21977 0.11270 -0.43062 -0.39286 -0.36831 -0.30259 -0.12745 3.21673 2.32219 1.13867 1.79970 -0.13385 0.44339 -0.84207 1
1.28276 1.97024 2.30879 0.61071 0.44206 0.77251 1.45958 0.67722 0.76586 -0.43062 -0.39286 -0.36831 -0.30259 -0.16248 0.52772 0.59294 1.80395 1.19834 -0.12113 -0.41354 0.01987 1
-0.19792 -0.43846 1.41323 1.32435 1.56370 2.71646 0.15693 0.35552 -0.20982 0.06118 0.47670 0.27563 0.03828 -0.19752 -0.32202 -0.34013 2.56614 2.39352 -0.13465 -0.61579 -0.49884 1
-0.02923 -0.43846 1.81786 2.36466 2.35509 2.46641 -0.11357 0.65192 0.39236 -0.12913 -0.28770 -0.31887 -0.30259 -0.16248 -0.43805 -0.38546 2.32484 1.99310 -0.10681 -0.61740 0.51255 1
0.81419 0.63207 0.33954 0.78661 0.32990 2.22442 3.37806 3.31164 0.07605 0.02161 0.26440 -0.05932 -0.30259 -0.09241 -0.00562 -0.09823 1.42289 1.69258 -0.14817 -0.55697 -0.54526 1
-0.19792 -0.43846 0.33464 -0.37431 -0.01906 1.74045 2.87926 -0.42567 -0.09441 -0.09145 0.71134 1.15192 0.77414 -0.19752 0.15294 0.14413 0.85131 1.24232 -0.14339 -0.65970 -0.58360 1
-0.25415 -0.43846 -0.16976 0.19359 0.16165 1.57510 3.44713 0.13072 -0.34516 0.62270 1.10241 1.09939 0.85623 -0.19752 2.10754 1.87159 0.88085 1.54620 -0.14817 -0.65366 -0.53895 1
0.23317 -0.10392 0.32852 0.60066 0.21773 2.29702 0.38331 0.19471 0.23746 -0.43062 -0.39286 -0.36831 -0.30259 -0.19752 -0.49571 -0.45727 1.93627 2.38850 -0.10681 -0.28825 0.53402 1
-0.14169 -0.27119 0.72886 0.85697 0.14919 1.65979 2.64904 0.15468 -0.50669 -0.35525 -0.35343 -0.34977 -0.30259 0.36306 0.52772 0.41341 0.71147 0.98787 -0.14180 -0.64198 -0.50718 1
-0.16043 -0.40500 0.30343 1.11328 1.37676 2.46641 -0.03683 0.07744 -0.56405 -0.43062 -0.39286 -0.36831 -0.30259 -0.05737 -0.59661 -0.55601 2.54683 2.07269 -0.14658 -0.08519 1.06617 1
-0.06672 -0.20428 2.71586 0.05790 0.15542 0.04656 0.84567 0.30861 0.55360 -0.43062 -0.39286 -0.36831 -0.30259 -0.19752 0.22501 0.02744 0.59611 0.05070 -0.12908 0.48167 0.75714 2
-0.04798 -0.20428 1.64095 -0.14313 -0.22469 0.12722 0.88404 0.06821 -0.41583 -0.43062 -0.39286 -0.36831 -0.30259 -0.19752 -0.56778 -0.53806 0.67302 -0.02469 -0.13067 -0.37164 0.48907 2
-0.17918 -0.33809 0.49196 1.00774 1.59486 0.53053 -0.34379 0.32491 0.68099 -0.43062 -0.39286 -0.36831 -0.30259 -0.16248 0.02321 -0.09823 0.48773 0.48630 -0.14180 -0.54609 -0.57902 2
0.28939 -0.20428 0.03408 0.25389 0.03703 0.77251 0.19338 -0.18971 -0.16794 2.09433 0.98739 1.83788 0.88659 0.36306 1.55114 1.18536 0.51395 0.80253 -0.14817 -0.63473 -0.61007 2
3.94424 7.15562 1.82092 1.31430 1.80050 -0.59873 -0.19031 1.49934 1.50906 -0.43062 -0.39286 -0.36831 -0.30259 -0.19752 0.31150 1.01481 -0.78478 -0.62050 -0.11635 -0.25319 0.01424 2
0.08322 0.56517 -0.80454 -0.80149 -0.73566 0.44584 0.15310 -0.29365 -0.49302 -0.43062 -0.39286 -0.36831 -0.30259 -0.19752 -0.52454 -0.49317 1.23499 0.41756 -0.14180 0.21093 1.15610 2
-0.32912 -0.43846 -0.91351 -0.73615 -0.47395 0.20788 0.03990 0.38143 1.85294 7.44571 4.77323 2.06035 -0.30259 -0.19752 -0.49571 -0.49317 0.66952 0.04756 -0.14021 -0.56140 1.97539 2
0.64551 1.06698 2.16616 0.75646 4.80400 -0.43741 -0.15194 0.21229 0.44296 1.68355 1.22729 0.77094 0.28891 0.96043 0.47222 0.71232 -0.57948 -0.48762 -0.13385 -0.65205 -0.66382 2
-0.19792 -0.37155 2.36939 0.10815 0.19904 -0.11476 -0.22868 -0.26626 -0.21752 0.32121 -0.01231 -0.20794 -0.30259 -0.05737 -0.42364 -0.42181 0.03300 -0.05794 -0.12908 -0.60612 0.30868 2
-0.29163 -0.37155 0.49931 -0.11298 0.25512 -0.35675 -0.30542 -0.29850 2.47704 -0.39293 -0.36657 -0.35595 -0.30259 -0.16248 -0.49571 -0.46625 -0.17824 -0.40165 -0.13703 -0.56543 0.11989 2
0.85168 2.57241 1.89499 0.19861 0.27382 -0.67939 -0.49727 -0.71006 -0.24314 -0.43062 -0.39286 -0.36831 -0.30259 -0.16248 -0.40922 -0.40341 0.30420 -0.36081 -0.14419 -0.56140 -0.52067 2
-0.14169 -0.30464 -0.10916 0.29410 0.34859 0.44987 -0.30542 -0.42986 -0.52807 -0.05376 -0.06423 0.20023 0.07974 -0.16248 -0.52454 -0.51113 0.33566 0.35332 -0.13544 -0.64077 -0.87340 2
-0.25415 -0.30464 0.64500 0.40466 0.61031 -0.27609 -0.00038 -0.19679 -0.08594 -0.43062 -0.39286 -0.36831 -0.30259 -0.16248 0.95727 0.42060 0.17083 0.54714 -0.14578 -0.31121 -0.67563 2
0.34562 0.69898 0.25445 -0.08282 0.07441 0.36921 0.11664 0.17585 -0.11141 -0.43062 -0.39286 -0.36831 -0.30259 -0.19752 -0.58220 -0.54703 0.55066 0.46013 -0.13067 -0.50903 0.94175 2
-0.34786 -0.40500 1.60177 0.05287 0.55423 -0.43741 -0.07520 -0.78161 1.05389 0.55110 -0.01099 -0.18878 -0.30259 -0.09241 -0.56778 -0.53806 -0.54269 -0.49390 -0.14419 -0.61740 -0.77408 2
-0.17918 -0.40500 0.92597 0.78661 0.63523 0.60716 -0.03875 -0.22860 -0.09086 -0.43062 -0.39286 -0.36831 -0.30259 -0.19752 -0.48130 -0.47522 0.59130 0.41023 -0.13862 -0.44295 0.46658 2
3.85053 6.95489 1.62687 1.09317 0.82841 -0.51807 -0.42053 0.24136 0.97994 -0.43062 -0.39286 -0.29415 -0.24074 -0.16248 -0.30832 0.37751 -0.56803 -0.45610 -0.11954 -0.30396 0.01801 2
0.02700 -0.40500 0.51890 -0.21851 -0.03152 3.83766 0.19338 -0.12718 -0.08681 -0.39293 -0.36657 -0.35595 -0.30259 -0.19752 -0.26508 -0.31365 1.16944 1.43604 -0.13703 -0.54690 0.91937 2
0.49557 0.73244 -0.30994 -0.01749 -0.11876 0.20788 0.15501 1.01387 -0.14510 0.02161 -0.23512 -0.29415 -0.30259 0.04774 1.55114 0.82632 0.28672 0.47164 -0.14817 -0.60169 -0.49687 2
2.12619 3.70985 0.55624 0.41471 0.24266 -0.19542 -0.30542 0.59723 0.33125 -0.43062 -0.39286 -0.36831 -0.30259 -0.19752 -0.10652 -0.17901 -0.07511 -0.14406 -0.13862 -0.42321 -0.78235 2
-0.19792 -0.40500 0.41790 0.10815 0.31120 -0.19542 -0.34379 -0.32629 0.18702 -0.39293 -0.36657 -0.35595 -0.30259 -0.16248 -0.30832 -0.29570 -0.00694 -0.09694 -0.14498 -0.45907 -0.77474 2
-0.31038 -0.43846 -0.96860 -0.84169 -0.85406 0.37324 0.04182 -0.45484 -0.54480 -0.43062 -0.39286 -0.36831 -0.30259 -0.19752 -0.43805 -0.41194 1.20352 0.22060 -0.14498 4.03550 1.33300 2
0.47682 1.56879 0.26058 0.27902 -0.04398 -0.35675 0.27204 3.26398 -0.26696 -0.09145 0.05474 0.30653 0.12838 -0.12745 -0.32202 -0.36706 -0.56725 -0.08050 -0.12908 -0.65769 -0.58202 2
-0.31038 -0.43846 0.07693 -0.14816 -0.33062 -0.03410 -0.15194 0.66618 -0.50061 0.09510 1.06364 1.71645 2.49184 0.18788 -0.19373 -0.15298 0.24582 0.48547 -0.11635 -0.64883 -0.49781 2
-0.25415 -0.30464 0.58011 0.80169 0.13050 -0.11476 0.11664 -0.56863 -0.41541 0.13467 0.36956 0.76260 0.79100 0.01270 -0.40922 -0.23287 0.34965 0.26117 -0.14021 -0.63755 -0.61583 2
0.68299 2.43859 -0.53888 -0.45974 -0.49887 -0.59873 -0.45890 1.03464 0.36848 -0.43062 -0.39286 -0.36831 -0.30259 -0.19752 1.19078 1.46362 -0.68515 -0.72416 -0.12908 -0.20847 0.91541 3
0.79545 2.57241 0.11366 -0.32405 -0.16238 -0.67939 -0.49727 -0.33003 -0.09417 -0.43062 -0.39286 -0.36831 -0.30259 -0.19752 -0.20742 -0.17003 -0.77080 -0.69799 -0.14260 -0.34384 -0.79121 3
-0.17918 -0.13737 0.35178 0.05790 -0.22469 -0.59873 -0.45890 -0.20197 -0.47688 -0.05376 -0.24826 -0.30651 -0.30259 0.08277 -0.33787 -0.33205 -0.51996 -0.43935 -0.14419 -0.59645 -0.82743 3
-0.29163 -0.33809 0.59725 0.23379 0.23020 -0.43741 -0.38216 -0.55482 1.32046 0.51153 0.05408 -0.08404 -0.22106 0.08277 -0.36598 -0.32263 -0.55055 -0.55139 -0.13385 -0.65648 -0.75300 3
-0.32912 -0.43846 0.32607 -0.28887 -0.13745 -0.67939 -0.49727 -0.53070 0.27663 -0.43062 -0.39286 -0.36831 -0.30259 -0.16248 -0.55337 -0.51113 -0.64669 -0.71998 -0.13067 0.48328 0.48943 3
1.13282 1.16734 -0.11711 -0.55523 -0.19977 -0.27609 -0.22868 -0.57540 0.09641 0.36078 0.65876 0.67608 0.24280 0.04774 -0.12093 0.00051 0.65029 -0.42783 -0.11795 -0.65769 0.63817 3
-0.01049 0.09681 0.14917 0.49512 0.08064 -0.59873 -0.45890 0.00399 -0.26969 -0.43062 -0.39286 -0.36831 -0.30259 0.08277 -0.14976 -0.03539 0.01404 -0.41736 -0.09568 -0.52232 -0.01403 3
-0.23540 -0.27119 -0.09630 -0.46980 -0.01283 -0.51807 -0.42053 -0.34246 -0.49801 -0.43062 -0.39286 -0.36831 -0.30259 -0.12745 -0.20742 -0.12515 -0.54181 -0.49170 -0.14021 -0.39743 -0.66424 3
-0.31038 -0.40500 -0.05100 -0.26374 -0.26831 -0.59873 -0.45890 -0.60136 -0.35239 -0.24219 -0.30084 -0.33123 -0.30259 -0.16248 0.45348 0.12483 -0.67352 -0.33799 -0.13544 -0.60129 -0.57860 3
-0.31038 -0.43846 1.11206 0.09307 -0.21223 -0.43741 -0.38216 0.34080 0.89028 -0.43062 -0.39286 -0.36831 -0.30259 -0.19752 -0.26580 -0.23332 -0.44672 0.03091 -0.12749 0.71413 0.00325 3
-0.29163 -0.37155 0.08489 -0.27380 -0.01906 -0.51807 -0.15194 -0.61860 -0.09644 1.26524 0.52731 0.05810 -0.30259 0.01270 -0.55337 -0.52010 -0.54006 -0.65820 -0.14578 -0.58759 -0.75056 3
-0.31038 -0.40500 -0.59152 -0.02754 -0.17484 -0.43741 -0.07520 0.73474 0.65690 -0.43062 -0.39286 -0.36831 -0.30259 -0.19752 -0.40994 -0.43977 -0.26004 -0.31186 -0.11954 -0.18108 0.64010 3
-0.34786 -0.43846 -0.96799 -0.59544 -0.45525 -0.51807 -0.42053 -0.67503 -0.59432 -0.43062 -0.39286 -0.36831 -0.30259 -0.19752 -0.59661 -0.55601 -0.58901 -0.71055 -0.14658 -0.43933 1.02451 3
-0.36660 -0.43846 -0.36931 -0.26374 -0.14368 -0.67939 -0.49727 -0.80139 -0.50892 -0.27988 0.15924 -0.00370 -0.14797 -0.09241 0.47006 0.10823 -0.82498 -0.34930 -0.14339 -0.64359 -0.54238 3
-0.32912 -0.43846 0.13141 0.00764 -0.19977 -0.59873 -0.19031 -0.28621 -0.52454 -0.43062 -0.39286 -0.36831 -0.30259 -0.16248 -0.39481 -0.42137 -0.66767 -0.66029 -0.13544 -0.43409 -0.02241 3
-0.32912 -0.43846 -0.16915 0.20866 -0.40540 -0.51807 -0.19031 3.48348 -0.54651 -0.16682 -0.28770 -0.31887 -0.30259 0.22292 -0.36670 -0.39489 -0.71888 -0.62956 -0.13544 -0.61015 -0.55081 3
-0.29163 -0.40500 -0.01060 -0.06775 -0.06268 -0.59873 -0.45890 -0.46400 0.39006 -0.05376 -0.22197 -0.27561 -0.29135 -0.09241 -0.29391 -0.30468 -0.70612 -0.59118 -0.13544 -0.64601 -0.03640 3
-0.16043 -0.17082 -0.51439 -0.13308 -0.07514 -0.35675 -0.30542 -0.34750 -0.09877 1.18610 0.70937 0.14369 -0.30259 -0.16248 -0.40994 -0.42181 -0.21293 0.00897 -0.14658 -0.59323 -0.84440 3
-0.23540 -0.40500 -0.34116 -0.49995 -0.38671 -0.27609 0.30849 1.23044 -0.22888 0.09698 0.00150 0.13844 0.10786 0.25795 -0.23625 0.48522 -0.31283 -0.13987 -0.14339 -0.65004 -0.64812 3
-0.36660 -0.43846 -0.32646 0.39461 -0.00036 -0.59873 -0.19031 3.94561 -0.06650 -0.43062 -0.39286 -0.36831 -0.30259 -0.16248 -0.58220 -0.54703 -0.80925 -0.62469 -0.14817 -0.54408 -0.69003 3
0.36437 0.79934 1.52648 1.22887 0.67885 -0.67939 -0.49727 0.32162 1.00578 -0.43062 -0.39286 -0.36831 -0.30259 -0.19752 -0.00562 0.03642 -0.83197 -0.73254 -0.13067 0.75079 0.01040 3
-0.31038 -0.37155 0.68356 -0.32405 0.06195 -0.43741 -0.30542 -0.69256 -0.50600 0.58878 -0.01099 -0.18878 -0.30259 -0.09241 -0.56778 -0.53806 -0.34482 -0.48129 -0.14419 -0.62183 -0.71639 3
-0.34786 -0.43846 -0.15751 -0.32405 -0.24339 -0.35675 -0.30542 0.03703 -0.48508 0.32310 -0.09052 -0.22617 -0.30259 0.46817 -0.38039 -0.41239 -0.16076 -0.26762 -0.14817 -0.62667 -0.73702 3
-0.29163 -0.43846 -0.35707 -0.65072 -0.59234 -0.43741 -0.38216 -0.23318 -0.48229 -0.43062 -0.39286 -0.36831 -0.30259 -0.19752 -0.01859 0.56825 -0.36929 -0.12668 -0.13385 -0.50218 -0.61566 3
-0.29163 -0.30464 -0.59581 -0.59041 -0.37424 -0.59873 -0.42053 -0.15121 -0.31925 -0.43062 -0.39286 -0.36831 -0.30259 -0.09241 -0.58220 -0.54703 -0.65132 -0.44040 -0.13862 -0.48002 -0.47254 3
-0.25415 -0.27119 0.90944 -0.09790 -0.21846 -0.67939 -0.49727 -0.74679 -0.43158 -0.43062 -0.39286 -0.36831 -0.30259 -0.19752 -0.51012 -0.47522 -0.78653 -0.82259 -0.14419 -0.49251 -0.49338 4
-0.34786 -0.40500 -0.58846 0.06292 0.26135 -0.51807 -0.42053 0.00705 1.40441 -0.31756 0.01464 0.35473 0.49020 0.25795 -0.32274 -0.22389 -0.71311 -0.67390 -0.13544 -0.66172 0.11213 4
-0.16043 -0.10392 0.53175 -0.25872 -0.14368 -0.03410 0.00154 -0.75661 -0.50186 -0.43062 -0.39286 -0.36831 -0.30259 -0.19752 0.03762 -0.15208 -0.25515 -0.14406 -0.13783 -0.43369 -0.79893 4
-0.08546 -0.40500 -0.52969 -0.30898 0.05572 -0.43741 -0.38216 -0.60025 0.15776 0.02161 -0.07803 0.00186 0.28385 0.01270 1.30249 0.67148 -0.42575 -0.27841 -0.13226 -0.57913 -0.63314 4
-0.34786 -0.43846 1.14879 0.31923 0.28005 -0.67939 -0.49727 -0.78481 -0.31588 -0.43062 -0.39286 -0.36831 -0.30259 -0.16248 -0.59661 -0.55601 -0.80637 -0.86594 -0.13862 -0.60250 -0.62794 4
1.22654 2.90695 -0.68273 -0.25369 -0.26208 -0.19542 -0.30542 -0.67877 -0.40517 -0.43062 -0.39286 -0.36831 -0.30259 -0.19752 -0.49571 -0.34956 -0.43519 -0.47914 -0.14817 -0.16980 -0.84354 4
-0.27289 -0.37155 -0.51623 -0.42959 0.01210 -0.35675 -0.38216 1.27192 -0.49488 -0.43062 -0.39286 -0.36831 -0.30259 -0.19752 -0.49571 -0.47522 -0.44742 -0.60165 -0.14260 -0.41354 -0.66528 4
-0.27289 -0.37155 -0.75986 -0.64569 -0.73566 -0.27609 0.88404 0.48802 -0.62192 -0.43062 -0.39286 -0.36831 -0.30259 -0.19752 -0.23625 -0.32263 -0.22019 -0.39956 -0.14021 0.58803 0.97958 4
-0.27289 -0.33809 -0.36258 -0.62056 -0.59857 -0.19542 -0.26705 -0.68348 -0.53848 -0.43062 -0.39286 -0.36831 -0.30259 -0.19752 -0.10652 -0.10720 -0.34080 -0.31474 -0.13624 -0.42482 -0.61682 4
-0.29163 -0.43846 -0.55234 -0.30395 -0.28077 -0.51807 -0.34379 -0.41866 -0.47582 -0.43062 -0.39286 -0.36831 -0.30259 -0.19752 -0.45247 -0.41239 -0.54531 -0.47076 -0.13544 -0.45665 -0.53226 4
-0.16043 -0.27119 -0.54500 -0.19339 -0.26208 0.20788 -0.38216 -0.60504 -0.61216 -0.43062 -0.39286 -0.36831 -0.30259 -0.19752 -0.59661 -0.55601 0.13989 -0.05401 -0.12908 1.74068 0.93707 4
0.06448 0.66553 1.39793 -0.60046 -0.18730 -0.67939 -0.49727 -0.49182 -0.30279 0.58878 0.25257 0.15790 0.07201 -0.16248 -0.49571 -0.45727 -0.83346 -0.71841 -0.14817 -0.66253 -0.73913 4
-0.25415 -0.40500 -0.01489 -0.42959 -0.15615 -0.27609 -0.26705 -0.62063 -0.23008 -0.43062 -0.39286 -0.36831 -0.30259 -0.19752 -0.45247 -0.44829 -0.06462 -0.41841 -0.12272 0.39464 0.48285 4
0.55179 1.56879 -0.93554 -0.51000 -0.41163 -0.51807 -0.42053 -0.52724 -0.43590 -0.43062 -0.39286 -0.36831 -0.30259 -0.19752 -0.55337 -0.52908 -0.44917 -0.38699 -0.14817 -0.45101 -0.73525 4
-0.32912 -0.40500 -0.44828 -0.43964 -0.36178 -0.43741 -0.30542 0.13996 -0.12882 -0.43062 -0.39286 -0.36831 -0.30259 -0.12745 -0.22184 -0.10720 -0.39673 -0.52626 -0.13862 -0.57873 0.48587 4
-0.04798 0.36444 -0.91779 -0.82159 -0.53003 -0.59873 -0.45890 -0.81145 -0.58454 -0.43062 -0.39286 -0.36831 -0.30259 -0.19752 -0.16490 -0.28717 -0.71189 -0.76437 -0.14419 -0.42805 -0.68877 4
-0.32912 -0.43846 -0.60499 -0.51503 -0.34309 -0.59873 -0.38216 -0.80582 -0.37215 -0.43062 -0.39286 -0.36831 -0.30259 -0.19752 -0.53895 -0.52010 -0.70612 -0.72626 -0.13862 -0.28905 -0.83961 4
-0.16043 -0.33809 -0.79230 -0.44467 -0.40540 -0.51807 -0.38216 -0.00927 -0.48214 0.62458 -0.02479 -0.19527 -0.30259 0.04774 -0.20742 -0.23287 -0.49986 -0.49799 -0.14260 -0.62506 -0.71468 4
-0.23540 -0.43846 0.87700 -0.24364 -0.05644 -0.43741 0.08019 -0.43473 -0.02467 0.73952 0.14741 -0.12668 -0.30259 -0.05737 0.16880 0.09162 -0.59006 -0.45296 -0.11476 -0.61619 -0.83165 4
0.08322 0.69898 0.86047 -0.46477 -0.36178 -0.67939 -0.49727 -0.39269 -0.49996 -0.39293 -0.36657 -0.35595 -0.30259 -0.19752 -0.46688 -0.47522 -0.80575 -0.86552 -0.14339 -0.57590 1.00575 4
-0.36660 -0.43846 -1.27467 -0.92210 -0.78551 -0.67939 -0.49727 -0.82019 -0.64154 -0.43062 -0.39286 -0.36831 -0.30259 -0.19752 -0.59661 -0.55601 -0.82323 -0.88228 -0.14658 -0.31161 1.02693 4
0.30814 1.40152 1.08880 -0.27380 -0.08137 -0.67939 -0.49727 -0.78864 -0.63692 -0.43062 -0.39286 -0.36831 -0.30259 -0.19752 -0.46688 -0.47522 -0.81974 -0.73045 -0.13862 -0.39058 0.28362 4
-0.36660 -0.43846 -1.23059 -0.78641 -0.74189 -0.67939 -0.49727 0.27073 -0.60702 -0.43062 -0.39286 -0.36831 -0.30259 -0.19752 -0.03445 0.13515 -0.82323 -0.59327 -0.13703 0.93088 1.20790 4
-0.32912 -0.40500 -0.78312 -0.25872 -0.23092 -0.67939 -0.49727 -0.77176 -0.06897 -0.43062 -0.39286 -0.36831 -0.30259 -0.19752 -0.59661 -0.55601 -0.81974 -0.85087 -0.13385 0.08482 0.49965 4
-0.19792 -0.40500 -0.65335 -0.58036 -0.48018 -0.51807 -0.38216 -0.63525 -0.54720 -0.20451 -0.31399 -0.33123 -0.30259 0.01270 -0.03301 -0.16016 -0.44463 -0.50542 -0.13226 -0.57510 -0.63869 4
-0.34786 -0.40500 -0.68395 1.12333 -0.61727 -0.59873 -0.45890 -0.25738 -0.28783 -0.43062 -0.39286 -0.36831 -0.30259 -0.19752 -0.59661 -0.55601 -0.75375 -0.70689 -0.14498 2.59036 1.19701 5
0.51431 1.73606 -0.07671 -0.66579 -0.39917 -0.67939 -0.49727 -0.75538 -0.05159 -0.43062 -0.39286 -0.36831 -0.30259 -0.19752 -0.59661 -0.55601 -0.82323 -0.88018 -0.13703 -0.40428 0.75223 5
-0.32912 -0.40500 -1.17305 -0.95728 -0.76682 -0.35675 -0.38216 -0.61933 -0.17224 -0.43062 -0.39286 -0.36831 -0.30259 -0.19752 -0.59661 -0.55601 -0.49733 -0.56788 -0.14658 2.30069 1.26219 5
-0.02923 0.13026 -0.78679 -0.59544 -0.45525 -0.67939 -0.49727 -0.78308 -0.47829 -0.43062 -0.39286 -0.36831 -0.30259 -0.19752 -0.59661 -0.55601 -0.71364 -0.86888 -0.14658 -0.00824 -0.58946 5
-0.34786 -0.43846 -0.83699 -0.58538 -0.36801 -0.67939 -0.49727 -0.76334 -0.52646 -0.43062 -0.39286 -0.36831 -0.30259 -0.19752 -0.55337 -0.52010 -0.79736 -0.86783 -0.10999 -0.55939 -0.64856 5
-0.32912 -0.40500 -1.22447 -0.96733 -0.77305 -0.35675 -0.34379 -0.74577 -0.23740 -0.43062 -0.39286 -0.36831 -0.30259 -0.19752 -0.59661 -0.55601 -0.35303 -0.58280 -0.14658 2.32889 1.27279 5
-0.27289 -0.30464 -1.00839 -0.58538 -0.62350 -0.51807 -0.42053 0.25905 -0.54410 -0.16682 -0.28770 -0.32505 -0.30259 0.29299 -0.52454 -0.49317 -0.55929 -0.63725 -0.14817 -0.62465 0.94506 5
-0.27289 -0.37155 -1.09164 -0.80149 -0.66089 -0.51807 -0.42053 -0.77514 -0.41466 -0.43062 -0.39286 -0.36831 -0.30259 -0.19752 -0.55337 -0.52908 -0.68864 -0.76291 -0.14578 -0.48002 -0.69050 5
-0.31038 -0.37155 -1.09347 -0.75123 -0.63596 -0.59873 -0.45890 -0.24509 0.09595 -0.43062 -0.39286 -0.36831 -0.30259 -0.19752 -0.55337 -0.52908 -0.61523 -0.75348 -0.14658 1.67501 1.21843 5
-0.31038 -0.40500 -1.07878 -0.65574 -0.76682 -0.35675 -0.45890 0.71729 -0.64966 -0.43062 -0.39286 -0.36831 -0.30259 -0.12745 -0.59661 -0.55601 -0.52783 -0.60060 -0.13703 -0.36802 0.92034 5
-0.04798 0.39790 -1.27344 -0.92210 -0.74189 -0.67939 -0.49727 -0.42668 -0.48610 -0.43062 -0.39286 -0.36831 -0.30259 -0.19752 -0.59661 -0.55601 -0.82149 -0.87076 -0.14817 2.25838 1.29484 5
0.13945 0.79934 -0.94901 -0.95728 -0.79174 -0.67939 -0.49727 -0.81699 -0.62407 -0.43062 -0.39286 -0.36831 -0.30259 -0.19752 -0.59661 -0.55601 -0.82323 -0.88228 -0.14817 1.15206 1.18545 5
-0.29163 -0.43846 -1.29732 -1.00251 -0.83536 -0.59873 -0.45890 -0.82086 -0.60097 -0.43062 -0.39286 -0.36831 -0.30259 -0.19752 -0.22256 -0.12605 -0.66129 -0.73406 -0.14658 2.60406 1.26242 5
-0.36660 -0.43846 -1.26610 -0.84169 -0.82290 -0.67939 -0.49727 -0.25036 -0.42926 -0.43062 -0.39286 -0.36831 -0.30259 -0.19752 0.12267 0.33981 -0.82350 -0.88139 -0.14817 1.96468 1.23349 5
-0.32912 -0.40500 -1.25998 -0.97738 -0.79798 -0.59873 -0.45890 -0.79205 -0.61163 -0.43062 -0.39286 -0.36831 -0.30259 -0.19752 -0.59661 -0.55601 -0.67116 -0.79642 -0.14817 2.33131 1.28455 5
-0.29163 -0.30464 -1.27589 -0.88190 -0.74189 -0.67939 -0.49727 -0.80728 -0.62286 -0.43062 -0.39286 -0.36831 -0.30259 -0.09241 -0.59661 -0.55601 -0.85837 -0.89710 -0.14817 -0.53844 1.00867 5
-0.34786 -0.40500 -1.31201 -0.99749 -0.86029 -0.67939 -0.49727 -0.70858 -0.56994 -0.43062 -0.39286 -0.36831 -0.30259 -0.19752 -0.59661 -0.55601 -0.82498 -0.88228 -0.14021 0.73911 1.16903 5
-0.36660 -0.43846 -1.25202 -0.65574 -0.75436 -0.67939 -0.49727 -0.35438 0.05463 -0.43062 -0.39286 -0.36831 -0.30259 -0.19752 -0.59661 -0.55601 -0.82323 -0.86552 -0.12749 -0.33981 0.98276 5
-0.36660 -0.43846 -0.48011 -0.91708 -0.72320 -0.67939 -0.49727 -0.81459 -0.64587 -0.43062 -0.39286 -0.36831 -0.30259 -0.19752 -0.59661 -0.55601 -0.82323 -0.88228 -0.14817 1.10976 1.18503 5
-0.36660 -0.43846 -1.22141 -0.95226 -0.79798 -0.59873 -0.42053 -0.81280 -0.60662 -0.43062 -0.39286 -0.36831 -0.30259 -0.19752 -0.58220 -0.53806 -0.75550 -0.81139 -0.14658 -0.18148 0.98131 5
-0.32912 -0.40500 -0.94105 -0.90703 -0.79798 -0.67939 -0.49727 -0.77018 -0.64112 -0.43062 -0.39286 -0.36831 -0.30259 -0.19752 -0.59661 -0.55601 -0.82498 -0.88228 -0.14817 1.15126 1.18544 5
-0.32912 -0.43846 -1.26610 -0.94723 -0.71697 -0.67939 -0.49727 -0.80552 -0.46566 -0.43062 -0.39286 -0.36831 -0.30259 -0.19752 -0.59661 -0.55601 -0.80776 -0.88244 -0.14021 1.92802 0.88736 5
-0.36660 -0.43846 -1.27099 -0.88190 -0.84783 -0.67939 -0.49727 -0.11616 -0.64552 -0.43062 -0.39286 -0.36831 -0.30259 -0.19752 -0.59661 -0.55601 -0.82122 -0.88212 -0.14817 2.27007 1.28244 5
-0.32912 -0.40500 -1.30772 -0.98241 -0.83536 -0.67939 -0.49727 -0.77407 -0.61940 -0.43062 -0.39286 -0.36831 -0.30259 -0.19752 -0.55337 -0.50215 -0.82323 -0.88018 -0.14658 2.20923 1.22981 5
-0.34786 -0.40500 -1.13143 -0.95226 -0.82913 -0.67939 -0.49727 -0.78855 -0.63888 -0.43062 -0.39286 -0.36831 -0.30259 -0.19752 -0.59661 -0.55601 -0.82498 -0.88228 -0.14817 2.90259 1.29094 5
