0.04574 0.59862 -0.45440 -0.61051 -0.46771 -0.59873 -0.45890 -0.69223 -0.40401 -0.27988 -0.34028 -0.34359 -0.30259 -0.12745 -0.43805 -0.43932 -0.60474 -0.77966 2.76255 -0.67219 -3.14706 1
-0.21666 -0.40500 -0.13180 0.13328 0.09311 0.12722 0.23175 -0.28994 -0.07026 -0.43062 -0.39286 -0.36831 -0.30259 -0.19752 -0.17859 -0.28672 0.47725 0.15018 6.55603 -0.67542 -3.14705 1
0.06448 -0.23773 2.95215 2.41491 2.28031 2.70033 -0.03875 2.34317 0.12599 0.50964 0.36825 0.44588 0.22762 -0.16248 -0.43805 -0.45727 2.73692 2.47939 -0.13067 -0.64923 -0.59566 1
0.88916 0.93316 0.20059 0.16343 -0.13122 3.44242 5.19295 0.92742 -0.30405 -0.12913 0.68702 0.68442 0.47768 1.69795 0.84772 0.88287 2.08100 2.45965 -0.14180 -0.65084 -0.55336 1
0.19568 -0.40500 1.95742 0.95246 0.72870 2.69629 3.09413 2.91168 -0.44657 -0.16870 -0.28836 -0.31918 -0.30259 -0.19752 1.24123 1.01751 3.21009 3.00965 -0.13067 -0.62828 -0.59530 1
1.11408 0.96662 1.93171 0.66600 0.88449 2.45834 2.98669 0.08211 0.46298 0.13278 0.49905 0.05099 -0.30259 -0.05737 -0.09283 -0.21581 1.86294 2.02897 -0.13624 -0.60652 -0.54668 1
0.00825 -0.20428 3.83179 0.27400 0.12426 0.52650 1.18716 -0.08884 -0.39453 -0.43062 -0.39286 -0.36831 -0.30259 -0.19752 -0.59661 -0.55601 1.18264 0.52939 -0.12749 -0.31806 0.45769 1
-0.10420 -0.17082 1.00065 0.63584 0.23020 1.57913 2.26534 0.18451 0.50686 3.37565 2.07845 0.79349 -0.30259 0.92365 0.05204 0.02744 0.87229 1.01196 -0.14817 -0.61055 -0.53118 1
0.00825 -0.00355 0.46258 0.44487 -0.10006 1.98244 3.49317 -0.08235 -0.46689 0.81301 0.51416 0.76260 0.79944 -0.16248 1.01781 1.23024 1.07155 1.21719 -0.14419 -0.66253 -0.50624 1
-0.02923 -0.37155 1.87846 1.68117 1.29576 1.82112 -0.11357 3.63385 -0.16124 0.02161 -0.15625 -0.27561 -0.30259 0.11781 0.44123 0.21594 1.79521 1.66536 -0.12908 -0.60088 -0.58683 1
-0.17918 -0.37155 0.87210 0.55543 0.66639 -0.19542 -0.30542 1.18150 2.87898 1.07681 2.03901 2.64125 10.55467 -0.19752 3.19439 4.07568 0.25526 -0.08961 -0.13544 -0.59968 -0.62693 1
0.04574 -0.17082 2.64669 -0.04262 -0.21846 0.77251 1.26773 0.34526 -0.61244 -0.43062 -0.39286 -0.36831 -0.30259 -0.19752 0.15294 -0.07130 1.32326 0.93342 -0.10999 -0.37970 0.47695 1
-0.23540 -0.40500 0.69458 0.84692 0.62900 0.52650 0.19146 0.41882 0.56403 0.35890 0.57792 1.84591 1.53797 -0.09241 3.25853 3.23327 0.61394 1.21180 -0.14339 -0.64198 -0.75502 1
0.21442 0.29753 1.10961 -0.03759 1.02781 1.73642 3.10180 -0.51201 -0.33214 0.24584 -0.10432 -0.23884 -0.30259 -0.16248 -0.48130 -0.48420 0.78838 1.01635 -0.14658 -0.58316 -0.57905 1
-0.27289 -0.43846 1.27060 2.42497 2.03729 0.93787 0.08019 0.67789 3.15427 0.36267 0.42346 0.30653 0.00440 0.46992 1.29528 0.64006 0.52916 0.87850 -0.13544 -0.63311 -0.74783 1
0.12071 0.16372 4.91222 21.30122 27.66681 -0.27609 -0.22868 -0.67114 -0.41851 1.41598 0.63247 0.70080 0.71510 0.01270 -0.49571 -0.48420 -0.29185 0.11667 -0.12908 -0.64278 -0.83860 1
-0.25415 -0.43846 1.90294 1.01276 1.10882 0.53053 -0.15194 0.39245 0.01487 0.62458 0.23811 0.44743 0.11067 -0.12745 -0.33715 -0.34956 1.05407 1.04861 -0.14578 -0.64440 -0.56432 1
-0.14169 -0.37155 -0.30871 -0.64569 -0.49887 2.22039 3.82891 -0.67673 -0.44951 0.84881 0.59106 0.75425 0.86733 -0.12745 0.55438 0.20562 1.22275 1.61410 -0.14419 -0.65004 -0.57280 1
-0.27289 -0.43846 0.82925 0.76651 1.37676 0.77655 -0.30542 0.57239 0.31284 0.73952 0.41031 -0.05870 -0.30259 -0.19752 0.15438 -0.01654 0.65003 0.78091 -0.14260 -0.55858 -0.68999 1
-0.17918 -0.43846 0.21956 1.43492 1.02158 1.98244 -0.07520 0.07463 -0.59881 -0.43062 -0.39286 -0.36831 -0.30259 -0.19752 -0.59661 -0.55601 2.15354 1.75855 -0.12431 -0.52998 0.92645 1
0.73922 1.73606 1.23694 0.42979 0.47945 0.84914 0.91857 -0.14040 -0.05243 2.39016 2.41431 2.05541 3.44024 -0.09241 0.74105 0.47400 1.19312 1.03101 -0.14578 -0.64158 -0.63356 1
-0.19792 -0.40500 1.43772 0.97256 -0.06268 0.69185 0.57708 0.84938 -0.28380 -0.43062 -0.39286 -0.36831 -0.30259 -0.19752 0.42681 0.36853 1.50854 1.12609 -0.14498 -0.33216 -0.66368 1
1.07659 0.79934 1.35324 2.13850 2.71650 0.28855 0.00154 0.00293 -0.22975 0.02161 0.01464 0.02102 0.05444 0.18788 -0.30832 -0.34058 0.35664 0.68002 -0.11954 -0.52031 0.16082 1
-0.12295 -0.23773 0.68418 0.64589 0.90941 0.85318 0.11664 0.33056 0.99030 -0.27988 -0.34028 -0.34359 -0.30259 0.04774 -0.06328 -0.11618 1.04009 1.27897 -0.12749 -0.56462 0.11526 1
1.73259 3.60949 -0.01672 0.28405 -0.03152 0.60716 0.03799 1.58543 2.96523 -0.43062 -0.39286 -0.36831 -0.30259 -0.19752 3.04303 2.20325 0.95584 1.09368 -0.14021 0.10457 -0.69507 1
-0.27289 -0.43846 0.33036 1.51533 1.18982 1.17582 -0.15194 0.55676 0.64379 -0.43062 -0.39286 -0.36831 -0.30259 -0.19752 0.10970 -0.09823 1.30054 1.11562 -0.10204 0.74233 0.63498 2
-0.17918 -0.17082 0.42279 -0.11298 -0.19353 0.12319 0.07444 -0.53322 -0.47560 1.25582 0.83556 1.05675 0.47993 -0.12745 0.32015 0.53235 0.57810 0.81279 -0.11954 -0.61055 -0.76781 2
-0.17918 -0.40500 0.97249 0.74641 0.27382 0.20788 0.23175 0.66359 0.32600 -0.43062 -0.39286 -0.36831 -0.30259 -0.19752 1.26285 0.88017 0.61359 1.49363 -0.11158 -0.21009 0.02757 2
0.00825 -0.43846 1.09431 0.73635 0.69132 0.85318 -0.19031 1.00779 0.18784 -0.43062 -0.39286 -0.36831 -0.30259 -0.05737 -0.12093 -0.09823 0.76391 1.46326 -0.14658 -0.27294 -0.64055 2
0.32688 0.66553 -0.10916 0.60066 0.85956 0.44987 0.19338 0.38597 0.09814 -0.43062 -0.39286 -0.36831 -0.30259 -0.19752 -0.26508 -0.25082 0.46152 0.49992 -0.14021 -0.41878 -0.48637 2
-0.25415 -0.43846 -0.52112 -0.05267 0.23643 0.93384 -0.30542 -0.27539 -0.31805 -0.43062 -0.39286 -0.36831 -0.30259 -0.19752 -0.59661 -0.55601 0.77440 0.51667 -0.13862 0.13680 1.04273 2
-0.16043 -0.23773 1.61095 1.93748 3.49542 -0.03410 -0.34379 -0.44952 -0.40837 -0.12913 -0.28770 -0.31887 -0.30259 0.18788 -0.39481 -0.43034 0.07172 0.08316 -0.14817 -0.57510 -0.71831 2
-0.19792 -0.43846 1.36365 1.43994 0.65393 0.12722 0.03799 -0.38892 -0.46948 -0.43062 -0.39286 -0.36831 -0.30259 -0.19752 -0.42364 -0.43079 0.64356 0.61196 -0.11635 3.72730 0.12436 2
-0.31038 -0.43846 -1.05736 -0.58036 -0.56118 0.20788 0.19338 0.57665 1.35362 -0.43062 -0.39286 -0.36831 -0.30259 7.30027 0.31150 0.45829 0.73944 0.26222 -0.12908 0.83459 1.13710 2
-0.16043 -0.20428 0.58134 -0.12303 -0.34932 0.77251 0.34686 -0.02231 -0.01396 -0.43062 -0.39286 -0.36831 -0.30259 -0.19752 0.57096 0.17106 1.16944 1.03499 -0.11317 0.30963 0.64683 2
-0.17918 -0.43846 -0.15996 0.56046 0.82841 1.65979 -0.26705 -0.11987 -0.46951 -0.31756 -0.34028 -0.34359 -0.30259 -0.16248 -0.51012 -0.50215 1.37919 0.97950 -0.14498 -0.57107 0.98013 2
-0.21666 -0.43846 0.03470 1.31430 1.23967 0.68782 -0.30542 -0.03803 0.24632 -0.43062 -0.39286 -0.36831 -0.30259 -0.12745 -0.05030 -0.18888 0.57033 0.75824 -0.14817 -0.53642 -0.63486 2
-0.29163 -0.40500 -1.08062 -0.75626 -0.76682 0.28855 -0.03683 -0.15397 -0.51990 -0.43062 -0.39286 -0.36831 -0.30259 -0.19752 -0.45247 -0.46625 0.88627 0.16379 -0.14339 0.10134 1.13188 2
2.12619 3.94403 0.93148 0.36446 0.46076 -0.51807 -0.42053 0.69822 0.52071 -0.43062 -0.39286 -0.36831 -0.30259 -0.19752 -0.03661 -0.11797 -0.29972 -0.26731 -0.14578 -0.27938 -0.75206 2
-0.29163 -0.40500 -1.06164 -0.68590 -0.74812 0.28855 -0.03683 0.32140 -0.40314 -0.43062 -0.39286 -0.36831 -0.30259 -0.19752 -0.42364 -0.35853 1.02960 0.57112 -0.13703 3.73737 1.28886 2
0.42059 1.50188 0.80109 0.09307 -0.10006 -0.35675 -0.30542 -0.73673 -0.47257 0.21004 -0.11681 -0.17673 -0.25480 0.15285 0.96015 0.46727 -0.29535 -0.08856 -0.13862 -0.64278 -0.46912 2
-0.32912 -0.40500 1.34406 0.22877 0.11803 -0.67939 -0.49727 -0.02302 1.18596 -0.35525 -0.34028 -0.35595 -0.30259 -0.19752 0.31150 0.10823 -0.81974 -0.42574 -0.11954 -0.03644 -0.77640 2
-0.14169 -0.30464 -0.10916 0.29410 0.34859 0.44987 -0.30542 -0.42986 -0.52807 -0.05376 -0.06423 0.20023 0.07974 -0.16248 -0.52454 -0.51113 0.33566 0.35332 -0.13544 -0.64077 -0.87340 2
0.66425 2.37169 1.71379 0.55543 0.40467 -0.67939 -0.49727 -0.69922 -0.39608 -0.43062 -0.39286 -0.36831 -0.30259 -0.16248 1.10069 0.50093 -0.77814 -0.52820 -0.13624 -0.25964 -0.82185 2
-0.23540 -0.40500 0.35729 1.33943 1.20852 0.53053 0.11664 0.79037 0.95111 -0.05376 -0.12996 -0.25707 -0.30259 -0.09241 -0.36598 -0.34956 0.23078 0.14494 -0.14578 -0.60169 -0.55617 2
-0.21666 -0.40500 -0.66804 -0.74621 -0.28700 2.06310 1.53632 -0.41145 0.59622 -0.39293 -0.24826 -0.35595 -0.30259 -0.12745 -0.40922 -0.43932 0.97716 1.43499 -0.14021 1.89579 1.24141 2
-0.10420 -0.43846 0.02001 -0.14816 -0.18107 0.61119 0.07827 -0.45015 -0.35772 -0.43062 -0.39286 -0.36831 -0.30259 -0.16248 -0.42364 -0.40341 0.56989 0.47374 -0.12431 -0.41918 -0.52616 2
-0.29163 -0.43846 -0.10242 -0.09287 -0.46148 0.36921 0.23175 0.23872 -0.18561 0.54921 -0.01165 -0.18909 -0.30259 -0.02234 -0.36598 -0.28672 1.11176 0.71039 -0.14180 -0.62264 1.00609 2
-0.29163 -0.40500 -0.94105 -0.58036 -0.33686 -0.59873 -0.45890 -0.05477 1.49610 8.04869 5.86429 2.87609 0.00665 -0.12745 -0.56778 -0.43932 -0.68340 -0.41841 -0.12431 -0.63714 0.90023 2
2.35110 -0.33809 1.60483 -0.16323 -0.19977 -0.51807 -0.30542 -0.78818 -0.40602 -0.43062 -0.39286 -0.36831 -0.30259 -0.19752 3.95835 2.28943 -0.52958 -0.65087 -0.13544 -0.49412 0.44838 2
0.32688 1.13389 -0.52541 -0.49995 -0.24339 -0.19542 -0.30542 -0.42765 0.09878 -0.43062 -0.39286 -0.36831 -0.30259 -0.02234 0.09384 0.05302 -0.13970 0.01107 -0.13226 -0.46874 -0.60941 3
-0.01049 0.26408 -0.05406 0.23379 0.39844 1.17582 -0.26705 -0.31408 -0.60795 -0.27988 -0.34028 -0.34359 -0.30259 -0.05737 -0.56778 -0.53806 0.95968 0.73552 -0.12908 -0.58839 0.90303 3
-0.32912 -0.43846 -1.13877 -0.85174 -0.71697 0.04656 -0.15194 -0.54044 -0.41321 -0.43062 -0.39286 -0.36831 -0.30259 -0.19752 -0.40922 -0.42137 0.55241 -0.18176 -0.13862 -0.51749 1.08325 3
-0.31038 -0.43846 -0.85046 -0.68590 0.73494 -0.51807 -0.30542 -0.48595 -0.20914 -0.43062 -0.39286 -0.36831 -0.30259 -0.19752 -0.56778 -0.53806 -0.44742 -0.59746 -0.14180 -0.01831 1.15813 3
-0.34786 -0.43846 -0.95758 -0.82662 -0.66712 -0.59873 -0.15194 -0.81834 -0.23543 -0.43062 -0.39286 -0.36831 -0.30259 -0.19752 -0.56778 -0.53806 -0.74283 -0.81526 -0.13226 -0.51265 0.91632 3
-0.08546 -0.27119 -0.33993 -0.14313 -0.05021 -0.51807 -0.38216 -0.62582 -0.47812 1.11073 0.14478 -0.11555 -0.30259 0.25620 -0.42364 -0.38591 -0.42575 -0.08720 -0.14180 -0.60209 -0.63702 3
-0.17918 -0.40500 -0.37544 -0.38939 0.48568 -0.35675 -0.38216 0.04608 -0.07672 -0.43062 -0.39286 -0.36831 -0.30259 -0.19752 1.19078 1.51748 -0.34954 -0.26972 -0.14817 -0.38091 -0.67586 3
-0.31038 -0.43846 0.21528 0.34436 0.18658 0.53053 -0.30542 -0.27379 -0.40760 -0.43062 -0.39286 -0.36831 -0.30259 -0.16248 -0.52454 -0.51113 0.44928 0.27374 -0.13624 -0.57429 -0.47899 3
4.03796 8.02542 -0.08161 0.98261 0.20527 -0.27609 -0.45890 3.56194 -0.40281 0.81301 0.11980 0.03956 -0.12829 -0.02234 0.44123 0.11720 -0.39848 -0.27600 -0.14021 -0.65286 -0.83592 3
0.08322 0.06336 0.45646 -0.03759 0.14296 -0.03410 -0.11357 -0.34046 0.58858 -0.12913 -0.26141 -0.30651 -0.30259 0.22292 -0.51012 -0.50215 0.16961 -0.02574 -0.13544 -0.61901 0.45392 3
-0.31038 -0.40500 -1.09960 -0.81656 -0.40540 0.04656 -0.15194 -0.12853 0.30090 -0.43062 -0.39286 -0.36831 -0.30259 -0.19752 0.30934 0.52786 0.63657 -0.09343 -0.13703 1.63109 1.21934 3
0.32688 0.96662 -0.61907 -0.79646 -0.61103 -0.67939 -0.49727 -0.75246 -0.53789 -0.35525 -0.34028 -0.34359 -0.30259 -0.16248 -0.52454 -0.48420 -0.79562 -0.85422 -0.14658 -0.59081 0.97260 3
-0.34786 -0.43846 -0.01183 0.10815 0.50438 -0.27609 0.22983 -0.75773 -0.48109 0.54733 -0.03860 -0.01668 -0.10622 -0.16248 -0.32346 -0.38591 -0.28443 -0.23558 -0.14021 -0.65406 -0.54656 3
-0.14169 -0.27119 -0.27260 -0.00744 -0.26208 -0.51807 -0.38216 1.12813 -0.56101 -0.09145 -0.20883 -0.28179 -0.30259 -0.05737 0.90249 0.64679 -0.44917 -0.27705 -0.09250 -0.63432 -0.06555 3
3.08207 6.35272 0.36831 0.51020 -0.16861 -0.59873 -0.22868 3.38139 -0.50909 -0.35525 -0.36657 -0.35595 -0.30259 -0.16248 -0.32274 -0.25980 -0.78827 -0.69903 -0.12431 -0.62989 -0.51590 3
-0.14169 -0.30464 1.62503 -0.22857 -0.05644 -0.35675 -0.34379 -0.30054 -0.32333 -0.43062 -0.39286 -0.36831 -0.30259 -0.19752 0.31150 0.14413 -0.34080 -0.22364 -0.13067 -0.37567 0.47831 3
-0.25415 -0.40500 -0.93309 -0.85677 -0.67958 0.28855 0.61545 -0.54336 -0.29771 -0.43062 -0.39286 -0.36831 -0.30259 -0.19752 -0.49571 -0.46625 1.07854 0.19416 -0.14658 1.61780 1.22964 3
-0.32912 -0.43846 -0.25240 -0.17328 -0.03775 -0.35675 -0.26705 -0.53664 -0.11394 -0.43062 -0.39286 -0.36831 -0.30259 -0.19752 0.45564 0.10823 -0.25864 -0.19851 -0.13226 0.25363 -0.55728 3
-0.25415 -0.37155 -0.77761 -0.54015 -0.22469 -0.35675 -0.34379 -0.10413 1.84763 -0.43062 -0.39286 -0.36831 -0.30259 -0.19752 -0.45247 -0.37649 -0.31633 -0.50427 -0.14021 1.91916 1.24103 3
-0.23540 -0.40500 -0.26770 -0.01749 -0.11253 -0.11476 0.00154 -0.78108 0.05236 -0.43062 -0.39286 -0.36831 -0.30259 -0.19752 -0.14976 -0.08027 0.15213 -0.24982 -0.13385 -0.40347 0.48426 3
0.10197 0.73244 -1.17366 -0.91708 -0.82290 0.04656 -0.15194 -0.57383 -0.31355 -0.43062 -0.39286 -0.36831 -0.30259 -0.19752 -0.43805 -0.39444 0.59611 -0.14825 -0.14817 1.70522 1.23254 3
-0.31038 -0.43846 -0.29953 -0.23862 0.01210 0.36921 -0.38216 -0.53911 -0.54782 -0.43062 -0.39286 -0.36831 -0.30259 -0.19752 -0.56778 -0.53806 0.17135 0.00777 -0.13862 0.11303 0.92800 3
-0.27289 -0.40500 0.19569 0.10313 0.11803 -0.43741 -0.34379 -0.56841 -0.30585 -0.43062 -0.39286 -0.36831 -0.30259 -0.19752 -0.55337 -0.52908 -0.48763 -0.58699 -0.13703 0.21375 0.48825 3
-0.31038 -0.37155 -0.95697 -0.49995 -0.53626 -0.51807 -0.30542 1.38838 1.45497 -0.43062 -0.39286 -0.36831 -0.30259 -0.19752 -0.20742 -0.17003 -0.57328 -0.50218 -0.13544 0.76892 1.14585 3
0.49557 1.63570 -0.61662 -0.27882 -0.07514 0.04656 -0.26705 -0.58839 -0.44691 -0.43062 -0.39286 -0.36831 -0.30259 -0.19752 -0.29391 -0.27775 -0.00519 0.03185 -0.14419 0.34992 -0.73523 3
-0.34786 -0.43846 -0.45257 -0.23359 -0.39917 -0.67939 -0.49727 -0.73302 -0.26440 -0.43062 -0.39286 -0.36831 -0.30259 -0.19752 -0.59661 -0.55601 -0.81100 -0.86867 -0.14658 -0.56180 1.00795 4
0.15820 0.93316 -0.90922 0.13831 0.39844 -0.59873 -0.45890 0.88579 0.44800 0.51153 1.39490 2.24575 1.82275 -0.12745 1.85384 2.46895 -0.71311 -0.73254 -0.13067 -0.65648 0.96610 4
-0.31038 -0.37155 -0.53337 -0.13810 -0.21223 -0.51807 -0.45890 -0.42157 -0.54776 -0.43062 -0.39286 -0.36831 -0.30259 -0.12745 -0.46688 -0.42137 -0.55405 -0.65087 -0.14339 -0.21452 -0.46063 4
3.34447 6.88799 -1.14857 -0.80149 -0.73566 -0.27609 -0.30542 -0.61237 -0.60233 -0.43062 -0.39286 -0.36831 -0.30259 -0.19752 1.51799 0.76977 -0.27053 -0.15930 -0.14498 -0.49372 0.95608 4
0.19568 -0.33809 -0.36625 -0.35923 -0.15615 -0.19542 -0.30542 -0.54344 -0.35613 -0.24219 -0.32714 -0.33741 -0.30259 -0.02234 -0.46688 -0.47522 -0.23068 -0.30846 -0.13862 -0.60854 0.47884 4
0.04574 0.66553 -0.70354 -0.76128 -0.62350 -0.67939 -0.49727 -0.45928 -0.58537 -0.43062 -0.39286 -0.36831 -0.30259 -0.19752 -0.59661 -0.55601 -0.76555 -0.88018 -0.14339 -0.32652 1.02406 4
-0.29163 -0.43846 -0.83454 -0.39441 -0.17484 0.20788 -0.38216 -0.55291 -0.57347 -0.43062 -0.39286 -0.36831 -0.30259 -0.19752 -0.59661 -0.55601 0.14688 -0.04668 -0.14021 2.37482 1.30601 4
-0.34786 -0.40500 -0.75374 -0.32405 -0.56742 -0.59873 -0.45890 1.02043 -0.22388 0.69807 0.70937 0.42116 0.20527 0.43138 -0.40994 -0.35001 -0.70315 -0.13212 -0.14817 -0.64641 -0.72276 4
-0.08546 -0.00355 -0.19179 -0.39441 -0.21223 -0.27609 -0.22868 -0.67738 -0.25080 0.06118 -0.22132 -0.28766 -0.30259 -0.12745 -0.26436 -0.34911 -0.20647 -0.20642 -0.14817 -0.58759 -0.79754 4
-0.21666 -0.37155 -0.72864 -0.65072 -0.36801 -0.27609 -0.26705 -0.57344 -0.00399 -0.43062 -0.39286 -0.36831 -0.30259 -0.16248 -0.35157 -0.30468 -0.25165 -0.26867 -0.13862 -0.01993 0.49950 4
-0.34786 -0.40500 0.43748 -0.24364 -0.05644 -0.67939 -0.49727 0.69494 -0.55482 0.13467 -0.15625 -0.25707 -0.30259 -0.19752 -0.59661 -0.55601 -0.80925 -0.83306 -0.13226 -0.65568 0.90383 4
-0.32912 -0.40500 -0.55785 -0.56026 -0.12499 -0.51807 -0.42053 -0.35125 -0.04490 -0.20451 -0.28770 -0.31887 -0.30259 -0.16248 -0.43805 -0.44829 0.02278 -0.67809 -0.14021 -0.63191 0.90016 4
-0.31038 -0.43846 -0.81679 -0.87687 -0.80421 -0.03410 0.07636 -0.52145 -0.62676 -0.43062 -0.39286 -0.36831 -0.30259 -0.19752 -0.58220 -0.53806 0.31914 -0.02448 -0.14498 2.32486 1.27259 4
-0.29163 -0.40500 -0.11222 0.71123 0.29874 -0.59873 -0.42053 -0.73021 -0.44763 0.32310 -0.02479 0.07664 -0.10861 -0.05737 -0.43805 -0.44829 -0.66067 -0.65715 -0.14498 -0.60894 1.00182 4
0.53305 1.53533 -0.71578 -0.26877 -0.36801 -0.43741 -0.38216 -0.27809 0.19490 -0.43062 -0.39286 -0.36831 -0.30259 -0.19752 -0.56778 -0.53806 -0.49287 -0.52731 -0.12272 0.30641 0.58613 4
-0.34786 -0.43846 -1.09225 -0.31400 -0.45525 -0.67939 -0.49727 0.08462 0.92964 -0.43062 -0.39286 -0.36831 -0.30259 -0.19752 0.02321 0.19799 -0.82323 -0.82469 -0.12749 -0.11219 1.01059 4
0.27065 1.26770 -1.21774 -0.88190 -0.77928 -0.43741 -0.38216 -0.61348 -0.60738 -0.43062 -0.39286 -0.36831 -0.30259 -0.19752 -0.51012 -0.50215 -0.42994 -0.51474 -0.14817 -0.56060 0.98187 4
-0.25415 -0.40500 0.10081 -0.25872 -0.06891 -0.67939 -0.49727 -0.41683 0.90653 -0.31756 -0.35343 -0.34977 -0.30259 -0.05737 -0.14976 -0.01744 -0.77429 -0.85715 -0.14021 -0.62747 0.50362 4
-0.34786 -0.43846 0.57399 -0.22857 0.23643 -0.67939 -0.49727 -0.52658 0.42776 -0.43062 -0.39286 -0.36831 -0.30259 -0.19752 -0.58220 -0.54703 -0.82149 -0.87181 -0.13226 0.45467 0.76339 4
-0.31038 -0.40500 0.07449 -0.30898 -0.26208 -0.59873 -0.45890 -0.73882 0.55949 0.47384 -0.05108 -0.20763 -0.30259 -0.09241 -0.48130 -0.48420 -0.67291 -0.66553 -0.13703 -0.61498 0.45359 4
-0.34786 -0.43846 -0.52847 -0.30395 -0.57365 -0.51807 -0.42053 0.37902 -0.60662 -0.43062 -0.39286 -0.36831 -0.30259 -0.19752 -0.55337 -0.51158 -0.51306 -0.59134 -0.13544 0.29996 0.85886 4
-0.32912 -0.43846 -1.11184 -0.72108 -0.59234 -0.67939 -0.49727 -0.60654 -0.33066 -0.43062 -0.39286 -0.36831 -0.30259 -0.19752 -0.45247 -0.06232 -0.82848 -0.77861 -0.14658 0.48126 1.05462 4
-0.32912 -0.40500 -0.49725 -0.36928 -0.30570 -0.59873 -0.42053 -0.80922 -0.55349 -0.12913 -0.26141 -0.30651 -0.30259 -0.05737 -0.42364 -0.44829 -0.68515 -0.75034 -0.14817 -0.64520 -0.53919 4
-0.29163 -0.40500 -1.02063 -0.49995 -0.26208 -0.43741 -0.38216 -0.48427 -0.30201 -0.43062 -0.39286 -0.36831 -0.30259 -0.19752 -0.39481 -0.37649 0.16961 -0.50218 -0.13703 2.07265 0.91328 4
-0.32912 -0.40500 -1.19386 -0.85677 -0.64219 -0.43741 -0.42053 -0.74877 -0.54839 -0.43062 -0.39286 -0.36831 -0.30259 -0.19752 -0.59661 -0.55601 -0.49811 -0.66657 -0.14817 0.43050 1.05512 4
-0.36660 -0.43846 -1.09103 -0.83164 -0.06268 -0.51807 -0.38216 -0.43673 0.50582 -0.39293 -0.37972 -0.36213 -0.30259 -0.05737 -0.59661 -0.55601 -0.56454 -0.65401 -0.14658 -0.59081 1.01474 5
-0.34786 -0.40500 -0.40910 -0.46980 -0.63596 -0.67939 -0.49727 1.28586 -0.22917 -0.43062 -0.39286 -0.36831 -0.30259 -0.19752 -0.53895 -0.48420 -0.82323 -0.88018 -0.14021 2.66771 1.20859 5
-0.34786 -0.43846 -0.10854 -0.63564 -0.46148 -0.59873 -0.45890 -0.70993 -0.51724 -0.43062 -0.39286 -0.36831 -0.30259 -0.12745 -0.58220 -0.54703 -0.65543 -0.79013 -0.13862 -0.41193 0.92157 5
-0.17918 -0.13737 -0.75374 -0.65574 -0.52380 -0.67939 -0.49727 -0.80292 -0.55448 -0.43062 -0.39286 -0.36831 -0.30259 -0.19752 -0.53895 -0.51113 -0.81974 -0.81212 -0.13544 -0.11339 -0.85397 5
-0.32912 -0.43846 0.01327 -0.44467 -0.36178 -0.67939 -0.49727 -0.37212 -0.60058 -0.43062 -0.39286 -0.36831 -0.30259 -0.09241 0.00880 -0.17901 -0.81974 -0.53254 -0.13067 -0.50661 0.28147 5
-0.34786 -0.43846 -1.02491 -0.55021 -0.62973 -0.67939 -0.49727 -0.00772 -0.45928 0.05930 -0.07738 -0.21999 -0.30259 -0.19752 -0.58220 -0.54703 -0.82323 -0.83725 -0.14817 -0.65084 -0.68982 5
-0.32912 -0.40500 -1.05185 -0.70097 -0.49264 -0.67939 -0.49727 -0.29763 -0.08817 -0.43062 -0.39286 -0.36831 -0.30259 -0.19752 0.55654 0.78144 -0.84246 -0.80689 -0.14817 -0.48203 -0.62960 5
-0.31038 -0.40500 -0.76476 -0.38436 -0.66712 -0.67939 -0.49727 -0.70945 -0.58272 -0.43062 -0.39286 -0.36831 -0.30259 -0.19752 -0.49571 -0.48420 -0.79876 -0.83621 -0.14339 -0.51104 0.95773 5
-0.34786 -0.40500 -0.22607 -0.41954 -0.40540 -0.59873 -0.34379 -0.62258 -0.46139 0.54921 0.42215 0.08900 -0.15359 0.01270 0.00880 -0.16106 -0.68864 -0.61631 -0.14658 -0.65326 -0.74589 5
-0.32912 -0.40500 -1.12592 -0.67082 -0.31193 -0.51807 -0.45890 -0.58703 -0.41381 -0.09145 -0.22197 -0.30033 -0.30259 -0.19752 -0.56778 -0.53806 -0.62222 -0.71788 -0.14817 -0.60411 0.98641 5
-0.36660 -0.43846 -1.16142 -0.57031 -0.53003 -0.67939 -0.49727 0.06390 0.73437 -0.27988 -0.34028 -0.34359 -0.30259 -0.19752 -0.36598 -0.29570 -0.82323 -0.87390 -0.12590 -0.64560 0.96547 5
-0.25415 -0.30464 -0.98084 -0.79144 -0.59234 -0.67939 -0.49727 -0.68133 -0.42141 -0.43062 -0.39286 -0.36831 -0.30259 -0.19752 -0.49571 -0.49317 -0.79701 -0.83935 -0.14021 1.23063 0.81677 5
-0.34786 -0.43846 -0.28668 -0.78641 -0.58611 -0.67939 -0.49727 -0.71465 -0.35595 -0.43062 -0.39286 -0.36831 -0.30259 -0.19752 -0.56778 -0.52010 -0.81974 -0.87809 -0.14021 1.17946 0.95498 5
-0.34786 -0.43846 -1.01451 -0.67082 -0.44902 -0.67939 -0.49727 -0.81059 -0.43651 -0.43062 -0.39286 -0.36831 -0.30259 -0.09241 -0.56778 -0.53806 -0.78303 -0.79223 -0.14817 -0.24997 -0.62150 5
-0.36660 -0.43846 -1.04940 -0.77636 -0.71074 -0.67939 -0.49727 -0.81695 -0.63631 -0.43062 -0.39286 -0.36831 -0.30259 -0.19752 -0.58220 -0.53850 -0.81956 -0.88228 -0.14817 -0.16940 0.89504 5
-0.36660 -0.43846 -0.84984 -0.63062 -0.29947 -0.59873 -0.45890 -0.77217 -0.50641 -0.43062 -0.39286 -0.36831 -0.30259 -0.19752 -0.49571 -0.46625 -0.70787 -0.77861 -0.14339 -0.54851 -0.63360 5
-0.36660 -0.43846 -0.63192 -0.77133 -0.62973 -0.43741 -0.42053 -0.74540 -0.41665 -0.43062 -0.39286 -0.36831 -0.30259 -0.19752 -0.59661 -0.55601 -0.62921 -0.72626 -0.14658 2.01464 1.17964 5
-0.32912 -0.43846 -1.08307 -0.57533 -0.69204 -0.67939 -0.49727 -0.34316 0.14173 -0.43062 -0.39286 -0.36831 -0.30259 -0.19752 -0.07769 -0.17901 -0.78128 -0.70741 -0.13067 -0.42684 0.98674 5
-0.36660 -0.43846 -1.29548 -0.97738 -0.81044 -0.67939 -0.49727 -0.76358 -0.49059 -0.43062 -0.39286 -0.36831 -0.30259 -0.19752 -0.59661 -0.55601 -0.82323 -0.88228 -0.14817 0.38538 1.05442 5
-0.32912 -0.40500 -1.25079 -1.00251 -0.87275 -0.67939 -0.49727 -0.77708 -0.65738 -0.43062 -0.39286 -0.36831 -0.30259 -0.19752 -0.59661 -0.55601 -0.81974 -0.88228 -0.14658 0.63436 1.23184 5
-0.34786 -0.43846 -1.25692 -0.93718 -0.84783 -0.35675 0.53871 -0.58256 -0.52335 -0.43062 -0.39286 -0.36831 -0.30259 -0.19752 -0.58220 -0.54703 -0.67116 -0.71265 -0.14021 0.91195 1.16943 5
-0.34786 -0.43846 -1.31384 -0.97738 -0.83536 -0.67939 -0.49727 -0.81953 -0.63158 -0.43062 -0.39286 -0.36831 -0.30259 -0.16248 -0.52454 -0.50215 -0.77919 -0.87265 -0.14498 -0.48244 0.97136 5
-0.34786 -0.40500 -0.74088 -0.66579 -0.75436 -0.67939 -0.49727 -0.69992 -0.63586 -0.43062 -0.39286 -0.36831 -0.30259 -0.19752 -0.59661 -0.55601 -0.82323 -0.88228 -0.14658 1.19840 1.18147 5
-0.34786 -0.40500 -1.25079 -0.93215 -0.66712 -0.67939 -0.49727 -0.78144 -0.62813 -0.43062 -0.39286 -0.36831 -0.30259 -0.19752 -0.59661 -0.55601 -0.80575 -0.88228 -0.14658 2.39053 1.28760 5
-0.34786 -0.40500 -1.29119 -0.99246 -0.78551 -0.67939 -0.49727 -0.78035 -0.59462 -0.43062 -0.39286 -0.36831 -0.30259 -0.19752 -0.59661 -0.55601 -0.82498 -0.88228 -0.14817 2.23421 1.29176 5
