-0.23540 -0.37155 -0.64600 -0.40949 -0.36801 -0.51807 -0.38216 -0.40146 -0.55741 -0.24219 -0.32714 -0.09578 -0.13082 3.10291 -0.48130 -0.47522 -0.55151 -0.51804 0.90955 -0.67300 -3.14706 1
-0.04798 -0.23773 -0.81618 -0.41451 -0.58611 -0.35675 -0.30542 1.54615 -0.48531 1.22756 0.33013 0.08900 0.05163 0.36306 0.03762 0.18901 -0.32681 -0.29066 1.27538 -0.67421 -3.14705 1
-0.27289 -0.30464 -1.09409 -0.72610 -0.49264 -0.67939 -0.49727 -0.43708 -0.55144 -0.12913 -0.28770 -0.31887 -0.30259 -0.02234 -0.55337 -0.52908 -0.82323 -0.84144 1.01294 -0.67139 -3.14707 1
-0.12295 -0.23773 -0.26035 -0.34918 -0.10006 -0.19542 -0.11357 -0.52095 -0.37915 0.58878 0.05474 -0.15788 -0.30259 -0.05737 1.20880 0.92820 0.08256 0.35599 2.16610 -0.67582 -3.14704 1
1.07659 2.94041 0.22874 0.81677 0.86579 0.52650 0.03799 0.33260 0.10553 1.93793 2.25723 3.10412 2.82302 -0.19752 0.00735 0.11586 0.63316 1.02054 0.71074 -0.67945 -3.14702 1
0.53305 1.43497 -0.09018 0.48507 0.72870 0.44987 -0.26705 0.97764 0.10171 0.69995 0.05408 0.00866 -0.17046 0.53825 0.91691 0.75451 0.48249 1.20567 2.32515 -0.67783 -3.14703 1
-0.34786 -0.43846 0.14427 -0.36426 -0.32439 -0.67939 -0.49727 -0.78578 -0.55383 -0.43062 -0.39286 -0.36831 -0.30259 -0.19752 -0.46688 -0.44829 0.74468 -0.45924 4.75870 -0.67300 -3.14706 1
0.62677 -0.20428 2.08230 0.50518 0.11803 3.67633 4.79774 0.87018 -0.37588 -0.43062 -0.39286 -0.36831 -0.30259 -0.19752 0.09528 0.03642 3.18833 3.06535 -0.14817 -0.22419 -0.52176 1
1.95750 4.07784 1.20143 1.74148 1.07766 0.84914 0.15310 2.06513 1.65423 4.75872 6.99347 8.51299 5.85585 0.15285 5.43079 5.29374 1.19837 2.15022 -0.14578 -0.65930 -0.80503 1
0.87042 1.33461 1.24367 0.72128 0.43583 2.05100 3.13250 0.04524 -0.08008 0.50776 1.27002 1.64445 2.01027 -0.09241 0.95366 0.94615 1.65187 1.88536 -0.13226 -0.64641 -0.55389 1
0.53305 -0.33809 1.08451 0.23882 0.12426 4.07158 6.05051 -0.48128 -0.27882 0.43427 -0.03860 -0.20794 -0.30259 -0.05737 -0.55337 -0.52908 2.44737 2.97682 -0.13862 -0.63311 -0.56664 1
0.47682 0.39790 2.35531 -0.09790 0.06818 0.60716 1.45574 -0.18278 2.61319 6.94072 4.40845 1.88886 -0.30259 0.81679 -0.28021 0.14278 1.68159 0.90662 -0.10681 -0.61660 0.45825 1
0.25191 -0.20428 0.93209 0.87205 0.75986 2.22442 1.19099 -0.51119 -0.31892 1.11450 0.60618 0.86765 1.15647 -0.02234 -0.29391 -0.33160 1.78122 2.43604 -0.12272 -0.63996 -0.85749 1
-0.17918 -0.33809 1.80317 0.91225 0.61031 1.33715 0.38523 -0.13893 0.03161 -0.43062 -0.39286 -0.36831 -0.30259 -0.16248 1.01781 0.53908 1.51903 2.52295 -0.14817 -0.36560 -0.79992 1
0.06448 -0.30464 0.20242 0.94241 0.92188 1.65576 0.07636 0.00150 -0.36727 -0.43062 -0.39286 -0.36831 -0.30259 -0.19752 0.02177 -0.15298 1.42682 1.51588 -0.14498 -0.47478 -0.72389 1
0.23317 1.06698 -0.61539 0.03779 0.87826 0.04656 -0.15194 1.61028 0.39326 2.76702 1.81094 0.80956 -0.09498 3.89298 -0.33787 -0.29615 0.55459 -0.08825 -0.13067 -0.63432 1.14082 1
3.30699 6.15200 2.90624 1.92743 1.25214 0.85318 0.38523 1.60784 1.20342 1.34061 0.85594 0.56484 0.23999 -0.12745 0.19618 0.88017 0.66253 0.79311 -0.11476 -0.64198 0.02705 1
-0.19792 -0.43846 -0.05590 -0.12805 0.10557 2.31315 3.30900 0.56943 -0.54291 -0.31756 -0.35343 -0.34977 -0.30259 -0.16248 -0.14904 -0.26832 1.70964 1.79237 -0.13465 -0.62425 -0.56283 1
0.04574 -0.00355 -0.05957 -0.39441 -0.58611 2.53900 3.40876 -0.18548 -0.54911 -0.43062 -0.39286 -0.36831 -0.30259 -0.19752 -0.09283 -0.16196 2.14733 1.99766 -0.14817 -0.41072 -0.54463 1
-0.01049 -0.43846 0.49564 0.06795 0.46699 0.69185 -0.07520 -0.01515 1.11883 2.32044 1.44748 0.24967 -0.30259 -0.19752 0.39799 0.29672 2.14130 0.30515 -0.14021 -0.54367 -0.50087 1
0.23317 -0.10392 0.32852 0.60066 0.21773 2.29702 0.38331 0.19471 0.23746 -0.43062 -0.39286 -0.36831 -0.30259 -0.19752 -0.49571 -0.45727 1.93627 2.38850 -0.10681 -0.28825 0.53402 1
-0.29163 -0.43846 -0.91289 -0.42959 -0.66089 0.28855 -0.07520 2.21082 0.40567 -0.43062 -0.39286 -0.36831 -0.30259 -0.19752 -0.16418 -0.17003 1.06456 0.24337 -0.14021 0.16379 1.15963 1
-0.19792 -0.43846 -0.02774 -0.57031 -0.36801 2.06713 3.42411 -0.70080 -0.40720 -0.43062 -0.39286 -0.36831 -0.30259 -0.19752 -0.45247 -0.44829 1.07916 1.33279 -0.13703 -0.44618 -0.57861 1
-0.01049 -0.00355 -0.03998 -0.16826 -0.31193 1.74449 3.42411 -0.11779 -0.46279 0.36267 0.51613 0.41807 0.18194 -0.02234 0.67474 0.74822 0.86372 1.15023 -0.14021 -0.65527 -0.51659 1
-0.23540 -0.43846 0.70560 0.81677 1.50139 1.49847 -0.22868 0.16936 2.23118 -0.05376 -0.24826 -0.30033 -0.30259 -0.12745 -0.39481 -0.31365 1.38269 1.21405 -0.13862 -0.63875 0.11106 1
3.17579 0.02990 0.23487 0.56046 0.78479 1.25245 -0.00038 0.05526 0.27130 -0.43062 -0.39286 -0.36831 -0.30259 -0.19752 0.97168 0.50991 1.03782 1.08326 -0.10840 0.26008 -0.56689 2
-0.23540 -0.43846 0.98657 0.75143 1.06520 0.69185 -0.03683 -0.27823 -0.20475 -0.43062 -0.39286 -0.36831 -0.30259 -0.19752 -0.51012 -0.46625 0.62058 0.84023 -0.14817 -0.52434 -0.63719 2
-0.23540 -0.43846 -0.13854 -0.59544 -0.41163 1.65979 2.76415 -0.30572 -0.40520 -0.43062 -0.39286 -0.36831 -0.30259 -0.19752 -0.12093 -0.21491 0.81635 0.92295 -0.14817 -0.54126 -0.58104 2
-0.27289 -0.40500 -0.43481 -0.14313 -0.26831 -0.67939 -0.49727 2.59592 -0.11669 1.37453 1.98183 1.34628 0.72986 0.08277 5.80484 6.38658 -0.81126 -0.45924 -0.12113 -0.58839 0.00183 2
0.43934 1.53533 0.94433 -0.15821 -0.10006 0.04656 0.22983 0.18833 -0.31795 -0.43062 -0.39286 -0.36831 -0.30259 -0.12745 -0.15048 -0.12605 0.31740 0.25243 -0.14817 -0.54730 -0.73375 2
1.17031 -0.37155 1.12614 1.13338 0.33613 -0.51807 -0.30542 0.07031 0.21060 -0.43062 -0.39286 -0.36831 -0.30259 -0.19752 -0.12165 0.18766 0.08535 0.17824 -0.10363 -0.24755 -0.05386 2
-0.29163 -0.43846 1.38079 -0.04764 -0.00659 -0.67939 -0.49727 -0.56629 -0.38550 -0.43062 -0.39286 -0.36831 -0.30259 -0.19752 -0.23625 1.62519 -0.81974 -0.82783 -0.13385 -0.27697 1.04774 2
0.06448 -0.03701 1.20572 1.08312 1.12128 1.09516 -0.19031 0.41061 0.09079 -0.43062 -0.39286 -0.36831 -0.30259 -0.19752 -0.27949 -0.34956 1.00863 0.86327 -0.09727 0.49214 0.02513 2
0.55179 1.66915 0.81517 -0.10795 0.12426 -0.51807 -0.15386 -0.73517 1.01166 -0.43062 -0.39286 -0.36831 -0.30259 -0.19752 0.65240 0.23973 -0.62877 -0.51966 -0.13067 -0.22096 0.14656 2
-0.12295 -0.33809 1.15307 0.35441 0.32990 -0.19542 0.04182 0.16388 -0.36614 0.77721 0.63444 1.40900 0.95659 0.18788 0.16880 0.20831 -0.01026 0.09264 -0.14817 -0.62385 -0.51309 2
0.30814 1.16734 0.79436 1.50025 0.46699 0.12722 0.76893 3.99982 4.39775 0.17235 0.48787 0.54012 0.62795 0.04774 -0.30832 -0.27775 0.14339 0.28421 -0.14817 -0.64923 -0.67682 2
-0.06672 -0.20428 1.80806 0.73133 1.18359 0.12722 0.96078 -0.69713 -0.48080 -0.43062 -0.39286 -0.36831 -0.30259 -0.19752 -0.56778 -0.53806 0.46851 0.00254 -0.13544 0.18555 0.52908 2
-0.10420 -0.17082 0.76375 0.75143 0.81594 0.28451 0.03799 0.06738 -0.04797 -0.43062 -0.39286 -0.36831 -0.30259 -0.19752 0.62645 0.25005 0.10458 0.51369 -0.14817 -0.15086 -0.51713 2
1.35773 3.17458 0.48033 0.34938 0.11180 0.77251 0.27012 1.95177 0.07248 -0.16682 -0.27455 -0.28797 -0.25480 1.72948 0.34033 0.24287 0.77265 0.92505 -0.09886 -0.58759 -0.06041 2
-0.21666 -0.40500 -0.17221 0.52528 0.61654 1.82112 -0.07520 0.89875 -0.48505 -0.43062 -0.39286 -0.36831 -0.30259 -0.19752 -0.32274 -0.24184 1.71305 1.36902 -0.14021 1.43167 1.26085 2
-0.31038 -0.43846 -0.85719 -0.76128 -0.67335 0.20788 -0.07520 -0.41098 -0.39936 -0.43062 -0.39286 -0.36831 -0.30259 -0.19752 -0.39409 -0.36706 0.80237 -0.00390 -0.14817 0.82452 1.17848 2
-0.19792 -0.23773 0.98474 -0.20846 -0.18107 0.44987 0.11664 -0.11158 -0.48546 -0.09145 -0.24826 -0.30033 -0.30259 0.04774 -0.33715 -0.33160 1.33375 0.94808 -0.13465 -0.54085 -0.71536 2
-0.10420 -0.10392 -0.58907 -0.46477 -0.47395 -0.11476 -0.03683 0.52181 -0.34784 -0.43062 -0.39286 -0.36831 -0.30259 -0.19752 -0.22184 -0.15208 0.48249 0.87164 -0.14817 0.00143 -0.61313 2
-0.34786 -0.43846 0.92046 0.76651 0.62900 -0.35675 -0.45890 -0.60806 0.94960 -0.35525 -0.23512 -0.31269 -0.30259 -0.12745 -0.14904 -0.25037 -0.48317 -0.29139 -0.12669 -0.55334 -0.73632 2
0.27065 0.93316 0.71601 0.22877 0.23020 -0.27609 -0.30542 -0.44641 0.16383 -0.20451 -0.31399 -0.33123 -0.30259 -0.02234 -0.40994 -0.38591 -0.23216 -0.29830 -0.14419 -0.56986 -0.63149 2
-0.31038 -0.43846 0.88128 0.48507 0.32990 -0.59873 -0.45890 1.29898 0.19630 0.28541 0.25126 0.83675 0.72072 -0.19752 1.37817 1.76881 -0.43344 -0.42992 -0.14817 -0.64480 -0.63938 2
-0.32912 -0.40500 0.83660 0.74641 0.10557 -0.43741 -0.38216 0.26346 -0.31989 0.77533 0.13295 -0.12112 -0.30259 -0.05737 -0.09211 -0.02642 -0.27263 -0.40270 -0.14260 -0.55213 -0.47645 2
-0.17918 -0.27119 1.18307 1.34948 -0.32439 -0.35675 -0.26705 0.71090 1.00960 -0.43062 -0.39286 -0.36831 -0.30259 -0.19752 -0.52454 -0.51113 -0.14328 -0.31998 -0.12431 0.62147 0.04083 2
0.23317 1.03352 1.34039 1.81686 1.96874 -0.67939 -0.49727 -0.67291 -0.37348 -0.35525 -0.36657 -0.35595 -0.30259 -0.19752 -0.39409 -0.38501 -0.79492 -0.62087 -0.14817 -0.62868 -0.73772 2
-0.23540 -0.43846 0.16080 -0.12805 -0.29947 0.28855 -0.07520 -0.41319 -0.33474 0.24772 0.11980 1.09013 0.68418 -0.16248 0.32591 0.06335 0.63981 0.55541 -0.14339 -0.66091 -0.52338 2
-0.31038 -0.40500 -1.04634 -0.76128 -0.67335 0.12722 -0.11357 -0.00129 0.44931 -0.43062 -0.39286 -0.36831 -0.30259 -0.19752 0.03762 0.14413 0.93172 0.08526 -0.14498 1.40991 1.21893 3
-0.25415 -0.40500 2.02231 0.31420 0.51061 -0.35675 -0.45890 -0.48230 -0.24129 -0.43062 -0.39286 -0.36831 -0.30259 -0.19752 -0.40922 -0.40341 -0.47714 -0.47809 -0.11635 0.33663 0.12199 3
-0.06672 0.23063 -1.15224 -0.84169 -0.84783 0.12722 -0.11357 -0.40457 -0.54545 -0.43062 -0.39286 -0.36831 -0.30259 -0.19752 -0.43805 -0.37604 0.90401 -0.04275 -0.14817 3.04280 1.31807 3
-0.21666 -0.33809 -0.37544 0.13831 0.34236 1.09516 -0.19031 -0.36898 -0.62921 -0.43062 -0.39286 -0.36831 -0.30259 -0.12745 -0.59661 -0.55601 1.13448 0.79416 -0.13862 -0.54367 0.92312 3
0.25191 0.16372 0.48829 -0.01246 -0.06891 -0.19542 0.03990 0.67811 -0.43568 -0.43062 -0.39286 -0.36831 -0.30259 -0.16248 0.41240 0.21594 -0.01917 0.55751 -0.11954 2.24871 0.11606 3
-0.25415 -0.37155 -0.18567 -0.54015 -0.10006 -0.67939 -0.49727 -0.59969 -0.56155 0.28541 1.42119 1.75754 4.33325 -0.12745 0.02321 2.03809 -0.82149 -0.82259 -0.14817 -0.65809 -0.64765 3
0.75796 1.93678 0.20854 0.39461 0.93434 -0.35675 0.07827 -0.68572 -0.41589 -0.43062 -0.39286 -0.36831 -0.30259 -0.19752 0.64303 0.22492 -0.45267 -0.44354 -0.14817 -0.50701 -0.53707 3
-0.16043 -0.40500 1.33365 0.03277 0.62900 -0.43741 -0.42053 -0.67625 -0.03868 -0.43062 -0.39286 -0.36831 -0.30259 -0.12745 0.21204 -0.05245 -0.61977 0.11568 -0.14180 -0.41797 -0.62339 3
-0.17918 -0.40500 -0.37544 -0.38939 0.48568 -0.35675 -0.38216 0.04608 -0.07672 -0.43062 -0.39286 -0.36831 -0.30259 -0.19752 1.19078 1.51748 -0.34954 -0.26972 -0.14817 -0.38091 -0.67586 3
-0.29163 -0.40500 0.01511 -0.19339 -0.32439 0.12722 0.80538 -0.38549 -0.49685 -0.05376 -0.19634 -0.30033 -0.30259 -0.02234 -0.43805 -0.44829 0.45697 0.25871 -0.14339 -0.61015 -0.56919 3
0.00825 0.16372 0.69519 1.21882 0.28628 -0.51807 -0.11357 1.09398 2.60184 -0.01608 -0.23512 -0.29415 -0.30259 -0.02234 0.57096 0.18003 -0.58027 -0.37966 -0.14658 -0.62788 -0.67551 3
0.17694 0.89971 -0.24505 -0.46477 -0.37424 -0.43741 -0.15194 -0.78853 -0.48726 -0.43062 -0.39286 -0.36831 -0.30259 -0.19752 -0.53895 -0.52010 -0.46840 -0.55872 -0.12749 -0.64359 -0.52376 3
-0.12295 -0.43846 -0.43053 -0.39944 -0.43033 0.04656 -0.00038 0.59587 -0.43256 -0.43062 -0.39286 -0.36831 -0.30259 -0.16248 -0.28021 -0.30512 0.58606 0.59206 -0.13544 -0.13072 0.51099 3
-0.34786 -0.43846 1.35508 0.62579 0.06818 -0.43741 -0.07520 0.20038 -0.47211 -0.05376 -0.22263 -0.20176 -0.22964 -0.12745 -0.29463 -0.35898 -0.54610 -0.28050 -0.14658 -0.64319 -0.77540 3
-0.25415 -0.37155 -0.59397 -0.36928 -0.46148 0.44987 0.19338 -0.47368 -0.20563 -0.43062 -0.39286 -0.36831 -0.30259 -0.16248 0.68627 0.25184 0.39859 0.39206 -0.13783 0.38054 -0.74346 3
0.38311 -0.13737 -0.73048 -0.37933 -0.39294 -0.19542 -0.42053 -0.31739 -0.45547 5.71217 4.31315 3.66092 3.25652 -0.12745 2.64664 2.60359 -0.14677 0.64965 -0.14817 -0.62828 -0.81902 3
-0.34786 -0.43846 -0.04488 -0.08282 -0.37424 -0.35675 -0.03875 0.03899 -0.50532 -0.43062 -0.39286 -0.36831 -0.30259 -0.19752 -0.48130 -0.48420 -0.30715 -0.45924 -0.13862 -0.49049 -0.55466 3
-0.36660 -0.43846 0.31628 0.26395 0.08688 -0.59873 -0.42053 -0.78469 -0.49775 -0.39293 -0.37972 -0.36213 -0.30259 -0.19752 -0.46688 -0.47522 -0.69563 -0.59013 -0.12431 -0.60572 -0.53040 3
-0.14169 -0.37155 -1.03165 -0.56528 -0.66089 -0.59873 -0.45890 0.84363 -0.59905 -0.16682 -0.06423 0.02720 0.06850 -0.12745 -0.52454 -0.51113 -0.65019 -0.71788 -0.13067 -0.60048 0.96677 3
-0.34786 -0.43846 -0.10303 -0.24364 -0.37424 -0.35675 -0.34379 -0.26374 -0.33319 0.09698 -0.16939 -0.07786 -0.16765 -0.09241 -0.27949 -0.27775 -0.23592 -0.39956 -0.12033 -0.65447 -0.47638 3
-0.31038 -0.37155 0.17365 -0.40446 0.10557 -0.43741 -0.45890 -0.37671 -0.49618 -0.43062 -0.39286 -0.36831 -0.30259 -0.19752 0.06645 0.25184 -0.55929 -0.61841 -0.13067 1.09848 0.92899 3
0.00825 0.19717 0.42524 0.00261 -0.13122 -0.59873 -0.26705 -0.75054 -0.31263 0.32310 -0.03794 -0.20145 -0.30259 -0.09241 -0.53895 -0.52010 -0.75681 -0.77024 -0.14180 -0.64037 -0.47302 3
0.38311 1.40152 0.31077 -0.29390 -0.15615 -0.43741 -0.38216 -0.66994 -0.34644 -0.43062 -0.39286 -0.36831 -0.30259 -0.09241 0.62862 0.20696 -0.53657 -0.32521 -0.12590 -0.28825 0.46451 3
-0.34786 -0.43846 -1.19386 -0.90200 -0.74189 -0.03410 -0.19031 -0.63803 -0.53905 -0.43062 -0.39286 -0.36831 -0.30259 -0.19752 -0.46688 -0.43034 0.26400 -0.24040 -0.14817 2.23179 1.23620 3
-0.25415 -0.30464 0.48339 0.07800 -0.19353 -0.43741 -0.26705 0.43133 -0.12524 0.66227 0.40900 0.50922 0.22874 0.08277 -0.55337 -0.52908 -0.28312 0.01824 -0.10363 -0.65286 0.61054 3
-0.29163 -0.43846 -0.78067 -0.28887 -0.23092 -0.43741 -0.38216 1.81955 -0.06124 -0.35525 -0.32714 1.38058 1.28579 -0.19752 0.29708 0.41341 -0.19921 0.09678 -0.14021 -0.65729 -0.69244 4
-0.34786 -0.43846 0.44728 -0.09287 0.06195 -0.67939 -0.49727 -0.77961 0.00615 -0.43062 -0.39286 -0.36831 -0.30259 -0.19752 -0.43805 -0.43034 -0.80226 -0.60584 -0.14817 -0.57188 -0.61136 4
-0.25415 -0.27119 0.04694 -0.08282 -0.08760 -0.67939 -0.49727 -0.78102 -0.44157 -0.43062 -0.39286 -0.36831 -0.30259 -0.19752 -0.58220 -0.54703 -0.81449 -0.77966 -0.13703 -0.22902 -0.84521 4
0.21442 1.00007 -0.42992 -0.51503 -0.36801 -0.43741 -0.38216 -0.80442 -0.53034 -0.43062 -0.39286 -0.36831 -0.30259 -0.19752 -0.46688 -0.47522 -0.40722 -0.45610 -0.13624 -0.41717 -0.54911 4
-0.32912 -0.40500 0.49686 0.44487 0.10557 -0.59873 -0.49727 -0.00899 0.42410 -0.35525 -0.35343 -0.35595 -0.30259 -0.16248 -0.46688 -0.47522 -0.75157 -0.79746 -0.11158 0.14808 -0.80508 4
-0.36660 -0.43846 -0.72374 -0.72108 -0.59234 -0.67939 -0.49727 -0.81106 -0.59395 -0.43062 -0.39286 -0.36831 -0.30259 -0.19752 -0.58220 -0.53806 -0.78478 -0.88228 -0.14180 -0.39702 1.01876 4
-0.32912 -0.40500 0.93821 -0.06775 -0.27454 -0.67939 -0.49727 -0.16071 0.44489 -0.35525 -0.36657 -0.36213 -0.30259 -0.16248 -0.36598 -0.39444 -0.82323 -0.78176 -0.12590 -0.57752 0.02431 4
0.42059 1.33461 -0.94411 -0.73615 -0.62350 -0.19542 -0.22868 -0.63597 -0.48545 -0.05376 -0.18254 -0.27561 -0.30259 -0.09241 -0.51012 -0.49317 -0.33730 -0.41317 -0.13862 -0.45464 -0.69047 4
-0.29163 -0.30464 0.03837 -0.63062 -0.08760 -0.67939 -0.49727 -0.79750 2.00139 0.05741 -0.17005 -0.26356 -0.30259 0.25620 -0.53895 -0.51113 -0.81476 -0.84589 -0.14021 -0.57913 0.14501 4
0.34562 0.76589 -0.58417 -0.16826 0.08064 -0.35675 -0.26705 0.15728 -0.22383 1.41598 1.47377 1.13956 0.88378 0.60832 0.44123 0.34161 -0.18873 -0.13883 -0.14419 -0.65044 -0.73824 4
0.36437 1.43497 -0.08651 -0.17831 0.23643 -0.67939 -0.49727 -0.79725 -0.40611 0.54733 0.07971 -0.18322 -0.30259 0.11781 -0.42364 -0.44829 -0.80610 -0.69437 -0.13226 -0.62868 -0.72652 4
0.43934 1.50188 -0.57438 -0.16826 -0.17484 -0.59873 -0.45890 -0.17737 0.16631 0.17235 -0.14310 -0.25089 -0.30259 0.64336 -0.49571 -0.48420 -0.48763 -0.61945 -0.14180 -0.51467 0.44239 4
-0.34786 -0.43846 -0.07488 0.33933 -0.09383 -0.59873 -0.45890 0.59508 0.65495 -0.43062 -0.39286 -0.36831 -0.30259 -0.19752 0.28267 0.00051 -0.58901 -0.62364 -0.11635 0.43130 0.65419 4
-0.29163 -0.40500 0.44177 -0.03257 0.04949 -0.11476 -0.42053 0.44348 -0.55939 0.54921 -0.03794 -0.20145 -0.30259 0.25795 -0.59661 -0.55601 -0.23592 -0.31055 -0.13385 -0.64560 0.90449 4
-0.32912 -0.40500 -0.45991 0.26395 -0.20600 -0.51807 -0.15194 2.30842 -0.19495 -0.43062 -0.39286 -0.36831 -0.30259 -0.19752 -0.16346 -0.03449 -0.64258 -0.63657 -0.14817 0.19804 -0.74963 4
-0.34786 -0.43846 -0.59703 -0.25872 -0.46771 -0.67939 -0.49727 1.44873 -0.52857 -0.43062 -0.39286 -0.36831 -0.30259 -0.19752 -0.51012 -0.50215 -0.75157 -0.82050 -0.13783 -0.40226 -0.49394 4
-0.34786 -0.40500 -0.76843 -0.75123 -0.41786 -0.67939 -0.49727 -0.53907 1.81182 -0.43062 -0.39286 -0.36831 -0.30259 -0.19752 -0.29463 -0.20684 -0.82350 -0.88244 -0.14339 2.04405 1.29238 4
-0.29163 -0.37155 -0.69864 -0.06272 -0.34309 -0.59873 -0.45890 -0.73663 -0.51363 -0.43062 -0.39286 -0.36831 -0.30259 -0.19752 -0.46688 -0.47522 -0.02276 -0.55956 -0.14817 -0.22701 -0.74117 4
-0.29163 -0.43846 -0.97349 -0.80651 -0.77928 0.04656 1.34447 -0.46003 -0.54447 -0.43062 -0.39286 -0.36831 -0.30259 -0.19752 -0.55337 -0.52908 0.33042 -0.00061 -0.14658 2.67497 1.27220 4
-0.34786 -0.43846 0.12713 -0.45472 -0.31816 -0.43741 -0.30542 0.33016 -0.45061 -0.35525 -0.35343 -0.34977 -0.30259 0.29299 -0.58220 -0.54703 -0.75157 -0.78071 -0.14339 -0.62788 0.99884 4
-0.25415 -0.30464 -0.64172 -0.51000 -0.37424 -0.67939 -0.49727 -0.45080 -0.51412 -0.43062 -0.39286 -0.36831 -0.30259 -0.19752 -0.49571 -0.02642 -0.81449 -0.84563 -0.14260 0.00868 -0.55732 4
-0.34786 -0.43846 -0.94901 -0.79144 -0.72320 -0.43741 -0.38216 -0.73898 -0.51613 -0.43062 -0.39286 -0.36831 -0.30259 -0.19752 -0.59661 -0.55601 -0.44742 -0.53254 -0.14817 -0.23305 0.98855 4
-0.34786 -0.40500 -0.91228 -0.77636 -0.74812 -0.67939 -0.49727 -0.76228 -0.58270 -0.43062 -0.39286 -0.36831 -0.30259 -0.19752 -0.59661 -0.55601 -0.82498 -0.73568 -0.14260 -0.43731 -0.61295 4
-0.34786 -0.43846 -0.73843 -0.47985 -0.48641 -0.51807 -0.42053 -0.76700 -0.47302 -0.31756 -0.35343 -0.34977 -0.30259 -0.19752 -0.52454 -0.51113 -0.60299 -0.58385 -0.14817 -0.58074 -0.74104 4
-0.34786 -0.43846 -0.57989 -0.57031 -0.56742 -0.67939 -0.49727 -0.15657 0.44011 -0.43062 -0.39286 -0.36831 -0.30259 -0.16248 -0.46688 -0.40341 -0.74283 -0.86657 -0.13067 -0.52877 0.94116 4
-0.31038 -0.37155 -0.69069 -0.52005 -0.44279 -0.59873 -0.19031 -0.76065 -0.47545 -0.01608 -0.18254 -0.26943 -0.30259 -0.02234 -0.56778 -0.53806 -0.77779 -0.55034 -0.14817 -0.61539 -0.76886 5
-0.32912 -0.40500 -0.95880 -0.18333 -0.74189 -0.35675 -0.34379 4.44029 -0.55913 -0.43062 -0.39286 -0.36831 -0.30259 -0.19752 -0.59661 -0.55601 -0.52084 -0.60270 -0.13544 0.55096 1.22704 5
-0.36660 -0.43846 -0.69987 -0.59041 -0.44279 -0.67939 -0.49727 -0.80360 -0.52533 -0.43062 -0.39286 -0.36831 -0.30259 -0.19752 -0.52454 -0.51113 -0.84945 -0.48228 -0.14817 0.46313 -0.65670 5
-0.34786 -0.43846 -0.64478 -0.82159 -0.64219 -0.59873 -0.45890 -0.69803 -0.55289 -0.24219 0.08037 0.34237 0.21750 -0.19752 -0.52454 -0.49317 -0.67641 -0.62155 -0.13067 -0.64641 0.91246 5
-0.36660 -0.43846 -0.62213 -0.72108 -0.44902 -0.67939 -0.49727 -0.79958 -0.45914 -0.35525 -0.36657 -0.35595 -0.30259 -0.19752 -0.52454 -0.51113 -0.82673 -0.81840 -0.14817 -0.61780 -0.66690 5
-0.31038 -0.40500 -0.55112 -0.70600 -0.41163 -0.59873 -0.30542 -0.75155 0.00700 -0.43062 -0.39286 -0.36831 -0.30259 -0.19752 -0.58220 -0.53806 -0.63445 -0.77233 -0.13862 -0.42805 0.74999 5
-0.34786 -0.40500 -1.19203 -0.80651 -0.71697 -0.67939 -0.49727 0.34919 -0.43929 -0.43062 -0.39286 -0.36831 -0.30259 -0.19752 -0.59661 -0.55601 -0.77988 -0.87725 -0.14658 1.99651 1.25681 5
-0.31038 -0.43846 -0.89024 -0.56026 -0.48018 -0.27609 -0.34379 -0.78136 -0.62891 0.05930 -0.22197 -0.28797 -0.30259 -0.12745 -0.53895 -0.51113 -0.29885 -0.45610 -0.14817 -0.63755 1.00235 5
-0.31038 -0.33809 -1.26181 -0.98744 -0.82290 -0.51807 -0.42053 -0.79203 -0.62470 -0.43062 -0.39286 -0.36831 -0.30259 -0.19752 -0.59661 -0.55601 -0.54181 -0.66762 -0.14658 2.26805 1.27363 5
-0.31038 -0.37155 -1.10633 -0.73615 -0.63596 -0.27609 -0.30542 -0.51781 -0.50815 -0.43062 -0.39286 -0.36831 -0.30259 -0.19752 -0.59661 -0.55601 -0.41072 -0.48647 -0.13544 -0.43892 0.93209 5
-0.36660 -0.43846 -0.87249 -0.58538 -0.65465 -0.67939 -0.49727 -0.81269 -0.55013 -0.43062 -0.39286 -0.36831 -0.30259 -0.19752 -0.58220 -0.53806 -0.82175 -0.88034 -0.14817 -0.43449 0.95511 5
-0.34786 -0.43846 -1.16142 -0.89195 -0.78551 -0.51807 -0.03683 -0.81683 -0.65010 -0.43062 -0.39286 -0.36831 -0.30259 -0.19752 -0.59661 -0.55601 -0.57852 -0.77757 -0.13862 -0.16093 0.91297 5
-0.12295 0.19717 -1.24222 -0.82662 -0.69827 -0.67939 -0.49727 -0.81397 -0.65062 -0.43062 -0.39286 -0.36831 -0.30259 -0.19752 -0.59661 -0.55601 -0.81275 -0.88228 -0.13862 1.88491 0.91029 5
-0.12295 0.19717 -1.28324 -0.97738 -0.71697 -0.67939 -0.49727 -0.77291 -0.46669 -0.43062 -0.39286 -0.36831 -0.30259 -0.19752 -0.53895 -0.48420 -0.82323 -0.88228 -0.14817 2.36958 1.30510 5
-0.36660 -0.43846 -1.29732 -0.87687 -0.82290 -0.67939 -0.49727 -0.73949 -0.54192 -0.43062 -0.39286 -0.36831 -0.30259 -0.19752 -0.59661 -0.55601 -0.82323 -0.87809 -0.14817 0.10859 1.03289 5
-0.01049 0.13026 -0.30137 -0.70097 -0.48018 -0.59873 -0.49727 -0.79044 -0.31914 -0.43062 -0.39286 -0.36831 -0.30259 -0.19752 -0.59661 -0.55601 -0.77779 -0.84563 -0.14021 0.65692 0.77989 5
-0.32912 -0.40500 -0.32463 -0.71103 -0.51756 -0.67939 -0.49727 -0.80065 -0.31013 -0.43062 -0.39286 -0.36831 -0.30259 -0.19752 -0.59661 -0.55601 -0.73234 -0.85505 -0.14021 0.56788 0.77967 5
-0.12295 -0.00355 -1.27834 -0.96231 -0.76059 -0.67939 -0.49727 -0.80195 -0.50135 -0.43062 -0.39286 -0.36831 -0.30259 -0.19752 -0.59661 -0.55601 -0.82323 -0.88228 -0.14817 2.34420 1.30453 5
-0.32912 -0.43846 -1.13265 -0.65574 -0.46771 -0.67939 -0.49727 -0.66615 -0.36424 -0.43062 -0.39286 -0.36831 -0.30259 -0.12745 -0.52454 -0.51113 -0.72535 -0.86238 -0.14817 -0.47921 1.00387 5
-0.34786 -0.40500 -1.30038 -0.99246 -0.76682 -0.67939 -0.49727 -0.78858 -0.62936 -0.43062 -0.39286 -0.36831 -0.30259 -0.19752 -0.59661 -0.55601 -0.82673 -0.88228 -0.14817 1.38493 1.26218 5
-0.32912 -0.40500 -1.21468 -0.74118 -0.66089 -0.67939 -0.49727 -0.81707 -0.55204 -0.43062 -0.39286 -0.36831 -0.30259 -0.19752 -0.55337 -0.52010 -0.82149 -0.86343 -0.14817 -0.15852 0.99078 5
-0.34786 -0.43846 -1.31201 -1.01759 -0.86029 -0.67939 -0.49727 -0.82087 -0.61962 -0.43062 -0.39286 -0.36831 -0.30259 -0.19752 -0.58220 -0.53806 -0.82350 -0.88034 -0.14817 0.02439 0.99734 5
-0.36660 -0.43846 -1.32670 -1.00754 -0.84159 -0.67939 -0.49727 -0.81813 -0.59462 -0.43062 -0.39286 -0.36831 -0.30259 -0.19752 -0.59661 -0.55601 -0.82000 -0.88244 -0.14817 1.93648 1.23045 5
-0.36660 -0.43846 -1.30527 -1.00251 -0.85406 -0.67939 -0.49727 -0.82078 -0.64756 -0.43062 -0.39286 -0.36831 -0.30259 -0.19752 -0.59661 -0.55601 -0.82297 -0.88212 -0.14817 2.23784 1.27835 5
-0.34786 -0.40500 -1.31323 -1.01759 -0.87898 -0.67939 -0.49727 -0.79347 -0.65039 -0.43062 -0.39286 -0.36831 -0.30259 -0.19752 -0.59661 -0.55601 -0.82149 -0.88228 -0.14817 2.40745 1.30836 5
