0.15820 -0.07046 0.12407 0.19861 0.27382 -0.51807 -0.45890 0.38663 -0.34731 -0.43062 -0.39286 -0.36831 -0.30259 -0.19752 0.10970 0.13515 -0.46490 -0.10008 4.21791 -0.67743 -3.14703 1
-0.04798 -0.40500 2.79789 1.94753 1.60109 4.32163 3.95361 1.76601 -0.14004 1.37830 1.42119 1.51653 0.91470 0.99372 1.56555 0.90710 3.21105 3.68629 -0.13465 -0.65124 -0.54640 1
-0.06672 -0.43846 1.52648 1.10323 0.43583 4.56361 5.41165 3.39206 -0.36356 0.13467 0.29069 0.43507 0.96249 1.65941 0.28267 0.04539 3.11317 3.49572 -0.12033 -0.64037 -0.54436 1
0.40185 0.06336 2.20106 0.92733 0.32367 1.01450 0.99915 0.97673 0.14630 2.35813 4.56291 3.80924 2.63241 0.88861 5.19799 4.11158 2.16752 2.35645 -0.10363 -0.63473 -0.02756 1
0.12071 -0.23773 3.45594 1.73143 1.99367 2.95038 1.15262 0.92119 -0.38425 0.39847 -0.07738 -0.21999 -0.30259 0.81854 -0.46688 -0.45727 3.52569 2.76797 -0.10522 -0.60612 0.00735 1
1.32025 1.20079 1.88580 0.50015 0.72247 2.39381 1.42505 0.41632 0.60177 1.41975 1.33246 1.22917 0.19880 2.61065 -0.09138 -0.15118 2.32965 2.39248 -0.13226 -0.62103 -0.54432 1
-0.06672 -0.43846 1.30121 2.32948 0.94057 1.01450 0.27012 0.82858 -0.09598 -0.24219 -0.05108 1.46709 1.11430 -0.05737 2.66105 2.19966 1.69557 1.71457 -0.14419 -0.62183 -0.53208 1
0.15820 -0.37155 1.53566 0.66600 0.58538 1.82112 2.80252 -0.19712 -0.32954 -0.43062 -0.39286 -0.36831 -0.30259 -0.12745 0.91691 0.60191 1.04883 1.39206 -0.12749 -0.54730 -0.53534 1
0.88916 2.03715 2.31063 5.61624 7.08468 1.09919 0.19530 4.14179 6.89404 -0.43062 -0.39286 -0.36831 -0.30259 -0.19752 0.63078 0.20831 1.25955 2.11656 -0.14817 -0.35110 -0.63593 1
-0.14169 -0.43846 0.60705 -0.03759 -0.14368 2.95038 4.79774 0.24092 -0.27413 0.17235 0.56674 0.36091 0.26810 0.04774 0.12411 -0.04437 1.76899 2.26326 -0.14021 -0.64883 -0.59412 1
0.25191 0.43135 1.06187 1.07307 0.84087 1.90178 0.92241 0.71096 0.69105 -0.43062 -0.39286 -0.36831 -0.30259 -0.19752 1.40700 1.52645 1.83541 2.19520 -0.13862 0.47965 -0.70451 1
-0.02923 -0.40500 2.04924 4.62116 5.85087 1.33715 0.23175 3.21723 5.71943 -0.43062 -0.39286 -0.36831 -0.30259 -0.09241 -0.29391 -0.29570 1.55574 1.27583 -0.14260 -0.41233 -0.64707 1
1.32025 2.33823 0.43565 0.42979 -0.13745 1.33311 0.53679 0.41669 -0.46015 -0.27988 -0.34028 -0.34359 -0.30259 -0.12745 -0.00706 0.07995 2.05661 2.72394 -0.14817 -0.48526 -0.57498 1
-0.29163 -0.43846 1.40895 1.40476 2.55449 0.36517 -0.34379 0.49471 4.32189 2.72933 1.19443 0.37790 -0.30259 1.90116 -0.10724 -0.13503 0.28943 0.24824 -0.13544 -0.62949 -0.72130 1
0.06448 -0.20428 2.78748 1.02784 0.59785 -0.11476 0.07827 -0.25612 -0.17080 0.32310 0.05408 -0.15819 -0.30259 -0.02234 -0.19301 -0.25082 -0.04714 0.25489 -0.09091 -0.55737 -0.04294 1
0.06448 0.13026 0.46442 0.11318 -0.28077 1.01450 2.03513 1.07067 -0.34269 -0.43062 -0.39286 -0.36831 -0.30259 -0.19752 -0.27949 -0.20594 1.56972 1.99625 -0.12749 -0.53924 -0.73372 1
0.28939 1.13389 1.37283 1.99779 1.90643 0.53053 -0.34379 -0.30192 -0.33987 0.17235 -0.05108 -0.17673 -0.27729 -0.05737 0.16735 0.11720 0.60310 0.68630 -0.13783 -0.64117 -0.54038 1
-0.17918 -0.37155 0.71417 0.70118 0.27382 1.81708 0.38331 0.58323 -0.53110 -0.43062 -0.39286 -0.36831 -0.30259 -0.19752 -0.33787 -0.32308 3.03530 2.01750 -0.12113 2.51583 1.26129 1
-0.14169 -0.33809 1.24367 0.54538 0.59785 -0.11476 -0.11357 0.62503 0.31233 0.24584 0.69622 1.25389 0.76359 0.01270 4.84124 3.01829 0.17433 1.57756 -0.10522 -0.52313 -0.08871 1
-0.01049 -0.43846 0.83476 1.40979 1.76934 2.70839 -0.07520 0.39927 -0.14718 -0.43062 -0.39286 -0.36831 -0.30259 -0.19752 -0.59661 -0.55601 2.62024 2.14494 -0.13226 0.06911 0.47574 1
-0.01049 -0.43846 1.14756 0.45995 0.07441 1.17179 2.02937 1.23448 -0.44272 -0.09145 0.21051 0.43970 0.42413 0.22292 -0.38111 -0.35898 0.61743 0.77704 -0.12908 -0.64762 -0.57243 1
-0.12295 -0.23773 0.32975 0.07297 -0.19353 1.25648 0.73056 0.60964 -0.33827 -0.43062 -0.39286 -0.36831 -0.30259 0.15285 -0.25066 -0.19696 1.01737 1.08107 -0.13862 -0.49855 -0.75866 1
-0.08546 -0.07046 0.38606 -0.11800 0.13673 0.28855 0.11664 -0.46465 0.26367 -0.43062 -0.39286 -0.36831 -0.30259 -0.19752 -0.25066 -0.32263 0.49647 0.82766 -0.14658 -0.44094 -0.67268 1
-0.21666 -0.40500 1.53444 1.31933 1.17736 1.17582 -0.26705 0.13337 -0.50592 -0.43062 -0.39286 -0.36831 -0.30259 -0.09241 0.44123 0.09027 1.08903 1.11457 -0.13703 -0.49130 -0.80424 1
-0.12295 -0.30464 -0.36870 -0.36928 -0.08137 1.74045 2.76415 -0.64392 0.44717 2.32044 1.47377 0.36091 -0.20982 0.22292 0.38357 0.25184 0.97017 1.25698 -0.14260 -0.62747 -0.53236 1
0.10197 -0.43846 -0.54255 -0.22857 -0.32439 1.73642 2.94832 0.43075 -0.50331 -0.43062 -0.39286 -0.36831 -0.30259 -0.19752 -0.56778 -0.53806 0.83199 1.02997 -0.14817 -0.57389 -0.57216 2
0.12071 0.76589 2.09638 0.51020 0.46076 -0.43741 -0.38216 -0.17542 1.19965 -0.43062 -0.39286 -0.36831 -0.30259 0.36306 -0.58220 -0.54703 -0.53307 -0.26867 -0.13067 -0.61015 0.13227 2
-0.23540 -0.43846 0.04816 -0.08282 -0.10630 1.65979 0.42360 1.43729 1.37922 -0.43062 -0.39286 -0.36831 -0.30259 9.22728 -0.29391 -0.29570 1.00163 1.36274 -0.11476 0.08523 0.93834 2
-0.10420 -0.30464 0.54155 -0.17831 0.14296 -0.43741 -0.11357 0.05982 2.17080 1.41598 1.19772 1.27552 1.22957 0.15285 1.56555 1.10458 -0.42820 -0.31265 -0.14180 -0.64722 -0.75193 2
0.42059 1.26770 0.79069 -0.09287 0.01210 -0.35675 -0.34379 0.53903 1.02266 -0.12913 -0.07672 0.20147 0.27766 -0.05737 0.38573 1.38688 0.17887 0.04332 -0.14498 -0.61015 -0.74282 2
-0.29163 -0.37155 0.82374 0.28405 1.07143 0.20788 -0.38216 -0.41093 3.03958 -0.43062 -0.39286 -0.36831 -0.30259 -0.19752 -0.51012 -0.47522 0.16034 0.05913 -0.13067 -0.54045 -0.74144 2
-0.19792 -0.20428 0.22691 0.66097 0.00587 -0.35675 0.03990 0.72759 1.75672 1.37830 1.27659 0.88001 0.68418 0.01270 0.25384 0.46727 0.10493 0.38264 -0.14817 -0.60894 -0.68132 2
-0.34786 -0.43846 0.88006 0.98764 0.41091 -0.36078 -0.23060 3.04607 0.50615 0.24396 0.35182 1.77546 1.46628 -0.16248 0.26321 0.28281 -0.04391 0.32772 -0.13544 -0.66011 -0.75579 2
-0.27289 -0.33809 1.58708 0.36446 0.03079 0.20788 0.99531 -0.52623 -0.36435 0.05741 -0.19634 0.61243 0.50819 0.22292 0.18033 -0.02731 0.30516 0.51369 -0.09409 -0.64883 -0.73354 2
-0.27289 -0.43846 0.19140 1.22887 1.23344 1.41781 -0.26705 0.55078 0.25011 -0.43062 -0.39286 -0.36831 -0.30259 -0.19752 -0.59661 -0.55601 1.24460 0.92295 -0.13067 0.08080 1.02265 2
-0.17918 -0.23773 1.06187 -0.47482 -0.31816 -0.03410 0.80730 -0.29313 0.16869 0.43615 -0.03794 -0.20145 -0.30259 0.43314 -0.49571 -0.48420 0.63456 -0.02050 -0.13544 -0.62546 0.47033 2
-0.14169 -0.30464 1.13961 0.51523 0.34236 -0.19542 -0.34379 0.15924 -0.30461 -0.09145 0.23811 0.18787 0.18095 0.15285 0.62862 2.49588 -0.43519 -0.49066 -0.14817 -0.60693 -0.65290 2
-0.23540 -0.40500 0.98106 -0.19339 -0.23092 0.76848 0.30657 -0.23489 -0.46284 -0.24219 -0.31399 -0.33123 -0.30259 -0.12745 -0.40994 -0.41284 1.11980 1.05400 -0.14419 -0.61297 -0.74404 2
-0.27289 -0.43846 0.68540 0.32425 0.74117 0.53053 -0.34379 -0.48256 -0.55003 -0.43062 -0.39286 -0.36831 -0.30259 -0.19752 -0.58220 -0.54703 0.45627 0.26955 -0.12908 -0.37043 0.93019 2
-0.21666 -0.37155 -0.02897 -0.35923 -0.36178 -0.27609 0.69411 -0.07918 -0.48303 0.17424 0.77970 1.15501 1.09463 0.18788 0.99186 0.81106 0.18411 0.38850 -0.14021 -0.60169 -0.46805 2
-0.23540 -0.43846 1.08696 0.54036 0.57915 -0.19542 0.11664 -0.13274 -0.42301 -0.43062 -0.39286 -0.36831 -0.30259 -0.16248 0.03762 0.09027 -0.01568 -0.18071 -0.12590 -0.34102 -0.61019 2
-0.14169 -0.07046 1.60667 1.67615 0.64770 -0.67939 -0.49727 0.16816 0.64745 0.24961 -0.07672 -0.21968 -0.30259 -0.16248 1.45456 0.73925 -0.64433 -0.61772 -0.14180 -0.55858 -0.76089 2
-0.31038 -0.40500 -1.12163 -0.84169 -0.62350 0.20788 -0.07520 -0.51979 -0.36383 0.88838 0.06722 -0.15201 -0.30259 -0.16248 -0.38039 -0.41239 0.83383 -0.03621 -0.14180 -0.61539 1.12179 2
-0.31038 -0.37155 0.69764 0.48507 0.37352 -0.43741 -0.07520 1.40738 -0.14495 -0.09145 -0.16939 -0.26325 -0.30259 0.43314 -0.45247 -0.45727 -0.33381 0.05908 -0.13624 -0.56906 -0.81083 2
0.04574 -0.43846 0.28139 0.05790 0.37352 -0.11476 0.27012 -0.77561 -0.07841 -0.20451 -0.31399 -0.33123 -0.30259 -0.19752 -0.51012 -0.48420 -0.03840 -0.29066 -0.14658 -0.64158 -0.62540 2
-0.08546 -0.03701 0.35240 0.74138 0.64147 -0.43741 -0.38216 0.73169 1.24551 -0.43062 -0.39286 -0.36831 -0.30259 -0.09241 0.61204 0.58172 -0.36300 -0.40699 -0.12272 -0.46471 0.01455 2
-0.14169 -0.40500 0.09346 0.09307 0.29874 0.85318 -0.11357 -0.10980 -0.43469 -0.43062 -0.39286 -0.36831 -0.30259 -0.19752 1.39258 0.76348 0.83907 0.85698 -0.14180 -0.45343 -0.67644 2
1.09534 2.53896 0.41606 0.75646 -0.44279 -0.19946 -0.42053 0.17613 -0.33980 -0.24408 -0.30150 -0.32536 -0.28868 -0.05737 -0.45319 -0.44874 -0.25069 -0.36966 -0.10681 -0.59887 -0.10631 2
2.61350 0.89971 0.08367 0.44487 0.69755 -0.35675 -0.34379 0.18106 0.80672 -0.43062 -0.39286 -0.36831 -0.30259 -0.16248 0.71510 0.96993 -0.25690 -0.16082 -0.13385 -0.49452 -0.61268 2
-0.27289 -0.43846 1.58830 1.49522 1.12128 0.04656 -0.42053 -0.12964 0.42020 -0.43062 -0.39286 -0.36831 -0.30259 -0.19752 -0.56778 -0.53806 -0.11531 -0.20375 -0.13385 0.32091 0.75429 2
-0.29163 -0.40500 -0.88351 0.07800 -0.44902 -0.03410 -0.15194 1.07539 0.89510 -0.43062 -0.39286 -0.36831 -0.30259 -0.19752 1.33492 0.70963 -0.23942 -0.23307 -0.12749 2.11576 1.20235 3
-0.29163 -0.43846 -0.48684 -0.09287 0.21773 0.69185 -0.30542 -0.34282 -0.43444 -0.43062 -0.39286 -0.36831 -0.30259 -0.09241 -0.58220 -0.54703 0.70273 0.40463 -0.14180 0.36966 1.05013 3
-0.29163 -0.43846 0.37382 0.28405 -0.09383 -0.03410 0.46005 0.39513 -0.40398 0.99767 1.37846 0.71099 0.46054 0.32628 0.95727 0.43855 0.20745 0.34337 -0.14817 -0.64077 -0.53999 3
-0.25415 -0.37155 0.74845 -0.43964 -0.39294 -0.43741 -0.07520 0.02807 -0.36080 -0.43062 -0.39286 -0.36831 -0.30259 -0.19752 -0.56778 -0.53806 -0.39324 -0.54511 -0.12590 0.62912 0.52054 3
-0.25415 -0.27119 -0.21077 -0.45974 -0.34932 -0.27609 -0.30542 -0.05674 -0.41190 -0.39293 -0.37972 -0.36213 -0.30259 -0.19752 -0.03445 -0.14311 -0.15027 0.24547 -0.14021 -0.58557 -0.79946 3
0.17694 0.96662 0.21405 1.00271 1.00912 -0.67939 -0.49727 -0.07017 -0.45187 -0.43062 -0.39286 -0.36831 -0.30259 -0.12745 -0.56778 -0.53806 -0.79177 -0.84982 -0.13703 -0.53844 0.86625 3
-0.21666 -0.23773 0.01817 -0.02251 -0.37424 -0.59873 -0.34379 -0.25216 -0.29996 -0.43062 -0.39286 -0.36831 -0.30259 -0.19752 -0.42364 -0.44829 -0.65193 -0.64877 -0.11317 0.44541 0.60788 3
-0.31038 -0.40500 -0.74823 -0.58036 -0.72320 0.28855 0.03990 0.87631 -0.53917 -0.43062 -0.39286 -0.36831 -0.30259 -0.19752 0.02321 0.17106 -0.06637 1.02976 -0.13544 2.16653 1.29324 3
-0.29163 -0.43846 0.09285 -0.17328 -0.24339 -0.43741 -0.26705 -0.53001 -0.47793 -0.43062 -0.39286 -0.36831 -0.30259 -0.19752 -0.51012 -0.49317 -0.08909 0.02138 -0.14021 -0.20364 -0.85091 3
-0.31038 -0.40500 0.37137 -0.19339 -0.16861 -0.59873 -0.19031 -0.12223 -0.27291 -0.43062 -0.39286 -0.36831 -0.30259 -0.19752 -0.42364 -0.43034 -0.55055 -0.61736 -0.13703 0.37571 0.46208 3
-0.27289 -0.43846 -0.40237 1.72640 -0.81667 0.69589 0.42552 0.03939 -0.65270 -0.43062 -0.39286 -0.36831 -0.30259 -0.19752 0.18321 0.37930 1.10363 0.82180 -0.14339 2.74990 1.28468 3
-0.34786 -0.43846 -1.15836 -0.62559 -0.68581 -0.67939 -0.49727 0.62672 0.30268 2.16405 1.24701 0.40262 -0.30259 -0.19752 3.66141 2.96443 -0.82350 -0.58568 -0.13226 -0.60129 0.90912 3
-0.14169 -0.27119 0.50543 -0.03257 0.11803 -0.51807 -0.26705 -0.24015 -0.54178 0.51153 0.61932 0.37327 0.29340 0.01270 -0.38039 0.49420 -0.56454 -0.41841 -0.14419 -0.58316 -0.82092 3
-0.32912 -0.43846 -0.81985 -0.42456 -0.60480 -0.11476 -0.11357 0.68533 0.30162 -0.43062 -0.39286 -0.36831 -0.30259 -0.19752 0.58537 0.89813 0.22204 0.03604 -0.13862 2.24227 1.29951 3
-0.34786 -0.43846 0.13141 -0.07277 0.07441 -0.59873 -0.19031 -0.04711 -0.32519 1.86445 0.65679 0.12515 -0.30259 1.86613 -0.33787 -0.28717 -0.66303 -0.47176 -0.14817 -0.64641 -0.74417 3
-0.12295 -0.37155 -0.53153 -0.64569 -0.43656 -0.67939 -0.49727 -0.79848 -0.38187 0.62458 1.60522 0.84911 0.65325 -0.09241 0.21060 4.13851 -0.77080 -0.53778 -0.14578 -0.62264 -0.64873 3
-0.34786 -0.43846 -0.46787 -0.80651 -0.65465 -0.67939 -0.49727 -0.81468 -0.60406 -0.43062 -0.39286 -0.36831 -0.30259 -0.19752 -0.55337 -0.52908 -0.78303 -0.87600 -0.13862 0.83137 1.05656 3
-0.02923 0.13026 -1.08062 -0.26877 -0.48641 -0.35675 0.03990 0.11555 1.07187 -0.43062 -0.39286 -0.36831 -0.30259 3.62145 -0.53895 -0.52010 -0.64319 -0.53568 -0.13862 0.96231 1.18241 3
-0.36660 -0.43846 0.31628 0.26395 0.08688 -0.59873 -0.42053 -0.78469 -0.49775 -0.39293 -0.37972 -0.36213 -0.30259 -0.19752 -0.46688 -0.47522 -0.69563 -0.59013 -0.12431 -0.60572 -0.53040 3
-0.25415 -0.43846 0.30526 -0.13308 -0.09383 -0.51807 -0.42053 -0.68155 -0.21869 -0.43062 -0.39286 -0.36831 -0.30259 -0.19752 -0.32346 -0.30512 -0.50948 -0.57835 -0.13385 -0.27132 0.48168 3
-0.19792 -0.37155 -0.46787 -0.13810 -0.43033 -0.03410 -0.26705 -0.73381 -0.56937 0.54921 -0.03794 -0.12729 -0.23512 -0.12745 -0.39481 -0.43034 -0.20446 0.15960 -0.14021 -0.64560 -0.62239 3
-0.31038 -0.37155 -0.36503 -0.39944 -0.17484 -0.51807 -0.34379 -0.53744 0.05434 -0.43062 -0.39286 -0.36831 -0.30259 -0.19752 -0.39481 -0.36751 -0.50685 -0.50008 -0.13067 -0.51185 -0.62797 3
-0.36660 -0.43846 -1.25569 -0.89697 -0.73566 -0.67939 -0.49727 -0.81670 -0.62866 -0.43062 -0.39286 -0.36831 -0.30259 -0.19752 -0.59661 -0.55601 -0.82323 -0.88228 -0.14339 -0.22862 1.03999 3
-0.23540 -0.40500 -0.40176 -0.25369 -0.14992 -0.59873 -0.45890 -0.68190 -0.24128 0.51153 0.09351 -0.14583 -0.30259 0.08277 -0.46688 -0.45727 -0.70962 -0.62888 -0.14021 -0.53723 -0.74482 3
-0.31038 -0.40500 -0.72191 -0.52005 -0.60480 -0.03410 0.00154 0.08805 -0.48578 -0.43062 -0.39286 -0.36831 -0.30259 -0.16248 1.26285 0.63782 -0.09608 0.13657 -0.14817 0.45064 -0.74418 3
-0.25415 -0.27119 -0.12813 0.21872 -0.05021 -0.27609 0.11664 0.06621 0.05247 -0.43062 -0.39286 -0.36831 -0.30259 -0.19752 -0.49571 -0.46625 -0.23592 -0.25610 -0.11635 0.47643 0.65443 4
-0.34786 -0.43846 -0.06814 -0.02251 0.26759 -0.67939 -0.49727 -0.20703 -0.26528 0.62081 0.11783 -0.12822 -0.30259 -0.19752 -0.42436 -0.44874 -0.76109 -0.64170 -0.14817 -0.60693 -0.68088 4
0.17694 1.00007 -0.80883 -0.49995 -0.39294 -0.27609 -0.30542 0.33776 -0.51345 -0.24219 -0.31399 -0.33123 -0.30259 0.08277 2.54574 1.40976 -0.20970 0.01824 -0.13226 -0.59041 -0.64945 4
-0.34786 -0.43846 -1.16693 -0.83164 -0.62973 -0.27609 -0.30542 -0.65438 -0.50629 -0.43062 -0.39286 -0.36831 -0.30259 -0.19752 -0.56778 -0.52908 -0.20620 -0.41526 -0.14021 0.92605 1.06930 4
-0.31038 -0.40500 -0.38523 -0.74118 -0.54249 -0.11476 -0.19031 -0.62866 -0.51008 -0.24219 -0.31399 0.03338 0.06007 -0.12745 -0.51012 -0.48420 -0.20271 0.00882 -0.14419 -0.65487 -0.63166 4
-0.34786 -0.43846 -0.15874 0.22877 0.28628 -0.59873 -0.19031 1.84833 -0.49560 -0.43062 -0.39286 -0.36831 -0.30259 -0.16248 -0.39409 -0.42092 -0.72841 -0.67752 -0.13067 -0.59524 -0.56147 4
-0.27289 -0.33809 -0.36258 -0.62056 -0.59857 -0.19542 -0.26705 -0.68348 -0.53848 -0.43062 -0.39286 -0.36831 -0.30259 -0.19752 -0.10652 -0.10720 -0.34080 -0.31474 -0.13624 -0.42482 -0.61682 4
0.19568 -0.20428 -0.79047 -0.66077 -0.51756 -0.51807 -0.11357 -0.64075 -0.54736 2.05099 1.41724 0.75425 0.03406 -0.19752 1.41709 1.42368 -0.11348 -0.27736 -0.14817 -0.60370 -0.81739 4
-0.29163 -0.30464 -0.11834 -0.55021 0.01833 -0.59873 -0.42053 -0.78898 1.84817 1.34061 0.30384 -0.04078 -0.30259 1.30905 -0.58220 -0.54703 -0.67291 -0.70950 -0.13862 -0.59202 0.15133 4
-0.36660 -0.43846 -0.10242 -0.35923 -0.20600 -0.67939 -0.49727 -0.76638 -0.47852 0.05930 -0.19568 -0.27561 -0.30259 -0.19752 -0.55337 -0.51113 -0.81100 -0.83830 -0.12908 -0.63271 0.27308 4
-0.34786 -0.43846 -0.62580 -0.31903 -0.43656 -0.67939 -0.49727 -0.38995 -0.54964 -0.43062 -0.39286 -0.36831 -0.30259 0.36306 -0.51012 -0.50215 -0.66417 -0.43307 -0.14339 -0.55133 -0.63313 4
-0.31038 -0.40500 -1.08246 -0.94220 -0.60480 -0.03410 0.15501 -0.64698 0.44447 -0.39293 -0.24826 -0.35595 -0.30259 -0.12745 -0.56778 -0.52908 -0.17299 -0.29903 -0.14658 2.05090 1.24462 4
-0.36660 -0.43846 -0.64049 -0.60549 -0.46148 -0.67939 -0.49727 -0.79840 -0.52863 -0.39293 -0.37972 -0.36213 -0.30259 -0.16248 -0.53895 -0.52010 -0.82323 -0.26657 -0.13465 -0.64238 -0.54254 4
0.19568 1.00007 -0.89269 -0.42456 -0.67958 -0.27609 -0.34379 -0.65963 -0.62288 -0.43062 -0.39286 -0.36831 -0.30259 -0.19752 -0.55337 -0.51113 -0.35251 -0.32338 -0.13862 -0.39340 0.89711 4
-0.34786 -0.43846 0.05490 -0.52508 -0.36801 -0.51807 -0.38216 -0.80362 -0.44274 -0.43062 -0.39286 -0.36831 -0.30259 -0.19752 -0.59661 -0.55601 -0.58630 -0.64108 -0.13544 -0.44859 -0.74133 4
-0.36660 -0.43846 -0.92330 -0.72108 -0.59234 -0.67939 -0.49727 -0.81690 -0.63201 -0.43062 -0.39286 -0.36831 -0.30259 -0.19752 -0.59661 -0.55601 -0.84596 -0.88228 -0.14339 -0.31282 1.02688 4
-0.27289 -0.30464 -0.09140 -0.23359 -0.06891 -0.51807 -0.45890 -0.17156 -0.52550 0.36267 -0.03728 -0.20732 -0.30259 0.25971 -0.27877 -0.34911 -0.61453 -0.51280 -0.14021 -0.58638 -0.73357 4
-0.17918 -0.40500 -0.45440 -0.26877 -0.08137 -0.51807 -0.42053 -0.05377 -0.25691 -0.43062 -0.39286 -0.36831 -0.30259 -0.19752 -0.14976 -0.08925 -0.50161 -0.51055 -0.14578 -0.51507 -0.61829 4
-0.36660 -0.43846 -0.09140 -0.58538 -0.19353 -0.67939 -0.49727 -0.43981 -0.53240 -0.43062 -0.39286 -0.36831 -0.30259 -0.19752 -0.59661 -0.55601 -0.81974 -0.87181 -0.13067 -0.44215 0.94384 4
-0.31038 -0.43846 -0.16853 -0.53513 -0.37424 -0.59873 -0.22868 -0.79393 -0.45182 -0.43062 -0.39286 -0.36831 -0.30259 -0.19752 -0.03445 -0.17003 -0.62222 -0.61736 -0.14817 -0.47075 -0.72763 4
-0.31038 -0.40500 0.09346 -0.41954 -0.29324 -0.51807 -0.42053 -0.71248 -0.14126 -0.43062 -0.39286 -0.36831 -0.30259 -0.19752 -0.59661 -0.55601 -0.71311 -0.75244 -0.13703 0.55660 0.77812 4
0.32688 0.93316 -0.27443 -0.63564 -0.50510 -0.59873 -0.38216 -0.79025 -0.24967 -0.43062 -0.39286 -0.36831 -0.30259 -0.19752 -0.59661 -0.55601 -0.67990 -0.72731 -0.14021 -0.37487 0.74800 4
-0.25415 -0.40500 -0.31545 0.22877 0.06818 -0.35675 -0.07520 -0.51468 -0.37187 -0.43062 -0.39286 -0.36831 -0.30259 -0.19752 -0.58220 -0.54703 -0.30933 -0.44458 -0.12908 0.45346 0.52304 4
-0.34786 -0.40500 -1.10694 -0.03759 -0.46148 -0.67939 -0.49727 -0.01661 0.85049 -0.20451 -0.31399 -0.33123 -0.30259 -0.19752 0.22501 0.41341 -0.82323 -0.69275 -0.12749 -0.61942 0.96722 4
-0.23540 -0.37155 -0.61295 -0.61051 -0.26208 -0.51807 -0.11357 -0.31489 -0.04732 -0.43062 -0.39286 -0.36831 -0.30259 -0.19752 -0.55337 -0.52010 -0.19921 -0.62469 -0.14817 -0.51628 -0.62261 4
-0.31038 -0.43846 -0.80271 -0.68087 -0.50510 -0.43741 -0.34379 -0.54497 -0.54581 -0.20451 -0.30084 -0.32505 -0.30259 -0.16248 0.10970 0.26980 -0.42645 -0.57757 -0.14817 -0.62546 -0.74290 5
-0.31038 -0.37155 -0.39074 -0.52005 -0.35555 -0.59873 -0.45890 -0.60758 -0.33532 -0.43062 -0.39286 -0.36831 -0.30259 -0.19752 -0.30832 -0.20594 -0.27263 -0.37652 -0.14419 -0.52877 -0.83271 5
-0.36660 -0.43846 -0.51255 -0.37431 -0.53003 -0.67939 -0.49727 -0.80526 -0.45066 -0.43062 -0.39286 -0.36831 -0.30259 -0.19752 -0.59661 -0.55601 -0.82323 -0.88228 -0.14658 2.40302 1.28814 5
-0.34786 -0.43846 -0.54316 -0.33913 -0.57365 -0.67939 -0.49727 0.40741 -0.63877 -0.43062 -0.39286 -0.36831 -0.30259 -0.19752 -0.59661 -0.55601 -0.82323 -0.88123 -0.13544 1.79829 0.95494 5
-0.34786 -0.43846 -1.14673 -0.69595 -0.26208 -0.67939 -0.49727 -0.64827 -0.31773 0.05930 -0.05108 -0.25089 -0.30259 -0.19752 -0.53895 -0.52010 -0.75157 -0.85087 -0.13226 -0.50459 0.91851 5
-0.34786 -0.43846 -0.72007 -0.57533 -0.62973 -0.67939 -0.49727 -0.37638 -0.57174 -0.09145 -0.03794 -0.02842 0.03195 -0.12745 0.35474 0.06335 -0.81974 -0.67914 -0.14021 -0.65648 -0.74557 5
-0.32912 -0.40500 -0.48134 -0.41451 -0.41163 -0.59873 -0.26705 -0.43879 -0.59342 -0.43062 -0.39286 -0.36831 -0.30259 -0.19752 -0.55337 -0.52908 -0.77394 -0.80867 -0.14498 -0.23748 0.99440 5
-0.34786 -0.40500 -0.88718 -0.60549 -0.66089 -0.67939 -0.49727 -0.62752 -0.09344 -0.43062 -0.39286 -0.36831 -0.30259 -0.19752 -0.59661 -0.55601 -0.82376 -0.88265 -0.14817 1.99248 1.16279 5
-0.34786 -0.43846 0.49074 0.02774 -0.14368 -0.67939 -0.49727 0.42295 0.80438 -0.43062 -0.39286 -0.36831 -0.30259 -0.19752 -0.56778 -0.53806 -0.82498 -0.80270 -0.13067 0.63557 0.04208 5
-0.32912 -0.40500 -0.91106 -0.78641 -0.62350 -0.67939 -0.49727 -0.81802 -0.58228 -0.31756 -0.35343 -0.34977 -0.30259 -0.16248 -0.48130 -0.48420 -0.82673 -0.85191 -0.14817 -0.65688 -0.74423 5
-0.34786 -0.40500 -1.24039 -0.83164 -0.85406 -0.67939 -0.49727 0.26097 -0.64057 -0.43062 -0.39286 -0.36831 -0.30259 -0.19752 -0.59661 -0.55601 -0.81974 -0.88123 -0.14339 1.41313 1.25225 5
-0.29163 -0.37155 -0.91167 -0.79646 -0.54872 -0.59873 -0.45890 -0.78737 -0.34841 0.28541 0.00150 -0.23235 -0.30259 -0.16248 -0.59661 -0.55601 -0.59775 -0.74825 -0.13862 -0.63674 0.46337 5
-0.10420 0.29753 -1.13694 -0.45974 -0.62973 -0.67939 -0.49727 -0.54733 -0.63013 -0.43062 -0.39286 -0.36831 -0.30259 -0.19752 -0.59661 -0.55601 -0.82297 -0.80134 -0.14339 -0.34908 1.04857 5
-0.32912 -0.40500 -0.97717 -0.85677 -0.67958 -0.67939 -0.49727 -0.81051 -0.54753 -0.43062 -0.39286 -0.36831 -0.30259 -0.19752 -0.56778 -0.53806 -0.74283 -0.87181 -0.14817 -0.43490 -0.68497 5
-0.08546 0.33099 -1.28936 -0.97738 -0.81667 -0.67939 -0.49727 -0.80857 -0.66985 -0.43062 -0.39286 -0.36831 -0.30259 -0.19752 -0.59661 -0.55601 -0.82350 -0.88244 -0.14817 2.21044 1.26396 5
-0.36660 -0.43846 -1.30527 -1.00754 -0.87275 -0.67939 -0.49727 -0.73576 -0.64705 -0.43062 -0.39286 -0.36831 -0.30259 -0.19752 -0.59661 -0.55601 -0.78128 -0.85191 -0.14817 1.85066 1.28623 5
-0.36660 -0.43846 -0.45134 -0.84672 -0.70450 -0.67939 -0.49727 -0.76918 -0.58426 -0.43062 -0.39286 -0.36831 -0.30259 -0.19752 -0.58220 -0.54703 -0.82323 -0.88228 -0.14658 1.69233 1.16139 5
-0.34786 -0.43846 -1.17489 -0.79646 -0.76059 -0.67939 -0.49727 -0.66165 -0.53251 -0.43062 -0.39286 -0.36831 -0.30259 -0.19752 -0.32274 -0.38546 -0.81449 -0.84249 -0.14817 2.63871 1.26915 5
-0.34786 -0.40500 -1.15591 -0.78641 -0.67335 -0.67939 -0.49727 -0.81666 -0.55432 -0.43062 -0.39286 -0.36831 -0.30259 -0.19752 -0.58220 -0.53806 -0.82175 -0.87306 -0.14817 -0.43127 0.95513 5
-0.34786 -0.43846 -1.20060 -0.80651 -0.69827 -0.67939 -0.49727 -0.64489 -0.56048 -0.43062 -0.39286 -0.36831 -0.30259 -0.19752 -0.56778 -0.53806 -0.82323 -0.87076 -0.14817 -0.52313 0.98376 5
-0.36660 -0.43846 -1.26916 -0.86179 -0.71074 -0.67939 -0.49727 -0.81935 -0.59227 -0.43062 -0.39286 -0.36831 -0.30259 -0.19752 -0.59661 -0.55601 -0.84596 -0.87600 -0.14658 -0.17302 1.02756 5
-0.34786 -0.40500 -1.22753 -0.84169 -0.73566 -0.67939 -0.49727 -0.73794 -0.64731 -0.43062 -0.39286 -0.36831 -0.30259 -0.19752 -0.59661 -0.55601 -0.82323 -0.88228 -0.13862 -0.65124 0.92061 5
-0.36660 -0.43846 -1.31140 -0.98744 -0.84159 -0.67939 -0.49727 -0.82082 -0.65604 -0.43062 -0.39286 -0.36831 -0.30259 -0.19752 -0.59661 -0.55601 -0.82122 -0.88212 -0.14498 2.27812 1.28240 5
-0.36660 -0.43846 -1.28018 -0.98744 -0.84159 -0.67939 -0.49727 -0.81537 -0.65250 -0.43062 -0.39286 -0.36831 -0.30259 -0.19752 -0.59661 -0.55601 -0.82297 -0.88212 -0.14817 2.33735 1.29343 5
-0.34786 -0.40500 -1.29119 -0.99246 -0.78551 -0.67939 -0.49727 -0.78035 -0.59462 -0.43062 -0.39286 -0.36831 -0.30259 -0.19752 -0.59661 -0.55601 -0.82498 -0.88228 -0.14817 2.23421 1.29176 5
