-0.14169 -0.10392 0.20610 -0.39944 0.06818 -0.59873 -0.19031 -0.46244 -0.26389 -0.43062 -0.39286 -0.36831 -0.30259 -0.19752 1.68087 0.86222 -0.64145 -0.24668 3.60555 -0.67421 -3.14705 1
0.06448 0.16372 -0.76476 -0.42959 -0.01906 0.04656 -0.38216 -0.60164 -0.52012 -0.43062 -0.39286 -0.36831 -0.30259 -0.16248 -0.10652 -0.25082 1.46310 0.41510 4.78256 -0.67421 -3.14705 1
-0.34786 -0.43846 0.47544 0.04282 0.01210 -0.67939 -0.49727 -0.37534 -0.10381 0.69995 0.56674 0.45979 0.31027 -0.12745 -0.42364 -0.43932 -0.76206 -0.52940 1.01294 -0.67703 -3.14704 1
-0.32912 -0.43846 -0.61539 0.01266 0.74740 -0.76006 -0.53564 2.69848 4.42571 -0.43062 -0.39286 -0.36831 -0.30259 0.61007 1.84447 1.50357 -0.87899 -0.21898 6.03115 -0.67501 -3.14705 1
0.13945 -0.27119 2.73668 5.01316 2.39871 2.86972 0.50034 1.77993 0.83578 1.52904 0.73763 0.41653 0.02914 0.99372 -0.06328 -0.02642 3.12715 2.98787 1.69688 -0.68549 -3.14698 1
-0.04798 -0.37155 -0.73292 -0.46980 -0.31816 0.04656 -0.03683 -0.38746 -0.35748 -0.35525 -0.34028 -0.34359 -0.30259 -0.12745 -0.59661 -0.55601 0.01054 0.28212 4.18610 -0.67421 -3.14705 1
1.26402 3.34185 -0.22852 1.15851 0.15542 -0.51807 -0.38216 1.94026 4.46287 -0.43062 -0.39286 -0.36831 -0.30259 -0.19752 2.48808 2.85492 -0.42820 -0.02574 4.52012 -0.67622 -3.14704 1
0.96414 2.23787 -0.76782 0.05287 0.04326 -0.59873 -0.45890 -0.21718 -0.33482 -0.16682 -0.28770 -0.25089 -0.24918 0.43314 0.15294 0.13515 -0.63970 -0.33987 6.96958 -0.67461 -3.14705 1
0.23317 0.02990 -0.10120 0.05287 -0.21846 0.69185 2.84089 -0.36982 -0.50820 -0.12913 -0.24826 -0.30033 -0.30259 -0.16248 0.49889 0.19799 0.59960 0.88944 3.04090 -0.67743 -3.14704 1
-0.12295 -0.30464 0.79559 0.92733 0.56669 2.13973 0.76701 1.46846 2.14537 2.08868 2.69036 6.57624 4.17525 0.11781 3.94898 4.35304 2.22756 2.81174 -0.14817 -0.66011 -0.59704 1
0.12071 -0.23773 3.45594 1.73143 1.99367 2.95038 1.15262 0.92119 -0.38425 0.39847 -0.07738 -0.21999 -0.30259 0.81854 -0.46688 -0.45727 3.52569 2.76797 -0.10522 -0.60612 0.00735 1
0.64551 1.76951 1.63421 0.84189 0.82217 1.97841 3.02506 0.21400 0.71702 -0.27988 -0.34028 -0.34359 -0.30259 0.08277 0.06501 -0.09015 1.18963 1.38525 -0.14817 -0.50097 -0.56392 1
0.00825 -0.13737 1.28530 1.75656 1.80673 3.19236 1.26773 0.90027 -0.52949 0.17235 -0.16939 -0.26325 -0.30259 -0.16248 0.61420 0.80836 3.30195 2.88525 -0.09886 -0.55173 0.63823 1
-0.06672 -0.30464 1.26816 -0.18836 -0.16861 2.95038 3.41643 -0.63128 -0.50604 -0.16682 -0.30084 -0.32505 -0.30259 0.01270 -0.13535 -0.17003 2.04167 2.14284 -0.14817 -0.58719 -0.52928 1
0.34562 -0.30464 0.90822 0.39461 0.03703 1.73642 3.06343 0.45462 0.14062 0.39658 1.12870 1.24153 0.92075 0.18788 0.91402 0.91294 0.82850 1.24107 -0.12431 -0.65447 -0.56484 1
0.62677 1.93678 1.15981 1.25902 1.45777 0.93384 0.00154 -0.04731 -0.22352 0.66227 0.27755 -0.05314 -0.30259 -0.12745 -0.07769 -0.20594 0.91424 0.91981 -0.14339 -0.61378 -0.81423 1
-0.29163 -0.40500 -0.26035 -0.15821 -0.08137 0.61119 0.34686 0.17690 -0.22263 -0.31756 -0.31399 -0.24471 -0.21263 0.04774 6.55295 5.79909 0.67477 2.21928 -0.14339 0.01190 -0.88935 1
0.21442 0.16372 2.23595 0.85697 0.21150 0.61119 1.26773 -0.12375 -0.46507 -0.43062 -0.39286 -0.36831 -0.30259 -0.16248 -0.40922 -0.43034 0.95094 1.06431 -0.11635 2.53114 0.10745 1
-0.16043 -0.33809 1.75787 0.02774 0.02456 2.22442 3.07111 -0.64975 -0.42029 -0.43062 -0.39286 -0.36831 -0.30259 -0.19752 -0.06328 -0.19696 1.53651 1.51771 -0.13226 -0.56060 -0.53821 1
3.19453 0.76589 0.73437 1.70630 1.80673 0.61119 -0.34379 0.27993 0.55344 1.90590 3.28782 3.10474 1.80870 -0.09241 1.57997 1.68802 0.56814 0.60149 -0.14817 -0.65527 -0.73644 1
12.45348 -0.10392 1.79827 0.48005 0.25512 -0.67939 -0.49727 -0.70393 0.16880 -0.43062 -0.39286 -0.36831 -0.30259 -0.19752 5.11151 3.05240 -0.81974 -0.62783 -0.14021 -0.45343 -0.62979 1
-0.23540 -0.43846 1.03187 0.28907 0.57915 1.01853 0.04182 -0.37454 0.65895 -0.43062 -0.39286 -0.36831 -0.30259 -0.19752 -0.00418 -0.16016 1.11062 1.42515 -0.13703 -0.43409 -0.73696 1
-0.17918 -0.33809 -0.26525 -0.11800 0.37352 1.32908 0.61161 0.58291 1.30897 -0.13102 -0.27521 -0.31300 -0.30259 0.08102 0.32231 0.11451 0.79188 0.99468 -0.13862 -0.61579 -0.74201 1
0.68299 1.63570 3.00418 1.10323 0.72247 1.25648 0.00154 1.43716 0.28765 -0.43062 -0.39286 -0.36831 -0.30259 -0.19752 -0.42364 -0.42137 1.44387 1.77949 -0.12272 -0.44618 0.03206 1
-0.12295 -0.20428 -0.48072 -0.06272 0.24266 0.44584 0.19146 -0.01846 0.82087 2.54091 3.79194 3.56668 3.01095 0.15285 0.74105 0.68001 0.14994 0.88782 -0.12113 -0.65487 -0.66283 1
-0.21666 -0.40500 -0.08467 0.64589 0.80348 2.13973 0.46005 0.87161 0.84082 -0.43062 -0.39286 -0.36831 -0.30259 -0.19752 -0.59661 -0.55601 1.87168 1.52531 -0.13067 0.75845 1.15637 2
-0.31038 -0.40500 -1.06838 -0.64067 -0.77305 -0.19542 -0.26705 1.31473 -0.43677 0.96375 1.56578 2.41260 3.14688 -0.19752 3.59799 4.61424 0.11542 0.42871 -0.13544 -0.56261 1.11170 2
-0.31038 -0.40500 -1.08490 -0.77133 -0.43656 -0.03410 -0.19031 -0.51096 -0.42117 -0.43062 -0.39286 -0.36831 -0.30259 -0.19752 -0.42364 -0.36751 0.45977 -0.16500 -0.14021 0.79551 1.16945 2
-0.02923 -0.03701 0.55195 0.43984 0.01833 0.76848 0.26820 -0.25073 0.53881 1.78907 1.86353 2.09867 1.58843 0.15285 0.89961 0.48298 1.77572 1.20866 -0.14180 -0.66132 -0.84895 2
0.23317 0.96662 -0.42869 -0.16826 -0.03152 -0.43741 -0.38216 1.41860 1.14133 6.13990 3.97991 2.45524 1.53966 0.36482 1.03582 1.19793 -0.18366 -0.00390 -0.14339 -0.64641 -0.59811 2
-0.17918 -0.43846 1.65870 2.42999 3.57020 1.26052 0.19530 1.73819 3.56106 -0.05376 0.81913 1.76187 1.31152 -0.16248 0.34249 2.78087 0.31547 0.43154 -0.13385 -0.65729 -0.66471 2
-0.31038 -0.43846 -0.14405 0.07800 0.64147 -0.59873 -0.45890 1.56661 2.75422 1.34061 5.36477 5.97217 6.59916 -0.16248 3.90069 4.73991 -0.58551 -0.49485 -0.12669 -0.66051 -0.68752 2
-0.04798 -0.30464 1.02269 0.52025 0.77232 0.76848 0.26820 0.72269 0.52534 -0.43062 -0.39286 -0.36831 -0.30259 -0.19752 -0.56778 -0.53806 0.95059 0.86484 -0.12749 -0.18309 0.74146 2
-0.21666 -0.43846 0.02062 0.32928 0.33613 1.49444 0.53679 0.44685 -0.53133 -0.16682 -0.30084 -0.33123 -0.30259 0.18788 -0.49571 -0.46625 1.34834 1.06128 -0.12908 -0.60814 0.99350 2
-0.31038 -0.43846 -0.36625 -0.01749 0.08688 0.61119 -0.34379 -0.44055 -0.61103 -0.43062 -0.39286 -0.36831 -0.30259 -0.16248 -0.59661 -0.55601 0.45627 0.26327 -0.13703 -0.50258 0.98878 2
-0.21666 -0.37155 0.43320 0.17348 0.85956 0.04656 -0.42053 -0.55275 2.74604 -0.43062 -0.39286 -0.36831 -0.30259 -0.19752 -0.56778 -0.53806 -0.03316 0.08316 -0.13544 -0.53562 -0.73819 2
-0.23540 -0.37155 0.64745 0.35441 0.14296 0.04656 -0.11357 -0.29504 -0.45115 -0.27988 -0.34028 -0.34359 -0.30259 0.99372 0.41240 0.23389 0.30245 0.50515 -0.14658 -0.57590 -0.74871 2
-0.27289 -0.40500 0.10693 0.04282 0.01833 -0.19542 0.03990 0.33314 0.81384 1.75516 0.67191 0.13226 -0.30259 1.44919 1.07546 1.75983 0.72720 0.24128 -0.12590 -0.52957 0.13139 2
0.42059 1.26770 0.75702 0.01769 0.13673 -0.35675 0.27012 0.23942 0.13858 2.84805 1.07941 0.31765 -0.30259 1.97474 -0.33715 0.38649 -0.17299 0.10306 -0.13067 -0.55495 0.13807 2
-0.23540 -0.40500 0.35729 1.33943 1.20852 0.53053 0.11664 0.79037 0.95111 -0.05376 -0.12996 -0.25707 -0.30259 -0.09241 -0.36598 -0.34956 0.23078 0.14494 -0.14578 -0.60169 -0.55617 2
0.75796 2.00369 0.42769 -0.39944 -0.33686 0.04656 -0.19031 -0.62270 -0.45825 0.05930 0.10666 1.23844 0.86410 -0.05737 3.19439 1.82267 -0.08734 0.16484 -0.12272 -0.65688 -0.73770 2
-0.29163 -0.33809 0.90822 0.51020 0.31120 -0.59873 -0.45890 -0.61167 -0.39923 -0.16682 -0.28770 -0.31887 -0.30259 -0.05737 -0.38039 -0.40341 -0.66592 -0.67704 -0.14021 -0.56503 -0.53211 2
-0.17918 -0.23773 0.06347 -0.27380 -0.08137 0.28855 0.38523 -0.09275 -0.34924 -0.43062 -0.39286 -0.36831 -0.30259 -0.16248 -0.26508 -0.34058 0.44404 0.86431 -0.14339 -0.40951 -0.50009 2
-0.34786 -0.43846 0.57522 -0.23359 -0.31816 -0.59873 -0.42053 0.52238 -0.50219 0.51153 -0.02479 0.55248 0.48176 -0.19752 0.93132 1.27512 -0.61872 -0.40270 -0.14339 -0.64037 -0.77409 2
0.34562 0.26408 -0.29280 -0.09790 -0.31816 0.52650 0.11473 1.19783 -0.51464 0.17047 -0.06489 -0.06611 0.00328 0.46642 0.05060 1.30744 0.61219 0.86274 -0.14817 -0.59041 -0.84044 2
-0.16043 -0.27119 -0.18139 0.23379 -0.27454 0.53053 0.19338 0.49317 0.04128 -0.43062 -0.39286 -0.36831 -0.30259 -0.19752 0.47006 0.65577 0.31993 0.69677 -0.12590 0.03044 0.58794 2
-0.32912 -0.40500 -0.66620 -0.24364 -0.54872 -0.27609 -0.22868 -0.56806 -0.57739 -0.31756 -0.35343 -0.34977 -0.30259 -0.09241 -0.29391 -0.35853 -0.10308 0.20044 -0.13226 -0.61176 -0.68893 2
-0.19792 -0.40500 0.12040 0.67605 0.80348 0.84914 -0.30542 -0.38581 -0.46114 -0.43062 -0.39286 -0.36831 -0.30259 -0.19752 -0.29463 -0.31410 0.64182 0.68929 -0.14021 -0.34344 -0.84572 2
1.35773 2.57241 0.18712 0.16343 0.12426 0.28855 -0.22868 -0.53885 -0.26940 -0.43062 -0.39286 -0.36831 -0.30259 -0.19752 -0.52454 -0.51113 0.17660 0.20568 -0.13226 -0.43328 -0.48598 2
0.40185 1.50188 1.57300 0.29913 0.33613 -0.67939 -0.49727 -0.55939 0.07207 0.13467 -0.06423 -0.21381 -0.30259 -0.12745 -0.46688 -0.46625 -0.82498 -0.79013 -0.14339 -0.59121 -0.61650 2
-0.27289 -0.43846 0.11856 0.20364 1.22721 0.61119 -0.34379 -0.41602 -0.47571 -0.43062 -0.39286 -0.36831 -0.30259 -0.16248 -0.59661 -0.55601 0.51221 0.30620 -0.12908 0.10175 0.92755 3
-0.31038 -0.40500 -1.04634 -0.76128 -0.67335 0.12722 -0.11357 -0.00129 0.44931 -0.43062 -0.39286 -0.36831 -0.30259 -0.19752 0.03762 0.14413 0.93172 0.08526 -0.14498 1.40991 1.21893 3
-0.08546 0.16372 -1.06593 -0.83164 -0.68581 0.12722 -0.11357 -0.56003 0.33175 -0.43062 -0.39286 -0.36831 -0.30259 -0.19752 -0.45247 -0.46625 0.79712 -0.07600 -0.14658 1.52070 1.21893 3
-0.32912 -0.43846 -1.10327 -0.79646 -0.51133 -0.03410 -0.15194 -0.33431 0.33683 -0.43062 -0.39286 -0.36831 -0.30259 -0.19752 -0.53895 -0.52010 0.43949 -0.20317 -0.14339 1.66050 1.22590 3
1.24528 1.13389 -0.16180 0.36948 0.59162 -0.11476 0.00345 1.39418 0.59647 -0.43062 -0.39286 -0.36831 -0.30259 -0.19752 0.11114 0.28057 -0.15036 0.02651 -0.14817 -0.17906 -0.54597 3
-0.01049 0.26408 -0.05406 0.23379 0.39844 1.17582 -0.26705 -0.31408 -0.60795 -0.27988 -0.34028 -0.34359 -0.30259 -0.05737 -0.56778 -0.53806 0.95968 0.73552 -0.12908 -0.58839 0.90303 3
-0.31038 -0.40500 -1.05491 -0.76631 -0.24962 -0.27609 0.27012 -0.79988 3.11154 6.88043 4.66807 2.07271 -0.22950 -0.12745 -0.58220 -0.54703 -0.34080 -0.51683 -0.12908 -0.59927 0.91667 3
-0.29163 -0.43846 0.14794 0.27902 0.36106 0.28451 -0.22868 0.17078 -0.53820 -0.16682 -0.27455 -0.31269 -0.30259 0.18788 0.06501 -0.12605 0.30341 0.16363 -0.14021 -0.57590 -0.74280 3
-0.27289 -0.43846 -0.32463 -0.52508 -0.75436 1.01450 2.87926 0.01657 -0.58873 -0.43062 -0.39286 -0.36831 -0.30259 -0.19752 -0.43805 -0.35853 0.97891 0.77426 -0.14180 1.42723 1.19510 3
-0.32912 -0.43846 -1.13571 -0.85174 -0.66712 0.04656 -0.15194 -0.54184 -0.34938 -0.43062 -0.39286 -0.36831 -0.30259 -0.19752 -0.48130 -0.47522 0.58344 -0.16024 -0.14817 4.12051 1.33725 3
-0.23540 -0.33809 -0.41339 -0.03759 0.30497 -0.03410 0.73056 -0.47390 -0.52420 -0.43062 -0.39286 -0.36831 -0.30259 0.08277 -0.27949 -0.34058 -0.02617 -0.01003 -0.13624 -0.38776 -0.66236 3
-0.32912 -0.43846 0.32607 -0.28887 -0.13745 -0.67939 -0.49727 -0.53070 0.27663 -0.43062 -0.39286 -0.36831 -0.30259 -0.16248 -0.55337 -0.51113 -0.64669 -0.71998 -0.13067 0.48328 0.48943 3
0.27065 1.23425 0.17916 -0.01749 -0.43656 -0.51807 -0.45890 1.30781 -0.64878 -0.43062 -0.39286 -0.36831 -0.30259 -0.16248 2.34393 3.08830 -0.43694 0.04128 -0.14021 -0.31282 0.17727 3
-0.29163 -0.37155 -0.29831 -0.46477 0.45453 -0.67939 -0.49727 -0.35737 3.43278 -0.43062 -0.39286 -0.36831 -0.30259 -0.19752 -0.00562 -0.15208 -0.82323 -0.72207 -0.14180 -0.09808 -0.67913 3
-0.36660 -0.43846 -1.08184 -0.84169 -0.77305 -0.67939 -0.49727 -0.61009 -0.49391 -0.43062 -0.39286 -0.36831 -0.30259 -0.19752 -0.14976 0.00051 -0.82498 -0.88123 -0.13862 -0.49170 0.99313 3
-0.31038 -0.43846 1.11206 0.09307 -0.21223 -0.43741 -0.38216 0.34080 0.89028 -0.43062 -0.39286 -0.36831 -0.30259 -0.19752 -0.26580 -0.23332 -0.44672 0.03091 -0.12749 0.71413 0.00325 3
-0.34786 -0.43846 1.05023 -0.24364 -0.22469 -0.51807 -0.38216 -0.73385 -0.56876 -0.43062 -0.39286 -0.36831 -0.30259 -0.19752 0.00735 -0.12605 -0.59145 -0.58778 -0.10840 -0.64319 -0.72740 3
-0.27289 -0.33809 0.80293 0.17851 0.16165 -0.67939 -0.49727 -0.40475 0.91427 0.54921 0.42215 0.08282 -0.21544 -0.12745 -0.36598 -0.33160 -0.82498 -0.68437 -0.12590 -0.63755 0.45418 3
-0.36660 -0.43846 0.91985 0.35441 0.22397 -0.59873 -0.45890 -0.28135 0.06656 0.66227 0.55360 0.33001 0.43116 -0.16248 -0.40922 -0.33160 -0.61173 -0.48647 -0.14817 -0.63996 -0.70769 3
-0.34786 -0.40500 -1.20917 -0.78138 -0.59857 -0.67939 -0.49727 0.15468 0.97059 -0.43062 -0.39286 -0.36831 -0.30259 -0.19752 -0.17787 -0.18709 -0.82122 -0.85060 -0.14658 0.12552 1.04919 3
-0.31038 -0.37155 0.17365 -0.40446 0.10557 -0.43741 -0.45890 -0.37671 -0.49618 -0.43062 -0.39286 -0.36831 -0.30259 -0.19752 0.06645 0.25184 -0.55929 -0.61841 -0.13067 1.09848 0.92899 3
-0.17918 -0.37155 0.08244 0.07297 -0.19977 -0.35675 0.53679 0.31304 -0.41096 -0.35525 -0.34028 -0.34359 -0.30259 3.71955 -0.15048 -0.21581 -0.52171 -0.11752 -0.11795 -0.53159 -0.03997 3
-0.34786 -0.43846 1.03003 -0.11298 -0.06891 -0.59873 -0.45890 -0.16590 -0.46968 -0.43062 -0.39286 -0.36831 -0.30259 -0.19752 -0.29391 -0.36751 -0.63271 -0.69694 -0.14021 -0.52192 -0.63365 3
-0.34786 -0.40500 -0.47338 -0.39944 0.17411 -0.67939 -0.49727 0.30602 0.79870 -0.43062 -0.39286 -0.36831 -0.30259 -0.16248 -0.35157 -0.31365 -0.74283 -0.86552 -0.14021 -0.52353 -0.66907 3
-0.34786 -0.43846 -1.19386 -0.90200 -0.74189 -0.03410 -0.19031 -0.63803 -0.53905 -0.43062 -0.39286 -0.36831 -0.30259 -0.19752 -0.46688 -0.43034 0.26400 -0.24040 -0.14817 2.23179 1.23620 3
0.17694 0.76589 -0.58173 0.25892 0.21150 -0.67939 -0.49727 -0.72341 -0.27209 2.27711 0.94533 0.45206 0.39039 -0.19752 0.03618 0.09790 -0.80951 -0.71945 -0.14021 -0.64963 -0.74874 4
0.21442 1.06698 -0.57193 -0.42959 -0.60480 -0.51807 -0.42053 -0.21023 -0.39107 -0.43062 -0.39286 -0.36831 -0.30259 0.08277 0.10970 0.26980 -0.63271 -0.73045 -0.14658 -0.44336 1.02238 4
1.41396 2.30478 -0.45257 -0.20344 -0.22469 -0.43741 -0.38216 0.20335 -0.28211 -0.43062 -0.39286 -0.36831 -0.30259 -0.09241 -0.45247 -0.37649 -0.50685 0.00044 -0.14817 -0.45383 -0.79578 4
-0.32912 -0.37155 0.00715 -0.45472 -0.05021 -0.51807 -0.42053 -0.73303 -0.11710 -0.43062 -0.39286 -0.36831 -0.30259 -0.02234 -0.38111 -0.40386 -0.58280 -0.51045 -0.14817 -0.48163 -0.47437 4
-0.34786 -0.43846 -1.27099 -0.91708 -0.72320 -0.67939 -0.49727 -0.81291 -0.63972 -0.43062 -0.39286 -0.36831 -0.30259 -0.19752 -0.49571 -0.49317 -0.82498 -0.88228 -0.13862 -0.45464 0.99154 4
-0.19792 -0.23773 -0.54990 -0.31903 -0.24339 -0.43741 -0.38216 -0.42779 -0.53605 -0.43062 -0.39286 -0.36831 -0.30259 -0.19752 -0.10652 -0.25082 -0.59950 -0.44458 -0.14498 0.09288 -0.84937 4
-0.25415 -0.40500 -0.67661 -0.41451 -0.34309 0.20788 0.07827 -0.16098 -0.53002 -0.43062 -0.39286 -0.36831 -0.30259 -0.19752 -0.49571 -0.47522 0.19058 0.03185 -0.13226 -0.26246 -0.63022 4
-0.34786 -0.43846 -0.52541 -0.30395 -0.14368 -0.67939 -0.49727 -0.78716 -0.29695 -0.43062 -0.39286 -0.36831 -0.30259 -0.19752 0.22501 -0.04437 -0.77254 -0.70950 -0.14817 -0.24030 -0.61529 4
-0.32912 -0.43846 -0.40421 -0.63062 -0.59234 -0.43741 -0.38216 0.20998 -0.52736 -0.43062 -0.39286 -0.36831 -0.30259 -0.19752 -0.55337 -0.52908 -0.47364 -0.47495 -0.14339 -0.51144 1.01092 4
-0.32912 -0.43846 -0.57132 -0.73615 -0.66712 -0.43741 -0.38216 -0.76224 -0.57262 1.48759 0.93218 0.25462 -0.30259 -0.05737 0.25240 0.44752 0.06097 0.21693 -0.14817 -0.52917 -0.64014 4
-0.27289 -0.37155 -0.30443 -0.68087 -0.75436 0.12722 0.69219 -0.51858 -0.63039 -0.43062 -0.39286 -0.36831 -0.30259 -0.19752 -0.51012 -0.49317 0.47725 0.11039 -0.14658 1.26125 1.18360 4
-0.34786 -0.40500 -0.47154 -0.85174 -0.76059 -0.67939 -0.49727 -0.79122 -0.61199 -0.43062 -0.39286 -0.36831 -0.30259 -0.19752 -0.55337 -0.52908 -0.82297 -0.86532 -0.14658 2.91790 1.30044 4
-0.25415 -0.30464 -0.18384 -0.28385 -0.11253 -0.59873 -0.34379 -0.07328 -0.44436 0.28353 -0.07803 -0.25120 -0.30259 0.78175 0.09384 -0.08117 -0.73977 -0.59610 -0.14817 -0.63795 -0.72475 4
-0.21666 -0.40500 -0.25178 -0.17831 0.05572 -0.03410 -0.38216 -0.43691 0.09044 -0.43062 -0.39286 -0.36831 -0.30259 -0.19752 -0.59661 -0.55601 -0.05938 -0.19328 -0.13862 1.35351 0.81977 4
0.64551 -0.27119 -0.01121 0.03277 0.20527 -0.43741 -0.38216 -0.22547 -0.11457 -0.43062 -0.39286 -0.36831 -0.30259 -0.19752 -0.53895 -0.52010 -0.38039 -0.47804 -0.13226 -0.15006 0.48385 4
-0.29163 -0.40500 -0.47277 -0.53010 -0.26831 -0.59873 -0.45890 0.05140 0.11329 -0.43062 -0.39286 -0.36831 -0.30259 -0.19752 -0.55337 -0.52908 -0.66531 -0.73940 -0.14419 -0.54891 -0.59612 4
-0.34786 -0.43846 -0.41155 -0.29892 -0.52380 -0.67939 -0.49727 0.06440 0.74244 -0.43062 -0.39286 -0.36831 -0.30259 -0.19752 0.21060 -0.05334 -0.78478 -0.71998 -0.11795 0.30641 0.65474 4
0.57054 1.53533 -0.99676 -0.78641 -0.33686 -0.59873 -0.49727 -0.59542 0.11319 -0.43062 -0.39286 -0.36831 -0.30259 -0.19752 -0.55337 -0.52010 -0.78303 -0.85191 -0.14817 -0.51104 -0.62240 4
-0.21666 -0.23773 -0.61050 -0.37431 -0.23715 -0.67939 -0.49727 -0.77643 -0.56986 -0.24219 -0.32714 -0.33741 -0.30259 -0.05737 -0.19301 -0.29570 -0.80750 -0.18490 -0.14817 -0.58235 -0.86907 4
-0.34786 -0.43846 -0.39564 -0.73615 -0.51133 -0.59873 -0.42053 -0.68375 -0.08037 -0.43062 -0.39286 -0.36831 -0.30259 -0.19752 -0.56778 -0.53806 -0.70035 -0.71631 -0.14817 -0.19881 -0.63044 4
-0.10420 -0.00355 0.06347 0.27400 0.27382 -0.67939 -0.49727 -0.69913 -0.41695 -0.01608 -0.19568 -0.27561 -0.30259 -0.09241 -0.32274 -0.32263 -0.82149 -0.85820 -0.14419 -0.64158 -0.57571 4
-0.21666 -0.20428 -0.42747 -0.66077 -0.51756 -0.67939 -0.49727 -0.75475 -0.55642 -0.43062 -0.39286 -0.36831 -0.30259 -0.19752 -0.42364 -0.44829 -0.62746 -0.51160 -0.13226 -0.43208 -0.82945 4
-0.34786 -0.43846 0.20304 -0.31400 -0.14992 -0.67939 -0.49727 0.39845 -0.56049 -0.43062 -0.39286 -0.36831 -0.30259 -0.19752 -0.59661 -0.55601 -0.76206 -0.87600 -0.14021 0.29392 0.88230 4
-0.10420 -0.17082 -0.44093 -0.29892 -0.47395 -0.43741 -0.38216 0.53386 1.12268 -0.43062 -0.39286 -0.36831 -0.30259 -0.19752 -0.33715 -0.28672 0.04550 -0.35767 -0.12113 0.34992 0.52717 4
-0.31038 -0.37155 0.15345 -0.40446 0.03079 -0.59873 -0.45890 -0.79341 -0.56015 -0.43062 -0.39286 -0.36831 -0.30259 -0.19752 -0.59661 -0.55601 -0.70262 -0.75767 -0.13862 -0.13555 0.94082 4
-0.31038 -0.43846 -0.80271 -0.68087 -0.50510 -0.43741 -0.34379 -0.54497 -0.54581 -0.20451 -0.30084 -0.32505 -0.30259 -0.16248 0.10970 0.26980 -0.42645 -0.57757 -0.14817 -0.62546 -0.74290 5
-0.32912 -0.43846 -0.90126 -0.70600 -0.56118 -0.59873 -0.19031 -0.73627 -0.52440 -0.43062 -0.39286 -0.36831 -0.30259 -0.19752 -0.45247 -0.44829 -0.56550 -0.66594 -0.14658 -0.27455 -0.73303 5
0.25191 1.13389 -0.81985 -0.66579 -0.64842 -0.59873 -0.42053 -0.67191 -0.35405 -0.43062 -0.39286 -0.36831 -0.30259 -0.19752 -0.51012 -0.50215 -0.64844 -0.48856 -0.14817 0.47925 -0.74404 5
0.08322 0.79934 -1.23121 -0.96231 -0.82913 -0.67939 -0.49727 -0.81838 -0.61856 -0.43062 -0.39286 -0.36831 -0.30259 -0.19752 -0.58220 -0.54703 -0.82498 -0.88123 -0.13226 -0.19437 0.91187 5
-0.32912 -0.43846 -0.94717 -0.83164 -0.70450 -0.59873 -0.19031 -0.74749 -0.58525 -0.43062 -0.39286 -0.36831 -0.30259 -0.19752 -0.58220 -0.54703 -0.59880 -0.75830 -0.14817 -0.40750 -0.67510 5
-0.32912 -0.43846 -0.76353 -0.39944 -0.24962 -0.51807 -0.42053 -0.74408 -0.46465 -0.43062 -0.39286 -0.36831 -0.30259 -0.19752 -0.52454 -0.51113 -0.50336 -0.54615 -0.14817 -0.38574 -0.73812 5
-0.32912 -0.37155 -0.70905 -0.74621 -0.68581 -0.67939 -0.49727 -0.80803 -0.39872 -0.43062 -0.39286 -0.36831 -0.30259 -0.19752 -0.59661 -0.55601 -0.82498 -0.87809 -0.14817 -0.47357 -0.62139 5
-0.25415 -0.30464 -0.94350 -0.69595 -0.69827 -0.67939 -0.49727 -0.19868 -0.50803 -0.43062 -0.39286 -0.36831 -0.30259 0.85357 -0.25066 -0.33160 -0.75332 -0.43935 -0.14498 -0.46592 -0.85974 5
-0.34786 -0.43846 -0.11528 -0.67082 -0.59857 -0.67939 -0.49727 -0.80139 -0.34989 -0.43062 -0.39286 -0.36831 -0.30259 -0.19752 -0.59661 -0.55601 -0.81275 -0.87390 -0.14021 -0.39783 0.71950 5
-0.32912 -0.40500 -1.14612 -0.98241 -0.81667 -0.51807 -0.38216 -0.78491 -0.59947 -0.43062 -0.39286 -0.36831 -0.30259 -0.19752 -0.59661 -0.55601 -0.66478 -0.73301 -0.14817 2.19271 1.25970 5
-0.34786 -0.43846 -1.15530 -0.94220 -0.84159 -0.19542 1.07588 -0.59574 -0.57301 -0.43062 -0.39286 -0.36831 -0.30259 -0.19752 -0.59661 -0.55601 -0.08035 -0.38909 -0.13385 0.78665 1.16797 5
0.06448 0.69898 -0.27504 -0.54015 -0.38671 -0.67939 -0.49727 -0.80795 -0.36168 -0.43062 -0.39286 -0.36831 -0.30259 -0.19752 -0.59661 -0.55601 -0.82498 -0.88123 -0.13703 0.65410 0.77937 5
-0.34786 -0.40500 -1.20672 -0.26374 -0.68581 -0.67939 -0.49727 0.39087 1.21835 -0.43062 -0.39286 -0.36831 -0.30259 -0.19752 -0.58220 -0.53806 -0.82673 -0.88123 -0.14021 1.60732 1.19675 5
-0.34786 -0.43846 -1.15102 -0.90703 -0.28077 -0.59873 -0.45890 -0.79528 -0.60058 -0.43062 -0.39286 -0.36831 -0.30259 -0.19752 -0.59661 -0.55601 -0.63620 -0.75977 -0.13067 -0.32571 0.91580 5
-0.34786 -0.43846 -0.68457 -0.73113 -0.55495 -0.67939 -0.49727 -0.81167 -0.54996 -0.39293 -0.37972 -0.36213 -0.30259 -0.19752 -0.58220 -0.54703 -0.76555 -0.86867 -0.14817 -0.64278 -0.62449 5
-0.01049 0.13026 -0.30137 -0.70097 -0.48018 -0.59873 -0.49727 -0.79044 -0.31914 -0.43062 -0.39286 -0.36831 -0.30259 -0.19752 -0.59661 -0.55601 -0.77779 -0.84563 -0.14021 0.65692 0.77989 5
-0.36660 -0.43846 -0.84433 -0.58036 -0.59857 -0.76006 -0.53564 -0.81346 -0.61510 -0.43062 -0.39286 -0.36831 -0.30259 -0.19752 -0.59661 -0.55601 -0.95258 -0.95139 -0.14021 0.30762 0.88304 5
-0.36660 -0.43846 -1.30344 -1.00251 -0.78551 -0.67939 -0.49727 -0.81853 -0.51745 -0.43062 -0.39286 -0.36831 -0.30259 -0.19752 -0.59661 -0.55601 -0.81974 -0.88228 -0.14817 3.03635 1.28218 5
-0.34786 -0.40500 -0.81005 -0.89697 -0.65465 -0.67939 -0.49727 -0.78379 0.33274 -0.43062 -0.39286 -0.36831 -0.30259 -0.19752 -0.59661 -0.55601 -0.80925 -0.88228 -0.14658 2.68947 1.20621 5
-0.36660 -0.43846 -0.45134 -0.84672 -0.70450 -0.67939 -0.49727 -0.76918 -0.58426 -0.43062 -0.39286 -0.36831 -0.30259 -0.19752 -0.58220 -0.54703 -0.82323 -0.88228 -0.14658 1.69233 1.16139 5
-0.34786 -0.40500 -1.28201 -0.96733 -0.76059 -0.67939 -0.49727 -0.79331 -0.53999 -0.43062 -0.39286 -0.36831 -0.30259 -0.19752 -0.59661 -0.55601 -0.82323 -0.88228 -0.14817 2.25637 1.27726 5
-0.34786 -0.43846 -0.66192 -0.84169 -0.61727 -0.67939 -0.49727 -0.81136 -0.28672 -0.43062 -0.39286 -0.36831 -0.30259 -0.19752 -0.59661 -0.55601 -0.82673 -0.80060 -0.14021 1.39782 0.82171 5
-0.34786 -0.40500 -1.14000 -0.96733 -0.74189 -0.67939 -0.49727 -0.79664 0.16837 -0.43062 -0.39286 -0.36831 -0.30259 -0.19752 -0.59661 -0.55601 -0.82323 -0.88228 -0.14817 2.68987 1.20621 5
-0.34786 -0.43846 -1.16387 -0.84169 -0.72320 -0.67939 -0.49727 -0.66564 -0.61706 -0.43062 -0.39286 -0.36831 -0.30259 -0.19752 -0.58220 -0.53806 -0.82175 -0.88034 -0.14658 -0.32813 0.97407 5
-0.34786 -0.40500 -1.31323 -1.01759 -0.87898 -0.67939 -0.49727 -0.79347 -0.65039 -0.43062 -0.39286 -0.36831 -0.30259 -0.19752 -0.59661 -0.55601 -0.82149 -0.88228 -0.14817 2.40745 1.30836 5
