-0.02923 -0.03701 -0.06998 1.05297 0.01833 -0.59873 -0.45890 2.14347 3.23310 -0.43062 -0.39286 -0.36831 -0.30259 0.18788 -0.10580 -0.20504 -0.71608 -0.35647 2.45240 -0.67743 -3.14703 1
-0.21666 -0.40500 -0.87004 -0.35923 -0.54249 -0.59873 -0.45890 -0.32771 -0.52805 -0.39293 -0.37972 -0.36213 -0.30259 1.30905 1.52231 1.16741 -0.69913 -0.25506 3.42264 -0.67340 -3.14705 1
0.19568 -0.27119 2.22248 2.30435 2.70404 3.67633 0.30849 0.33227 -0.37388 2.24507 1.27659 0.92945 0.96812 -0.16248 0.72952 0.46727 3.55365 3.30305 1.42649 -0.68549 -3.14698 1
1.28276 1.70260 1.16838 0.34436 0.24266 4.24903 5.30805 -0.25544 -0.50320 -0.43062 -0.39286 -0.36831 -0.30259 -0.12745 1.39691 0.95512 2.89887 3.25598 -0.12590 -0.53562 -0.51687 1
-0.04798 -0.17082 2.45081 4.15378 5.20904 2.45834 2.29796 2.58116 4.53254 -0.09145 0.06657 0.76043 0.77203 0.11781 0.03618 -0.03629 1.83331 1.87640 -0.14419 -0.56865 -0.56093 1
-0.10420 -0.43846 1.58463 2.42497 2.05598 3.27303 2.26534 0.52920 0.09726 0.77533 0.65876 1.21372 1.19302 0.01270 0.44123 0.30570 2.78630 3.02661 -0.14419 -0.65568 -0.56055 1
0.34562 0.93316 0.93515 -0.07780 -0.17484 3.99898 5.94883 -0.39502 -0.33346 -0.39293 -0.37972 -0.36213 -0.30259 -0.19752 -0.12093 -0.13413 2.39825 3.04755 -0.13624 -0.63714 -0.59233 1
0.12071 -0.07046 3.36106 2.14856 1.30822 0.61119 1.19099 0.92350 0.29765 -0.43062 -0.39286 -0.36831 -0.30259 -0.05737 0.35474 0.04539 1.31102 1.38264 -0.11635 0.42768 0.51153 1
3.73807 3.20804 1.74991 1.74651 1.94382 1.49847 -0.22868 0.34253 0.42442 0.54921 2.09160 1.72664 0.71510 -0.12745 0.64303 0.90710 1.43163 1.48839 -0.14817 -0.65406 -0.73549 1
-0.12295 -0.43846 1.06860 1.13338 1.38300 4.07964 3.10948 0.11146 -0.49123 -0.01608 -0.23512 -0.26325 -0.25480 -0.19752 0.05204 0.01846 3.21105 3.13656 -0.14180 -0.64238 -0.52079 1
-0.17918 -0.43846 0.68785 0.78159 0.01210 2.14376 3.91524 0.32501 -0.48597 1.18987 2.94604 3.03676 2.56775 0.01270 2.12772 1.59826 1.74277 3.23917 -0.14498 -0.65084 -0.57622 1
-0.23540 -0.40500 0.11366 0.22374 -0.16861 -0.03410 -0.22868 5.16136 -0.41680 3.71482 9.63698 10.90364 8.28313 0.08277 1.37817 1.16741 -0.09434 1.98159 -0.13624 -0.66937 -0.56043 1
0.34562 0.56517 2.25554 0.39461 0.26759 1.57913 0.61545 0.85210 0.77807 0.39847 0.19868 0.11990 -0.00741 0.88861 -0.14976 -0.13413 2.05041 2.50933 -0.13783 -0.62465 -0.74014 1
-0.12295 -0.37155 1.04350 0.12323 0.14296 2.05907 3.40876 -0.60840 -0.06119 0.62270 0.49905 0.30405 0.16029 0.08277 -0.43805 -0.45727 1.61176 1.59112 -0.13465 -0.62747 -0.56652 1
0.19568 -0.03701 0.52808 -0.29892 -0.10006 2.30509 3.26295 -0.46730 -0.37510 0.24772 0.11980 -0.12729 -0.30259 -0.02234 0.09528 -0.04437 1.56448 1.84127 -0.14817 -0.53844 -0.59503 1
-0.16043 -0.33809 2.62772 0.48005 0.70378 1.09516 0.46197 -0.05080 0.48437 1.18987 0.59303 0.38563 0.13597 0.78350 0.58537 0.39546 1.13448 1.65279 -0.13226 -0.64278 -0.79892 1
-0.29163 -0.43846 1.40895 1.40476 2.55449 0.36517 -0.34379 0.49471 4.32189 2.72933 1.19443 0.37790 -0.30259 1.90116 -0.10724 -0.13503 0.28943 0.24824 -0.13544 -0.62949 -0.72130 1
0.17694 0.06336 0.30159 1.14343 0.19281 3.44242 0.96461 1.42110 0.37498 0.43804 0.51613 0.15790 -0.03215 2.19021 -0.30760 -0.12426 2.55557 3.41970 -0.12431 -0.58517 -0.75921 1
0.81419 0.63207 0.04449 0.52528 0.41091 2.14376 2.84089 2.89121 0.11618 0.32310 0.54045 0.06428 -0.30259 0.04774 -0.14976 -0.26877 1.58021 1.86117 -0.14021 -0.59081 -0.54631 1
-0.12295 -0.23773 0.45401 0.65092 0.04326 1.65979 2.76415 2.28393 -0.30087 -0.16682 -0.28770 -0.31887 -0.30259 -0.12745 0.28267 0.05437 0.94395 1.25384 -0.13624 -0.51306 -0.54365 1
1.11408 2.87350 2.25737 1.87215 1.07766 0.12722 0.26820 0.02323 -0.53046 -0.43062 -0.39286 -0.36831 -0.30259 0.39635 -0.51012 -0.45727 0.72729 1.01112 -0.11317 -0.40750 0.47269 1
-0.04798 -0.43846 0.95168 1.02282 1.11505 1.41377 -0.15194 0.56845 -0.50867 -0.20451 0.39454 1.37718 0.88139 -0.19752 -0.06400 0.89543 1.93452 1.58588 -0.13544 -0.64198 -0.63326 1
0.27065 0.79934 0.64439 1.43994 1.63225 2.62773 -0.11357 1.07114 -0.53048 -0.16682 -0.30084 -0.32505 -0.30259 0.15285 -0.59661 -0.55601 2.60451 2.09991 -0.13544 -0.64399 0.98432 1
-0.23540 -0.30464 1.29693 0.48005 0.56669 0.37324 0.42552 -0.17747 -0.23300 1.26901 1.22729 1.14265 1.05513 0.15285 0.41456 0.46054 0.23664 0.61725 -0.14021 -0.64278 -0.78770 1
-0.01049 0.02990 0.66459 1.84199 2.62927 0.04656 -0.03683 1.19471 2.92603 -0.43062 -0.39286 -0.36831 -0.30259 -0.19752 0.06645 0.06335 2.26191 0.20986 -0.14817 -0.49049 -0.63658 1
0.96414 2.47205 -0.23587 0.09810 -0.03775 1.65979 2.76415 0.50790 -0.48516 -0.43062 -0.39286 -0.36831 -0.30259 -0.19752 -0.14976 -0.27775 0.92997 1.59311 -0.14021 -0.49170 -0.54227 2
0.00825 0.09681 0.57032 1.48015 1.42662 -0.27609 -0.34379 -0.11049 -0.12071 -0.43062 -0.39286 -0.36831 -0.30259 -0.19752 1.10429 0.61089 -0.33905 0.04442 -0.10522 2.49528 0.10162 2
0.06448 0.23063 0.85007 0.67102 0.29874 -0.27609 0.22983 0.33062 0.01042 3.10431 1.27330 0.41498 -0.30259 2.28481 0.16591 0.17869 -0.00536 0.03615 -0.12113 -0.62546 -0.76092 2
-0.17918 -0.17082 0.75335 3.70650 0.24889 -0.19542 -0.19031 0.69173 -0.13187 0.17235 0.10666 -0.07168 5.80075 0.08277 1.55114 2.05605 0.08221 0.13761 -0.14339 -0.58638 -0.45683 2
-0.31038 -0.43846 -0.99737 -0.58036 -0.63596 0.53053 0.07827 0.78724 1.17365 -0.43062 -0.39286 -0.36831 -0.30259 7.65064 -0.04886 0.05437 1.70082 0.83918 -0.13544 0.86682 1.14378 2
-0.17918 -0.37155 0.36586 0.97256 0.26759 1.82112 0.69219 1.40471 1.45401 -0.43062 -0.39286 -0.36831 -0.30259 -0.19752 -0.53895 -0.51113 2.73736 1.56274 -0.13067 2.79865 1.27133 2
-0.29163 -0.37155 1.11084 0.81677 0.25512 -0.51807 0.11664 0.69639 1.80013 2.50887 1.13199 0.88001 1.27174 -0.05737 1.08988 0.95198 -0.73409 0.45803 -0.13862 -0.62989 -0.75305 2
0.00825 -0.43846 1.09431 0.73635 0.69132 0.85318 -0.19031 1.00779 0.18784 -0.43062 -0.39286 -0.36831 -0.30259 -0.05737 -0.12093 -0.09823 0.76391 1.46326 -0.14658 -0.27294 -0.64055 2
-0.04798 -0.20428 1.64095 -0.14313 -0.22469 0.12722 0.88404 0.06821 -0.41583 -0.43062 -0.39286 -0.36831 -0.30259 -0.19752 -0.56778 -0.53806 0.67302 -0.02469 -0.13067 -0.37164 0.48907 2
-0.23540 -0.37155 0.16141 0.33430 -0.19353 0.28048 0.30274 0.22195 -0.52772 1.18045 3.56650 3.78421 5.59946 -0.12745 6.32376 3.78036 0.36966 1.44248 -0.14578 -0.66293 -0.48434 2
1.39522 1.46843 0.38606 0.24384 0.39844 0.85318 0.65382 -0.06704 -0.02082 -0.43062 -0.39286 -0.36831 -0.30259 -0.09241 -0.42364 -0.44829 0.93696 0.92714 -0.13703 -0.49251 -0.02380 2
0.51431 1.33461 -0.69558 -0.52508 -0.61727 1.09516 0.38523 0.93492 -0.16581 -0.43062 -0.39286 -0.36831 -0.30259 -0.19752 -0.04886 0.09925 1.63439 1.04965 -0.14180 4.01294 1.32186 2
-0.29163 -0.43846 1.01412 0.93235 0.71001 -0.35675 -0.30542 0.44559 0.47173 -0.43062 -0.39286 -0.36831 -0.30259 -0.12745 0.05204 0.12618 -0.16600 -0.01108 -0.13862 -0.32007 -0.58033 2
-0.21666 -0.37155 0.28139 0.27902 0.33613 1.82515 0.23367 -0.21048 -0.28603 1.64587 1.49086 1.66886 1.51154 -0.12745 0.12555 -0.07938 1.50120 2.11342 -0.14339 -0.63996 -0.80618 2
-0.29163 -0.37155 0.49931 -0.11298 0.25512 -0.35675 -0.30542 -0.29850 2.47704 -0.39293 -0.36657 -0.35595 -0.30259 -0.16248 -0.49571 -0.46625 -0.17824 -0.40165 -0.13703 -0.56543 0.11989 2
-0.21666 -0.30464 0.16508 0.62077 0.05572 -0.19542 0.00154 1.81041 -0.36266 0.21004 -0.12996 -0.24471 -0.30259 0.22292 -0.48130 -0.48420 0.28847 -0.04354 -0.13862 -0.56422 -0.68519 2
-0.19792 -0.23773 0.98474 -0.20846 -0.18107 0.44987 0.11664 -0.11158 -0.48546 -0.09145 -0.24826 -0.30033 -0.30259 0.04774 -0.33715 -0.33160 1.33375 0.94808 -0.13465 -0.54085 -0.71536 2
-0.19792 -0.27119 0.40014 1.56056 0.31120 -0.35675 -0.34379 2.23358 -0.31918 1.86821 1.06626 0.78732 0.60546 0.53825 0.21060 0.04539 -0.27088 0.14180 -0.14817 -0.65608 -0.85535 2
-0.31038 -0.43846 -1.11918 -0.72108 -0.69204 0.12722 -0.11357 0.03999 -0.34368 -0.43062 -0.39286 -0.36831 -0.30259 0.15285 -0.35157 -0.35853 0.84607 -0.02783 -0.14339 -0.54287 1.15527 2
0.13945 0.06336 0.67744 0.19861 0.13050 0.20788 0.07827 0.20033 -0.00519 -0.43062 -0.39286 -0.36831 -0.30259 -0.19752 -0.53895 -0.52010 0.38635 0.52923 -0.14498 -0.55536 -0.61405 2
-0.36660 -0.43846 -0.08161 -0.61051 -0.19353 -0.67939 -0.49727 0.80855 -0.59754 -0.43062 -0.39286 -0.36831 -0.30259 -0.19752 2.79078 3.64482 -0.82498 -0.28437 -0.12590 -0.42120 0.90115 2
-0.19792 -0.40500 0.29180 0.90723 0.45453 0.04656 0.22983 1.52012 -0.30374 -0.43062 -0.39286 -0.36831 -0.30259 -0.19752 -0.26580 -0.19786 0.27553 0.08526 -0.13385 0.41076 0.95743 2
-0.14169 -0.40500 0.49747 0.25892 0.19904 0.28855 0.76893 0.44233 0.04551 0.39847 0.98739 0.95417 1.01591 -0.05737 0.15294 0.04539 0.06473 0.47793 -0.10045 -0.60330 -0.03540 2
-0.36660 -0.43846 -0.03264 -0.11298 -0.08760 -0.67939 -0.49727 -0.53949 -0.18014 0.92607 0.21182 -0.09640 -0.30259 0.11781 -0.55337 -0.51113 -0.82323 -0.87495 -0.13862 -0.64198 1.03680 2
-0.34786 -0.43846 0.03347 0.37954 0.20527 -0.67939 -0.49727 -0.17869 -0.00675 1.22379 0.85331 1.25389 0.92075 -0.05737 -0.38111 -0.33205 -0.80610 -0.27427 -0.14419 -0.65729 -0.79210 2
-0.31038 -0.40500 -0.77577 0.13328 -0.16861 -0.27609 -0.22868 1.23991 0.40168 -0.43062 -0.39286 -0.36831 -0.30259 -0.19752 0.05204 0.22492 -0.11356 -0.35872 -0.14658 0.68432 0.97864 3
-0.31038 -0.40500 -1.04634 -0.76128 -0.67335 0.12722 -0.11357 -0.00129 0.44931 -0.43062 -0.39286 -0.36831 -0.30259 -0.19752 0.03762 0.14413 0.93172 0.08526 -0.14498 1.40991 1.21893 3
-0.36660 -0.43846 -0.60009 -0.48487 -0.57365 -0.67939 -0.49727 -0.66419 -0.40663 0.02161 -0.14310 -0.26325 -0.30259 0.29299 0.52772 0.14413 -0.82673 -0.85610 -0.13703 -0.60370 0.97954 3
-0.31038 -0.37155 2.29226 4.09347 4.81024 -0.67939 -0.49727 0.32249 0.48594 1.75516 1.47377 0.87383 0.47614 0.71343 0.05204 0.09027 -0.80750 -0.63306 -0.13544 -0.65406 0.45804 3
2.01373 1.26770 -0.22791 -0.01749 0.29874 -0.51807 -0.38216 -0.29764 0.50018 -0.43062 -0.39286 -0.36831 -0.30259 -0.19752 -0.39481 -0.36751 -0.45966 -0.57861 -0.14817 -0.30154 -0.75474 3
-0.29163 -0.43846 0.29057 0.26395 0.44829 0.28855 -0.30542 0.20120 -0.36330 -0.43062 -0.39286 -0.36831 -0.30259 -0.16248 -0.22184 -0.32263 0.25001 0.35227 -0.14260 0.39505 -0.66463 3
-0.25415 -0.27119 0.38545 -0.17831 -0.18730 -0.67939 -0.49727 -0.18314 -0.14292 -0.43062 -0.39286 -0.36831 -0.30259 -0.19752 -0.51012 -0.47522 -0.82149 -0.62469 -0.10840 -0.07391 -0.04351 3
0.36437 1.26770 -0.03264 -0.55523 -0.14992 -0.67939 -0.49727 -0.24557 1.81504 0.32498 -0.07672 -0.23204 -0.30259 0.29474 -0.37967 -0.40296 -0.81598 -0.67437 -0.13703 -0.62506 -0.74633 3
-0.29163 -0.40500 -0.30320 -0.43462 -0.43656 -0.51807 -0.42053 -0.65270 -0.16984 -0.43062 -0.39286 -0.36831 -0.30259 -0.19752 -0.53895 -0.52010 -0.50860 -0.72207 -0.14180 0.77738 1.05665 3
0.04574 -0.27119 -0.01060 -0.24867 0.14296 -0.03410 -0.26705 -0.10656 0.08448 -0.43062 -0.39286 -0.36831 -0.30259 -0.19752 -0.51012 -0.50215 0.01229 -0.27181 -0.13862 -0.44336 0.48369 3
-0.08546 -0.00355 -0.24872 0.32425 -0.14368 -0.43741 -0.30542 0.80729 -0.44677 -0.27988 0.01464 0.26203 0.22874 2.18496 0.59979 0.21594 -0.49637 -0.45924 -0.14658 -0.65729 -0.57584 3
-0.34786 -0.43846 -0.42869 -0.31400 -0.16861 -0.51807 -0.34379 -0.39684 -0.11458 0.66227 0.61932 0.57720 1.08900 -0.16248 0.93132 0.76348 -0.47364 -0.46762 -0.14021 -0.63473 -0.54129 3
-0.36660 -0.43846 0.28506 -0.31400 0.44206 -0.67939 -0.49727 -0.42587 0.00333 1.07681 0.63247 0.04574 -0.30259 -0.05737 -0.51012 -0.50215 -0.82323 -0.86971 -0.14021 -0.61942 0.90182 3
-0.31038 -0.40500 -0.97472 -0.88692 -0.84159 0.29258 0.00345 -0.53004 -0.55815 -0.43062 -0.39286 -0.36831 -0.30259 -0.19752 -0.45247 -0.40296 0.84266 0.13039 -0.14817 3.89047 1.31939 3
-0.08546 -0.03701 0.25139 0.26395 0.16165 -0.51807 -0.45890 -0.01371 -0.09019 -0.43062 -0.39286 -0.36831 -0.30259 0.04774 1.94033 1.31103 -0.70262 -0.37129 -0.10840 -0.43772 -0.01799 3
-0.27289 -0.43846 -0.50521 -0.43462 -0.00036 -0.59873 -0.49727 -0.53618 -0.44610 0.51153 1.34231 1.21990 1.60066 -0.02234 -0.00562 1.93038 -0.78478 -0.81840 -0.14021 -0.65286 -0.64739 3
-0.25415 -0.40500 -0.86760 -0.46477 -0.44279 -0.51807 -0.42053 -0.14923 -0.48808 0.43615 0.40900 1.42383 1.00185 -0.19752 -0.39481 0.62884 -0.57153 -0.29903 -0.14339 -0.63795 1.01347 3
-0.31038 -0.37155 -0.54194 -0.35923 -0.31816 -0.51807 -0.42053 -0.36951 -0.31999 0.09510 1.02420 1.08116 1.15633 -0.02234 2.45348 1.71944 -0.53045 -0.52924 -0.14021 -0.65406 -0.64915 3
-0.25415 -0.27119 -0.16180 -0.52005 -0.44279 -0.51807 -0.42053 -0.59634 0.25778 -0.01796 -0.11878 -0.23946 -0.30259 0.49971 -0.38184 -0.31500 -0.50082 -0.56950 -0.14021 -0.59968 -0.81820 3
0.21442 -0.40500 -0.61539 -0.17328 -0.35555 -0.35675 -0.38216 -0.60324 -0.49723 0.35890 2.27037 3.76999 3.52444 -0.16248 2.97096 2.48959 -0.00886 -0.13527 -0.13703 -0.66817 0.47095 3
-0.27289 -0.43846 -0.89637 -0.35421 0.03079 -0.19542 0.99915 -0.28029 -0.27668 -0.43062 -0.39286 -0.36831 -0.30259 -0.19752 -0.59661 -0.55601 1.09952 0.78578 -0.14180 -0.05014 0.95094 3
-0.34786 -0.43846 -0.48011 -0.12805 -0.04398 -0.43741 -0.34379 -0.72020 -0.36342 -0.43062 -0.39286 -0.36831 -0.30259 -0.19752 -0.59661 -0.55601 -0.44568 -0.49170 -0.14817 -0.43369 -0.49089 3
-0.29163 -0.40500 0.38851 -0.19841 -0.12499 0.12722 -0.03683 -0.28155 -0.50629 0.17235 -0.15625 -0.25707 -0.30259 -0.02234 -0.43805 -0.44829 -0.03840 -0.14511 -0.13385 -0.58557 -0.71863 3
-0.36660 -0.43846 -0.20159 0.22877 -0.10630 -0.51807 -0.03492 0.12021 -0.41693 -0.20451 -0.26141 -0.30651 -0.30259 0.29474 -0.12021 -0.18709 -0.55326 -0.37532 -0.13862 -0.59001 -0.52725 3
0.47682 1.60224 -0.56520 -0.27882 -0.35555 -0.35675 -0.30542 -0.77452 -0.44348 -0.01608 -0.14310 -0.23853 -0.28572 -0.12745 -0.56778 -0.53806 -0.35303 -0.40898 -0.13544 -0.64359 -0.63766 3
0.04574 0.63207 0.90087 -0.28887 -0.00659 -0.59873 -0.42053 -0.76376 -0.32449 -0.09333 -0.26207 -0.30682 -0.30259 -0.16248 -0.32418 -0.37738 -0.66880 -0.40600 -0.14817 -0.59484 -0.75096 4
-0.34786 -0.43846 0.93944 0.42979 -0.10006 -0.67939 -0.49727 -0.73921 -0.30623 -0.43062 -0.39286 -0.36831 -0.30259 -0.19752 -0.48130 -0.48420 -0.78478 -0.86029 -0.14021 1.16052 0.95451 4
-0.34786 -0.43846 0.75702 -0.35923 -0.13745 -0.67939 -0.49727 -0.72287 -0.35980 -0.43062 -0.39286 -0.36831 -0.30259 -0.19752 -0.58220 -0.54703 -0.76730 -0.86657 -0.13783 0.29312 -0.66803 4
0.53305 1.73606 -0.05896 -0.47482 -0.43656 -0.67939 -0.49727 -0.36057 0.05585 -0.43062 -0.39286 -0.36831 -0.30259 -0.19752 -0.48130 -0.43079 -0.82350 -0.84170 -0.13067 -0.13072 0.94856 4
0.57054 1.70260 -0.63131 -0.51000 -0.28700 -0.51807 -0.42053 -0.70996 -0.26421 0.21004 -0.12996 -0.25089 -0.30259 -0.02234 -0.35157 -0.29570 -0.52783 -0.63516 -0.10204 -0.58759 -0.64379 4
-0.36660 -0.43846 -0.81801 -0.78138 -0.70450 -0.67939 -0.49727 -0.44249 -0.56125 -0.43062 -0.39286 -0.36831 -0.30259 -0.05737 -0.59661 -0.55601 -0.76555 -0.87704 -0.13862 -0.53320 0.98622 4
-0.02923 -0.43846 -0.66008 -0.18333 0.03079 -0.35675 -0.38216 0.07412 -0.04911 -0.43062 -0.39286 -0.36831 -0.30259 -0.16248 -0.39481 -0.22389 -0.58726 -0.18595 -0.13385 -0.07834 0.48236 4
-0.32912 -0.40500 -0.83332 -0.60549 -0.46771 -0.59873 -0.45890 0.93501 -0.07319 -0.43062 -0.39286 -0.36831 -0.30259 -0.19752 -0.59661 -0.55601 -0.68917 -0.72568 -0.14021 -0.45383 -0.60449 4
-0.36660 -0.43846 0.29608 0.05287 -0.38047 -0.67939 -0.49727 3.34491 -0.55396 -0.43062 -0.39286 -0.36831 -0.30259 -0.19752 -0.56778 -0.53806 -0.82323 -0.85505 -0.14658 -0.50137 -0.55068 4
0.43934 1.50188 -0.57438 -0.16826 -0.17484 -0.59873 -0.45890 -0.17737 0.16631 0.17235 -0.14310 -0.25089 -0.30259 0.64336 -0.49571 -0.48420 -0.48763 -0.61945 -0.14180 -0.51467 0.44239 4
-0.02923 0.43135 0.09958 0.19359 -0.07514 -0.67939 -0.49727 -0.42213 -0.34715 -0.43062 -0.39286 -0.36831 -0.30259 -0.19752 -0.52454 -0.51113 -0.82149 -0.57024 -0.13226 -0.31604 -0.57810 4
-0.32912 -0.43846 -0.36625 -0.40949 -0.33686 -0.27609 -0.19031 -0.73814 -0.54820 0.02161 -0.18254 -0.26943 -0.30259 -0.16248 -0.32274 -0.38546 -0.14328 -0.15244 -0.14180 -0.58839 -0.57445 4
-0.36660 -0.43846 -0.50031 -0.72610 -0.34309 -0.67939 -0.49727 -0.78723 -0.53200 -0.35525 -0.35343 -0.34977 -0.30259 -0.19752 -0.52454 -0.51113 -0.82323 -0.84354 -0.14817 -0.61901 -0.61741 4
0.08322 0.79934 -0.68028 -0.35421 -0.51756 -0.67939 -0.49727 0.00073 -0.56338 -0.09145 -0.27455 -0.31887 -0.30259 0.43314 -0.00562 -0.15208 -0.70962 -0.69066 -0.11874 -0.57752 -0.79459 4
-0.36660 -0.43846 -1.23794 -0.94723 -0.75436 -0.67939 -0.49727 -0.81043 -0.55453 -0.43062 -0.39286 -0.36831 -0.30259 -0.19752 -0.56778 -0.53806 -0.82323 -0.88123 -0.14021 -0.32169 1.03592 4
-0.34786 -0.43846 0.16386 -0.67082 0.03079 -0.59873 -0.45890 -0.79856 -0.51759 -0.43062 -0.39286 -0.36831 -0.30259 -0.19752 -0.59661 -0.55601 -0.70262 -0.77861 -0.13862 -0.43973 0.92890 4
0.30814 1.40152 1.08880 -0.27380 -0.08137 -0.67939 -0.49727 -0.78864 -0.63692 -0.43062 -0.39286 -0.36831 -0.30259 -0.19752 -0.46688 -0.47522 -0.81974 -0.73045 -0.13862 -0.39058 0.28362 4
-0.32912 -0.43846 -0.92146 -0.71605 -0.64219 -0.51807 -0.11357 -0.10540 -0.53854 -0.43062 -0.39286 -0.36831 -0.30259 -0.19752 0.10970 -0.09823 -0.46665 -0.26029 -0.13624 0.50624 -0.74766 4
0.08322 0.79934 -0.66620 -0.57031 -0.31193 -0.67939 -0.49727 -0.42339 -0.46811 0.39658 0.00084 -0.18322 -0.30259 0.39635 -0.53895 -0.52010 -0.80951 -0.80929 -0.12908 -0.64278 0.26136 4
-0.34786 -0.43846 -0.88596 -0.47482 -0.51756 -0.67939 -0.49727 0.02484 -0.51852 -0.43062 -0.39286 -0.36831 -0.30259 -0.19752 -0.49571 -0.47522 -0.78128 -0.87600 -0.13385 -0.53401 -0.64942 4
-0.34786 -0.43846 -0.52847 -0.30395 -0.57365 -0.51807 -0.42053 0.37902 -0.60662 -0.43062 -0.39286 -0.36831 -0.30259 -0.19752 -0.55337 -0.51158 -0.51306 -0.59134 -0.13544 0.29996 0.85886 4
-0.32912 -0.43846 -0.98513 -0.61051 -0.44279 -0.03410 -0.42053 -0.66054 -0.66434 -0.43062 -0.39286 -0.36831 -0.30259 -0.19752 -0.59661 -0.55601 -0.17649 -0.31579 -0.14817 1.95743 1.29155 4
-0.34786 -0.43846 -0.53643 -0.04262 -0.50510 -0.59873 -0.49727 0.69187 0.04254 -0.43062 -0.39286 -0.36831 -0.30259 -0.19752 -0.45247 -0.38546 -0.64319 -0.70322 -0.12908 -0.20767 0.95151 4
-0.34786 -0.40500 -0.62458 -0.80651 -0.59857 -0.67939 -0.49727 -0.80241 -0.45528 -0.35525 -0.36657 -0.35595 -0.30259 0.08277 -0.58220 -0.53806 -0.82498 -0.88123 -0.14817 -0.64278 1.00187 4
-0.36660 -0.43846 -0.05345 -0.31400 -0.21223 -0.67939 -0.49727 -0.68757 -0.33027 -0.43062 -0.39286 -0.36831 -0.30259 -0.19752 -0.00562 -0.18799 -0.82149 -0.68019 -0.14817 -0.49130 -0.72448 4
0.60802 1.90333 -0.37176 -0.42959 -0.27454 -0.67939 -0.49727 -0.79742 -0.49154 -0.43062 -0.39286 -0.36831 -0.30259 -0.19752 -0.59661 -0.55601 -0.78827 -0.79432 -0.14180 -0.49452 -0.83186 5
-0.32912 -0.40500 -0.17343 -0.69595 -0.43033 -0.67939 -0.49727 -0.70875 0.20002 -0.43062 -0.39286 -0.36831 -0.30259 -0.19752 -0.59661 -0.55601 -0.82323 -0.86657 -0.13862 0.09369 0.74494 5
-0.29163 -0.37155 -0.04733 -0.53010 -0.31816 -0.67939 -0.49727 -0.34159 -0.20679 -0.43062 -0.39286 -0.36831 -0.30259 -0.19752 -0.52454 -0.41239 -0.70437 -0.65715 -0.13703 -0.17222 0.16267 5
-0.34786 -0.43846 -0.97656 -0.69595 -0.42409 -0.35675 -0.38216 -0.58328 -0.47855 -0.43062 -0.39286 -0.36831 -0.30259 -0.16248 -0.48130 -0.42137 -0.45616 -0.61317 -0.14658 -0.43570 1.00630 5
-0.34786 -0.43846 -0.65580 -0.19339 -0.37424 -0.59873 -0.30542 -0.80222 -0.56939 -0.43062 -0.39286 -0.36831 -0.30259 -0.09241 0.05204 -0.14311 -0.67641 -0.70950 -0.14021 -0.28784 0.92568 5
-0.32912 -0.43846 -0.45257 -0.38939 -0.08137 -0.67939 -0.49727 -0.65005 -0.16220 -0.43062 -0.39286 -0.36831 -0.30259 -0.19752 -0.48130 -0.44829 -0.79527 -0.84668 -0.14021 1.77734 0.94589 5
-0.32912 -0.40500 -1.08490 -0.50497 -0.62350 -0.35675 -0.45890 1.05639 -0.61522 -0.43062 -0.39286 -0.36831 -0.30259 -0.19752 -0.59661 -0.55601 -0.50161 -0.59118 -0.14339 2.02471 1.21482 5
-0.32912 -0.43846 -0.41645 -0.70600 -0.67958 -0.43741 -0.45890 -0.75684 -0.53129 -0.43062 -0.39286 -0.36831 -0.30259 -0.19752 -0.59661 -0.55601 -0.54269 -0.63553 -0.14658 2.65039 1.28028 5
-0.32912 -0.40500 -0.87555 -0.90703 -0.75436 -0.67939 -0.49727 -0.73450 -0.38933 -0.43062 -0.39286 -0.36831 -0.30259 -0.19752 -0.49571 -0.43932 -0.82323 -0.88228 -0.14817 1.14642 1.18549 5
-0.34786 -0.40500 -1.18897 -0.88190 -0.61727 -0.67939 -0.49727 -0.78525 -0.40128 -0.43062 -0.39286 -0.36831 -0.30259 -0.19752 -0.59661 -0.55601 -0.81799 -0.88228 -0.14817 1.70119 1.27016 5
-0.31038 -0.37155 -0.63743 -0.54518 -0.62973 -0.67939 -0.49727 -0.76299 -0.53301 -0.43062 -0.39286 -0.36831 -0.30259 -0.19752 -0.55337 -0.50215 -0.81449 -0.87181 -0.14817 -0.45826 -0.61878 5
-0.34786 -0.43846 -0.54683 -0.21349 -0.51756 -0.67939 -0.49727 -0.21255 0.29302 -0.43062 -0.39286 -0.36831 -0.30259 -0.19752 -0.58220 -0.53806 -0.82673 -0.87914 -0.12431 0.24517 0.58564 5
-0.34786 -0.43846 -0.99308 -0.76128 -0.54872 -0.67939 -0.49727 -0.81143 -0.53581 -0.43062 -0.39286 -0.36831 -0.30259 -0.19752 -0.56778 -0.53806 -0.77464 -0.82186 -0.14180 -0.39380 -0.74328 5
-0.36660 -0.43846 -0.57683 -0.71103 -0.54872 -0.67939 -0.49727 -0.81444 -0.56615 -0.43062 -0.39286 -0.36831 -0.30259 -0.19752 -0.58220 -0.53806 -0.82149 -0.87914 -0.14339 -0.43248 0.96318 5
-0.08546 0.06336 -1.15530 -0.10795 -0.54872 -0.67939 -0.49727 0.52333 1.52334 -0.43062 -0.39286 -0.36831 -0.30259 -0.19752 -0.59661 -0.55601 -0.82323 -0.88123 -0.13703 1.43811 1.17924 5
-0.36660 -0.43846 -1.30038 -0.97738 -0.74812 -0.67939 -0.49727 -0.77811 -0.42932 -0.43062 -0.39286 -0.36831 -0.30259 -0.19752 -0.59661 -0.55601 -0.82323 -0.88228 -0.14817 0.37651 1.05087 5
-0.31038 -0.40500 -1.20978 -0.88190 -0.82290 -0.43741 -0.38216 -0.50723 -0.62639 -0.43062 -0.39286 -0.36831 -0.30259 -0.19752 -0.59661 -0.55601 -0.45966 -0.51265 -0.14817 2.34299 1.28206 5
-0.34786 -0.40500 -1.18101 -0.77133 -0.81044 -0.59873 -0.45890 0.60171 -0.36766 -0.43062 -0.39286 -0.36831 -0.30259 -0.19752 -0.59661 -0.55601 -0.65482 -0.79081 -0.14180 2.12624 1.25625 5
-0.36660 -0.43846 -1.29364 -0.83667 -0.79798 -0.67939 -0.49727 0.43590 1.13806 -0.43062 -0.39286 -0.36831 -0.30259 -0.19752 -0.40922 -0.33160 -0.82323 -0.87181 -0.13862 0.76086 1.16531 5
-0.31038 -0.37155 -0.85474 -0.57533 -0.33686 -0.51807 -0.15194 -0.78791 -0.55566 -0.43062 -0.39286 -0.36831 -0.30259 -0.19752 -0.56778 -0.53806 -0.61523 -0.70217 -0.13385 0.50826 -0.74565 5
-0.36660 -0.43846 -1.27283 -0.94723 -0.69827 -0.59873 -0.49727 -0.46928 -0.50627 -0.43062 -0.39286 -0.36831 -0.30259 -0.19752 -0.59661 -0.55601 -0.67466 -0.73882 -0.14658 2.03519 1.30026 5
-0.36660 -0.43846 -1.26916 -0.94220 -0.79798 -0.67939 -0.49727 -0.81990 -0.61410 -0.43062 -0.39286 -0.36831 -0.30259 -0.19752 -0.59661 -0.55601 -0.83372 -0.88228 -0.14021 0.48690 0.89803 5
-0.32912 -0.40500 -1.28630 -0.97738 -0.83536 -0.67939 -0.49727 -0.72361 -0.64568 -0.43062 -0.39286 -0.36831 -0.30259 -0.19752 -0.59661 -0.55601 -0.79002 -0.87600 -0.14817 2.68907 1.27383 5
-0.32912 -0.40500 -1.30650 -0.99749 -0.86029 -0.67939 -0.49727 -0.79348 -0.66145 -0.43062 -0.39286 -0.36831 -0.30259 -0.19752 -0.59661 -0.55601 -0.82323 -0.88228 -0.14817 2.71324 1.27469 5
-0.36660 -0.43846 -1.32670 -0.99246 -0.86029 -0.67939 -0.49727 -0.81858 -0.64440 0.28541 -0.14310 -0.25089 -0.30259 -0.16248 -0.59661 -0.55601 -0.82323 -0.88228 -0.14817 -0.58114 1.01351 5
