-0.31038 -0.40500 -0.76353 1.23389 -0.14368 -0.59873 -0.45890 3.37532 3.80973 -0.43062 -0.39286 -0.36831 -0.30259 -0.19752 -0.56778 -0.53806 -0.66941 -0.73568 4.21791 -0.67300 -3.14706 1
-0.31038 -0.43846 1.00800 0.65092 0.62900 -0.51807 -0.19031 -0.20746 0.05455 -0.24219 -0.26141 -0.30651 -0.30259 -0.19752 -0.07697 -0.19606 -0.21870 0.50075 2.42854 -0.67864 -3.14702 1
-0.04798 -0.30464 0.05979 0.06292 0.03703 0.93384 0.07827 0.36938 -0.06278 2.16970 1.06626 0.94181 0.74884 -0.19752 1.11871 0.54806 1.06980 1.42243 2.03885 -0.67743 -3.14703 1
-0.02923 -0.27119 -0.09691 0.45995 0.19904 0.45390 0.34878 4.35037 6.10116 1.23132 0.45041 0.85159 0.90022 -0.12745 -0.46688 -0.39399 0.39431 0.48819 0.91751 -0.67542 -3.14704 1
-0.16043 -0.40500 1.78052 4.02312 4.08117 2.94231 0.69027 2.40881 2.09869 -0.43062 -0.39286 -0.36831 -0.30259 -0.19752 1.66213 1.05655 2.67417 3.28305 -0.12908 -0.13596 -0.70269 1
0.58928 -0.37155 0.64928 0.06292 0.11180 3.03104 3.33969 0.54405 0.16457 1.49136 3.15636 3.54968 2.34566 0.15285 2.97817 2.54973 2.64996 2.69886 -0.14339 -0.64077 -0.55510 1
-0.16043 -0.40500 1.79153 2.39481 2.54826 3.03911 0.34878 0.49585 -0.16048 0.17424 -0.05043 -0.20732 -0.30259 -0.09241 -0.27877 -0.33116 3.04255 3.26546 -0.14817 -0.59645 -0.77739 1
-0.10420 -0.33809 1.95865 0.97256 0.52307 3.43435 1.26773 -0.12869 -0.40335 1.49136 2.23619 2.72159 2.07577 0.01270 0.74393 0.42239 2.58528 2.81928 -0.14339 -0.64923 -0.54171 1
-0.10420 -0.40500 0.75029 0.12323 0.15542 3.59567 5.60350 0.01894 -0.48914 0.13467 -0.06423 -0.09022 -0.18171 0.53825 0.44123 0.15311 2.12557 2.82556 -0.14817 -0.65286 -0.59465 1
0.32688 -0.43846 0.72213 0.51020 -0.11253 2.53900 3.94401 2.87452 -0.44360 1.18610 1.46982 1.53136 2.09911 1.27051 1.20159 0.91294 1.61176 2.25787 -0.13067 -0.65648 -0.55710 1
-0.23540 -0.43846 1.14818 1.66610 0.73494 1.33715 0.03990 7.55912 -0.52079 1.15218 6.23236 8.98173 7.51283 -0.09241 -0.23625 -0.18799 1.42289 3.22975 -0.12431 -0.66293 0.10696 1
0.10197 0.19717 1.18797 1.80681 0.56669 -0.11476 0.30657 0.75940 -0.20941 1.33684 2.48004 3.64053 2.89864 0.32628 3.07186 3.78889 0.70990 1.50337 -0.14817 -0.64319 -0.81639 1
-0.01049 -0.20428 0.25935 -0.16323 -0.23092 0.44987 0.34686 1.91918 3.20577 11.59115 9.46610 4.89070 2.32035 0.08277 -0.29391 -0.34058 1.78996 0.57636 -0.13226 -0.64681 0.47531 1
0.13945 -0.17082 1.02024 0.35943 0.00587 0.93384 0.34686 1.30041 0.68794 0.54921 1.01368 1.51653 1.51632 0.29299 1.01781 0.87120 0.77440 1.18787 -0.14180 -0.60048 -0.74432 1
-0.27289 -0.40500 3.17191 0.77153 0.79725 0.12722 0.27012 0.76450 0.99873 0.62458 0.76392 0.49686 0.32714 1.09883 0.05204 0.04539 0.55066 0.73866 -0.14817 -0.62264 -0.76805 1
0.15820 -0.40500 1.46526 0.87707 0.18035 1.82112 1.34447 -0.16800 -0.23187 -0.43062 -0.39286 -0.36831 -0.30259 -0.19752 0.80159 0.45829 2.36504 2.11876 -0.12431 -0.41475 0.71379 1
-0.25415 -0.43846 1.90294 1.01276 1.10882 0.53053 -0.15194 0.39245 0.01487 0.62458 0.23811 0.44743 0.11067 -0.12745 -0.33715 -0.34956 1.05407 1.04861 -0.14578 -0.64440 -0.56432 1
-0.32912 -0.43846 2.07006 1.80179 0.90941 -0.19542 -0.22868 1.98754 1.57514 1.45367 1.76296 2.44968 2.15168 -0.19752 0.72952 0.31468 -0.01218 0.84442 -0.13544 -0.65245 -0.76203 1
2.08870 3.04077 0.67193 0.86200 0.41714 1.17582 0.84567 0.93255 0.56357 -0.43062 -0.39286 -0.36831 -0.30259 -0.19752 -0.10652 -0.13413 2.26890 2.20358 -0.14817 -0.16496 -0.76109 1
0.02700 -0.00355 2.63445 0.24887 0.25512 -0.19542 0.53679 0.25043 -0.16291 1.03536 0.52534 0.39026 0.13794 1.20043 1.80556 1.64763 0.29118 0.19494 -0.14658 -0.61257 -0.76950 1
0.42059 1.46843 0.82068 1.12835 0.21773 0.36921 0.19338 -0.50701 -0.29418 -0.27988 -0.34028 -0.34359 -0.30259 -0.12745 0.10970 -0.11618 0.70448 1.27059 -0.14817 -0.53965 -0.48256 1
0.10197 -0.20428 0.86108 -0.29892 -0.37424 1.17582 1.38284 0.38969 -0.09906 -0.43062 -0.39286 -0.36831 -0.30259 -0.19752 -0.49571 -0.47522 1.70257 0.86012 -0.12908 -0.13394 0.50650 1
0.15820 -0.10392 1.41323 -0.42456 -0.32439 0.12722 0.57516 -0.65030 -0.63856 -0.43062 -0.39286 -0.36831 -0.30259 -0.19752 -0.40994 -0.43079 0.92446 0.22735 -0.12431 -0.45705 0.49941 1
0.85168 2.23787 1.93661 2.68630 1.90643 -0.35675 -0.30542 0.00093 0.17989 -0.16682 0.29069 0.36091 0.66168 -0.05737 -0.32274 -0.25082 -0.33031 -0.17233 -0.14498 -0.58114 -0.58117 1
0.04574 0.19717 0.73988 0.41471 0.24889 0.44584 0.03799 0.04707 -0.27373 -0.43062 -0.39286 -0.36831 -0.30259 -0.19752 -0.39553 -0.36796 0.57907 1.31211 -0.13067 -0.49976 -0.73717 1
-0.12295 -0.43846 0.17610 1.03789 1.32068 1.98244 -0.07520 0.08657 -0.50576 -0.43062 -0.39286 -0.36831 -0.30259 -0.19752 -0.52454 -0.51113 2.10809 1.65279 -0.13226 -0.53642 0.98224 2
0.06448 0.23063 0.85007 0.67102 0.29874 -0.27609 0.22983 0.33062 0.01042 3.10431 1.27330 0.41498 -0.30259 2.28481 0.16591 0.17869 -0.00536 0.03615 -0.12113 -0.62546 -0.76092 2
-0.23540 -0.43846 0.53787 0.96251 1.20852 2.37768 -0.07520 0.28277 -0.59003 -0.43062 -0.39286 -0.36831 -0.30259 -0.19752 -0.59661 -0.55601 2.46660 1.82625 -0.14021 2.44049 1.25756 2
-0.10420 -0.43846 0.21895 0.65092 1.07766 1.74045 1.19099 -0.54128 -0.49589 0.32310 -0.11681 -0.19527 -0.25761 -0.12745 -0.39481 -0.35853 3.20931 1.36798 -0.14817 -0.61498 -0.56443 2
-0.29163 -0.40500 1.12736 1.06805 0.62277 0.61119 -0.11357 0.22386 1.77965 1.98127 1.28973 0.42271 -0.30259 -0.19752 0.71510 0.30570 0.73245 0.82347 -0.14180 -0.55818 -0.80562 2
0.32688 1.20079 1.44506 2.32445 1.91266 0.28855 -0.38216 0.27212 0.88246 -0.39293 -0.12996 -0.16437 -0.17327 -0.16248 -0.35157 -0.40341 0.18359 0.14390 -0.14498 -0.59484 -0.60256 2
-0.21666 -0.43846 0.21711 0.95246 1.26460 2.46641 -0.11357 -0.03046 -0.61547 -0.43062 -0.39286 -0.36831 -0.30259 -0.19752 -0.59661 -0.55601 2.26366 1.85070 -0.13862 2.13913 1.26014 2
-0.32912 -0.43846 -1.08246 -0.75626 -0.79798 0.20788 -0.07520 -0.06602 -0.49391 -0.43062 -0.39286 -0.36831 -0.30259 -0.19752 -0.52454 -0.51113 0.75683 0.03913 -0.14658 0.33260 1.11278 2
-0.10420 -0.13737 0.69887 0.80169 0.69132 0.04656 -0.15194 0.10315 0.39019 0.66227 0.56674 0.79967 0.74884 0.46817 -0.22184 0.18901 0.18184 0.26327 -0.13862 -0.64681 -0.71460 2
-0.31038 -0.43846 1.38997 -0.07780 0.04326 0.36921 0.11664 -0.02498 0.14405 1.98127 0.93481 0.42271 0.18939 0.71343 -0.40922 -0.43034 0.37062 0.36170 -0.14180 -0.64319 -0.79950 2
-0.02923 -0.17082 1.20327 -0.34918 -0.10006 0.20788 1.07588 -0.46246 0.10083 -0.43062 -0.39286 -0.36831 -0.30259 -0.19752 -0.56778 -0.52908 0.75517 0.16484 -0.13226 -0.07311 0.73631 2
-0.27289 -0.33809 1.58892 0.38959 0.42960 -0.11476 -0.11357 0.55987 0.56877 -0.43062 -0.39286 -0.36831 -0.30259 -0.09241 0.05204 -0.14311 0.37062 -0.04249 -0.13067 -0.04934 0.20334 2
-0.17918 -0.23773 1.06187 -0.47482 -0.31816 -0.03410 0.80730 -0.29313 0.16869 0.43615 -0.03794 -0.20145 -0.30259 0.43314 -0.49571 -0.48420 0.63456 -0.02050 -0.13544 -0.62546 0.47033 2
-0.08546 -0.37155 1.34712 1.33440 2.08091 -0.43741 -0.38216 0.23099 0.26818 2.91588 1.54870 1.24771 0.91794 2.17970 0.23799 0.34879 -0.47460 -0.29935 -0.14419 -0.65729 -0.72321 2
-0.32912 -0.43846 1.01902 2.44004 2.99068 0.04656 -0.19031 1.22637 2.52270 -0.12913 -0.18254 -0.27561 -0.30259 -0.05737 -0.48130 -0.46625 -0.07336 -0.03935 -0.14021 -0.58275 -0.46917 2
-0.27289 -0.40500 0.87822 3.22404 0.71624 -0.59873 -0.45890 0.75187 -0.05376 0.28541 1.23715 1.55361 6.32084 -0.16248 1.21961 1.55338 -0.73234 -0.30532 -0.14817 -0.66172 -0.67553 2
1.24528 3.10768 0.28078 0.41974 -0.11253 0.12722 0.07827 2.57293 -0.28626 -0.43062 -0.39286 -0.36831 -0.30259 -0.16248 1.99799 1.15843 0.65029 0.75646 -0.14180 -0.37930 -0.65895 2
-0.10420 -0.23773 1.17695 -0.31400 -0.46771 -0.03410 0.80730 -0.65269 -0.61834 -0.43062 -0.39286 -0.36831 -0.30259 -0.19752 -0.53895 -0.52010 0.38460 -0.04144 -0.13703 3.65397 0.12890 2
0.17694 0.49826 -0.72374 -0.45472 -0.36178 -0.59873 -0.22868 -0.42568 -0.57720 -0.43062 -0.39286 -0.36831 -0.30259 -0.19752 -0.27949 -0.35853 -0.68165 -0.74825 -0.12431 1.22821 0.81464 2
-0.31038 -0.40500 0.98106 0.01769 -0.25585 0.12319 0.49650 -0.17190 -0.48707 0.35701 0.30121 0.63498 0.76711 -0.12745 -0.09427 -0.22524 0.22257 0.33971 -0.14419 -0.63835 -0.72095 2
0.66425 1.90333 -0.03937 0.89718 0.70378 -0.51807 -0.03683 0.09069 0.38546 -0.43062 -0.39286 -0.36831 -0.30259 -0.12745 0.02321 -0.11618 -0.44742 -0.38071 -0.12590 0.37289 0.51992 2
-0.31038 -0.37155 0.69764 0.48507 0.37352 -0.43741 -0.07520 1.40738 -0.14495 -0.09145 -0.16939 -0.26325 -0.30259 0.43314 -0.45247 -0.45727 -0.33381 0.05908 -0.13624 -0.56906 -0.81083 2
-0.08546 -0.07046 0.17916 0.33430 0.52307 0.69589 -0.11357 -0.26536 0.04360 2.77833 1.67489 1.17973 0.34808 1.59284 0.12555 0.15445 0.68158 0.58892 -0.14021 -0.65447 0.95637 2
-0.01049 0.02990 0.79865 -0.29390 -0.23715 -0.51807 -0.42053 -0.06129 -0.32316 -0.43062 -0.39286 -0.36831 -0.30259 -0.19752 -0.32346 -0.38591 -0.48334 -0.41427 -0.14658 -0.27938 -0.74691 2
-0.23540 -0.40500 -0.26648 -0.07277 0.19281 0.92981 0.11473 -0.28965 0.24603 -0.43062 -0.39286 -0.36831 -0.30259 -0.19752 -0.59661 -0.55601 0.78139 0.50536 -0.14817 2.63468 1.19632 2
-0.32912 -0.43846 0.17671 -0.31903 -0.05021 -0.35675 0.54063 -0.66985 0.10350 0.70184 0.13426 -0.12668 -0.30259 -0.16248 -0.46688 -0.42092 -0.56725 -0.34699 -0.14260 -0.61096 -0.77369 3
-0.25415 -0.40500 -0.02835 -0.01749 -0.08760 -0.03410 -0.22868 0.18701 -0.22781 -0.43062 -0.39286 -0.36831 -0.30259 -0.16248 0.58321 0.72489 -0.04024 -0.14260 -0.13862 -0.32531 -0.61351 3
-0.14169 -0.10392 -0.11160 -0.41451 -0.34932 -0.51807 -0.26705 -0.29578 -0.33093 -0.05376 -0.24826 -0.30033 -0.30259 -0.12745 -0.22184 -0.25980 -0.39149 -0.23097 -0.12749 -0.56865 -0.71707 3
-0.34786 -0.43846 1.12614 0.32425 0.24889 -0.27609 0.11664 2.61447 -0.09733 1.22756 0.55360 -0.05314 -0.30259 -0.05737 -0.48130 -0.44829 -0.55405 -0.60375 -0.13385 -0.60209 1.00467 3
0.06448 0.19717 -0.10793 -0.23359 0.04326 -0.35675 -0.34379 -0.60390 0.15540 0.39658 0.15793 -0.10937 -0.30259 -0.16248 -0.46688 -0.41284 -0.34552 -0.48013 -0.13862 -0.63875 -0.62875 3
-0.10420 -0.03701 1.23204 0.56046 0.10557 -0.43741 -0.26705 2.18449 -0.40704 -0.16682 -0.27455 -0.30651 -0.28291 -0.16248 1.46465 1.69700 -0.34255 -0.32731 -0.14658 -0.62909 -0.75052 3
0.57054 1.93678 0.70315 0.72630 0.32367 -0.43741 -0.38216 -0.38911 -0.29783 -0.43062 -0.39286 -0.36831 -0.30259 -0.16248 -0.45247 -0.44829 -0.54006 -0.54825 -0.13703 -0.45021 0.44618 3
-0.12295 -0.33809 -0.03876 -0.17831 -0.05021 -0.35675 -0.30542 -0.59503 -0.42976 0.92607 0.43529 0.49068 0.52955 0.22292 0.16735 -0.01744 -0.25690 -0.11684 -0.14419 -0.62828 -0.72734 3
-0.27289 -0.37155 -1.08858 -0.81154 -0.70450 0.44987 -0.03683 -0.18446 -0.09189 -0.43062 -0.39286 -0.36831 -0.30259 -0.19752 -0.39481 -0.36751 1.16944 0.14808 -0.14498 1.61578 1.23019 3
-0.36660 -0.43846 1.42241 -0.06775 -0.01283 -0.67939 -0.49727 -0.73113 0.32761 -0.43062 -0.39286 -0.36831 -0.30259 0.01270 -0.52454 -0.51113 -0.82350 -0.73197 -0.14817 -0.57308 -0.74617 3
-0.14169 -0.40500 0.23303 -0.39441 0.07441 -0.11476 -0.11357 -0.39972 -0.43885 -0.43062 -0.39286 -0.36831 -0.30259 -0.02234 -0.40922 -0.43932 0.21505 -0.00898 -0.14419 -0.52836 -0.63543 3
-0.36660 -0.43846 -0.32891 -0.62056 -0.51756 -0.67939 -0.49727 -0.79943 -0.58444 -0.43062 -0.39286 -0.36831 -0.30259 -0.19752 -0.59661 -0.55601 -0.82350 -0.88244 -0.14021 0.96915 1.05858 3
-0.32912 -0.40500 0.77783 -0.25369 -0.17484 -0.59873 -0.45890 -0.33054 -0.32823 -0.43062 -0.39286 -0.36831 -0.30259 -0.19752 -0.59661 -0.55601 -0.69039 -0.74406 -0.13703 0.03890 0.48794 3
-0.34786 -0.43846 -0.00693 0.34938 0.21773 -0.43741 -0.38216 -0.08218 -0.48187 -0.43062 -0.39286 -0.36831 -0.30259 -0.12745 -0.19301 -0.28672 -0.44393 -0.26134 -0.13624 -0.31604 -0.47423 3
-0.29163 -0.37155 -0.64355 -0.28887 -0.36178 -0.67939 -0.49727 -0.70625 -0.50721 -0.43062 -0.39286 -0.36831 -0.30259 -0.19752 -0.40922 -0.42137 -0.76905 -0.85191 -0.13862 -0.44618 1.02387 3
-0.29163 -0.43846 -0.51378 -0.09790 0.14296 0.61119 -0.34379 -0.49870 -0.57573 -0.43062 -0.39286 -0.36831 -0.30259 -0.19752 -0.59661 -0.55601 0.47025 0.27897 -0.13067 -0.45544 0.90775 3
-0.02923 0.36444 -1.15346 -0.76128 -0.53626 -0.67939 -0.49727 -0.74877 0.17716 -0.43062 -0.39286 -0.36831 -0.30259 -0.19752 -0.56778 -0.52908 -0.82323 -0.88228 -0.14817 -0.01670 1.04396 3
-0.31038 -0.37155 0.72580 -0.43462 -0.36178 -0.59873 -0.45890 -0.78315 -0.47471 0.73764 0.55360 0.65754 0.36931 1.20394 1.57997 1.27512 -0.65368 -0.26762 -0.14419 -0.65326 -0.81716 3
0.21442 1.06698 -0.17282 1.42487 0.19281 -0.51807 -0.38216 1.46987 3.14044 -0.43062 -0.39286 -0.36831 -0.30259 -0.19752 -0.58220 -0.54703 -0.54531 -0.51788 -0.14260 -0.53038 -0.67204 3
-0.29163 -0.43846 -0.43481 -0.20344 -0.02529 0.20788 -0.19031 -0.44899 -0.38459 0.28541 -0.07738 -0.21999 -0.29978 -0.05737 -0.32274 -0.35853 0.11018 0.14285 -0.14817 -0.60451 -0.64543 3
-0.16043 -0.20428 -0.31422 -0.62056 -0.53626 -0.51807 -0.30542 -0.51305 -0.49333 0.28541 -0.05108 -0.21999 -0.30259 0.08277 0.10970 0.16208 -0.41596 -0.47600 -0.14021 -0.56583 -0.49465 3
-0.29163 -0.40500 -0.18200 -0.43462 -0.28700 0.44987 0.76893 -0.58216 -0.61071 -0.43062 -0.39286 -0.36831 -0.30259 -0.19752 -0.55337 -0.52908 0.45278 0.19625 -0.12272 -0.36560 0.73526 3
-0.12295 -0.27119 -0.74088 -0.56528 -0.51756 0.04656 0.03799 -0.75337 -0.49353 -0.43062 -0.39286 -0.36831 -0.30259 -0.16248 -0.39553 -0.39489 -0.09084 -0.14364 -0.14180 -0.16859 -0.73926 3
-0.17918 -0.40500 -0.54622 -0.09790 1.05273 -0.35675 -0.42053 0.31383 -0.31341 -0.43062 -0.39286 -0.36831 -0.30259 -0.19752 -0.55337 -0.52908 -0.52084 -0.54615 -0.13544 -0.13837 0.91680 3
-0.29163 -0.37155 -0.08467 -0.01749 -0.05021 -0.35675 -0.34379 0.28995 -0.49014 -0.27988 -0.34028 -0.34359 -0.30259 -0.09241 0.80159 0.35956 -0.44742 -0.32521 -0.14817 -0.58759 -0.61776 3
-0.34786 -0.40500 -0.33320 -0.67082 -0.35555 -0.67939 -0.49727 -0.79353 -0.27842 -0.01608 0.50102 0.92945 0.73197 -0.16248 2.50249 1.37386 -0.82323 -0.51474 -0.14339 -0.65930 -0.47045 4
-0.36660 -0.43846 0.53481 0.12323 0.09934 -0.51807 -0.42053 0.08872 0.04294 -0.43062 -0.39286 -0.36831 -0.30259 -0.09241 -0.45247 -0.46625 0.02103 -0.58699 -0.13544 -0.01348 0.20281 4
-0.34786 -0.43846 0.05673 -0.06775 -0.00036 -0.59873 -0.42053 0.24501 -0.32452 -0.43062 -0.39286 -0.36831 -0.30259 -0.05737 -0.23697 -0.17991 -0.69266 -0.72155 -0.12590 -0.54206 -0.65351 4
-0.31038 -0.40500 -1.15897 -0.74621 -0.62350 -0.51807 -0.22868 -0.68100 0.51972 -0.43062 -0.39286 -0.36831 -0.30259 -0.19752 -0.49571 -0.43977 -0.72229 -0.79469 -0.14339 0.86964 1.18227 4
-0.25415 -0.43846 0.27466 -0.21349 0.01210 -0.67939 -0.49727 0.43604 -0.52148 -0.43062 -0.39286 -0.36831 -0.30259 -0.19752 -0.59661 -0.55601 -0.82350 -0.79050 -0.13544 0.01915 0.87008 4
-0.32912 -0.37155 0.00715 -0.45472 -0.05021 -0.51807 -0.42053 -0.73303 -0.11710 -0.43062 -0.39286 -0.36831 -0.30259 -0.02234 -0.38111 -0.40386 -0.58280 -0.51045 -0.14817 -0.48163 -0.47437 4
0.21442 1.00007 -0.42992 -0.51503 -0.36801 -0.43741 -0.38216 -0.80442 -0.53034 -0.43062 -0.39286 -0.36831 -0.30259 -0.19752 -0.46688 -0.47522 -0.40722 -0.45610 -0.13624 -0.41717 -0.54911 4
-0.32912 -0.40500 -0.30994 -0.59544 -0.63596 -0.67939 -0.49727 -0.63957 -0.57367 -0.43062 -0.39286 -0.36831 -0.30259 -0.19752 -0.59661 -0.55601 -0.81974 -0.88018 -0.14498 1.95783 1.25887 4
-0.36660 -0.43846 -1.05736 -0.74118 -0.69204 -0.76006 -0.53564 -0.81598 -0.55810 -0.16682 -0.30084 -0.32505 -0.30259 -0.19752 -0.58220 -0.54703 -0.95957 -0.96710 -0.14339 -0.61378 1.01338 4
-0.36660 -0.43846 -1.18958 -0.79646 -0.61103 -0.67939 -0.49727 -0.60750 -0.17890 -0.43062 -0.39286 -0.36831 -0.30259 -0.19752 -0.36598 -0.38546 -0.82323 -0.87181 -0.14658 0.12108 1.04097 4
1.09534 2.10405 -0.73170 -0.27882 -0.22469 -0.43741 -0.42053 -0.33662 -0.32993 -0.43062 -0.39286 -0.36831 -0.30259 -0.12745 -0.07769 -0.18799 -0.39149 -0.47704 -0.14419 -0.55898 -0.73613 4
-0.17918 -0.17082 -0.37299 -0.25872 -0.16238 -0.67939 -0.49727 0.71074 -0.05368 -0.43062 -0.39286 -0.36831 -0.30259 -0.19752 -0.33715 -0.36751 -0.78303 -0.86971 -0.12908 1.18792 0.81304 4
-0.36660 -0.43846 -1.05797 -0.78641 -0.61103 -0.67939 -0.49727 -0.79929 -0.59627 -0.43062 -0.39286 -0.36831 -0.30259 -0.19752 -0.55337 -0.52908 -0.82848 -0.85505 -0.13226 0.26532 1.05201 4
-0.21666 -0.20428 0.18773 -0.53513 0.01833 -0.67939 -0.49727 -0.80261 1.87655 1.75516 0.51416 0.05810 -0.30259 1.65941 -0.55337 -0.52908 -0.82323 -0.81212 -0.13862 -0.58759 0.15133 4
-0.31038 -0.40500 -1.02614 -0.63564 -0.84783 0.12722 1.42121 1.32194 -0.63613 -0.43062 -0.39286 -0.36831 -0.30259 -0.19752 -0.59661 -0.55601 0.28672 -0.05610 -0.13862 0.78584 1.16891 4
0.13945 0.79934 -0.56275 -0.07277 -0.11253 -0.51807 -0.38216 -0.73209 -0.45383 0.17424 0.05474 -0.02780 -0.11100 -0.16248 0.08231 0.19933 -0.56899 -0.59254 -0.14817 -0.64560 -0.61423 4
-0.36660 -0.43846 -0.86270 -0.55021 -0.60480 -0.51807 -0.38216 0.84957 1.36203 0.02161 -0.15625 -0.25707 -0.30259 0.22292 -0.59661 -0.55601 -0.59600 -0.66238 -0.13385 -0.57308 1.02414 4
-0.21666 -0.27119 -0.64661 -0.20846 -0.31193 -0.67939 -0.49727 0.02565 -0.48961 -0.43062 -0.39286 -0.36831 -0.30259 0.01270 0.23943 0.00051 -0.74108 -0.10846 -0.14260 -0.42845 -0.80425 4
-0.31038 -0.37155 -0.53704 -0.77133 -0.62973 -0.51807 -0.22868 -0.29421 -0.26900 -0.43062 -0.39286 -0.36831 -0.30259 -0.16248 -0.46688 -0.47522 -0.53482 -0.21003 -0.14021 -0.34908 -0.77947 4
-0.36660 -0.43846 -0.92330 -0.72108 -0.59234 -0.67939 -0.49727 -0.81690 -0.63201 -0.43062 -0.39286 -0.36831 -0.30259 -0.19752 -0.59661 -0.55601 -0.84596 -0.88228 -0.14339 -0.31282 1.02688 4
-0.36660 -0.43846 0.13386 -0.45974 -0.16861 -0.67939 -0.49727 -0.51671 -0.57214 -0.20451 -0.31399 -0.12112 -0.13391 -0.19752 -0.07769 -0.22389 -0.82848 -0.79956 -0.13703 -0.65850 0.90385 4
-0.34786 -0.43846 -0.54683 -0.69595 -0.56742 -0.51807 -0.42053 -0.73889 -0.48871 -0.12913 -0.26141 -0.30651 -0.30259 -0.09241 -0.51012 -0.50215 -0.65193 -0.67809 -0.14817 -0.63070 -0.57527 4
-0.36660 -0.43846 0.11060 -0.56026 -0.05644 -0.67939 -0.49727 -0.55720 -0.58623 -0.43062 -0.39286 -0.36831 -0.30259 -0.19752 -0.06328 0.09925 -0.82323 -0.88123 -0.13385 0.88455 0.91945 4
-0.36660 -0.43846 -1.17183 -0.73113 -0.71074 -0.59873 -0.42053 1.04386 1.28460 -0.43062 -0.39286 -0.36831 -0.30259 -0.19752 -0.59661 -0.55601 -0.70262 0.15856 -0.13067 0.93088 1.17310 4
0.06448 0.76589 0.48339 -0.30898 -0.01906 -0.67939 -0.49727 -0.67933 -0.37654 -0.43062 -0.39286 -0.36831 -0.30259 -0.19752 -0.46688 -0.47522 -0.82323 -0.88123 -0.13862 -0.23144 0.92872 4
-0.27289 -0.30464 -0.92452 -0.76631 -0.61727 -0.67939 -0.49727 -0.75532 -0.41281 0.32498 0.02844 -0.19496 -0.30259 -0.02234 -0.46688 -0.47522 -0.79142 -0.65861 -0.14021 -0.61619 -0.74968 5
-0.31038 -0.37155 -0.95636 -0.68590 -0.59234 -0.59873 -0.45890 -0.76135 -0.54204 0.02161 -0.22197 -0.28797 -0.30259 -0.12745 -0.55337 -0.52908 -0.67116 -0.63621 -0.14021 -0.63513 -0.72463 5
-0.36660 -0.43846 -1.00288 -0.55523 -0.14992 -0.67939 -0.49727 -0.64322 0.06611 -0.43062 -0.39286 -0.36831 -0.30259 -0.19752 -0.58220 -0.54703 -0.80925 -0.86867 -0.13226 -0.30758 0.92074 5
-0.29163 -0.40500 -0.87494 -0.74621 -0.61727 -0.51807 -0.15194 -0.74949 -0.43022 -0.43062 -0.39286 -0.36831 -0.30259 -0.16248 -0.58220 -0.54703 -0.52608 -0.66343 -0.14021 0.02278 0.50135 5
-0.32912 -0.40500 -0.04121 -0.54015 -0.49887 -0.67939 -0.49727 -0.23545 -0.40061 -0.43062 -0.39286 -0.36831 -0.30259 -0.19752 -0.52454 -0.51113 -0.82323 -0.75348 -0.13544 0.25162 0.18671 5
-0.08546 -0.03701 -1.06042 -0.24867 -0.58611 -0.27609 -0.30542 -0.13351 0.27926 -0.43062 -0.39286 -0.36831 -0.30259 -0.19752 -0.56778 -0.53806 -0.30584 -0.41003 -0.12908 0.05340 1.03154 5
-0.36660 -0.43846 0.08367 -0.68590 -0.48641 -0.67939 -0.49727 -0.79344 -0.48990 0.43615 0.02779 -0.17055 -0.30259 -0.19752 -0.49571 -0.48420 -0.82323 -0.55348 -0.13067 -0.63191 0.27298 5
-0.12295 -0.17082 0.51890 -0.42959 -0.33686 -0.67939 -0.49727 -0.61479 -0.02065 -0.35525 -0.36657 -0.35595 -0.30259 -0.05737 -0.40922 -0.42137 -0.69039 -0.82155 -0.14021 -0.18793 0.15895 5
-0.25415 -0.27119 -0.73292 -0.67082 -0.18107 -0.59873 -0.49727 -0.66083 -0.03653 0.88838 0.18553 -0.09640 -0.30259 0.29299 -0.49571 -0.49317 -0.76380 -0.65820 -0.13624 -0.57873 -0.63604 5
-0.34786 -0.43846 -0.83699 -0.58538 -0.36801 -0.67939 -0.49727 -0.76334 -0.52646 -0.43062 -0.39286 -0.36831 -0.30259 -0.19752 -0.55337 -0.52010 -0.79736 -0.86783 -0.10999 -0.55939 -0.64856 5
-0.27289 -0.33809 -0.75986 -0.54518 -0.39917 -0.59873 -0.42053 -0.78701 -0.48829 -0.43062 -0.39286 -0.36831 -0.30259 -0.16248 -0.53895 -0.52010 -0.66242 -0.57547 -0.14578 -0.08640 -0.72086 5
-0.36660 -0.43846 -0.86882 -0.47985 -0.61727 -0.67939 -0.49727 -0.27003 0.20765 -0.43062 -0.39286 -0.36831 -0.30259 -0.19752 -0.59661 -0.55601 -0.82323 -0.87809 -0.12749 -0.15892 1.01381 5
-0.31038 -0.37155 -1.21100 -0.78641 -0.77305 -0.51807 -0.19031 -0.70403 -0.62317 -0.43062 -0.39286 -0.36831 -0.30259 -0.19752 -0.49571 -0.43887 -0.58473 -0.67856 -0.14817 1.97193 1.26796 5
-0.36660 -0.43846 -1.17244 -0.05267 -0.57365 -0.67939 -0.49727 0.44100 1.41583 -0.43062 -0.39286 -0.36831 -0.30259 -0.19752 -0.53895 -0.52010 -0.82323 -0.88228 -0.13544 -0.17906 0.98976 5
-0.32912 -0.40500 -0.86821 -0.79646 -0.56742 -0.67939 -0.49727 0.16815 1.36539 -0.43062 -0.39286 -0.36831 -0.30259 -0.19752 -0.22256 -0.32308 -0.83748 -0.84799 -0.14021 1.04409 1.16151 5
-0.36660 -0.43846 -1.13265 -0.76128 -0.59234 -0.67939 -0.49727 -0.81150 -0.62968 -0.43062 -0.39286 -0.36831 -0.30259 -0.19752 -0.58220 -0.54703 -0.82323 -0.87809 -0.13862 -0.17222 0.89327 5
-0.34786 -0.43846 -1.13510 -0.82662 -0.63596 -0.59873 -0.45890 -0.76962 -0.35725 -0.43062 -0.39286 -0.36831 -0.30259 -0.19752 -0.42364 -0.41239 -0.62921 -0.74301 -0.13067 -0.21049 0.91163 5
-0.32912 -0.43846 -0.85290 -0.73113 -0.62973 -0.59873 -0.42053 -0.79437 -0.58295 -0.39293 -0.37972 -0.36213 -0.30259 -0.12745 -0.42364 -0.44829 -0.66880 -0.40155 -0.14021 -0.58356 -0.73369 5
-0.36660 -0.43846 -1.31507 -1.00754 -0.82290 -0.67939 -0.49727 -0.82089 -0.63473 -0.43062 -0.39286 -0.36831 -0.30259 -0.19752 -0.59661 -0.55601 -0.82323 -0.88228 -0.14817 1.76002 1.25257 5
-0.34786 -0.43846 -1.22141 -0.76631 -0.71697 -0.67939 -0.49727 -0.81507 -0.60816 -0.43062 -0.39286 -0.36831 -0.30259 -0.19752 -0.27949 -0.34058 -0.82149 -0.82992 -0.14817 0.05501 1.05172 5
-0.32912 -0.40500 -1.25202 -0.85677 -0.77305 -0.67939 -0.49727 0.00057 -0.50565 -0.43062 -0.39286 -0.36831 -0.30259 -0.19752 -0.59661 -0.55601 -0.81799 -0.87495 -0.14658 2.15404 1.29198 5
-0.36660 -0.43846 -1.25692 -0.83667 -0.71697 -0.67939 -0.49727 -0.81902 -0.62107 -0.43062 -0.39286 -0.36831 -0.30259 -0.19752 -0.58220 -0.53806 -0.82498 -0.87495 -0.14817 -0.15771 0.99078 5
-0.36660 -0.43846 -1.31629 -1.01256 -0.84783 -0.67939 -0.49727 -0.81830 -0.60439 -0.43062 -0.39286 -0.36831 -0.30259 -0.19752 -0.59661 -0.55601 -0.82323 -0.88123 -0.14180 2.72371 1.27513 5
-0.34786 -0.40500 -1.29303 -0.99749 -0.78551 -0.67939 -0.49727 -0.77808 -0.59612 -0.43062 -0.39286 -0.36831 -0.30259 -0.19752 -0.59661 -0.55601 -0.82323 -0.88228 -0.14817 2.26483 1.29572 5
-0.36660 -0.43846 -1.33098 -1.02764 -0.89145 -0.67939 -0.49727 -0.82093 -0.66720 -0.43062 -0.39286 -0.36831 -0.30259 -0.19752 -0.59661 -0.55601 -0.78478 -0.88228 -0.14817 1.96589 1.29214 5
