0.30814 1.16734 -0.39135 -0.58036 -0.44902 -0.59873 -0.45890 -0.74688 -0.50821 -0.43062 -0.39286 -0.36831 -0.30259 -0.19752 -0.36670 -0.35001 -0.65779 -0.76123 4.21791 -0.67381 -3.14705 1
0.04574 0.23063 -0.17710 0.91728 0.00587 -0.59873 -0.45890 1.61588 3.23327 -0.43062 -0.39286 -0.36831 -0.30259 -0.19752 4.21277 3.75209 -0.66880 -0.18438 5.42674 -0.67421 -3.14705 1
-0.23540 -0.37155 0.05979 0.00261 0.01833 -0.19542 -0.03492 -0.50310 -0.37080 -0.35525 -0.36657 -0.35595 -0.30259 -0.19752 -0.23553 -0.22344 -0.28705 -0.29034 2.21381 -0.67461 -3.14705 1
0.08322 -0.13737 -0.37237 0.24384 -0.26831 0.04656 -0.03683 2.56237 1.17069 2.09433 1.85498 2.74013 2.38220 0.29299 0.15294 0.21594 0.53143 0.93970 0.90955 -0.67824 -3.14703 1
-0.04798 -0.37155 -0.73292 -0.46980 -0.31816 0.04656 -0.03683 -0.38746 -0.35748 -0.35525 -0.34028 -0.34359 -0.30259 -0.12745 -0.59661 -0.55601 0.01054 0.28212 4.18610 -0.67421 -3.14705 1
0.66425 -0.43846 1.43588 0.45995 0.45453 5.76144 6.54931 -0.06689 -0.47044 0.20815 0.26309 0.31641 0.29495 -0.19752 0.92844 0.59069 4.53548 4.96969 -0.14817 -0.63513 -0.53393 1
0.04574 -0.37155 1.87234 2.44507 2.37378 5.04758 1.49795 1.93160 -0.47261 3.30027 2.51224 2.19631 1.42917 0.57328 1.17637 1.06867 4.44861 4.66011 -0.14817 -0.63996 -0.84382 1
0.36437 -0.40500 0.47360 2.52045 0.09311 3.67633 1.42121 0.08119 0.57527 4.12936 8.20415 10.39072 9.82935 0.18788 2.53132 2.57666 4.00812 4.53341 -0.10522 -0.66253 0.98642 1
-0.10420 -0.37155 1.48057 0.18354 0.06818 3.52308 5.96226 1.11870 -0.35662 -0.20451 -0.30084 -0.32505 -0.30259 -0.05737 -0.20670 -0.29525 2.09323 2.79750 -0.14817 -0.64037 -0.56320 1
0.06448 -0.07046 2.98520 3.05819 3.47050 3.58761 0.57516 1.76454 1.65148 -0.43062 -0.39286 -0.36831 -0.30259 -0.19752 -0.20814 -0.08117 3.68772 3.41263 -0.14180 -0.37970 -0.74811 1
0.53305 -0.43846 0.28873 0.12323 -0.24339 3.99898 5.98720 -0.10592 0.20193 2.09433 1.32917 0.29293 -0.30259 0.08277 0.13853 0.14413 2.65345 3.02033 -0.11874 -0.63755 -0.53301 1
0.06448 -0.03701 2.31308 2.12845 2.47971 3.19236 0.07827 1.66376 1.58243 -0.43062 -0.39286 -0.36831 -0.30259 -0.19752 0.54213 0.69167 3.10093 2.94493 -0.14817 -0.45303 -0.75809 1
0.02700 -0.00355 1.69176 1.27912 1.66964 2.30509 2.41882 -0.03527 0.50224 0.28541 0.39585 0.16934 -0.10299 -0.19752 -0.02003 -0.15208 1.82842 1.64441 -0.14419 -0.65568 -0.56273 1
0.36437 -0.07046 1.22347 1.18866 0.87826 1.97841 0.91857 -0.03853 -0.06234 -0.43062 -0.39286 -0.36831 -0.30259 -0.12745 2.29493 1.40573 2.24155 2.82635 -0.14817 -0.37084 -0.52690 1
-0.23540 -0.37155 2.71464 1.24394 1.43285 0.04656 -0.11357 -0.28264 2.93839 2.84239 3.37260 2.51179 2.22533 -0.05737 4.30862 3.02726 0.32614 0.82201 -0.14817 -0.60290 -0.80838 1
-0.10420 -0.10392 1.40589 3.83214 3.09038 1.09113 1.26390 3.89472 6.49357 -0.43062 -0.39286 -0.36831 -0.30259 36.86750 -0.30904 -0.35898 0.55984 1.72070 -0.13862 0.81324 -0.68854 1
-0.02923 -0.00355 0.78946 0.53533 0.04326 0.28451 0.72864 0.58286 -0.16200 0.92418 2.02127 4.21401 4.07152 -0.09241 3.94898 3.19736 1.00994 1.82101 -0.14817 -0.60894 -0.78546 1
0.66425 1.70260 -0.04060 0.00764 -0.18107 2.06310 3.68502 -0.14345 -0.46728 -0.16682 -0.30084 -0.32505 -0.30259 0.04774 0.12411 0.06335 2.55906 1.63394 -0.14339 -0.63755 -0.52635 1
-0.25415 -0.40500 1.78725 1.31933 1.26460 0.93384 -0.30542 -0.20138 -0.30413 0.62458 0.15924 -0.12112 -0.30259 -0.12745 -0.46688 -0.44829 0.79712 0.74389 -0.11635 -0.61660 -0.45315 1
-0.29163 -0.40500 3.01091 0.20866 0.99665 -0.19542 -0.26705 -0.13432 3.33761 -0.24219 -0.31399 -0.33123 -0.30259 -0.05737 -0.04886 -0.10720 -0.39848 -0.36186 -0.13783 -0.59001 -0.76703 1
-0.16043 -0.33809 1.88580 0.76148 1.27706 0.36921 -0.11357 0.42269 0.45903 -0.43062 -0.39286 -0.36831 -0.30259 -0.19752 0.00880 -0.13413 1.33724 0.41196 -0.10045 -0.55093 0.02874 1
-0.08546 -0.17082 0.58868 1.19369 1.47647 1.66383 -0.11357 0.12144 -0.03733 -0.43062 -0.39286 -0.36831 -0.30259 -0.19752 -0.17787 -0.19606 1.72712 1.46080 -0.14419 -0.51829 -0.85280 1
-0.19792 -0.43846 1.19103 2.05809 2.65419 1.40168 -0.07904 0.92137 1.35991 -0.31756 -0.22329 -0.08620 0.05163 -0.19752 -0.29607 -0.36886 1.42822 1.45017 -0.14498 -0.62949 -0.62577 1
0.19568 -0.33809 1.07227 0.61574 0.61654 1.17582 0.00154 0.39658 -0.43840 -0.20451 0.01464 0.00866 0.02633 1.72948 -0.07769 0.41341 1.24110 1.32190 -0.09727 -0.54408 -0.08206 1
1.22654 0.96662 -0.57132 -0.57031 -0.38047 2.46641 1.03752 -0.29418 0.10409 -0.43062 -0.39286 -0.36831 -0.30259 -0.19752 0.15294 0.28775 2.38602 2.15750 -0.13703 1.78983 1.20182 1
-0.23540 -0.43846 0.25262 1.03789 1.38923 2.30509 -0.15194 0.04590 -0.52815 -0.43062 -0.39286 -0.36831 -0.30259 -0.05737 -0.59661 -0.55601 2.15878 1.71667 -0.13703 -0.07955 1.06692 2
-0.34786 -0.43846 0.52196 1.25902 0.51061 -0.03410 -0.26705 0.50665 -0.22224 0.62270 0.97162 1.38954 2.02053 -0.12745 1.93529 1.98828 -0.27577 -0.09139 -0.13862 -0.65205 -0.48060 2
0.94539 1.60224 1.84051 1.29923 1.12751 0.44584 0.07636 0.32236 1.27233 0.73576 0.47275 0.60007 0.51100 -0.02234 -0.29463 -0.06322 0.12023 0.26185 -0.12272 -0.65527 0.00515 2
-0.02923 0.06336 -0.34238 -0.34415 -0.47395 0.60716 0.57324 0.08337 -0.31990 0.39470 -0.02611 1.28757 1.36072 0.46467 -0.39553 -0.39489 1.12784 1.89054 -0.12749 -0.63110 -0.74289 2
-0.21666 -0.43846 0.21711 0.95246 1.26460 2.46641 -0.11357 -0.03046 -0.61547 -0.43062 -0.39286 -0.36831 -0.30259 -0.19752 -0.59661 -0.55601 2.26366 1.85070 -0.13862 2.13913 1.26014 2
-0.14169 -0.30464 0.92964 0.71123 1.02781 1.65979 -0.15194 -0.09646 -0.42615 -0.43062 -0.39286 -0.36831 -0.30259 -0.19752 -0.59661 -0.55601 1.64139 1.33866 -0.12590 0.09611 0.92704 2
-0.19792 -0.27119 0.67805 1.11830 0.50438 -0.11476 0.61737 0.52637 0.10129 -0.43062 -0.39286 -0.36831 -0.30259 -0.09241 0.19762 0.28954 -0.08210 0.08212 -0.14419 -0.50419 -0.54995 2
-0.31038 -0.43846 -0.25546 0.32425 0.15542 -0.27609 -0.26705 3.37022 2.02960 1.15218 0.68505 0.02102 -0.30259 -0.12745 -0.04886 -0.13413 -0.17649 -0.33883 -0.14498 -0.58356 -0.72949 2
2.59476 1.30116 0.02919 0.60569 0.61031 0.85318 0.19338 0.61054 0.68151 1.22756 1.94700 0.73170 -0.30259 0.11781 -0.39481 -0.40341 1.10127 1.64127 -0.14817 -0.62103 -0.80840 2
-0.31038 -0.43846 0.62051 0.41974 0.47945 0.12722 0.26820 -0.49021 0.08669 0.73576 0.38140 -0.01050 -0.30259 -0.19752 -0.43805 -0.45727 1.51405 0.29007 -0.14817 -0.59121 -0.81642 2
-0.25415 -0.43846 0.71050 0.39964 0.26759 0.53053 0.23175 0.13467 1.40193 1.71747 1.42119 0.98507 0.76008 1.27401 -0.33715 -0.30468 0.93521 0.54180 -0.13385 -0.62667 0.45081 2
-0.27289 -0.43846 -0.12446 -0.46980 -0.17484 1.25648 2.26534 -0.53443 -0.26934 -0.27988 0.14609 0.72552 0.52674 -0.12745 0.03762 0.05437 0.48074 0.82347 -0.13226 -0.65850 -0.59518 2
0.42059 1.26770 0.79069 -0.09287 0.01210 -0.35675 -0.34379 0.53903 1.02266 -0.12913 -0.07672 0.20147 0.27766 -0.05737 0.38573 1.38688 0.17887 0.04332 -0.14498 -0.61015 -0.74282 2
-0.21666 -0.40500 0.38178 -0.37431 -0.21223 -0.03410 -0.07520 -0.00260 -0.10074 0.73576 0.34196 0.45206 0.49989 -0.05737 -0.40994 -0.40386 -0.12396 0.12808 -0.14419 -0.64037 -0.64818 2
-0.04798 -0.37155 0.02613 0.67102 -0.15615 0.28855 0.61545 0.23856 0.66499 0.17235 0.40900 0.40417 0.67574 -0.09241 -0.27949 -0.34058 3.42081 0.14285 -0.14339 -0.64158 -0.49211 2
-0.27289 -0.37155 0.69091 0.07297 -0.10630 0.36921 0.07827 0.02302 0.21977 1.90590 0.92167 0.91091 0.47333 0.99372 0.03762 -0.08027 0.25001 0.33866 -0.14817 -0.65406 -0.80359 2
-0.19792 -0.27119 0.40014 1.56056 0.31120 -0.35675 -0.34379 2.23358 -0.31918 1.86821 1.06626 0.78732 0.60546 0.53825 0.21060 0.04539 -0.27088 0.14180 -0.14817 -0.65608 -0.85535 2
0.13945 0.79934 -0.25668 -0.14313 0.13673 -0.67939 -0.49727 -0.10232 0.34581 -0.43062 -0.39286 -0.36831 -0.30259 -0.19752 -0.53895 -0.50215 -0.82350 -0.73301 -0.13862 -0.36802 1.03744 2
-0.27289 -0.40500 0.47054 -0.38436 -0.26208 1.17179 0.07636 -0.43509 -0.51767 -0.27988 -0.34028 -0.34359 -0.30259 -0.16248 -0.59661 -0.55601 0.84947 0.75405 -0.13226 -0.51346 0.99072 2
-0.21666 -0.40500 0.23181 0.50015 0.44206 -0.03410 -0.38216 -0.31086 -0.31565 -0.24219 -0.01231 0.34082 0.37915 -0.16248 -0.42364 -0.32308 -0.08385 -0.05689 -0.13226 -0.54367 -0.52338 2
0.42059 1.36806 1.48179 0.91728 0.40467 -0.51807 0.00154 2.03648 4.31565 -0.43062 -0.39286 -0.36831 -0.30259 24.74841 -0.36598 -0.39444 -0.62222 0.09259 -0.12272 0.44460 0.51722 2
0.36437 0.33099 0.83721 0.54036 0.16788 0.28451 0.15310 -0.15406 -0.12362 0.09510 -0.20949 -0.28210 -0.30259 0.08277 -0.58220 -0.54703 0.57732 0.40191 -0.13544 -0.62063 0.70113 2
-0.29163 -0.40500 -0.94105 -0.58036 -0.33686 -0.59873 -0.45890 -0.05477 1.49610 8.04869 5.86429 2.87609 0.00665 -0.12745 -0.56778 -0.43932 -0.68340 -0.41841 -0.12431 -0.63714 0.90023 2
-0.31038 -0.40500 -0.40115 -0.24364 -0.18107 -0.67939 -0.49727 -0.65403 -0.35743 0.58501 0.35510 0.17428 0.14356 -0.19752 -0.09283 -0.12605 0.98380 -0.45401 -0.14817 -0.64842 -0.85808 2
1.62013 1.20079 -0.02958 0.29913 0.41091 0.04656 -0.15194 -0.24381 0.05536 -0.43062 -0.39286 -0.36831 -0.30259 -0.16248 0.31150 0.16208 -0.19047 0.06850 -0.14817 -0.35472 -0.75323 2
-0.29163 -0.37155 -0.10854 -0.20846 0.21150 -0.27609 -0.03683 0.09707 1.31284 -0.43062 -0.39286 -0.36831 -0.30259 -0.19752 -0.16418 -0.24184 0.66078 -0.08123 -0.11635 -0.17383 0.67511 3
-0.10420 -0.00355 2.80585 4.23922 0.13050 -0.51807 -0.38216 -0.53293 -0.42150 0.36078 0.06722 -0.15201 -0.30259 -0.16248 -0.52454 -0.49317 -0.45092 -0.61003 -0.13226 -0.60814 -0.78102 3
-0.32912 -0.43846 -1.13877 -0.85174 -0.71697 0.04656 -0.15194 -0.54044 -0.41321 -0.43062 -0.39286 -0.36831 -0.30259 -0.19752 -0.40922 -0.42137 0.55241 -0.18176 -0.13862 -0.51749 1.08325 3
-0.16043 -0.13737 0.05306 -0.00241 0.04949 -0.43741 -0.38216 -0.43523 -0.22463 -0.12913 0.25126 0.34855 0.13316 -0.19752 0.00880 -0.00846 -0.02442 -0.26448 -0.14817 -0.47720 -0.63312 3
-0.25415 -0.43846 -0.14711 -0.27380 -0.27454 -0.27609 -0.26705 -0.55515 -0.39895 -0.43062 -0.39286 -0.36831 -0.30259 -0.05737 1.73420 1.03860 -0.16757 0.18767 -0.14817 -0.42926 -0.56622 3
2.18242 5.31564 0.25935 0.30918 0.42337 0.20788 -0.38216 -0.34219 -0.38886 -0.43062 -0.39286 -0.36831 -0.30259 -0.16248 -0.40922 -0.43932 0.10843 0.27583 -0.11476 0.44621 0.11989 3
-0.23540 -0.33809 0.08979 0.68610 2.08091 0.04656 -0.26705 -0.21866 0.13274 -0.43062 -0.39286 -0.36831 -0.30259 -0.12745 -0.53895 -0.50215 0.27973 -0.03516 -0.14578 -0.29792 -0.74159 3
-0.01049 0.06336 0.52441 0.37451 0.11180 -0.59873 -0.45890 -0.17837 0.06184 0.51153 0.15924 -0.11494 -0.30259 0.32803 0.13853 0.05437 -0.59600 -0.54092 -0.13624 -0.60370 -0.48378 3
0.53305 1.93678 0.35362 0.60569 1.59486 -0.59873 -0.45890 -0.72629 -0.25117 -0.43062 -0.39286 -0.36831 -0.30259 -0.16248 -0.59661 -0.55601 -0.60299 -0.72626 -0.13067 -0.03685 0.88085 3
-0.27289 -0.43846 -0.60682 -0.25369 -0.29324 -0.35675 -0.26705 0.33726 -0.18711 -0.20451 -0.09118 0.89608 0.48303 -0.16248 0.00735 0.02609 -0.08035 0.26081 -0.14817 -0.64923 -0.57168 3
-0.06672 -0.27119 -0.09079 -0.27380 -0.26831 -0.27609 0.11664 -0.14780 -0.21786 -0.43062 -0.39286 -0.36831 -0.30259 -0.19752 0.16735 0.09925 -0.36876 0.51458 -0.11317 -0.12991 -0.03360 3
-0.29163 -0.33809 0.59725 0.23379 0.23020 -0.43741 -0.38216 -0.55482 1.32046 0.51153 0.05408 -0.08404 -0.22106 0.08277 -0.36598 -0.32263 -0.55055 -0.55139 -0.13385 -0.65648 -0.75300 3
-0.32912 -0.40500 -1.03961 -0.14313 -0.48018 -0.67939 -0.45890 -0.57606 -0.49976 -0.43062 -0.39286 -0.36831 -0.30259 -0.19752 -0.49571 -0.49317 -0.73234 -0.80060 -0.14021 -0.53441 0.98189 3
-0.29163 -0.37155 0.64928 0.02272 0.14919 -0.59873 -0.45890 -0.78731 -0.51164 -0.43062 -0.39286 -0.36831 -0.30259 -0.19752 0.79582 0.33801 -0.59915 -0.51238 -0.13862 -0.51023 -0.74136 3
-0.29163 -0.43846 0.09285 -0.17328 -0.24339 -0.43741 -0.26705 -0.53001 -0.47793 -0.43062 -0.39286 -0.36831 -0.30259 -0.19752 -0.51012 -0.49317 -0.08909 0.02138 -0.14021 -0.20364 -0.85091 3
0.28939 1.03352 -0.39441 -0.21851 -0.35555 -0.43741 -0.26705 -0.62467 -0.52045 -0.01608 0.02779 0.03338 -0.11705 -0.02234 -0.45247 -0.46625 -0.44218 -0.44354 -0.13226 -0.63795 -0.51280 3
0.21442 0.93316 -0.02223 -0.43462 0.01210 -0.43741 -0.38216 -0.54391 -0.35495 0.05930 -0.10367 -0.26943 -0.30259 -0.02234 -0.04886 0.06335 -0.57677 -0.45715 -0.12590 -0.57026 0.88984 3
-0.34786 -0.43846 1.09370 -0.19841 -0.29947 -0.67939 -0.49727 -0.17035 -0.41723 -0.43062 -0.39286 -0.36831 -0.30259 -0.19752 -0.43805 -0.45727 -0.82323 -0.81526 -0.13624 -0.28986 -0.74141 3
-0.31038 -0.37155 0.72580 -0.43462 -0.36178 -0.59873 -0.45890 -0.78315 -0.47471 0.73764 0.55360 0.65754 0.36931 1.20394 1.57997 1.27512 -0.65368 -0.26762 -0.14419 -0.65326 -0.81716 3
4.39407 1.53533 1.08084 0.61574 1.00288 -0.51807 -0.42053 -0.05629 0.75570 -0.43062 -0.39286 -0.36831 -0.30259 -0.16248 -0.58220 -0.54703 -0.53133 -0.55872 -0.14021 0.26532 0.74941 3
-0.23540 -0.30464 -0.57560 -0.24867 -0.14992 0.04656 -0.22868 -0.58625 -0.41771 -0.43062 -0.39286 -0.36831 -0.30259 -0.19752 -0.48130 -0.48420 0.12066 0.01719 -0.14817 -0.35996 -0.78160 3
1.92002 1.33461 0.94984 0.21369 0.72870 -0.67939 -0.49727 -0.43839 0.54400 0.13467 1.13199 0.35473 -0.23231 -0.19752 -0.55337 -0.52908 -0.78303 -0.82783 -0.13226 -0.54972 -0.62074 3
0.25191 0.53171 -0.16425 0.08805 -0.14368 0.20788 -0.15194 -0.09906 -0.10296 -0.43062 -0.39286 -0.36831 -0.30259 -0.19752 -0.29391 -0.34956 0.11892 -0.03726 -0.09886 0.56547 0.63229 3
-0.27289 -0.37155 -0.37911 0.06795 0.08064 -0.67939 -0.49727 0.33600 0.05612 0.32121 -0.01231 -0.18940 -0.30259 7.88013 -0.30904 -0.32308 -0.80776 -0.79992 -0.13226 -0.63916 -0.62980 3
-0.32912 -0.43846 0.30955 -0.20846 -0.50510 -0.11476 -0.07520 -0.18838 -0.53023 -0.43062 -0.39286 -0.36831 -0.30259 -0.19752 -0.53895 -0.50215 0.20107 -0.05924 -0.14180 0.04897 1.00802 3
-0.32912 -0.37155 0.41116 -0.16826 -0.19977 -0.51807 -0.42053 -0.74780 -0.40677 -0.12913 -0.27455 -0.31269 -0.30259 -0.12745 0.19618 0.03642 -0.58027 -0.55663 -0.14021 -0.63875 -0.74114 4
-0.29163 -0.43846 -0.63621 -0.18333 0.03703 0.53053 -0.34379 -0.45973 -0.60850 -0.43062 -0.39286 -0.36831 -0.30259 -0.19752 -0.59661 -0.55601 0.34265 0.18159 -0.14021 2.26040 1.27222 4
-0.32912 -0.40500 0.64684 -0.42456 -0.10006 -0.67939 -0.49727 -0.76771 0.57397 -0.43062 -0.39286 -0.36831 -0.30259 -0.16248 -0.53895 -0.52010 -0.80226 -0.86762 -0.13862 -0.52836 0.46231 4
-0.31038 -0.37155 -0.53337 -0.13810 -0.21223 -0.51807 -0.45890 -0.42157 -0.54776 -0.43062 -0.39286 -0.36831 -0.30259 -0.12745 -0.46688 -0.42137 -0.55405 -0.65087 -0.14339 -0.21452 -0.46063 4
-0.25415 -0.40500 -0.13487 -0.60046 -0.14992 -0.35675 -0.22868 -0.48154 0.69587 -0.43062 -0.39286 -0.36831 -0.30259 -0.12745 -0.55337 -0.52908 -0.19921 -0.40479 -0.13703 -0.49130 0.46481 4
0.79545 1.53533 -0.43481 -0.45472 -0.29947 -0.59873 -0.45890 -0.76935 -0.09946 -0.12913 -0.28770 -0.31887 -0.30259 -0.05737 2.64664 1.47260 -0.54880 -0.35139 -0.14180 -0.53763 -0.83333 4
2.20116 3.84367 -0.66375 -0.20846 -0.06891 -0.43741 -0.38216 -0.49135 -0.04085 -0.43062 -0.39286 -0.36831 -0.30259 -0.19752 -0.51012 -0.28672 -0.30933 -0.36814 -0.14817 -0.41515 -0.80019 4
0.58928 2.10405 -0.17343 -0.08785 -0.30570 -0.67939 -0.49727 -0.27661 -0.55246 -0.43062 -0.39286 -0.36831 -0.30259 -0.19752 -0.52454 -0.50215 -0.82149 -0.87076 -0.13703 0.67465 0.90506 4
0.43934 0.53171 -0.45134 0.24887 -0.10006 -0.11476 0.15501 0.45972 1.03780 -0.43062 -0.39286 -0.36831 -0.30259 -0.19752 -0.52454 -0.50215 -0.02092 0.14913 -0.12908 0.29553 0.60149 4
-0.36660 -0.43846 0.00225 -0.23862 -0.55495 -0.67939 -0.49727 -0.78512 -0.32093 -0.43062 -0.39286 -0.36831 -0.30259 -0.19752 -0.59661 -0.55601 -0.82498 -0.88228 -0.14021 -0.15529 1.00900 4
-0.32912 -0.40500 0.64377 0.35943 -0.14992 -0.67939 -0.49727 2.55413 -0.39919 -0.43062 -0.39286 -0.36831 -0.30259 -0.19752 0.02321 -0.01744 -0.80925 -0.61422 -0.13226 -0.56543 0.29426 4
-0.02923 -0.23773 -0.43849 -0.53010 -0.36801 -0.51807 -0.42053 -0.72621 -0.49728 0.09698 -0.20883 -0.28179 -0.30259 0.22292 -0.27949 -0.34956 -0.41946 -0.38909 -0.14817 -0.58074 -0.79449 4
-0.23540 -0.43846 -0.51562 -0.59544 -0.49264 -0.51807 -0.42053 -0.43816 -0.50522 -0.43062 -0.39286 -0.36831 -0.30259 -0.16248 0.16735 0.35956 -0.51734 -0.48228 -0.14658 -0.43248 -0.73824 4
-0.36660 -0.43846 0.74049 -0.30898 0.27382 -0.51807 -0.49727 0.01445 2.15785 0.24772 -0.09052 -0.18909 -0.26323 0.04774 -0.51012 -0.48420 -0.58376 -0.52312 -0.13862 -0.64802 0.08878 4
-0.01049 0.36444 0.58685 -0.49492 -0.29947 -0.67939 -0.49727 -0.80011 -0.48067 -0.43062 -0.39286 -0.36831 -0.30259 -0.19752 -0.59661 -0.55601 -0.82498 -0.88123 -0.14498 -0.51547 0.97361 4
-0.31038 -0.37155 -0.76292 -0.59544 -0.74189 -0.27609 0.61545 0.88363 -0.58845 -0.43062 -0.39286 -0.36831 -0.30259 -0.19752 0.21060 0.44932 -0.18873 -0.39537 -0.14658 1.58073 1.19541 4
-0.29163 -0.43846 -0.47827 0.22374 0.09934 -0.59873 -0.45890 -0.78048 -0.48062 -0.43062 -0.39286 -0.36831 -0.30259 -0.16248 0.90249 0.41341 -0.65019 -0.07914 -0.14658 -0.49251 -0.83256 4
-0.34786 -0.43846 -0.23036 -0.48990 -0.13745 -0.67939 -0.49727 -0.26241 1.05583 -0.12913 0.11980 0.11372 0.21188 -0.19752 -0.23625 -0.10720 -0.47189 -0.82469 -0.13544 -0.65568 0.50174 4
-0.32912 -0.40500 -0.76231 -0.51000 -0.62350 -0.27609 -0.26705 0.14230 -0.60813 -0.12913 -0.28770 -0.30033 -0.25761 -0.05737 -0.58220 -0.54703 -0.41771 -0.50846 -0.13385 -0.64802 0.90487 4
-0.27289 -0.30464 -0.34054 -0.63062 -0.48018 -0.51807 0.15310 -0.79022 -0.32733 -0.43062 -0.39286 -0.36831 -0.30259 -0.19752 0.85636 0.37571 -0.73977 -0.57416 -0.13624 -0.56382 -0.70946 4
-0.36660 -0.43846 -0.24934 -0.08785 -0.01283 -0.59873 -0.30542 -0.63113 -0.31463 -0.43062 -0.39286 -0.36831 -0.30259 -0.19752 -0.58220 -0.54703 -0.60928 -0.70898 -0.12431 0.31366 -0.67043 4
-0.16043 -0.17082 -0.45746 -0.31400 -0.21223 -0.51807 -0.45890 0.00910 0.89729 -0.43062 -0.39286 -0.36831 -0.30259 -0.19752 -0.27949 -0.23287 -0.63271 -0.54930 -0.12590 0.26048 0.53149 4
0.43934 1.60224 -1.09898 -0.95728 -0.74189 -0.43741 -0.42053 -0.80798 -0.58502 -0.43062 -0.39286 -0.36831 -0.30259 -0.19752 -0.59661 -0.55601 -0.63795 -0.67704 -0.14658 -0.45625 -0.61655 4
-0.34786 -0.40500 -0.53214 -0.51503 -0.51133 -0.59873 -0.45890 -0.80037 -0.57279 -0.43062 -0.39286 -0.36831 -0.30259 -0.19752 -0.49571 -0.48420 -0.69738 -0.74301 -0.12828 -0.24232 -0.46155 4
-0.27289 -0.40500 -0.99798 -0.53513 -0.58611 -0.43741 -0.38216 -0.72988 -0.58604 -0.24219 -0.32714 -0.33741 -0.30259 -0.02234 -0.59661 -0.55601 -0.42295 -0.53149 -0.14817 -0.61700 0.99323 4
-0.34786 -0.43846 -1.24835 -0.62056 -0.66089 -0.67939 -0.49727 0.38795 0.97135 -0.43062 -0.39286 -0.36831 -0.30259 -0.19752 -0.42364 -0.34058 -0.81974 -0.87181 -0.13067 -0.42764 0.94614 5
-0.36660 -0.43846 -0.81556 -0.69595 -0.65465 -0.67939 -0.49727 -0.44974 -0.58474 -0.12913 -0.27455 -0.31269 -0.30259 0.25620 -0.56778 -0.53806 -0.82524 -0.81767 -0.13862 -0.65205 -0.75874 5
-0.31038 -0.40500 -0.82168 -0.65574 -0.64219 -0.59873 -0.49727 -0.06658 -0.39999 -0.43062 -0.39286 -0.36831 -0.30259 -0.19752 -0.35157 -0.27775 -0.64494 -0.69799 -0.13703 1.76969 1.22227 5
-0.31038 -0.40500 -1.18652 -0.65574 -0.67958 -0.59873 0.11664 -0.19652 0.27391 -0.43062 -0.39286 -0.36831 -0.30259 -0.19752 -0.48130 -0.41239 -0.71836 -0.73673 -0.13067 0.14767 0.95979 5
-0.31038 -0.40500 -0.86821 -0.79646 -0.56118 -0.19542 -0.38216 -0.74984 -0.49793 -0.43062 -0.39286 -0.36831 -0.30259 -0.19752 -0.55337 -0.52908 -0.36876 -0.45087 -0.14817 0.13196 -0.60615 5
-0.34786 -0.43846 -0.82536 -0.46980 -0.65465 -0.51807 -0.42053 0.07825 -0.48494 -0.43062 -0.39286 -0.36831 -0.30259 -0.19752 -0.39481 -0.30468 -0.61173 -0.74301 -0.14021 1.81964 1.22558 5
-0.27289 -0.30464 -1.00839 -0.58538 -0.62350 -0.51807 -0.42053 0.25905 -0.54410 -0.16682 -0.28770 -0.32505 -0.30259 0.29299 -0.52454 -0.49317 -0.55929 -0.63725 -0.14817 -0.62465 0.94506 5
-0.19792 -0.20428 -0.84923 -0.75123 -0.54249 -0.51807 -0.45890 -0.72436 -0.37957 -0.43062 -0.39286 -0.36831 -0.30259 -0.19752 -0.42364 -0.43034 -0.68864 -0.69694 -0.13862 -0.50661 0.48475 5
-0.36660 -0.43846 -0.09630 -0.43964 -0.23715 -0.67939 -0.49727 -0.77219 -0.48480 -0.05376 -0.24826 -0.30033 -0.30259 -0.19752 -0.56778 -0.53806 -0.82673 -0.86762 -0.13862 -0.61257 0.90178 5
-0.32912 -0.40500 -0.86821 -0.79646 -0.56742 -0.67939 -0.49727 0.16815 1.36539 -0.43062 -0.39286 -0.36831 -0.30259 -0.19752 -0.22256 -0.32308 -0.83748 -0.84799 -0.14021 1.04409 1.16151 5
0.27065 1.00007 -0.97533 -0.86682 -0.78551 -0.67939 -0.49727 -0.80008 -0.62474 -0.43062 -0.39286 -0.36831 -0.30259 -0.19752 -0.58220 -0.54703 -0.77429 -0.83621 -0.14658 -0.02395 1.07074 5
-0.34786 -0.40500 -1.18101 -0.77133 -0.81044 -0.59873 -0.45890 0.60171 -0.36766 -0.43062 -0.39286 -0.36831 -0.30259 -0.19752 -0.59661 -0.55601 -0.65482 -0.79081 -0.14180 2.12624 1.25625 5
-0.36660 -0.43846 -1.29364 -0.83667 -0.79798 -0.67939 -0.49727 0.43590 1.13806 -0.43062 -0.39286 -0.36831 -0.30259 -0.19752 -0.40922 -0.33160 -0.82323 -0.87181 -0.13862 0.76086 1.16531 5
-0.31038 -0.43846 -1.08123 -0.84169 -0.71697 -0.51807 -0.49727 -0.81557 -0.51550 -0.43062 -0.39286 -0.36831 -0.30259 -0.19752 -0.56778 -0.52010 -0.76031 -0.83935 -0.14021 1.78540 0.94760 5
-0.32912 -0.40500 -1.28630 -1.00251 -0.78551 -0.59873 -0.03683 -0.79196 -0.52754 -0.43062 -0.39286 -0.36831 -0.30259 -0.19752 -0.59661 -0.55601 -0.63096 -0.82573 -0.14658 2.26362 1.29766 5
-0.36660 -0.43846 -1.30099 -0.95226 -0.79174 -0.67939 -0.49727 -0.82076 -0.65763 -0.43062 -0.39286 -0.36831 -0.30259 -0.19752 -0.59661 -0.55601 -0.82297 -0.88212 -0.14817 2.28538 1.28496 5
-0.34786 -0.40500 -1.31507 -0.98744 -0.85406 -0.67939 -0.49727 -0.79078 -0.63898 -0.43062 -0.39286 -0.36831 -0.30259 -0.19752 -0.59661 -0.55601 -0.82323 -0.88228 -0.14817 2.19916 1.22979 5
-0.36660 -0.43846 -1.33343 -1.01759 -0.87898 -0.67939 -0.49727 -0.81858 -0.64557 -0.43062 -0.39286 -0.36831 -0.30259 -0.19752 -0.59661 -0.55601 -0.82149 -0.88228 -0.14817 2.08796 1.22486 5
-0.36660 -0.43846 -1.07205 -0.20846 -0.60480 -0.67939 -0.49727 0.72309 0.74815 -0.43062 -0.39286 -0.36831 -0.30259 -0.19752 -0.59661 -0.55601 -0.82323 -0.88228 -0.13544 -0.17624 0.98950 5
-0.34786 -0.43846 -1.26426 -0.91708 -0.82290 -0.67939 -0.49727 -0.81868 -0.64610 -0.43062 -0.39286 -0.36831 -0.30259 -0.19752 -0.59661 -0.55601 -0.82149 -0.88018 -0.14021 1.78459 0.93822 5
0.13945 0.76589 -1.27773 -1.00251 -0.77305 -0.59873 -0.19031 -0.82090 -0.51083 -0.43062 -0.39286 -0.36831 -0.30259 -0.19752 -0.58220 -0.54703 -0.78653 -0.84249 -0.14817 2.52187 1.30400 5
-0.34786 -0.43846 -1.26242 -0.82662 -0.80421 -0.67939 -0.49727 -0.24950 -0.61578 -0.43062 -0.39286 -0.36831 -0.30259 -0.19752 -0.59661 -0.55601 -0.76555 -0.88018 -0.14498 2.49044 1.19691 5
-0.36660 -0.43846 -1.21284 -0.44467 -0.67958 -0.67939 -0.49727 0.06894 0.50534 -0.43062 -0.39286 -0.36831 -0.30259 -0.19752 -0.59661 -0.55601 -0.81799 -0.83935 -0.12908 -0.32692 1.00783 5
-0.36660 -0.43846 -1.31629 -1.01256 -0.84783 -0.67939 -0.49727 -0.81830 -0.60439 -0.43062 -0.39286 -0.36831 -0.30259 -0.19752 -0.59661 -0.55601 -0.82323 -0.88123 -0.14180 2.72371 1.27513 5
-0.02923 0.49826 -1.29732 -0.98241 -0.84783 -0.67939 -0.49727 -0.82039 -0.64425 -0.43062 -0.39286 -0.36831 -0.30259 -0.19752 -0.59661 -0.55601 -0.82323 -0.88228 -0.14021 -0.47760 0.90692 5
