-0.09498 0.50476 0.02865 -0.40830 -0.23003 0.09230 -0.28389 -1.21568 1
0.29932 -0.11792 1.06158 -0.66499 -0.42706 -0.34215 -0.52452 -1.51360 1
-0.11994 0.51412 1.45886 -0.60586 -0.28937 -0.23884 -0.45390 -1.31521 1
-1.01835 1.63774 0.34647 -0.03519 0.00262 0.13910 0.01167 -1.26221 1
0.13961 0.33153 -1.48102 -0.36843 -0.19679 0.21062 -0.18450 -0.97271 1
-0.13491 0.52348 0.42593 -0.66454 -0.56475 -0.57527 -0.59776 -1.20836 1
-1.52246 1.54879 -1.16320 -0.41472 -0.32736 -0.69537 -0.56898 -0.81732 1
1.73679 -0.69377 -1.24265 3.12073 3.46376 2.41997 2.56967 -0.66299 1
1.28758 -0.87636 -1.32211 2.28740 2.76821 1.23406 2.75799 -0.89402 1
-0.99339 1.63774 -0.92483 -0.16445 0.16642 0.16029 0.16337 -1.24336 1
-0.09997 0.51880 1.77668 -0.54169 -0.71905 -0.61501 -0.64745 -0.29380 1
-1.53244 1.51602 -1.00428 -0.66866 -0.70718 -0.80045 -0.78607 -1.20894 1
-0.15987 0.50008 0.26701 -0.52748 -0.63834 -0.49315 -0.59776 -0.67889 1
1.21770 -1.36794 0.66429 -0.64895 -0.50540 0.04108 -0.46175 -1.07677 1
-2.36098 2.88777 -0.76592 0.01661 0.03348 -0.11257 -0.05634 -0.99534 1
-0.43438 -0.32859 -1.08374 -0.81030 -0.69768 -0.25827 -0.64484 -0.93228 1
-1.03831 1.63774 -1.40157 1.00716 0.96405 0.80402 0.89310 -0.62452 1
0.65370 -0.79209 1.22049 -0.84376 -0.84724 -0.62649 -0.86977 -0.98466 1
0.95317 -0.01492 -1.16320 -0.41060 -0.34872 -0.50816 -0.47744 -0.67873 1
-0.42440 1.30534 -0.84537 0.12662 0.29698 -0.37659 -0.23158 -0.59809 1
0.03978 0.68735 -0.36864 -0.04756 0.04060 0.12232 0.01951 -0.80785 1
-1.03332 1.62838 -0.84537 0.26413 0.00974 0.34573 0.02213 -0.25864 1
-1.10819 1.42706 -0.36864 0.53091 0.73615 0.70600 0.95326 -0.55998 1
1.23268 -0.74995 -0.36864 0.69134 0.68393 0.61947 0.71263 -0.71242 1
0.65869 -0.77804 1.14103 -0.41289 -0.00688 0.76164 0.06398 -1.03103 1
-1.13814 1.10870 -0.36864 -0.16812 0.10944 -0.16466 0.11106 -0.96302 1
-0.74383 0.50944 -0.44809 -1.02711 -1.11074 -1.11216 -1.17056 -0.87244 1
0.70860 -0.43159 0.58484 -0.59486 -0.68344 -0.63267 -0.65268 -0.16221 1
-0.93849 1.33343 -0.05081 0.06611 -0.06623 0.18766 0.08752 -0.48087 1
-0.19480 1.54879 -0.13027 -0.52427 -0.34397 -0.62561 -0.64222 -1.04224 1
1.13784 -0.57205 -1.40157 1.51183 1.99907 1.17489 1.93409 -1.20794 2
-2.13138 1.79224 1.45886 -0.68104 -0.69768 -0.77131 -0.78084 -0.71137 2
0.66867 -0.76868 0.66429 -1.03490 -0.85911 -0.62826 -0.89854 -0.88402 2
1.04301 -0.79209 0.02865 -0.46331 -0.47929 -0.33509 -0.46959 -0.35381 2
0.99809 -0.73122 -1.95776 -0.22175 0.09995 -0.30242 -0.15311 -0.38155 2
1.25763 -1.36794 -0.28918 0.30080 0.16642 0.74221 0.24183 -0.30112 2
0.91823 -0.73122 0.34647 -0.73834 -0.65733 -0.50463 -0.60299 -0.84801 2
0.63872 -0.74995 -0.13027 -0.71129 -0.59561 -0.30065 -0.57683 -0.91360 2
1.11788 -0.68441 -1.87830 0.95445 1.42933 1.00535 1.45545 -0.46477 2
0.70361 -0.44096 0.50538 0.21921 0.10707 0.48436 0.11890 0.01691 2
1.23767 -1.39135 0.74375 -0.82634 -0.78789 -0.75541 -0.83054 -1.07240 2
0.62874 -0.78272 1.85614 -0.05169 -0.18492 -0.22824 -0.22635 -0.42539 2
-0.61905 1.45047 1.06158 -0.62328 -0.65970 -0.55320 -0.62914 -0.60183 2
-0.85364 1.17425 0.74375 0.07666 -0.08997 -0.17879 0.02474 0.13071 2
-1.16809 1.11807 -1.08374 0.15137 0.04772 0.23093 0.07182 -0.20474 2
0.61377 -0.36137 -1.40157 2.16227 2.24120 1.89457 2.11456 -0.55846 2
1.17777 -1.17131 -1.08374 -0.34230 -0.40332 -0.59294 -0.23681 -0.86475 2
0.55887 -0.65164 -1.40157 2.94151 3.92905 5.00725 4.02391 -0.19079 2
-0.96844 1.36620 1.29994 0.18163 0.22101 -0.07460 0.25491 -0.54161 2
0.68864 -0.80145 0.58484 -0.58661 -0.53151 0.03843 -0.52190 -0.94334 2
1.09791 -0.70313 -1.32211 -0.34046 -0.10658 -0.32803 -0.28912 -0.80274 2
0.67865 -0.86231 0.82321 -0.47569 -0.18967 0.23447 -0.26297 -0.79490 2
0.79844 -0.71718 0.34647 -0.49402 -0.52676 0.15411 -0.42251 -0.47345 2
0.67865 -0.73122 0.18756 -0.54215 -0.31786 0.05344 -0.28912 -0.78153 2
-0.82868 1.10402 0.74375 -0.96844 -1.08700 -1.05918 -1.11825 0.89410 2
0.62874 -0.79209 0.90266 -0.49769 -0.61697 -0.55408 -0.60037 -0.05036 2
1.33250 -1.30708 -0.84537 0.44748 0.47265 0.38723 0.55831 -0.61257 2
-0.12992 0.55626 -1.16320 -0.70992 -0.88522 -0.93643 -0.84623 1.80029 2
-0.91853 1.36620 -1.16320 -0.04665 0.39668 0.06139 0.21829 -1.02850 2
-0.79375 1.12275 -0.05081 -1.09220 -1.15822 -1.08125 -1.17317 -1.26195 2
0.85335 -0.89977 0.58484 -1.12062 -1.17721 -1.07507 -1.20979 -0.26090 3
-0.86362 1.34747 -0.76592 -0.83139 -0.95881 -0.85520 -0.95870 0.14703 3
0.96315 -0.75463 -1.48102 1.03191 0.93081 1.06981 0.86695 0.10024 3
0.80343 -0.53927 0.26701 -0.33909 -0.46504 -0.54702 -0.52452 0.37173 3
-0.89357 1.39429 0.66429 -0.20387 -0.34160 -0.41898 -0.35974 0.00923 3
1.27260 -1.33517 0.18756 -0.03152 -0.07335 -0.20087 -0.00141 -0.21306 3
0.69862 -0.78272 -0.28918 0.30310 1.25366 3.18026 1.41621 -0.83638 3
-0.62405 0.89334 -0.68646 -0.88410 -1.00629 -1.00973 -1.08163 1.19050 3
0.67366 -0.72186 1.29994 -0.71679 -0.62409 -0.37924 -0.67099 -0.55335 3
0.81841 -0.72186 0.50538 -0.34138 -0.43893 -0.29359 -0.30743 0.07686 3
0.80343 -0.82486 -0.13027 -0.80022 -0.59086 -0.89140 -0.78346 -0.38407 3
-1.12816 0.79503 -0.13027 0.22517 0.17116 1.61729 0.27322 0.40142 3
1.23767 -1.32581 0.58484 -0.21670 -0.40569 -0.45077 -0.36497 0.44643 3
0.65370 -0.73591 -1.08374 -1.05874 -0.98493 -0.82606 -1.03194 -1.25384 3
0.70361 -0.77804 -1.24265 -1.10687 -1.12736 -1.00619 -1.13917 -1.03398 3
0.98312 -0.74995 -1.00428 -0.52106 -0.72617 -0.44812 -0.68145 0.89326 3
-1.14313 0.83248 -1.00428 0.13854 0.12131 0.25831 0.17906 0.86146 3
0.73855 -0.73591 0.10810 -0.30059 0.03348 0.74044 0.02997 -0.66389 3
0.72357 -0.73591 -0.92483 1.14651 2.55456 3.10785 2.70829 -0.74258 3
0.84336 -0.89977 -0.13027 -0.47660 -0.57187 0.24506 -0.55068 0.12071 3
0.57384 -0.65632 0.42593 -0.49769 -0.61460 -0.36600 -0.55329 0.35100 3
-1.28288 0.85589 -0.13027 1.34957 3.49225 2.41909 3.30464 -0.75437 3
-0.95346 1.36620 1.85614 -0.19241 -0.48641 -0.62826 -0.45128 0.52091 3
0.61876 -0.74527 0.18756 -0.70854 -0.68107 -0.41545 -0.68145 -0.50408 3
0.60878 -0.79677 0.18756 0.05053 0.37769 0.48348 0.25753 -0.18779 3
-1.15311 0.80439 1.14103 -0.71037 -0.75703 -0.62737 -0.71545 0.19340 3
0.28934 0.94484 -0.68646 -0.07415 0.20677 -0.96028 -0.93778 0.59970 3
0.93320 -0.94190 -1.00428 3.21653 3.47088 2.91976 3.72051 -0.07083 3
-0.71888 1.45047 -1.71939 1.68968 1.20618 1.35238 1.37175 0.45106 3
0.81841 -0.74059 0.58484 -0.59395 -0.75228 -0.50993 -0.66838 0.15919 3
0.77848 -0.71250 1.14103 -0.35651 -0.45792 -0.32803 -0.44605 -0.16221 4
0.53890 -0.56736 -0.44809 0.70142 0.51775 0.57973 0.63678 0.28425 4
0.77848 -0.83891 0.50538 0.70142 0.41567 0.81992 0.54785 0.68787 4
0.78846 -0.89977 -0.76592 -0.30654 -0.12083 -0.15407 -0.24989 -0.10584 4
0.63872 -0.88104 0.66429 -0.60357 -0.58374 -0.58234 -0.56114 -0.61457 4
0.73356 -0.83891 0.58484 -0.02923 -0.27750 -0.09491 -0.17142 0.69108 4
0.84835 -0.72186 0.58484 -0.62741 -0.82350 -0.69360 -0.78346 0.72103 4
-1.18306 0.63585 -1.40157 0.88707 0.91657 0.51085 0.90880 0.22061 4
0.85834 -0.87168 -1.00428 -0.20616 -0.06385 -0.45695 -0.08772 0.37073 4
0.86333 -0.81550 -0.36864 0.59554 0.20677 0.42962 0.24445 1.01295 4
0.88828 -0.90445 -1.00428 -0.55911 -0.68581 -0.69713 -0.66838 0.68608 4
0.80343 -0.88572 -0.76592 -0.39089 -0.29175 -0.35363 -0.30481 0.14619 4
0.60878 -0.81550 -0.28918 -0.39730 -0.23240 -0.04810 -0.22373 -0.41444 4
0.94818 -0.92318 -1.95776 3.45581 3.90056 2.94626 3.73882 0.45448 4
-1.31782 0.86525 -0.68646 -0.97669 -0.76415 -0.97087 -0.74161 -0.49587 4
0.31430 -0.67973 -0.36864 0.48278 0.11182 0.41725 0.21306 1.07996 4
1.21271 -1.25090 -1.32211 1.51871 0.61983 1.33384 0.73617 1.31667 4
-1.44260 0.97293 1.85614 -0.48394 -0.47691 -0.00042 -0.44344 0.09687 4
0.86333 -0.87168 -0.20972 0.32739 0.10232 -0.09844 0.13198 -0.18484 4
-1.41265 0.95889 0.58484 0.43969 0.65781 0.19738 0.66817 -0.25743 4
0.63872 -0.71718 0.82321 -0.20158 0.10469 -0.23001 0.10059 -0.48898 4
-1.15311 0.82780 -1.56048 1.88633 2.46198 2.48531 2.45458 0.77340 4
0.72357 -0.79209 0.34647 -0.11082 0.09045 -0.22913 0.12675 -0.59951 4
-1.53244 1.11339 0.58484 -0.65858 -0.72617 -0.77219 -0.70761 -0.07294 4
-0.70390 0.97293 -0.52755 -1.00924 -1.06564 -1.08655 -1.08163 -0.76300 4
-1.16809 0.74821 -0.52755 -0.00998 -0.20154 -0.16378 -0.09819 1.15828 4
0.90326 -0.70782 -1.00428 2.92638 2.30530 1.89810 2.58013 0.19519 4
0.77349 -0.69377 1.22049 -0.09936 -0.23952 -0.33597 -0.17665 0.00228 4
0.38417 -0.66568 -1.00428 -0.53619 -0.81163 -0.67506 -0.75992 1.27308 4
1.23767 -1.32113 -1.71939 1.58792 1.53615 1.13427 1.41360 0.89305 4
-1.09821 0.57967 0.66429 -1.01382 -1.12261 -1.02385 -1.13917 -0.27554 5
-1.17308 0.79503 1.85614 -0.28729 -0.47454 -0.51611 -0.42251 0.87125 5
-1.33279 0.86057 0.90266 -0.51877 -0.63596 -0.65033 -0.55591 1.18628 5
-1.34278 0.88866 -1.95776 1.19051 1.35574 0.23358 1.06573 1.22645 5
0.47901 -0.69377 0.26701 0.85040 0.65781 0.23888 0.65247 0.54717 5
1.17278 -1.25558 -1.95776 7.09898 6.25547 5.18827 6.44590 1.30872 5
-1.34278 0.87930 0.02865 0.48920 1.27503 0.16382 1.37436 -0.61225 5
0.62874 -0.82954 0.02865 -0.18003 -0.41994 -0.33067 -0.38590 1.46989 5
0.93320 -0.93254 -1.08374 1.42428 0.55811 0.84287 0.71525 2.27491 5
1.16280 -1.33517 1.22049 -0.21258 -0.25377 -0.47108 -0.20804 0.15977 5
0.80343 -0.81081 -1.48102 -0.09753 -0.43181 -0.18762 -0.39897 1.41741 5
0.62874 -0.74059 1.06158 -1.00511 -0.74754 -0.74482 -0.72330 -0.83006 5
0.56386 -0.73122 -0.60700 -0.87356 -0.65258 -0.40662 -0.72069 -0.95776 5
-1.44759 0.99166 1.61777 0.05099 -0.15644 -0.12758 -0.13480 0.84815 5
-1.35775 0.88866 0.98212 -0.82359 -0.82587 -0.88875 -0.74423 0.60076 5
-1.30784 1.02911 0.02865 -0.38722 -0.63359 -0.67506 -0.60299 1.57022 5
0.58881 -0.82486 0.42593 -0.11036 -0.16356 -0.29889 -0.16096 1.10412 5
-1.23297 0.79971 -0.68646 0.84306 1.21093 0.74662 1.36390 0.53317 5
0.62874 -0.74059 0.90266 -0.44406 -0.41044 -0.23354 -0.30220 -0.38428 5
-1.34777 0.89334 -1.00428 0.58545 0.06434 0.28833 0.15029 1.83898 5
0.53890 -0.62823 -0.20972 0.86186 0.17354 0.25478 0.21306 2.85112 5
0.48400 -0.73122 -1.00428 -1.06195 -1.13686 -1.12717 -1.13917 0.39705 5
0.68864 -0.84359 1.14103 0.00240 -0.30124 -0.36600 -0.14527 1.35598 5
0.62874 -0.66100 -0.13027 2.32774 1.41034 1.56608 1.57053 1.71360 5
0.58382 -0.77336 0.58484 -0.05031 -0.20391 -0.37924 -0.15311 0.91605 5
-1.32780 1.02443 1.85614 0.27788 -0.40807 -0.37483 -0.38590 4.39153 5
0.53890 -0.69845 -0.05081 0.41402 -0.23003 -0.20793 -0.20542 3.58398 5
0.56885 -0.78272 -0.68646 -0.33680 -0.63596 -0.63709 -0.64222 2.58510 5
-1.45757 1.03848 0.74375 -1.09816 -1.20807 -1.20311 -1.21764 4.41306 5
0.94818 -1.02618 -0.28918 0.16421 -0.04486 -0.46136 -0.23419 1.48147 5
