1.67190 -0.66568 -0.44809 -0.66958 -0.16593 -0.94526 -0.91162 -0.87501 1
-0.86362 1.08530 -1.56048 -0.89923 -0.70243 -0.75100 -0.80177 -0.87812 1
-0.72886 2.20892 1.85614 1.30648 1.20144 0.48701 0.66555 -0.88817 1
-2.26115 2.26510 1.85614 -0.65995 -0.71668 -0.40662 -0.61345 -0.17695 1
-0.85364 1.08061 1.22049 -0.56369 -0.42943 0.05609 -0.29697 -1.26426 1
-1.52246 1.55347 -0.76592 -0.18599 0.00024 -0.52406 -0.36759 -1.14967 1
-0.08999 0.50944 -0.52755 0.28018 0.76226 2.43145 0.99773 -1.33506 1
-0.09997 0.53285 0.74375 0.19675 0.28511 0.01371 0.32815 -0.95497 1
-0.08001 0.52348 0.82321 -0.40830 -0.51489 -0.46313 -0.51406 -0.36781 1
0.35922 -0.18814 -0.20972 -0.45689 -0.44130 -0.17968 -0.27343 -1.10804 1
-0.95346 1.38493 1.85614 -0.66454 -0.46742 -0.34215 -0.46959 -1.18910 1
-0.92352 1.35215 0.26701 0.08812 0.04297 0.20268 -0.03803 -0.69126 1
-1.30285 0.99166 1.29994 -0.75438 -0.65733 -0.46313 -0.62653 -0.89354 1
-0.86362 1.45984 0.58484 0.58087 0.82399 0.78371 0.79633 -0.63989 1
0.28934 -0.10855 1.14103 -0.18828 -0.34635 -0.47284 -0.32835 0.07902 1
1.18276 -0.54864 -1.71939 2.64860 2.48334 3.28534 2.66121 -0.31122 1
0.30431 -0.11792 0.42593 -0.26987 -0.45317 -0.47461 -0.38590 -0.10384 1
-0.92352 1.36152 0.02865 -0.12732 -0.10658 -0.31301 -0.07726 -0.49777 1
0.65370 -0.76868 1.45886 -0.35330 -0.17305 0.43315 -0.16096 -1.07719 1
-1.23796 1.85778 0.42593 -0.26804 -0.46504 -0.41280 -0.46436 -0.53904 1
0.14959 -0.05705 -0.05081 -0.70900 -0.85199 -0.77837 -0.80961 -0.33833 1
-0.93350 1.32875 -1.00428 -0.65124 -0.74754 -0.56380 -0.69715 0.15213 1
-0.92352 1.43643 -1.48102 -0.03381 -0.18492 0.04638 -0.17404 0.10097 1
-1.33779 2.24169 -0.92483 -0.55315 -0.64783 -0.64768 -0.66576 -0.53140 1
0.66368 -0.75932 1.14103 -0.54078 -0.22290 0.59386 -0.17404 -1.04103 1
-0.09498 0.56094 -0.52755 0.07666 -0.23715 -0.16908 -0.11126 0.34068 1
-0.86362 1.10870 -0.44809 0.49057 1.34862 2.08353 1.35867 -1.10182 1
-0.84865 0.90271 0.18756 -0.64758 -0.49353 -0.31655 -0.66576 -0.53419 1
0.71359 -0.43627 -1.32211 -0.29875 0.18066 -0.31301 0.19475 -1.37775 1
-0.91853 1.39429 0.58484 0.21234 0.15929 -0.09137 0.32292 -0.20648 1
1.23268 -1.38199 1.06158 -0.28546 0.07146 0.43668 0.15029 -0.94655 2
1.22768 -0.56268 -1.16320 0.17888 0.04297 -0.06753 -0.03803 -0.56246 2
-1.57736 1.59561 -0.44809 -0.46652 -0.33923 -0.88345 -0.66838 -0.99345 2
0.63373 -0.75932 0.50538 -0.68241 -0.58848 -0.53642 -0.57160 -1.09198 2
-1.32281 1.15552 1.22049 0.17292 0.05959 -0.06400 0.03259 -0.21832 2
0.65869 -0.77336 1.22049 -0.70992 -0.48166 0.01371 -0.49575 -1.16009 2
1.24266 -1.37731 0.18756 -0.03564 -0.12083 0.45257 -0.01972 -0.20169 2
-1.14812 1.11807 0.18756 0.46215 0.49401 0.70954 0.46677 -0.38518 2
0.65370 -0.75932 1.37940 -0.80526 -0.67632 -0.36688 -0.72853 -0.89117 2
1.14283 -0.68441 -0.20972 0.21555 0.15455 -0.02603 0.19999 -0.36691 2
-0.43438 -0.32391 0.02865 -0.34780 -0.05198 0.18413 -0.01972 -1.14915 2
0.60878 -0.74995 1.61777 -0.13832 -0.01875 -0.08078 -0.13742 -1.04256 2
-0.29463 1.59561 -0.84537 -0.27308 -0.32261 -0.94968 -0.96916 0.08455 2
1.15781 -1.13386 -1.56048 -0.31709 -0.11845 0.50026 -0.12173 -0.94992 2
-1.24794 1.22107 -1.08374 2.42996 2.60441 2.61777 2.79199 -0.17068 2
-0.45435 0.79034 -1.24265 0.46078 0.85247 0.27508 0.75448 -0.91002 2
-1.11318 1.11339 0.66429 0.19354 0.06909 -0.06577 0.06136 -0.18569 2
1.14283 -0.64227 -0.84537 0.57720 0.35870 -0.29977 -0.32574 -0.26501 2
-0.81371 1.43174 -0.20972 0.20225 0.16404 0.15676 0.24968 -0.60704 2
-0.44436 0.79503 -1.95776 -0.84789 -1.00154 -0.93379 -1.02147 1.29003 2
0.61377 -0.76868 1.37940 -0.65033 -0.51252 -0.67417 -0.50883 -0.36718 2
-1.37272 1.07125 0.02865 -0.15207 -0.32973 -0.04281 -0.11911 0.60428 2
-0.63403 0.88866 -1.16320 0.46169 0.39906 0.56913 0.51647 -0.37813 2
-0.71888 0.96825 -1.32211 2.98505 3.24774 2.85265 3.54003 -0.32949 2
0.68864 -0.74995 1.69722 -0.66591 -0.69294 -0.50728 -0.70238 -0.31938 2
-0.64900 1.66115 -0.28918 0.02532 0.14268 -0.40750 -0.33097 0.02575 2
0.70860 -0.81550 0.10810 0.82060 1.08511 2.44646 1.10235 -0.31407 2
-1.35775 1.04316 1.69722 -0.06911 0.16404 -0.06312 0.16598 -1.01187 2
-0.81870 1.49729 -0.60700 0.48370 0.24238 0.29363 0.27060 -0.16316 2
0.67366 -0.72654 0.18756 -1.02757 -0.99917 -0.75276 -0.96393 -1.08082 2
0.68864 -0.77336 0.90266 -0.76217 -0.63122 -0.14877 -0.63176 -0.55230 3
1.25763 -1.33985 0.34647 0.41219 0.34446 0.12585 0.45108 -0.55846 3
0.82340 -0.74995 0.50538 -0.53482 -0.55050 -0.12405 -0.50098 0.02697 3
0.67865 -0.85295 0.90266 -0.37622 -0.26089 0.33690 -0.22635 -0.41187 3
-0.76380 1.64711 -1.48102 -0.89647 -0.93745 -0.94615 -0.94039 0.08560 3
0.81841 -0.87636 -0.92483 0.32326 0.62933 1.72679 0.85126 -0.26301 3
0.82340 -0.74059 0.58484 -0.18095 -0.28225 0.28038 -0.13480 0.41479 3
0.68864 -0.86700 0.18756 -0.45277 -0.12795 -0.46578 -0.11126 -1.20341 3
0.59380 -0.67973 -0.13027 1.00762 2.34803 2.13828 2.43889 -0.90839 3
0.64372 -0.85763 0.74375 -0.53390 -0.49590 -0.19292 -0.43036 0.06807 3
1.25264 -1.40540 0.02865 0.70234 0.48452 0.59209 0.55831 0.18409 3
-1.10320 1.10870 -1.63993 -0.12136 -0.38670 -0.29270 -0.27081 0.76524 3
-1.34278 1.04784 1.85614 -0.70992 -0.39620 1.68794 -0.39113 -1.29984 3
0.84835 -0.80613 -1.00428 -0.09248 -0.19679 -0.36070 -0.06157 0.18324 3
0.75352 -0.77336 0.90266 -0.56186 -0.67157 -0.43576 -0.59252 0.18419 3
-1.22798 0.89334 -1.79885 0.12937 0.31834 0.42873 0.36476 0.14208 3
-1.27290 0.96357 0.50538 0.02074 -0.07097 0.13645 0.09536 0.12292 3
0.79345 -0.85295 -0.84537 0.51120 0.80737 0.75545 0.82510 -0.07926 3
0.73855 -0.79209 0.58484 0.05786 -0.15644 0.13292 -0.01710 0.11260 3
0.58382 -0.75463 -0.13027 -0.97211 -0.79976 -0.90818 -0.71022 -0.76700 3
-1.06327 1.06657 -0.92483 -0.30884 -0.58611 -0.53024 -0.60822 0.53959 3
-0.10496 0.57498 -1.48102 0.12204 -0.41519 -0.19910 -0.35713 2.36345 3
0.81841 -0.86231 0.58484 -0.12503 -0.32023 -0.16378 -0.28389 0.11592 3
0.61876 -0.74527 0.18756 -0.70854 -0.68107 -0.41545 -0.68145 -0.50408 3
0.84835 -0.70313 0.02865 -0.43947 -0.29650 -0.48785 -0.26035 -0.39513 3
-0.73385 1.00571 0.26701 0.12845 -0.02350 0.03578 -0.06942 -0.68763 3
-1.23297 0.93080 0.50538 -0.90702 -0.99680 -0.96911 -0.95608 -0.03062 3
0.70361 -0.48309 -2.11667 3.83763 2.40025 2.35992 2.26888 1.37688 3
0.79844 -0.84827 -0.20972 -0.13786 -0.08047 -0.26886 0.00644 -0.46403 3
0.72357 -0.81081 0.50538 0.38606 0.45603 0.40577 0.45369 -0.49119 3
0.75352 -0.83891 -0.20972 1.98213 2.17473 2.59746 2.45197 0.48669 4
0.83338 -0.85763 -0.13027 -0.21074 -0.22765 0.01282 -0.21327 0.26546 4
0.77848 -0.81550 0.34647 -0.27033 -0.50065 -0.35981 -0.46959 0.18872 4
0.77349 -0.87636 -0.13027 0.12341 0.11656 0.31394 0.16075 0.19967 4
-1.54242 1.31470 -0.92483 1.45729 0.85485 1.04950 1.01342 0.26057 4
0.60878 -0.68441 1.06158 -0.47294 -0.50302 -0.53995 -0.44605 0.30010 4
0.53391 -0.67036 0.42593 -0.46698 -0.46029 -0.43046 -0.50883 0.02333 4
0.65370 -0.70313 -0.28918 0.26230 1.36049 1.25172 1.32205 -0.63341 4
-1.19304 0.88866 -0.44809 -0.19287 -0.14931 -0.13023 -0.01972 0.22362 4
-0.63403 -0.13196 -0.13027 0.10416 0.41093 -0.43752 0.08752 -0.65805 4
0.62874 -0.67504 -1.24265 0.53412 1.37236 0.49496 1.51299 -0.93860 4
0.62874 -0.84359 1.69722 -0.88914 -0.53863 -0.92142 -0.69453 -0.57672 4
-1.24295 0.92143 -0.84537 -0.41701 -0.62172 -0.21147 -0.49575 0.76424 4
-1.31283 1.01507 0.98212 -0.25933 -0.43656 -0.54878 -0.41728 0.65676 4
0.70860 -0.73122 0.90266 -0.71679 -0.79264 -0.42869 -0.78346 -0.39250 4
0.92322 -0.97936 -1.24265 1.02229 0.65069 0.42697 0.61063 0.58502 4
-1.18805 0.98698 -0.76592 -0.69158 -0.87335 -0.80133 -0.86977 1.29582 4
0.15458 -0.63291 0.98212 0.08537 0.06196 -0.12140 0.10844 -0.41623 4
1.09791 -0.73122 1.85614 -1.18525 -1.25555 -1.20576 -1.26472 0.13387 4
-1.14313 0.83248 -1.00428 -0.47339 -0.59561 -0.30507 -0.53237 1.18692 4
1.14283 -1.18535 -1.24265 0.00378 -0.27513 -0.20175 -0.26297 1.40178 4
-1.46257 0.98698 1.22049 -0.25383 -0.16118 -0.23972 -0.25250 0.25814 4
-1.41764 0.98230 0.98212 -0.23871 -0.37958 -0.22736 -0.35189 0.10187 4
-1.42264 1.00571 1.85614 -0.75484 -0.26801 -0.69890 -0.41467 -0.75232 4
-1.41764 0.93080 1.61777 -0.53711 -0.56000 -0.69713 -0.62914 0.19967 4
0.83338 -0.73591 0.50538 -0.60632 -0.81638 -0.72981 -0.75992 1.91035 4
0.31929 -0.67973 -0.84537 0.04320 -0.29175 -0.15672 -0.22896 1.21923 4
-1.25294 1.06189 0.02865 0.68630 0.55099 0.23447 0.63940 0.65218 4
0.93820 -0.95127 -0.76592 0.42456 -0.23477 0.13998 -0.07726 1.34246 4
1.17777 -1.32581 0.42593 -0.56736 -0.74991 -0.78897 -0.66838 -0.08447 4
-1.27789 0.99166 0.10810 -1.01840 -1.14873 -1.13777 -1.17579 0.58128 5
0.71858 -0.84359 1.22049 -0.42435 -0.48641 -0.56468 -0.40682 0.22162 5
-1.47754 1.06189 1.22049 0.09637 0.03110 -0.17085 0.09798 0.00696 5
0.75352 -0.82018 -0.92483 2.08618 1.27028 2.13563 1.48683 1.43141 5
0.58881 -0.78272 1.29994 -0.58432 -0.67869 -0.74570 -0.61868 1.02306 5
0.41911 -0.62823 -1.40157 1.29044 0.47027 0.97180 0.66032 1.83403 5
0.90326 -0.90445 -1.32211 0.63679 0.08570 0.54441 0.23137 2.12748 5
0.84336 -0.93722 -0.60700 3.17620 4.15694 1.53341 3.48249 0.43779 5
0.65370 -0.68909 -0.68646 0.35352 0.82399 0.40401 0.96895 -0.07294 5
0.80842 -0.93722 -0.13027 -0.06727 -0.13507 -0.30330 -0.14788 1.05643 5
0.87331 -0.87168 -0.13027 -0.02648 -0.53151 -0.39690 -0.41728 1.74623 5
-0.05006 -0.58609 -0.05081 -0.37668 -0.02824 -0.50905 -0.20804 -0.37276 5
-1.21800 1.06657 -0.60700 3.41822 1.73556 1.95991 1.88178 2.00915 5
-1.48253 1.06189 1.53831 -0.06636 -0.18492 -0.43134 -0.11650 0.29836 5
-1.36274 0.87930 0.50538 0.07024 -0.22053 -0.23796 -0.24989 0.82193 5
-1.47255 1.06657 0.10810 0.70509 0.47740 0.34661 0.53739 0.90768 5
0.62874 -0.74059 0.90266 -0.44406 -0.41044 -0.23354 -0.30220 -0.38428 5
-0.10496 -0.55332 -1.56048 -0.36934 -0.43893 0.07905 -0.73115 0.17908 5
1.17777 -1.25090 -2.03721 1.65714 1.06850 0.79872 1.02911 2.40277 5
0.70860 -0.71250 1.85614 -0.11953 -0.40095 -0.43752 -0.38851 1.86356 5
-1.32780 0.85121 0.02865 -0.46698 -0.71905 -0.58940 -0.66314 2.06468 5
-1.30285 1.01975 0.10810 -1.07432 -1.18671 -1.14748 -1.17056 1.31156 5
0.50396 -0.65164 -0.44809 0.15779 -0.41756 -0.19204 -0.31789 2.26375 5
0.76350 -0.70782 0.10810 -0.21349 -0.52202 -0.38984 -0.49836 0.95847 5
0.56885 -0.82486 0.98212 -0.81993 -0.86623 -0.95498 -0.86193 1.55348 5
0.59380 -0.84827 0.42593 -0.37301 -0.41282 -0.59647 -0.34928 1.11591 5
0.34424 -0.75463 -0.76592 6.12126 4.92133 3.31095 4.37701 2.06026 5
1.13285 -1.25090 0.10810 -0.64620 -0.79027 -0.92319 -0.91162 0.21940 5
-1.35775 0.83248 0.10810 1.71306 0.75039 0.63889 0.78064 3.58777 5
-1.27290 0.82780 0.26701 0.40256 -0.15406 0.13910 -0.05111 3.43123 5
