-0.97343 1.38025 -0.36864 -0.77821 -0.62409 -0.81016 -0.64484 -1.17309 1
0.29932 -0.11792 0.26701 -0.58432 -0.41519 0.05079 -0.52975 -1.18204 1
0.17954 0.31281 -0.84537 -0.55132 -0.64783 -0.29447 -0.58468 -1.03019 1
-0.98341 1.80160 0.02865 0.11929 0.13793 0.33866 0.30722 -1.08746 1
-1.49750 1.99824 -1.08374 0.56712 0.64594 0.23976 0.33338 -0.74490 1
0.23943 0.36899 -1.08374 -0.51281 -0.41994 -0.13288 -0.40944 -1.20178 1
-0.27466 0.16767 -1.71939 -0.26896 -0.13270 -0.03398 -0.20281 -0.85306 1
-1.00338 1.82033 -0.28918 -0.10394 -0.11371 -0.03663 -0.05372 -0.98697 1
-0.93350 1.39897 0.66429 0.17108 0.46315 0.07729 0.23137 -1.28010 1
-1.00338 1.63306 -0.20972 0.07345 0.21627 0.52233 0.34646 -1.07124 1
0.13461 0.33153 1.29994 0.49836 0.69579 0.73338 0.70740 -1.07419 1
-0.94348 1.36152 0.82321 -0.54215 -0.50777 -0.51435 -0.57160 -1.10614 1
-0.94847 1.35684 1.22049 -0.95927 -0.93033 -0.81193 -0.97962 -1.31911 1
-1.25793 1.63774 -0.05081 0.70280 0.84772 1.02566 0.81202 -0.81043 1
-2.30108 2.41023 0.42593 -0.47844 -0.41282 -0.41986 -0.47744 -0.90007 1
-0.47930 1.94674 -0.84537 -0.64253 -0.64546 -0.77925 -0.78084 -0.71326 1
-0.10496 0.53753 0.18756 -0.21624 -0.19442 -0.41191 -0.09557 -0.81132 1
-0.14489 0.38303 -0.76592 -0.09019 -0.18017 -0.00837 -0.07988 -0.74916 1
0.32428 -0.12260 -0.92483 0.43694 0.38719 0.28303 0.36738 -0.72574 1
-0.09997 0.54221 -0.13027 -0.17316 -0.26326 -0.30860 -0.20019 -0.46161 1
-1.31782 2.13869 -0.76592 0.35214 0.45840 -0.00395 0.47985 -0.66099 1
-0.63902 0.87462 1.85614 -0.41793 -0.44130 -0.44459 -0.39636 -1.13062 1
-0.20479 1.54411 -0.05081 -0.66087 -0.63122 -0.82252 -0.77561 -0.81196 1
-0.06004 0.55158 -1.08374 0.11745 -0.09946 0.18413 0.00382 0.32778 1
1.08294 -0.73122 -0.05081 0.11149 0.28748 0.20797 0.14244 -0.94992 1
1.00308 -0.82018 0.58484 -0.82405 -0.77840 -0.62119 -0.83577 -0.72879 1
-1.10320 1.42706 0.82321 0.07803 0.29461 0.20621 0.36215 -0.99587 1
-0.93849 1.34279 -0.28918 0.18208 0.30173 0.11791 0.33338 -0.61088 1
1.02305 -0.82018 -0.60700 -0.87722 -0.85436 -0.57881 -0.87500 -0.68694 1
0.64372 -0.76400 1.14103 -0.88135 -0.69531 -0.48167 -0.68668 -1.40233 1
1.15282 -0.82954 -1.00428 -0.67141 -0.71905 -0.67682 -0.74161 -0.40023 2
-0.70390 0.94016 1.29994 -0.33130 -0.48166 -0.51788 -0.43559 -0.38476 2
-1.34777 1.16488 1.29994 0.81923 1.09936 0.60357 0.97942 -0.61952 2
1.08793 -0.71718 -0.76592 -0.74979 -0.77602 -0.75365 -0.70499 -0.77264 2
1.26262 -1.38199 -1.40157 -0.34872 -0.42943 -0.36335 -0.29697 0.26546 2
-2.24119 2.57409 -0.52755 0.28751 0.61983 -0.03663 0.20522 -0.73684 2
-1.59733 1.53943 -0.20972 -0.88181 -0.94457 -1.00001 -1.04501 0.07434 2
0.63872 -0.80145 0.90266 -0.32121 -0.18255 0.16824 -0.17404 -0.52409 2
1.22269 -0.73591 0.74375 -1.07937 -1.14635 -1.12540 -1.17056 -1.30542 2
-1.69216 1.30534 1.69722 -0.04848 -0.03299 -0.42869 -0.36236 -0.49119 2
0.94319 -0.74995 -1.00428 0.10233 0.30885 0.45964 0.23922 -0.43745 2
1.22768 -1.38199 0.58484 -1.19625 -1.24368 -1.20753 -1.24641 -1.03166 2
0.97313 -0.73122 -1.08374 0.65329 0.64832 1.28792 0.61324 -0.25111 2
-0.64900 1.64711 -0.92483 -0.37438 -0.35347 -0.60883 -0.56637 -0.53182 2
-1.38271 1.09934 0.34647 -0.28500 -0.30362 -0.06312 -0.18973 0.05613 2
0.64372 -0.75932 0.42593 -0.15161 0.56286 0.90469 0.62893 -1.13504 2
-0.42440 -0.31455 -0.76592 -0.15482 -0.06385 -0.15848 0.03521 -0.87307 2
1.27760 -1.36326 -1.32211 0.12754 0.46553 0.59916 0.53216 -0.82317 2
-1.20302 1.26788 -1.24265 0.44932 0.31834 0.52675 0.39877 0.09629 2
0.91823 -0.73122 0.42593 0.64275 0.44416 1.13957 0.67863 0.13855 2
0.63373 -0.73591 1.45886 -0.57103 0.79312 1.26673 0.85649 -1.26468 2
0.66867 -0.45500 -0.28918 -0.00402 -0.35822 -0.32361 -0.42251 -0.12236 2
1.29756 -1.33517 0.66429 -0.63291 -0.71193 -0.66623 -0.57945 -0.08884 2
1.25763 -1.43817 -0.52755 -0.21258 0.05959 0.55059 0.06398 -0.97629 2
0.55387 -0.65632 -0.76592 3.33067 5.40324 5.19357 5.65078 -0.67673 2
0.81342 -0.74995 0.50538 -0.52106 -0.59086 -0.27681 -0.60560 -0.02141 2
0.62375 -0.74527 1.45886 -0.29646 -0.01400 0.00399 0.05090 -1.07240 2
-0.87860 1.11339 -0.13027 -0.46927 -0.72142 -0.70243 -0.63960 0.76182 2
1.11788 -1.12449 -1.08374 0.12983 0.12843 -0.26092 0.20783 -0.67557 2
-0.75382 1.55347 -0.84537 -0.32305 -0.37483 -0.13641 -0.32051 -0.59183 2
0.73855 -0.76400 0.58484 -0.41885 -0.43893 -0.22206 -0.43036 -0.43460 3
1.17777 -0.66100 0.18756 1.29181 1.22280 -0.01543 0.01167 0.59444 3
0.75851 -0.74527 0.34647 -0.59028 -0.65970 -0.28917 -0.63437 0.22162 3
1.21271 -1.27899 -1.00428 0.26643 0.42280 0.55501 0.49031 0.18566 3
0.70860 -0.74527 1.22049 -0.91160 -0.93982 -0.85520 -0.93254 -0.09641 3
0.68365 -0.44096 -1.87830 2.95205 2.29105 5.53531 2.03610 0.52864 3
0.76350 -0.79209 0.66429 -0.59945 -0.62884 -0.27416 -0.58729 0.17603 3
-0.84366 1.42706 -1.24265 0.74268 0.19253 0.46140 0.32030 0.70240 3
0.98811 -0.92318 -2.03721 -0.65537 -0.66920 -0.76159 -0.55591 0.67808 3
0.79345 -0.87168 -1.71939 -0.17591 0.07621 0.13292 0.13198 -0.12494 3
-1.06327 1.09934 -1.56048 0.20317 -0.04486 0.12055 0.03259 0.64923 3
0.99310 -0.75463 -1.95776 1.54117 1.31538 1.55107 1.41883 0.73614 3
0.78347 -0.71718 0.42593 -0.17728 -0.18492 0.10466 -0.15311 -0.24748 3
1.23767 -1.18535 -0.60700 0.11012 0.00262 -0.03398 -0.00141 -0.02183 3
0.78846 -0.87636 -0.92483 -0.04160 0.47265 0.03755 0.52170 -1.01419 3
0.72857 -0.81081 0.50538 -0.60174 -0.63834 -0.30153 -0.67884 0.63407 3
0.78347 -0.69845 0.18756 -0.61320 -0.25377 -0.26003 -0.19496 -1.48218 3
0.80842 -0.80145 0.26701 -0.44681 -0.53626 -0.19822 -0.51667 0.06807 3
0.83338 -0.89040 -0.20972 -0.60128 -0.53151 0.33425 -0.49313 0.05013 3
-1.23796 1.08061 -0.52755 0.69959 1.55752 0.33425 1.79285 -0.69731 3
0.89827 -0.71250 -0.05081 -0.29234 -0.29412 -0.26621 -0.28912 -0.06352 3
-1.36773 1.07125 0.10810 -0.74338 -0.71668 -0.78455 -0.77300 -0.53956 3
0.79345 -0.85763 0.26701 -0.21762 -0.25139 0.06846 -0.25512 0.22788 3
-1.35276 1.10402 -0.05081 0.53412 0.19965 0.20179 0.18691 0.26546 3
0.83837 -0.87168 0.26701 -0.13465 0.07621 0.01724 -0.12173 0.17077 3
0.80343 -0.85763 0.10810 -0.87401 -0.96593 -0.82782 -0.94301 0.47164 3
0.72857 -0.69377 0.90266 -0.31434 -0.06860 -0.34215 -0.16096 -0.65978 3
0.84336 -0.83422 -0.84537 0.03174 0.41567 1.14840 0.45631 -0.57625 3
0.75352 -0.72654 1.06158 -0.29692 -0.32261 -0.16466 -0.25512 -0.32307 3
-1.24295 0.96825 0.34647 0.58225 0.59846 0.42962 0.70740 -0.18527 3
0.84835 -0.76868 -0.60700 0.09224 -0.05436 0.53470 0.14506 0.55607 4
0.78846 -0.83422 0.42593 -0.31525 -0.55050 -0.41368 -0.51144 0.58270 4
0.87331 -0.83422 -0.84537 -0.37851 -0.55288 -0.20882 -0.45390 0.71166 4
-1.15311 0.79503 0.50538 0.30447 1.46256 1.49632 1.50514 -1.26205 4
0.80842 -0.85763 0.42593 -0.45002 -0.60035 -0.45960 -0.54283 0.40437 4
-0.82369 1.44111 -0.44809 -0.36338 -0.62884 -0.53642 -0.58468 0.31520 4
0.62874 -0.72186 0.58484 -0.84743 -0.27988 0.07110 -0.36497 -1.38406 4
0.79844 -0.79209 0.58484 -0.35101 -0.47454 -0.42251 -0.45913 0.13150 4
-1.20801 1.09466 -0.05081 0.09316 -0.26089 -0.04722 -0.14788 1.23318 4
0.80842 -0.84359 0.18756 -0.09844 -0.35347 -0.06841 -0.22635 0.56254 4
0.72857 -0.83891 0.58484 -0.40326 -0.57187 -0.55408 -0.55591 0.88820 4
0.79844 -0.83891 -0.84537 -0.72092 -0.78077 -0.85078 -0.72330 -0.54525 4
-1.33779 1.02443 -0.05081 0.32143 0.75277 0.08347 0.79110 0.01875 4
0.70361 -0.87168 0.02865 0.20271 0.58897 0.03049 0.61847 -0.52409 4
-0.78875 1.52538 -0.68646 -0.28042 -0.53389 -0.48256 -0.49836 0.74724 4
-0.93849 0.97761 -2.11667 -0.18187 -0.51489 -0.58234 -0.73376 0.98921 4
1.20273 -1.34922 -0.44809 -0.07415 0.13318 -0.28123 0.09536 -0.47382 4
-1.24794 0.91207 -1.00428 -0.47202 -0.70718 -0.27239 -0.60560 1.15560 4
-0.55916 -0.16473 -0.20972 0.72847 0.82636 0.32630 0.53477 -0.83480 4
-1.39768 1.01975 -0.20972 1.27439 1.20381 2.74228 1.20958 -0.56835 4
0.74853 -0.69845 1.06158 0.25863 0.34921 0.21416 0.33599 -0.26090 4
-1.52745 1.34279 -0.76592 -0.24237 -0.48878 -0.48697 -0.41467 1.00600 4
0.54888 -0.74527 -0.60700 1.10250 2.26257 1.14222 2.40750 -0.17748 4
0.75851 -0.71718 0.58484 -0.47202 -0.52202 -0.47373 -0.53760 0.48553 4
1.13285 -1.20408 -0.36864 -0.21304 -0.06385 -0.49050 -0.15050 -0.35618 4
-1.14812 0.94952 -0.13027 -0.48898 -0.70243 -0.74393 -0.74684 0.99021 4
1.20772 -0.74527 -1.16320 0.09591 -0.27988 -0.22383 -0.32051 1.95362 4
0.58881 -0.68441 -0.05081 0.07070 0.49876 -0.06577 0.51647 -0.35028 4
0.63373 -0.88572 -0.68646 -0.00493 0.32072 -0.21323 0.27845 0.02423 4
-1.42264 1.01507 1.85614 0.19767 0.78838 0.61505 0.91664 -0.68973 4
-1.36773 0.90271 0.90266 -0.58890 -0.49353 -0.63974 -0.52975 -0.28985 5
-1.17308 0.79503 1.85614 -0.28729 -0.47454 -0.51611 -0.42251 0.87125 5
-1.46257 0.98698 0.90266 -0.14932 -0.22053 -0.14082 -0.02495 -0.03883 5
-1.19803 0.79503 -0.60700 2.58489 2.44061 1.95196 2.67952 0.67371 5
-1.48253 0.97761 -0.92483 0.15550 1.02102 0.02430 0.85910 -0.18090 5
-1.45258 0.99634 1.85614 0.02211 0.08570 -0.02691 0.12937 0.02054 5
0.61377 -0.71718 -0.36864 -0.29325 0.60084 -0.18586 0.45108 -1.22526 5
-0.52422 -0.16473 -0.05081 0.60333 0.12843 0.03843 0.18691 1.28629 5
-1.27290 0.99166 -0.05081 -0.84422 -1.01341 -0.96822 -1.02147 2.01157 5
0.70860 -0.87168 0.98212 0.37231 0.85010 0.17265 0.88526 0.33126 5
-1.22798 0.96357 -0.68646 -1.11650 -1.21757 -1.18545 -1.22549 1.38399 5
0.57384 -0.68909 -0.92483 -1.08120 -1.11074 -1.15366 -1.15225 0.07902 5
0.57384 -0.75932 0.02865 -0.29325 -0.11608 -0.41103 -0.13219 -0.11031 5
0.84835 -0.88104 -0.20972 -1.01978 -1.00629 -0.86314 -1.05809 -1.14157 5
-1.20801 0.66394 -0.76592 -0.28088 -0.34635 -0.41545 -0.44867 0.72529 5
0.55887 -0.75932 0.90266 -0.58432 -0.70718 -0.76513 -0.70761 1.30587 5
-1.23297 0.62648 0.10810 0.02715 -0.27038 -0.28917 -0.20804 0.80351 5
0.68864 -0.68909 1.61777 -0.38859 -0.64308 -0.60971 -0.61083 1.43710 5
0.87331 -0.92318 -1.08374 -0.08057 -0.21578 -0.33244 -0.26558 1.38225 5
-1.33779 0.86993 1.22049 0.81785 0.48689 0.32189 0.61586 1.19555 5
-1.42264 0.99634 1.85614 -0.25108 -0.12083 -0.30330 -0.03018 -0.62657 5
0.58382 -0.74527 1.06158 -0.61320 -0.86386 -0.88787 -0.80961 4.72551 5
0.55387 -0.77336 -0.76592 -0.05306 0.44654 -0.40750 0.42754 -0.03362 5
0.81841 -0.78741 0.18756 0.44198 -0.16593 -0.03839 -0.16881 1.88914 5
0.92821 -0.99340 -1.32211 0.93520 0.38007 0.10378 0.25753 1.32030 5
-1.43761 1.01039 1.85614 -0.20158 -0.61222 -0.66888 -0.54544 3.27438 5
-1.40766 0.91207 0.58484 1.55400 0.74565 0.78459 1.02650 2.12074 5
-1.24794 0.79971 0.34647 -0.65445 -0.80688 -0.82164 -0.74161 0.83967 5
-1.26292 0.80907 0.26701 -0.55132 -0.80451 -0.81899 -0.78084 2.88865 5
0.38417 -0.67504 -1.95776 5.92966 3.99789 3.59352 4.32208 2.51562 5
