0.05476 -0.23496 1.37940 0.05007 0.01211 -0.00219 -0.04588 -0.88175 1
0.23943 0.27067 1.14103 -0.59624 -0.61222 -0.42604 -0.55329 -0.99197 1
0.29433 -0.11323 -0.52755 -0.37759 -0.19204 0.14705 -0.20804 -1.29279 1
0.28435 -0.12260 0.98212 -1.06928 -1.09175 -1.06801 -1.09732 -0.86822 1
1.25763 -0.34732 0.58484 -0.65858 -0.65970 -0.67153 -0.70761 -0.08641 1
0.27936 -0.13664 1.22049 -0.41518 -0.46267 -0.56821 -0.57945 -0.44734 1
1.52716 -0.79209 -1.32211 0.33610 0.57473 -0.09755 0.22091 -1.12214 1
-0.04507 0.31281 -0.84537 -0.68241 -0.79739 -0.62561 -0.75207 -0.26454 1
0.25440 0.20981 -0.76592 -0.03748 -0.22528 -0.10992 -0.21066 0.16577 1
-2.32105 2.85500 -0.05081 0.16833 0.38244 0.09230 0.40138 -1.14057 1
-2.25117 2.47109 -1.24265 -0.05215 0.42992 -0.03927 0.33599 -1.16009 1
-0.15987 0.54221 -1.87830 0.54328 0.39668 0.66538 0.50862 -0.04662 1
-1.04830 2.33064 -1.63993 -0.10303 -0.17780 -0.56468 -0.52975 -0.90502 1
1.62199 -0.71718 -1.48102 0.74268 0.76701 -0.01985 0.48770 -0.63631 1
-1.21301 0.82780 -0.92483 1.13917 1.13734 0.03932 1.22528 -0.47377 1
-0.67895 0.98230 -1.16320 0.07482 0.19015 0.76693 0.25230 -0.65078 1
-1.29786 0.99166 0.74375 -0.75346 -0.61460 -0.61236 -0.62914 -1.18489 1
-2.28611 2.41491 0.66429 0.02578 -0.11845 -0.14347 -0.03541 -0.44692 1
1.28259 -0.35668 -1.00428 1.93721 1.79016 1.88662 1.63853 -0.13768 1
-0.60907 0.20044 0.02865 -0.32992 -0.36059 -0.35893 -0.48529 -0.72774 1
-0.95846 1.80628 -0.68646 -0.05994 -0.16593 -0.22206 -0.18450 -0.46013 1
0.64372 -0.77336 0.82321 -0.60953 -0.45792 -0.08254 -0.44082 -1.00761 1
1.24765 -1.42412 -0.60700 -0.39272 -0.17068 -0.08696 -0.03018 -1.19483 1
1.06797 -0.75463 0.34647 0.20546 0.07621 0.28921 -0.13219 -0.43197 1
0.62874 -0.72186 -0.05081 -0.87814 -0.64308 -0.47196 -0.61345 -1.03850 1
-0.83867 0.32217 -1.32211 0.98103 1.29164 2.80409 1.48160 -0.50124 1
1.09292 -0.71250 0.26701 0.24901 0.29461 0.39959 0.42231 -0.38592 1
0.65370 -0.76400 0.66429 -0.00952 0.37769 0.93471 0.34122 -1.02634 1
0.80842 -0.23496 -1.95776 -0.00264 -0.08522 -0.24325 -0.20281 0.19967 1
0.66867 -0.79677 0.66429 -1.09862 -1.16059 -0.98677 -1.17056 -1.29900 1
-0.43438 -0.30987 -0.52755 -0.46606 -0.42231 0.07375 -0.30220 -1.09303 2
0.68864 -0.81550 0.74375 0.63358 1.06375 2.01024 1.11804 -0.49550 2
-0.21477 1.53006 -0.60700 -0.45047 -0.28225 -0.60795 -0.50098 -0.99903 2
1.56708 -0.85295 -1.63993 1.86753 1.91123 0.56825 0.73617 -0.18337 2
1.07296 -0.71718 -0.84537 0.61479 0.64357 0.71130 0.63417 0.14171 2
1.25264 -0.75463 -0.36864 0.58500 0.64357 0.44198 0.68648 -0.62278 2
-0.05006 0.33621 -1.48102 -0.70854 -0.88760 -0.84372 -0.89331 0.56454 2
0.62375 -0.77336 1.61777 -0.29463 -0.21816 -0.32979 -0.27604 -0.87212 2
1.15282 -0.83891 -1.32211 -0.67691 -0.78077 -0.79692 -0.89070 -0.60399 2
-1.01835 1.00102 0.26701 -1.02299 -1.10125 -1.13158 -1.15487 0.17772 2
-0.83368 1.10870 -0.28918 -0.53390 -0.56475 -0.62208 -0.51144 -0.73790 2
0.63373 -0.79677 0.90266 -0.09248 -0.14457 0.19473 -0.12173 -0.35175 2
0.69862 -0.74527 1.22049 -0.89143 -0.90896 -0.71744 -0.93516 -1.00218 2
0.62874 -0.74995 1.37940 -0.21212 -0.06623 -0.07283 -0.06157 -0.97150 2
0.57384 -0.64227 -0.20972 -0.38859 -0.04011 1.02125 -0.04064 -0.92876 2
1.00807 -0.82486 -0.84537 2.52118 2.48334 3.13522 2.65860 0.03723 2
0.72357 -0.76868 -0.36864 -0.42664 -0.13982 0.53999 -0.10603 -0.76258 2
0.56386 -0.63291 0.26701 -0.96661 -0.93033 -0.74482 -0.93254 -1.10530 2
0.67865 -0.84827 0.42593 -0.42022 -0.33210 0.01636 -0.33359 -0.54051 2
1.22768 -0.84359 -1.16320 0.03632 -0.08997 0.10113 -0.09296 -0.03530 2
-0.12992 0.56094 -1.16320 -0.13053 -0.46742 -0.26268 -0.35713 1.64206 2
-0.30461 1.70797 -1.16320 3.42051 2.39076 -0.63974 -0.64222 0.11118 2
0.68864 -0.85763 0.58484 -0.14199 0.45366 1.06805 0.41184 -0.88017 2
-1.34278 1.02911 1.69722 -0.69250 -0.51252 -0.71479 -0.51144 -0.97097 2
-0.76879 0.86057 -1.32211 -0.17087 -0.30362 -0.45253 -0.44344 -0.15326 2
-1.25793 0.92143 0.58484 -1.03170 -1.05377 -0.99825 -1.06594 -0.47377 2
0.61876 -0.76868 1.37940 -0.48302 -0.52914 -0.57263 -0.55852 -0.34865 2
0.71858 -0.69377 -0.84537 -0.44497 -0.14457 -0.29182 -0.28651 -0.66684 2
0.98312 -0.71250 -0.84537 1.55354 1.24417 1.70825 1.38221 0.53596 2
0.77349 -0.73122 -0.60700 0.27926 0.99965 1.85659 1.01342 -0.81432 2
0.71359 -0.68441 0.42593 -0.11540 0.15692 0.57178 0.10583 -0.82348 3
1.15781 -0.51586 -1.24265 1.46920 0.99016 0.90910 1.08665 0.13824 3
1.24266 -1.41008 -0.05081 -0.07690 -0.07572 -0.06400 0.05875 -0.41771 3
0.69862 -0.77804 0.18756 0.34481 1.23704 1.88309 1.19651 -0.77153 3
1.32252 -1.32581 0.34647 -0.51236 -0.64071 -0.50198 -0.59514 -0.16426 3
-0.73385 0.95421 -1.00428 -1.19946 -1.23181 -1.11216 -1.28303 -1.75525 3
0.83338 -0.71718 0.18756 0.17017 0.27324 0.30069 0.30461 -0.08547 3
0.75352 -0.76868 1.45886 -0.48027 -0.54338 -0.52847 -0.54283 -0.04599 3
0.82340 -0.84359 1.85614 -0.51419 -0.56237 -0.50375 -0.54021 -0.14026 3
0.76850 -0.80145 0.50538 -0.24191 -0.31549 -0.16113 -0.27604 -0.10399 3
1.22269 -1.32581 0.02865 0.10416 -0.00925 -0.02956 0.05875 0.00065 3
0.79844 -0.82954 0.50538 -0.43306 -0.40569 -0.14171 -0.31789 -0.15010 3
0.56386 -0.67504 -1.40157 0.11699 0.98066 0.65391 0.70217 -0.51566 3
-1.58235 1.31938 -0.28918 0.02761 -0.09946 -0.11433 0.03782 0.11008 3
0.76350 -0.77336 -0.28918 0.18529 0.69579 0.13645 0.61586 -0.81717 3
-1.28787 0.98698 1.85614 0.12020 0.04535 -0.07724 0.13198 -0.01035 3
-1.22798 0.89334 0.50538 -0.35238 -0.46267 -0.18762 -0.42251 0.50043 3
0.13961 -0.62354 -0.36864 2.29245 2.77058 2.84471 2.93846 -0.17484 3
-1.45258 0.97761 1.29994 -0.56415 -0.47454 -0.61148 -0.41205 0.12682 3
-1.24794 1.08530 0.82321 -0.20020 -0.35584 -0.35363 -0.29958 0.37826 3
0.83837 -0.80145 -0.92483 0.13762 0.04060 -0.03927 0.09275 0.83746 3
0.75352 -0.84827 -0.28918 0.00057 -0.18017 -0.40662 -0.22112 0.37510 3
0.72357 -0.78272 0.74375 -0.61182 -0.65021 -0.48432 -0.58729 0.39705 3
0.81841 -0.93254 -0.36864 -0.56874 -0.33685 0.04638 -0.24989 -0.70563 3
0.83338 -0.80613 0.58484 -0.57745 -0.66682 -0.65210 -0.72853 -0.17390 3
0.59879 -0.74995 0.82321 -1.11054 -1.17246 -1.13688 -1.17056 -0.91886 3
-0.68893 1.47856 -1.32211 0.28018 0.09757 0.02960 0.04567 0.27762 3
0.18453 -0.63759 -1.63993 1.05712 1.50767 1.40095 1.39529 -0.22406 3
-0.98840 1.34279 -1.56048 1.02320 0.47502 0.53911 0.65509 0.99558 3
-1.17807 0.97293 -0.20972 1.00212 0.72903 0.76164 0.79894 0.18814 3
-1.33779 1.00102 1.85614 0.00653 0.06671 0.03755 0.17645 -0.44982 4
-1.30784 1.14148 -0.68646 0.16696 -0.03062 -0.19292 -0.02234 0.40526 4
0.63872 -0.83891 0.42593 -0.00860 0.04772 -0.02603 0.04044 0.62655 4
1.24266 -1.33985 0.18756 -0.71771 -0.90896 -0.88257 -0.90639 1.20650 4
0.70361 -0.83891 0.58484 -0.19058 -0.40569 -0.37394 -0.38851 0.63229 4
0.61876 -0.67504 1.37940 -0.23871 -0.17780 -0.25827 -0.15834 -0.07173 4
1.08294 -0.83422 -1.56048 2.24707 1.39372 1.78772 1.51037 0.83788 4
0.64871 -0.74059 -0.20972 -0.67462 0.32309 0.22917 0.10844 -1.20957 4
0.59879 -0.72186 0.18756 1.70160 3.06020 1.00094 3.28371 -0.30996 4
-1.16809 0.84653 -0.20972 -0.44314 -0.62172 -0.41898 -0.57945 0.47832 4
-1.56239 1.27725 -1.40157 1.45820 0.80737 0.98239 0.98465 0.18440 4
-1.53244 1.21638 1.85614 -0.71542 -0.68581 -0.80045 -0.75730 -0.41781 4
-1.16809 0.76694 0.10810 0.81418 0.76939 0.65567 0.71263 0.59770 4
0.72857 -0.82954 0.34647 -0.11311 -0.30362 -0.17350 -0.27866 0.79914 4
0.63373 -0.84359 0.18756 0.02624 0.29223 0.15234 0.30984 -0.36086 4
-1.64225 1.30534 0.74375 -0.67370 -0.74754 -0.74305 -0.71807 -0.10736 4
0.64372 -0.88572 1.22049 -0.35880 0.04297 0.58680 0.10321 -1.05919 4
-0.54419 -0.16005 -0.44809 -0.32259 -0.12083 -0.04016 -0.07203 -1.00324 4
-1.22798 0.91675 -1.00428 0.79539 0.83348 0.97533 0.83033 0.42527 4
0.86832 -0.82018 -0.44809 -0.12411 -0.43418 -0.19116 -0.39897 1.12775 4
-1.62228 1.28661 -0.13027 -0.03244 -0.13982 -0.17526 -0.08511 0.33820 4
-1.44759 1.26788 -1.08374 -0.10303 -0.21816 -0.24855 -0.24204 0.25083 4
0.53890 -0.64227 -0.28918 2.63715 3.16702 2.69989 3.26279 -0.16895 4
0.72857 -0.68441 1.69722 0.33839 0.14268 0.05168 0.18168 0.58918 4
-1.36773 0.92143 0.42593 0.27009 0.44654 0.47023 0.40923 -0.09978 4
0.64871 -0.74059 -1.32211 -0.96294 -0.49828 -0.20440 -0.35189 -1.40512 4
0.13961 -0.65632 -0.52755 -0.06865 0.16642 -0.63267 0.06136 -0.50998 4
1.12786 -1.15258 -1.71939 -0.13145 -0.53626 -0.54437 -0.56898 0.88499 4
-1.37771 1.28661 -0.05081 -0.74063 -0.87573 -0.81369 -0.87762 0.36779 4
0.61876 -0.67036 1.14103 -0.60082 -0.67395 -0.71744 -0.65791 -0.13873 4
0.68365 -0.69845 1.85614 0.53366 0.25662 0.36780 0.31507 0.88520 5
-1.44759 0.95889 0.18756 0.66063 0.56760 0.98769 0.62370 0.34900 5
-1.00837 0.62648 -1.00428 -0.81168 -0.98493 -0.90288 -0.96655 0.98374 5
1.09292 -1.16663 -1.16320 1.10159 1.98245 -0.11257 0.51385 -0.34828 5
0.65370 -0.71718 1.53831 -0.03198 0.07858 -0.00395 0.16598 -0.11200 5
-1.16809 0.77630 0.58484 -0.77501 -0.92320 -0.93114 -0.89331 0.92426 5
-0.08999 -0.55800 -0.05081 -0.71312 -0.56949 -0.79603 -0.65007 -1.06719 5
-0.13491 -0.55332 -0.20972 0.81968 0.18541 0.36515 0.26537 1.31314 5
-1.44759 0.98698 1.85614 -0.50319 -0.55288 -0.53554 -0.47221 0.11260 5
-1.11817 0.79503 -1.95776 1.32757 0.56998 1.96521 0.70740 1.80413 5
-1.23297 0.78098 -0.28918 -0.12365 -0.28700 -0.30860 -0.26558 1.60706 5
-1.10320 0.79503 -1.48102 0.08858 -0.34160 0.07464 -0.29697 1.47873 5
0.95816 -1.04490 -0.92483 0.04640 0.27561 -0.45518 -0.01972 -0.15674 5
-1.33779 1.04784 1.06158 -0.40326 -0.17305 0.66980 -0.20281 -0.69189 5
-1.36274 0.88866 0.66429 -0.59486 -0.76653 -0.78632 -0.72853 0.82346 5
0.59380 -0.84359 -0.68646 -0.16766 -0.09471 -0.31390 0.05613 0.31099 5
-1.35276 1.06189 1.85614 -0.29004 -0.68344 -0.67771 -0.66838 3.26969 5
-1.29286 1.04316 0.58484 0.33151 -0.10658 -0.11257 -0.04326 2.25702 5
0.96315 -0.75463 -1.79885 -1.09449 -1.16534 -1.15366 -1.19671 -0.91886 5
-1.29286 0.85121 1.45886 0.73259 1.46731 0.33778 1.55222 0.18898 5
0.53890 -0.62823 -0.20972 0.86186 0.17354 0.25478 0.21306 2.85112 5
-1.48253 1.07593 1.14103 0.16604 -0.16118 -0.40220 -0.18188 0.87789 5
-1.39269 0.91207 0.66429 0.31593 0.46553 0.03755 0.50339 0.12003 5
-1.13315 0.72480 -1.79885 2.99789 1.57414 1.95285 1.66992 2.37550 5
-1.31283 1.06189 0.58484 -0.24237 -0.59561 -0.60530 -0.57422 3.40607 5
0.62375 -0.69845 -0.44809 0.88844 2.10114 0.17530 1.29590 0.11887 5
0.77349 -0.68441 0.26701 0.56483 0.02398 0.11702 0.07444 2.94555 5
0.74354 -0.69377 -0.05081 -1.09908 -1.13923 -1.13335 -1.22549 -1.77426 5
0.57883 -0.81550 0.18756 -0.55361 -0.51727 -0.66093 -0.44082 1.76908 5
0.57883 -0.75932 -0.20972 -0.06086 -0.21103 -0.18321 -0.19235 0.78830 5
