0.28934 -0.12728 0.18756 -0.52152 -0.42469 -0.22736 -0.41728 -1.39354 1
-2.28611 2.45705 0.34647 -0.18370 -0.07572 -0.23001 -0.15311 -1.12941 1
-0.99339 1.62838 -0.84537 -0.21304 -0.13744 0.08965 -0.13742 -0.82617 1
-0.92352 1.40834 1.22049 -0.41610 -0.40569 -0.33862 -0.39374 -1.19347 1
-0.12493 0.54221 -0.84537 1.46049 2.13913 1.75681 1.89486 -1.15025 1
-0.20479 0.57498 0.18756 -0.12365 -0.13270 0.44816 -0.17404 -0.44597 1
1.13285 -0.71250 1.06158 -0.96752 -1.01341 -0.86668 -0.99270 -0.62825 1
-0.32957 1.08998 1.85614 -0.64437 -0.65495 -0.72097 -0.67099 -0.98166 1
-0.10995 0.55158 0.50538 -0.34780 -0.49828 -0.23884 -0.38328 -0.42197 1
0.05975 0.33621 -0.52755 -0.37209 -0.48641 -0.30860 -0.56898 -0.80753 1
-1.02833 1.92801 0.66429 -0.61412 -0.57424 -0.75630 -0.63437 -1.05751 1
-0.25470 0.61712 0.98212 -0.67462 -0.77602 -0.83842 -0.85931 -0.76379 1
1.18775 -0.73122 0.90266 -0.11999 -0.08997 0.30599 -0.11650 -0.88517 1
-1.12816 1.68456 -0.28918 0.54237 0.38956 0.49231 0.41446 -0.74969 1
-2.29110 2.41959 1.85614 -0.42756 -0.08997 -0.41809 -0.16881 -1.43807 1
0.63373 -0.73591 -0.68646 -0.39134 0.85010 0.28568 0.84602 -0.87444 1
-1.39768 2.31660 -0.28918 -0.26667 -0.10184 -0.52141 -0.06418 -0.90370 1
1.28758 -0.88104 -0.84537 3.19270 4.42282 2.27515 4.20177 -1.28121 1
1.60202 -0.82018 -1.40157 4.54766 6.07742 0.90734 1.91578 -1.09814 1
-0.12493 0.32217 -0.84537 -0.77638 -0.81875 -0.88434 -0.85146 -0.94923 1
-0.43937 -0.31923 0.26701 -0.48669 -0.21578 0.30599 -0.09557 -1.05703 1
1.23268 -1.34922 -1.40157 -0.11128 0.44654 0.42343 0.55308 -1.32953 1
1.18775 -1.16663 -1.32211 0.46582 0.91419 0.22210 0.59755 -0.81269 1
-1.55740 1.54879 -1.56048 -0.63749 -0.72142 -0.80221 -0.81746 -0.39250 1
0.65869 -0.75932 1.29994 -0.84972 -0.63596 -0.34922 -0.69191 -1.46375 1
1.16779 -1.12917 -0.84537 -0.13832 0.08333 -0.40926 0.15029 -1.08572 1
0.65869 -0.78741 0.98212 -0.48577 -0.47216 -0.15319 -0.51667 -0.99529 1
-1.20302 1.13211 0.18756 0.07987 -0.04724 0.18943 0.00905 -0.26559 1
0.58881 0.81375 -0.28918 0.30218 0.67918 0.04550 0.70740 -1.07282 1
1.23767 -1.36794 -1.32211 0.33885 0.96642 0.82256 0.80679 -1.24784 1
-0.92352 1.36152 0.02865 -0.56324 -0.64783 -0.76778 -0.69191 -0.43087 2
-1.02833 0.49071 -0.36864 -0.02052 0.47740 1.60493 0.52954 -0.89170 2
0.61876 -0.77336 0.26701 -0.39043 -0.11608 0.04108 -0.06157 -1.17009 2
0.63872 -0.76400 1.85614 -0.02602 -0.10421 0.11702 -0.10865 -0.94207 2
0.63872 -0.73122 -0.36864 0.63496 2.77533 2.03232 2.69260 -1.12335 2
0.65869 -0.77336 1.22049 -0.70992 -0.48166 0.01371 -0.49575 -1.16009 2
0.15458 0.45794 0.34647 -0.95148 -1.06326 -0.98500 -1.01101 -0.69952 2
0.11964 0.32217 -0.76592 0.06520 -0.25377 -0.29447 -0.12696 0.72924 2
-0.43438 -0.32391 0.02865 -0.34780 -0.05198 0.18413 -0.01972 -1.14915 2
0.96315 -0.73122 1.14103 -0.30517 -0.37721 -0.34392 -0.28389 -0.34865 2
1.15282 -0.83891 -1.32211 -0.67691 -0.78077 -0.79692 -0.89070 -0.60399 2
-0.00514 0.53285 -0.76592 0.27009 0.02398 0.29539 0.11106 0.08002 2
0.91823 -0.73122 0.42593 0.64275 0.44416 1.13957 0.67863 0.13855 2
1.25264 -1.16663 -0.13027 0.54237 0.32309 0.90204 0.56878 -0.02746 2
0.61876 -0.74995 0.82321 0.09362 0.68393 0.42873 0.49293 -1.03635 2
-0.95846 1.38025 1.85614 -0.94735 -0.31549 -0.80928 -0.34666 -1.55334 2
-0.17983 1.03848 -0.84537 -0.99136 -1.00392 -1.18103 -1.19933 0.11192 2
0.83837 -0.70782 0.50538 -0.49035 -0.51489 -0.02603 -0.47744 0.09439 2
0.80343 -0.71718 0.50538 0.64183 0.86909 2.16566 0.90618 -0.30264 2
0.68365 -0.74527 1.22049 -0.56690 -0.36059 -0.00572 -0.33097 -1.07814 2
-0.84366 1.23511 -0.68646 -0.60586 -0.73329 -0.63002 -0.73376 0.28520 2
1.20772 -1.32581 -0.44809 -0.11036 -0.14694 0.75810 -0.03018 -0.07447 2
1.20273 -1.42881 0.58484 -0.31892 -0.32973 -0.30860 -0.30743 -0.25269 2
-1.33279 1.16020 1.85614 -0.24054 -0.54101 -0.57704 -0.46175 0.47601 2
0.69363 -0.73591 -0.13027 -0.27996 0.06434 0.67422 0.20260 -0.66447 2
-0.60408 1.44579 -0.76592 0.81510 0.54386 0.38811 0.52170 -0.12110 2
-1.08823 0.59839 1.06158 -0.58111 -0.16593 0.78283 -0.04064 -0.68994 2
0.64372 -0.74059 0.50538 -0.46239 0.71241 1.40183 0.76233 -1.21810 2
1.33250 -1.30708 -0.84537 0.44748 0.47265 0.38723 0.55831 -0.61257 2
1.43731 -0.99808 -1.24265 -0.66408 -0.67157 -0.86844 -0.83839 -1.03166 2
0.76350 -0.77804 0.42593 -0.40189 -0.25377 -0.12669 -0.28389 -0.43245 3
-0.80373 1.14148 -0.60700 -0.13878 -0.38196 -0.31125 -0.43821 0.49575 3
-0.88359 1.39429 -0.68646 1.45087 1.44832 1.02478 1.47375 0.01875 3
0.73855 -0.81550 1.06158 -0.75392 -0.76653 -0.62561 -0.73376 0.11682 3
-0.96844 1.36152 0.42593 0.08216 -0.13982 -0.30948 -0.07465 0.05713 3
-0.80872 1.16957 -0.13027 -0.10807 -0.24427 -0.30065 -0.14527 -0.05367 3
0.60878 -0.75463 0.42593 0.61525 1.27028 1.14752 1.40052 -1.10983 3
-1.29286 0.98230 1.61777 -0.42939 -0.30836 -0.58057 -0.29958 -0.54772 3
-1.72710 1.47856 -1.00428 0.64688 0.54861 0.50556 0.45369 -0.26090 3
-0.81371 1.27725 -1.16320 -0.00081 -0.17780 -0.02073 -0.17665 0.01002 3
-1.21800 1.28193 -1.00428 0.62350 0.02873 0.21857 0.10321 1.00395 3
0.76350 -0.73591 0.82321 -0.63153 -0.69531 -0.38631 -0.71022 -0.34607 3
0.84835 -0.89040 1.29994 -0.17041 -0.08522 0.48083 -0.00141 -0.23759 3
1.24266 -1.19004 -0.44809 0.52999 0.20440 0.49673 0.41446 0.46632 3
0.85335 -0.71718 -0.44809 -0.04619 -0.11371 -0.08696 -0.08772 -0.14368 3
-1.16309 1.11807 -1.87830 -0.49310 -0.40095 -0.34304 -0.33359 -0.13437 3
0.56386 -0.65164 0.58484 -0.44727 -0.56237 -0.17703 -0.50360 0.11808 3
0.83338 -0.83891 0.18756 -0.27171 -0.16593 0.08700 -0.11911 -0.17779 3
0.67865 -0.69845 -0.28918 -0.33359 0.21389 -0.01190 0.23137 -0.86533 3
0.79345 -0.85763 0.26701 -0.21762 -0.25139 0.06846 -0.25512 0.22788 3
0.77349 -0.72186 0.26701 -0.40739 -0.32973 -0.19999 -0.25512 -0.23269 3
-1.10320 0.94952 -0.28918 -0.31571 -0.28463 -0.46401 -0.38067 -0.00967 3
0.99310 -0.83422 -1.79885 6.32341 4.99018 6.00155 5.37091 0.74503 3
-1.19803 0.89334 0.18756 -0.31480 -0.46029 -0.38807 -0.46436 0.40226 3
-1.29286 0.98230 1.85614 -0.17224 -0.28937 -0.38101 -0.22896 0.12934 3
0.85335 -0.82018 -0.76592 -0.46514 -0.49828 -0.48962 -0.46436 -0.07083 3
0.70860 -0.70782 1.85614 -0.51236 -0.46029 -0.61854 -0.53237 -0.24680 3
0.79844 -0.84827 -0.20972 -0.13786 -0.08047 -0.26886 0.00644 -0.46403 3
0.74354 -0.72186 0.26701 0.26505 0.42754 0.78636 0.65771 -0.08636 3
0.82340 -0.72654 0.50538 -0.35559 -0.51015 -0.36600 -0.50883 -0.16690 3
1.20273 -1.27431 -1.87830 -0.46606 -0.63122 -0.32008 -0.53237 1.16770 4
-1.42264 0.97293 1.22049 -0.25475 -0.11608 0.31394 -0.05634 -0.09894 4
0.88828 -0.71250 -0.84537 0.54008 0.43467 0.40224 0.50339 0.31662 4
0.63872 -0.85295 -0.76592 2.01100 2.37414 2.26720 2.38658 0.62244 4
0.71858 -0.74527 0.90266 -0.54628 -0.53626 -0.48079 -0.51406 -0.40129 4
0.56386 -0.74527 1.61777 -1.19350 -1.26030 -1.24638 -1.28826 -0.88596 4
-1.42264 1.01039 1.85614 0.04640 1.66909 0.29628 1.38483 -1.08635 4
0.54389 -0.63291 0.50538 -0.23091 -0.40332 -0.26268 -0.41467 0.75798 4
-1.35276 1.05252 1.85614 -0.33313 -0.28937 -0.54260 -0.24466 -0.45513 4
0.74354 -0.70313 -0.05081 0.83848 1.06137 0.74839 1.17558 -0.15979 4
0.59879 -0.65164 0.90266 -0.62007 -0.69294 -0.73422 -0.68930 0.12708 4
-1.42264 0.98230 1.37940 -0.37438 -0.30124 0.09583 -0.24466 0.07502 4
-1.17807 0.78566 -0.20972 -0.20799 0.39431 0.18766 0.53477 -0.51193 4
-1.14812 0.82312 -1.00428 -0.59670 -0.35347 -0.28476 -0.22112 -0.08178 4
-1.02334 0.37367 -0.68646 -0.59624 -0.58848 -0.62561 -0.67099 0.48343 4
-1.24295 1.06657 -1.08374 1.26385 2.09877 0.62477 2.06225 0.15292 4
1.10790 -0.78272 -0.28918 -0.10990 -0.52676 -0.41898 -0.48529 2.30013 4
0.76850 -0.77336 1.37940 -0.30334 -0.17305 -0.48167 -0.15311 -0.58578 4
-1.42264 0.94484 0.82321 0.80960 0.84535 1.33826 1.01342 -0.00746 4
0.88329 -0.86700 -0.92483 0.68859 0.63407 0.89762 0.73356 0.47885 4
0.61377 -0.68909 -0.28918 1.57967 2.90827 1.05127 2.99339 -0.11689 4
-1.37272 1.07593 0.90266 0.19263 -0.11608 -0.28476 -0.04849 0.65060 4
0.78846 -0.90445 -1.24265 0.63129 0.86672 0.50644 0.94018 0.39705 4
1.29756 -1.34453 -0.20972 -0.08057 -0.53389 -0.51876 -0.52452 1.11438 4
0.26938 -0.65632 -1.00428 1.23176 0.61033 0.94266 0.73094 0.95037 4
-1.11817 1.50197 0.66429 -1.04682 -1.12261 -1.04858 -1.13133 -0.53503 4
-1.31283 0.86057 1.22049 -0.32488 -0.48878 -0.51170 -0.35974 0.17772 4
0.20449 -0.70782 -0.92483 -1.10549 -1.11074 -1.12894 -1.12086 -0.13368 4
-1.40267 0.72480 1.85614 -0.40785 -0.52914 -0.42781 -0.73115 -0.29791 4
0.54888 -0.76400 0.74375 -0.64208 -0.35109 -0.47196 -0.32312 -0.60867 4
-1.19304 0.78566 0.18756 0.57491 0.41093 0.41725 0.56878 0.72782 5
0.66368 -0.65632 1.06158 -0.50181 -0.61222 -0.59382 -0.61606 0.64855 5
1.27760 -1.39135 -1.40157 3.37192 1.97058 2.71049 2.13549 1.62948 5
-1.17308 0.79503 1.85614 0.14954 0.04535 -0.18586 0.01690 0.47695 5
-1.14812 0.76694 -1.00428 0.30355 -0.20629 0.10289 -0.20019 1.49263 5
-1.33279 0.86057 0.98212 -0.66591 -0.79501 -0.85696 -0.85931 0.65081 5
0.62874 -0.68909 0.66429 -0.22541 -0.21816 -0.49933 -0.16881 0.03986 5
-1.45757 0.99166 1.14103 -0.27125 -0.34397 -0.39425 -0.31789 0.02623 5
-1.41764 0.99634 1.85614 -1.04728 -1.08463 -0.98677 -1.11040 -0.63373 5
1.17777 -1.29772 -0.36864 0.44015 -0.10421 0.13027 -0.01972 1.40409 5
1.19774 -1.37731 -0.76592 0.07620 0.62695 -0.23531 0.25491 0.48343 5
-1.20302 0.78566 -0.05081 0.55199 0.21627 0.40401 0.42492 1.33635 5
0.55387 -0.75932 1.14103 -0.97302 -1.04427 -1.02385 -1.03717 0.93279 5
0.88329 -0.81081 -0.52755 0.51532 -0.13270 0.05256 -0.10080 2.09653 5
-1.29286 0.85121 0.66429 0.13304 0.79787 -0.05517 0.82510 0.38321 5
0.95317 -0.69377 -0.28918 0.36406 -0.12557 -0.12493 -0.16096 2.45156 5
-1.33279 1.02911 0.98212 -0.02739 -0.31311 -0.55761 -0.32312 1.09764 5
0.55387 -0.74059 -0.60700 0.45986 1.10173 0.05609 1.26451 0.39426 5
-1.30285 1.24447 -0.84537 -0.31296 -0.64783 -0.67771 -0.60037 2.17948 5
0.71359 -0.88104 0.82321 -0.29371 0.22814 -0.49315 0.17645 0.10992 5
-1.33779 0.90271 -0.76592 2.44784 2.06079 1.77624 2.19303 0.93110 5
-1.35276 0.88866 -1.08374 1.27485 1.56939 1.03096 1.56530 0.49164 5
0.53890 -0.74995 0.26701 0.55704 0.85959 0.02695 0.88003 0.34221 5
-1.42763 1.00571 1.85614 0.63175 1.26078 0.56913 1.11804 -0.55293 5
-1.13315 0.72480 -1.79885 2.99789 1.57414 1.95285 1.66992 2.37550 5
0.58881 -0.82018 0.34647 -0.06406 -0.35822 -0.28917 -0.24989 1.99904 5
0.75851 -0.69377 0.26701 1.14376 0.30173 0.39871 0.32030 2.27902 5
0.75352 -0.69845 0.90266 0.01203 -0.37721 -0.24237 -0.29435 2.43087 5
-1.43761 1.00571 1.85614 0.61387 0.42280 0.07905 0.50077 0.60265 5
-1.20801 0.75757 -0.28918 -0.40922 -0.77365 -0.72539 -0.78346 3.62536 5
