1.67190 -0.66568 -0.44809 -0.66958 -0.16593 -0.94526 -0.91162 -0.87501 1
0.10467 0.27067 -0.28918 -0.67187 -0.66208 -0.54878 -0.63437 -1.30632 1
0.29433 -0.11323 0.02865 -0.92994 -0.85674 -0.83842 -0.93254 -1.41233 1
0.09469 0.42049 0.74375 -0.62099 -0.57187 -0.00219 -0.54021 -1.00561 1
-0.10496 0.55626 -0.52755 0.73580 1.44595 0.44463 1.23312 -1.10530 1
2.00631 -1.33049 -0.52755 -0.94919 -0.89234 -0.64768 -0.93778 -1.40138 1
0.11465 0.27067 -0.52755 0.19675 0.44654 0.65302 0.62370 -1.25879 1
0.32927 -0.16941 0.02865 -0.56599 -0.52439 -0.07195 -0.50621 -0.93618 1
-1.23796 1.73606 1.22049 -0.72046 -0.73092 -0.82252 -0.84885 -0.52409 1
0.09968 0.27535 -0.76592 -0.44131 -0.52202 -0.11257 -0.40944 -0.61304 1
-0.08001 0.52348 0.82321 -0.40830 -0.51489 -0.46313 -0.51406 -0.36781 1
-1.29286 1.94206 0.26701 -0.61778 -0.75228 -0.76248 -0.77561 -0.81359 1
-0.93849 1.35215 0.66429 -0.42664 -0.50540 -0.52847 -0.45390 -0.65368 1
1.30255 -0.88104 0.50538 0.29026 0.52013 0.79696 0.53739 -0.67421 1
-0.72387 2.28382 -0.92483 -0.80022 -0.88047 -0.90023 -0.90377 -0.29849 1
-0.92851 1.35215 0.10810 0.46811 0.96642 1.32413 1.04481 -1.30432 1
-1.85188 2.40555 -0.28918 -0.85660 -0.78789 -0.99295 -0.99009 -1.18204 1
-0.15987 0.54221 -1.87830 0.54328 0.39668 0.66538 0.50862 -0.04662 1
1.22269 -1.37262 0.58484 -0.74475 -0.67632 -0.58499 -0.71545 -1.08009 1
-0.09997 0.55158 -0.28918 -0.49081 -0.63359 -0.67506 -0.58729 -0.23306 1
0.66368 -0.75463 1.53831 -0.95973 -0.92083 -0.75453 -1.00840 -1.06440 1
-0.94847 1.43643 0.18756 -0.74659 -0.84724 -0.76159 -0.82269 -0.12931 1
-1.12316 1.11807 1.37940 -1.12750 -1.17484 -1.16956 -1.20195 -0.86038 1
-0.72387 0.93080 -1.16320 1.42153 1.77592 2.91093 1.85824 -1.15672 1
-2.26615 2.42428 -0.44809 -0.76859 -0.77365 -0.88345 -0.84885 -0.69326 1
0.09968 0.39240 -0.20972 -1.05370 -1.11312 -1.01414 -1.11563 -0.80369 1
-2.10144 2.06846 -0.92483 -0.28271 -0.09946 -0.46490 -0.39897 -0.88654 1
0.62375 -0.77336 1.37940 -0.46973 -0.47216 -0.44547 -0.48529 -0.41444 1
-0.20978 0.87930 -1.16320 0.11104 0.18778 -0.36600 0.02474 -1.30153 1
-0.86362 1.11807 -1.00428 0.03724 0.19728 1.69323 0.37523 -0.69658 1
-1.09821 1.42706 1.14103 -0.03519 0.14268 0.34838 0.23922 -0.88323 2
0.14959 0.32217 -1.79885 0.11241 -0.04724 0.00576 0.01167 0.11050 2
0.68365 -0.73591 0.90266 -0.66683 -0.48166 0.01371 -0.42513 -0.92486 2
-0.70390 0.95889 -0.13027 0.62808 0.53200 0.33601 0.57139 -0.36102 2
0.90825 -0.74527 -0.52755 0.14312 0.23288 1.03714 0.26799 -0.39250 2
1.14783 -0.65164 0.42593 0.48186 0.51775 -0.42781 -0.34666 -0.52409 2
0.74354 -0.84827 0.10810 0.00011 0.27087 1.75416 0.39092 -0.55856 2
-1.80696 1.67520 -0.52755 -0.50135 -0.58611 -0.53377 -0.56114 -0.14684 2
0.91324 -0.71718 0.02865 0.04870 -0.11845 0.92853 0.08490 -0.19132 2
1.14283 -0.68909 -0.20972 -0.07644 -0.01400 -0.31566 0.00382 -0.99350 2
1.10290 -0.53927 -2.03721 6.37016 4.77415 5.44170 4.66995 0.05713 2
1.11788 -0.74995 -0.84537 -0.13465 -0.32261 -0.14259 -0.30743 0.48843 2
-1.10819 1.10870 0.42593 0.20821 0.13081 0.14351 0.17383 -0.13626 2
-0.92851 0.99166 0.10810 -0.33176 -0.20629 -0.31831 -0.29174 -0.90970 2
0.62375 -0.75932 1.85614 0.21463 0.25425 0.06404 0.21306 -0.63373 2
-1.35276 1.03848 1.53831 -0.26254 -0.12795 -0.32803 -0.08772 -0.84649 2
0.91324 -0.72186 0.10810 0.25817 0.12606 0.67686 0.16598 -0.20190 2
-0.92851 1.37088 1.37940 -0.60495 -0.69768 -0.85961 -0.66576 -0.40892 2
0.68864 -0.72654 0.50538 -0.49585 -0.37246 0.05433 -0.32835 -1.03529 2
1.25763 -1.21813 -1.00428 -1.16829 -1.22944 -1.23048 -1.25164 0.25604 2
0.63872 -0.80145 0.42593 -0.38355 -0.41756 -0.11698 -0.37805 -0.09405 2
0.19950 -0.69377 -0.84537 -0.05811 0.35633 1.50427 0.46416 -0.66368 2
-1.12816 1.31938 -1.08374 1.13642 0.56523 0.98416 0.77017 0.52133 2
0.74354 -0.49246 -1.87830 -0.69800 -0.83537 -0.70155 -0.86716 0.15856 2
0.74354 -0.80613 -0.84537 -0.48715 -0.33685 -0.19910 -0.35189 -0.51356 2
-1.22798 1.09466 1.29994 -0.46881 -0.47454 -0.49492 -0.42775 -0.32670 2
-1.53244 1.22107 0.90266 -0.30334 -0.30362 -0.34127 -0.26558 -0.04157 2
-1.13315 1.89524 0.74375 -0.95652 -1.02766 -1.01591 -1.06071 -0.17537 2
0.67366 -0.73591 0.42593 -0.71175 -0.41282 -0.25915 -0.42251 -0.86128 2
0.61876 -0.77804 1.45886 -0.36934 -0.40095 -0.44459 -0.32051 0.15413 2
0.41412 0.91207 -0.68646 0.30493 0.57235 -0.30065 -0.13480 -0.07325 3
0.82340 -0.81550 -1.32211 -0.35605 -0.34397 -0.70950 -0.48006 0.60802 3
0.68365 -0.86700 1.85614 0.01203 0.84298 1.40625 0.68909 -0.81069 3
-0.92851 1.00571 -0.36864 -0.83826 -0.86386 -0.74217 -0.87239 -0.65931 3
1.19774 -0.70782 -2.11667 0.56437 0.08333 -0.13288 -0.17404 0.81225 3
-1.07824 1.16957 0.90266 -0.62787 -0.66682 -0.77572 -0.66053 -0.44313 3
1.20273 -1.33517 0.42593 -0.05535 -0.11845 0.14881 0.04044 -0.06978 3
0.81342 -0.79677 -1.16320 -0.75025 -0.72617 -0.34304 -0.66838 -0.60962 3
-0.11494 0.54689 1.14103 -0.31388 -0.59323 -0.61854 -0.50098 1.29761 3
0.68864 -0.71250 0.74375 -0.67737 -0.54338 -0.33067 -0.46436 -0.83412 3
0.72357 -0.76868 -0.13027 -0.14657 0.05009 0.51792 0.11629 -0.55541 3
0.60379 -0.78272 0.66429 -0.22450 0.08333 0.51527 0.24183 -0.11178 3
-1.37272 1.24447 -0.60700 -0.47156 -0.43181 -0.52229 -0.38590 -0.78532 3
-0.67396 0.91675 -0.20972 -0.42664 -0.61460 -0.69183 -0.68930 -0.63773 3
0.72357 -0.81550 0.02865 0.01386 0.73615 0.53381 0.73617 -0.69873 3
-1.16309 0.81375 -0.68646 -1.17242 -1.10599 -1.15278 -1.12610 -1.46165 3
1.18276 -1.30708 0.42593 0.32876 0.01449 0.13910 0.18691 0.35758 3
1.28259 -1.34453 0.18756 -0.29646 -0.61222 -0.54790 -0.51929 1.41794 3
-1.60731 1.33343 -1.71939 1.92575 2.08690 1.80361 2.36827 -0.37081 3
-1.21301 1.10402 -0.05081 0.64138 0.24475 0.40224 0.41708 0.83694 3
-1.25793 0.94484 0.50538 -0.66545 -0.80214 -0.75365 -0.79915 0.44406 3
-1.35276 1.25852 -1.32211 0.90448 1.10885 0.76605 1.20435 -0.21916 3
-1.24794 1.08998 0.66429 -0.65033 -0.80451 -0.77131 -0.79915 0.61786 3
0.85335 -0.71718 0.02865 -0.66499 -0.80926 -0.73952 -0.79392 0.63823 3
0.63373 -0.83422 0.74375 -1.15179 -1.19146 -1.13335 -1.20195 -0.77716 3
-0.74383 1.22575 -1.24265 -0.90977 -1.03478 -0.99295 -1.03455 -0.11468 3
0.83837 -0.84359 0.50538 0.15962 -0.21816 0.00841 -0.11650 0.92479 3
0.50396 -0.66100 0.50538 -0.36338 -0.49590 -0.33951 -0.47744 0.29288 3
0.82340 -0.89040 -0.92483 -0.43260 -0.58136 -0.43399 -0.57422 0.31694 3
0.74853 -0.69377 1.29994 -0.70625 -0.71430 -0.66534 -0.69453 -0.24317 3
0.65869 -0.69377 -1.08374 0.49332 1.10885 0.40842 1.02127 -0.09641 4
0.63872 -0.84359 -0.36864 0.66750 0.84298 1.23053 1.02911 0.14061 4
-0.90355 0.56562 -1.79885 0.51945 0.31122 0.56119 0.38830 0.16677 4
-1.24794 1.08061 0.10810 -0.63062 -0.62172 -0.63444 -0.72853 -0.51514 4
-0.90355 0.56562 -0.92483 -0.00493 -0.06148 0.05433 -0.04849 -0.12384 4
-1.21800 0.82312 -0.20972 -0.06223 1.00678 0.83758 0.99249 -0.16426 4
1.34248 -0.67504 0.74375 -0.79655 -0.66208 -1.16514 -1.17056 -1.14915 4
0.60379 -0.80613 1.06158 -0.31480 -0.27513 -0.21323 -0.20019 0.24351 4
-1.21301 1.09934 0.26701 -0.74384 -0.87573 -0.87374 -0.85408 0.65329 4
-1.22798 0.79971 -1.00428 -0.40372 -0.30362 -0.66358 -0.23419 0.67876 4
-0.55417 -0.17878 -1.00428 0.72068 0.85247 0.18413 0.80156 -0.83369 4
0.19451 -0.66568 0.10810 -0.70579 -0.72854 -0.60441 -0.70761 -0.00430 4
0.95816 -0.92786 -1.00428 -0.50319 -0.65970 -0.52141 -0.62914 0.89863 4
0.79345 -0.69845 -0.13027 1.69839 1.78304 1.30117 1.81116 -0.12479 4
-1.42763 0.97761 1.85614 0.32785 0.42992 0.59651 0.54001 -0.45266 4
1.22768 -1.30708 -1.00428 0.90403 0.21627 0.52498 0.35692 1.14186 4
0.46403 -0.67504 0.10810 -0.10853 -0.39145 -0.32096 -0.32051 1.12575 4
-1.24295 0.97293 0.58484 0.41494 0.07621 0.04638 0.07705 0.40232 4
1.19774 -1.34922 0.74375 1.28081 1.51479 0.82256 1.57053 -0.11405 4
-1.42763 0.99634 1.85614 -0.48302 -0.43893 -0.49227 -0.44605 -0.02346 4
0.66368 -0.66100 0.42593 -0.41885 -0.31311 -0.44105 -0.33620 0.14824 4
-1.23297 0.62648 1.85614 -0.33680 -0.48166 -0.41545 -0.51929 -0.02357 4
1.17777 -1.29304 -1.32211 -0.55361 -0.55762 -0.79250 -0.60299 0.14329 4
1.18775 -1.34922 0.34647 -0.69708 -0.52676 -0.74393 -0.60299 -0.67505 4
1.25264 -1.19004 -1.40157 2.22186 1.75218 1.84600 1.99163 0.09355 4
-1.16809 0.95889 -0.68646 -0.38126 -0.67395 -0.52494 -0.62653 1.21397 4
-1.00338 0.64521 -1.08374 0.10874 0.02161 0.13822 0.17645 0.67439 4
0.32927 -0.63291 -1.79885 1.59067 1.41509 1.60758 1.47114 0.71056 4
0.53890 -0.63291 0.18756 0.39981 0.11182 0.46935 0.23137 1.46073 4
0.54888 -0.76400 0.74375 -0.64208 -0.35109 -0.47196 -0.32312 -0.60867 4
0.62375 -0.74059 1.06158 0.30080 0.41567 0.70512 0.45631 -0.16790 5
1.18276 -1.32581 0.34647 -0.02877 -0.24190 -0.30153 -0.14788 0.19530 5
0.65370 -0.71718 1.53831 -0.03198 0.07858 -0.00395 0.16598 -0.11200 5
0.63872 -0.67973 0.58484 0.22196 0.19490 0.01371 0.29414 0.01760 5
1.19275 -1.37731 0.66429 0.21830 0.42280 -0.10727 0.45631 -0.34665 5
-1.05329 0.59371 -1.24265 -0.82634 -0.96831 -0.90111 -0.97439 0.73808 5
1.20273 -1.36794 -1.87830 -0.05856 0.68630 0.56560 0.68386 -1.34827 5
-1.42264 1.00102 1.85614 0.72893 1.84476 1.05392 1.94194 -0.68173 5
0.62375 -0.72654 1.85614 -0.68700 -0.55525 -0.59294 -0.52975 -0.26354 5
-1.47255 1.07593 0.42593 0.06703 -0.08522 -0.18233 0.01951 0.63544 5
-1.22299 0.79971 -0.20972 -0.29509 -0.49828 -0.39337 -0.41205 1.25108 5
0.73356 -0.71250 1.61777 0.33518 -0.03537 -0.09579 -0.01187 1.49242 5
-1.35276 1.06657 0.74375 -0.06177 -0.45080 -0.54790 -0.44605 1.41431 5
-1.34278 0.87462 1.85614 -0.80572 -0.83537 -0.91171 -0.82008 -0.08747 5
-1.34777 1.06189 1.06158 -0.45185 -0.62647 -0.68919 -0.63699 0.92226 5
0.74853 -0.85763 0.42593 0.38973 -0.07335 -0.10109 0.00905 1.71144 5
-1.06327 0.73416 -1.08374 -0.96477 -0.91134 -0.84460 -0.90116 0.41021 5
0.57883 -0.77804 0.66429 -0.46148 -0.62409 -0.66888 -0.61083 1.19097 5
-0.08999 -0.55332 -0.20972 0.43190 0.33021 0.06934 0.30984 0.14045 5
0.74354 -0.85295 -0.68646 1.67731 0.94743 0.76517 0.97942 1.96741 5
1.16779 -1.35858 0.58484 -0.26758 -0.59561 -0.64150 -0.61345 1.93967 5
0.56885 -0.74059 -0.36864 0.54833 0.97591 0.16559 1.02911 0.05086 5
0.55887 -0.73591 -0.68646 0.33518 1.72369 1.09630 1.65161 -0.85601 5
0.76850 -0.68909 0.82321 0.04365 -0.40807 -0.34569 -0.42251 3.12615 5
0.61377 -0.87636 0.42593 1.35232 0.32309 0.39341 0.35692 5.85814 5
0.89827 -0.87636 -0.76592 0.41081 -0.32261 -0.19910 -0.19235 3.75916 5
-1.37771 0.89802 1.77668 -0.03244 -0.48878 -0.49050 -0.49836 2.89434 5
-1.31283 0.86057 0.90266 0.14816 -0.35347 -0.38895 -0.35189 3.17494 5
-1.31782 0.81844 -0.05081 0.86277 0.09520 0.05609 0.15552 3.91980 5
-1.37771 0.82312 1.85614 -0.94552 -1.03478 -1.05388 -1.06594 1.23992 5
