-1.46565 0.10740 2.41372 0.01967 0.18632 -0.70626 0.16006 0.86802 0.29393 3.73144 0.22281 -0.87162 1.67595 -0.39141 0.39315 -0.79060 0.46543 0.42943 -0.91526 -0.29167 1.23010 -0.59947 0.68076 -0.33475 -0.78917 -1.22154 0.34022 -1.43041 1.01332 -0.61743 0.69124 0.70158 1
-0.51590 -0.24454 -0.83597 0.85835 1.42848 0.49862 -1.01148 -1.39824 -0.90932 -0.26511 -0.44079 -0.63132 1.49989 -0.92619 -0.91599 -0.41119 0.62782 0.09890 -1.06281 0.66434 -0.73905 1.26024 -0.23737 -1.34702 0.17604 2.45294 1.11864 0.31486 0.29373 1.82573 0.22260 1.40521 1
-0.80513 -1.23325 -0.85553 0.56503 -0.45058 -0.81001 1.14259 -0.61406 2.95459 0.64628 0.55793 -0.37131 -1.69848 -0.41666 0.87823 2.11425 -0.77612 -0.92805 -0.47545 0.71097 0.24387 -1.21938 1.37066 0.25827 -0.02346 -0.60912 1.13303 -1.43164 0.49111 -1.22821 0.36281 -1.40934 1
0.41310 -1.02071 0.53100 -0.58256 1.69703 -0.77428 -0.86632 -0.87489 -0.89939 1.22622 -0.89184 -0.77097 0.97162 -1.13869 0.14889 -0.06879 -0.11831 -0.92619 0.62197 -1.33572 -0.03407 1.26024 0.93020 -1.40784 -1.62867 -1.22154 0.43671 -1.65762 -0.96169 -0.00664 -1.47338 0.70158 1
1.49932 -0.25394 -0.93749 -0.45669 -1.51975 -0.64120 0.42712 0.55842 0.46188 -0.78325 -0.13461 -0.31374 -1.38440 1.37733 -0.48855 -0.63246 -0.33593 -0.74907 -1.39569 1.63715 -0.71357 -1.21938 0.79966 0.85282 -0.31166 -0.60912 -0.50272 -0.43438 0.61475 -1.22821 1.69709 -0.70570 1
-0.68204 -0.34401 -0.73252 1.41180 -1.06310 -0.89903 1.10395 -0.08702 0.45900 -0.49811 0.65735 -0.90614 1.33540 0.64915 -0.42715 -0.57956 1.44589 -0.34102 -0.47088 1.12405 1.36187 0.02043 -1.24041 -0.40910 0.86877 -0.60912 -0.50438 -1.03421 1.67415 -1.22821 -1.34362 -0.70570 1
-1.29376 -1.23176 -0.74505 -0.30747 0.49260 -0.81963 -0.13045 -0.27935 -0.76433 0.64240 -1.62487 -0.35738 1.23057 1.02412 -0.66115 0.22219 -1.61381 -0.49613 0.18069 -1.71570 0.58123 0.64034 -1.38620 1.37467 -0.46184 -1.22154 1.48845 1.16002 -0.16914 1.82573 -1.48852 1.40521 1
-0.08561 1.47806 -0.10759 -0.06268 0.23852 -0.76269 -1.59009 0.96291 -0.91028 -0.74803 1.71973 -0.63901 1.72029 1.13007 0.52386 -0.22449 1.29764 0.00253 1.40864 -0.99233 -1.45826 1.26024 -0.39363 1.62984 -0.22550 1.22812 1.14992 -0.71796 0.13151 1.21494 0.64348 -0.00206 1
-1.53321 -0.88200 3.59958 -0.91861 1.41887 -0.39967 1.31859 -1.51983 0.44522 1.56684 0.23212 -0.04055 0.26314 -0.05372 -0.64241 0.20706 0.34365 -0.55122 1.31875 -1.31489 -1.22054 -0.59947 0.68112 1.14957 0.02712 0.00329 -0.97312 1.24567 0.49176 -0.00664 -0.24064 0.70158 2
-1.37575 -0.27375 -0.89806 0.09976 1.66799 0.53369 -1.71710 0.62540 -1.00112 0.00162 -1.34116 -0.80718 -1.15453 0.20679 -0.85805 -0.54717 0.55426 -0.60577 -0.11679 1.42295 0.03838 -1.21938 0.10549 0.25341 1.23609 -1.22154 -0.05744 -0.97059 -0.30455 -1.22821 0.29979 -0.00206 2
-0.03541 1.06455 -0.19291 -0.66241 0.91192 -0.13986 0.77537 -1.30027 -0.66346 -0.81778 1.18008 -0.97015 0.73291 1.62934 -0.30875 -0.89452 0.04631 -0.24208 -0.74837 -1.25819 -1.43648 1.88014 -0.30165 -0.35913 1.15214 -0.60912 0.78185 -0.55836 -1.44954 -1.22821 0.25519 1.40521 2
0.13541 0.75875 0.93799 1.93862 -0.88435 -0.77632 1.16407 0.43028 0.33528 0.91912 1.01576 -0.36205 1.22637 0.83994 -0.77376 -0.94730 0.07751 -0.12044 -1.19438 1.64824 0.46285 0.64034 -1.65468 -0.45132 -0.59906 0.61570 0.46155 0.30155 -0.54389 1.21494 1.64129 1.40521 2
0.26791 1.17541 -0.65940 -0.72201 0.56219 -0.90231 -0.40504 0.72375 -0.22432 -0.29299 -0.79488 -0.96097 1.00060 0.72860 0.88375 -0.87361 -1.62260 0.47083 -1.11382 0.16578 0.18484 0.64034 1.65213 -0.70614 1.21244 0.00329 -1.12030 -1.59803 -1.57575 -0.61743 -1.47910 0.70158 2
-0.87281 -1.13994 -0.28676 -0.54958 -0.90498 -0.24251 -1.72898 1.07763 -0.94353 0.17174 -1.17169 -0.87595 1.14840 -0.68667 -0.30232 -0.98849 -1.13487 -0.05096 0.22736 -0.09448 1.19841 0.64034 -1.17589 -0.63277 1.42589 0.00329 -1.40708 -1.71851 0.82204 -0.00664 1.23925 -0.00206 2
-0.10744 -0.08527 -0.17320 -0.00714 1.26898 1.79947 1.12919 -0.35501 -0.19934 -0.93658 -0.35293 -0.91375 -0.91121 1.15725 -0.95405 0.04788 -1.29296 -0.69942 -0.90211 -1.03175 1.37907 -0.59947 -1.61354 -1.54025 -1.04969 0.00329 -0.60285 -0.11407 -0.07859 -0.61743 -0.38100 -0.00206 2
0.66925 -0.69613 0.32142 -0.65431 -0.98938 -0.23594 1.06864 -1.01411 -0.97790 0.54962 -1.02113 -0.80942 -0.46020 1.43421 0.01044 2.05324 1.14747 -0.22842 0.41875 0.65771 -1.38109 1.88014 0.39054 1.10202 1.69886 0.61570 -0.99212 0.68243 1.51889 0.60415 -1.60763 0.70158 2
1.15136 -0.20531 -0.15600 0.81824 -1.69602 -0.11107 1.48879 -0.42634 0.55598 -0.01493 1.29950 -0.50591 1.56853 -0.37035 0.18193 -0.08203 -0.51630 0.46542 -0.87431 0.17623 -0.27501 -0.59947 1.44796 -0.13190 0.96669 1.22812 0.66719 -1.09608 -0.92909 0.60415 -1.62718 1.40521 3
0.31977 -0.76742 0.00858 -0.80620 1.01645 -0.81005 0.57734 -1.43655 0.15912 -0.83604 -1.29032 0.38116 -0.11513 -1.16169 0.41233 -0.06691 -0.16564 2.63716 1.77830 -0.50768 -0.62103 -0.59947 0.92609 -1.61244 -1.58151 -1.22154 -0.08477 0.46577 -1.69849 -0.61743 -0.09992 -0.00206 3
1.34216 -1.67141 -0.64162 1.29420 0.92435 -0.76199 -0.01746 0.33052 -0.81681 4.52330 1.42104 -0.17369 0.92702 0.18486 -0.54868 0.53049 -0.85956 -0.42318 -0.40901 0.64419 0.01077 1.26024 1.71237 0.67022 -0.21591 2.45294 1.46273 0.47460 0.95224 0.60415 0.52035 1.40521 3
-0.09927 0.97205 -0.87235 -0.45689 1.18434 1.80183 -0.48782 0.81855 -0.86984 -0.34523 -1.47037 -0.16114 -1.10710 -1.13539 -0.47511 -0.45387 -1.52977 -0.82344 0.50669 0.24657 0.88010 -1.21938 1.39427 1.24851 0.18658 -0.60912 1.63359 -0.73341 1.54594 -1.22821 -1.65365 -1.40934 3
-0.99896 0.69362 -0.54148 -0.95366 -0.83417 -0.73034 0.82089 0.21869 -0.18433 -0.61433 0.18765 0.14178 0.52836 -1.03011 0.60889 -0.89885 0.33504 1.27425 1.09930 0.87948 1.33164 -1.21938 -0.07796 -0.26404 0.29127 0.61570 0.00016 0.36763 -0.08514 -1.22821 1.23204 0.70158 3
1.31813 1.44179 -0.96315 -0.10511 -0.74645 -0.21744 0.64727 0.00659 -0.47461 -0.90564 -1.59287 -0.86872 -0.52196 0.78760 0.11714 -0.27025 0.02020 -0.83539 0.94243 -1.28831 -1.01662 1.26024 0.58240 0.02299 -0.08041 1.22812 -1.38703 0.27115 0.08036 2.43652 -0.57917 1.40521 3
0.94316 -1.48194 -0.48615 -0.40174 -1.65036 0.13088 0.32843 -1.51593 0.19277 -0.82902 -1.62886 -0.92198 1.54250 -0.67865 0.25024 -0.79285 -1.45459 -0.83947 -0.94765 -1.06934 -0.19252 0.02043 1.07238 0.44188 1.14495 0.00329 1.63442 -0.51776 -1.32163 -0.00664 0.93243 -0.70570 3
1.55249 -1.39062 0.14409 1.05200 1.11995 -0.62329 0.27740 -0.68831 -0.14529 0.47600 0.20635 -0.12262 -1.60022 -0.83402 -0.42334 0.92519 -0.98663 -0.00279 0.87656 -0.31143 -0.47264 0.02043 0.32449 0.60440 1.27226 -1.22154 1.67909 1.20169 -0.81539 0.60415 1.18614 1.40521 3
1.34172 0.95683 -0.24946 -0.28522 0.01367 -0.49823 1.25548 -0.94910 -0.77075 -0.88407 1.20879 -0.63451 -1.10571 -0.57138 0.64710 -0.12537 -1.13036 -0.26885 -0.15707 -0.37683 -1.71293 0.64034 1.08170 1.29358 0.54099 0.00329 0.69228 0.57352 -0.05983 -0.00664 -0.35449 -0.00206 4
-1.69275 -0.21783 2.47779 -0.61156 0.16996 -0.69322 -1.56507 0.99372 1.25418 1.39903 -0.60670 -0.35951 -1.21526 1.18469 0.35995 -0.19702 0.28874 -0.05729 0.61257 1.05797 -0.82554 -0.59947 -1.66156 0.56986 -0.65312 -1.22154 -0.66550 1.13382 -1.20287 1.21494 -1.18163 0.70158 4
0.89468 -0.52946 2.12353 -0.26189 -0.19631 1.20815 0.74545 0.77894 -0.59027 2.79313 -0.87627 -0.48330 -1.67499 -0.51384 -0.65277 -0.30975 1.69200 -0.70516 1.08771 0.95482 0.66795 -1.21938 0.21373 -1.05552 1.12880 -1.22154 -1.69677 -1.16232 -0.67579 -0.61743 1.54572 -1.40934 4
-1.24019 0.33223 1.00402 -0.77792 -1.67178 -0.52605 -0.34675 -0.64609 -0.85236 -0.10485 0.40559 1.21998 -0.61550 0.30569 -0.77623 0.89260 -0.48411 0.14014 -0.65747 0.60906 -0.30788 1.26024 1.41104 -1.58925 -1.41111 0.00329 -1.19102 0.84191 -1.60330 1.21494 0.60652 1.40521 4
1.61478 -1.27701 -0.27212 -0.30508 -0.02400 -0.72825 1.15913 -0.92436 -0.96503 -0.11207 0.33836 -0.61500 -0.47484 -0.72200 4.57457 -0.28614 -1.02939 -0.09866 0.93776 -0.91083 1.06213 0.02043 0.81187 0.03257 1.12112 1.22812 -1.09056 0.49655 -0.75161 1.21494 1.51651 1.40521 4
-1.21237 -1.00606 0.33545 0.62043 0.21290 0.90130 0.16062 0.84356 -0.51289 -0.79236 -0.87438 -0.87756 -0.19806 -1.44632 0.22241 0.28329 -0.62568 0.25296 -0.63963 1.20186 -1.72070 0.64034 -1.39444 0.81083 -0.02868 -0.60912 -0.57240 1.23163 0.87599 1.21494 1.59027 -0.00206 4
-1.50904 -1.66934 -0.97861 -0.22901 -0.95008 -0.69671 -1.57087 -0.89525 -0.94972 -0.92068 0.45686 -0.28295 0.42700 -0.52700 -0.76472 0.58607 -1.25905 0.09949 -0.90566 0.22582 0.36514 1.26024 -0.39727 0.02286 -0.75247 -0.60912 -1.01573 1.72201 -0.48287 -1.22821 1.35249 -0.00206 4
-1.50849 0.64358 -0.59795 -0.48811 -0.99358 0.24223 0.33873 -0.33820 -0.93680 2.70638 -1.17527 -0.87327 -1.01701 -1.53708 -0.63489 -0.89313 -0.09700 -0.84782 -0.84323 -1.36442 -0.69051 -0.59947 -1.28924 -1.41442 1.63859 2.45294 -1.24839 -0.42430 0.47960 -0.61743 0.02036 1.40521 4
1.64574 0.03507 1.14571 -0.73415 0.59814 0.31936 0.71315 1.12144 0.11442 0.49209 -0.97909 0.28717 -1.26619 -1.28851 1.58598 0.08221 0.92199 1.61967 0.39365 0.62048 -1.66215 0.02043 0.09395 -0.28255 -0.16987 -1.22154 1.56323 1.53530 0.39895 -1.22821 1.45755 -0.70570 5
-0.17633 1.31343 -0.37497 0.95232 0.27356 -0.84812 1.19818 -1.27834 -0.39711 -0.94689 0.92101 0.36078 -0.01066 -1.41833 -0.33884 -0.53725 1.71564 -0.54479 0.92561 -1.37526 0.20093 0.02043 -1.50632 0.71063 0.71501 0.00329 -0.06129 -1.29948 0.66052 -1.22821 1.43018 -0.70570 5
0.38351 0.99132 -0.67904 -0.94086 -1.02111 -0.37435 1.33392 0.05631 1.63660 1.89469 0.82156 -0.24824 -1.33929 0.49109 0.07675 -0.23245 -0.77403 0.23826 1.02087 0.46098 -1.56477 1.26024 -0.52336 0.17858 -1.63842 0.61570 0.75875 -0.68903 -1.05950 0.60415 0.15419 1.40521 5
-1.15050 1.48557 -0.51339 0.24284 -1.24960 -0.88704 0.59569 0.03163 -0.94978 -0.61598 0.24744 1.48227 -0.70241 1.36714 0.57906 0.68693 -0.47752 -0.93038 -0.86959 1.07761 -0.40639 0.02043 0.89985 0.42997 -0.27549 -1.22154 -0.89142 1.03203 0.39227 -1.22821 1.57136 -1.40934 5
-0.20386 -1.57135 -0.59438 -0.46446 1.37601 -0.26060 -0.35748 0.12361 1.97497 1.00616 0.28098 -0.92153 -0.54910 0.65628 0.99887 -0.13703 -1.67499 0.44222 -0.25443 1.03461 0.83124 -1.21938 0.87111 -1.50991 -1.17645 0.00329 0.69850 1.06927 -0.38171 1.82573 -1.05530 0.70158 5
-1.69369 1.52548 0.06327 -0.98240 -1.36860 -0.88725 0.03526 1.09455 0.40292 -0.13328 0.74836 -0.29141 0.68930 -0.83388 0.25955 -0.48486 -0.76407 -0.17623 1.23910 1.58503 -0.61098 -1.21938 0.47888 -1.41676 1.37039 0.00329 -0.90142 -0.89229 -0.78440 -0.00664 -0.11105 -1.40934 5
-1.31397 1.13276 0.39126 1.46903 -1.40438 -0.01156 1.34711 1.42154 0.31601 -0.85648 1.51868 -0.33766 -1.35595 0.03560 0.89856 -0.45637 -0.93317 -0.73173 0.90257 -0.78840 -0.97325 -0.59947 0.42615 -0.14177 1.00904 0.00329 0.55249 -1.56832 1.16084 -0.61743 0.45396 -1.40934 5
-1.67320 0.33381 -0.90281 -0.72738 -1.58438 -0.96763 -0.45159 1.52249 -0.46236 -0.21021 0.75450 -0.74247 1.13620 0.01879 -0.84624 -0.85297 0.91937 1.04929 -1.13434 -1.65785 0.04839 -0.59947 0.16999 1.30504 -1.05451 -1.22154 -1.04892 1.31559 -0.01229 1.82573 0.57584 1.40521 5
-1.05289 -0.04922 0.44595 2.97673 -1.24859 -0.22328 -0.43305 -1.66132 0.56463 -0.51719 -0.06155 -0.74291 1.20070 -0.89533 1.17867 -0.75450 1.69421 -0.20463 1.45520 -1.22130 0.03276 2.50005 -1.56550 0.74657 1.01077 1.84053 1.55255 -0.81217 0.22342 2.43652 -0.85028 1.40521 6
0.42407 1.41748 -0.74909 -0.91144 -1.04344 0.37490 0.15032 0.22047 0.32877 0.41784 1.06195 0.05084 0.94558 -1.37656 -0.23878 0.68868 -1.60800 -0.16973 -1.72083 0.31018 0.75445 0.02043 1.15215 -1.69194 -0.46072 0.61570 0.96541 0.74978 0.01038 -1.22821 -0.71621 1.40521 6
0.68765 0.17693 -0.76039 1.38746 -0.79612 -0.31208 0.25810 -0.65091 0.20297 -0.85360 0.43834 -0.45039 0.71385 -0.00691 0.39256 1.48584 0.13950 0.98159 -1.85455 -1.67127 -0.89728 -0.59947 0.26177 0.21089 -1.36413 0.00329 -0.13198 0.08592 1.12708 0.60415 -1.24178 -0.70570 6
-0.30806 0.29275 0.19391 -0.28712 0.05439 0.00094 1.06364 0.80817 0.51529 1.09430 1.71960 -0.30703 -0.80878 1.07129 0.40522 -0.82706 1.29845 -0.78723 0.31524 0.35831 -1.57667 -0.59947 -0.38205 0.55784 0.94855 -0.60912 -1.04493 0.58482 -0.98374 -0.00664 -1.23240 -1.40934 6
-0.74604 1.23947 1.02042 -0.36182 -0.72280 0.99947 1.44964 0.11686 -0.24816 -0.36346 -1.61835 0.42892 -1.14555 -1.35815 -0.49815 -0.22310 -1.66991 -0.74469 -0.90201 -0.40517 -1.68214 0.64034 0.60691 -1.50709 -0.92554 -0.60912 -0.62865 1.31689 -0.14221 1.21494 -0.92191 -0.00206 6
-1.20574 -0.33471 -0.38815 -0.91679 -0.96870 0.91360 -1.64051 0.77042 0.01440 0.42314 -0.94942 -0.62422 1.32890 -0.53610 0.49275 0.90866 0.64524 -0.75162 -0.05748 -1.70488 -0.49534 0.02043 -0.49805 -1.01245 -0.34501 -1.22154 0.24263 -0.36233 0.50351 1.82573 0.33029 0.70158 6
-1.10975 -1.59753 -0.30848 -0.76752 -1.17210 -0.86136 -0.56936 0.16943 -0.95198 -0.95523 -0.40230 -0.69580 -1.66309 -1.04119 -0.74963 -0.86061 -1.15507 -0.58974 -0.80204 -1.20854 -1.31493 0.02043 -0.89699 0.13449 1.35075 -0.60912 0.42358 1.23573 -1.64920 -1.22821 -1.40291 -1.40934 6
1.63611 -1.17488 -0.59433 0.06017 1.36347 -0.08684 1.61880 1.31180 -0.85877 -0.47900 -1.37764 -0.31188 1.00467 0.95903 -0.21408 -0.67079 0.37567 0.35724 -0.08025 1.54373 0.44984 -0.59947 0.02430 1.09846 1.05013 0.61570 -0.25755 -0.40051 -0.04337 -0.61743 1.21416 -0.70570 7
-0.52340 0.98568 1.24816 1.12977 0.88104 0.84183 1.09329 0.10341 0.44785 -0.19692 -0.38702 -0.21336 -1.44104 0.37675 -0.84955 1.52620 0.27268 -0.14655 -1.84896 -1.33610 0.08542 1.88014 1.51085 0.78935 0.54465 1.22812 -0.91205 -0.94267 1.43831 1.21494 -0.66517 0.70158 7
-0.31825 -1.35165 -0.42894 0.06159 -0.59139 0.79882 1.43112 0.00311 -0.45277 -0.82526 0.04536 0.49263 0.57413 -1.65063 -0.17555 -0.24819 0.58808 0.02999 1.07094 -1.48777 0.97356 0.64034 0.18789 0.63201 -0.78225 -1.22154 1.49688 -1.37601 0.38059 -0.00664 -1.66847 0.70158 7
-0.94142 -1.00576 -0.52299 -0.64314 -0.67082 0.14869 -0.28313 -1.44284 1.51014 -0.40833 1.26444 2.08815 -1.70662 -0.26767 -0.95430 -0.98319 0.03664 -0.91230 0.22850 -1.21534 0.69414 0.02043 0.42553 -1.23678 -0.57484 -1.22154 -1.13880 -0.24625 0.76886 -0.61743 0.10590 -1.40934 7
-1.69088 0.31516 -0.92311 -0.21218 1.34565 -0.76927 -0.57913 0.42091 1.01534 1.77490 1.33951 0.53505 -0.28375 1.08479 -0.84175 -0.33699 -1.50598 1.45361 -0.22210 -1.52302 1.45075 0.02043 -0.13784 -1.15167 0.14584 1.84053 1.50251 -0.86031 1.26598 -1.22821 -0.22643 0.70158 7
1.04499 -1.16138 0.06864 -0.65607 -1.36637 -0.70956 -1.73037 0.87946 1.69278 0.99889 -0.19239 0.38531 -0.68917 -1.54293 0.84265 0.80609 -0.73325 -0.64019 1.37081 -0.72886 -0.48560 0.64034 1.46922 -1.34741 -0.01004 0.61570 -1.12294 0.08290 0.13342 -0.00664 0.40883 -0.70570 7
-1.27867 -1.50006 -0.79100 -0.67413 -0.81354 -0.50632 0.41457 -1.40089 -0.38717 1.24804 -0.78794 0.22568 1.13199 -1.18773 -0.90964 -0.17670 1.40270 -0.70279 -0.67068 -1.09057 0.15083 0.64034 -0.93508 -1.28360 0.63759 1.22812 1.51298 1.32828 1.41369 -0.00664 -0.09403 1.40521 7
-0.72135 1.45195 0.63059 -0.93869 1.16747 0.16672 -0.82710 -0.35077 1.02705 0.51756 0.70784 1.23774 -1.45625 0.78253 1.93107 -0.79923 1.69624 -0.28880 1.48163 -1.63060 -1.52035 -0.59947 1.20762 0.81492 -1.19970 -1.22154 -0.53152 1.36144 -1.12916 1.21494 0.06096 0.70158 8
-1.00285 -0.59853 1.24475 -0.66028 -1.30271 0.07010 0.56999 0.16929 -0.66665 -0.86766 -0.74769 0.57360 -1.01686 0.31893 0.76727 0.51663 0.44500 0.04067 0.63853 -1.18598 1.44325 -0.59947 0.58819 0.63137 -0.23335 1.84053 0.08262 0.67708 -0.84990 -0.61743 -0.66079 1.40521 8
-0.33799 -1.55684 -0.43361 -0.92366 -0.53669 0.58906 -1.05420 -1.33060 0.45097 1.32761 -0.57349 0.72137 -1.62375 -0.98091 -0.85936 -0.59065 0.91161 -0.31323 -1.99698 -1.59638 0.21116 -1.21938 0.40772 0.62671 1.73635 1.22812 -0.64849 0.72175 -1.42625 1.21494 -1.00408 -0.00206 8
0.82540 -1.01650 -0.71144 1.36478 0.93370 0.30491 -1.66484 -1.55921 0.64058 -0.76575 -0.64010 -0.83117 1.61176 1.25168 -0.23959 -0.04366 1.18126 2.23736 0.51363 -1.55489 1.08179 2.50005 -1.01698 -0.66594 -1.05292 1.84053 -1.27948 0.65447 -1.22258 -0.61743 0.96115 1.40521 8
-0.62219 -0.78816 -0.51676 -0.68587 -1.34679 0.11531 -0.05835 -0.59280 -1.01087 -0.94828 0.82494 -0.40185 0.07076 1.33597 -0.95136 0.46228 -0.46250 -0.25478 -0.61632 -1.13436 1.49057 -0.59947 1.56684 -1.21597 1.35439 0.00329 1.66764 1.38043 0.23656 -0.61743 1.04374 -1.40934 8
1.34170 0.63646 0.34607 -0.28088 -1.02345 -0.60229 0.92484 0.94293 -0.54070 -0.71327 0.17414 -0.79755 0.08231 0.20362 -0.67548 -0.88254 0.87808 1.99857 0.03475 -1.21083 0.21875 1.88014 -0.63148 -0.73885 1.73421 0.61570 -0.56635 0.49899 -0.26144 1.82573 -0.01036 1.40521 8
-1.69521 -0.84037 0.68156 -0.34243 1.51177 0.69734 0.57909 -0.10566 0.72433 1.09877 0.52240 0.65045 -0.89584 0.53817 -0.47843 1.09699 0.78755 0.27225 0.21773 1.10832 0.63356 -1.21938 -0.93270 -1.64811 0.03697 -1.22154 -0.67019 -0.69802 -0.38251 0.60415 -0.33709 -0.70570 8
-0.82411 0.73117 -0.76669 0.22606 0.99890 0.42562 0.85635 -0.46985 0.33788 0.75461 0.68537 0.52705 -0.48537 -0.40477 0.02054 0.05889 1.20190 0.38205 -0.19202 -0.95309 1.53401 0.64034 -1.33035 1.42713 0.08603 -0.60912 1.04520 -1.66035 0.73971 -0.00664 0.60790 -0.70570 9
-0.15621 -1.43902 -0.84003 -0.11037 0.80324 -0.45033 -0.57644 -1.59738 -0.61396 -0.05611 0.35359 0.14556 1.22499 -0.39660 -0.08082 -0.60278 -0.42812 0.87700 0.39314 0.91604 1.36985 0.64034 -0.35957 1.74357 1.58908 -0.60912 -1.51791 -1.61403 -0.90311 -1.22821 -0.44353 -0.00206 9
1.36511 -1.71828 0.52060 -0.93721 -1.27393 0.36760 -1.15609 -0.81352 -0.94770 -0.36752 1.10536 -0.26821 -1.21809 -1.12754 -0.15621 -0.79271 -0.30179 0.37178 1.64119 -1.66403 -0.95359 -1.21938 -0.83163 1.28650 -0.75064 0.00329 -1.15565 0.37699 -1.45837 -1.22821 0.27746 -1.40934 9
-1.48487 0.29940 -0.45471 -0.75680 0.29852 -0.85580 1.26911 -0.56996 -0.13992 -0.11854 -0.88566 0.00209 0.21537 0.45592 -0.87290 -0.94539 -0.80286 5.07319 -1.58361 -0.92165 -0.27948 1.26024 -1.16303 -0.87118 0.53442 0.61570 -0.08196 -1.42326 0.22110 -0.00664 -1.44842 0.70158 9
-0.74457 -1.20387 1.02652 -0.79193 0.02464 -0.58749 0.89202 -1.34694 -0.47829 -0.30873 -1.12775 0.29433 -1.41876 1.67420 -0.10447 2.70857 1.18853 0.39831 -1.03603 0.07134 0.71028 1.26024 0.63722 -0.39592 1.18964 1.84053 -0.58077 1.70357 0.22827 -0.61743 -0.82757 1.40521 9
0.85288 0.06991 -0.37121 -0.72738 0.96689 -0.27606 -1.27100 -0.73015 -0.97038 -0.01412 -1.33735 -0.07018 -1.13368 -0.51321 -0.92189 3.05919 -0.76135 -0.47817 -1.54419 1.62227 0.96710 1.88014 1.66693 -1.30557 1.72963 1.22812 -1.31256 0.90025 1.56277 -0.00664 -1.62861 0.70158 9
1.10705 0.86094 2.41061 -0.79157 -0.20110 4.14681 1.53708 -0.34690 -0.89865 -0.76750 1.72994 -0.94486 -1.25719 0.97485 -0.01051 -0.66864 0.01090 -0.88797 1.66366 0.35354 -0.03283 0.64034 0.98583 -1.47668 -1.61087 0.61570 1.12280 -0.63864 -1.30469 -0.00664 0.25589 -0.70570 9
-0.14504 0.20038 -0.31828 -0.20838 0.38024 -0.47365 0.88512 1.57521 0.86854 -0.59784 -0.88999 0.51673 -1.23295 1.72543 0.30992 4.31015 -1.61304 0.57214 -0.24717 -0.32194 -0.09979 -1.21938 -0.23983 0.47932 -1.63936 -0.60912 -1.40935 -0.33043 -0.85875 1.21494 -0.88175 -0.00206 10
-1.43172 -0.44128 -0.85325 -0.92184 1.48864 -0.50085 -0.95034 1.64778 2.00836 0.07822 0.15878 4.60804 -0.34980 0.83928 -0.88207 -0.74082 -1.12233 0.39657 1.53493 0.43534 0.76635 1.88014 -1.61255 0.40370 -1.46648 0.00329 0.05987 1.56122 0.90002 0.60415 -1.28954 0.70158 10
-0.34234 0.59266 0.34035 -0.78856 0.84299 -0.84761 -0.32729 -0.95442 -0.63721 -0.86592 -1.19506 0.51108 0.92811 0.82597 -0.70427 2.86769 0.42888 -0.26725 -0.49803 -0.41241 0.70720 0.02043 -0.94096 1.48266 1.63436 0.00329 -1.38922 0.43035 0.50742 -0.61743 0.47035 -1.40934 10
-1.49879 0.85230 0.01833 -0.26305 1.22123 -0.78306 -1.23551 0.07063 1.11187 0.60738 -0.60594 2.47957 -0.10373 -0.96892 1.59516 -0.13524 0.23342 -0.69961 1.49753 0.00994 -0.33011 1.26024 -1.45532 1.02834 -1.05048 1.22812 -1.65854 0.32539 -1.69461 1.21494 -0.84513 0.70158 10
-1.11185 1.72778 -0.77280 -0.40264 -1.37865 -0.55569 1.35284 1.40017 -0.29841 -0.19811 -0.09498 -0.54796 -0.98371 1.40567 -0.74707 -0.82113 1.02242 1.76935 -0.72887 0.86822 1.08369 1.26024 -1.39601 1.28785 0.11600 1.22812 0.45879 -1.51068 -0.58862 1.21494 -1.17645 -0.00206 10
-1.29865 -0.05791 -0.09559 1.27796 0.98356 5.83089 0.26778 -0.11972 1.46319 6.12650 -0.13352 0.47486 0.26047 0.51971 -0.99732 -0.74389 -1.13546 -0.96879 -0.41810 -0.38883 -1.44667 1.26024 1.33959 -0.05658 0.52128 -0.60912 -0.43057 0.30063 -1.36337 -1.22821 0.88629 -0.00206 10
1.30138 0.71364 1.70098 -0.67167 -1.50729 -0.48200 -0.76339 -1.01543 -0.85523 -0.07252 0.01693 0.92089 -1.48238 0.63613 -0.36995 -0.46837 0.02082 6.20225 -0.60332 0.60299 0.86092 0.02043 -1.29634 1.00458 1.26532 -1.22154 0.61922 0.86411 -0.83400 -1.22821 -0.99343 -0.00206 10
