0.70000 0.09193 -0.13596 -0.29238 1.09740 -0.69977 0.15007 -1.00569 0.84621 -0.71774 -0.50853 -0.96471 1.06443 -1.60292 0.00063 -0.94298 1.58175 -0.21150 0.17649 -0.48386 0.91670 2.50005 0.97218 0.21943 -1.06736 1.22812 1.71348 -0.11591 -1.69380 -0.61743 -1.63705 1.40521 1
-0.62038 0.11963 0.80709 -0.80869 -1.19056 -0.45166 -1.71092 1.21167 -0.95308 0.63101 0.98143 -0.79468 0.02821 1.20082 -0.11641 -0.98633 -0.53824 -0.88101 -0.87431 0.83864 1.65563 1.88014 0.32909 -0.96957 0.72785 -0.60912 -1.57536 -1.67214 0.99483 -0.00664 -0.95588 0.70158 1
0.25367 -1.45806 0.32879 0.03995 1.45112 -0.94141 -1.08017 -0.44114 -1.01532 -0.11481 -1.37289 -0.85836 1.59694 1.08171 0.34560 -0.85596 -1.44261 0.01027 -2.03206 -0.15557 0.37651 -0.59947 -1.43945 -0.53848 1.21091 0.00329 0.14182 -0.85187 -1.54013 0.60415 -1.70169 -0.00206 1
0.79387 -0.18371 2.18441 1.71856 -1.47704 -0.92500 -0.66153 0.45026 0.73769 -0.55097 1.04060 -0.96907 0.49459 -0.59712 -0.96569 2.28690 0.14994 1.43272 -0.25976 0.37362 0.14390 0.02043 0.66501 -1.45343 1.24397 0.00329 0.07994 0.65760 1.53982 -0.00664 1.37431 -1.40934 1
-1.11168 -1.11257 -0.56589 -0.70648 -1.21049 -0.54656 1.62003 1.06715 -0.45822 0.55876 1.66271 -0.79499 -0.02575 -1.43249 -0.86559 0.17853 0.37541 -0.29581 -0.65139 -0.97998 0.08413 0.02043 -0.61052 1.64606 0.77795 -1.22154 0.79521 0.58517 1.28105 1.21494 -1.39870 0.70158 1
1.18802 -1.32011 -0.95367 0.49703 0.59410 -0.71830 0.93744 -0.18709 0.38890 -0.39428 -0.67873 -0.81260 -0.12095 1.26174 -0.69690 -0.59912 0.51893 -0.70642 0.53128 -1.00600 -1.40015 0.02043 -1.52622 1.12924 -1.49400 1.84053 1.17294 -0.58755 0.02442 -0.61743 -1.08574 1.40521 1
-0.25787 -1.34252 -0.71205 -0.50309 1.64577 -0.65499 1.58685 1.45025 -0.96392 0.28687 -1.39082 -0.97317 0.62117 -1.71680 0.49256 -0.31480 1.52596 -0.93697 -1.95548 -1.19978 -1.10435 0.02043 -1.49063 -0.63538 1.67877 0.00329 -1.29496 -0.10681 0.09997 -1.22821 -0.20156 -1.40934 1
1.27962 0.57178 0.20067 -0.21711 0.86296 0.72505 1.25962 0.94955 -0.76753 -0.94870 -0.65013 -0.86373 -1.67047 1.39617 0.74852 -0.40401 1.24706 1.37721 -0.59137 -0.28398 1.22196 -0.59947 1.38265 0.38194 0.14805 -0.60912 1.70006 0.10194 -1.53754 1.21494 -0.17773 1.40521 1
0.08501 0.73902 -0.79479 -0.72532 -1.07976 -0.57193 -0.82792 1.70637 0.24522 -0.39360 -1.56138 -0.61504 -1.42405 0.53372 -0.86837 -0.52143 1.40719 -0.89808 -0.60352 -1.68096 1.45762 0.64034 -1.30183 1.53814 -0.55518 1.22812 -1.40262 0.24720 0.00377 1.21494 -0.22900 -0.00206 2
0.47613 0.03745 -0.84466 1.44204 0.73964 -0.73562 0.37712 -0.72831 -0.52262 0.28901 1.12886 -0.97373 -0.00035 0.27965 -0.24800 1.11921 1.49256 -0.72623 -0.61215 -1.66288 -0.10330 -0.59947 -0.09558 -1.17637 0.70254 0.00329 0.23742 -1.47592 0.81402 -0.00664 0.57675 -1.40934 2
1.03553 1.12805 -0.95067 -0.80258 -0.44691 -0.42795 0.02307 1.52347 -0.13419 2.19326 -0.46130 -0.66691 1.53890 1.37996 -0.18014 1.24780 0.04807 -0.52504 0.12895 -1.64865 -1.27275 1.88014 0.50046 0.30535 -1.60071 2.45294 -0.69317 -0.21093 -0.96612 1.21494 1.63101 1.40521 2
-0.17347 0.85795 1.08225 1.98104 0.97117 -0.37545 -0.56364 0.39155 1.71750 0.09626 1.27558 -0.92383 0.87147 -0.41491 0.71156 -0.83795 -0.40553 -0.78534 0.31371 1.56311 1.30849 0.02043 -0.96001 -0.89069 -0.97359 0.00329 -1.50870 1.61680 -0.26480 -0.00664 -0.63289 -0.70570 2
1.04275 -0.58167 0.29663 0.93654 0.34501 0.09226 0.19886 1.30824 1.26234 -0.55670 1.47356 -0.17253 -0.67136 -0.13150 -0.96764 -0.46880 -0.30863 -0.46599 1.60557 0.01610 -0.94759 -0.59947 0.90894 -1.04121 0.56389 -0.60912 -0.48197 -1.65675 0.22965 0.60415 1.75232 1.40521 2
1.20047 -1.46145 -0.30131 1.17195 0.90155 0.51212 -1.08265 0.07914 3.52848 -0.23820 0.75765 -0.87006 -0.35987 1.43499 0.64142 0.22930 -0.30123 -0.59672 -0.09964 0.68305 -0.04219 0.02043 1.72456 -0.71947 0.41525 -0.60912 -1.69013 -0.05330 0.56131 0.60415 -1.66870 -0.00206 2
1.70417 0.56416 -0.16513 -0.71258 0.43611 -0.28475 -1.58023 1.42063 -0.51635 -0.82751 1.63852 -0.70049 0.04784 -1.12599 0.19567 -0.87169 1.11386 -0.71964 -0.65029 -1.49038 -0.82133 1.88014 -1.34328 -0.20147 0.81455 0.61570 1.74544 -1.48376 -0.39565 2.43652 -0.39972 1.40521 2
-0.67512 0.53056 -0.88923 -0.12300 0.18041 -0.56485 0.96274 -0.15011 1.36436 0.04290 1.24457 -0.17500 -0.41848 1.58039 0.22092 1.80316 -0.34337 -0.63175 -0.13384 -0.57792 1.29082 -0.59947 -0.55015 -1.42351 1.54026 0.00329 -1.44742 -1.67511 -0.04611 -0.61743 1.42320 1.40521 2
0.02352 1.01465 -0.81077 -0.80136 -0.70832 -0.80280 -0.43694 -1.65343 -0.72031 1.48319 1.51811 -0.31078 -1.70077 0.73724 0.53467 1.58293 -1.33953 -0.47470 -1.36711 -0.68642 -0.31482 0.02043 -1.27509 -0.42248 0.89973 -0.60912 1.07691 -0.12726 1.62302 -0.61743 0.53605 -0.70570 3
0.09977 -1.58683 -0.31834 -0.88543 1.07767 -0.83225 0.76741 -1.46774 -0.42310 -0.89586 1.49737 0.31852 1.46989 0.05646 0.15308 -0.97007 -0.56618 -0.73644 0.95541 0.75222 -0.27944 0.02043 0.08037 -0.06987 0.70339 1.22812 -1.53064 -1.12432 -1.70108 2.43652 -1.65978 1.40521 3
-1.15882 1.18946 -0.76945 0.04292 -0.24235 -0.27451 -0.66053 0.80169 -0.55775 -0.07442 0.39304 -0.14973 1.10593 0.96652 0.51548 -0.77381 -1.07235 -0.91161 0.52070 0.27294 -0.33844 0.02043 -1.52941 0.94165 -0.25790 0.00329 -1.47038 -0.58494 0.43690 0.60415 -1.34025 0.70158 3
0.16454 -1.53691 -0.42667 -0.75358 -1.44661 1.25196 0.15643 -1.35518 -1.00615 0.05775 -1.00922 -0.22260 1.43998 1.34517 -0.85898 0.06330 1.72705 -0.64878 -0.00990 -1.27318 -0.54571 -0.59947 0.21293 -1.14407 1.05150 -1.22154 1.09091 0.32105 1.19145 -0.00664 -0.73079 -1.40934 3
-1.18528 1.66785 0.41436 1.92624 -1.49376 1.23107 -0.50084 -0.21894 1.29746 -0.08658 0.06938 -0.27637 -0.62295 0.42067 -0.23180 4.45114 0.68082 -0.75570 0.26429 1.05362 -1.29093 0.02043 -1.64166 -1.25876 1.74130 -1.22154 -0.80444 -1.48118 0.82568 -0.61743 1.07568 -1.40934 3
-0.02362 0.19342 -0.83554 -0.56965 -0.00265 -0.28486 0.00377 0.92264 3.18624 -0.90729 0.22738 -0.82619 -0.59506 -0.37431 -0.98591 -0.91534 0.87930 -0.80068 0.62721 -0.57626 -0.11021 -0.59947 -1.33820 -0.53897 -1.25382 -0.60912 -1.10343 0.22802 0.07627 1.21494 -0.93265 1.40521 3
0.25654 1.66120 -0.62913 0.36365 0.66193 -0.99804 0.23179 -0.97465 1.59273 -0.92052 -0.65037 2.37358 0.68041 -0.84477 -0.02397 -0.81668 -1.16995 -0.70885 -0.19943 -1.32205 0.18521 -0.59947 -0.01672 -1.27225 0.06668 -1.22154 0.89120 1.68110 0.45906 0.60415 -0.20926 1.40521 3
0.80002 -0.33548 -0.04081 1.24767 1.68056 0.04922 0.53753 0.82796 -0.12347 -0.46195 0.87258 0.68067 1.30749 -1.64988 1.40694 0.03436 0.53030 -0.78202 0.47258 0.60640 -1.10401 -1.21938 1.50670 1.31772 1.06305 -0.60912 0.97890 -1.51839 0.70998 -1.22821 -0.37437 -0.70570 3
0.79791 -0.80512 0.36013 -0.48287 1.72612 0.24164 0.25717 -0.45360 0.16505 -0.81707 -1.35550 -0.72883 -0.25602 1.46570 0.06116 -0.29069 -0.90703 -0.87789 -1.84518 1.00523 0.08448 -0.59947 -0.37156 1.28590 -1.57911 1.22812 -0.48449 0.64182 -0.01306 -0.61743 -0.19653 -0.00206 4
1.23163 -1.11961 -0.86267 -0.54300 -0.14016 -0.80552 -1.23357 0.23443 -0.89150 -0.33288 -0.31195 0.59376 -1.53899 0.96449 -0.36313 -0.52925 1.14918 -0.74579 0.91128 -1.14614 -0.18333 1.88014 -1.15509 0.09346 -1.35840 1.22812 -0.44867 -0.78503 1.48308 0.60415 -0.92569 1.40521 4
-1.21237 -1.00606 0.33545 0.62043 0.21290 0.90130 0.16062 0.84356 -0.51289 -0.79236 -0.87438 -0.87756 -0.19806 -1.44632 0.22241 0.28329 -0.62568 0.25296 -0.63963 1.20186 -1.72070 0.64034 -1.39444 0.81083 -0.02868 -0.60912 -0.57240 1.23163 0.87599 1.21494 1.59027 -0.00206 4
1.69890 0.86603 -0.63269 -0.62277 -1.21899 -0.31777 0.81562 1.61106 -0.93607 0.26398 1.53146 1.66742 0.95883 -0.96711 3.56825 -0.22340 -1.23964 -0.88917 1.21633 -0.27854 1.49812 0.02043 1.29965 0.82648 1.11643 -0.60912 0.85710 1.18146 1.60839 0.60415 -0.68390 1.40521 4
0.69252 -1.31795 1.10449 0.23802 0.23375 -0.65754 1.17699 -0.86744 -0.79937 -0.66818 0.70173 -0.44338 0.05695 -0.93570 -0.70495 -0.68209 1.66271 -0.22821 -0.22191 1.60121 0.42721 1.26024 -1.18337 -0.51536 -1.69920 -1.22154 0.94901 0.15538 -0.62505 -1.22821 -1.37108 1.40521 4
-1.38525 0.24859 3.18562 -0.96230 -0.03015 -0.45050 1.40625 0.64433 2.59367 0.12984 -1.44942 -0.78158 1.63355 -0.22637 -0.87417 0.51658 -0.25904 1.40185 1.01577 -0.84935 1.30925 0.02043 0.99081 -0.56368 -0.12189 0.00329 0.42749 0.36260 1.41784 -0.00664 -0.53356 -0.70570 4
1.09609 -1.37796 0.43926 -0.23902 -1.55179 -0.91315 -0.68339 -1.60574 1.11300 2.47824 0.04513 -0.56122 0.59414 1.17180 -0.40767 0.68094 1.44719 -0.22298 -0.12365 -1.61185 0.16879 0.02043 -1.57307 -0.05965 -1.16925 -0.60912 -0.47816 1.01712 -0.78533 0.60415 -0.47403 -0.00206 4
-1.61667 -0.82686 -0.37266 -0.65495 1.00271 -0.84174 1.30159 1.39995 0.55728 -0.87983 -0.28251 0.62554 -1.35995 -0.50466 1.13631 1.33492 -0.60064 -0.09095 1.09173 -0.16420 -0.48099 -0.59947 1.00758 1.29670 -1.23332 0.00329 -1.65366 0.93727 0.45156 -1.22821 -0.77581 -0.70570 4
-0.46710 -1.16380 -0.27742 0.33109 0.73299 0.96822 0.74305 0.67774 -0.75333 -0.93186 0.88926 -0.77029 -0.47758 1.61850 -0.86897 -0.22277 1.32251 -0.92390 -0.13667 0.19913 -1.32964 0.02043 -0.08289 -0.70874 1.23879 -0.60912 0.15350 0.12699 0.01464 -1.22821 -1.65323 -1.40934 5
0.54162 -0.26290 0.31772 0.03482 1.18964 -0.91994 -1.65930 0.90185 -0.25525 -0.78042 1.43303 1.26040 -1.54309 1.57314 -0.98895 0.49568 1.64132 1.12068 1.55462 0.99332 -1.02596 -1.21938 1.62769 1.58111 0.77229 1.22812 -1.41846 0.08246 -0.34571 1.21494 0.84170 1.40521 5
1.41556 0.09113 -0.43941 -0.12384 -0.39145 -0.84928 -0.33132 1.06905 -0.45242 -0.27460 1.70366 0.49145 -1.42548 1.57405 -0.92301 -0.96709 1.47548 0.09425 0.49411 -1.61543 -0.17015 0.02043 -0.28822 1.39119 0.91395 -1.22154 -0.90331 1.06907 0.64933 -0.61743 -0.30720 -1.40934 5
-0.93215 0.92170 0.31387 0.69872 1.24170 -0.48668 -1.21133 0.09972 0.36645 -0.90559 0.91793 -0.78673 -1.60756 -0.96491 0.23123 -0.46272 1.43930 -0.77268 1.70152 0.86998 0.57403 -1.21938 -1.21198 0.79531 0.72308 -0.60912 -0.61811 0.67889 0.44928 0.60415 1.58660 -0.70570 5
-0.05003 0.82831 -0.65688 0.04694 -0.71552 -0.80856 0.44448 -0.14049 -0.86378 -0.54448 -1.40449 1.37135 1.49292 -0.79303 -0.61718 0.73365 0.05777 -0.75135 0.57612 -1.21274 1.56952 1.88014 -1.72302 0.93435 1.02794 0.00329 -1.48427 0.28951 -1.40288 1.21494 1.56285 1.40521 5
-0.30318 1.52112 -0.28288 0.33060 1.26286 0.62663 -1.09961 1.29898 0.27966 0.00057 0.73678 -0.86913 -0.01917 -1.04555 1.59340 -0.42202 1.71418 0.41914 0.50633 0.88940 0.23890 -0.59947 0.22100 -1.44092 -0.91685 -0.60912 1.11212 1.51941 -1.47402 1.21494 0.22205 -0.00206 5
-0.70843 -1.29708 -0.52265 -0.22492 1.24085 -0.98110 1.06292 0.62476 -0.99313 2.51209 -0.40457 0.57660 0.70983 1.06244 -0.94834 -0.42190 -1.53221 -0.06236 -0.62280 0.78446 -0.35514 0.02043 -0.47712 -0.38246 0.53810 -1.22154 0.69681 -0.27508 0.55740 -0.00664 -0.76260 -1.40934 5
-0.72752 -0.23050 0.61829 0.16447 -1.68102 -0.98372 -1.45567 -1.66881 0.00715 0.41701 -0.79063 1.44226 -0.71411 -0.14734 -0.17869 -0.93144 -1.36065 -0.79179 1.72656 0.03597 0.10692 0.64034 -0.93362 0.02325 -1.44340 -0.60912 1.36945 -0.77666 0.12656 -1.22821 1.47820 -0.70570 5
-1.20096 0.71040 -0.29665 0.29762 0.47462 -0.91270 -1.06493 -0.16389 2.89714 -0.68768 -0.95072 0.03985 1.34251 0.92437 1.24231 -0.36586 -0.14153 -0.58989 1.39172 1.34935 -1.34154 1.26024 -0.60653 0.45097 1.54948 -0.60912 0.34802 1.33553 0.89797 -1.22821 -1.29648 1.40521 6
1.54576 0.14606 0.03709 -0.90409 0.16274 -0.24846 -1.73123 0.29440 0.82175 0.42521 0.82206 0.94890 -1.43120 1.13102 0.22078 1.36197 0.62214 0.81854 -1.34253 0.43638 1.19402 1.26024 -1.22980 0.20480 -0.61013 -0.60912 1.30332 0.45656 -0.36115 -0.61743 -1.04961 -0.00206 6
1.07217 -0.40393 -0.47819 -0.48924 0.67678 -0.50704 -1.30191 1.51269 -0.39888 0.82488 -0.29657 -0.42079 0.87643 0.08076 0.66360 -0.51403 -0.44912 -0.68096 -0.63976 -0.20912 1.70298 -1.21938 -1.25670 1.07964 -0.11846 0.00329 0.36017 -1.26430 -0.11086 -0.61743 -0.05666 -1.40934 6
0.22415 -1.35802 -0.52915 -0.78928 -0.10960 0.12133 1.08889 -1.34699 -0.32344 1.51322 -1.24601 -0.50834 1.57340 0.49098 -0.47532 -0.85346 -1.39125 1.44781 0.13829 -1.22808 -0.88069 0.64034 -0.74597 0.95068 1.15750 -0.60912 -1.64069 -0.07260 -1.36798 -0.61743 1.17639 -0.00206 6
-0.39888 1.49460 0.67758 1.14849 0.47823 -0.48024 -0.64670 -0.48288 -0.69893 -0.45933 -0.34763 -0.01801 1.05003 0.30755 -0.50061 0.04240 1.36400 1.47470 -0.57736 -0.19048 0.06750 1.26024 -1.07959 0.13319 0.44173 -1.22154 -1.57253 -0.38012 1.70809 -0.00664 0.13451 -0.00206 6
-0.21382 -0.24111 -0.98194 0.17727 1.26811 -0.51075 0.40867 0.58308 0.31040 -0.55618 -0.17395 0.35722 -0.70178 0.18541 -1.00424 -0.62900 -1.06256 -0.03180 -1.96257 0.56907 1.18535 0.64034 -0.70922 -1.42298 1.33856 1.22812 0.93949 -0.90059 1.56620 1.21494 -1.33105 0.70158 6
-1.09591 -1.05232 -0.20757 4.04499 0.21413 -0.51330 0.77233 1.31243 -0.39406 -0.28819 -0.81127 0.54714 -0.76423 1.60389 -0.01087 1.90586 1.41726 -0.59719 -0.26892 0.56284 0.72760 2.50005 0.46384 1.47796 0.14344 -1.22154 1.32379 -0.61821 -0.13405 -1.22821 0.48050 1.40521 6
-1.25078 -0.48487 -0.11675 -0.95888 -1.48618 0.01369 -0.86639 1.26168 2.72758 -0.33413 -0.77602 0.60669 -0.38571 -0.07938 -0.27170 1.82166 0.69222 -0.16640 -1.30817 -1.16147 0.64795 1.26024 1.35751 -1.05386 -0.45824 1.22812 -1.70142 -1.52960 1.66492 -0.61743 0.51361 -0.00206 7
0.24243 0.41292 0.23267 -0.36108 0.43208 -0.74950 -0.16862 0.33510 -0.76273 -0.16549 -0.05802 -0.53876 0.00416 -1.09598 -0.71113 -0.72255 1.25882 -0.04748 -0.89893 -0.69473 1.54696 -1.21938 -0.05162 -0.46305 0.69207 0.61570 0.09916 1.20976 -0.80617 0.60415 0.60486 -0.70570 7
0.15546 -0.80993 1.65546 0.17056 1.21139 -0.40872 0.66323 -0.31571 0.44752 -0.50043 1.44680 0.23315 1.42013 -1.16040 0.10641 -0.16217 -0.87389 1.26549 -1.08969 1.42486 -1.26050 -0.59947 0.69201 1.01991 -0.30685 -0.60912 0.08646 0.08942 -1.68235 -1.22821 1.58749 -1.40934 7
1.20765 0.96671 0.79185 -0.09293 -0.28921 -0.54778 -0.57408 -1.31223 -0.94399 -0.63700 1.23841 -0.54047 -1.65691 1.52873 -0.61705 -0.60973 1.55073 0.33534 -0.80553 0.24188 -1.45013 2.50005 -1.08371 -1.60000 -1.74974 2.45294 -0.66996 -1.70002 0.12615 -0.00664 -0.58931 1.40521 7
0.33718 0.46699 -0.35329 -0.88681 -1.24587 0.35419 -0.31068 -1.07616 0.11011 -0.95972 0.03224 -0.45011 0.14680 -1.15162 -0.64012 -0.15345 1.32889 -0.17445 0.84583 -0.69785 -0.94930 1.26024 0.20183 -1.58682 -0.49333 -0.60912 -0.24493 0.56619 -1.25515 1.21494 0.07758 -0.00206 7
1.29740 1.32358 1.33632 -0.19682 0.64846 0.90529 -1.55014 -0.36178 -0.75341 0.28276 0.61128 0.66020 -1.53670 0.08069 -0.92535 0.46419 -0.56545 -0.67300 -1.94590 1.47240 -1.15998 -1.21938 1.03078 -0.51863 -1.03960 -1.22154 0.77126 -0.27108 -0.86605 -1.22821 -0.28505 -0.70570 7
-0.01647 -0.12417 0.07074 0.00331 -1.60090 -0.30357 1.05189 0.23580 2.75132 -0.87044 -0.57801 -0.03797 1.41146 1.66541 -0.26806 1.57989 -1.03064 0.23997 -1.86064 -0.40630 -1.02518 -1.21938 1.17298 1.00960 0.19935 1.84053 0.24508 -0.89943 -0.12776 0.60415 0.52954 1.40521 7
-1.07093 -1.47648 0.71255 -0.43106 -0.23130 1.67451 1.72580 -0.88241 -0.40191 0.18598 -0.54691 -0.66349 -0.56751 -0.15874 -0.09382 0.78848 -0.00447 -0.82611 -1.88088 -1.18249 0.78906 -0.59947 0.24949 -0.65286 -1.25839 -0.60912 -1.04365 -1.36911 -1.34622 -0.00664 0.35276 -1.40934 8
0.44157 0.47598 0.59953 -0.99479 0.93198 -0.84185 -0.49197 0.45719 -0.92054 -0.90666 0.90689 -0.06136 0.36351 1.25364 0.31005 -0.83125 0.72935 0.14064 -1.32090 -1.61631 -0.47444 0.02043 1.72082 -0.97678 1.23941 -0.60912 1.09234 0.17839 0.43835 -0.61743 0.79333 -1.40934 8
-0.39203 0.07468 -0.52667 -0.96761 0.39185 2.95097 0.61739 -1.43439 -0.24842 -0.18264 1.64143 -0.40729 0.34548 -1.03461 -0.45284 -0.77958 0.90687 -0.45247 -0.30917 0.68818 0.31190 -0.59947 0.92431 1.31735 1.69790 0.61570 0.26074 1.55239 1.56890 1.21494 1.10606 -0.00206 8
-0.26355 -0.02569 -0.18128 -0.29495 -1.69642 0.26241 1.02875 1.40507 0.56663 0.07329 0.17278 -0.31849 0.21184 0.20908 -0.39261 1.15300 1.08150 0.52893 -0.26772 -0.59389 0.76854 1.26024 1.21031 0.66178 0.63289 -1.22154 0.26233 1.27160 -0.82449 -0.00664 -1.61205 -0.00206 8
-0.55680 0.51126 0.41891 -0.51013 0.39202 0.96187 -0.49256 0.90129 -0.03524 0.04532 1.37325 -0.82966 -1.60600 0.53818 -0.39074 -0.16772 0.82084 0.29891 0.84516 0.10374 -0.97473 1.88014 -1.57103 0.23081 -0.54215 -0.60912 1.68762 -0.45890 -0.35866 1.21494 -0.32421 1.40521 8
1.67376 -0.08540 -0.19523 0.13684 -0.49850 -0.94100 0.99787 -0.63175 -0.05647 -0.76679 -0.10410 2.35974 -0.85257 1.24860 1.72581 -0.95296 -1.59136 -0.30167 1.58183 1.58698 -1.66145 -0.59947 -1.04809 1.67133 -0.00457 -0.60912 0.43596 0.26199 -0.33593 -0.00664 1.44410 -1.40934 8
1.55104 -0.77430 2.40792 -0.68750 1.10500 0.25174 -1.55276 -1.44114 -0.54899 0.56807 -0.26710 1.39393 0.75881 0.27273 0.62989 0.27248 1.44134 -0.35002 0.81514 -0.38508 1.24008 1.26024 -0.97962 -0.52400 -1.55803 -1.22154 -0.57037 1.05485 0.70342 1.21494 -0.24937 -0.00206 8
0.61835 -0.43564 -0.52810 0.05596 -1.13978 -0.12506 -1.67301 -1.19145 1.12163 -0.37444 0.63897 0.53307 1.14898 0.29343 -0.97750 -0.00087 -0.17475 0.45261 0.28657 1.48409 1.45375 0.02043 1.27038 -0.91190 0.51475 0.00329 -0.47596 -0.77725 -1.20433 -0.00664 1.07713 -1.40934 9
-1.67049 -0.90455 -0.06870 -0.74604 1.60271 -0.87491 0.17975 -0.99123 -0.76479 -0.35776 -1.55691 0.17182 -1.38721 -1.21347 0.12374 -0.50656 -1.43331 -0.17881 0.27136 0.32871 -1.02019 -0.59947 -0.00231 0.43526 1.65483 -0.60912 0.33974 1.46657 -1.29287 0.60415 0.83117 -0.00206 9
0.70008 1.49350 -0.52487 -0.97242 1.08819 1.58902 -0.12039 -0.88555 -0.57212 1.35360 1.37661 -0.70250 1.33233 1.65596 -0.78252 -0.91024 0.90537 -0.27024 0.93845 -0.28640 -0.83119 1.88014 1.44809 0.55733 -0.03155 0.00329 -1.22401 -0.90803 0.51939 1.21494 0.43086 1.40521 9
1.22207 0.24956 -0.98293 -0.72185 0.15220 -0.91122 -0.65282 -1.55681 -0.32423 -0.75158 0.48905 -0.54645 -0.92388 -1.17036 -0.24972 2.30383 1.05049 1.92930 0.69611 -0.80199 -0.60265 -0.59947 -1.16633 0.47378 0.09033 -1.22154 -0.21209 -0.70751 0.49702 -0.00664 0.09042 -1.40934 9
0.41630 -0.76671 -0.88805 -0.85396 0.54167 -0.43170 -0.56447 1.11510 0.69934 -0.75142 0.01001 -0.27722 -0.50128 -1.56503 -0.76953 -0.10627 -1.20379 0.27086 -0.73708 0.81146 -0.70933 -1.21938 0.18395 -1.63942 1.69374 -1.22154 0.49180 0.81290 -0.10818 -0.61743 -1.59575 -0.00206 9
0.07516 0.26192 -0.89439 -0.64058 0.80865 6.94042 0.91537 0.68270 -0.78254 0.22608 -1.02203 -0.55632 1.44717 1.09981 -0.71681 1.25938 -0.01558 -0.72572 1.40870 -0.54110 -0.70114 -0.59947 1.15735 -0.73840 1.08454 -1.22154 -0.46063 0.69017 0.13511 -0.61743 -0.05825 -1.40934 9
0.74741 -0.34574 -0.85741 -0.50304 -1.29373 0.04162 -0.18248 -0.86474 0.36830 -0.19580 0.02928 2.95262 -0.11146 0.83284 -0.61773 -0.94576 0.09261 -0.29743 -0.58262 -1.62825 0.72513 -1.21938 -0.38116 -1.53219 -0.42665 -0.60912 -0.09098 -0.23328 -1.00343 1.21494 -0.01399 -0.00206 9
1.17024 0.77129 0.02283 -0.15175 -1.26833 2.53085 -0.91326 0.22550 0.07620 -0.57381 1.65255 2.12966 -0.36837 0.67634 -0.72865 7.92499 1.68226 0.83954 0.72862 -1.02235 0.88010 -1.21938 -0.94241 -0.63824 0.17687 -0.60912 0.57377 0.78418 0.51048 -0.61743 -1.66553 -1.40934 10
-0.37525 0.64101 1.64117 -0.73117 1.56244 0.05829 -0.85457 0.96892 -0.00144 0.81177 0.55016 -0.92197 1.06003 1.70799 -0.93567 -0.91042 -0.46765 2.36377 -0.62963 -0.21155 0.70025 -1.21938 -0.18188 -0.37020 -0.43164 0.61570 -0.34425 -1.16147 0.55769 1.21494 0.83116 -0.00206 10
0.96364 1.32655 0.10298 -0.77020 -1.63932 -0.93438 -0.27063 0.09112 0.05930 -0.50733 0.15245 2.43843 1.32996 0.23931 -0.49801 1.28159 1.54691 0.57694 1.36752 0.63755 0.31598 0.02043 -1.34776 -1.65838 0.30130 -0.60912 0.16005 -0.71799 1.13411 -1.22821 1.75269 -1.40934 10
-1.62477 0.06784 -0.10589 -0.76220 -0.58510 2.20694 -1.55362 0.21410 -0.97442 -0.07929 1.74398 1.23378 1.00957 -0.15122 1.16839 -0.93833 -1.11041 -0.57419 0.48035 -1.44120 -0.44448 -1.21938 -1.71161 1.23529 -1.37755 -0.60912 0.04523 -1.65326 -0.70040 -0.61743 -1.62043 -1.40934 10
-1.40814 1.16665 -0.68608 -0.50836 -0.61567 -0.34567 -1.54915 0.26561 -0.08190 2.00108 -0.04327 -0.32695 0.76693 1.27403 -0.26503 -0.93696 1.21776 3.58102 -0.44104 -1.51172 -0.00264 -0.59947 1.29408 -1.55605 -1.64742 -1.22154 -1.12083 1.66856 -1.58505 -0.61743 -0.91877 -0.70570 10
0.29219 1.42531 0.15366 3.64438 0.15504 -0.09032 -0.99641 -1.20731 -0.74978 -0.92205 1.49206 0.71202 -1.45041 1.60681 1.94346 1.37485 -0.36988 3.87398 1.75272 -0.68464 0.34968 -0.59947 1.10407 1.08426 -1.68851 -0.60912 -1.19497 0.82329 0.44585 0.60415 0.66025 -0.70570 10
1.40622 -1.20926 -0.23858 -0.15015 1.64449 -0.55236 -0.38741 -1.29503 -0.19517 -0.64896 0.65425 1.85548 0.22051 0.72945 1.90983 -0.95793 0.09460 2.49975 -0.79103 -1.19943 -0.63273 -1.21938 -0.92777 1.13291 -1.01718 1.22812 -0.02091 -1.40722 -0.86245 -0.61743 -0.30343 -0.00206 10
