0.78862 -1.19357 2.75294 -0.73099 -1.07951 -0.73699 1.10683 -1.34873 -0.10295 0.07109 0.44710 -0.89385 -0.29598 -1.14027 2.36778 -0.55717 0.31926 -0.66616 1.21576 -0.04109 -1.41379 0.02043 -0.25260 0.91943 -0.75328 -1.22154 -0.83886 -0.04965 -1.54325 -0.00664 -1.29081 -0.70570 1
1.70268 -1.40097 0.02343 0.02332 1.45425 -0.42857 0.93557 0.13196 -0.42153 0.09974 -1.09166 -0.94960 0.95147 1.02420 0.38581 -0.31919 -0.70527 -0.68736 -0.18463 1.07199 0.21717 -1.21938 -1.58475 1.38669 0.49487 -0.60912 0.30190 0.57997 1.57625 2.43652 1.03219 1.40521 1
-1.18770 1.37448 -0.37820 -0.67788 -1.18432 -0.81651 -0.82483 -0.61712 -0.96702 1.71178 0.46372 -0.32933 1.31022 -1.05977 0.23574 -0.29719 0.61613 -0.37725 0.23054 0.05229 0.65270 0.02043 0.39604 -1.16981 1.34181 1.22812 -1.57551 -0.72509 0.41066 -0.00664 1.68570 -0.00206 1
-1.16573 -1.20848 0.26042 -0.60348 -0.59008 -0.96984 0.20485 -0.83001 -0.15052 -0.10833 1.03362 -0.72700 -0.83137 -1.31757 -0.15884 -0.48340 -0.84631 0.23970 -0.94313 -1.38263 0.44280 -0.59947 -1.70301 1.34160 0.58525 0.00329 0.76942 1.08574 1.35180 -1.22821 -1.38704 -0.00206 1
-0.95569 -0.48531 -0.11979 -0.66383 -1.02617 -0.66143 1.13666 1.59175 -0.53201 -0.78979 -0.82877 -0.75954 0.60759 1.65855 0.02900 -0.96621 0.59252 -0.74402 -0.64903 0.81308 1.19455 -0.59947 -1.15990 -1.65791 -0.31888 2.45294 1.66875 1.38599 0.80439 1.82573 1.52629 1.40521 1
-0.79627 0.81304 -0.91023 1.48807 -1.58604 -0.86149 1.41068 -1.49649 1.34323 0.04353 -1.69694 -0.48952 0.35740 -1.71243 0.45170 0.08787 -1.49535 -0.31932 -0.33162 -1.61753 -1.40704 0.64034 -1.41987 0.36684 -1.18111 -0.60912 -0.38394 -0.41445 0.65800 -0.00664 1.11152 1.40521 1
1.35892 0.44906 -0.92171 -0.79588 -0.54496 0.30785 -0.70049 1.37028 -0.34378 -0.40405 0.85199 -0.25104 0.03560 -0.49281 1.20749 -0.57981 -0.53291 0.09676 -0.99008 -1.48056 1.68148 -0.59947 1.33479 0.68841 1.64247 0.61570 -0.78619 0.24462 -0.31096 -1.22821 -0.50510 0.70158 1
0.45871 0.24661 -0.49456 -0.69564 -0.42386 -0.43817 -0.94143 0.57799 -0.73603 1.97540 -1.61519 -0.69084 1.40206 -0.71283 -0.90309 1.58581 1.44785 -0.75216 1.09335 -0.98481 -0.81863 2.50005 1.11524 -0.81574 1.01518 -1.22154 1.73133 -0.05892 0.99186 2.43652 0.66504 1.40521 1
-0.16017 -0.77175 0.36606 1.20056 1.35709 -0.94673 -0.18747 1.34970 -0.36691 -0.25613 -0.48402 -0.82940 0.68741 0.16648 -0.89208 0.24261 1.38286 -0.54527 0.01400 -1.01264 -1.43111 -1.21938 -1.31458 -1.62717 1.24787 -0.60912 1.29298 0.85363 1.17451 -0.61743 -0.54859 -1.40934 2
0.75461 -0.09686 0.97801 -0.64470 -1.17485 -0.86328 0.60620 -0.55508 -0.96170 -0.79898 0.44461 -0.85797 1.62839 -1.32279 0.63030 -0.94297 1.53467 0.00598 -0.57883 -1.35339 -1.08346 -1.21938 -0.21389 -0.23685 -1.63475 1.22812 0.26027 0.27510 -0.07434 -0.61743 -0.48048 0.70158 2
0.07870 1.63674 -0.28020 -0.51417 0.04483 -0.44872 -1.12000 1.70052 0.05398 -0.48334 1.09555 -0.43462 0.69120 -1.15643 1.06377 1.00577 0.78561 -0.64279 0.77075 1.55355 0.03243 1.88014 -1.43241 0.44481 -0.53357 -1.22154 0.30893 -0.83129 0.01614 -0.00664 -0.33918 0.70158 2
-0.96052 -0.91849 -0.13041 -0.87289 0.17417 -0.23267 -1.26567 -0.27592 -0.23532 0.00355 -0.99661 -0.99604 -1.31796 0.67463 -0.79737 0.07894 -1.30169 -0.79037 -1.09916 1.13569 -0.82894 -0.59947 -0.14278 0.86691 -0.80684 -1.22154 -0.85670 -1.00809 0.60099 -1.22821 -1.46630 -1.40934 2
-0.39532 0.01397 -0.48079 -0.80509 0.31026 0.35751 -1.18925 0.84109 1.33152 3.43824 -0.83595 -0.63522 -0.91777 -0.13794 1.92284 0.72812 1.39385 -0.62664 -1.51695 -1.07496 0.35236 0.64034 -1.71075 -1.63069 -1.55505 1.84053 -0.63355 0.92625 -0.00646 -1.22821 -1.01743 1.40521 2
0.18494 -0.97437 1.35863 1.23878 -1.54344 -0.78888 0.42571 0.55364 -0.54307 -0.23260 -1.53821 -0.70806 -1.24702 0.89933 0.29779 -0.77766 -1.44676 -0.43889 0.36681 0.04347 0.10687 -1.21938 -1.48793 -0.68693 -0.05014 0.61570 0.26814 -0.21908 -0.29401 1.21494 -0.59521 -0.00206 2
1.24756 -0.78676 0.59404 0.47664 1.44636 -0.86525 -1.18727 0.48900 -0.47598 -0.50117 -1.61462 -0.69583 0.00534 1.48465 -0.98696 -0.56958 -1.30933 1.49440 -0.36835 -0.51066 -0.98095 0.02043 -1.56358 0.40625 1.71261 0.61570 -0.21976 1.50577 1.46953 -0.61743 -1.03609 -0.00206 2
-0.52163 1.71893 -0.38862 -0.75742 -1.40631 -0.48780 -0.66692 -0.06421 -0.32385 1.32899 -0.47206 -0.80516 0.98436 1.56673 0.57607 1.55647 -0.36556 -0.80254 0.43461 0.61893 0.03791 -1.21938 -0.69667 -1.56675 -1.68918 -1.22154 0.01966 1.64040 -1.50086 -1.22821 -1.44132 -0.70570 2
1.34216 -1.67141 -0.64162 1.29420 0.92435 -0.76199 -0.01746 0.33052 -0.81681 4.52330 1.42104 -0.17369 0.92702 0.18486 -0.54868 0.53049 -0.85956 -0.42318 -0.40901 0.64419 0.01077 1.26024 1.71237 0.67022 -0.21591 2.45294 1.46273 0.47460 0.95224 0.60415 0.52035 1.40521 3
-0.90039 1.17838 -0.77131 -0.90555 -0.62871 0.41658 0.24506 -0.63458 3.75414 -0.53433 -0.76902 -0.35851 0.92263 -1.51151 -0.62757 -0.82741 0.58051 -0.50947 1.17980 -1.47154 -0.45466 -0.59947 1.67341 -0.25772 -1.55541 -1.22154 -1.41085 -0.21955 0.48390 -1.22821 0.72357 -0.00206 3
-0.66003 -1.22407 0.00714 -0.75006 1.36607 -0.49270 1.72620 0.06574 -0.20066 -0.60331 -1.43011 -0.77612 0.14612 -1.58651 -0.63808 0.24262 0.72972 -0.96628 -0.51904 0.17004 0.29067 0.02043 1.23663 0.08419 -0.37240 -1.22154 0.28474 0.87565 0.85150 -0.00664 -0.59605 -1.40934 3
1.15439 0.14443 1.02807 -0.68520 1.48604 0.30110 -1.53887 1.38863 0.74664 -0.65735 0.32599 -0.23512 0.48679 -1.26086 -0.15134 2.25510 1.25673 -0.82226 -1.10670 -0.94050 -1.71097 0.02043 0.82670 0.19523 0.59093 1.84053 1.59528 0.95045 -1.32254 0.60415 0.19053 1.40521 3
1.55249 -1.39062 0.14409 1.05200 1.11995 -0.62329 0.27740 -0.68831 -0.14529 0.47600 0.20635 -0.12262 -1.60022 -0.83402 -0.42334 0.92519 -0.98663 -0.00279 0.87656 -0.31143 -0.47264 0.02043 0.32449 0.60440 1.27226 -1.22154 1.67909 1.20169 -0.81539 0.60415 1.18614 1.40521 3
-0.99661 -0.07241 -0.50701 -0.69420 -0.14221 -0.99788 -0.37069 -0.66429 -0.75951 -0.35156 0.37833 -0.24429 -1.66564 -0.71332 0.45643 -0.81191 0.80282 -0.90201 -1.00284 0.59239 0.00169 0.02043 -0.37332 1.63890 -0.02390 0.00329 0.49320 1.54336 -1.30567 -1.22821 1.27993 -1.40934 3
0.72649 0.38477 1.04343 -0.85823 0.21450 -0.75127 1.39324 0.56262 -0.75293 -0.45491 0.08327 -0.13698 -0.22886 -0.85760 -0.38842 0.37562 1.21196 -0.92658 -1.64099 -0.23483 0.93478 -0.59947 -0.08222 -0.21586 1.61417 -1.22154 -0.85626 -0.98649 0.43494 0.60415 1.72260 -0.70570 3
1.11461 0.32222 4.32362 0.14397 0.28044 1.17025 0.69078 0.07331 0.39995 -0.45549 -1.17178 0.34243 -1.17871 0.14242 0.68477 -0.96098 -0.80046 -0.26862 0.73383 1.26794 -0.69949 -0.59947 0.19491 0.33072 0.71752 -0.60912 1.67449 1.07648 -0.07110 -0.00664 -1.38238 1.40521 3
-0.78204 -1.37537 -0.55656 0.56757 -0.11061 -0.81243 0.60402 0.51888 -0.46264 -0.13800 0.18913 -0.69962 0.98031 0.35112 -0.47080 0.04040 -1.09660 0.30562 -0.14199 -1.71691 -0.01724 1.26024 1.60720 -0.78754 -0.61605 0.00329 -1.60783 1.62593 -0.40767 1.21494 -1.43899 1.40521 4
1.05373 -1.15755 0.02340 -0.08095 0.33668 -0.59811 -0.34714 -0.06721 -0.63050 -0.08888 -0.71447 0.11831 0.35694 0.02940 -0.54819 5.40784 0.04747 -0.94827 0.92895 0.07763 -0.84642 -0.59947 -1.73168 0.90276 -1.08077 0.61570 0.10326 -1.50585 -0.13685 -0.00664 -1.20388 -0.00206 4
0.23708 -1.10615 0.46548 -0.00021 1.57632 -0.86560 0.67632 -0.17892 -1.00942 -0.89557 -1.58009 -0.44603 1.55642 0.14945 -0.76298 -0.98514 -0.63294 -0.88071 1.80135 1.47904 -0.33406 0.64034 -0.18937 1.15518 -1.19797 -0.60912 1.12715 0.44382 0.03957 -1.22821 0.13917 -0.70570 4
-0.62729 -1.28795 3.09658 0.48980 1.11525 0.19209 0.78119 0.20823 -0.32207 1.92136 1.47556 -0.54477 1.27746 -1.01620 -0.92261 -0.81879 -0.35530 -0.76111 0.56748 0.38001 -0.65128 -1.21938 0.06793 0.43167 1.42193 1.84053 0.30387 -0.15465 -1.01746 2.43652 -0.00613 1.40521 4
-1.07889 0.88917 0.73584 -0.24229 -0.80810 -0.97173 -1.35409 0.59113 -0.84980 1.93720 -0.51638 1.25767 0.32884 1.36467 -0.60027 -0.04659 1.29304 0.76452 1.58726 1.56264 0.98987 -0.59947 1.47001 1.40807 -0.56860 -0.60912 -1.17186 0.04219 -1.45276 -0.61743 0.23835 0.70158 4
0.85611 -1.19584 1.47615 0.36548 0.55337 -0.68382 -0.87803 -0.43227 -0.86898 -0.64037 -1.07048 -0.10368 -1.21871 -1.32372 -0.03280 -0.29230 -0.02664 -0.86554 1.11767 0.81948 1.11144 0.02043 -1.44000 -0.73240 -1.09573 -1.22154 -1.04290 -0.37292 -1.07918 -1.22821 0.14082 -1.40934 4
0.27269 -1.23431 0.65496 -0.36624 -0.66196 2.73285 -1.47731 -1.68894 -0.11999 -0.21938 -1.54376 -0.90343 -0.98824 -0.77657 -0.47839 1.81773 -1.57465 -0.59649 -1.04865 -1.71627 0.85453 0.64034 -0.40330 1.29182 0.27390 0.00329 1.43697 -1.25031 -1.34395 -0.00664 -0.27300 1.40521 4
-1.47388 -1.14321 -0.29560 -0.24005 -0.48105 -0.37217 0.46422 -0.75766 -0.69211 1.48083 -0.31934 -0.10560 -0.97048 1.20112 -0.47567 0.32282 0.48921 -0.56721 1.28690 -1.48932 -0.63801 -0.59947 0.60605 -1.58331 -1.45173 0.00329 0.27649 -0.91265 1.61258 -0.61743 1.50727 -0.70570 4
-1.71156 -1.26690 0.08737 -0.79930 -0.53357 -0.81519 -0.82657 1.09010 -0.99708 -0.09934 -1.27422 0.55591 0.37622 -1.38156 0.03727 -0.96456 1.57183 -0.64398 -1.95525 1.02545 -1.40040 -1.21938 -1.33057 -0.23891 -0.01792 -0.60912 -0.18620 0.75495 1.67136 -1.22821 1.42668 -0.70570 5
-0.53938 0.86387 -0.12146 0.74849 1.08592 0.03337 -0.37661 -0.53910 1.22933 -0.83706 0.00476 -0.85233 0.10041 1.72265 -0.08423 -0.59427 0.31879 -0.88496 0.58298 1.45347 -0.09672 -0.59947 -1.69434 -1.03438 0.85313 0.61570 -1.25864 1.50693 -0.55921 -0.00664 0.32098 -0.00206 5
1.06586 1.58914 -0.26221 -0.66082 -1.62306 0.10801 1.47427 0.99585 1.35435 -0.40976 1.72040 -0.65425 -1.55321 1.36819 0.51267 -0.68729 -1.68366 -0.57727 -0.83643 -1.07126 0.82845 1.26024 0.61078 -0.00967 -1.18326 -0.60912 -0.83883 0.02246 -0.11081 0.60415 1.19183 -0.00206 5
-1.14382 1.02677 -0.49746 -0.78621 1.13486 -0.43844 -0.74811 1.43941 1.85197 -0.64470 1.01378 1.48653 -0.32981 -1.12502 0.60912 1.51086 -0.97445 -0.15662 1.02597 -1.32102 -0.42110 1.26024 -1.16647 1.23341 0.42019 0.61570 -0.26309 -0.23059 -0.18400 0.60415 -1.46446 -0.00206 5
0.99158 -1.68176 -0.64920 -0.80367 -0.43153 -0.38079 0.54171 -0.77062 -1.01541 0.33610 1.59345 -0.16186 0.60701 -0.70505 0.49395 -0.95429 -1.12148 0.16892 0.16542 0.97428 -1.38323 -1.21938 1.41662 1.30845 0.74400 -1.22154 -1.24325 0.48339 -1.12242 1.21494 1.39485 0.70158 5
-1.66691 -0.55220 -0.68404 -0.93858 1.29453 -0.31957 1.10428 -1.25540 1.22130 -0.97128 0.11122 -0.40797 -0.80203 1.00651 -0.90110 0.17356 0.10060 -0.30870 0.01300 0.27454 1.22827 -1.21938 0.01131 0.96745 -1.48797 -0.60912 -1.11793 -1.28647 -0.52379 -0.00664 1.73646 -1.40934 5
-0.73949 -0.77222 0.59018 -0.32829 -1.59334 -0.91826 0.35266 1.60285 -0.70539 -0.73630 -1.63439 -0.26609 0.05770 -1.28343 -0.80772 -0.21585 1.56913 -0.75125 -1.83015 -0.65954 -1.54439 0.64034 1.62916 -0.88896 0.49917 0.61570 0.60807 -1.13747 -0.69918 -1.22821 1.43214 0.70158 5
0.80650 1.02345 -0.34455 1.49253 0.41300 -0.97707 -0.63719 0.60815 -0.41929 1.12969 0.89676 0.06886 -1.55456 1.15415 -0.30216 -0.58972 0.89646 -0.70359 -0.18580 1.62196 -0.94142 -0.59947 0.77306 -0.90694 0.94677 0.61570 1.29779 -0.00897 1.51910 -0.00664 -1.59756 -0.70570 5
-0.03293 1.21511 -0.51686 0.47972 -0.27532 0.36857 -1.08666 1.15827 -0.74828 -0.48979 -0.09861 -0.57047 -0.61762 -1.68197 -0.48131 0.95090 -0.39491 -0.22219 0.66016 -1.39676 -0.16139 0.02043 0.22204 1.48085 -0.35289 0.00329 -0.00947 -0.40034 1.42320 -1.22821 -1.56398 -1.40934 6
-0.93909 1.66880 -0.50965 0.16326 1.19835 2.41797 -0.31446 -0.84998 -0.63898 -0.62325 -1.08031 -0.85748 0.23155 -0.30017 0.09772 -0.42721 0.10896 -0.50004 0.48050 0.68059 0.13171 -0.59947 0.53018 -0.28473 -1.11537 -1.22154 -0.18632 1.17487 0.89206 0.60415 1.49027 -0.00206 6
0.24101 0.03906 -0.84242 -0.98100 -0.55442 0.81986 0.75873 -0.05628 -0.39695 -0.32526 -1.51763 -0.55874 0.23962 -0.07406 -0.13082 -0.86252 0.46761 -0.53732 1.31847 1.37888 -0.14272 0.02043 -0.67538 -0.71647 -0.08327 0.61570 -0.42654 -1.67161 1.44665 -0.61743 1.28677 -0.70570 6
-0.40281 -0.78569 0.14789 1.29169 1.05274 -0.21612 -0.47157 -0.25786 -0.52336 0.91622 -0.91323 -0.63480 -0.76043 -0.23471 0.67005 -0.35914 0.82135 0.53593 -0.94469 0.56250 -1.07609 0.02043 0.38835 0.60746 -1.61932 0.00329 1.22417 1.13251 1.27892 -0.61743 1.12107 -1.40934 6
-0.46764 -1.68636 -0.88818 0.95469 0.04367 -0.06554 -1.12893 -0.18642 0.99443 0.09394 1.17753 -0.79906 -1.45473 0.98769 -0.80896 -0.94584 -1.48464 0.67277 -0.79954 -0.50206 0.52882 -0.59947 -0.56823 -0.00810 0.78448 -1.22154 -0.98716 -1.14269 -0.12611 -1.22821 1.51981 -1.40934 6
0.06822 -1.04560 0.08034 -0.93172 -0.53055 1.13294 -1.57021 1.31713 0.83113 0.19142 -0.09556 0.11772 1.20303 -0.03886 -0.69861 0.10445 -0.78233 -0.49809 0.07698 1.23623 -0.25432 -1.21938 -1.33115 -0.85856 0.50970 -1.22154 -0.46094 1.08806 0.33849 -0.00664 -1.04524 -0.00206 6
1.48165 0.36176 -0.63373 -0.30996 -0.53333 -0.91867 -1.33609 -1.37079 1.38283 -0.96861 -1.20843 -0.21314 -1.44448 0.15411 0.89932 -0.43247 -1.68223 1.62273 -0.36489 0.55231 1.22785 1.88014 -0.92153 0.59466 -0.37228 2.45294 0.11363 -1.12894 1.65402 2.43652 0.40028 1.40521 6
0.23940 1.41821 -0.66759 -0.30318 0.14322 -0.50556 0.96625 1.69425 -0.72322 -0.82315 1.24813 1.09383 -1.23105 1.60213 -0.49661 -0.54895 0.25356 -0.71237 -0.56829 0.96178 -1.14295 -1.21938 -1.53531 -0.26617 1.49758 -0.60912 1.67453 1.46803 -0.94691 1.82573 1.53216 0.70158 7
0.52047 -0.47365 -0.88266 0.57513 0.79486 0.27484 0.87177 -1.53710 -0.61967 -0.41556 0.19963 -0.27146 -0.52986 1.23346 0.29789 0.99404 -0.39916 -0.50658 -0.56657 1.03859 -0.77870 1.26024 0.20183 1.39663 0.88031 -0.60912 0.01703 -0.48751 0.50111 -1.22821 -0.90461 -0.00206 7
0.18898 0.34902 -0.17948 -0.25460 -1.64719 0.09310 -0.55009 1.68927 0.12770 0.77840 1.62473 0.02872 1.49562 -1.25740 0.67941 -0.73869 1.23855 0.84765 -0.56489 -1.27508 -0.12739 -0.59947 -0.21846 -0.59400 -0.28552 0.61570 -0.18513 -0.00960 -0.35523 -0.61743 -0.33815 -0.70570 7
0.86066 0.05863 -0.94916 1.42008 -1.56095 0.09844 0.00185 1.14992 -0.87907 -0.69158 0.59873 -0.80447 -1.46360 -1.35168 -0.15886 -0.76256 -0.34852 0.56066 1.20984 -0.60284 0.04866 -1.21938 -0.61142 -1.34573 1.61789 -1.22154 0.98582 0.16830 0.91680 0.60415 0.78000 -0.70570 7
-0.37200 1.44274 -0.76958 0.42424 -0.48376 -0.80090 0.06115 0.91623 -0.82049 -0.20953 -0.77164 -0.32335 -0.62605 -1.71364 0.27662 2.84194 0.42722 0.27111 0.68336 1.49420 -1.02153 0.02043 1.19538 1.48342 0.82872 -1.22154 0.99568 0.03693 1.65897 1.21494 1.28263 -0.00206 7
1.19511 1.17423 -0.85889 -0.83567 0.60662 -0.30154 -1.73337 1.20314 -0.95024 -0.93586 0.49500 -0.70723 -0.96782 0.13783 0.98731 0.07421 -1.01425 1.20239 0.62778 -1.31882 -1.14498 0.64034 0.70066 1.05230 1.38995 -0.60912 1.43686 -1.43930 1.64102 -0.61743 -0.36534 -0.70570 7
-0.11411 1.72880 -0.93310 0.31585 1.73946 1.49078 -0.78351 -0.34818 -0.85399 -0.21426 -1.14821 -0.97061 -0.06451 -1.09342 -0.63449 -0.69486 -0.25185 1.22640 0.30995 0.50521 0.86090 0.64034 0.16359 -0.86809 -0.77036 0.00329 -0.63980 0.10144 -1.36943 -0.00664 0.64019 -0.70570 7
-0.24616 1.02788 1.31339 -0.09875 0.78682 -0.38232 1.31521 -0.67772 -0.92814 2.93199 1.55881 -0.75905 -0.66791 -0.93665 1.33511 -0.85159 -0.36133 1.54656 1.40090 0.60254 -1.56212 -1.21938 -1.23157 -0.88007 -0.34671 -0.60912 -0.56090 -1.30627 0.88484 -0.61743 -0.26499 -0.00206 8
-0.91297 -0.12305 -0.04832 0.07412 1.13102 -0.82914 1.65702 -0.25445 -0.46727 -0.76279 0.70409 2.04723 0.65382 0.64900 -0.32420 0.99430 0.93583 -0.56186 0.45954 1.59753 1.26873 0.64034 0.52025 -0.58099 -0.63630 -1.22154 -0.37702 0.62364 -0.99604 1.82573 1.36378 0.70158 8
-0.76731 -1.55553 -0.88548 -0.64927 -0.97418 -0.88519 1.55944 -0.39380 -0.21343 0.07901 0.75791 1.81247 -1.32771 -0.87273 -0.57537 0.09449 -0.08167 -0.78326 1.62883 -1.15638 0.27255 0.64034 -1.08537 -0.11548 -1.66938 0.61570 -1.58122 -0.15526 0.94572 0.60415 1.06415 -0.00206 8
0.99687 -1.71805 -0.85910 0.62605 1.27511 -0.99412 -1.69844 1.34122 -0.26920 -0.36387 0.65011 1.04513 -0.42486 -0.69419 2.24233 -0.09228 0.19993 -0.83374 -1.03250 -1.14299 -1.36750 -1.21938 -0.26145 -1.51737 -1.53158 1.22812 -1.13757 1.17438 0.38306 0.60415 0.19640 -0.00206 8
-0.73713 1.72534 0.68322 -0.85827 0.29495 -0.74041 -1.26517 1.10872 0.15857 1.32479 1.32769 2.67461 -0.76554 1.51756 0.14271 -0.71725 -1.38014 -0.88653 1.21906 -1.69968 -0.93168 -1.21938 0.39568 -0.17191 -0.52036 0.00329 -1.68592 -1.11900 1.35105 -0.61743 0.64869 0.70158 8
-0.19760 1.31883 -0.76273 -0.55194 1.45867 0.31008 1.53882 -0.11526 2.96325 -0.97481 -1.37016 1.85160 -0.70050 0.73897 2.82884 0.00404 1.11733 -0.88659 1.46232 -1.41626 1.51417 1.26024 0.00080 -0.80908 1.45850 1.22812 -0.41995 1.46987 -0.84303 0.60415 0.56504 1.40521 8
0.06016 0.07284 0.28420 -0.16921 -1.37951 -0.87866 1.16524 1.69305 -0.32509 0.43259 -0.78438 1.90141 0.42202 -0.92158 1.26084 -0.42770 0.40598 -0.79393 0.13801 0.37119 -0.78514 -1.21938 0.37751 0.87733 -1.13449 -0.60912 0.00792 -0.85649 -1.41343 -0.61743 1.52899 -1.40934 8
-0.83010 -0.15779 1.36795 -0.79926 -1.36417 0.95708 0.34231 0.39921 1.37927 0.68205 -0.13120 -0.86383 0.93987 0.40257 -0.73388 -0.02156 -0.58371 0.37381 0.48730 -0.16215 1.33034 -0.59947 -1.52411 -1.04333 1.16438 -1.22154 0.24194 0.01303 -1.04389 -0.00664 1.68963 -1.40934 9
-0.61103 -0.06013 -0.31073 2.25722 -0.40577 0.28396 -1.47878 -0.05941 -0.57627 0.61794 -1.69763 1.28953 -0.47421 1.53240 1.43571 0.71212 -0.85064 -0.18183 -0.15706 0.44820 0.11850 0.02043 0.49719 0.66787 -0.24553 -0.60912 -0.63790 -1.50308 0.72715 -0.00664 -1.02416 -1.40934 9
-0.36054 0.98160 0.66473 0.77222 -1.65176 0.32349 1.43993 -1.23186 -0.60648 -0.81795 -1.35425 0.38972 0.55253 -1.05221 0.44243 -0.82113 1.48768 -0.64318 0.25450 -1.67312 0.05664 -0.59947 0.37640 0.05147 -0.05508 -0.60912 -0.81986 0.79099 0.60100 -1.22821 -0.39405 -1.40934 9
0.03995 -1.42741 -0.86249 -0.81533 0.33901 -0.68031 -1.38225 1.62709 -0.87483 -0.37793 0.15925 2.97834 -1.22528 -1.65801 -0.29655 -0.96280 -0.74813 -0.01111 1.70339 1.69484 -1.41535 0.02043 -0.07248 0.49377 0.29824 -0.60912 0.89818 0.07586 -0.56882 -1.22821 0.40633 -1.40934 9
-0.95542 -0.32705 -0.58035 2.11309 1.08524 1.49210 1.72133 1.27148 2.29309 -0.29291 0.23681 2.34129 -1.56533 -0.68318 -0.84192 -0.76187 -0.58859 1.13129 0.72952 0.01373 -0.49339 -1.21938 -0.96073 1.73036 -0.12076 0.00329 0.92492 -1.20042 1.32747 0.60415 -1.40133 -0.70570 9
0.41180 0.54021 3.52437 -0.61789 1.00377 -0.58773 -1.34037 -0.63555 0.46113 -0.23461 0.57170 4.24071 -0.00477 1.48509 -0.91397 0.09443 1.28271 -0.69589 0.27705 -0.95567 -0.46964 -1.21938 0.16041 -0.47565 -0.03189 0.61570 0.72417 -0.76544 1.45361 -0.61743 -0.64491 -0.70570 9
-0.58609 1.45334 -0.24264 -0.93359 -0.86957 1.75645 0.34150 1.54416 -0.70888 -0.65394 -1.60153 0.43769 1.52640 0.66766 -0.95279 -0.74601 -0.90718 -0.56683 -0.53990 1.29252 1.72274 1.88014 0.44403 0.34616 0.69071 1.84053 -1.38752 -0.72787 -1.15230 0.60415 0.75296 0.70158 9
-1.15033 0.18212 -0.77624 -0.52071 1.13023 -0.40867 -0.26663 1.56929 2.34507 0.15001 -1.10863 0.42279 -1.01819 0.98423 1.35505 -0.36706 -1.06440 3.20004 0.27574 0.96396 0.73127 -1.21938 1.35572 0.21694 0.93806 0.00329 0.26797 0.12972 1.50775 -0.00664 -1.27032 -1.40934 10
-0.34234 0.59266 0.34035 -0.78856 0.84299 -0.84761 -0.32729 -0.95442 -0.63721 -0.86592 -1.19506 0.51108 0.92811 0.82597 -0.70427 2.86769 0.42888 -0.26725 -0.49803 -0.41241 0.70720 0.02043 -0.94096 1.48266 1.63436 0.00329 -1.38922 0.43035 0.50742 -0.61743 0.47035 -1.40934 10
-0.11084 0.50921 0.05072 -0.79858 -0.32112 -0.91349 1.31002 1.71277 -0.81662 -0.88869 -0.84862 1.84444 0.37569 -1.27102 -0.93377 -0.43005 0.26875 0.17534 1.32788 -0.73117 -0.66424 -0.59947 -1.06545 1.33356 1.05125 -1.22154 -1.53117 -0.50170 -1.36496 -0.00664 0.00588 -1.40934 10
0.34617 -0.53422 -0.84534 -0.07766 -1.29677 2.59334 -0.64053 0.00620 0.13549 -0.43300 1.11023 0.22131 -0.35643 0.79015 -0.66896 -0.46407 -1.18473 -0.26361 1.71166 0.17057 0.41686 0.02043 -1.65331 -0.65295 -1.23801 0.00329 -1.55558 0.69126 -1.37028 -0.61743 1.09927 -0.70570 10
-0.98801 1.00582 1.13319 0.77795 0.18631 1.10553 -0.96494 0.24823 0.11945 -0.89900 1.16496 2.69317 -0.39669 -0.98240 -0.92570 0.53473 1.01043 -0.72259 1.16981 -0.86928 1.55439 1.26024 -0.62308 0.48503 1.70361 -1.22154 -1.22675 1.47871 1.15319 1.82573 0.66074 0.70158 10
-0.47506 1.72045 -0.78618 -0.30987 1.38981 -0.86624 -0.58778 -1.35973 1.68420 -0.55664 0.67703 -0.47824 0.81585 1.22963 0.20666 2.81523 0.96073 3.37771 -0.27908 1.62197 0.71146 0.02043 -0.14421 -0.64966 -1.19545 1.22812 -1.39182 1.38237 1.02589 -0.61743 -0.90639 1.40521 10
0.69597 -0.47139 -0.47281 -0.72088 1.20304 1.13563 -0.32885 -0.60361 -0.91376 -0.05767 1.63841 -0.62825 -0.53809 -1.41064 0.36365 -0.72543 1.72474 0.72068 -2.19299 0.90643 -0.85336 -0.59947 -1.61935 0.44334 0.67266 1.84053 -1.23594 1.51167 -0.15922 -0.00664 0.38470 0.70158 10
