-1.15897 -1.32222 3.51693 -0.80042 -0.90918 -0.47102 1.69740 -1.48783 -0.97979 1.20589 -1.73565 -0.29552 -0.13970 -0.18499 0.11022 0.19574 0.30185 -0.79984 1.15821 -1.17860 1.68175 -0.59947 0.60748 -1.41116 1.47839 0.00329 -0.65606 -0.58366 -0.03425 0.60415 -1.00641 -0.00206 1
0.64403 -0.70565 5.56729 -0.79010 1.32755 -0.81581 -1.73549 1.15417 1.22883 -0.12960 0.75168 -0.26378 0.60838 -0.26121 -0.03928 -0.86961 -1.53145 -0.71403 -0.35936 -1.47101 0.22280 0.02043 -0.87008 -1.22149 1.14239 0.00329 -1.67229 -1.38132 -0.17455 0.60415 -0.19854 -0.00206 1
-1.65693 -0.37355 -0.51038 -0.12982 -0.34476 0.37027 0.00765 -0.95402 0.13468 -0.93507 -0.11310 -0.79255 0.74598 1.52363 -0.45909 -0.02316 -0.93588 -0.54085 -1.02245 -1.66638 -0.34615 1.88014 -0.87266 -0.80498 -0.79926 -1.22154 -0.34001 0.15115 -0.43224 -1.22821 -1.54975 0.70158 1
-1.28256 -0.21564 1.63948 -0.88599 -1.61837 -0.51740 1.59342 -1.45188 -0.55653 0.93690 1.51212 -0.22432 0.56950 -0.97377 0.44281 -0.90408 0.34989 -0.24999 1.05845 1.08366 -1.38960 0.02043 -0.74978 0.90411 -1.09895 -0.60912 1.72441 1.18042 -1.07679 -0.61743 -1.55979 0.70158 1
1.27508 -0.99651 -0.68376 0.43174 0.69148 -0.73047 0.64442 1.31760 2.17303 0.22991 -0.78705 -0.75908 1.49369 0.25256 -0.48778 -0.91553 0.69921 -0.90674 1.21074 -0.38377 1.52941 0.02043 0.40457 0.05440 1.65474 0.00329 0.93493 -1.20281 -1.43447 -0.00664 -0.58973 -0.70570 1
0.68340 1.04332 1.63484 -0.84310 0.69366 -0.80050 1.12940 1.04206 0.17889 -0.55859 -0.91274 -0.75110 0.69271 1.12981 1.33170 0.45167 0.33882 -0.32275 1.05045 1.32080 -1.38913 -1.21938 -1.53422 0.72448 1.64852 -1.22154 -1.08369 1.31425 0.67223 -0.00664 -1.23182 -1.40934 1
-1.38291 0.04457 0.64340 -0.58736 1.44896 -0.56968 -0.53500 1.02118 2.08950 -0.35006 0.51971 -0.68924 0.35700 1.23887 -0.53371 -0.03736 -1.42462 -0.47847 1.92065 -0.84731 1.25361 1.26024 -1.20348 -1.04635 0.46955 -1.22154 -0.01175 0.85172 0.44594 2.43652 0.27952 1.40521 1
-1.64488 -0.01152 -0.10201 -0.98809 -0.73994 -0.71198 0.49467 1.35619 -0.63284 0.52159 -1.56698 -0.73279 -1.55753 1.18913 -0.76175 -0.92971 -0.30385 -0.32184 -1.06579 1.67389 0.13176 -0.59947 1.01581 1.31581 -0.66051 -1.22154 -0.62884 1.21327 0.05988 -0.61743 -1.20992 -1.40934 1
-0.72851 0.74638 -0.53873 -0.66173 -0.59762 -0.98185 1.72121 -0.89181 -0.93297 0.13064 1.38197 0.60037 0.28160 -1.02275 0.15470 0.53931 0.92201 -0.90603 0.56374 1.01564 0.77341 1.26024 -1.71966 1.20136 -1.18843 -0.60912 -0.69578 -0.04085 -0.23790 2.43652 -0.37479 1.40521 2
-0.12173 0.11221 3.40222 -0.10726 -1.55147 0.34487 -1.12709 0.24684 -0.09315 0.90780 -0.31221 -0.76482 0.98027 0.03039 0.56473 -0.46681 1.32129 -0.71023 -0.64009 0.34566 0.64717 -0.59947 -1.20711 1.41597 -1.31372 -0.60912 -0.02196 -1.67909 0.62853 -0.61743 -0.26025 -1.40934 2
1.20558 0.37012 -0.70327 -0.17955 0.81607 -0.77694 1.40101 1.24255 0.72168 0.78954 -0.26765 -0.76902 1.47444 1.07279 -0.93313 -0.81719 1.66998 -0.86335 1.53070 0.26813 -1.36697 -0.59947 0.73015 -0.81642 -1.30574 0.00329 -1.46355 -1.46194 -1.44166 -0.00664 1.61162 -1.40934 2
-0.41942 -0.39219 0.87348 -0.27972 0.72447 -0.35422 0.18224 0.85498 -0.99313 1.04096 0.61146 -0.99057 0.93493 1.04035 -0.42529 0.47181 -1.29070 -0.79028 -1.36200 -0.80052 0.18833 -0.59947 1.41693 -0.84531 -0.44143 -1.22154 -1.67821 1.44111 1.48464 -1.22821 -0.11384 -1.40934 2
1.59654 -1.29966 -0.69414 -0.44669 0.48529 -0.87989 -0.10723 0.53265 -0.69315 0.05185 0.18353 -0.93015 0.71114 0.40861 -0.35342 1.87435 -1.51851 0.17747 -0.45074 1.66484 0.34918 1.26024 -0.31136 -1.39566 0.81068 -1.22154 -0.61009 0.74188 -0.75068 -0.61743 -1.28783 -0.00206 2
-1.05220 -1.25742 2.53992 1.53309 -0.70831 -0.92868 -1.19922 -0.37292 0.05897 -0.62460 0.39773 -0.36991 0.78436 0.76935 -0.75456 -0.57046 0.98767 -0.72086 0.74974 -0.85274 -0.70178 0.02043 0.40036 1.25971 -0.12936 1.84053 -1.66639 -1.60682 0.67836 -1.22821 0.44842 0.70158 2
-0.79741 -0.04511 -0.75308 0.68870 -0.61423 -0.95860 1.34479 0.41958 1.68978 -0.13703 0.51969 -0.21028 1.55038 -1.16494 -0.76091 0.31305 -1.17068 -0.96695 -0.62477 0.71550 -1.72583 -1.21938 -0.59432 -0.99486 0.21151 0.00329 0.08092 1.25966 0.48173 -1.22821 0.97725 -0.70570 2
-1.02803 0.66983 -0.62213 -0.20167 0.97234 -0.73088 0.19086 1.72076 2.99283 3.02254 1.35856 -0.88837 0.25264 1.36120 3.92629 -0.86153 -1.43959 -0.83273 1.69724 -1.23479 -0.04986 1.26024 -0.82660 0.69375 -0.20034 0.61570 -0.81047 -1.25323 -0.41032 1.82573 -1.66607 0.70158 2
0.47763 -0.84356 1.01151 0.91177 1.49997 -0.87708 0.46647 -1.69524 -0.42562 0.67443 0.27338 -0.33285 0.48801 1.67253 -0.06369 -0.93135 0.02188 -0.84075 -0.91106 1.17080 -0.58787 0.64034 0.72891 -0.90476 0.74853 0.00329 -1.21001 -0.85401 0.68068 -0.00664 0.29032 0.70158 3
0.54586 -1.10022 -0.53066 -0.95672 1.16439 -0.52994 -1.40578 1.57536 -0.81877 1.29285 1.38533 0.37882 0.51044 -0.02600 -0.31803 -0.59351 0.40234 -0.87189 1.23866 -1.52767 1.33027 -1.21938 0.84819 1.38787 -1.47191 0.00329 -0.59169 -0.15742 -0.54962 0.60415 -0.40082 -0.00206 3
-1.01888 0.74914 0.14782 -0.87388 0.46069 -0.15306 -0.86959 0.60718 -0.74565 0.16997 -1.20784 -0.30864 1.35123 0.10216 -0.58313 1.22824 0.22667 -0.72469 -0.11943 -1.32940 -0.74517 1.88014 -0.92346 -1.12215 -1.46278 1.22812 0.25253 0.69869 0.97416 -1.22821 0.76168 1.40521 3
1.71281 0.19115 -0.06509 -0.58319 -0.94006 0.68843 1.03468 1.35456 -0.88734 -0.31416 -0.80350 -0.70932 1.14537 -0.29136 1.09274 0.20659 -1.51882 -0.81455 -0.93128 0.42500 -0.44783 0.64034 -0.06380 0.25774 1.35991 -1.22154 -0.29772 -1.71312 0.24136 1.21494 0.15025 -0.00206 3
0.46093 -0.62825 -0.59700 -0.87807 -0.15961 -0.96278 -0.08077 -1.14087 -0.77420 0.73819 -0.94073 0.87033 -0.85698 0.98068 -0.62260 -0.99038 -0.70841 -0.51448 -1.70996 0.43103 -0.49554 -1.21938 -1.67877 1.14536 -0.36023 0.61570 1.04715 0.85699 1.34994 1.21494 0.63529 1.40521 3
0.64197 1.16292 -0.92370 1.32372 1.32327 -0.12502 -1.68491 -0.24554 -0.14414 -0.13472 0.40715 -0.48884 1.46004 0.90713 -0.63622 -0.83015 -1.14646 -0.78230 1.59551 1.56605 -0.55025 0.02043 0.59166 -0.06975 -1.71222 0.00329 1.61440 -1.71715 0.36035 -0.61743 -0.33541 0.70158 3
-1.09757 1.66732 1.52753 -0.53111 -0.00471 -0.83435 0.89486 -1.59418 -0.80573 -0.69203 1.48864 0.09949 -0.73139 -0.49391 1.35766 -0.32399 -0.69671 0.54804 0.09967 -1.07761 -1.16249 -0.59947 0.68620 0.91328 -0.25974 -1.22154 -0.62884 0.28997 0.76055 -0.00664 0.16716 -0.00206 3
-1.05823 0.23348 -0.41175 0.12725 -0.22749 1.49699 -1.31406 -0.92534 -0.44004 -0.70963 0.56039 -0.39765 1.27840 1.71657 -0.83551 2.83565 -0.50315 1.01882 -1.16417 -1.49637 0.17219 1.26024 1.07838 0.35437 -1.02356 1.22812 -0.32027 0.59417 -0.01104 -0.61743 -0.39567 1.40521 3
0.16252 -0.41267 0.79987 1.39674 1.03114 1.35485 -0.17631 0.70258 -0.71559 -0.59189 0.46351 -0.78043 -1.14678 -0.97586 -0.57409 1.42711 0.99198 0.67454 0.57357 -1.38785 -1.59455 0.02043 1.05449 0.21977 0.15067 0.00329 0.44431 -0.39934 -0.12524 2.43652 -0.04921 1.40521 4
-1.16127 0.32843 0.03747 -0.28544 0.17699 -0.45559 0.12017 -1.38796 0.10403 -0.11833 -0.40393 -0.55169 -0.93145 0.56465 -0.92592 3.48701 0.28626 0.01691 0.09287 -0.35447 0.72853 -0.59947 1.31138 0.28820 -0.04878 -1.22154 -0.85847 0.05560 -1.68490 -0.00664 -1.19543 -0.00206 4
-1.14083 -0.14922 -0.10352 0.84461 0.96218 1.06496 0.79521 -0.13649 -0.75653 -0.62765 0.22969 -0.83409 -1.14047 0.75768 -0.49595 0.65787 0.01261 -0.83166 -0.39685 0.51821 0.47529 -0.59947 0.49676 0.50386 -1.51771 -0.60912 1.01746 0.34479 0.94604 -0.00664 1.65415 -0.70570 4
0.71697 -1.30948 -0.56928 -0.13719 -1.56407 1.41814 0.97975 -0.43903 -0.91031 -0.60969 -0.38222 -0.69456 -0.83809 0.63726 -0.59552 -0.72783 0.67850 -0.80621 1.99868 -0.73919 -0.64846 0.02043 1.33460 0.61050 0.65843 0.61570 1.68340 -1.50548 -0.12076 -0.00664 -0.52442 -0.00206 4
-0.63077 0.69046 0.63161 -0.11725 1.39541 -0.82594 -1.54682 -0.39785 -0.26816 -0.87387 0.74155 -0.29282 -0.28925 -1.33428 0.28660 -0.57707 0.85288 -0.63362 -0.69073 -0.29247 -0.32637 0.02043 1.53008 -0.22251 1.53699 0.00329 -1.04794 -1.47614 0.77802 -0.61743 -1.02847 -1.40934 4
1.36187 1.10599 -0.59654 -0.02851 1.44264 0.53036 -1.50563 1.60291 0.93246 -0.43298 1.23630 -0.69833 0.16285 -0.41829 -0.49640 -0.72233 0.35111 0.00099 1.74930 1.44214 1.10072 -0.59947 0.70704 0.60531 -0.60302 -1.22154 1.04321 1.47678 1.40536 1.82573 -1.29972 0.70158 4
-1.04505 -1.20306 0.29695 -0.24268 0.59364 0.35473 0.07917 -0.41884 0.45949 -0.75900 -1.72029 -0.92536 -1.30966 1.50544 0.17934 -0.24211 -0.12533 -0.50543 1.09169 -1.55634 -0.27057 0.64034 -0.70155 -1.24438 -1.07844 -0.60912 -0.17517 1.06782 -1.32604 -0.00664 -1.10082 -0.70570 4
-0.83160 1.14828 1.83311 -0.44893 -1.71424 -0.99052 0.37474 1.02812 -0.81703 0.91809 0.75358 -0.27699 1.44807 1.59504 2.58912 -0.26206 1.68423 -0.24895 0.87148 1.30363 0.39242 0.64034 -0.72221 1.71928 -1.06104 0.61570 0.74538 -1.28684 0.36487 0.60415 0.18726 -0.00206 4
0.28569 -1.63993 1.50113 1.10461 -1.54929 0.19917 -1.01118 -1.37590 -0.66653 -0.04023 0.32396 -0.25146 -0.81160 0.33938 -0.85312 0.12483 -1.38331 -0.07278 0.09210 0.02799 -0.43347 0.64034 -1.19262 -1.63926 0.86538 2.45294 -0.28359 0.04637 -0.28524 1.82573 0.54983 1.40521 5
-0.17633 1.31343 -0.37497 0.95232 0.27356 -0.84812 1.19818 -1.27834 -0.39711 -0.94689 0.92101 0.36078 -0.01066 -1.41833 -0.33884 -0.53725 1.71564 -0.54479 0.92561 -1.37526 0.20093 0.02043 -1.50632 0.71063 0.71501 0.00329 -0.06129 -1.29948 0.66052 -1.22821 1.43018 -0.70570 5
1.52673 -0.87290 -0.48860 1.18709 -0.51901 0.59664 -1.31519 -1.47675 -0.39515 -0.07606 -1.03516 -0.16070 0.16010 -0.81160 0.23467 0.31924 1.43854 -0.70727 -0.87802 -0.42479 -0.60617 0.02043 0.10822 -1.25818 -1.02849 0.61570 -0.82870 0.92238 -0.34989 1.82573 0.05692 1.40521 5
1.15765 -0.20381 0.10459 -0.32280 1.02847 -0.86416 -1.24745 0.34225 -0.75168 0.26753 -0.75756 0.50776 -0.93680 0.16749 -0.07991 0.58602 0.98590 -0.90847 -1.04938 0.03467 1.47538 -1.21938 0.18421 0.32483 0.64990 0.00329 1.46166 -1.26608 0.34866 -0.61743 -0.65496 -1.40934 5
0.96936 0.83830 -0.72448 0.41941 -0.72416 -0.26932 1.42908 -1.19313 -0.81707 0.25775 0.01086 -0.94707 0.92243 1.11957 -0.67683 0.30839 -1.00592 0.52378 -0.31851 -0.78209 -0.83260 0.02043 0.85029 0.68406 1.46629 -0.60912 -0.58993 -0.21150 -0.13477 -1.22821 0.03840 -1.40934 5
1.30474 0.58763 1.25218 -0.42045 -1.65532 -0.21338 -1.73170 0.33872 -0.16017 4.23551 0.02068 0.28550 0.41931 1.24549 0.39757 -0.76955 -0.52624 0.13415 -0.13412 1.33411 -1.12167 1.88014 0.04179 -1.53775 -0.62548 0.00329 1.66719 -0.29145 -1.55673 1.82573 -0.05599 0.70158 5
1.71726 0.45513 0.57988 -0.30879 -1.59597 0.71398 0.57380 -1.08164 -0.82330 -0.84949 1.07285 -0.37650 0.30237 -0.41784 -0.90865 1.41769 0.23665 -0.40422 0.09508 1.10132 1.34879 0.02043 1.52890 1.08267 0.58055 -0.60912 -0.99042 0.61362 -1.12349 1.21494 1.01025 0.70158 5
0.78129 -0.11463 0.17183 -0.80324 -1.22377 -0.80509 -1.66151 1.68706 0.32066 0.01059 -0.10028 0.25052 0.11863 -1.49119 -0.13957 0.59719 0.12786 -0.42045 0.11364 0.01015 0.38370 -0.59947 -1.71178 1.60677 -0.79449 0.61570 0.25702 1.71540 -1.19435 -0.00664 -0.39542 -0.00206 5
0.13095 0.93892 -0.22929 0.77929 1.29187 -0.57504 -0.96103 -1.26896 0.76903 1.38311 -0.38119 -0.08709 -0.89366 0.61460 -0.83877 -0.87371 0.91792 -0.90827 0.35423 1.31870 -0.37953 -0.59947 0.46223 -1.38473 -0.15945 0.00329 1.41564 0.82228 0.68486 -1.22821 0.73177 -1.40934 6
0.52783 -0.30336 0.65167 0.01070 1.55350 -0.87727 0.42871 0.80535 -0.20084 -0.50596 0.96571 -0.39042 0.82435 -1.41455 -0.30757 -0.84089 0.40861 0.47537 -0.02863 1.60741 1.57677 1.26024 -1.17590 -1.60055 -1.57038 0.61570 1.73975 -1.47303 1.22848 0.60415 0.16625 1.40521 6
-0.71912 1.53141 -0.97590 -0.87430 0.95997 0.72814 -0.50924 0.33495 -0.42663 0.84745 -0.98766 -0.37922 -0.64979 1.67012 0.28714 -0.05000 1.30198 0.18029 0.15845 0.98043 0.19373 -0.59947 -1.42001 0.76083 -0.24208 0.61570 -0.64165 0.60029 1.40595 -1.22821 -1.17948 -0.70570 6
0.47245 -0.21632 -0.78838 -0.92525 -1.70971 3.08870 0.22423 1.04966 0.83953 -0.82034 1.51343 -0.33800 -1.10229 1.22634 0.33162 -0.57875 1.19561 -0.23548 0.25321 0.18143 0.53782 0.02043 -0.21280 1.33149 -0.27591 -0.60912 0.42395 -0.05104 -0.69630 1.21494 1.00711 0.70158 6
0.02975 0.74143 -0.62799 -0.80589 0.96357 -0.28895 1.49800 -1.03559 -0.79361 -0.55869 -0.10018 -0.98841 0.43191 1.49526 -0.76482 1.28073 -0.97306 0.19332 0.13530 1.26560 0.76969 -0.59947 0.99123 0.83456 0.80283 0.00329 -1.25917 -0.80365 1.34347 -0.00664 -0.72333 -1.40934 6
0.08699 -1.63730 -0.17711 -0.77094 0.66640 0.49726 1.20974 -1.44323 1.29614 1.37427 0.47645 0.34765 1.21022 -0.52691 0.33978 1.11034 -1.56844 -0.04041 0.27658 -1.22824 -1.63337 -0.59947 -0.08169 -1.37006 0.91431 -1.22154 0.74846 -1.20763 1.02925 -1.22821 -1.05865 -1.40934 6
-1.31460 -0.26347 -0.10612 -0.35260 -0.04648 0.55952 0.67206 0.15276 -0.42492 -0.59306 0.26959 0.17753 0.49695 -1.59404 0.06449 4.17226 -0.00271 -0.59104 1.52859 0.93372 -1.44908 -0.59947 0.58538 0.34711 -0.92292 0.61570 -0.04796 -1.60538 1.07741 0.60415 1.63976 0.70158 6
-1.56297 -0.80190 -0.35554 0.78416 1.43437 -0.15530 0.31248 -0.28411 -0.48802 -0.66024 1.20359 0.22540 1.36819 -0.52399 -0.84365 -0.92926 -1.48959 -0.77240 1.26872 0.87928 0.30993 0.64034 1.42808 0.32187 1.33621 1.84053 -0.64510 -0.98876 -0.45528 1.82573 -0.63860 0.70158 7
1.26802 1.00535 -0.74248 -0.78253 -1.68655 1.70106 0.96049 1.35912 -0.84080 2.92657 0.57861 -0.51041 0.79956 -0.81187 -0.48759 2.98104 0.77438 -0.74618 1.05447 1.05756 1.32330 -1.21938 0.46440 -0.11365 -0.08861 -0.60912 -0.47055 -0.33987 0.15150 -0.61743 -0.97434 -1.40934 7
-0.53496 0.05431 -0.19119 0.14988 0.36718 -0.34925 0.93203 -0.58705 -0.13231 -0.60886 -0.14731 -0.08455 -0.95672 1.39446 -0.91732 -0.80049 0.63706 1.28746 1.83702 1.39737 1.62107 -0.59947 -1.43570 0.83917 0.01963 0.00329 -1.12104 1.33439 1.37948 -0.61743 -0.38958 -1.40934 7
0.31156 -0.50179 -0.63972 0.91777 0.62948 1.68167 -0.07514 1.14901 -0.57408 0.70596 -0.53512 -0.69905 1.65830 1.27849 -0.06201 -0.14200 -1.66363 -0.42091 0.57824 -1.09317 -0.39770 0.02043 1.30220 0.02021 -0.24313 0.00329 -1.65990 -1.52099 0.39750 0.60415 1.71607 -0.70570 7
-1.62716 1.40268 1.31759 -0.25368 -0.91308 -0.99059 -1.26108 -0.31777 -0.94448 -0.30841 -1.57598 -0.19603 1.69286 0.39620 0.20573 -0.77820 1.63551 1.31586 -1.46377 -0.05422 -1.61563 -0.59947 0.41958 0.78982 -0.05369 0.00329 -0.23210 0.85605 1.62310 -0.61743 0.64813 0.70158 7
0.17167 1.21082 -0.95385 -0.71080 -0.60689 1.07734 1.53066 1.71572 -0.11817 1.78779 -1.07386 -0.18516 -0.05857 0.08065 0.47814 -0.73672 -0.50662 -0.82296 1.47095 -0.85312 1.31882 -1.21938 -0.49037 -0.80828 0.74115 0.00329 -1.51623 1.15142 1.13818 -1.22821 0.20179 -1.40934 7
-0.41676 -1.00001 -0.87120 -0.04506 -1.50918 -0.52096 0.16739 -1.54659 -0.97137 -0.82310 0.75154 0.47645 1.70864 -0.29471 0.49300 0.37765 0.10202 -0.27341 -1.26933 -0.00031 0.15881 0.02043 -0.95242 -0.49555 -0.43627 1.84053 -0.65338 0.35452 -1.68306 -0.00664 0.45879 0.70158 7
0.13553 -0.82154 2.38209 -0.87115 1.22588 -0.76662 0.95204 -1.72591 -0.76621 0.94182 -0.23280 0.04267 1.60687 -1.39229 0.57103 -0.21377 -0.08028 0.38869 -0.39308 -0.56253 -0.90780 -0.59947 -0.64481 -0.67188 -0.57039 0.61570 0.13673 -1.05933 0.41077 0.60415 -0.30408 -0.70570 8
-0.12085 -1.37043 -0.91556 -0.98790 -1.49149 -0.25782 -1.32671 -0.32194 1.62299 0.03692 -1.67441 0.65190 0.15616 -0.93354 -0.05912 -0.40133 0.41853 1.39226 -0.91275 -0.80997 0.81424 0.64034 -1.44656 1.08395 0.21853 0.00329 0.56006 -0.19341 1.52483 -0.00664 -0.34029 -0.70570 8
-0.36869 0.69950 2.83954 -0.39391 -0.41534 -0.92036 -0.17071 -0.59958 -0.68575 -0.21375 0.07128 0.30522 0.42057 1.28480 0.22804 -0.13259 -0.61032 -0.10538 -0.10725 -1.45766 -1.63155 1.26024 0.24257 1.35546 0.81086 0.00329 -0.49757 1.23868 0.77570 -1.22821 -1.33374 -0.00206 8
-1.53838 1.14964 -0.55414 -0.72988 -0.36685 -0.70401 -0.42725 -1.42511 -0.83891 -0.74645 -0.04887 -0.61434 -1.12545 0.28901 0.41616 -0.89049 0.31951 1.27351 -0.63651 0.71229 -1.72663 -0.59947 -0.94470 -1.35159 -0.40598 0.00329 1.37367 0.98384 -1.25576 -0.00664 1.35959 -1.40934 8
-1.22337 0.56224 -0.83152 0.05028 0.14429 0.97660 0.92558 1.62387 -0.62140 -0.94333 0.29762 -0.54006 -0.50996 0.87292 0.10273 -0.50474 0.43836 0.19737 1.59548 -0.37451 0.94101 -1.21938 -0.15529 1.61648 -0.84532 -0.60912 -1.39495 -0.66082 0.39818 0.60415 0.59088 1.40521 8
0.68663 1.71958 -0.49070 -0.57871 -0.35446 0.61130 1.64276 -1.63223 -0.64538 -0.43586 0.70301 0.33531 -0.66153 0.43473 -0.53373 2.11883 0.17207 -0.40443 -1.09914 -0.44760 0.65331 0.64034 1.49140 -0.39080 -1.64381 0.61570 -0.22324 0.08125 1.50308 1.21494 -0.16410 0.70158 8
-1.21953 -0.33906 -0.36311 -0.94400 -0.25915 0.27527 -1.41592 0.12108 -0.34691 1.58259 1.58224 -0.23931 0.78534 0.89589 0.43298 1.07120 -1.18997 0.10669 0.06216 1.52562 -0.07904 0.64034 -0.80266 1.54955 1.24795 -1.22154 1.13860 0.80793 1.08417 0.60415 -0.23682 -0.00206 8
-0.07603 1.00774 -0.68838 -0.50841 0.53264 -0.32169 -1.53401 0.46600 2.19837 0.51593 0.71118 0.71954 -1.41559 0.71372 0.07324 1.88266 -0.76506 -0.01859 -0.68286 -1.17266 0.12282 0.64034 -0.34565 0.54941 -0.52440 -1.22154 -0.62724 -0.30100 -1.60790 1.21494 -0.36488 0.70158 9
-0.03305 -1.67157 0.07729 -0.79172 0.40259 0.94779 -1.35119 -0.97225 0.41565 -0.23540 1.24838 0.93519 0.66066 0.39372 -0.09254 0.07062 0.24515 7.87461 -0.31890 -1.20037 -0.31715 0.02043 -0.55388 -0.69661 1.00891 -0.60912 -1.08771 -0.15233 1.02711 -0.61743 0.20150 -0.00206 9
-0.00953 0.38217 -0.72355 -0.59054 -0.58591 0.07508 1.01903 1.16201 -0.80039 0.00053 -1.19215 -0.60404 -1.56751 -1.38165 1.39122 -0.98674 -1.71923 -0.50800 0.81544 -0.98597 -0.39463 -0.59947 -1.34160 -1.22079 -1.61012 1.84053 0.61384 1.37703 1.32788 1.21494 -1.00024 1.40521 9
1.67797 -0.00220 1.26610 -0.67634 0.65056 -0.35925 1.44591 -0.48617 -0.50586 0.18587 0.54317 0.65716 0.35263 0.32124 -0.31375 -0.16095 -0.07838 0.09803 0.66767 0.95967 0.28745 0.02043 -1.22529 0.74109 0.99276 0.00329 -0.61560 -1.30665 -0.66199 -1.22821 -0.32502 -1.40934 9
-1.36731 -1.48848 -0.55844 0.19116 1.68937 0.39587 -0.05520 -0.39606 -0.66881 -0.91591 1.14669 1.32524 -0.17863 0.21182 1.45473 0.11261 -0.97503 0.31596 -1.56092 -1.59011 0.96875 -1.21938 -0.04526 1.72997 0.26281 -1.22154 -0.09457 -0.43810 -1.14358 -0.00664 0.72024 -0.00206 9
-0.13901 -1.62704 -0.84668 -0.91611 0.20957 -0.37079 -0.08278 1.28871 -0.91264 -0.33487 -1.63683 1.49693 -0.54629 1.36005 -0.38922 -0.42013 0.40283 0.35434 -1.62782 -1.21481 -0.85372 0.02043 -0.99065 -1.36546 1.42586 0.61570 -0.85280 0.51013 1.41329 -1.22821 -0.75012 -0.70570 9
-1.62243 1.70236 0.19690 -0.44825 -1.33509 -0.49379 0.18258 -1.32759 -0.59565 -0.27439 1.23744 -0.76356 -1.10731 -0.75593 1.70465 -0.98058 -0.06557 2.84239 0.93546 1.27873 -0.90128 0.64034 -1.58018 -0.42034 0.76434 -0.60912 0.52660 1.21512 -1.08608 1.21494 1.09484 0.70158 9
-1.34388 1.59180 -0.46760 0.03092 -1.43316 -0.41679 -0.92909 1.21858 0.23800 -0.58987 1.51238 2.28024 -0.12872 -0.40267 -0.05868 0.67496 -1.62841 0.11251 0.04084 -0.08196 0.75770 1.26024 -0.19181 -0.39255 -0.28250 1.84053 -0.44369 0.30654 0.15683 1.82573 -1.67449 0.70158 10
-0.12885 0.73295 -0.83453 1.16991 1.25117 1.57197 -0.18629 -0.50160 -0.92277 2.38329 -0.84916 2.19511 -0.45986 -0.56782 1.14025 1.83678 -1.62992 2.25953 0.30127 -0.26092 -1.09974 -0.59947 0.04107 -0.89661 -0.63822 -0.60912 1.52226 0.60152 1.67748 -0.61743 -1.27182 -1.40934 10
-1.06242 -1.11211 1.17114 1.39327 -0.70661 2.02084 0.43477 -1.42274 0.59016 -0.02386 -0.01187 0.32173 -1.04741 1.62963 -0.96552 0.28697 1.63981 -0.52042 0.00702 -1.03712 0.78083 -1.21938 1.57797 0.89742 1.00189 0.00329 1.54547 -0.37934 -0.12790 -0.61743 -1.66463 -1.40934 10
-1.07800 1.60673 -0.68623 0.07069 1.08197 1.59904 0.27674 1.11911 -0.50943 -0.43332 -1.38932 2.26300 0.92635 -1.01957 -0.35419 -0.23762 -1.15858 -0.12545 0.19893 -0.27361 -0.59277 -0.59947 1.09060 -0.07995 -1.09624 1.84053 1.67905 0.48598 -0.13754 -1.22821 -1.71325 1.40521 10
1.51900 -1.61932 -0.91101 -0.59704 -1.06586 -0.32063 0.42856 1.23880 -0.50994 0.26643 0.70896 -0.17742 1.57250 -1.24827 -0.78355 0.28607 -0.94851 3.31380 2.10572 1.15575 -0.40584 -0.59947 -1.41184 -0.72592 -0.25229 1.22812 0.39936 -0.25119 -1.12551 0.60415 -0.48013 0.70158 10
-0.12327 0.60153 0.18274 0.27949 1.11542 1.20102 0.08653 0.26204 0.12308 1.84260 -0.86917 1.97521 0.31658 0.93786 -0.73547 0.24437 0.18460 -0.91140 -1.51322 -0.51518 1.71585 0.64034 -0.06604 1.60694 1.14474 0.61570 1.73040 1.48119 -0.15103 0.60415 0.39879 -0.00206 10
1.06524 -1.03618 -0.63424 -0.70031 -0.44033 -0.46619 0.81687 -1.71872 -0.92756 -0.72900 1.35907 -0.62090 -1.24709 -1.00225 -0.57621 0.56993 -0.44983 0.43612 -1.18144 1.29138 -0.66611 -1.21938 -1.70861 0.75797 1.19294 0.00329 -1.01399 1.59915 -0.17741 -0.61743 -1.41397 -0.70570 10
