1.68520 1.53436 -0.60198 -0.82463 1.32104 -0.70907 -1.29167 -1.54890 0.07816 -0.87932 1.63532 -0.59149 0.50774 0.04357 -0.76848 0.15230 0.42142 -0.52617 1.44046 1.51748 0.80821 0.64034 1.39489 1.40411 0.24800 1.84053 0.03886 -1.09568 0.18411 1.21494 -0.23913 0.70158 1
-0.99852 0.63123 0.09449 0.93454 -1.06914 -0.73875 -1.36334 -1.25554 0.28507 0.48902 0.48853 -0.56610 -1.54991 -1.59474 -0.36296 -0.68289 -0.11538 0.16066 0.50664 -0.38496 -1.46361 -1.21938 0.29189 -1.11334 0.12764 -1.22154 -0.36916 0.09475 1.30465 -0.00664 0.90604 -0.00206 1
-1.66714 1.26227 2.34626 -0.42199 1.39522 -0.12338 0.39193 0.85113 -0.77244 0.02727 1.21919 0.08894 -0.37801 0.69445 0.42731 4.12647 -0.12103 0.75542 0.20207 -1.70899 -0.87121 1.26024 0.25147 -0.48184 0.37557 -0.60912 -0.97116 -1.57357 -0.94699 2.43652 1.35940 1.40521 1
1.21571 1.56163 1.22655 0.40599 -0.18106 -0.82251 -0.05466 -1.56989 -0.91023 1.83765 1.74771 -0.41773 0.25492 0.11342 -0.12189 -0.93505 -1.27920 2.28996 -1.57308 -1.67900 0.82284 -1.21938 0.73477 1.57503 -1.62105 0.61570 -0.82490 0.20365 -0.44787 -1.22821 1.28949 -0.70570 1
0.24295 1.47708 -0.85830 -0.67736 0.36153 -0.86258 -0.56086 1.53609 -0.27097 2.83281 -1.39212 -0.90826 0.25003 0.41229 -0.79226 1.27649 -0.05093 0.21242 0.39608 0.79016 -1.23128 1.88014 1.72569 -1.64163 -0.88308 1.22812 1.60814 -0.49927 1.64512 -0.61743 0.13400 1.40521 1
0.24903 -1.40298 0.22740 -0.50181 0.12070 -0.64883 1.71684 -1.01772 -0.84591 -0.91693 -1.58080 -0.97112 0.74148 -0.64782 -0.72701 -0.83642 1.57784 -0.77393 -1.26850 -0.36354 -0.73204 1.26024 1.73946 -0.40004 1.55741 -0.60912 -0.66082 1.32557 0.09736 -0.00664 0.55772 -0.00206 1
0.71999 0.28557 -0.32739 0.51914 1.01687 -0.59487 -0.61985 -1.72899 0.40063 -0.13780 1.13837 -0.87631 0.53212 0.85257 -0.68051 1.63653 0.76021 -0.67721 -0.09393 -1.02304 -0.53027 0.64034 1.13078 -0.15919 -1.47386 0.61570 0.42628 -1.41634 -1.21161 0.60415 -1.46579 -0.00206 1
-1.56335 0.49419 -0.43648 -0.85949 -0.64839 -0.86124 -1.27042 -1.42522 1.46108 0.82748 0.29445 -0.86292 1.49043 -0.53461 0.94076 0.72498 -0.79346 -0.81534 -0.83613 0.62028 -0.37593 -1.21938 0.44939 0.04173 -0.00677 0.61570 -0.09130 1.02121 -0.51948 -1.22821 0.15044 -0.00206 1
-1.65993 0.65629 2.73002 -0.86061 -1.56413 -0.33033 -0.58181 0.78509 -0.15867 1.22873 0.92872 0.59834 -0.61196 -1.09390 -0.40271 1.73379 -0.20760 1.46257 -0.86671 0.87114 -1.51382 -0.59947 -0.01103 0.32322 -1.13311 -0.60912 1.53371 -0.13297 -1.69012 0.60415 -0.90566 1.40521 2
-1.63553 0.45678 -0.89026 2.32825 0.50601 -0.48879 0.27060 0.95482 0.99854 0.16242 -1.58739 -0.04886 -0.78162 1.05024 -0.99849 -0.68590 -1.48032 -0.86639 0.89845 -1.45305 1.60490 -1.21938 -1.64055 1.50560 -1.60970 -0.60912 -1.28550 1.39193 1.06275 -1.22821 1.58945 1.40521 2
-1.08174 1.44792 -0.28640 -0.29621 1.05408 0.83874 1.14643 -0.08631 -0.95986 1.32817 0.65283 -0.73653 1.57684 1.65242 -0.44816 -0.97440 1.68455 -0.76494 -0.47341 1.70690 1.50773 0.02043 0.47780 0.28571 -0.76217 -0.60912 0.11525 -0.78036 0.11650 -0.00664 0.55095 -1.40934 2
0.48051 1.43474 -0.90345 -0.11017 -0.27911 -0.91021 0.98247 -1.00917 -0.60663 0.54075 0.90893 -0.73425 -0.91066 -0.23268 0.00137 2.38221 -0.84269 -0.96070 -0.10904 -1.44523 1.57204 -1.21938 1.46648 0.02521 1.62040 0.61570 -1.63161 -1.45743 0.26889 -0.61743 0.90992 -0.70570 2
-1.18794 0.80534 0.86450 -0.69523 0.64374 -0.83894 -1.30538 -0.96211 0.45784 -0.68833 1.53269 -0.84318 1.58641 1.36328 -0.40226 0.32589 -1.04547 0.84092 -1.84540 -1.29319 1.46390 -0.59947 -1.36205 -1.60104 0.19774 -1.22154 -1.21540 -0.16767 0.26006 -0.61743 -0.23271 -0.70570 2
-0.43710 1.44885 0.01348 -0.00061 -1.48217 0.27508 -0.85639 -1.43545 -0.68386 0.31788 1.51520 -0.77703 0.43658 -0.77506 -0.88478 1.41287 -1.55589 1.01411 0.44388 1.53708 -0.40847 -1.21938 -1.19653 -0.60340 0.88225 -1.22154 0.71881 1.22732 1.32134 -0.00664 -0.42103 1.40521 2
0.62986 -0.42437 -0.88282 -0.60370 0.73111 -0.51295 -1.58535 0.53096 1.25780 1.63771 1.45460 -0.63336 -0.79758 1.40292 1.90507 1.10017 1.41448 -0.29528 -1.64614 -0.87991 -0.13945 -0.59947 -1.03003 1.52856 -1.64888 -1.22154 0.28985 0.03751 -0.47400 -0.00664 0.51914 -0.70570 2
-0.61907 0.78057 -0.63617 -0.23899 0.14066 0.01254 1.60138 0.44528 -0.34317 0.22074 -1.53342 -0.62858 -1.71991 1.61109 0.75378 0.40063 -0.58699 -0.81218 0.80001 -1.71917 -0.70299 0.64034 -1.24164 0.58294 -1.72688 0.00329 -1.31345 -1.65727 1.15754 0.60415 -1.18177 1.40521 2
0.31061 0.64134 0.07029 -0.18270 0.83440 -0.09938 0.99510 -0.72056 -0.10249 0.31309 -0.04878 0.16337 -0.01426 1.15107 -0.94884 -0.91191 -0.79667 -0.86046 -0.63798 -1.31627 0.10712 2.50005 -0.69960 1.10929 -0.16144 -0.60912 0.42181 -1.49422 1.71630 2.43652 0.14065 1.40521 3
0.51776 -1.03845 2.23139 -0.61430 0.48393 -0.80383 -1.32534 1.15713 0.95065 0.29341 1.18367 -0.38398 1.12636 0.60801 -0.71466 0.64142 0.72301 -0.21699 -1.14463 -0.06065 -0.32794 0.02043 -0.03003 0.41170 0.04127 1.22812 -0.99631 -0.59351 -1.40536 -0.61743 0.02778 0.70158 3
1.52155 -1.40714 -0.83225 -0.90288 0.56179 -0.91548 -1.13367 1.58603 -0.05489 0.16502 0.12832 -0.60533 -1.27418 1.34201 -0.30250 1.15556 -0.96079 -0.46584 0.55157 1.65031 -1.69170 -1.21938 -0.82933 1.13242 -1.38611 0.61570 -0.61853 0.58833 0.05914 -0.61743 1.69284 -0.70570 3
0.60464 0.92257 -0.72059 0.17702 0.20146 -0.46320 1.43290 -0.17404 1.29669 -0.29276 1.26141 0.77189 0.72463 1.44894 -0.99788 -0.69388 0.02406 -0.38387 1.38408 0.09545 0.77710 -0.59947 1.58827 1.36003 -0.54210 -0.60912 -0.14961 -1.21273 1.15159 -0.61743 -0.24402 0.70158 3
0.05771 -1.24358 -0.87063 0.46639 0.06331 1.43329 0.77758 0.21375 -0.68890 2.32065 -1.65487 -0.97853 0.59138 -0.96018 -0.80468 -0.15785 0.15265 -0.83924 -0.03842 0.67224 0.14336 -1.21938 0.27112 0.93520 -0.07837 0.00329 -0.53176 1.25055 -0.94264 -0.61743 0.47897 -1.40934 3
1.53034 0.58232 0.27368 -0.01758 1.55193 -0.95246 -0.56031 -0.01222 -0.72027 0.18592 -0.78145 -0.43021 -0.91212 -0.83145 -0.42554 2.03982 1.73840 -0.23794 -0.12144 -0.23596 -1.30152 0.64034 -0.13298 -0.80833 -0.91001 0.00329 -0.24284 0.17789 1.14967 1.21494 0.93810 -0.00206 3
-0.70000 0.52572 -0.31023 -0.96965 -1.64017 0.52109 -1.51265 -0.47280 0.68361 -0.95647 0.75587 -0.91573 1.14199 0.55683 1.65019 0.51930 -0.87753 -0.39031 1.39465 -1.35943 1.63515 -1.21938 -0.40959 0.91029 -0.06636 0.61570 -1.00493 -0.85473 -1.29438 -0.61743 -1.27801 -0.70570 3
-0.99092 1.16583 -0.14175 0.18001 0.55426 0.63195 1.40653 -1.64812 0.48865 -0.71468 1.17201 -0.81715 -1.42464 1.07093 1.10413 -0.64911 -0.84162 -0.55941 -1.03098 0.68366 0.66264 0.02043 0.21883 0.97250 0.88180 1.84053 1.05316 0.03276 1.36991 -1.22821 -0.26586 1.40521 3
-1.14153 1.47648 -0.23672 0.92514 0.14293 0.27201 -0.62843 0.38443 -0.99477 1.68491 0.62399 -0.77958 0.74035 -1.31730 1.20805 -0.95582 0.79588 -0.48992 0.90613 0.91963 -1.49664 1.26024 -0.11974 -1.11704 -0.25251 -1.22154 1.19443 -1.16059 -1.41751 -0.61743 0.09720 0.70158 4
0.85065 1.07009 -0.70744 1.17916 1.06071 3.33936 0.16312 0.88822 -0.83719 -0.25602 -0.28056 -0.74867 1.69303 -1.15742 -0.36930 -0.94814 -0.20711 -0.44544 -1.78623 0.54656 1.19497 0.02043 0.21535 -1.51842 -1.39585 -1.22154 0.13550 -0.53468 -0.28905 -0.61743 1.46886 -1.40934 4
-0.70811 1.36109 1.08034 -0.26864 -0.64367 -0.11664 0.71537 -1.14920 -0.77019 -0.95854 -0.33676 -0.95810 -0.68688 -1.46450 -0.33178 -0.82467 1.20959 -0.83575 1.38339 0.66030 0.03146 0.64034 1.62552 0.10696 -1.49123 -1.22154 1.07772 -0.87837 -0.99050 -0.61743 0.39870 -0.70570 4
-0.08089 0.16710 0.09548 -0.73729 -1.03038 -0.94424 -1.03036 0.02260 0.45507 -0.71833 1.20723 -0.36030 -1.31386 0.78819 -0.52334 -0.96740 -0.80785 -0.14787 -1.95295 -0.64794 1.57310 -0.59947 1.54293 -0.04300 1.29285 1.22812 0.43185 -0.18780 0.31372 1.82573 -1.45496 0.70158 4
1.49096 -0.12881 -0.87823 -0.82307 0.36754 0.19493 -1.03356 -0.99147 -0.87504 3.14557 1.61466 0.03787 1.44406 0.90617 -0.07143 1.18965 -0.46200 -0.63193 1.66985 1.13151 0.22222 1.26024 0.87463 0.27888 -1.71916 -1.22154 -1.20204 0.40800 -1.22389 -0.00664 -1.50965 -0.00206 4
1.38254 -0.93569 0.46828 1.09261 -1.60245 0.61369 -1.52386 1.04626 -0.39525 -0.67030 1.59217 0.37013 0.80628 -1.67547 0.15829 -0.01788 0.38418 -0.83826 -0.93040 -0.05627 0.13218 0.64034 0.63874 1.11271 1.15977 -0.60912 0.33342 -1.61106 -0.44636 -0.61743 -1.21996 0.70158 4
-0.30409 -0.99340 0.09069 0.09500 -0.04146 -0.54153 -0.32910 -0.26087 -0.87902 -0.74088 -1.07558 0.23921 -0.63303 0.58353 0.43736 -0.88821 1.52100 -0.91013 -0.69436 -0.38766 -0.06262 -0.59947 0.40013 1.74177 -1.47873 -1.22154 0.15250 -1.41353 -0.67160 -0.00664 -1.02593 -0.00206 4
-0.58998 0.96007 4.31016 -0.97475 0.26657 -0.94161 -1.44547 -0.15936 -0.99725 -0.36548 -0.88689 0.10459 1.22581 0.28479 -0.23474 -0.07873 0.75363 -0.66499 -0.33877 0.06577 -0.73757 -0.59947 -0.40017 0.01500 -0.94420 -1.22154 -0.29623 -1.17624 0.33233 -0.00664 -0.39613 -0.70570 4
-0.83010 0.68493 -0.42651 -0.99927 -1.22377 -0.41021 -1.57640 0.89547 -0.98338 0.50643 -0.28599 0.05579 0.57840 0.32629 -0.33039 1.42132 -0.63712 -0.28801 -2.05244 -0.77053 -1.22495 -0.59947 0.44186 0.68960 -1.70916 0.61570 0.81951 -1.10931 0.49225 -0.61743 -1.44186 -0.00206 5
0.18667 0.23583 -0.22410 -0.13946 -0.65141 -0.82178 0.16970 -0.65132 -0.62006 -0.07299 1.61406 -0.37643 -1.32274 -0.77221 -0.47317 -0.68584 -0.56700 -0.51188 -0.07084 -0.05048 1.59870 -1.21938 0.69485 1.59858 -0.61020 -0.60912 0.91740 -1.19097 -1.34927 -1.22821 -1.44179 -1.40934 5
1.39363 -0.10168 1.09428 -0.81837 0.30377 1.13878 -0.46973 -0.71966 -0.49593 0.09540 -0.15198 -0.46889 -0.51502 0.01747 -0.75470 0.36098 -0.14927 -0.66473 0.37524 1.20880 -0.76382 -1.21938 -0.91989 0.99459 -0.89062 1.84053 1.51616 -0.66617 0.73357 -1.22821 0.99610 1.40521 5
1.11050 -0.91588 -0.45794 0.29491 -1.11853 0.07456 -0.80942 0.65721 0.02797 -0.69478 0.90981 0.16303 -0.26223 0.18870 1.75839 0.18798 -0.08391 -0.05182 1.41014 1.60443 0.67686 -1.21938 -1.05475 -0.62923 -1.52382 1.84053 0.15877 -0.73499 -0.01408 1.21494 -1.41094 0.70158 5
-1.69776 -0.67710 -0.77494 -0.24562 -0.15274 -0.59269 -0.70880 0.36220 0.72378 1.26368 -1.39176 0.45623 -1.37710 0.42665 -0.93539 -0.65146 1.64116 -0.31367 0.17542 -0.55725 1.49556 -0.59947 1.72488 1.46744 -0.03860 0.00329 0.98032 0.66896 -1.43335 -0.00664 0.76434 -0.70570 5
0.06203 0.95294 -0.88188 3.19816 -0.89520 3.29311 1.44091 -0.49022 0.47271 0.01010 -0.26135 0.18883 -0.78302 0.41460 0.19938 -0.91032 -0.75930 -0.73336 -1.60634 0.39116 1.02779 -1.21938 0.50630 0.23755 -0.56493 0.00329 1.64729 0.86715 0.95153 -1.22821 -0.65608 -0.70570 5
1.04494 0.16303 3.30283 0.38715 -0.00032 -0.28481 1.71640 -1.61803 0.64563 1.96462 -0.83481 0.46301 1.12209 -0.30043 0.30062 -0.20310 -0.18844 -0.86877 0.59986 0.37295 -0.03536 1.26024 1.62434 0.17452 -0.87182 -0.60912 1.04398 -0.33408 1.18096 1.21494 -1.05018 -0.00206 5
0.59115 -1.02829 -0.41095 0.55531 0.17490 0.59851 1.14652 0.57790 -0.85407 -0.81817 0.39738 -0.50525 -0.59749 -1.38196 1.07748 -0.15051 0.58580 -0.04506 1.34655 -1.05000 0.67013 0.64034 0.48297 -0.55656 -1.36956 0.00329 -1.49910 -0.72915 -0.11586 -1.22821 -0.45273 -0.00206 5
0.78373 0.18151 -0.66871 -1.00076 0.74999 -0.57281 -0.13293 -1.09190 0.17779 -0.54684 -1.47891 -0.46653 -0.92080 -0.90306 -0.36287 -0.24084 1.21259 0.33873 -0.30469 -0.12262 -1.67808 -1.21938 1.25900 -1.10709 -1.47472 0.00329 0.40465 1.39129 0.87048 -0.00664 -0.27559 -1.40934 6
-0.57525 1.00408 -0.86725 -0.38619 -1.62187 0.05379 0.56402 -1.01052 0.21822 -0.59245 -1.34648 0.68162 1.20764 0.07245 0.84039 1.57685 -1.05487 -0.58147 -0.51411 1.43798 0.57323 -0.59947 1.05877 -0.69141 0.78071 -1.22154 0.07050 -0.32380 -0.79822 1.21494 -1.44991 1.40521 6
0.59853 -0.00285 -0.10205 -0.67690 0.01243 -0.74051 -1.01131 1.19966 -0.05541 1.32526 1.26767 1.26929 -0.18400 -1.37488 1.29103 0.67620 -0.76188 -0.91370 0.14000 0.10235 0.00991 0.64034 1.03957 0.75693 -1.05393 0.61570 -0.47988 -1.32990 1.70875 0.60415 -0.19709 -0.00206 6
1.50813 -1.45096 1.65418 1.58313 -1.14543 2.04664 0.47726 -1.38599 -0.80096 0.28563 1.62210 -0.28450 -0.24646 -1.40235 0.52463 -0.63146 -1.29461 -0.64935 -1.13968 -0.96895 0.99954 0.02043 -0.73871 -1.25556 -1.11025 0.00329 1.31184 0.89224 1.24392 2.43652 0.26683 1.40521 6
0.08477 -1.56835 -0.81889 0.40267 -0.48382 -0.44073 -0.45012 0.36252 -0.96463 1.77827 -1.54742 0.86118 -0.26073 1.56492 -0.84131 -0.86016 1.56825 -0.74417 0.54155 -0.93343 0.46804 0.64034 0.54421 -0.24834 0.50945 0.61570 -0.79863 0.71437 1.36770 1.21494 -1.48297 -0.00206 6
-1.26000 0.49656 0.00358 -0.83795 -1.16177 -0.83697 1.17734 0.33801 -0.75868 -0.96753 -0.85926 -0.29508 0.85571 1.56533 -0.97888 -0.57221 -0.62123 -0.82386 -1.10613 0.97150 -0.78156 0.02043 1.09735 1.48603 0.00358 1.84053 -0.32027 -1.21853 -0.47222 1.21494 1.75075 0.70158 6
-1.31708 0.58506 -0.76632 -0.53172 0.50389 -0.57465 0.14733 1.30295 0.87533 -0.94225 -0.23603 -0.59207 0.39907 -1.32378 -0.17505 -0.17431 0.37697 -0.54970 0.03821 1.07064 0.83152 1.26024 -0.36013 0.09519 -1.03165 -0.60912 0.78835 -0.44543 0.56727 1.21494 0.42013 -0.00206 6
0.93854 -0.49924 0.41827 -0.57559 0.44523 1.88028 -0.71097 1.38934 0.32276 0.85469 -1.72172 -0.85514 1.04560 0.36687 1.15150 0.14379 1.07164 -0.90574 -0.61444 0.06466 1.34452 0.02043 1.47130 1.52960 -0.90410 0.61570 0.30107 0.60865 -0.96106 -1.22821 -1.55078 -0.70570 7
-1.50106 -0.48638 -0.69162 -0.79656 -1.19306 -0.49011 -1.19409 -0.14046 0.08655 0.36485 -1.68121 0.14901 0.15424 -1.66866 -0.73731 -0.84155 1.66227 0.19108 1.35723 0.37208 -1.61757 -1.21938 -0.30808 1.72458 -1.07840 -1.22154 -0.32255 -1.24636 -0.06091 1.21494 -0.78533 0.70158 7
-0.15531 0.91744 1.92617 1.03231 0.78207 0.29325 -0.81683 0.16678 0.30865 -0.63473 1.56966 -0.55840 -0.18788 -0.38510 0.69081 -0.34747 1.53075 -0.22034 0.40504 0.62862 -0.17854 -0.59947 -1.08942 -1.49791 -1.65275 -1.22154 -1.07785 -0.37218 -1.23730 0.60415 -0.05846 -0.70570 7
1.50718 -0.22520 -0.38463 -0.05173 1.68166 -0.62158 1.14998 -1.20974 0.57938 -0.91176 1.64226 -0.12841 0.24851 -0.46358 -0.85170 0.46003 0.83569 -0.59851 0.39073 1.56913 0.51942 0.64034 -0.86894 1.59815 -1.25465 0.61570 0.02715 0.13099 0.81790 -0.61743 -1.58080 -0.70570 7
-0.29504 1.48245 0.44507 0.39676 1.31601 0.39706 -1.28493 -0.46080 1.79595 -0.25362 -1.72640 -0.20442 -0.02861 -0.79296 -0.65947 2.79591 0.92451 0.70080 0.03431 0.11628 -1.53926 -1.21938 -1.09142 1.64330 1.26860 -0.60912 -0.83096 0.67863 -1.61897 -0.00664 -1.04933 -1.40934 7
-0.42972 -1.64067 -0.97211 1.12747 -1.42092 0.22088 1.33538 -1.20558 0.17951 -0.76596 1.36475 0.18859 0.97176 1.25208 0.08563 2.93417 0.06439 0.75407 -0.25767 -0.45819 -0.61715 -0.59947 1.57200 -1.29104 0.31158 2.45294 1.48880 -1.48343 0.98181 2.43652 -0.61664 1.40521 7
0.88143 1.08819 -0.64820 -0.05351 -0.48021 -0.37436 0.84481 1.58472 -1.01482 -0.74713 -0.35460 -0.41601 0.88273 1.10582 4.17537 0.45799 -0.47549 0.64531 -1.57414 -0.04039 -0.99469 0.64034 -0.93765 -0.51373 0.76851 0.00329 0.21831 -1.38551 -0.27325 1.82573 1.43907 1.40521 7
-0.82234 0.58234 1.77794 0.21580 -0.23731 -0.26668 -1.66095 -0.89649 -0.78264 0.55214 -0.39512 1.55952 0.12494 0.54903 0.67905 0.80159 1.49881 -0.54765 0.28628 -1.04341 -0.63811 0.02043 0.18850 -0.26044 -1.70459 -1.22154 0.14955 -1.66465 -0.25687 -1.22821 1.58394 0.70158 8
1.07689 0.06869 -0.90816 1.88213 -1.50853 1.07043 0.49609 -1.35001 0.01548 0.65031 -0.07635 0.42743 -0.93447 -1.39265 -0.60752 2.48428 0.99456 3.98137 1.53534 1.17632 -1.59923 2.50005 1.22748 1.08040 1.41092 1.84053 -1.30412 -1.00389 0.89369 1.82573 1.47885 1.40521 8
-0.77925 0.29102 -0.85578 -0.88290 1.67303 -0.85113 -0.00761 -1.09029 -0.98937 -0.92700 0.29798 3.56824 1.33320 -1.69564 2.71255 0.37383 -1.53057 -0.66493 -0.82758 -1.33332 -1.05449 0.02043 0.14152 0.12753 0.87198 0.00329 -0.82350 -0.74203 -0.97227 0.60415 0.97275 -0.00206 8
-0.08792 1.56346 2.25593 -0.72934 0.63950 -0.28083 0.40969 -0.38411 -0.44876 -0.56209 -1.49414 4.07405 -1.20374 -1.39219 0.27325 -0.01510 -1.06689 -0.90049 -1.45929 -1.51004 -1.26373 -1.21938 -0.74184 1.38744 0.52597 1.22812 0.98218 -0.15311 -1.65431 -1.22821 1.41332 -0.00206 8
0.09485 0.57674 0.68672 -0.78139 0.50402 -0.18741 1.00814 0.17713 0.03866 -0.90645 0.81530 -0.40428 0.24709 0.87940 1.09481 0.66341 0.02086 -0.10371 -1.50530 1.39911 -0.51775 0.64034 -0.71651 -1.36139 -0.61184 0.00329 -1.17184 -1.38240 -0.23728 0.60415 -1.13836 -0.70570 8
0.89068 -1.37276 -0.06813 -0.95521 0.71876 -0.73482 0.09774 1.12982 0.26071 -0.80476 -1.69285 -0.23849 -1.44731 1.37096 -0.16508 -0.86634 -1.37132 -0.82802 -1.31743 -0.23876 1.20248 0.02043 -0.35588 0.31534 -1.27062 1.22812 -0.28818 -1.02668 -1.65353 -0.61743 0.71027 -0.00206 8
-0.19115 -1.41059 0.05493 0.58259 -0.42936 -0.51453 -0.24024 0.49106 -0.99589 -0.28603 -0.23809 0.90891 -0.55221 -1.56140 -0.75011 -0.89397 0.34927 -0.47244 -0.62971 -0.27349 0.68497 0.02043 -0.28567 -0.01319 -0.99789 -1.22154 0.61713 0.54770 0.91125 -1.22821 -1.66162 -1.40934 8
1.16800 0.28904 -0.85763 -0.32068 -1.49803 0.57501 0.23414 -0.69305 -0.39810 -0.23692 -1.38133 0.53688 -0.75775 0.55609 -0.43244 -0.26178 1.30712 -0.86735 -0.95454 1.57507 1.18965 -0.59947 -0.55087 1.24050 -0.26659 -1.22154 1.67901 -0.68630 1.64584 -0.61743 0.52164 -1.40934 9
1.18399 0.32700 -0.45032 -0.31729 -0.27550 0.12007 0.04188 -1.49828 2.61559 -0.19850 0.40652 0.56698 0.79072 -1.52492 0.36760 -0.37880 0.22881 -0.49053 -0.63873 0.73482 0.30125 -0.59947 -0.54053 0.68502 0.93215 0.61570 0.96512 -0.23401 1.21007 -0.61743 1.50507 -0.70570 9
1.14191 0.28574 -0.78794 0.68153 -0.06306 1.34139 -0.72955 1.17106 -0.24344 2.00473 1.45356 -0.43137 -1.70448 1.27085 -0.07556 -0.70335 1.29753 0.65661 0.51465 -0.83908 0.84470 -1.21938 1.22990 -0.86046 -0.00254 0.00329 -1.17851 -0.94110 0.54134 -0.61743 0.73429 -0.70570 9
0.54293 1.39381 0.70400 -0.46731 0.42267 0.31394 0.69953 0.67740 -0.71678 -0.87309 0.45617 1.41607 0.47170 -0.15365 2.15182 -0.92780 -0.55519 -0.79382 -0.52297 -0.50510 -0.29902 1.26024 -1.10255 0.93650 -1.30450 -1.22154 1.64601 1.31696 0.66444 -1.22821 -1.61019 -0.00206 9
-1.17888 0.30367 2.03011 -0.60978 -0.38878 2.18121 -1.24159 1.51255 0.84746 0.13347 -1.52792 -0.39578 0.73741 -0.03562 -0.12574 0.46957 0.62845 0.03060 -1.43186 -1.20898 0.31295 -1.21938 -0.78357 0.50817 -0.31002 -1.22154 0.71668 -0.39894 -0.12283 1.21494 0.95258 -0.00206 9
0.47572 1.02054 1.39237 0.06493 1.49023 -0.35144 -0.30707 1.55893 -0.08351 -0.17207 0.50729 1.04904 0.24182 -1.04932 1.04971 -0.41360 -0.51146 0.20675 -0.16625 -1.59400 -0.87053 1.88014 0.91970 -0.28815 -0.40422 1.22812 -0.96924 1.52686 -1.05997 -0.61743 -1.16932 1.40521 9
1.13931 -0.18328 -0.95935 -0.75984 -1.69129 -0.04286 1.17381 1.12851 -0.56054 -0.54875 -0.48790 1.53711 1.64005 0.25708 -0.14611 -0.80165 1.06316 4.96061 0.14917 0.30790 0.76665 1.26024 -0.34627 -0.34312 0.66165 0.00329 0.46295 -0.91752 1.69221 -0.61743 0.72946 1.40521 9
1.01175 -0.58717 -0.40163 0.38635 -1.67096 0.69309 0.75947 -0.38499 -0.11798 0.68271 0.60522 0.49579 -0.85190 -0.54752 0.54522 -0.88443 0.02436 -0.52949 -0.98926 1.28486 -1.29632 0.02043 0.17614 1.01441 1.14548 -1.22154 -1.19899 -0.07555 1.39676 -1.22821 -1.54703 -0.70570 10
0.81391 -1.08605 -0.71907 -0.59985 1.74001 -0.60942 0.15599 0.69614 -0.93364 1.24969 -0.35854 3.24697 -0.02622 -0.65781 -0.58311 0.25847 -0.74051 -0.69727 1.77970 -0.34795 -0.24309 -1.21938 -1.32243 -1.68226 -0.55238 -1.22154 0.27719 -0.64758 -1.04674 -0.00664 1.13034 -0.70570 10
-0.49323 1.62693 -0.86171 -0.84198 0.77687 0.13218 -1.12568 0.11178 0.47094 -0.71809 -1.08163 -0.95433 -0.22498 1.25000 -0.01791 -0.99278 -1.11457 1.48114 -1.25438 1.57586 1.18322 -1.21938 -1.72709 0.47611 -1.02900 -1.22154 -0.28344 1.48412 -0.77810 -1.22821 -0.44857 0.70158 10
-0.95411 -0.45126 -0.97094 -0.86053 -0.34345 3.17786 1.48927 -1.63136 -0.33277 -0.77758 1.26601 1.65348 0.89566 0.96395 2.00263 -0.43467 0.58523 1.71546 -0.23103 0.58356 -0.21588 0.64034 -1.44959 -1.64138 -0.36921 -0.60912 1.01237 0.47261 -0.83845 0.60415 0.08991 -0.70570 10
-1.47054 -1.25558 -0.23977 -0.68079 1.02187 3.35953 1.01134 0.27943 -0.03146 0.06801 -0.07924 -0.99146 -0.55041 -0.84434 -0.64277 -0.84666 -0.97891 -0.73741 -0.02923 0.38591 0.96575 0.64034 1.28127 0.28187 -1.03557 -0.60912 0.68024 0.86532 0.50439 -0.00664 0.26813 -0.70570 10
-0.35977 -0.69658 0.90462 -0.95267 -1.33290 -0.07183 -0.79055 1.43332 -0.89383 3.09916 -0.07714 -0.34692 -0.09205 0.05647 -0.96747 -0.04889 -0.07624 -0.34223 -1.58973 0.53515 1.22185 -0.59947 -1.58129 1.61800 1.72006 0.61570 -0.32822 1.72482 0.63295 0.60415 0.10333 -0.70570 10
0.49776 1.35159 4.06382 -0.61657 -1.70970 -0.47425 -0.67950 -0.20561 -0.45704 0.45236 -0.59346 1.89369 0.07178 1.33458 -0.96016 -0.60495 1.36363 0.82441 -1.58551 1.49711 -1.65577 1.88014 -0.29332 1.57069 1.05259 1.22812 -0.12349 1.22859 0.77546 -0.61743 -0.92138 0.70158 10
