0.61440 -0.92717 -0.55486 0.61850 1.51325 1.63151 -0.59892 -1.04907 -0.88224 -0.97314 1.47796 -0.85438 1.45848 -1.60689 1.27299 0.24642 -0.99615 -0.55715 1.67028 -1.46233 -1.02480 0.02043 1.34562 0.81665 -0.09143 -1.22154 1.02016 -0.34150 1.11437 -0.61743 -1.26365 -0.00206 1
-1.11532 1.33517 -0.75911 -0.76593 0.56131 -0.99333 -1.71650 0.33653 -0.32454 -0.47255 1.12127 -0.78511 -0.36656 1.53869 -0.29528 -0.57739 -1.24580 -0.79184 -1.43711 0.30460 1.12567 1.26024 -1.47119 1.40835 1.56510 -1.22154 1.01110 1.60700 -0.54003 -1.22821 0.21032 1.40521 1
-0.89282 0.69523 1.09650 -0.79707 -0.37176 -0.89470 1.58660 0.57159 1.94580 -0.65801 -1.04748 -0.81827 1.05166 1.55640 -0.77054 -0.69922 -0.20519 -0.63193 -0.80841 -0.64084 1.50557 1.88014 -0.17399 0.85944 0.28066 0.61570 1.28228 1.02624 -0.62735 -0.00664 1.68864 0.70158 1
0.54255 1.62906 0.66455 -0.89697 0.48194 0.20121 -1.10515 -0.60077 -0.66160 0.12393 0.97496 -0.62246 -0.64191 0.35998 -0.92170 -0.14020 1.72780 -0.73147 0.38657 0.11988 1.66728 1.88014 1.70042 1.37853 -0.82034 1.84053 -0.69328 -1.47480 0.53140 -0.61743 -0.76636 0.70158 1
-0.14070 -1.36540 2.08312 -0.79837 -1.18390 -0.57408 1.65440 0.12163 2.24149 -0.92587 0.49431 -0.81465 0.02822 0.43078 -0.65900 -0.68285 0.03330 -0.03902 0.59252 -0.86397 1.11899 1.88014 -1.56399 0.22838 -1.49888 1.22812 1.69730 1.11733 -0.07316 0.60415 0.78524 0.70158 1
0.71282 -1.63781 -0.15671 -0.06265 1.23066 0.07298 -1.25625 0.79591 0.00146 2.40388 1.41662 -0.00184 -0.42975 0.66377 -0.94757 -0.39609 0.98676 -0.57293 -1.77884 0.20955 -1.58458 2.50005 -0.01876 0.63748 1.12879 2.45294 -1.62315 0.08765 1.45937 -0.61743 -1.54973 1.40521 1
1.46420 -0.00859 -0.85590 -0.98785 -0.85650 0.47092 -1.01406 0.60707 2.34520 -0.18600 -0.72050 -0.98227 -0.46894 0.15024 0.36546 0.63563 -0.16291 -0.75491 0.26530 0.27395 1.48164 0.64034 -0.69678 -0.82373 0.90262 -0.60912 0.96594 0.11109 0.22633 -0.00664 1.16687 0.70158 1
-0.39692 0.09751 0.09600 3.10249 -1.66859 -0.47302 -1.68402 -1.72926 0.99227 -0.78891 1.58015 -0.98380 0.15608 0.19077 0.43191 0.68686 -1.31566 -0.86334 -0.79565 -0.05563 1.27600 0.02043 -0.21239 -0.59419 -0.87624 -0.60912 0.60897 1.03144 -0.40983 -0.61743 -1.17723 -1.40934 1
-1.03365 -0.98774 -0.94274 -0.52710 1.65075 -0.58295 1.19852 0.21982 -0.53618 -0.70732 -1.00505 -0.95805 0.53639 -0.28018 -0.90321 -0.79428 0.56692 -0.91115 1.34523 1.65296 0.88741 1.26024 1.38779 1.37493 -1.41535 -0.60912 -1.60642 0.16516 1.27154 -0.00664 -1.48673 1.40521 2
-1.26336 0.04265 -0.59779 0.41331 0.91909 0.49165 0.50699 0.58593 0.39805 -0.08376 0.18725 -0.60238 -1.67345 -1.26525 1.96983 -0.70479 -1.59848 0.63434 -0.60734 1.31326 1.29946 -0.59947 0.96245 0.43640 -1.00440 -1.22154 1.19268 0.44246 0.01401 0.60415 1.47870 -0.00206 2
0.11455 0.22904 -0.90010 -0.99668 1.73265 -0.93800 -1.17140 1.28582 1.20974 -0.61550 1.26620 -0.96519 0.38963 1.28579 -0.50838 1.19510 -0.88968 -0.75803 0.25580 -1.23283 0.07307 -1.21938 0.76063 -0.31310 0.22959 0.61570 1.68816 -1.02335 0.12103 -0.00664 1.37528 1.40521 2
0.48959 -1.48150 -0.72962 0.35337 -1.10049 -0.98838 -1.32791 -0.50302 1.16377 0.03874 -0.00542 -0.50341 -1.30083 -1.27784 -0.90084 -0.99311 -0.79235 -0.79025 -0.24908 -0.76617 -0.16636 -1.21938 -0.05949 0.50054 1.58076 0.61570 -0.17990 -1.42592 -0.44754 -0.61743 -0.32367 -0.70570 2
1.55489 0.74545 0.10717 -0.39224 1.72153 -0.36712 1.70223 -0.90927 -0.71681 -0.91858 -0.16361 -0.66901 -0.51232 -0.34207 0.18995 -0.43400 -0.69549 -0.80046 -0.37422 -1.37671 -1.68121 1.26024 -0.14752 -1.12840 0.25827 -0.60912 1.67258 -0.16610 0.68567 1.21494 -0.68455 1.40521 2
-0.67941 1.54013 0.16426 0.48819 -0.83533 -0.22150 -0.62437 0.47536 2.49414 -0.50081 -0.54322 -0.76711 -1.70365 -0.01228 0.49171 -0.70844 -0.18200 0.92075 -0.43624 1.30549 -0.60642 -1.21938 0.29288 0.63394 -0.37323 0.00329 -1.21602 0.63816 -1.34833 0.60415 -0.82626 1.40521 2
0.64092 0.70063 -0.24028 -0.41002 0.62685 0.89504 0.66829 -1.51853 -0.63388 0.10847 -0.71709 -0.43839 -0.47496 0.09868 -0.51084 0.27548 -0.15574 -0.82991 -0.59676 -1.43384 -0.02719 0.02043 -1.44923 0.85882 1.52751 0.00329 1.24545 -1.29449 0.38391 -1.22821 -1.12767 -0.70570 2
-1.65013 -0.08942 -0.84338 1.20242 0.10977 -0.69829 -1.38609 -1.40728 -0.77208 4.65274 -1.13647 -0.91369 -0.15576 -0.50814 -0.68413 1.02808 1.57786 -0.44038 1.27089 0.03284 0.61520 1.26024 -1.52872 0.52527 1.64410 -1.22154 0.64709 -1.72554 -1.27904 0.60415 1.08813 0.70158 2
1.66756 -1.58746 -0.96419 -0.73941 -1.26405 -0.97185 -0.77699 -0.94411 2.20316 -0.52007 -0.08254 -0.42055 0.02356 -0.96553 -0.11267 -0.87831 -0.74554 0.35407 0.29022 -1.06474 -0.67962 -1.21938 0.52853 0.19731 -1.25160 1.22812 0.44827 -0.55545 1.49396 1.21494 0.21766 1.40521 3
0.76434 -0.10345 -0.87310 -0.98468 0.74549 -0.57542 0.66165 0.40992 0.38092 -0.71112 1.55053 0.53620 -1.62677 -1.21335 -0.46103 -0.70588 -0.82747 -0.45349 0.05478 0.61500 0.78292 0.64034 0.76843 1.54174 -0.86122 0.61570 0.43901 -0.09231 -0.36314 0.60415 0.62790 1.40521 3
-0.58133 1.46949 0.11553 0.78160 -0.26685 0.57870 -0.60806 0.72802 0.28173 -0.25762 1.13995 -0.80074 1.56780 -1.62617 0.95358 0.07651 0.67179 -0.93557 -0.55035 -0.70506 -0.50263 -0.59947 -0.07372 -0.97044 1.33323 -1.22154 -1.45013 -0.60018 0.80357 -1.22821 -0.73115 -1.40934 3
-0.73020 0.75983 1.89202 -0.97577 0.95556 -0.36423 -0.22600 -0.15983 1.34759 1.27804 -1.61809 -0.49596 1.60164 1.04487 -0.73687 0.10008 -1.20152 0.73872 -0.42056 -1.35386 0.94546 -1.21938 -1.35436 1.15979 -1.43954 -0.60912 -0.62433 0.15605 1.71185 -1.22821 1.15673 -1.40934 3
1.11431 1.45498 -0.65169 -0.60812 -1.43052 3.63412 0.17437 1.26376 1.06614 -0.01439 0.31680 -0.75374 -1.28668 0.84775 -0.45327 4.94504 1.53069 -0.84739 -0.38735 0.95519 0.54494 -0.59947 -0.57529 -0.06674 -0.05134 0.00329 0.65384 1.14401 -1.55781 -1.22821 -0.35471 -1.40934 3
-0.45823 -0.36570 -0.58802 -0.50813 0.65689 -0.35031 -0.20064 -1.19403 -0.33166 -0.30780 0.42441 -0.45948 1.17717 0.88753 -0.98812 -0.50552 -1.06437 -0.86085 -0.80808 -1.58760 -1.63384 -0.59947 -1.19372 0.44224 1.40127 -1.22154 0.57050 -0.71859 -0.49343 1.21494 -0.00468 -0.00206 3
-0.06656 -1.42873 0.54691 -0.94270 -1.11062 0.81321 -1.48219 0.54494 1.03666 -0.87709 -1.54355 -0.43384 -1.28781 -0.96188 -0.05341 -0.99094 -0.28068 -0.78199 -1.05226 1.50339 0.43080 -0.59947 1.13391 -1.68402 -0.16013 -1.22154 0.94669 1.43463 -0.55329 -1.22821 1.53609 -0.70570 3
1.23357 1.19523 0.17724 -0.64069 1.18190 -0.80061 -0.75079 -1.44248 1.63101 1.86008 1.10513 0.76926 1.62166 1.26347 -0.91853 -0.42595 0.60342 -0.85123 -0.57484 0.23018 0.35473 0.64034 -0.54197 -0.08582 -0.16096 0.00329 0.30879 -1.30840 1.02297 -0.61743 0.00254 -0.70570 3
-0.21987 1.30590 -0.82307 -0.73715 -0.03540 -0.52042 1.49097 -0.65019 -0.99867 -0.87410 -0.68909 -0.94091 -0.35347 -0.36039 -0.08581 -0.38678 0.14518 -0.32656 -0.06333 1.67504 0.24293 -0.59947 -1.00865 -1.18232 -1.05231 -1.22154 0.22449 -0.40822 0.76285 -0.61743 -0.71770 -1.40934 4
0.25819 0.92190 -0.79889 -0.35662 1.11625 -0.93612 1.17669 0.21037 1.87905 1.06685 -0.87787 1.05925 -0.87655 1.17927 -0.13548 0.01494 0.96044 -0.59400 -0.39694 0.07875 -1.09813 0.64034 -0.07707 1.21712 -0.19838 0.61570 0.78690 -1.49818 0.75411 -1.22821 0.48100 0.70158 4
0.19063 0.45681 2.04290 -0.77096 0.11399 1.54077 -1.11696 0.91126 1.11234 0.40272 0.38079 -0.56671 -1.14665 0.13734 0.04376 -0.17319 -0.54276 0.75953 0.54900 0.16318 0.07084 -1.21938 0.47571 -0.75942 -0.59852 -0.60912 1.43870 0.81980 1.19985 -1.22821 0.64460 -0.70570 4
0.71298 1.00358 -0.25610 -0.75267 0.64459 -0.99707 -1.08408 -0.19270 -0.90783 -0.74871 -1.17342 1.01367 -0.99641 -1.66395 1.12581 -0.51070 -0.38751 1.29989 -1.67984 0.87509 0.44748 2.50005 -0.05472 1.68018 0.38849 2.45294 -0.27968 -0.11915 0.49240 1.82573 -0.01594 1.40521 4
-0.42316 1.65121 0.26022 -0.71716 -1.54045 -0.48378 -0.05117 -1.68613 -0.33107 -0.66629 -1.13769 -0.94147 -0.49902 -0.04466 -0.50070 1.59759 0.01497 -0.09021 -1.09245 0.13682 -0.13919 -1.21938 -0.89183 0.41839 0.07535 1.84053 1.11403 0.94169 0.56134 1.21494 -0.02989 0.70158 4
-1.35003 1.52711 0.53105 0.18491 -1.22483 -0.17400 0.59769 -1.57644 -0.78875 -0.74733 0.66588 -0.02347 -1.09269 1.33042 -0.49230 1.82109 -0.47165 0.13483 -1.27330 -1.05695 0.88319 1.26024 1.32951 -0.29439 -0.94327 0.61570 0.52125 -0.01482 1.64794 1.82573 0.72193 1.40521 4
0.92338 0.42707 -0.74514 -0.92942 0.72892 -0.05884 0.21988 -0.48374 -0.68874 -0.96266 -0.12003 -0.73994 -0.36555 0.07617 -0.53156 -0.77553 -0.62916 -0.84130 -1.91361 -1.06140 0.18438 -1.21938 1.53550 -0.70704 1.33828 -0.60912 -1.53016 -1.04238 0.93431 -1.22821 1.55840 -0.00206 4
1.35054 -0.64051 0.17922 -0.94817 0.76100 0.23895 -0.75734 -0.05513 -0.66823 -0.21094 -0.51766 -0.44049 0.93427 -0.22143 -0.48501 0.80978 1.32075 0.33706 1.49981 -0.93413 -1.23295 1.88014 0.45469 -1.59427 0.20492 -0.60912 1.51782 1.27004 -1.14895 -0.61743 0.21137 0.70158 4
0.50211 -0.15304 2.43464 -0.19417 -0.94529 0.75783 -0.25929 1.17448 -0.36661 -0.10689 -0.39258 -0.48451 0.28948 0.40778 -0.59582 0.85075 -1.29861 -0.95670 -0.39849 -0.82968 1.13151 -1.21938 1.61552 -0.86744 -0.42024 -1.22154 -0.42471 0.16325 0.51317 -0.61743 -0.67889 -1.40934 5
1.10067 0.48167 -0.10688 -0.31961 -0.24160 -0.03634 0.23987 -0.26171 -0.88347 -0.00208 0.63166 -0.87357 0.23865 -1.12760 -0.39570 -0.99442 -1.62873 -0.67617 -1.96749 -1.10788 0.30418 0.64034 -0.01156 1.37408 -0.18887 -1.22154 -0.31008 -0.70372 -1.02341 -0.00664 0.71342 -0.70570 5
0.36851 1.68052 0.27716 1.04047 -1.08852 -0.95723 -0.20588 -0.22649 -0.40573 -0.95839 1.12898 -0.18285 0.15560 0.74146 -0.49572 -0.20796 1.24676 -0.44329 1.06537 -1.19843 1.53091 0.02043 0.61272 0.87112 0.13092 -1.22154 -1.05678 -0.91737 0.37478 -0.61743 0.27162 -1.40934 5
-1.01144 1.49198 0.22049 -0.46244 -1.06366 1.21421 1.70700 -0.01635 -0.46970 0.66117 1.43389 -0.48090 1.36485 -0.88841 -0.36917 -0.54531 0.80805 -0.73986 1.29891 -1.18656 -0.25739 -0.59947 0.22183 0.18884 0.06143 -0.60912 1.04372 0.97734 -1.51076 0.60415 0.45454 -0.00206 5
0.00135 -0.26067 -0.89869 0.09238 0.66660 -0.37316 -0.54051 -0.96452 0.20322 0.25688 -1.25099 1.25125 0.47438 0.25397 -0.77283 -0.35047 -0.59278 0.09473 -1.26254 -0.33668 -0.54860 -0.59947 1.04387 0.42017 -0.90511 -1.22154 0.61961 -0.94083 0.56848 -1.22821 1.43131 -0.70570 5
-1.16785 0.25641 0.53933 -0.37601 -0.43340 -0.33552 1.52532 -0.75180 -0.75728 -0.91612 0.22829 0.02876 0.42066 -0.78568 3.09282 1.29710 1.73328 -0.49599 -0.34570 -0.49161 -1.03748 0.02043 -0.17404 1.62599 -1.49549 0.00329 1.39408 -1.63901 1.35840 2.43652 -0.98455 1.40521 5
-0.88189 -0.83252 -0.41249 -0.57451 -1.14401 -0.43336 -1.64169 -1.62817 0.92992 0.26087 0.89600 -0.04114 -0.69894 1.01596 -0.94252 1.07977 -1.06301 -0.13728 0.55276 0.96990 1.64734 -1.21938 0.32701 0.53326 -1.13705 -0.60912 1.27527 1.16367 -0.66552 0.60415 1.44930 -0.70570 5
0.68895 1.11066 -0.86401 -0.83633 1.33237 -0.54967 0.00673 -1.10502 -0.04427 -0.54675 -1.26795 -0.72362 1.22673 0.05416 0.56666 -0.10892 -1.29971 0.53151 0.23175 -0.56276 0.10044 -0.59947 -0.79896 -1.05453 -1.19213 1.84053 0.05566 -0.55785 0.93859 1.21494 1.75231 0.70158 5
0.11064 -1.02782 0.05624 -0.33370 0.90807 0.13765 -1.55650 -0.23686 0.41934 -0.63335 0.83024 0.09754 -1.15840 0.31546 0.35217 -0.74117 0.97960 0.16310 0.99229 0.48376 1.06299 0.64034 1.00578 1.09657 -1.72389 -0.60912 0.52068 1.71719 -0.37575 -1.22821 1.11681 -0.70570 6
0.30500 -0.37289 2.31013 0.24818 -1.41014 -0.18062 1.48100 1.46094 -0.50607 -0.83566 -1.68975 -0.62641 1.21134 -1.27555 1.90641 3.32747 -0.36766 -0.82945 0.92219 1.44700 1.33386 -0.59947 0.54151 -1.43500 -1.42690 -1.22154 0.09950 1.00075 0.52892 -0.61743 1.05423 -1.40934 6
-1.32236 0.18957 0.55454 -0.38637 -0.34745 -0.90987 1.08513 1.71171 -0.61180 1.68308 -1.61725 0.95285 -1.25324 -0.93287 -0.09839 -0.40364 -0.73617 0.12591 0.71652 -1.09194 -0.64984 0.02043 0.81304 1.61338 1.05038 2.45294 -1.45795 1.26402 -0.39347 -1.22821 0.72448 1.40521 6
1.61846 -1.21634 -0.61237 0.37210 0.43093 -0.02165 -0.53398 -1.09560 -0.98693 -0.82469 1.52041 -0.40690 1.17447 0.20704 -0.07403 -0.98209 0.48251 -0.59874 0.42493 1.53466 -1.60552 -0.59947 1.29517 0.28762 -1.59254 1.22812 -1.10757 1.04460 -0.05295 0.60415 -1.17094 -0.00206 6
-0.19936 -1.50018 2.09021 -0.05707 -1.08112 0.27430 0.94308 -1.60315 -0.75381 0.56514 -0.12049 1.18281 -0.93044 0.98990 -0.34959 0.63118 -0.67808 1.51526 0.53215 -0.44993 0.98563 0.64034 1.65287 -0.81079 1.55075 0.00329 0.92241 -0.40048 -0.10904 1.21494 1.66562 0.70158 6
-1.63075 1.21216 2.10447 1.87275 -0.25031 -0.25794 0.00631 1.66612 -0.50872 -0.89320 0.88033 -0.66507 1.65203 -1.62199 0.36720 2.99153 -1.44417 0.84090 0.92876 0.87069 1.51196 -1.21938 0.32524 -1.27548 0.34396 -1.22154 -0.84367 -0.30407 1.54500 -0.61743 -1.65948 -1.40934 6
-0.38787 0.84763 0.68634 -0.82979 -0.69653 -0.49803 -0.05759 -1.35211 -0.15970 0.17377 -0.75413 1.49004 1.36331 0.33401 -0.67433 0.53561 -0.64704 -0.48076 0.67178 -0.67817 0.01910 1.88014 1.24987 -1.13958 0.01661 0.61570 0.68681 0.86004 0.44068 1.21494 -0.08407 0.70158 6
0.98091 -0.21385 1.16427 -0.32018 1.50401 2.09159 -0.11550 1.35435 0.54599 0.00315 -1.67416 -0.64699 -0.14532 -1.28590 1.05519 -0.91660 1.29125 -0.48475 0.37614 1.63302 1.14468 -1.21938 -0.96852 -1.11319 -0.86772 0.00329 -0.91072 0.71200 -1.23977 0.60415 0.93385 -0.70570 7
-1.56001 -0.11861 -0.00519 -0.91984 -0.23469 -0.80338 0.90888 0.88793 -0.95494 -0.70351 1.20122 0.76723 1.64725 1.43982 -0.87005 -0.28253 -1.23935 0.98754 0.22315 -0.76470 -0.66698 0.02043 0.79430 0.08688 -1.28697 -1.22154 -0.21391 0.10291 -0.15705 0.60415 0.39235 -0.00206 7
1.17782 0.48282 0.76136 -0.79910 0.95599 -0.70062 0.58772 1.17853 1.11573 0.92040 -1.32256 1.35859 1.05799 -0.82919 -0.24085 0.39672 1.19744 2.20961 0.87872 -0.91905 0.27421 0.02043 -0.19484 -0.91408 -0.91029 0.61570 0.83315 1.71701 -0.02895 1.82573 0.98146 1.40521 7
-0.50109 -1.04099 0.02060 -0.29402 -0.17595 -0.56870 0.81703 -0.10216 -0.38368 -0.83400 -0.42833 0.05023 -0.21186 -0.69216 -0.83580 2.21842 0.24578 -0.81021 -0.05887 1.68481 -0.95889 -0.59947 1.21432 -0.01559 -1.37114 -1.22154 -1.14376 1.29555 -0.32491 -0.00664 -0.46490 -1.40934 7
-0.34157 0.97071 -0.70982 0.93670 -0.67308 -0.81624 1.68248 -0.98855 0.52096 -0.96459 0.99986 -0.11838 -1.68381 0.94712 0.36952 -0.42587 -1.31295 -0.54959 0.39920 -0.75266 -0.41736 -1.21938 0.38615 0.96479 0.02988 0.00329 0.14260 0.70561 1.13728 -0.00664 -0.74638 -1.40934 7
1.02005 0.17346 -0.30410 0.82539 0.56020 0.70178 -0.96437 -1.28533 -0.61086 0.07315 -1.70206 -0.28290 0.94432 -1.56781 -0.93348 -0.89161 1.12785 0.02229 0.38248 -0.46642 -0.76930 0.64034 0.19935 -0.52426 0.62633 0.00329 -1.49336 1.63599 -1.43999 -0.61743 -0.33847 -0.70570 7
-1.66743 1.58680 -0.36441 -0.07707 -0.17177 1.65164 0.52156 -1.37098 2.01020 0.05769 -0.52548 -0.25345 0.13631 -1.12631 -0.89907 -0.72784 -0.91596 -0.77436 -1.02865 -0.07661 -0.55018 -0.59947 0.86123 0.75784 -0.12022 -0.60912 0.49157 0.58636 0.07164 0.60415 0.46654 -0.00206 7
0.97425 1.40662 1.88072 0.10321 0.62992 1.53973 -1.11177 1.46145 -0.29486 -0.29961 0.49628 -0.97447 1.26323 1.17965 -0.21089 -0.93030 -1.67947 -0.59712 -1.36502 1.64426 1.30500 0.02043 -0.78628 0.11877 0.11385 0.61570 1.45623 1.27055 -0.05220 -0.61743 -0.05505 -0.70570 8
1.42084 -1.18766 -0.39166 0.01624 0.60605 -0.75522 1.63388 0.34065 1.55817 2.53788 -1.09267 2.28501 -0.71912 1.02214 0.79079 -0.68159 -0.32987 -0.42420 -0.31371 -0.08353 1.23514 0.02043 0.99931 0.67997 1.33871 -0.60912 -1.23467 0.21781 0.31471 -0.00664 -0.32901 -0.00206 8
-0.08792 1.56346 2.25593 -0.72934 0.63950 -0.28083 0.40969 -0.38411 -0.44876 -0.56209 -1.49414 4.07405 -1.20374 -1.39219 0.27325 -0.01510 -1.06689 -0.90049 -1.45929 -1.51004 -1.26373 -1.21938 -0.74184 1.38744 0.52597 1.22812 0.98218 -0.15311 -1.65431 -1.22821 1.41332 -0.00206 8
0.21211 0.86511 -0.81503 0.23855 -0.20753 1.69764 -1.10723 1.11665 1.64037 -0.45990 -1.15215 1.46211 -0.02030 1.22714 0.79456 -0.95861 -0.13613 -0.68065 -1.44517 -0.37774 1.59104 1.88014 -1.27653 -1.20908 0.60484 -1.22154 0.46692 0.51638 0.69166 -0.61743 -1.55356 0.70158 8
1.46301 -0.63102 -0.50201 -0.77358 -0.72797 0.53163 0.71974 1.73098 0.11671 1.00272 0.43066 -0.39016 0.87274 0.69471 1.40493 0.32906 -0.48679 0.16170 0.64234 -0.30048 -1.09908 -0.59947 0.97135 0.13302 0.76575 0.00329 -0.33932 -1.42037 -1.56123 -0.61743 0.54724 -1.40934 8
0.84254 -0.26405 0.63494 -0.55678 -1.21007 -0.16443 -0.65279 -1.69257 -0.78015 -0.37837 1.34834 0.62380 -1.06582 -0.25920 0.56187 1.62757 0.90998 0.21552 0.24488 0.84966 1.64410 0.64034 0.39787 0.12384 0.71288 -0.60912 0.14135 -1.51528 0.73035 -0.00664 -0.73417 -0.70570 8
-1.59852 0.16271 -0.31184 -0.32079 0.36751 1.26238 0.51413 -1.36167 2.64925 -0.69556 -1.13131 -0.90780 -0.30157 -0.18533 -0.89963 2.02993 -0.84829 -0.53910 0.18277 -0.74981 -1.09648 -1.21938 -1.06470 -1.67428 0.54827 -1.22154 0.09254 1.06738 -0.56475 0.60415 0.94476 -0.70570 8
-0.83010 -0.15779 1.36795 -0.79926 -1.36417 0.95708 0.34231 0.39921 1.37927 0.68205 -0.13120 -0.86383 0.93987 0.40257 -0.73388 -0.02156 -0.58371 0.37381 0.48730 -0.16215 1.33034 -0.59947 -1.52411 -1.04333 1.16438 -1.22154 0.24194 0.01303 -1.04389 -0.00664 1.68963 -1.40934 9
0.80402 0.18654 -0.96067 3.85817 1.65134 2.13819 -0.52060 1.18841 2.01176 -0.05772 -0.45700 0.46545 1.25256 -0.35190 0.11564 -0.47348 1.36751 -0.43810 -0.98638 -1.15087 0.81557 -0.59947 0.31180 -0.97412 -0.10322 -0.60912 0.51929 0.73678 -0.19133 -1.22821 1.40656 -1.40934 9
-1.35845 -1.19445 -0.86453 -0.29119 -1.35591 -0.72616 0.13655 -0.28025 3.93780 -0.91219 -0.10131 1.19095 0.05107 -0.72780 2.65635 -0.20028 -1.39929 -0.30535 1.29928 1.50912 -0.67805 1.26024 -1.60806 -0.50740 1.16604 0.61570 1.41291 -1.08747 -1.47008 1.21494 1.46551 -0.00206 9
-0.79366 -1.45321 -0.14920 0.16713 -0.07791 4.72375 0.32644 -0.51559 0.52204 -0.40322 -1.63925 0.17484 -0.61767 -1.05025 -0.15891 -0.48623 0.02329 -0.71799 0.77027 -1.04433 -0.84929 -0.59947 0.77380 -1.32793 -0.09640 0.61570 0.04316 -1.41859 -1.41323 1.21494 0.71112 -0.00206 9
1.41547 -0.39744 0.13927 -0.23846 0.31826 1.04284 0.92354 -1.33285 0.60374 -0.79320 0.91604 -0.48719 1.19865 -1.48810 0.53837 -0.10498 1.42490 -0.15679 0.80720 0.59657 -1.19345 0.02043 -0.51779 -1.38778 -1.12842 1.84053 -1.63585 0.51857 1.08224 -0.00664 -0.72431 0.70158 9
-1.06942 -0.88526 -0.52973 -0.05116 1.23517 0.25595 -0.23476 1.32188 -0.73097 -0.05112 -0.46477 2.64723 -1.41038 -0.78612 -0.67568 0.05199 -1.52038 0.78338 -0.04738 0.22524 1.10868 1.26024 -1.72020 -0.97929 -1.66144 0.00329 -0.80943 -0.53768 0.69840 -0.00664 1.59172 -0.00206 9
-0.58624 0.08657 -0.02106 1.18580 0.60524 -0.16617 0.49065 -0.80188 -0.36068 -0.79381 1.73648 2.46729 1.72541 -0.19668 0.16349 -0.18420 -0.80999 2.58844 0.33998 0.88202 0.53669 0.02043 0.24178 1.51819 -0.02086 0.00329 1.03278 -0.91351 -0.51690 -0.61743 0.12931 -1.40934 9
-0.89433 1.21207 1.20183 -0.97115 1.12351 1.97768 0.19158 -1.04107 0.06105 -0.51216 -0.42448 0.25043 0.23865 -1.65475 0.03249 -0.62513 -0.05022 0.06627 -0.95979 0.31533 -0.16018 -0.59947 0.09798 -1.12931 -0.91132 -1.22154 0.46685 -0.14739 0.15309 -0.61743 1.53026 -1.40934 10
1.23240 0.39663 0.56377 -0.74586 -1.41064 2.29505 -0.11426 -1.45561 -0.89042 0.45782 -0.24832 -0.57595 0.74218 0.80142 -0.38636 3.06776 -0.28388 -0.29639 -0.24827 0.04792 1.18633 0.02043 -0.51875 0.88743 -1.39088 -0.60912 -1.34490 0.71444 0.71032 -0.61743 0.26393 -1.40934 10
-0.32478 1.62738 -0.33396 1.98385 0.26481 0.64715 -0.73019 0.15372 -0.69204 -0.38807 -1.51531 4.91147 -0.49410 -0.23393 3.25378 -0.73726 0.52278 -0.88322 -1.00268 -0.62790 -0.94888 -0.59947 1.63648 0.72304 0.60362 0.61570 -0.07110 -0.33912 0.71102 -0.61743 1.19360 -0.70570 10
0.06503 1.50815 -0.94637 -0.52842 -0.29106 -0.34469 -0.54256 1.05643 -0.86980 -0.64263 1.12227 1.05414 1.62526 -0.66437 2.30775 0.89044 1.09079 -0.94585 -0.43012 1.19715 0.47356 -1.21938 0.50529 0.92997 0.27455 -1.22154 1.13646 -1.36542 -1.33060 1.21494 0.81795 -0.00206 10
-0.16581 0.05649 0.46832 1.08334 -0.73700 -0.82692 -1.50083 -0.48740 0.25023 -0.66877 0.49681 3.15122 0.12839 -1.65232 0.38621 -0.93719 -0.41758 -0.59834 0.67235 -0.43843 0.05761 0.02043 -0.79494 0.14597 -0.70479 -1.22154 -1.39795 -0.38828 -1.26977 -0.00664 -0.46016 -1.40934 10
0.70755 0.77221 0.79187 0.20437 1.64894 0.36642 -0.85178 -0.09827 -0.10479 -0.81992 -0.26192 0.39468 0.64591 -0.74994 -0.37713 -0.40431 -0.81037 4.30491 -0.07916 -0.72044 -0.69135 0.02043 -0.71460 -0.88717 -1.58094 -1.22154 -1.23829 -1.22810 -0.19355 -0.61743 0.05328 -1.40934 10
0.70405 0.81875 -0.91513 -0.54537 0.62816 -0.87994 -1.19929 0.77489 0.11848 0.06636 1.39072 3.20793 1.11877 -1.54012 -0.98375 -0.48282 -1.18019 -0.81658 -1.24542 -0.19600 -0.91583 0.64034 -0.01349 1.26197 1.09023 -1.22154 -1.14690 1.50742 -0.29815 1.82573 -0.37724 1.40521 10
