1.28149 -0.88306 0.69414 -0.08842 1.17822 -0.79219 -0.55761 -0.10647 -0.99930 -0.40632 -1.63126 -0.55294 -0.15161 -1.02466 -0.46019 1.04670 0.83864 -0.25752 -0.84182 -0.46037 0.78306 -1.21938 0.60402 1.37320 -1.45269 0.61570 -0.25941 1.09085 -1.14088 -0.00664 0.07459 -0.70570 1
-0.42572 1.69436 -0.84015 1.32251 1.51428 -0.17756 -1.14653 -1.37663 -0.46822 1.41965 1.10487 -0.32497 -1.50501 0.42692 -0.62768 0.89919 -0.80112 0.32220 1.85512 0.17159 -0.69041 0.64034 -1.10860 1.37698 -1.37994 -0.60912 0.51621 -0.45671 1.34593 -0.61743 1.21496 1.40521 1
0.79246 -0.99641 1.49621 -0.79374 -1.07233 -0.79625 -0.73787 -0.49962 0.02486 -0.42838 -0.83601 -0.72127 0.09527 0.33293 -0.61156 0.98897 1.66796 -0.94796 -0.61176 -1.07977 -1.52228 0.02043 -1.62688 1.72302 1.37492 -0.60912 -1.17085 -1.31249 1.23772 -0.00664 0.39416 -1.40934 1
-0.50033 0.55640 -0.47226 -0.73252 0.34343 0.12737 1.66247 -0.90786 0.29804 -0.86536 -0.51856 -0.92168 -0.17945 0.39351 -0.87092 -0.59992 0.64538 -0.77350 0.99200 0.51751 1.02574 1.88014 1.11641 0.13769 -1.71013 1.84053 1.64841 -0.03641 -0.06721 -1.22821 1.25165 1.40521 1
0.87528 -0.69433 1.02449 -0.96068 -0.12391 -0.29034 -0.13624 1.23063 -0.83384 2.63898 -0.59998 -0.70166 -1.23628 1.24587 -0.71752 0.03845 -1.24302 -0.42014 -0.67220 1.56581 -1.13912 0.64034 -0.15961 0.65342 -0.74467 -1.22154 -0.77523 1.44499 -0.48966 -1.22821 -1.54284 0.70158 1
1.00681 -0.22118 -0.91116 -0.62355 0.41631 -0.96869 -1.23538 -0.13035 1.18418 -0.58953 -0.76190 0.04841 0.31728 1.12960 0.73339 0.32588 1.65217 -0.77143 0.58080 -0.04998 -0.43874 0.02043 -1.16499 1.18688 0.62671 0.61570 -1.65571 1.27375 -1.08466 -0.61743 0.49921 -0.00206 1
-0.95443 0.54559 -0.53445 -0.54669 0.75194 -0.18938 -0.26856 -1.26338 -0.08489 2.34986 -0.87980 -0.44419 1.67313 0.59895 0.36616 2.63957 -1.30634 1.40134 1.47339 0.13572 -1.46180 0.02043 -0.48011 0.15648 0.95018 -0.60912 -0.51684 -1.59319 -0.73604 -1.22821 0.18855 -1.40934 1
0.96521 0.81280 -0.88256 -0.88489 0.65027 -0.91007 0.89497 1.03271 -0.25405 0.34126 0.57225 -0.85406 0.53836 1.68872 4.06192 -0.03115 -0.82422 -0.62869 1.06789 -0.90583 -1.28284 0.64034 -0.45694 -0.04863 0.00346 1.84053 -1.69553 -0.52094 0.04232 -0.61743 -0.48629 0.70158 1
-1.27249 0.13808 1.46317 1.77440 -1.48966 -0.61688 -0.28859 0.32426 -0.99381 0.63785 -1.11504 -0.58806 0.55220 0.61610 2.77478 -0.73123 0.53458 1.12695 1.17203 -0.63346 -0.01619 0.64034 -1.04979 -0.08966 0.01848 -1.22154 -1.55261 0.18373 -1.69053 -0.61743 -1.23137 -0.70570 2
0.33878 -0.27355 -0.03833 -0.22800 -0.94307 -0.47656 1.00251 0.18839 -0.28329 -0.87034 -1.37441 -0.90731 0.46163 -1.21877 -0.05737 0.09227 0.82299 -0.88440 -1.00273 -1.47935 -1.02963 1.88014 1.06741 1.06063 -0.48319 -1.22154 -1.22080 1.25082 1.69448 2.43652 -1.01543 1.40521 2
-1.55105 1.63216 -0.39150 0.36933 1.23702 -0.97614 0.48698 0.55925 -0.53951 0.09567 0.14600 -0.59702 -1.05589 -1.15216 -0.44434 -0.54312 -0.05075 -0.41623 0.51002 0.63246 0.23508 0.64034 1.11526 1.38095 -1.68190 1.22812 -0.68158 1.48329 -1.52162 1.21494 1.36185 1.40521 2
-1.00771 -1.47760 -0.85356 -0.05552 0.86029 -0.98377 -0.50937 -1.62810 -0.35949 0.56999 -1.19463 -0.87074 -1.14343 0.26522 -0.78039 0.23378 0.92800 -0.56513 0.81863 -1.66980 -1.27846 -1.21938 1.68191 -1.60728 1.00990 -1.22154 -1.62899 1.36091 1.59812 -0.61743 1.71997 -1.40934 2
-0.37496 -0.38028 -0.65407 -0.69477 -1.45506 -0.93331 0.28806 1.22893 0.15350 -0.57013 1.74718 -0.99041 -1.13153 -0.10814 -0.82291 -0.56547 1.28556 -0.88387 -0.08504 -1.30631 -1.71155 0.02043 -0.64462 -0.34741 1.70703 -0.60912 -1.38203 1.35399 -0.88768 -1.22821 -1.61009 1.40521 2
1.30445 -0.41428 -0.47296 -0.72157 -0.17807 -0.68476 1.42358 -0.91474 -0.90515 -0.89474 -1.19990 -0.70659 -0.75080 0.70613 -0.76846 0.73658 1.44145 -0.56334 1.58421 0.54667 -1.13370 0.02043 0.02957 -0.31871 -1.22926 -1.22154 -1.10057 1.34143 0.66280 -0.61743 1.61596 -0.00206 2
1.59598 -1.59261 1.00867 -0.53536 0.74289 -0.71894 -0.25584 -1.12460 -0.78806 -0.75298 1.52739 -0.20869 -0.92800 -1.54190 1.09342 -0.34590 -0.79678 -0.96523 -1.67527 1.51321 0.08236 0.02043 0.01650 1.46283 1.21675 -0.60912 0.18516 -0.48430 -1.30804 -1.22821 0.62779 -1.40934 2
1.06947 -1.01613 -0.74655 -0.44302 0.79103 -0.60597 -0.90009 0.40264 -0.92165 -0.20187 0.23795 0.40726 -0.47908 -0.91922 -0.87423 -0.85699 -0.51884 1.58820 -0.45013 1.45259 0.38319 0.64034 0.51500 -1.13560 -1.06221 -1.22154 -1.46648 1.17093 1.05178 -0.61743 1.63976 1.40521 2
-0.19171 -1.31061 2.86707 5.42009 -0.03719 -0.38888 -1.32492 -1.04508 0.05587 -0.66496 -1.05586 0.06521 1.31835 0.22569 0.60361 0.57786 -1.14141 -0.76290 -1.52877 -1.69086 -0.10282 0.64034 -0.17633 0.34681 1.32687 1.22812 -0.90511 -1.53245 -0.81627 -0.00664 -1.20232 -0.00206 3
1.17989 0.14840 -0.77165 0.39704 0.92330 -0.85783 -1.09508 -1.68634 0.41508 0.07530 -0.01032 -0.09123 0.71288 0.54121 -0.58648 -0.91409 -0.97926 -0.94370 1.27469 0.59262 -0.51506 0.64034 -0.13226 -1.68726 -1.33674 -1.22154 1.12815 -0.12488 -1.50797 -0.61743 1.70551 -0.70570 3
-0.58642 1.60407 -0.92043 -0.88874 -0.05317 -0.88676 1.70766 -0.02782 0.22330 -0.67856 -0.70600 -0.23789 -0.27848 0.63393 -0.66889 -0.15221 -1.62917 -0.91578 0.09484 -0.11120 0.21187 -0.59947 1.58529 1.27962 0.42222 0.61570 -0.23235 -1.16083 0.24323 -0.00664 -0.55289 -0.00206 3
1.24398 1.28100 -0.13889 0.72896 -0.16015 0.73022 -1.32928 -0.77243 -0.06841 -0.51937 1.12076 0.84394 -0.20237 1.46244 -0.44088 -0.03932 0.52228 -0.42327 0.42952 -0.05430 0.92236 2.50005 0.51207 0.56288 1.12202 1.84053 0.13691 0.56160 -0.71838 -0.61743 0.13955 1.40521 3
-1.39454 0.59978 -0.32958 0.63843 0.18892 -0.40263 0.39577 -1.51432 1.08659 0.59587 -0.80254 0.40805 -0.74056 -0.09605 -0.40106 -0.82353 -1.49296 -0.84256 -0.59142 1.61782 -0.97805 1.26024 0.77248 -1.18788 -0.23702 -0.60912 1.41636 0.24523 1.56065 1.82573 -0.35826 0.70158 3
0.75302 -0.09641 -0.36703 -0.51241 -1.17395 -0.46837 -1.73226 0.68752 -1.00005 -0.61104 0.82195 0.97486 -0.88452 -1.29932 0.89750 -0.58120 1.03508 -0.86995 1.22198 -0.30728 -1.63782 -0.59947 -0.33383 0.57775 -0.75177 -0.60912 -1.40222 0.82338 -1.34215 -0.00664 1.20073 -0.00206 3
-0.91681 0.94499 1.07410 1.74119 -1.69000 -0.20044 -1.24029 -0.37704 -0.58439 -0.85145 -0.05071 -0.60886 -0.83998 -1.01547 -0.80535 -0.75698 -1.44226 -0.50226 0.04328 1.43595 -1.16411 -0.59947 -1.37573 -0.50095 -0.16951 0.61570 1.47449 0.51584 0.90422 0.60415 -0.51589 0.70158 3
0.57895 -1.46699 -0.89171 1.01238 -0.91063 -0.84011 -0.22082 1.20853 -0.97077 -0.87813 -1.45402 -0.49861 1.60547 -0.44236 -0.84104 1.29667 0.30593 0.48516 -0.27560 0.08141 0.40388 0.64034 0.33053 -1.05863 0.36997 0.00329 0.91535 0.91139 -1.65866 -0.00664 -1.55392 -0.00206 3
-0.73282 0.98824 -0.78619 -0.22390 -0.37557 1.22164 0.30171 0.71170 -0.65523 -0.60158 0.50373 -0.81036 -0.88943 -1.47403 -0.58252 -0.36411 -0.44775 -0.59907 -0.48659 0.44062 -1.09649 -0.59947 0.01193 0.29996 1.18523 0.00329 -0.66960 1.50417 -0.45007 -1.22821 0.05507 -1.40934 4
0.61261 0.92214 0.05634 -0.82652 0.51627 0.62272 -0.80762 1.08057 0.02636 -0.73248 -1.62283 0.73325 0.38888 -1.57152 0.46804 -0.96681 -0.03660 -0.51504 -0.22322 -1.25730 -0.94731 -0.59947 0.19543 -0.85576 -0.58055 -1.22154 -0.27413 -0.83247 1.56977 0.60415 0.56564 0.70158 4
0.78965 -1.68009 -0.87385 0.13526 -0.94312 -0.81811 -1.08503 -1.67800 0.20750 -0.32087 0.40995 -0.49137 1.32562 0.92807 0.90485 -0.50632 0.47581 0.59751 0.35980 0.46397 1.43860 0.64034 1.01396 -0.31014 1.41628 0.61570 1.01850 0.76181 -0.96183 0.60415 -0.24083 -0.00206 4
-1.45422 1.50031 3.00072 -0.20275 1.04763 -0.18990 1.59515 1.10129 -0.94956 -0.55411 1.23461 -0.19303 -1.05254 -1.53708 -0.68267 0.83759 0.55824 0.66809 -1.24254 0.09044 -0.69544 0.64034 -1.38035 -1.12219 -1.48157 1.84053 0.68474 1.60398 -0.43201 1.21494 -1.07461 1.40521 4
0.49222 1.31172 -0.92849 0.20717 0.52696 -0.67987 1.20883 1.04526 0.33841 -0.84344 -1.15243 -0.09448 0.45161 0.59895 -0.13155 -0.84038 1.50427 -0.42955 0.16448 -0.46884 -0.24573 -1.21938 0.98533 -1.53420 -0.21145 0.61570 0.77971 0.80898 0.12201 0.60415 -0.72412 0.70158 4
-1.44307 0.98520 -0.69083 -0.93006 1.28987 -0.94074 0.91682 1.20513 -0.67503 2.07492 0.38402 -0.65853 1.35378 -0.63792 1.23907 0.63153 0.00276 0.13176 -0.85359 -1.13871 0.30176 -1.21938 -0.97218 -1.38249 1.59046 -1.22154 -0.10114 -1.43657 -0.06918 -0.00664 1.17130 -1.40934 4
-1.37068 0.87995 -0.38602 -0.55850 1.23001 1.60437 -0.67131 0.05950 0.95855 1.03944 0.10671 -0.87872 -1.10546 1.39330 -0.73695 -0.69298 -0.66720 0.21970 -0.54576 1.16446 -0.89405 -1.21938 -0.03652 -0.03293 1.03294 0.00329 1.37420 -1.61082 1.38421 0.60415 0.99419 0.70158 4
1.51564 1.11137 -0.28711 -0.55925 -1.49268 -0.33329 1.60386 -1.69457 -0.69727 -0.89087 0.69463 0.39099 -0.72778 1.27528 0.44989 0.26322 -0.34305 0.67492 0.93198 1.56433 -1.70468 -0.59947 0.59345 -0.83138 1.05315 1.84053 1.36130 -0.35849 -0.33009 0.60415 1.35724 1.40521 4
0.71771 -1.59175 -0.94527 -0.54963 -0.13591 0.16704 -1.11088 -0.55952 -0.08401 -0.61138 0.53850 -0.35338 -1.61129 0.23314 -0.42284 -0.93965 -1.21190 -0.63803 -1.12756 -0.14512 0.01882 0.64034 -0.02427 0.53951 1.58143 0.61570 0.46449 1.41786 1.71372 0.60415 -1.34508 -0.00206 5
-0.10012 0.87554 0.97509 -0.22434 0.70309 -0.42690 -0.83173 -1.14751 0.37327 -0.93167 0.48303 -0.59801 -0.17924 0.19663 -0.99237 -0.47542 1.39364 -0.07239 -0.57689 -1.37078 1.51040 0.64034 0.87310 -1.05791 0.52084 -0.60912 -0.96100 0.75299 0.00977 -0.00664 -1.46131 -0.70570 5
0.63258 -0.02926 -0.48767 2.23393 0.88886 -0.46705 -0.52673 -1.09774 -0.40796 -0.29832 1.51200 -0.14848 -0.98521 0.41650 -0.11826 0.99007 0.89142 0.01656 0.21493 -0.27909 -1.14624 -0.59947 -0.21046 -0.68859 0.49604 1.84053 0.39292 -1.21333 0.76763 1.21494 1.23581 1.40521 5
1.07873 -0.43119 0.66985 -0.56023 -0.38722 -0.86496 -1.49139 -1.27143 -0.15272 -0.05402 1.58715 -0.78618 0.45383 1.56707 1.17999 -0.02277 -1.01776 5.40659 0.27424 -1.44221 -1.11176 0.02043 1.49016 0.57895 0.18080 0.00329 -0.28693 -1.00323 0.09036 -0.00664 1.73241 -0.00206 5
-1.65751 -1.08709 -0.39163 -0.40016 -0.51304 -0.59278 -0.22146 1.45786 -0.06945 -0.91570 -1.25997 0.05448 0.55441 -0.54433 -0.80364 -0.63781 0.21493 -0.24290 0.08089 -0.74947 -0.08505 0.02043 0.36181 1.55677 -0.28556 0.61570 -1.17015 -1.71608 0.91917 -0.61743 0.45809 -0.00206 5
-0.97729 -1.71639 -0.41701 -0.30742 0.95139 -0.71008 -0.26014 1.66683 -0.35799 -0.53800 0.72241 -0.84754 -0.67548 -0.24724 2.16290 -0.09574 -0.15491 0.75903 0.30845 -0.26664 1.06907 0.64034 -0.51011 -1.63029 0.96074 -0.60912 1.25896 0.80107 1.26394 -0.00664 -0.30609 0.70158 5
-0.60452 -0.91813 0.79552 -0.41324 -1.24541 -0.92257 -0.33211 1.60778 0.22901 0.05354 0.88745 -0.10594 0.41342 -0.32079 -0.65989 0.08985 0.25162 0.54501 1.06845 0.08315 -0.46092 1.26024 0.33236 1.18212 0.30997 1.84053 -1.10556 -1.72033 -1.58956 1.21494 0.43638 0.70158 5
0.32349 0.69421 -0.51069 0.89114 -0.72086 0.31615 -1.63850 -0.19678 -0.58665 -0.17087 0.20355 -0.22404 1.15450 0.15638 1.50027 -0.84940 0.60079 0.80749 0.17067 1.57557 -1.64727 0.64034 -0.25851 0.80399 -1.02402 0.61570 -0.70911 0.94789 0.92386 -1.22821 -0.62198 -0.00206 5
-0.15881 1.69073 0.77908 -0.95515 -1.64933 -0.05104 -0.45501 -1.66806 1.42747 -0.41077 1.39633 -0.28195 1.49164 -1.23790 -0.42938 1.33639 -0.22408 0.03727 0.96905 -0.54962 1.69352 -0.59947 -1.65010 0.86514 1.32572 -1.22154 -0.54778 -0.91886 -0.55391 -0.00664 0.31607 -1.40934 6
-0.28130 -0.47913 1.16278 -0.10886 -0.46469 -0.77770 -0.47588 1.27666 -0.48938 0.01324 0.37606 -0.54219 -1.00290 -0.50875 0.30585 -0.54674 -0.88857 -0.59600 1.75948 -0.55336 1.41592 0.02043 -0.86741 0.64795 1.57755 1.84053 0.10963 -1.65760 1.26050 1.82573 1.71681 0.70158 6
-0.64714 1.35253 9.04242 -0.36320 1.36865 0.74230 0.53926 -0.44521 -0.31534 -0.61610 1.27173 -0.84598 1.59882 1.10251 -0.80925 -0.62875 -1.67402 -0.80728 0.22760 -1.22282 1.67514 -1.21938 1.61123 0.76726 -0.86023 -1.22154 0.06217 -0.24974 -1.03597 0.60415 0.87889 -0.70570 6
0.89597 -1.44170 -0.89198 -0.74428 0.41827 -0.83910 1.36630 -1.31484 -0.94578 0.44090 0.93138 0.33943 0.46375 -0.14194 -0.27502 0.40342 1.33396 -0.48311 1.17686 0.36243 -1.41962 2.50005 -1.20795 1.73754 1.64771 2.45294 -1.04262 0.77568 0.49057 0.60415 -0.17927 1.40521 6
-0.10485 -0.11129 0.11793 -0.29526 -1.24287 -0.35920 -0.57375 0.10565 -0.53388 -0.75248 1.12604 -0.82229 -1.47351 0.82484 -0.94940 -0.19241 0.33304 -0.60974 1.68758 0.98854 -0.61912 0.64034 0.70183 0.81552 -1.74532 1.22812 -1.13458 0.58220 -0.18613 1.21494 -0.01877 -0.00206 6
-1.00316 -1.26473 -0.19943 -0.76043 0.86617 -0.38573 0.90681 -0.22228 0.00198 -0.45390 0.00923 0.07496 0.37092 -0.66203 -0.73626 -0.25178 0.64759 0.67793 1.26565 0.92665 0.00670 0.02043 -1.37536 0.06398 0.11681 -0.60912 1.44876 -0.62602 0.06609 -1.22821 -0.12972 -1.40934 6
0.46770 0.50705 -0.53082 -0.52752 1.13860 0.50005 -0.58605 -1.58550 -0.97786 -0.63972 -0.92911 -0.82758 -1.35050 -1.29054 0.24081 -0.80091 1.03453 0.42915 -0.87032 -0.19467 -0.97509 0.02043 -1.56252 0.00399 -1.21926 0.00329 -1.38263 0.55238 -1.05742 -0.61743 -1.02743 -0.70570 6
0.97351 0.15103 -0.25687 -0.90624 1.50421 0.49290 -0.24113 -1.38997 1.20305 -0.72877 1.09670 -0.25174 -1.62043 0.10861 1.83458 -0.91538 0.74753 -0.40417 -0.75908 1.31496 -1.25500 -1.21938 -0.12284 1.17051 -0.55801 0.00329 -0.65224 0.46694 -0.66575 -1.22821 -0.25349 -1.40934 7
-1.21908 0.84345 -0.58196 -0.57824 -0.10072 -0.91569 1.44870 -1.21572 1.14501 0.38615 -0.61250 -0.99399 1.13632 0.32276 -0.73756 0.39045 0.59604 0.15332 -0.65611 -1.64897 1.47374 1.26024 -1.03947 -0.13430 1.54193 0.61570 0.03547 1.39693 -0.19799 1.21494 0.24804 -0.00206 7
1.51170 -1.15791 -0.52632 -0.88896 0.43137 0.61228 0.92786 1.14880 -0.98708 -0.22202 1.04338 -0.91425 -0.46164 0.64221 1.84946 -0.47222 -1.10332 0.86514 1.41000 0.06282 -1.21312 -1.21938 -0.10992 -1.27521 0.70293 0.61570 -0.33356 1.30398 1.14299 -0.61743 -0.38622 -0.00206 7
0.35833 0.77015 -0.22616 -0.88963 -0.17760 -0.12221 -1.09450 0.78755 -0.36800 -0.96234 1.03189 0.09839 1.59725 -0.65543 -0.55899 -0.83045 0.51919 0.11967 -0.18329 1.50979 0.63406 0.02043 -0.10858 -1.28245 0.97806 -0.60912 -1.42397 0.56154 1.22939 -0.61743 -0.86918 -0.70570 7
1.00389 1.41957 0.17405 -0.70326 -1.13330 -0.35738 -1.56461 -1.43055 0.09872 -0.75506 -1.73911 -0.77143 1.58814 1.48010 -0.01324 0.41725 0.64192 0.02615 1.08830 -0.65844 0.59264 -1.21938 0.20699 -0.55420 -1.19290 -1.22154 1.36034 -0.33394 -1.18867 -1.22821 -0.88048 -1.40934 7
-1.33259 0.66728 -0.49524 0.35375 1.55458 -0.92797 -0.92767 0.24232 -0.23633 -0.77424 1.12953 -0.41433 -0.32304 0.29333 -0.14664 -0.25801 1.18922 -0.70864 -1.32308 -1.69094 0.72453 1.26024 0.76215 -1.58930 -1.13606 -1.22154 -0.00912 -0.41258 -0.37421 -1.22821 -1.37174 -0.00206 7
-0.15157 0.39968 -0.44755 -0.11181 -1.05353 -0.12692 -1.19914 0.85594 0.01844 0.53671 0.53858 0.05599 -0.45708 0.42542 -0.68306 -0.96632 -0.41465 -0.06126 0.85555 0.06159 1.42637 -1.21938 -1.04728 -0.87002 0.79485 0.61570 0.70134 0.31595 -1.41745 1.21494 0.90211 -0.00206 7
-0.97794 0.44591 0.50697 -0.66468 0.25129 -0.06029 0.78382 0.62561 0.54876 -0.43807 -0.54401 -0.38070 -0.73762 1.01547 -0.51241 -0.09214 0.73440 1.78404 -0.96037 1.44564 -0.01135 -1.21938 0.15112 0.32443 1.72628 1.84053 0.93936 0.06110 0.46280 -0.00664 1.74580 0.70158 8
1.18412 0.58303 0.27050 -0.97497 -0.90585 0.25106 1.00081 1.54737 -0.27162 0.18951 -1.28228 -0.62409 0.84262 -0.36859 -0.76819 -0.67535 -0.57609 1.07127 -0.56294 0.74282 1.05636 1.88014 -0.42723 1.41752 -1.53279 -1.22154 1.00064 -0.56540 0.35833 -0.00664 1.59229 1.40521 8
1.07915 1.27523 4.24204 0.73622 0.74865 -0.72187 -0.31727 -0.72637 -0.16744 -0.27328 -1.15088 -0.98758 -0.69036 1.18345 1.23738 2.32217 -1.45956 1.27027 1.14111 0.06934 -1.15911 0.02043 -0.37241 1.03735 0.64031 -1.22154 -1.71676 -0.44400 -0.14321 -0.00664 -0.19056 -1.40934 8
0.52803 1.43361 1.15940 0.72191 -0.36606 3.47096 -1.20757 -0.52457 -0.44547 -0.93169 -0.97883 0.29576 -0.17917 -1.30309 -0.09231 -0.37403 0.78327 -0.84426 1.49183 -0.25597 1.23153 1.26024 0.46862 -0.24566 -0.90028 -0.60912 0.79487 -0.24014 0.34560 -0.61743 0.44669 -0.00206 8
1.00427 1.54255 0.18847 0.68067 1.17084 2.66817 -1.07161 0.55838 -0.86001 -0.65292 -0.97687 -0.82645 0.76522 0.89770 -0.82843 -0.50073 0.69500 1.01553 0.24987 1.58217 0.69025 -0.59947 1.44576 1.15388 -0.08505 -0.60912 0.53574 -0.09228 0.99305 -0.61743 0.63658 0.70158 8
0.99249 -0.94052 -0.69289 0.48770 1.11555 0.25450 0.38334 -1.25341 0.32613 0.74483 -1.31381 0.61044 1.07259 -0.44151 -0.36423 0.38127 1.34136 0.02878 -0.54735 -1.61551 0.72213 -1.21938 0.73057 -0.52880 1.54833 0.61570 1.20723 -1.71767 -1.14096 -0.00664 -1.45061 -0.70570 8
0.84254 -0.26405 0.63494 -0.55678 -1.21007 -0.16443 -0.65279 -1.69257 -0.78015 -0.37837 1.34834 0.62380 -1.06582 -0.25920 0.56187 1.62757 0.90998 0.21552 0.24488 0.84966 1.64410 0.64034 0.39787 0.12384 0.71288 -0.60912 0.14135 -1.51528 0.73035 -0.00664 -0.73417 -0.70570 8
0.72853 -0.18412 0.49151 -0.36975 1.71502 0.58467 1.01002 1.54764 -0.75574 -0.08817 -1.66011 0.85414 0.37749 -0.61005 1.60284 -0.77471 -0.09805 -0.60295 -0.92731 0.21276 -1.33455 0.64034 0.68330 0.06483 1.01658 1.22812 0.02610 -0.09885 1.15596 -1.22821 -0.52664 -0.00206 9
0.96382 -0.69714 -0.21434 -0.55276 -1.52479 0.60199 -0.96840 -1.00053 0.15602 -0.88987 1.10928 1.57423 1.05388 1.67709 -0.60627 -0.34961 0.72914 -0.25914 -0.25815 -0.59126 -0.33985 -1.21938 0.56565 0.91985 -1.46847 0.00329 0.66557 -0.48339 0.95951 -1.22821 -1.06256 -1.40934 9
-1.48487 0.29940 -0.45471 -0.75680 0.29852 -0.85580 1.26911 -0.56996 -0.13992 -0.11854 -0.88566 0.00209 0.21537 0.45592 -0.87290 -0.94539 -0.80286 5.07319 -1.58361 -0.92165 -0.27948 1.26024 -1.16303 -0.87118 0.53442 0.61570 -0.08196 -1.42326 0.22110 -0.00664 -1.44842 0.70158 9
-1.29443 1.55524 4.38978 -0.56366 -1.56551 0.40669 1.53810 -1.30062 1.91571 -0.55354 0.32660 0.51038 -0.10777 0.04649 -0.59813 0.50601 0.15029 0.58893 -0.82855 0.94636 -0.67014 0.02043 1.45913 0.63684 0.82303 0.61570 -0.71047 1.39745 -0.88795 -0.61743 0.84263 -0.70570 9
-1.55729 -1.72624 -0.10560 -0.71906 -0.47129 0.89571 -0.93201 1.66426 1.88273 -0.77382 0.49761 1.45526 0.03697 1.58916 -0.98420 2.89391 0.72740 0.57689 0.38103 -0.76820 -0.24719 0.64034 -1.58565 -0.50040 -0.44579 -1.22154 -0.07761 -0.98462 -0.13163 -0.00664 0.82433 0.70158 9
-0.66717 -0.52169 0.55500 -0.88158 1.39783 -0.98965 1.07937 -0.86844 -0.41526 -0.61161 -1.55432 1.06455 0.69081 -1.32139 0.30230 1.97247 -1.61535 1.95822 0.38682 1.25370 -1.09405 -1.21938 -1.29410 0.06179 -0.29434 -0.60912 -1.07253 0.53026 0.61660 -1.22821 1.28756 -1.40934 9
-0.52192 -0.16104 -0.50705 1.77347 -0.35181 -0.06604 1.14966 -0.41027 -0.37003 0.02385 -1.41455 0.49067 0.25724 -0.41561 -0.81919 -0.48356 -1.25577 0.93337 -0.66999 -0.38168 -0.16890 -0.59947 0.28587 0.00418 0.94621 -1.22154 -1.44722 0.30056 1.45243 0.60415 -1.47212 -0.00206 9
-0.50244 -0.26569 -0.59524 0.29087 0.91821 0.38116 0.11425 -0.02183 1.00288 0.56546 1.02787 2.49780 -1.50674 1.07332 -0.68714 -0.89142 1.29010 -0.33218 1.41956 -0.90213 0.91706 -1.21938 0.57925 -0.82433 -0.65361 -1.22154 0.28916 -0.94994 -1.31448 -0.00664 0.54825 -1.40934 10
-0.56336 0.00393 -0.60860 -0.96922 1.10222 0.13984 -1.50831 0.51892 -0.01445 -0.83611 -0.47241 -0.46898 -1.48535 0.20888 0.47913 -0.70249 -1.19632 1.77417 -0.59546 0.04517 0.85131 1.26024 -1.59666 -0.21822 -1.19780 0.00329 -1.19393 -1.49205 1.58353 0.60415 0.27016 1.40521 10
-1.11185 1.72778 -0.77280 -0.40264 -1.37865 -0.55569 1.35284 1.40017 -0.29841 -0.19811 -0.09498 -0.54796 -0.98371 1.40567 -0.74707 -0.82113 1.02242 1.76935 -0.72887 0.86822 1.08369 1.26024 -1.39601 1.28785 0.11600 1.22812 0.45879 -1.51068 -0.58862 1.21494 -1.17645 -0.00206 10
-1.06796 -0.64054 -0.65490 -0.41375 -1.21395 4.16991 1.73097 1.01047 0.92066 -0.52455 0.99827 0.01367 -1.46183 0.61028 -0.20091 -0.26560 -0.28700 3.39616 1.08882 0.50911 0.19474 -1.21938 0.45656 -0.93014 -0.52373 -0.60912 -0.79246 -0.01673 0.99261 -0.00664 -1.55962 -1.40934 10
1.40893 -0.83959 -0.36546 -0.78755 -0.14937 -0.89260 0.19805 1.33931 -0.79056 -0.66317 -0.87806 1.53283 -0.89692 1.55213 0.48806 -0.80904 1.32799 2.27582 -1.11873 0.94681 -0.12660 -1.21938 -0.74242 -1.65862 -0.62098 0.00329 0.19609 0.23068 -1.20276 -0.00664 -0.50320 -1.40934 10
-0.24700 -0.59389 1.21705 -0.87399 -1.63435 -0.95043 1.60209 0.04767 -0.76465 -0.50584 -0.74666 3.23293 -1.12990 -0.32077 -0.95600 0.30693 -0.94409 1.04012 -1.21563 -1.18953 1.33824 0.02043 -1.39961 -0.57800 -1.68959 -1.22154 -1.63286 -0.75265 1.56510 -0.61743 -1.37360 -1.40934 10
1.37372 -0.57373 -0.50655 -0.16292 -1.24641 0.63172 -0.23039 -0.72809 -0.27680 -0.78377 -1.33189 0.60271 1.59412 -1.06666 -0.79557 -0.04776 1.44738 2.13023 -0.92548 -0.68220 -1.59121 0.02043 -0.19427 -0.66156 -0.99812 0.61570 1.06396 -1.48845 -0.31982 -0.61743 1.54858 -0.70570 10
