0.93380 0.54830 3.34372 0.21565 0.49592 -0.28715 1.35685 1.73060 -0.80219 -0.25394 -0.90410 -0.81709 -0.26015 1.67347 0.69214 -0.58814 1.35771 -0.68153 0.80143 0.94352 0.57705 0.02043 0.11396 1.07630 0.62000 1.22812 0.66503 -1.13063 -0.81069 -0.61743 -0.74423 -0.00206 1
1.15539 -0.03616 -0.94838 0.72637 -0.84051 -0.94208 0.09139 -1.12777 -0.20955 2.14139 0.52134 -0.80681 -0.03724 -1.71971 -0.68593 1.13622 -1.25248 -0.16494 -0.94072 -0.34897 0.58565 0.02043 0.07815 -0.66465 -0.66569 -1.22154 -0.26939 -1.16185 -1.18248 -1.22821 -0.32520 -1.40934 1
0.07113 -0.84930 1.60232 -0.97938 0.49695 0.82841 -1.19133 0.89380 0.99484 -0.78729 -1.36673 -0.84940 0.18515 -1.23101 -0.66589 1.04471 0.31532 0.58061 -0.13883 1.25185 -1.03992 0.02043 1.20130 0.93986 1.49181 0.00329 1.69411 -1.42991 -0.67642 -0.00664 -1.08485 1.40521 1
1.12336 0.49663 1.24797 -0.82261 -0.81015 -0.96498 0.74139 -1.68954 -0.94697 -0.84091 -0.23810 -0.71577 1.08838 -0.37208 -0.33433 -0.98295 0.19293 -0.92104 -1.00876 0.89165 -1.24099 0.64034 -1.01730 1.72512 1.69517 -0.60912 -0.77700 -1.55674 -1.10547 -0.61743 -0.79207 0.70158 1
1.35992 -0.33699 -0.80461 1.73513 -1.51232 -0.50671 0.89020 0.16661 -0.24050 -0.53529 -1.66292 -0.96216 -0.21240 1.30593 0.03600 1.45368 -0.57380 -0.91633 1.50970 -0.07483 0.12641 0.02043 0.03582 -1.33516 0.60206 -0.60912 1.30476 -0.29998 -1.58934 -0.00664 1.59095 -1.40934 1
0.16815 -1.62435 -0.03900 -0.96210 1.26818 -0.97259 1.41847 0.84825 0.43488 -0.18673 0.40207 -0.75687 0.97317 -1.45724 0.26620 -0.97188 -0.52469 0.20113 -1.27709 -1.58804 1.43558 -1.21938 1.36135 -0.95333 -1.53005 1.22812 0.37783 1.36992 1.27321 1.21494 -1.56799 -0.00206 1
0.11380 -0.02156 -0.75968 -0.92071 1.67919 -0.90650 0.23898 -0.75595 -0.77177 -0.08658 -0.57558 -0.84785 -1.11319 1.20358 -0.65600 0.18448 -0.81810 -0.74200 -0.32560 1.49813 0.17151 1.26024 -0.32268 -0.68213 1.31933 -1.22154 -1.61249 -1.02005 1.05772 -0.00664 1.08555 -0.00206 1
0.72417 1.01989 2.48704 -0.19882 -1.21429 -0.92636 -1.16507 1.24232 -0.23409 0.29697 -0.08984 -0.57849 -0.31936 -1.40418 -0.98472 2.26264 0.10599 -0.08404 0.27946 1.53836 -0.25907 -1.21938 0.47375 -0.04882 -1.63390 -0.60912 0.80523 1.03916 -0.96852 -0.61743 -1.22721 -1.40934 1
0.26466 1.04852 -0.43615 -0.62345 -0.78491 -0.51243 -1.16356 -1.27039 -0.95766 0.24233 0.38815 -0.81848 -1.27947 0.23124 -0.18140 0.08414 -0.11471 -0.47919 -0.55509 0.28051 0.19935 2.50005 -0.68218 0.04944 0.74697 1.22812 -0.27249 1.49086 -1.47516 -0.61743 -0.27826 1.40521 2
-0.04116 -1.10279 0.72752 -0.38721 -0.17170 -0.92532 1.28888 -0.08710 -0.56673 0.91455 0.92636 -0.64560 -1.18749 -1.54606 2.85932 -0.06433 -0.15685 -0.67950 1.10059 -1.64130 -0.46389 0.64034 -1.51519 1.29685 -1.57148 0.00329 0.59590 -1.29650 -0.39380 -1.22821 0.51923 0.70158 2
-0.85764 -0.06449 -0.85606 -0.67701 1.72976 -0.59354 -1.54083 0.59337 -0.90484 1.00609 -0.29366 -0.84195 -1.26433 1.46121 1.51134 -0.00517 0.58643 -0.61993 1.77355 0.56194 -0.55022 1.26024 -0.44218 0.78096 -0.95580 -0.60912 1.30277 -1.68677 0.02730 0.60415 -1.36200 1.40521 2
-0.70541 -1.57009 -0.16071 -0.18346 -0.98625 -0.98877 1.60283 0.34433 -0.56791 0.09119 1.51927 -0.94684 0.24346 1.11995 2.01143 -0.71634 0.89798 -0.96146 1.40405 -0.41189 -0.60635 0.64034 1.38735 0.24880 -0.74489 1.22812 -0.76507 -0.83993 0.58137 1.21494 -1.70693 -0.00206 2
-0.73342 -1.68873 1.27047 -0.36275 -1.61939 1.46835 1.65668 1.43575 -0.73998 -0.75292 1.11965 -0.94964 1.13660 -0.80912 -0.99606 -0.97613 -0.65735 -0.67749 -0.53833 0.11676 -0.38376 1.88014 -0.85947 -0.45990 0.08100 -1.22154 -1.42479 1.65289 -1.03483 -0.61743 -0.24704 0.70158 2
1.25742 -1.49044 -0.88053 -0.59575 -0.47971 -0.41045 0.27862 -0.01131 -0.66986 1.28726 -0.82980 -0.90629 -0.19838 -1.69221 -0.10063 0.20077 0.94837 -0.02945 -0.11814 1.68864 -1.18087 2.50005 -0.26097 -0.48761 1.43921 1.22812 1.38270 1.25403 -1.46763 -1.22821 0.27410 1.40521 2
-0.60822 -1.16182 0.46976 -0.36650 -1.03463 -0.76405 0.63545 -0.41476 -0.89091 1.89862 -1.34072 -0.74741 -0.91321 -1.66612 -0.37349 -0.09525 -0.70368 0.59624 0.92670 -0.29343 -1.31527 -1.21938 0.01912 -1.12918 1.03153 2.45294 -1.07183 0.03008 0.62442 1.21494 -0.74714 1.40521 2
0.94050 -0.85072 0.13279 -0.94255 1.23214 0.21228 0.06295 -0.97363 0.03478 -0.43069 1.28745 -0.77679 -1.41447 -0.11882 -0.87748 -0.11173 1.50710 -0.69446 0.05143 0.74440 -1.31165 0.02043 1.07063 0.71923 1.36228 -0.60912 -1.39909 1.58906 -0.75272 -0.00664 -1.50897 -0.00206 2
0.25436 0.13156 1.96364 -0.59087 0.49202 -0.34544 -0.88396 -1.72103 -0.38985 -0.33788 -0.66142 0.09959 -1.35632 0.07756 0.87712 0.72185 1.37306 1.99109 -1.10602 -1.70330 1.63533 -0.59947 -0.58268 -0.65004 0.34722 0.61570 0.43142 0.59670 0.54115 0.60415 -0.35404 0.70158 3
-0.28276 -1.05836 -0.87683 -0.97208 1.11845 -0.58901 -1.23285 -0.71756 -0.10391 -0.78844 0.24142 0.28608 1.24098 -0.78380 0.63485 2.04528 1.19298 -0.89559 1.20663 -0.58502 -0.54302 0.02043 -0.31876 -0.41011 -0.79590 1.22812 0.72002 -0.70426 -1.20076 -0.00664 0.11967 1.40521 3
-1.67143 -0.37745 -0.08819 -0.03302 1.29618 -0.51821 1.29839 -0.64207 -0.35838 -0.85317 -1.39488 -0.72095 -1.32318 0.80315 -0.56608 -0.13145 0.54020 -0.81269 -1.11715 -0.99273 -0.78016 -1.21938 0.56413 -0.72315 0.81043 0.00329 0.12917 0.48802 1.23750 0.60415 1.38698 -0.70570 3
0.28830 -1.03802 -0.26867 0.10751 0.36158 -0.75719 0.99421 -1.22501 1.42770 -0.42799 -0.89861 -0.96798 -0.05351 1.52655 1.56351 2.47573 1.14087 -0.04769 1.64098 0.58706 0.40790 0.64034 1.43644 0.70542 -0.48560 0.61570 0.27431 0.04216 -1.65852 -0.61743 -1.00996 1.40521 3
1.55624 -0.48459 0.64007 0.13462 1.12008 -0.14183 0.67165 0.83050 -0.81377 0.33051 -0.97959 0.01267 -1.51138 0.30544 -0.96730 -0.44974 1.19924 -0.84582 1.53004 -0.05588 -1.19747 -1.21938 1.68611 -1.39069 -1.20570 -0.60912 -0.99620 -1.58425 -1.53369 -1.22821 -0.77247 -0.00206 3
-1.39000 0.09586 -0.15571 -0.11805 1.56881 0.41098 1.65041 1.37676 -0.75484 0.50367 1.14049 -0.98934 0.65775 1.42276 2.41852 -0.97366 0.88709 -0.34458 0.41401 -1.53830 0.26376 -1.21938 1.08465 0.68171 -1.35783 -1.22154 -0.00443 0.86987 0.21768 0.60415 1.16175 0.70158 3
-0.75760 -0.85183 -0.53390 -0.60465 1.11022 -0.92220 0.29356 0.05014 -0.93254 -0.12677 0.17384 -0.85441 1.55062 0.89197 -0.54692 -0.59003 -0.35470 -0.56217 1.69177 -1.48627 -1.09318 -0.59947 -1.24134 1.36466 1.49287 0.00329 0.06389 -1.53666 -1.27732 -0.61743 -0.66994 -1.40934 3
-1.16176 -1.49071 0.37885 -0.94606 0.81491 1.53458 -0.70720 0.79773 1.74660 -0.87814 1.74475 -0.88420 -0.30498 1.27773 -0.86184 -0.78149 0.15157 -0.87901 1.23510 1.30662 0.85519 0.02043 1.50981 0.94802 1.71395 0.00329 -0.64807 1.67352 -0.87664 1.21494 1.72941 0.70158 3
1.03559 0.06280 -0.97905 -0.72309 -0.99404 -0.46672 -0.57576 -0.92343 -0.45684 0.23369 -0.40723 -0.93977 -0.71557 -1.54601 -0.93645 -0.15268 -1.63042 0.18665 -1.52013 -0.17138 -1.64929 0.64034 0.32129 -1.45952 0.83636 0.61570 -1.11427 1.67174 -0.93660 1.82573 -1.25742 0.70158 4
1.34172 0.95683 -0.24946 -0.28522 0.01367 -0.49823 1.25548 -0.94910 -0.77075 -0.88407 1.20879 -0.63451 -1.10571 -0.57138 0.64710 -0.12537 -1.13036 -0.26885 -0.15707 -0.37683 -1.71293 0.64034 1.08170 1.29358 0.54099 0.00329 0.69228 0.57352 -0.05983 -0.00664 -0.35449 -0.00206 4
-1.29211 -0.05776 -0.04801 0.23201 -1.21102 -0.98118 0.32605 -0.88027 -0.77117 -0.93539 -0.85854 0.14527 -0.76239 -1.38153 -0.44959 -0.31102 1.43491 -0.28079 0.01626 -0.89586 0.17059 -1.21938 1.62312 -1.11544 1.16130 1.22812 -0.74491 0.99886 -1.00199 -1.22821 1.35112 -0.00206 4
1.14315 -0.43048 -0.52209 -0.74056 -0.77179 -0.69122 -1.69334 -0.89268 0.68971 -0.25783 -1.47036 1.21062 0.08845 -1.25537 0.73304 -0.96944 1.22247 -0.68044 -0.68611 0.37380 1.35476 1.26024 -1.17556 0.55753 0.33361 0.00329 1.45868 -0.26065 1.06274 0.60415 -1.35473 -0.00206 4
0.54694 -1.60667 1.25670 -0.59423 1.36198 -0.22287 0.26092 -0.72109 -0.03013 0.15446 -1.07634 -0.41496 -1.72524 -0.38523 0.76425 0.23694 0.27266 0.79892 0.91483 -1.01895 -1.71237 0.02043 -1.12819 1.49462 0.02243 0.00329 -1.58314 1.38533 1.62605 -0.61743 -1.07760 -0.00206 4
-0.59233 -0.93350 0.26254 -0.88351 1.11488 -0.11688 0.86167 1.41610 3.73963 -0.00505 0.68487 -0.22751 -1.32568 1.20025 0.62515 -0.34306 -1.61650 -0.84011 0.11897 -0.12812 -0.22284 -0.59947 0.97462 1.28471 -0.39031 -1.22154 0.23413 -0.19608 0.23649 -0.61743 0.64542 -0.70570 4
0.16406 -0.98847 -0.71258 -0.92257 -0.05966 -0.51963 -0.56958 -0.63366 -0.60813 -0.71884 -0.18430 -0.44395 0.51476 0.84509 -0.14455 -0.25629 1.47995 -0.89695 -1.41369 0.94147 0.98351 -1.21938 0.06033 1.17725 -1.13303 0.00329 -1.26364 -0.97668 0.07013 -1.22821 0.48985 -1.40934 4
-0.94204 1.13582 0.36031 0.34900 -0.85955 -0.63547 0.03521 -1.11020 -0.51436 0.49986 0.57980 0.77468 -0.85298 -1.27077 0.59668 -0.50790 1.11654 0.17410 1.57065 1.28019 -1.43546 -1.21938 0.52843 -0.77521 1.31180 0.00329 0.64466 0.18979 -1.72102 -1.22821 0.89252 -0.70570 4
-1.29972 -0.73583 -0.11009 -0.88384 1.12302 -0.96644 -1.05870 1.70150 -0.24946 0.98329 -1.69172 0.18120 -0.24054 1.42750 -0.92175 -0.88655 -0.25905 -0.33226 -0.30353 1.61440 -0.02943 0.64034 -0.51170 0.11441 0.03031 -0.60912 1.36514 -1.24122 -0.59425 1.82573 0.74309 0.70158 5
0.60611 0.38853 1.76233 0.45585 0.60926 -0.59680 -0.87679 1.55733 1.06892 -0.78828 1.04994 -0.20901 0.13922 -0.71913 -0.96226 0.67059 0.63734 -0.89627 0.65480 -0.14817 -0.64436 -0.59947 -0.00481 1.61736 -0.47517 0.00329 0.47697 0.64944 1.19201 -0.61743 0.36879 -1.40934 5
-0.41236 -1.23813 -0.25217 -0.04794 -0.95766 -0.66549 -0.58075 -1.70689 -0.86690 -0.40310 -1.57164 -0.84138 -0.86520 -0.84568 -0.49783 1.82002 -1.21837 -0.55483 1.19742 1.55115 1.58419 -0.59947 0.64468 1.66454 -0.18287 0.00329 1.73172 -1.56302 1.69045 -0.61743 0.04643 -1.40934 5
0.61280 0.79434 1.16048 1.03879 1.05193 1.32116 -1.29174 -1.63507 -0.46544 -0.56034 -0.18830 -0.16430 -1.72628 1.28509 -0.21703 0.54911 0.84652 -0.53428 -0.22093 1.42690 1.50284 -0.59947 -0.86478 1.71897 0.18352 -1.22154 0.04199 -1.16747 -1.70887 -0.00664 -1.68184 -1.40934 5
-1.24813 -0.71718 -0.05019 0.20326 -0.39701 0.19137 0.87515 0.77756 -0.23742 1.11974 -1.65559 -0.52501 1.59767 0.17578 -0.94345 -0.65468 -0.10646 -0.95713 -0.51413 -0.29556 0.38770 -0.59947 -0.09765 -0.10768 -0.81080 -0.60912 0.04400 -1.35851 0.06739 -0.61743 0.87255 -1.40934 5
-0.82300 -1.01974 -0.87482 -0.87951 -1.27525 -0.83689 -0.21552 1.50795 -0.24642 -0.77667 -0.76902 -0.55002 0.98596 1.45611 -0.35124 -0.92310 -0.60235 1.06073 0.16516 -1.59385 -1.45331 -0.59947 1.71285 -1.45797 -1.51661 1.84053 -1.26007 1.16062 -0.69546 1.21494 -0.23197 0.70158 5
0.92163 0.80771 -0.04810 -0.90973 -0.23867 0.09700 -0.82514 -1.54671 -0.76962 -0.83168 -1.16525 0.80308 0.77341 1.67174 -0.63465 -0.68214 0.36048 -0.83040 0.81700 -0.26265 1.72407 -0.59947 0.01040 -1.13734 -0.84143 0.61570 1.12613 -0.84725 0.80197 0.60415 -1.22464 -0.00206 5
-1.25011 -0.36362 -0.91648 -0.31970 0.93083 -0.95248 1.12679 0.25256 -0.76153 0.32527 0.07684 1.22877 0.10568 -1.71593 0.32563 -0.10226 -0.28826 -0.67974 -0.61994 -0.63301 -0.45661 -1.21938 0.11857 -0.49736 -1.50775 -1.22154 0.32901 -0.75390 -0.42306 -1.22821 0.36988 -0.00206 5
-0.66590 -0.36471 4.62252 0.30040 -0.80740 -0.30334 0.33232 -0.11121 -0.60270 1.87042 -0.03323 -0.58528 0.78047 -1.71399 -0.44933 -0.17407 -1.39705 -0.25722 -1.48640 -0.66490 -0.83444 1.26024 0.01533 0.78682 0.66401 0.00329 0.60824 0.90864 0.84059 1.82573 1.08259 0.70158 6
0.74187 -1.51579 -0.42552 -0.47429 -0.51665 -0.54526 0.32502 -1.49338 1.01393 -0.07771 0.26546 0.23034 0.41303 -0.23916 0.25283 0.92299 0.17102 -0.76047 1.87202 -1.72760 0.68686 -1.21938 -0.44633 1.46570 -1.25646 1.22812 -1.71622 -0.39115 -1.61901 0.60415 0.83037 -0.00206 6
1.66352 1.40465 -0.87062 -0.14659 1.28304 -0.70089 -0.87439 0.97149 -0.33441 1.61998 -0.14705 0.25331 0.86800 0.33019 -0.96773 3.63440 -1.53883 -0.11471 0.77483 1.39102 -0.30365 -0.59947 -0.87438 -1.25175 1.61526 -1.22154 1.26680 1.52757 -0.56612 -0.00664 -1.66014 -0.70570 6
0.63798 0.07105 -0.41467 -0.95144 1.24736 0.43982 0.94937 -0.37467 -0.07503 2.34054 -1.10714 -0.37187 -0.41056 0.76825 -0.34241 -0.37498 -1.25948 1.13902 1.11444 0.61570 -1.28839 0.02043 -1.22276 1.18201 -0.12805 -0.60912 0.57579 1.59794 -1.59290 -0.61743 -0.50380 -1.40934 6
0.15034 1.59965 -0.35414 0.97239 0.62859 -0.17864 0.65004 -0.39262 -0.72627 0.22976 -1.40936 0.10838 1.45428 0.88132 -0.65660 1.61875 -1.52061 -0.37193 -0.59584 0.40277 1.50088 -0.59947 0.28293 -1.39773 1.30053 -1.22154 -0.63320 -0.73000 0.83119 -0.00664 0.79651 -0.00206 6
-0.93869 -1.57946 0.84724 0.08999 -0.85532 -0.00401 1.27597 -1.16761 -0.80604 1.71403 0.00268 0.23690 1.70298 1.17822 -0.70611 0.15861 -1.49683 -0.38087 -0.92169 -0.23587 -0.27932 0.02043 -0.53325 0.01863 0.47968 -1.22154 -1.18086 1.37215 -1.46204 -1.22821 0.37613 -1.40934 6
-0.77430 -0.16977 -0.42253 0.71987 0.52546 3.23407 -0.63261 -1.71733 -0.05644 -0.01202 0.16978 0.24704 0.68981 -1.50123 -0.56949 1.50802 -0.71551 -0.36784 -0.96318 -0.46369 -1.57594 -0.59947 -1.19041 0.28938 1.01565 0.00329 1.41665 -1.19618 -0.88676 -0.61743 -0.11173 -1.40934 6
0.11783 0.34188 -0.54048 0.98269 1.04109 -0.91668 1.34677 0.40443 -0.04769 0.41219 0.76285 -0.63632 -0.54663 1.14006 -0.85854 -0.57722 -0.77992 1.25960 0.95688 0.84103 -0.68863 -0.59947 0.42829 0.50470 -0.46977 0.61570 -1.54224 1.34651 -1.31889 0.60415 -0.41077 -0.70570 7
0.22043 -0.83761 0.51196 0.20819 0.39822 0.85948 1.56688 0.65064 0.23136 0.03421 1.35213 -0.61080 1.30343 1.32393 -0.71950 0.08133 -0.46470 -0.88782 -0.86251 1.45364 0.13942 -1.21938 0.78956 1.48011 -0.63369 0.00329 0.87250 1.72547 -0.03890 0.60415 0.07128 -0.70570 7
-1.71959 -0.80991 -0.41438 -0.01629 1.70760 -0.67937 -1.31589 -0.10768 0.03774 0.26757 0.52684 -0.06072 1.07007 0.30825 -0.77728 -0.11138 0.09747 1.05070 0.24823 1.66527 -1.52014 1.88014 1.04860 1.37902 -0.37790 2.45294 1.29888 1.01898 1.43900 1.21494 -0.61346 1.40521 7
-1.55450 0.27876 -0.93669 -0.05336 1.11377 -0.39314 -0.77879 0.18179 -0.61742 1.76102 -0.88346 0.79833 1.30428 -1.55163 -0.83363 0.25637 0.11510 -0.83895 -1.25381 -0.19319 -0.51648 0.02043 -0.07173 -0.01679 0.80662 -0.60912 0.62734 1.02776 0.29283 -0.00664 0.63695 -1.40934 7
-1.70431 -1.36426 1.91649 1.10291 -1.52379 -0.87544 -1.51272 -0.47662 0.15200 2.15439 -0.14559 0.31753 -0.88289 -0.92192 -0.52028 0.42617 0.45336 -0.64698 -0.07228 -1.69949 0.47470 0.02043 -0.12199 0.22963 1.36285 -1.22154 0.78728 -1.34718 1.02574 -0.00664 -0.22392 -1.40934 7
-0.02887 -1.67276 2.16251 0.20228 1.08772 -0.44317 -1.44409 0.28450 -0.74275 -0.47363 0.91638 -0.16363 0.79180 0.08004 -0.86649 -0.59720 0.17114 0.10363 1.18411 1.33233 -0.36800 -1.21938 -1.56473 0.15959 -0.11197 2.45294 0.35637 0.97138 -1.39402 1.21494 0.65699 1.40521 7
-0.96159 1.50175 -0.35263 0.72430 0.40637 0.62344 1.05792 -0.01412 0.98727 0.34272 0.46678 -0.15130 -1.70296 0.93754 -0.11831 1.53834 1.58547 -0.93511 0.88678 -1.55190 -0.60597 -0.59947 1.65565 0.08214 -1.35023 -1.22154 -0.18417 1.14846 1.47084 0.60415 0.19327 -0.70570 7
-1.47677 0.30722 -0.10061 -0.93078 0.98749 -0.38804 1.01031 1.63901 -0.34480 -0.83453 0.84621 -0.62281 -0.61278 0.88909 -0.84486 -0.88692 1.03210 0.61865 2.07671 0.59172 -0.33470 0.02043 0.63952 0.05811 -0.03981 0.00329 0.21482 -0.33966 -0.80524 -0.00664 -0.39578 -1.40934 8
1.03684 -1.43247 -0.48219 0.42436 1.59451 -0.56821 -0.12878 -0.05042 -0.41488 0.80335 -0.39844 1.53541 -0.65270 -0.60423 -0.80937 0.11971 0.30817 -0.80757 0.96492 0.80225 0.65127 0.02043 0.21310 -1.35701 -0.56106 -1.22154 -1.61660 0.63781 -0.94574 -1.22821 -0.46413 -1.40934 8
-1.09046 1.44589 1.28536 -0.81102 -1.65229 1.11488 1.29973 -1.11233 -0.96501 -0.74423 -0.80629 -0.46257 0.45072 -0.35944 -0.76264 -0.53515 -0.60025 -0.36858 -0.34782 -1.41053 1.65918 2.50005 -1.56892 1.59984 -1.03945 1.22812 0.09798 -1.25378 -1.47928 1.82573 0.89961 1.40521 8
0.92924 0.95421 -0.76033 0.89348 0.51290 2.53987 0.78849 -0.03230 -0.74738 -0.54352 -0.64619 1.97383 0.14851 1.25787 -0.41563 0.61378 -0.50546 -0.32897 -1.00958 -0.50877 1.55826 0.02043 0.49558 1.40692 1.58995 -1.22154 -1.27026 0.93551 -1.08001 -0.61743 1.40527 -0.00206 8
1.15890 -1.06845 -0.12141 -0.46064 -0.00358 -0.73441 -1.10619 0.27312 -0.39822 -0.47859 0.49737 0.41351 1.54021 0.93638 1.39874 -0.60030 0.65142 0.26623 -0.73949 -1.71666 -1.30140 0.64034 -1.36130 0.74098 0.12098 0.61570 -0.35885 -0.99251 -1.26827 1.21494 -0.35645 -0.00206 8
1.05171 -0.83286 -0.69951 -0.99188 -0.28691 1.16866 0.55448 -0.70108 -0.43309 -0.19498 0.81256 -0.77189 0.27063 1.67441 -0.19576 -0.09573 0.73877 2.30246 0.00758 -0.57850 -0.22886 -1.21938 0.42168 1.73311 1.39122 0.00329 -0.91295 -1.44097 -1.20839 -0.61743 -0.51237 -1.40934 8
-0.83222 1.01482 -0.93226 3.77909 0.33125 -0.19196 0.32633 -0.56020 1.03750 -0.05095 1.07421 0.56980 1.75199 0.93297 -0.46625 0.14085 0.46740 0.49186 -0.94436 -0.87305 -0.92408 0.64034 -0.91330 1.41832 0.08938 1.22812 1.58301 -1.53919 -1.21920 -0.00664 1.49530 -0.00206 8
0.07695 1.46136 0.91467 -0.23598 0.51171 1.70896 -1.66545 -0.93517 -0.03661 -0.64385 1.36248 -0.93991 0.33724 1.12582 0.13668 -0.89567 0.43252 -0.48368 0.11315 -1.13702 -0.20344 0.64034 1.09144 1.23329 1.14963 0.61570 -0.98087 0.70345 0.97093 -1.22821 -0.20094 -0.70570 9
-0.99297 1.48534 0.57417 0.05925 0.58429 -0.40282 -1.46893 -0.35254 0.78451 -0.94913 1.39491 -0.90943 -1.18246 1.71796 0.85691 -0.95927 -0.10360 0.28099 -0.98841 -1.12955 1.28834 0.64034 0.27979 1.45576 -0.03764 -0.60912 -0.75334 0.45815 -1.53405 0.60415 0.99228 0.70158 9
0.48711 -0.26545 -0.61431 -0.42225 0.96270 1.01015 1.46863 -0.34909 -0.96442 -0.09515 1.22691 -0.02357 -0.32815 0.01977 -0.35222 0.06659 -0.79134 -0.53565 0.75770 -1.08996 -0.77671 -1.21938 -1.44757 0.05862 1.63785 -1.22154 0.08425 -0.43395 -0.68768 -0.00664 1.62713 -1.40934 9
-0.74020 -0.16505 0.90725 0.02931 0.91559 0.52353 0.39739 1.68435 -0.44360 -0.31226 -1.70122 -0.81587 0.26726 -0.63315 -0.83205 -0.96398 0.68679 -0.06541 -0.15639 0.49529 -1.14932 0.02043 -1.30779 -0.35680 0.14075 -1.22154 0.13935 -0.45425 0.47852 -0.00664 1.46440 -1.40934 9
-0.92210 1.72587 0.62114 0.08205 0.55294 -0.74842 0.25080 -0.79309 -0.87330 -0.25666 1.58172 -0.34321 -0.86021 0.52594 0.07969 -0.05137 0.04217 -0.14093 -0.77007 -0.22464 0.19853 0.02043 -1.71610 0.93339 -0.09460 0.00329 -1.62353 1.70444 1.50190 -0.61743 0.74883 -1.40934 9
1.14191 0.28574 -0.78794 0.68153 -0.06306 1.34139 -0.72955 1.17106 -0.24344 2.00473 1.45356 -0.43137 -1.70448 1.27085 -0.07556 -0.70335 1.29753 0.65661 0.51465 -0.83908 0.84470 -1.21938 1.22990 -0.86046 -0.00254 0.00329 -1.17851 -0.94110 0.54134 -0.61743 0.73429 -0.70570 9
-0.10953 -0.10899 -0.83083 -0.65839 -1.48556 -0.72248 -0.10723 -1.10184 -0.04868 -0.93721 0.95403 0.02700 1.31007 1.41246 -0.90434 -0.96770 0.54011 0.46824 -1.63229 0.75642 -0.24603 -1.21938 -0.53176 -0.18314 1.73176 -0.60912 1.38908 0.27587 0.99922 0.60415 0.12647 -0.00206 9
-1.66483 -1.11207 -0.46820 0.44371 -0.41847 1.76636 1.48195 -0.21943 -0.89027 -0.91035 -1.25983 -0.38873 1.10012 1.51281 0.23391 -0.81849 1.14651 0.40894 0.80588 0.38337 -0.62267 0.64034 -1.41397 -1.22103 -1.05185 1.22812 1.01861 0.39610 -0.83772 0.60415 0.68547 -0.00206 10
-0.63491 0.18686 -0.32575 -0.09669 -0.33694 1.78955 -0.02142 -0.40980 -0.67148 -0.86704 0.04192 -0.98302 -0.17147 0.01777 -0.25409 0.73738 -0.56846 1.86820 0.00476 -0.35168 1.61803 -0.59947 -0.84708 -1.21274 0.07422 -0.60912 1.59038 0.51806 -0.75615 -0.00664 -0.88407 -0.70570 10
-0.18627 1.32529 -0.94457 0.12017 1.45027 1.59129 0.90635 -1.60563 -0.53197 0.44799 -0.94165 0.24352 1.01121 0.81615 -0.47341 -0.40233 -1.63027 -0.09246 1.52187 -1.25034 -1.71874 -0.59947 -0.64024 -1.32799 -0.84311 0.00329 0.15087 1.17762 1.26215 -1.22821 -0.90742 -1.40934 10
-0.61383 -0.27842 -0.95314 0.83949 0.52462 7.80411 -0.24994 -1.72133 -0.62314 -0.36086 -0.80602 -0.16832 -1.62422 -0.95468 0.21830 -0.52035 0.40545 -0.49422 1.29681 -1.13519 -0.11595 1.26024 -0.63835 -1.24337 -0.61854 0.00329 0.26813 1.09163 1.27805 -1.22821 -0.26968 -0.00206 10
-1.46023 -0.76884 0.30581 0.00645 1.45769 -0.67176 1.05540 1.46650 0.87947 -0.76638 0.67736 0.95336 -1.54625 1.17966 1.86550 -0.87497 -0.77807 1.02988 -1.10269 0.63392 1.55361 0.02043 1.21667 -0.85951 -1.29472 1.22812 0.94755 -0.34178 -1.46932 1.21494 -1.51701 -0.00206 10
1.58978 1.28705 -0.54681 0.20260 1.01231 -0.89801 -0.66487 -0.03093 -0.71775 -0.94199 -1.28823 3.64320 0.54799 -0.23562 0.40449 0.69575 -0.58924 -0.95596 -0.35087 0.78764 -0.45208 -0.59947 -1.64766 -0.94760 -1.41090 1.84053 -0.91328 1.44175 1.43366 1.82573 -0.34596 0.70158 10
-0.16220 1.03225 -0.23722 -0.88185 1.56377 -0.46631 -1.59034 -0.61785 -1.01355 -0.74748 -1.24990 5.59123 0.07816 0.30400 -0.82405 -0.58490 0.08661 2.34936 1.31579 -0.85122 -0.89791 -1.21938 -0.27797 0.03950 0.56686 -1.22154 -0.72425 0.62884 -0.09629 -0.00664 1.15788 -1.40934 10
