1.17681 -0.79146 -0.01416 -0.95192 0.20159 -0.93548 -0.59978 -1.04081 0.22580 -0.88840 -0.42198 -0.98901 1.43130 -1.25977 -0.77944 0.29753 -1.38062 -0.74657 0.67204 -1.41460 1.38469 0.02043 0.13842 -1.29101 0.79445 1.22812 -0.88006 -0.50889 -1.11541 1.82573 -0.66677 1.40521 1
-1.41944 1.13173 -0.60626 -0.53477 1.20007 -0.95164 -0.98407 1.14986 -0.95253 -0.45862 -0.90096 -0.33587 -0.35911 -1.69678 0.23070 0.93543 0.13904 -0.51634 0.12159 0.31219 -1.71202 -0.59947 -1.21782 1.24965 -0.67488 0.00329 0.49420 0.74562 -0.92198 -0.61743 1.11477 0.70158 1
1.68714 0.98923 0.46726 -0.89460 0.97426 -0.46914 -1.28721 -1.50306 -0.16389 0.01741 0.59874 -0.86422 -0.65328 1.49859 0.08042 -0.91708 -0.95912 0.72539 -0.31704 -1.31160 -0.53519 -1.21938 1.32223 0.08086 1.46422 0.00329 -0.27087 1.49417 -0.80549 -0.00664 -0.95405 -0.70570 1
-1.41157 0.62754 -0.82576 3.16250 -1.29740 -0.98894 0.99780 0.12896 0.43722 -0.74470 -1.28965 -0.76243 -0.84768 0.59851 -0.95996 -0.29829 0.54283 -0.46416 0.36366 0.93605 1.52816 -0.59947 1.53601 0.40280 0.48510 -0.60912 -0.25928 -1.16416 -1.33916 -0.61743 0.01567 -1.40934 1
-0.89282 0.69523 1.09650 -0.79707 -0.37176 -0.89470 1.58660 0.57159 1.94580 -0.65801 -1.04748 -0.81827 1.05166 1.55640 -0.77054 -0.69922 -0.20519 -0.63193 -0.80841 -0.64084 1.50557 1.88014 -0.17399 0.85944 0.28066 0.61570 1.28228 1.02624 -0.62735 -0.00664 1.68864 0.70158 1
1.00681 -0.22118 -0.91116 -0.62355 0.41631 -0.96869 -1.23538 -0.13035 1.18418 -0.58953 -0.76190 0.04841 0.31728 1.12960 0.73339 0.32588 1.65217 -0.77143 0.58080 -0.04998 -0.43874 0.02043 -1.16499 1.18688 0.62671 0.61570 -1.65571 1.27375 -1.08466 -0.61743 0.49921 -0.00206 1
-0.69600 0.83644 3.39038 0.20175 -1.38320 -0.41410 0.64905 -1.44093 1.62002 0.23017 -0.32855 -0.33346 -0.95267 -0.62330 -0.95313 -0.57764 -0.13692 0.12455 -1.24934 -0.51111 0.96654 1.88014 1.45915 1.37991 -0.51722 -1.22154 1.60122 0.43662 1.05915 -1.22821 0.97601 1.40521 1
1.02467 -0.44698 1.73409 0.90464 1.04511 1.00815 -0.18870 0.58515 1.33498 -0.61496 0.50876 -0.91389 0.30900 0.24940 0.07691 -0.39535 -1.40104 -0.59169 1.61177 1.13355 1.50626 0.64034 1.18148 -1.17763 -0.01901 0.00329 1.58407 0.22022 1.43583 -0.61743 -0.71528 -0.70570 1
-0.33601 0.11312 0.45332 -0.66249 -1.23668 -0.88654 0.50307 0.39978 -0.86797 0.60199 -0.28853 -0.62966 -1.02775 -0.18316 1.34882 2.97321 0.13673 -0.94846 -0.55847 0.84559 0.27314 1.26024 1.73004 -0.85682 1.04677 1.22812 0.72134 1.06702 -0.17974 1.21494 -0.10639 -0.00206 2
-0.87717 1.13315 -0.71876 0.24348 0.04138 -0.68411 0.30308 -1.44228 0.65610 0.90266 0.92097 -0.91788 1.73683 1.70997 -0.97396 -0.98279 -0.51509 -0.81403 -0.35119 0.47543 -0.79528 0.02043 0.97256 1.58444 1.49902 -1.22154 -0.81286 -0.83379 -1.13944 -1.22821 1.34491 -1.40934 2
-0.79848 -1.25586 0.69524 -0.28551 -0.40201 1.29234 -0.43583 0.31655 -0.40571 1.33377 0.29939 -0.31512 1.60185 -0.17829 -0.84275 0.00203 -1.66290 -0.69178 -1.79191 -1.34270 1.07197 0.02043 1.58571 0.30918 -0.37856 -1.22154 -0.85636 -0.93527 1.57623 1.21494 1.20129 -0.00206 2
-1.59098 -0.50804 -0.22116 -0.60225 -0.91957 -0.22836 1.67530 -0.79337 0.04491 -0.95944 -1.61098 -0.83935 -1.04256 -1.09242 0.11700 -0.31984 -0.43643 1.94021 0.65203 -0.34936 1.16400 0.02043 1.70548 -1.00277 0.14194 0.61570 -0.25149 -1.57003 0.31196 -1.22821 -1.51818 1.40521 2
-0.02408 -1.08673 -0.39775 -0.72303 0.94106 -0.87132 -0.67231 1.02031 -0.64370 0.11692 -0.37063 -0.36991 0.02063 0.09331 -0.52980 -0.46228 -1.12134 -0.56328 0.60778 -1.13748 -0.27501 0.02043 0.89350 0.41975 -1.52950 -0.60912 -0.24232 -0.11266 -0.88497 -1.22821 -0.84443 0.70158 2
0.84724 1.31786 -0.41091 0.47467 1.15624 -0.37471 0.42201 -0.89360 -0.35545 0.19007 -1.23473 -0.78220 0.20676 0.94805 5.81516 3.26874 -0.53839 -0.19845 1.80033 0.38102 0.18179 -0.59947 -0.45325 -0.58357 1.46230 -0.60912 -0.21274 -0.20202 -1.07551 1.21494 1.12448 0.70158 2
1.15452 0.90991 1.10055 0.11926 0.87856 2.53265 1.20261 -1.14020 -0.98445 -0.98204 0.65060 0.21698 -0.11706 0.25918 0.10400 -0.37764 -1.06208 -0.72143 0.05798 0.47872 1.48961 0.02043 -0.83756 -0.47237 -0.80382 2.45294 0.41418 -0.23439 1.70523 -1.22821 1.38315 1.40521 2
-0.93981 -1.27061 -0.21925 1.52903 -1.51592 0.05517 0.29128 -1.21437 -0.05428 -0.53908 -0.18218 -0.55309 0.92978 0.52448 0.58150 -0.73204 1.41954 0.50194 0.89859 0.23562 1.36769 0.02043 0.55778 -0.87074 -0.02293 1.84053 -1.58142 -1.50368 1.50609 -0.00664 1.39542 1.40521 2
-0.77218 0.91639 -0.93168 0.19704 -1.29586 -0.70045 -1.70533 0.72773 -0.71219 -0.58019 -0.10476 -0.57234 0.41076 0.95319 -0.16398 -0.95799 -0.29107 -0.27115 0.61066 -1.55946 0.49035 0.64034 -1.00330 -0.63603 0.22502 1.22812 0.80286 0.99162 0.86977 2.43652 1.18722 1.40521 3
1.50957 1.27635 -0.38859 -0.95510 0.39543 -0.39666 -1.61052 0.57018 -0.50894 -0.52683 -1.26688 -0.82969 1.62756 -1.63238 -0.74905 -0.41290 -1.01759 -0.77979 1.09361 1.08508 1.43685 -0.59947 1.20459 1.65501 0.61603 0.61570 -0.43775 -0.38565 -0.68183 -1.22821 -0.02591 -0.70570 3
-1.09752 0.72266 -0.96517 -0.37993 -0.66068 -0.23029 0.09900 -1.26382 2.32269 -0.35492 1.52100 0.09188 1.45415 0.03277 -0.61378 -0.22276 -0.13558 -0.14220 -0.40906 -1.63238 -0.15984 0.02043 -0.33225 0.17744 0.29404 -1.22154 -1.20410 -1.62446 1.18856 -1.22821 1.35582 0.70158 3
0.86111 1.13271 -0.43111 -0.97804 1.61098 -0.50142 0.66270 -1.39832 -0.18715 0.02217 1.69011 0.22326 -0.77052 0.86700 1.35955 -0.83212 0.00949 -0.95872 -0.53924 1.04772 -0.86489 1.26024 1.64150 -0.80645 1.60504 -0.60912 -0.11541 1.04399 -1.10216 -1.22821 -0.28654 -0.00206 3
-0.73020 0.75983 1.89202 -0.97577 0.95556 -0.36423 -0.22600 -0.15983 1.34759 1.27804 -1.61809 -0.49596 1.60164 1.04487 -0.73687 0.10008 -1.20152 0.73872 -0.42056 -1.35386 0.94546 -1.21938 -1.35436 1.15979 -1.43954 -0.60912 -0.62433 0.15605 1.71185 -1.22821 1.15673 -1.40934 3
-1.23001 1.15357 -0.87194 2.89883 0.85823 0.61138 1.09759 -1.08362 -0.19778 0.20272 -1.58982 0.47213 -0.34975 -0.10042 -0.90423 -0.01186 1.06810 0.43359 1.72066 0.04466 0.45933 -1.21938 -0.32208 0.70881 -0.59890 -0.60912 0.80965 -0.24236 0.65100 -0.61743 -0.80379 -0.00206 3
1.60848 0.60583 0.64020 0.67287 0.61587 0.12920 -1.04841 0.36506 -0.75812 0.72873 0.41001 -0.86181 0.01405 -0.74733 -0.13246 -0.03811 -1.13033 -0.28132 -0.68915 -0.03828 -0.12069 1.26024 1.10776 -0.37230 -1.39805 -1.22154 -1.71357 -1.38992 0.01635 2.43652 -1.42758 1.40521 3
-0.41319 -1.37541 -0.93224 -0.57684 1.71105 -0.04701 0.53020 0.06008 -0.48061 -0.46144 0.27733 0.37300 -0.86714 -1.46037 -0.74857 -0.24476 0.52337 -0.71752 -0.37663 0.01613 0.53087 -0.59947 1.30660 -0.50708 -0.99198 0.61570 0.80489 1.18009 -0.80897 0.60415 -0.90903 0.70158 3
0.81696 -1.44917 0.45409 -0.00683 0.53528 -0.35402 -1.28566 -1.28175 -0.69365 2.59713 0.29802 -0.50655 1.44261 -1.16853 -0.61657 -0.97864 0.48087 -0.47023 -1.61282 1.68013 -1.41731 2.50005 0.51125 1.70952 -1.53472 0.00329 0.34502 -1.42264 1.63399 2.43652 0.78140 1.40521 4
1.14315 -0.43048 -0.52209 -0.74056 -0.77179 -0.69122 -1.69334 -0.89268 0.68971 -0.25783 -1.47036 1.21062 0.08845 -1.25537 0.73304 -0.96944 1.22247 -0.68044 -0.68611 0.37380 1.35476 1.26024 -1.17556 0.55753 0.33361 0.00329 1.45868 -0.26065 1.06274 0.60415 -1.35473 -0.00206 4
-1.14024 1.54807 -0.56122 -0.77025 1.02404 0.71232 -1.28783 -0.47818 -0.79067 -0.82316 0.56941 1.23742 1.04742 1.36176 0.19999 -0.25711 -1.27543 0.39125 -0.91284 -0.44839 -1.62471 0.64034 -1.67196 -0.53614 -0.98431 -1.22154 -1.04228 -1.39761 1.65130 -1.22821 0.45372 0.70158 4
-0.57938 0.74301 -0.87056 -0.77337 -1.35840 0.42643 1.51349 1.47421 -0.59941 -0.94235 -0.86590 0.37064 1.17661 0.56475 3.38806 -0.72378 -0.86101 0.37230 -0.05738 0.09685 -0.91478 0.64034 1.55920 -1.05971 -0.26974 0.61570 0.13208 0.34133 0.50252 -1.22821 1.73224 0.70158 4
1.65817 -1.10375 -0.41982 -0.61050 -0.28036 -0.09149 1.63012 0.66134 -0.92784 -0.92767 -0.06638 -0.89797 -1.67471 1.04607 -0.55783 -0.72752 0.21341 -0.46404 -1.44013 -0.06930 1.45501 -0.59947 1.01967 -0.44025 -0.86553 -0.60912 0.72864 -1.67804 -0.94537 0.60415 -0.13617 -0.00206 4
-1.39498 -0.94811 4.58292 -0.38243 1.42052 -0.11371 1.72160 1.56385 -0.45422 0.15512 1.71128 -0.39371 -1.17605 0.95971 -0.93932 0.13425 -1.22717 1.71593 -2.16835 1.59235 1.10814 1.26024 0.30385 1.64574 0.03737 1.84053 -1.26060 -0.83196 -1.50508 1.21494 -1.60473 1.40521 4
-1.48772 0.63964 -0.58111 -0.11988 -0.26268 -0.05953 -1.23176 -0.70302 0.19766 -0.45192 -1.17028 1.16752 -0.24213 -0.67497 -0.81393 -0.78746 -0.53423 -0.95044 0.40293 1.24788 1.18852 1.26024 -0.24559 0.41156 -1.40616 1.22812 -0.84981 -0.42568 -0.82382 0.60415 0.87705 1.40521 4
0.78403 0.83951 -0.54455 -0.15360 -1.40691 -0.17297 -1.55384 -0.37703 -0.68934 0.00364 -1.31572 -0.29291 0.69886 0.12852 -0.17859 -0.28906 0.65370 -0.43862 -0.58324 -1.35244 1.30986 0.02043 1.07027 1.55445 1.21700 -1.22154 -0.72228 1.12721 0.93751 -0.00664 0.72274 -1.40934 4
-0.28887 0.00595 -0.19722 0.30577 -0.80612 0.08726 -1.68521 1.00668 -0.32952 -0.56510 -0.76577 -0.98819 1.68366 -0.81762 -0.39822 -0.69706 -0.90777 -0.27133 -1.04945 0.78469 -1.49146 -0.59947 -0.20537 0.82873 1.02729 -0.60912 0.27190 -0.64191 0.13197 -1.22821 -0.51391 -1.40934 5
0.56690 -1.60928 0.35086 -0.94700 0.54003 1.55903 1.22313 0.96187 -0.68463 -0.71856 -1.48871 -0.83683 1.64726 -1.30636 -0.26922 -0.57551 -1.65941 -0.19727 -0.05306 -1.16299 -0.59859 -1.21938 1.25311 1.13977 -0.27801 -0.60912 0.50633 -0.25986 0.56576 2.43652 0.05492 1.40521 5
-0.43285 -0.55364 -0.67630 0.16820 -1.58984 0.25877 0.42159 0.69120 -0.74448 0.92848 0.30371 -0.07808 -0.64179 0.69214 0.03219 0.56169 -0.08629 -0.59439 -0.04276 -1.59895 0.24582 1.26024 1.18880 -1.62412 -1.35687 1.22812 -1.13617 1.26115 -0.86915 1.21494 -0.72855 0.70158 5
1.20371 -0.30961 -0.00179 0.70621 0.01772 -0.48004 -1.67287 0.06881 -0.80283 -0.83850 -0.42932 0.39526 -0.94815 0.02941 -0.28201 -0.41836 0.74358 -0.81334 -1.11459 0.65615 -1.47252 0.64034 -0.63048 1.58395 -0.70184 1.22812 0.64002 1.60730 0.44954 0.60415 -0.43119 -0.00206 5
0.82197 0.06965 -0.83884 0.30143 -1.42114 -0.50650 1.43908 -0.51881 1.90039 -0.74443 1.09648 -0.14320 -1.15786 1.47522 -0.98309 -0.10893 -1.12131 -0.88583 0.04397 -0.03407 1.70127 0.02043 1.37837 -1.06501 1.66736 0.61570 -0.28663 1.27105 -1.63959 1.21494 0.51312 -0.00206 5
-0.61815 1.26767 -0.33162 -0.40795 -0.70625 -0.16697 1.73146 -0.78895 -0.72976 0.24824 -0.97306 -0.74530 -0.84144 -0.03036 1.20488 1.38692 -0.64317 0.69293 1.04252 1.23474 -1.58610 -0.59947 -0.44005 1.70986 0.84241 0.00329 1.17537 1.63736 0.69774 -1.22821 -0.04277 -1.40934 5
0.81666 0.00607 0.12257 0.96668 1.23880 -0.87475 -1.66093 -0.18058 1.43843 -0.67284 -0.70086 0.64562 -0.81502 1.68042 -0.89184 -0.66235 0.31794 -0.42173 -1.03182 1.15081 1.51248 -0.59947 -0.90745 -1.51585 0.03169 1.22812 1.07234 -1.11163 -0.29832 0.60415 0.87660 0.70158 5
-1.67888 0.63485 -0.28980 -0.72057 -0.45937 1.05954 -1.71357 -0.34489 0.65004 -0.92965 1.20938 -0.90144 -1.29542 -1.14657 -0.80866 3.01431 -0.10463 -0.94561 1.11744 -0.23055 0.84091 2.50005 -0.59232 -0.12609 -0.55869 1.84053 -0.38643 -0.75515 0.72500 2.43652 0.18985 1.40521 5
-1.57272 0.12984 1.32383 -0.83889 -0.33622 -0.57931 -0.63935 -0.57975 -0.60421 0.83027 -0.33941 0.35105 0.43015 0.43474 -0.11424 0.33322 1.29066 -0.89235 -0.15390 -0.37018 -0.86112 0.02043 1.73752 0.80839 1.70885 -1.22154 -1.21566 1.39829 0.41266 -1.22821 0.00660 -1.40934 6
0.29848 -1.48774 0.82280 -0.48414 -0.06840 1.15522 -0.24999 0.60942 0.08178 0.61265 1.63356 -0.31759 -0.83792 -1.69551 0.27122 -0.31164 -0.90963 -0.35077 1.38222 -0.54332 0.71694 -0.59947 0.20855 0.77893 0.04789 0.00329 0.20005 -0.39281 -1.35013 -1.22821 1.22351 -1.40934 6
-1.14009 -1.04252 -0.83441 0.18172 0.71320 0.31797 -0.34676 -0.74796 0.32579 -0.50287 0.67803 0.06488 -1.24092 -0.25017 0.86760 0.94600 0.01192 2.05020 1.21775 -1.20114 -1.66314 0.02043 1.28906 -0.51457 -0.49944 -1.22154 1.17474 -1.08644 -1.14721 -0.00664 -1.03348 -1.40934 6
0.07807 1.61374 -0.79139 1.22873 0.50125 -0.83594 0.97057 -1.02191 -0.74712 0.19179 1.49059 0.03245 1.11590 1.52874 -0.14420 -0.02301 0.05894 0.24079 1.78127 -0.76983 -1.01811 -1.21938 -0.40152 0.46465 -1.31930 -1.22154 -0.19076 0.34668 -1.12339 1.21494 0.41385 -0.00206 6
0.02975 0.74143 -0.62799 -0.80589 0.96357 -0.28895 1.49800 -1.03559 -0.79361 -0.55869 -0.10018 -0.98841 0.43191 1.49526 -0.76482 1.28073 -0.97306 0.19332 0.13530 1.26560 0.76969 -0.59947 0.99123 0.83456 0.80283 0.00329 -1.25917 -0.80365 1.34347 -0.00664 -0.72333 -1.40934 6
-0.70800 -0.40170 -0.62486 -0.47851 -0.19644 -0.75750 0.08336 0.00429 -0.06947 -0.28584 0.50001 -0.66541 1.35278 0.84561 0.89919 -0.75682 0.15246 -0.41678 0.56194 1.17436 1.34769 0.64034 0.10535 -1.18388 -0.42368 0.61570 -1.28170 -1.23098 0.54643 0.60415 0.89110 -0.70570 6
-1.64824 -1.16534 -0.40420 -0.68357 1.09182 -0.84413 -0.08596 1.64343 -0.47950 0.56387 0.94188 -0.04969 -0.26701 1.35937 -0.80863 -0.83727 -0.77642 0.01290 -0.36899 0.58276 -0.32574 -1.21938 -1.68981 1.23447 -0.64910 -1.22154 0.12810 1.12745 1.42477 -0.61743 -0.31535 -1.40934 6
0.49710 0.02664 -0.30337 2.39371 1.49818 1.31802 -0.68747 -0.60012 0.86855 0.18173 -0.50552 -0.88035 0.14599 0.79409 -0.42000 0.06275 0.32384 -0.25824 -0.83456 1.28183 0.59133 2.50005 0.60480 -0.11188 0.38688 2.45294 -1.34438 0.76494 -1.11300 -0.00664 1.13609 1.40521 7
0.79388 1.48732 1.80155 -0.88434 -0.71181 -0.21610 -1.10557 1.70021 2.06259 -0.94535 -1.41035 1.73092 -1.23242 1.28516 -0.81677 0.39317 -1.36190 -0.00712 1.83385 0.76654 -1.07005 -0.59947 0.95950 0.13426 -0.30304 0.61570 -0.23162 -0.71928 -1.24643 -0.61743 -1.15137 -0.00206 7
0.37196 -0.37029 -0.66364 -0.64593 -0.41110 -0.17103 0.76188 0.92315 2.48781 -0.06777 -0.60851 -0.47065 -1.51209 -1.14112 1.23772 -0.85247 -0.31434 -0.81393 -1.29859 -0.44464 -1.37583 -1.21938 -0.39445 -1.14399 0.53921 -0.60912 0.00375 -1.38432 0.63962 0.60415 1.14680 1.40521 7
1.11156 -1.61182 0.59263 -0.55542 -1.34989 -0.27797 -1.68833 -0.33901 -0.39015 2.98767 -1.31962 0.41094 -0.88112 1.26701 -0.69424 0.13593 0.86406 0.57802 1.10620 0.65370 -1.00615 -0.59947 -0.89869 -0.91123 -0.33728 -1.22154 0.74657 0.89702 -1.51485 -1.22821 -0.13770 -0.70570 7
-1.33950 -1.21197 -0.04603 -0.66207 -0.14686 0.19674 -0.72526 -0.25522 0.51655 -0.61550 1.03259 -0.28519 -0.98205 -1.52351 5.02825 -0.54212 0.73776 4.76129 0.13323 0.87326 -0.88706 0.02043 1.52905 1.31614 0.05927 0.00329 -1.00536 -0.59093 0.41865 0.60415 1.35545 -0.70570 7
1.49460 -0.71782 1.50531 -0.21292 -1.54740 0.99478 1.54926 1.71735 2.15522 -0.79805 1.74394 0.27175 -0.46416 -1.52033 -0.04544 -0.09813 1.41314 0.15643 -0.71841 0.14762 1.13611 1.26024 1.38637 1.03241 1.54702 -0.60912 0.10721 1.61292 -1.32052 -1.22821 0.70773 -0.00206 7
0.12225 -0.92232 0.22537 -0.41257 -1.35115 -0.38427 -0.41895 -0.14179 -0.75656 0.13823 1.63258 0.32593 0.46860 1.28547 -0.13547 -0.26967 -1.41831 -0.04159 -1.53305 0.64230 -0.39871 2.50005 0.54631 0.40805 0.72437 0.61570 0.34874 -1.30803 -0.06432 1.82573 0.91621 1.40521 7
-0.06679 -0.65607 1.39250 0.98343 -1.27825 -0.69305 -1.00649 -0.00698 -0.63721 2.14360 -1.29565 -0.92238 -0.63522 -0.24183 0.39799 -0.95106 0.72726 0.15803 -0.30766 1.45005 0.05938 -1.21938 -0.52404 1.20938 1.45723 2.45294 -0.41665 0.37681 0.00093 -1.22821 -1.28860 1.40521 8
-0.09144 1.47955 -0.61694 0.90654 1.07098 -0.65259 -0.02101 0.22222 -0.95634 0.02960 1.07065 1.60867 -0.96763 -1.31507 -1.00405 -0.72989 -0.99747 0.88002 -1.05354 1.19782 1.41137 1.26024 0.76431 -1.00370 -0.86925 1.22812 0.14679 -0.74352 -1.39558 -1.22821 -0.42485 -0.00206 8
-0.41178 0.41678 -0.29540 -0.76582 -1.55505 -0.25334 0.49382 -0.27966 1.03636 -0.94686 -1.29898 0.39492 0.41746 -0.36219 1.24697 -0.96055 -0.53825 -0.82588 -0.67035 -0.36590 -0.16650 0.02043 -0.16727 1.72656 1.33179 0.00329 1.30022 1.71514 -0.45641 0.60415 0.20130 0.70158 8
0.22677 -1.57830 -0.29480 -0.21570 -0.39067 0.36401 -0.59299 0.50121 0.06803 1.35760 -0.53889 0.78471 -1.62912 -0.12389 -0.56814 -0.76130 0.95480 -0.92492 -0.62519 0.59870 -1.67342 0.64034 -0.03615 -0.47562 1.07605 -0.60912 -1.48025 -1.47784 1.31835 -0.61743 0.26487 -0.70570 8
1.36646 0.41575 -0.77083 -0.08893 0.98252 1.72739 -0.12762 0.51616 2.41310 -0.89719 -0.90317 0.45566 1.27583 -0.29493 -0.02339 -0.83992 -0.60994 -0.26441 -1.28438 -0.58290 -1.58429 0.64034 -0.10115 -0.18156 -0.09107 -1.22154 0.31905 0.99350 1.40470 0.60415 -1.40846 -0.70570 8
-0.45556 -1.44061 0.11732 0.26535 -0.69239 -0.33065 0.15798 -1.49265 0.50561 2.43595 0.05873 0.87159 -1.45569 0.08289 2.57371 -0.34102 0.17421 0.04279 -0.80042 -1.27292 -0.57285 -0.59947 -1.11577 -1.31001 0.77568 0.00329 1.70105 -0.38201 1.56765 -1.22821 -1.37168 -0.00206 8
0.39008 -1.16238 -0.46984 -0.68859 -0.47326 -0.75156 0.80626 -0.30564 -0.95914 -0.84264 -0.99790 1.54908 -0.59520 0.26981 1.26030 1.17064 -0.54869 -0.29054 1.00247 0.86489 -0.09778 0.02043 -0.42560 0.98481 -0.54096 -0.60912 -0.81919 -0.88883 0.08968 -1.22821 0.95060 -1.40934 8
1.51696 0.81063 -0.59776 -0.41584 -1.23634 -0.67788 -0.75160 1.46154 -0.08058 -0.61596 1.20181 0.14027 -0.30926 1.35529 -0.99184 -0.93323 1.20188 0.45769 -1.70236 -0.35564 -1.65583 -1.21938 0.69638 0.91576 -1.47001 -1.22154 -0.29648 1.48510 0.98873 0.60415 -1.21591 0.70158 9
-0.51163 1.01650 -0.67372 -0.86727 -0.99650 0.76646 -1.34291 -0.08746 -0.86955 0.42112 0.04628 -0.76299 1.72400 1.29522 1.52452 0.85038 -0.52279 -0.54610 -1.88967 -1.50461 -0.17000 -0.59947 -1.56274 1.62946 0.12264 -0.60912 1.48999 0.13481 0.74783 -0.00664 -0.82425 -1.40934 9
-0.11472 0.46548 -0.80373 0.09115 -0.94625 -0.03717 0.31218 1.39338 1.25655 0.99979 1.64036 0.11653 0.45813 0.49106 -0.45647 0.20429 0.76364 0.22758 -1.32103 1.00738 -1.46080 0.64034 1.32808 -1.41250 0.67924 -1.22154 -1.58386 -1.09550 -0.75580 -1.22821 -0.85781 -0.70570 9
0.75222 -1.32883 -0.93448 0.80146 0.41935 -0.27095 0.70318 1.24713 -0.64606 -0.90360 -1.58534 1.36160 -0.33055 1.18218 -0.51041 0.12131 -1.27197 -0.48305 0.10771 1.67171 0.03383 -1.21938 0.44833 0.12558 0.02351 -0.60912 -0.30177 -0.60249 -1.13233 -0.00664 -0.29892 -1.40934 9
-0.52626 -1.66333 0.32068 -0.34211 -0.87730 -0.20871 -1.28602 -0.16067 1.24895 -0.71037 -0.64081 1.34585 0.71770 1.31383 -0.29997 -0.87218 -0.41169 0.12077 1.28087 0.39515 -1.40791 -1.21938 -0.31903 -1.65563 -0.06996 -0.60912 -0.69987 -0.90752 -0.32638 -0.00664 0.04689 -1.40934 9
-0.95871 0.00302 -0.83616 -0.51999 -0.87797 -0.25375 0.51250 0.44910 1.86437 0.15876 -1.03702 0.86244 -0.71724 0.77987 1.06225 -0.25947 -1.18397 2.32575 0.25624 0.46900 -1.72185 -1.21938 1.00121 -0.88604 0.77521 -0.60912 -0.17918 -0.00023 0.42114 -0.00664 -1.55768 -1.40934 9
-0.39820 0.39909 -0.68928 0.53455 -0.95063 1.23773 -1.51533 1.02100 -0.45546 1.06722 -0.75511 1.77963 1.37884 1.54574 -0.37057 1.89777 -0.70875 -0.83686 -0.41640 -0.70203 -0.45900 -1.21938 -0.03815 0.32877 0.98026 -0.60912 -0.94939 -0.16082 -0.05510 -0.61743 0.22797 -0.00206 9
-1.26643 0.88679 -0.74374 -0.64657 -0.00890 -0.35796 0.68171 0.31519 0.35088 -0.61775 1.53571 0.31290 0.14234 -0.60289 -0.70303 0.45552 -0.84199 1.17244 0.75909 -0.43513 -0.49801 -1.21938 -0.27117 0.37438 -1.26288 1.22812 0.46777 -0.70853 -0.49245 -0.61743 1.13637 -0.00206 10
0.81635 1.49280 1.35094 -0.26397 -0.05040 0.37596 1.10894 1.12858 1.21119 0.64270 -0.06481 -0.08312 1.41370 -1.07559 -0.54018 -0.13190 -1.37550 0.21283 1.22854 1.59939 -0.47388 -1.21938 -1.68816 -0.58164 0.21918 0.00329 1.47596 -0.89137 0.10748 -0.61743 0.22707 -1.40934 10
0.85784 -1.45107 -0.89785 -0.63532 -0.22473 -0.78972 1.38444 0.13914 -0.81407 -0.30962 1.11448 -0.84535 0.57588 1.54965 0.43433 -0.45871 -0.99211 2.69303 -1.05653 0.48179 -0.69066 -1.21938 -0.14001 -1.57675 0.58828 -1.22154 0.19164 -0.98483 0.05434 -1.22821 -0.66847 -1.40934 10
0.25182 0.90971 -0.81752 -0.39351 0.20573 3.36046 0.30657 -1.11890 -0.70470 -0.03326 -0.86726 -0.21229 -0.64219 -1.72264 -1.00143 -0.60130 1.12842 -0.46717 0.14787 0.91926 -1.08672 -0.59947 -0.78621 -0.52867 1.21875 0.61570 1.15296 0.45235 0.95961 -0.61743 1.33065 -0.70570 10
0.77925 -1.14493 2.12878 -0.90071 1.55643 -0.80191 0.53254 -0.09053 -0.02959 -0.86637 1.46385 1.71288 0.76412 -0.83694 0.35439 1.55352 1.39294 3.26601 -0.13026 0.23198 1.58716 -0.59947 -1.36819 1.63885 0.09016 0.00329 -0.75404 1.01059 0.31637 1.82573 0.07812 0.70158 10
1.55457 0.51804 -0.43858 1.19383 1.21669 5.29996 -0.95546 0.41078 0.15341 -0.42785 0.18081 -0.51092 0.95138 0.43523 1.08496 -0.92022 0.48874 0.62537 0.10889 0.13531 -1.00108 0.02043 1.38238 -0.33946 0.75049 -0.60912 -1.36522 -0.99507 -0.20177 -1.22821 0.01183 -1.40934 10
-0.46142 -0.65471 -0.92979 -0.77141 -1.61663 6.62294 0.12221 -1.70665 -0.00568 -0.23605 1.48636 -0.31495 1.74279 0.30394 -0.32283 -0.93242 -0.62901 -0.92314 1.33491 -0.68971 -0.99306 0.02043 -0.33778 1.44542 1.35356 0.00329 1.31040 -1.35848 -1.20575 -0.61743 0.02122 -1.40934 10
