0.49949 0.11815 1.56907 -0.57208 0.40399 -0.49569 -0.76167 -1.18993 -0.52606 -0.72145 -0.97165 -0.83255 -0.11656 1.37736 -0.67114 -0.74173 -1.29163 -0.73923 -0.58931 -1.42761 0.22255 1.26024 -1.19977 0.14468 0.18695 1.22812 1.43144 1.62506 -1.08393 -0.00664 1.33642 -0.00206 1
-1.56688 1.22426 -0.53082 -0.87185 -1.04772 -0.45492 0.27693 1.27222 -0.85726 -0.85994 0.64072 -0.24432 1.35556 -1.26144 -0.57453 3.09068 -0.18262 -0.09720 1.04624 0.38518 1.40020 1.26024 0.94166 -1.61191 0.33800 -0.60912 -0.53764 0.69233 0.80447 -1.22821 -1.46785 0.70158 1
-1.37310 0.31086 -0.30583 0.67623 -0.55391 0.12532 1.53752 0.92402 0.95083 0.24370 1.42720 -0.90451 1.06946 -0.85898 -0.68627 -0.75112 1.40026 -0.81372 -1.01143 0.02845 0.76124 0.64034 1.12734 0.79954 1.19543 1.22812 -0.01076 -0.55926 -1.03387 -0.61743 -1.26920 0.70158 1
-1.01928 1.68713 -0.59321 0.23962 0.86451 -0.81461 -1.69189 0.55722 0.45086 0.50641 0.02014 -0.93008 -0.07520 0.41739 -0.00200 -0.91597 0.91232 -0.92827 -1.61700 -0.31084 -0.39428 0.02043 1.21440 -0.67432 0.68112 -1.22154 1.36918 0.34470 1.66846 0.60415 1.34956 -0.70570 1
1.04288 0.35655 -0.73432 -0.06786 -0.30622 -0.94433 -0.40117 0.88087 -0.77944 -0.63945 -1.68310 -0.70213 -0.80742 -1.08752 0.24690 -0.59753 -1.36442 -0.95883 -0.59490 -0.03658 1.22990 -0.59947 0.19476 0.66290 1.67794 0.00329 0.82789 0.60344 0.51435 -0.00664 -0.49427 -1.40934 1
-0.50800 0.84370 -0.98249 2.20656 -0.06739 -0.97840 -1.29529 -1.62565 -0.88832 -0.48767 1.64294 0.18829 1.05059 0.96638 -0.19723 1.30270 1.17725 -0.90519 0.49884 -1.37567 0.91058 -1.21938 -0.26226 -0.73825 1.67857 1.22812 -0.19623 0.67512 -1.69059 -0.00664 1.32903 0.70158 1
-0.56725 0.49441 -0.13017 2.21124 1.46134 -0.96555 -0.21836 -0.20858 -0.84949 -0.45867 1.28975 -0.88865 0.32941 -0.44274 0.35012 0.03407 -0.85137 -0.78800 1.87200 -1.63531 1.40976 0.02043 1.56949 -0.59009 0.44894 -0.60912 0.95623 0.98080 0.54934 -0.61743 -0.14656 -1.40934 1
-1.44142 -0.20082 -0.83916 -0.77741 -0.42750 -0.60109 -0.23662 0.72420 1.34279 -0.07301 0.22710 -0.79378 -0.90221 -0.63082 0.41880 0.04377 0.66188 -0.94412 -0.60659 1.31373 0.65484 0.02043 -0.51541 1.14320 1.01930 -0.60912 -0.20984 0.19713 -0.87312 -0.61743 1.39693 -0.70570 1
-0.34490 -1.66386 -0.45575 -0.84845 0.14909 -0.84672 1.36011 1.64279 -0.43444 2.61688 0.79366 0.17343 1.49714 0.03723 0.27644 0.43921 -0.71803 -0.19668 -1.03133 0.45291 0.21772 0.64034 0.13776 -0.06739 -1.25516 1.22812 0.51455 1.72656 0.56251 -1.22821 -1.49833 -0.00206 2
-1.53321 -0.88200 3.59958 -0.91861 1.41887 -0.39967 1.31859 -1.51983 0.44522 1.56684 0.23212 -0.04055 0.26314 -0.05372 -0.64241 0.20706 0.34365 -0.55122 1.31875 -1.31489 -1.22054 -0.59947 0.68112 1.14957 0.02712 0.00329 -0.97312 1.24567 0.49176 -0.00664 -0.24064 0.70158 2
-0.93510 -0.22299 1.41712 -0.11054 0.00180 1.68517 1.68511 0.26452 -0.51312 -0.97289 0.54688 -0.64274 -0.13935 -1.30348 2.43211 2.71761 -0.39091 -0.26694 -0.68431 -1.33578 1.00908 0.64034 0.19715 -0.19555 -1.31617 0.61570 1.56988 -1.58435 -0.97367 -0.61743 1.56448 -0.70570 2
0.34561 1.17504 -0.49671 -0.39339 -1.06526 2.65380 -1.66933 1.45083 -0.50951 0.61493 -0.17092 -0.98959 -0.39247 -0.05506 -0.65866 1.63324 0.16726 -0.83390 0.03229 1.26803 -0.85530 1.88014 1.58423 -1.62608 -0.00548 -0.60912 -1.20183 -0.32360 0.15765 -0.61743 0.73675 0.70158 2
-0.83132 0.70505 -0.52335 -0.44515 -0.57888 -0.36725 0.88918 -1.10090 0.69109 0.42395 1.19152 -0.85294 0.93347 -0.12740 -0.45473 -0.43181 -1.53889 -0.37717 1.26254 -0.56176 0.77522 -1.21938 0.44840 -0.89131 0.31299 -0.60912 0.98809 -1.71665 -1.30870 -1.22821 1.29977 0.70158 2
-0.39620 0.46919 -0.22185 0.34805 1.45808 -0.21603 1.22444 -0.74163 1.47568 -0.40073 -1.55500 -0.40110 1.55243 -1.29242 -0.67808 -0.49084 -1.05841 -0.93314 0.46857 -1.63694 -0.53455 1.26024 -1.04667 -0.21847 -1.73650 1.22812 1.68362 0.78522 0.89345 -1.22821 -0.23246 1.40521 2
-1.39805 0.60498 -0.92311 -0.88178 1.37694 -0.49788 1.41978 -0.33531 -0.55936 2.30499 0.57803 -0.53906 1.59626 1.25125 0.29364 0.21018 -1.59064 -0.96532 -0.62285 -0.29447 1.62348 1.26024 0.13487 1.10518 -1.26695 1.22812 0.80391 1.40652 -1.32537 1.21494 -0.70516 -0.00206 2
0.46552 -1.48774 -0.78046 -0.06056 1.39036 -0.79833 0.34505 -0.43109 -0.20123 -0.95652 -1.29591 -0.91551 -0.39923 -1.53742 -0.35363 -0.96003 -0.54419 -0.70955 1.27011 0.11073 0.60557 1.26024 -0.56024 0.59743 -1.20483 1.84053 -0.28600 0.43297 -0.26777 -0.00664 -0.22871 1.40521 2
-0.59027 1.14544 -0.90474 -0.50147 0.52402 0.28942 1.65227 1.26822 -0.27898 1.02686 -1.53788 -0.87159 -0.79719 -0.54461 1.91840 -0.91636 -0.42009 -0.72250 -1.16446 0.27103 1.60084 1.88014 -1.13587 0.44767 1.20810 1.22812 0.86430 0.81190 1.65972 -0.00664 -1.01304 1.40521 3
1.23335 -0.10375 -0.15402 -0.63090 0.39934 -0.80835 1.35863 1.54705 -0.87825 -0.83767 -1.23512 -0.70063 0.04952 0.33966 -0.40625 1.54211 -0.45573 1.11844 -0.88604 1.52929 0.96037 2.50005 1.65802 -1.23156 0.37935 -0.60912 1.65795 0.01133 -0.17186 0.60415 -0.28224 1.40521 3
0.10818 -0.92710 -0.38972 0.33687 -0.02703 -0.05022 0.53263 -0.39321 -0.21895 -0.39419 0.79085 -0.73982 1.44373 1.60200 -0.12506 -0.66031 1.71987 -0.55339 0.59730 0.05832 -1.33957 -1.21938 -0.67466 -0.34974 -0.07784 0.00329 0.19295 0.74988 0.77538 0.60415 1.13040 1.40521 3
0.73454 0.65645 1.07216 -0.50465 0.09917 -0.99740 -0.61368 -1.39616 -0.60087 1.62110 -0.41513 1.07986 -0.29451 0.28057 1.07190 -0.44660 -1.35291 -0.67971 0.68537 -0.81484 1.57411 2.50005 0.21381 1.24098 -0.54499 0.61570 -0.32774 1.30037 -1.70688 2.43652 0.30881 1.40521 3
-1.15882 1.18946 -0.76945 0.04292 -0.24235 -0.27451 -0.66053 0.80169 -0.55775 -0.07442 0.39304 -0.14973 1.10593 0.96652 0.51548 -0.77381 -1.07235 -0.91161 0.52070 0.27294 -0.33844 0.02043 -1.52941 0.94165 -0.25790 0.00329 -1.47038 -0.58494 0.43690 0.60415 -1.34025 0.70158 3
-1.68597 1.50672 1.81921 1.45737 -0.26735 -0.83386 -0.76759 0.17288 -0.80077 0.02679 0.00654 -0.13982 0.58973 -1.20387 -0.32154 -0.22275 1.41709 -0.42665 0.45680 1.13809 1.17284 0.02043 0.80315 -0.52376 1.46912 2.45294 -1.62273 -0.28051 -1.45992 -0.00664 -0.47212 1.40521 3
1.69736 0.47385 -0.94751 0.58563 -0.22311 -0.78044 0.82323 -0.16640 -0.74914 0.24860 1.67980 -0.82153 1.09872 -0.54833 -0.85593 0.14563 -0.86698 -0.60340 1.05975 0.20983 -0.29208 -0.59947 -0.98902 -1.43216 -0.19139 0.61570 0.25557 -0.02408 -0.50441 -0.00664 1.28629 -0.00206 3
1.04995 0.97307 0.04200 -0.18117 -0.36480 -0.44315 -1.38047 -0.91413 -0.78235 -0.34111 0.01799 -0.71294 0.89594 1.06608 0.82346 -0.12191 1.73216 -0.38198 -0.95176 -0.81473 1.05414 0.02043 -0.83636 -0.38516 0.75318 -1.22154 1.40419 -0.32375 0.60806 -1.22821 -1.09346 -1.40934 3
1.70409 0.02271 0.22559 -0.74790 -0.18600 0.33308 -1.03775 -1.14881 -0.71556 0.14226 -0.23799 -0.36934 -1.51539 1.16180 0.60738 -0.93215 0.53282 -0.91551 -1.23215 1.58331 1.33070 -0.59947 1.70877 1.51755 -1.73656 -0.60912 -0.75643 0.98404 0.54222 -0.00664 0.67239 -1.40934 4
-0.27080 0.46242 -0.52371 -0.43171 -1.29255 0.01588 0.43723 0.17590 1.27502 0.10990 0.57912 -0.46203 -1.03788 0.24801 -0.92541 -0.05868 -1.41598 -0.25824 0.09865 -0.76477 0.59975 -0.59947 -0.87552 0.08788 0.02566 -0.60912 0.61991 1.59780 0.14082 0.60415 -0.09813 -0.70570 4
0.92007 0.84192 -0.24034 1.32215 1.73309 0.61243 -0.15823 0.89293 -0.59819 -0.79925 1.36856 -0.42298 0.38685 -1.15505 -0.48903 0.92452 0.68293 -0.22918 -0.64627 -0.36870 -0.65657 0.64034 -0.42477 0.62521 -0.17740 -0.60912 -1.20363 0.64353 -0.46721 -0.00664 -0.70973 -0.00206 4
0.58063 -1.09443 -0.46931 0.10175 1.14879 -0.28990 1.72359 -0.88531 0.50996 -0.37099 0.39334 -0.70086 -0.67475 1.05461 -0.74529 -0.79628 -0.72386 -0.05471 0.82754 -0.47186 -0.84008 1.88014 -0.11787 0.52758 1.20593 0.61570 0.27152 0.22888 0.73250 -1.22821 0.41172 0.70158 4
1.18719 -0.43251 1.21678 -0.40986 0.06419 -0.80199 0.89049 -0.81280 -0.47375 -0.97274 0.91144 -0.46362 0.75984 1.01185 -0.76922 -0.74205 1.53405 -0.65805 -1.19176 -0.16269 -0.07182 -0.59947 -1.66936 -0.66328 -1.31423 0.61570 -1.17924 0.19418 -1.34594 -1.22821 0.46765 0.70158 4
0.70881 1.45623 -0.87160 -0.54440 -0.48680 1.72091 1.01610 0.43778 -0.21786 -0.69842 -0.71792 -0.52893 0.10789 1.02973 -0.63696 0.43515 -1.01973 -0.43774 0.49062 1.36617 1.67639 0.02043 -0.33744 -1.66219 -0.07998 0.00329 -1.56420 -0.08722 0.79004 -0.61743 -0.47718 -0.00206 4
1.68382 0.90734 -0.77491 0.26874 1.31115 0.28994 -0.79419 1.72783 0.09318 -0.76633 1.70048 -0.73524 1.60706 -1.49441 1.14753 0.68831 0.33077 0.00627 1.89351 -1.29154 0.00542 -0.59947 0.90628 1.10731 -1.41928 0.61570 0.95886 1.68304 1.51947 1.82573 -1.59741 0.70158 4
0.92338 0.42707 -0.74514 -0.92942 0.72892 -0.05884 0.21988 -0.48374 -0.68874 -0.96266 -0.12003 -0.73994 -0.36555 0.07617 -0.53156 -0.77553 -0.62916 -0.84130 -1.91361 -1.06140 0.18438 -1.21938 1.53550 -0.70704 1.33828 -0.60912 -1.53016 -1.04238 0.93431 -1.22821 1.55840 -0.00206 4
0.99372 -0.99448 -0.78204 -0.76376 -0.34116 0.46345 0.79886 1.51590 -0.64243 -0.75212 -0.61794 -0.75573 1.34536 0.09540 1.17984 -0.77928 0.43067 -0.87063 -1.55459 1.20488 0.48820 -0.59947 -0.30791 -1.21988 -0.96601 -0.60912 1.58496 1.03967 0.33223 -1.22821 -1.53686 -1.40934 5
-0.50404 -1.16150 -0.11399 -0.85479 -1.06316 0.10731 0.04713 0.41907 1.90012 -0.50388 -0.38962 0.30228 -1.40125 -0.93901 -0.44246 -0.40977 -1.66669 0.29546 -1.20623 -1.55294 -1.47601 -0.59947 1.66140 -0.81870 0.88472 2.45294 -1.15425 1.00699 -0.88942 -0.00664 -0.45042 1.40521 5
-0.38120 -1.22352 0.56280 3.47170 -0.72688 -0.98948 -0.06231 -0.52887 -0.64968 0.48593 -0.80566 -0.05994 -0.85302 0.64896 -0.87034 1.25748 -0.46815 -0.36476 -0.68126 0.39167 0.04759 -0.59947 0.25638 0.58042 -0.09871 0.00329 1.64092 1.59977 -1.61388 -0.61743 1.22547 -0.70570 5
-0.58244 -0.25749 0.43168 0.53912 -0.59542 -0.74696 -1.60236 1.27479 -0.10303 -0.63326 0.55271 -0.74391 -0.14358 -1.37452 -0.98459 -0.83119 -0.73343 1.18878 0.81238 -1.51624 -0.97794 0.02043 -0.48934 -1.62504 -0.75528 0.00329 -0.52993 -0.58386 0.78376 -0.61743 -0.81836 -1.40934 5
-0.46881 0.31430 -0.11809 0.02908 1.00928 -0.32110 0.04274 1.66843 -0.84091 -0.61458 -0.26498 0.08877 0.87405 0.62189 -0.19392 -0.98971 0.33801 -0.83854 0.25984 -0.35526 0.41415 0.02043 -1.05437 0.92313 1.38867 0.61570 0.47668 0.80617 -0.06106 0.60415 -0.11834 0.70158 5
1.49616 0.90435 -0.04965 0.93560 1.55113 0.08231 -0.34233 -0.41310 -0.71096 -0.60309 0.95357 0.06490 -0.71625 -1.35829 -0.62070 -0.04304 0.13426 0.15673 0.96202 0.56497 1.53060 1.88014 1.67981 0.30809 0.51399 0.61570 1.62885 1.55494 -0.23146 1.21494 1.05230 1.40521 5
-1.68677 -0.49810 -0.71497 -0.36038 0.15212 0.57026 -1.33846 1.22137 0.10281 -0.40750 0.66377 0.31259 0.38942 -1.09381 -0.18373 -0.12162 -1.67348 -0.80801 0.16972 0.53306 -1.03268 -0.59947 0.52865 -1.26669 0.49390 -1.22154 0.12614 1.09902 0.90390 -1.22821 0.91901 -0.70570 5
0.14648 0.77866 -0.81313 1.43479 0.64887 -0.39920 1.36596 -1.70507 0.68969 -0.74818 0.64138 -0.63604 -1.15808 -0.20867 -0.63478 1.02799 -1.27982 -0.45375 -0.85504 -0.95160 0.72791 -0.59947 -0.21431 0.60618 -0.36704 -0.60912 0.97577 0.38016 0.23624 -0.61743 -1.19127 -1.40934 5
0.14255 -0.64236 0.04902 0.90479 -1.06446 0.53934 -0.82114 -0.14273 -0.60178 -0.82927 -0.05133 -0.43427 -1.54151 -0.14018 -0.78827 -0.00146 0.99237 -0.39388 -0.79380 1.16152 0.00282 1.26024 0.09251 -1.01345 -1.38353 -1.22154 -0.46917 0.86654 1.60333 -0.00664 1.14304 0.70158 6
1.02561 1.25412 0.30230 2.29210 -0.02543 -0.56851 1.18536 -0.69462 -0.63461 1.44866 -1.69788 0.76746 0.59728 -0.10073 2.29033 -0.82389 0.65260 -0.37042 0.13703 0.89726 0.77296 -1.21938 1.71653 -1.06219 -1.54960 0.61570 1.38150 0.97526 -1.71551 -0.00664 -1.34867 -0.70570 6
-1.01160 -1.50756 -0.85857 0.95220 1.05220 -0.97035 1.36111 -0.57770 0.32287 -0.16603 1.26383 0.64263 0.29320 -0.85332 0.00348 -0.27800 0.10640 -0.85027 -0.48436 -1.28969 -1.72637 -1.21938 -1.53714 1.22117 1.13066 0.61570 -0.96428 0.48818 1.29947 -0.00664 -0.19678 -0.70570 6
-0.99514 0.89920 -0.45648 -0.45760 -0.93215 -0.45869 -1.65897 1.71386 -0.97359 3.20651 -1.16869 0.33745 1.13091 -0.19804 0.27733 -0.25451 -1.38173 -0.23148 1.10982 1.18675 -1.03775 -0.59947 -1.00708 -0.70793 -0.97930 -1.22154 0.31379 1.06955 0.01649 -0.61743 -0.85680 -0.00206 6
0.67419 -1.31641 2.48052 0.13869 0.85276 -0.43986 -0.52892 -1.24330 -0.17566 -0.65510 -1.43276 1.13367 -1.59393 1.66567 -0.69136 1.00652 0.15502 1.51153 -1.22129 0.50803 -0.54401 0.02043 -0.45068 0.29246 -1.15279 -0.60912 1.30425 1.10544 -0.64382 2.43652 -0.22657 1.40521 6
1.06916 0.21013 0.49958 -0.46390 1.20222 -0.78847 1.06923 0.52456 -0.86510 0.07002 1.42730 -0.32670 -1.01298 -0.15556 0.53876 -0.63805 -1.02590 -0.20256 0.70891 0.47543 -1.28865 1.26024 -0.58053 -1.67458 0.98908 0.00329 -0.06820 0.94946 -0.28482 -0.00664 1.22679 -0.00206 6
1.10986 0.25280 -0.86436 -0.34292 -0.91381 -0.63307 0.58050 -0.33356 -0.59405 -0.67999 0.19072 -0.16567 1.64316 1.10200 0.73615 -0.88214 0.67107 -0.70551 -0.83257 -0.87848 0.37789 0.02043 1.22149 0.76777 0.03450 0.00329 -1.47987 0.93192 0.17636 -0.00664 0.69240 -1.40934 6
1.50248 -0.60910 -0.65846 0.42139 -0.82780 -0.02372 -1.14297 0.55673 -0.49369 1.27039 -1.54580 -0.56792 -1.42525 -1.27453 -0.97570 0.28155 -1.60365 0.81338 0.35878 -0.34437 -0.93139 -0.59947 1.55130 1.07019 0.69162 -1.22154 0.47088 0.13049 0.59906 1.82573 -0.49088 0.70158 7
0.76828 -1.57873 -0.61924 -0.16843 0.28381 0.28062 -0.31892 1.40060 1.67430 -0.27534 -0.36679 -0.27594 1.48862 1.22580 -0.79511 -0.88153 1.28805 0.58442 -0.29459 -0.10945 1.20384 0.64034 1.55063 0.50434 0.72600 1.84053 -0.26563 1.24801 -1.60665 -0.00664 -0.43801 0.70158 7
1.03141 0.02232 -0.89373 -0.78632 -1.48211 0.48367 0.85525 -1.36563 2.55026 0.64819 0.85633 -0.39831 -0.27797 1.11518 -0.34335 0.25300 -0.66296 -0.96595 -1.20785 0.41116 0.81576 0.02043 1.23386 -0.18692 -1.60710 -1.22154 1.34498 0.46761 -1.14808 1.21494 0.06795 -0.00206 7
0.71174 1.04003 0.08884 -0.50969 -0.61338 0.80557 1.29190 1.30602 -0.49159 0.70175 -0.85556 -0.28706 -1.46777 0.90206 -0.52259 -0.10977 0.58202 0.61665 -1.37020 -1.44681 -0.84070 -1.21938 1.72289 -0.23103 1.33592 1.22812 -1.23451 0.93616 0.59976 0.60415 -0.03013 1.40521 7
0.99873 1.37594 -0.53795 -0.00406 0.68615 -0.21647 -1.13890 -0.61074 0.46283 0.36664 -0.91879 -0.30304 0.01339 0.71832 0.76613 1.00727 -0.11375 -0.60991 -1.00188 0.90861 -1.71978 -1.21938 0.50811 0.20405 0.57584 -0.60912 -0.41261 0.98970 -1.54586 -0.00664 -1.14786 -1.40934 7
0.59765 0.93659 -0.95197 -0.77962 -0.17399 -0.60390 1.68739 -0.01167 0.10067 0.62427 -1.23397 0.76210 -0.27099 0.75088 -0.76345 -0.50720 0.06268 -0.42564 1.09427 1.22052 0.32185 1.26024 0.59426 0.91552 -1.29123 -1.22154 0.97184 -0.92867 -1.57430 -1.22821 1.53015 0.70158 7
0.25669 -0.30238 0.30424 -0.74741 -0.81440 -0.71940 -1.09385 0.66294 1.37036 -0.10747 -1.33544 1.00316 -0.31858 -0.27827 -0.38357 -0.73856 -0.57736 0.49013 1.38931 -1.71295 1.22844 1.88014 1.66969 -0.84653 -0.41882 2.45294 -0.27125 0.87693 -1.33365 -1.22821 1.33307 1.40521 7
0.91942 -0.01857 0.90661 0.18201 -0.55761 3.94056 -0.91769 -0.43322 2.23816 0.17845 -0.97392 -0.93308 -1.61134 1.16870 0.28324 -0.63952 0.91797 0.25191 1.55367 1.62632 0.95739 1.26024 -0.01522 -0.72391 -0.49305 0.00329 -1.44979 0.98504 -0.58839 -0.61743 -1.41527 0.70158 8
1.70174 -1.13239 -0.77671 -0.81177 0.62232 0.70737 0.47312 0.19329 1.84805 0.18092 0.54323 -0.34478 1.70799 -1.47460 -0.78772 0.27994 1.63631 1.52337 0.91070 0.63664 1.31441 0.64034 0.50583 0.70423 -0.46910 0.00329 0.55723 -0.26034 -0.50475 -0.61743 1.05715 -0.70570 8
-0.94020 0.58883 0.23066 -0.12290 0.56762 -0.34293 -0.37137 -1.44332 0.39970 0.34778 -1.06718 -0.10526 0.73123 -0.34634 -0.63644 -0.09956 0.51779 1.09529 0.20188 -1.55708 -0.97258 0.64034 -0.53844 -0.02161 -0.40900 1.22812 -0.93486 0.81228 -1.40927 -1.22821 -0.02398 -0.00206 8
0.77371 -0.87278 -0.81735 -0.57850 -1.62395 0.02005 -0.83945 -0.09784 -0.64812 1.79762 -1.65578 -0.92948 1.40142 1.32174 0.49257 1.62797 1.31215 -0.79612 -0.40381 1.45800 0.95527 0.02043 -1.52452 -1.55134 0.21418 -0.60912 -0.06308 1.64270 1.49146 -1.22821 0.84874 -0.00206 8
0.50761 -0.99476 -0.46140 -0.67654 -0.86420 0.24790 -1.68250 -0.26409 -0.50668 0.69588 -0.98965 -0.40673 -0.35222 -0.29357 0.23103 0.65636 1.21115 -0.16081 -1.17547 -0.41280 -0.62882 -0.59947 1.09416 0.81274 -1.33115 -0.60912 -0.97350 -0.75356 -1.01125 1.21494 0.00287 1.40521 8
0.28284 -0.52330 -0.89280 -0.76553 1.63209 0.51188 -0.57742 0.68582 -0.97342 -0.28032 -0.96374 -0.47036 0.19545 -1.65696 0.73192 -0.61745 -0.95258 -0.13169 0.29727 -1.04417 0.42893 -0.59947 -0.82926 -0.59976 0.47427 0.61570 0.64726 1.24386 0.99213 0.60415 -0.35054 0.70158 8
0.18924 0.22125 0.62212 -0.33233 -0.90719 -0.01541 -0.84416 -0.80364 1.81963 -0.91429 -1.27669 2.30547 0.12540 -0.18659 -0.96428 -0.11117 0.32347 0.08158 0.04326 1.51337 0.08932 0.02043 1.02083 1.39471 1.51103 -1.22154 -0.59831 -1.65627 0.87692 0.60415 1.46411 -0.00206 8
-1.16318 0.73571 -0.20595 -0.09882 -0.57354 -0.59809 1.22980 -1.49332 -0.00206 -0.13568 -0.22938 -0.60753 1.34882 -0.29993 -0.53204 0.36778 0.67950 2.66069 -0.42129 -0.22199 -1.71850 -1.21938 0.58685 1.34714 0.22296 0.00329 0.76030 0.50314 -0.00801 0.60415 1.27256 -0.70570 9
-1.53227 -0.39949 2.89653 2.97301 0.43069 2.81305 0.90586 1.17575 -0.86895 -0.32527 1.10571 -0.12242 -1.24973 -1.50157 0.13715 -0.45279 -1.20549 -0.64220 0.93210 -0.14814 -0.14972 0.64034 -0.18507 -1.20798 1.66998 -0.60912 -1.17964 -0.85329 0.54290 -0.61743 0.13221 -0.00206 9
0.09668 1.41979 0.82160 -0.21237 -0.07251 -0.62156 1.03901 -0.90855 0.31004 -0.68425 -0.06764 0.03409 1.17444 1.52683 -1.00394 -0.33758 1.59030 1.81266 0.76345 -0.64551 0.82257 0.64034 -0.29297 -0.18153 -0.70358 -0.60912 -0.52721 -1.58555 -0.11119 0.60415 -0.42156 0.70158 9
0.99335 1.54409 0.02714 -0.90364 0.32503 1.72527 0.08944 0.29784 -0.33991 -0.05171 -0.96998 -0.86844 1.43787 -1.43464 -0.66282 -0.72557 -1.27057 -0.00017 0.82509 -0.51260 -0.62664 0.02043 -1.18920 -0.61386 0.69322 0.61570 -0.62727 -1.29748 -1.26335 -1.22821 -0.32592 0.70158 9
0.50253 1.71366 1.47161 0.52425 1.20375 0.87428 -1.24647 1.29560 1.04810 -0.39247 -1.51573 -0.85186 0.00039 -0.64473 -0.83348 -0.90665 -1.59077 2.16425 0.11149 1.51832 -0.54624 -0.59947 1.02572 -0.23880 -1.09643 0.00329 -0.33989 1.08998 0.10615 -0.61743 -0.28042 -0.70570 9
0.31874 -1.68113 0.12337 0.07907 0.48673 0.99953 1.04060 0.83814 0.57385 0.17793 0.19214 1.09577 0.17975 -1.36900 2.32941 0.22495 -1.71277 -0.36405 0.59206 -0.13460 -0.78153 0.02043 -0.35925 0.21900 1.39386 -0.60912 0.35829 1.31128 0.90302 -1.22821 0.64103 -0.70570 9
0.22604 1.52739 -0.96633 0.01230 0.42574 -0.48800 0.32770 -1.64966 4.43415 0.04330 -0.90292 3.11220 -0.72134 -0.67293 -1.00353 -0.80707 -1.24921 -0.78309 -2.13227 -0.74566 0.48361 -0.59947 1.72591 -1.00156 -0.56627 -0.60912 1.12196 1.11467 -0.01019 -1.22821 0.15256 -1.40934 9
0.44364 -1.01106 -0.94043 -1.00318 0.06880 1.14053 0.00131 0.34481 0.40063 1.04818 -0.25458 -0.18836 -1.15549 -0.60737 0.02169 0.38428 -1.00497 1.94503 -0.67300 -1.42353 0.14853 -0.59947 -0.27392 0.42173 0.23470 1.22812 0.44732 1.50518 -0.74972 0.60415 -1.37814 -0.00206 10
1.22374 1.19325 -0.94916 -0.89749 1.58431 -0.74259 0.07935 -0.06802 -0.93388 1.66925 0.82983 3.75227 -1.31128 1.37184 -0.71759 0.15653 -0.19562 0.65855 0.93231 -0.08504 -1.26097 0.64034 -1.44993 -1.38836 0.98928 0.61570 -1.42920 0.94245 -1.41041 -0.61743 -0.85919 -0.70570 10
0.83311 -0.16652 0.39832 -0.76172 1.38325 -0.83511 -1.28196 1.58748 1.03854 -0.57802 -0.82119 5.27124 1.39096 -0.82607 -0.84717 -0.71928 -0.97643 -0.28093 1.24750 0.00309 -0.52661 0.02043 -0.45530 0.64278 -1.24453 -1.22154 -0.46641 -1.61547 0.72979 -0.00664 -1.18425 0.70158 10
-0.54055 -0.38438 -0.69108 -0.52602 -1.52520 -0.99395 -0.39233 -0.92972 -0.19136 -0.21649 0.59061 1.27513 1.26270 -1.27471 -0.78214 -0.29326 0.42795 -0.65504 -0.08010 -1.16551 -1.50106 0.02043 -1.58787 -1.61851 0.73483 0.00329 -0.97712 1.44385 1.68120 -0.61743 0.32454 -0.70570 10
1.44932 0.16869 1.22957 -0.87555 1.48425 0.76584 -0.38636 -1.39630 -0.56366 -0.43544 -0.45637 0.52154 -1.24788 -0.37044 -0.95012 -0.84670 0.56661 0.80776 0.52787 -0.74106 -0.41976 0.02043 0.81892 0.09707 0.98118 2.45294 0.21124 0.69435 -1.26329 1.21494 -1.39844 1.40521 10
-0.39691 0.71689 0.53459 -0.41414 -0.41806 0.66104 0.83248 -0.75146 0.37118 -0.47503 -0.50132 3.35508 -1.22912 -0.33104 0.10491 -0.72349 0.24249 0.07723 -0.33587 -0.38818 1.67252 1.26024 0.11448 0.30824 -0.98695 0.61570 -0.83255 0.66066 1.17174 0.60415 0.88164 -0.00206 10
-1.39536 -1.03788 -0.23438 -0.80688 -1.35299 -0.78092 0.32354 0.64956 0.95230 0.11193 0.23108 6.65903 -1.34371 1.52300 -0.93127 -0.58989 0.56725 -0.49173 -0.54833 -0.19963 1.69927 -1.21938 -0.65755 -0.81682 -1.50265 1.22812 -1.32095 0.01289 -1.41733 1.21494 0.37496 -0.00206 10
