-0.11051 -0.54174 -0.42394 1.48710 1.53374 -0.31450 -0.35527 -1.07504 -0.70370 -0.68951 0.48472 -0.41082 0.32971 0.08623 0.34514 0.19276 1
-0.11678 -1.06728 -0.42394 -0.00133 1.71490 0.24686 -0.35527 -0.74449 -0.70370 -1.12498 0.43744 -0.41082 0.32971 0.06517 -1.19221 -1.48234 1
-0.11712 -0.44585 -0.42394 0.21067 0.32568 -0.40182 -0.35527 -0.83967 -0.70370 0.48555 0.62255 -0.41082 0.32971 -0.52015 -1.19221 -1.48234 1
-0.11006 -0.70734 -0.08020 -0.28059 0.25092 0.74859 -0.35527 0.72603 -0.70370 0.08912 0.10474 -0.15406 0.32971 -0.19189 0.54945 0.02525 1
-0.11520 -0.58541 -0.42394 0.33568 -0.35005 0.44413 -0.35527 -0.00093 -0.70370 -0.28989 -0.49457 -0.41082 0.32971 -0.71412 1.14528 -1.48234 1
-0.11379 -1.19861 -0.42394 1.02044 1.40441 -0.53828 0.91901 -0.32152 1.09505 -0.50441 0.42022 -0.41082 0.32971 -1.17693 1.72965 1.53284 1
-0.11444 -0.49034 -0.39940 0.35660 1.53114 -0.59621 0.73659 0.04434 5.17822 0.56608 -0.10788 -0.33929 0.32971 -0.59529 0.28820 1.53284 1
-0.11045 -0.35693 -0.42394 2.78976 2.86046 -1.95099 1.43416 -1.84010 -0.70370 -0.69137 0.06093 -0.41082 0.32971 -0.22031 -0.81583 0.19276 1
-0.10884 -1.28566 1.68103 1.01659 1.06788 -0.15437 -0.35527 -0.69005 -0.00096 -0.51887 0.74040 1.53753 0.32971 0.84786 0.11403 -1.48234 1
-0.11560 0.71707 -0.42394 1.16617 2.08242 -0.46118 -0.35527 -1.12478 -0.70370 -0.74496 -0.26483 -0.41082 0.32971 -0.12189 -1.19221 -1.48234 1
-0.11722 0.01448 -0.42394 -0.89417 -0.96798 1.58500 -0.35527 2.43445 -0.70370 -1.12498 0.38696 -0.41082 0.32971 0.21150 -1.19221 1.53284 1
-0.11173 -0.80708 -0.40919 1.42300 1.76009 -0.36813 -0.35527 -1.12348 0.28154 -0.61511 0.79118 -0.37487 0.32971 -0.01007 -0.92140 1.53284 1
-0.11450 -0.62400 -0.42394 1.56067 0.19985 -0.01827 -0.35527 -0.44361 -0.70370 -1.12498 0.26776 -0.41082 0.32971 0.21150 -0.91463 1.53284 1
-0.10363 -1.20168 -0.40370 0.24110 0.40840 0.33635 -0.35527 -0.13082 -0.70370 -1.04106 0.47099 -0.39307 0.28006 -0.28602 -0.42116 0.95852 1
-0.11689 0.98707 -0.42394 1.38364 0.85158 0.14234 -0.35527 -0.16047 -0.70370 -0.40538 1.57089 -0.41082 0.32971 0.47940 2.50881 1.53284 1
-0.11705 -0.08487 -0.42394 0.49939 -0.76044 0.46164 -0.35527 0.23734 -0.70370 -0.23495 0.42510 -0.41082 0.32971 -2.11026 -1.19221 0.92980 1
-0.11596 0.00175 -0.42394 1.47217 1.06339 -0.86493 -0.35527 -1.55715 -0.70370 -0.28989 -0.09938 -0.41082 0.32971 -0.78354 -1.19221 1.53284 1
-0.11669 -1.24462 -0.42394 0.40791 0.19078 0.32690 -0.35527 -0.18485 -0.70370 -1.12498 0.39666 -0.41082 0.32971 0.75962 0.19567 -1.48234 1
-0.11657 -1.85780 -0.42394 1.88270 1.14892 -0.35239 -0.35527 -1.21425 -0.70370 -1.12498 2.13880 -0.41082 0.32971 1.58108 -0.39913 1.53284 1
-0.11186 -0.22892 -0.42394 1.09832 1.44523 -0.47120 -0.35527 -1.07354 2.29728 -0.08964 0.09959 -0.41082 0.32971 0.20035 -0.97015 1.53284 1
-0.11312 -0.98244 -0.38682 0.71324 0.28608 -0.02940 -0.35527 -0.40428 2.07735 0.31422 1.16280 -0.41082 0.32971 -0.04537 0.79048 1.53284 2
-0.10447 -0.44297 -0.41680 2.57502 2.00675 -1.16689 0.67361 -1.29709 -0.70370 -0.62761 -0.08690 -0.41082 0.32971 -0.20493 -0.80934 1.19782 2
-0.11456 0.91457 -0.39865 -0.37673 -0.35238 0.19302 -0.35527 -0.16047 1.38209 0.31422 1.24059 -0.33473 0.32971 0.67291 -1.19221 1.53284 2
-0.11666 1.06134 2.94249 -0.63381 -0.08593 0.45335 -0.35527 -0.02114 -0.70370 0.48555 0.13664 2.99513 0.32971 -1.18778 3.56624 1.53284 2
-0.10565 -1.01504 -0.40833 2.39855 2.95557 -1.12017 0.78856 -1.00681 -0.19044 -0.77083 1.31208 -0.41082 0.27733 0.06977 -0.46174 0.71052 2
-0.10108 -2.06345 4.38711 0.58915 1.22114 -0.12845 -0.35527 -1.05945 -0.70370 -0.76746 0.40896 4.41296 0.26625 0.28715 0.75998 1.53284 2
-0.11368 -0.62106 -0.40324 0.60402 0.52261 0.37977 -0.35527 -0.09670 -0.70370 -1.12498 0.82138 -0.41082 0.25275 0.02723 0.16182 1.53284 2
-0.11517 0.13143 -0.42394 -0.24554 0.17713 0.28693 -0.35527 0.22348 1.54992 0.81877 0.01622 -0.41082 0.21471 0.84609 0.65830 -1.48234 2
-0.09498 -0.29360 -0.40687 2.13514 2.68671 -1.53972 0.58330 -1.94709 -0.42909 -0.65129 0.10616 -0.39078 0.21761 0.28493 -1.06235 1.53284 2
-0.11663 -0.68952 -0.42394 -0.45881 -0.84691 0.07636 -0.35527 0.32150 3.85592 2.02118 0.11255 -0.41082 0.32971 -0.14387 -1.19221 1.53284 2
-0.09937 0.07101 -0.42394 0.07866 0.07801 0.61874 -0.35527 0.38812 -0.70370 -0.77267 -0.16898 -0.41082 0.26718 0.30555 0.09244 0.71052 2
-0.11654 -0.87060 -0.42394 -1.09547 -0.67396 1.39759 -0.35527 1.97971 -0.70370 -1.12498 -0.45340 -0.41082 0.10738 -1.80968 -1.19221 -1.48234 2
-0.10782 -1.08873 0.44889 0.51556 1.06750 0.10947 -0.35527 -0.56683 -0.02292 -0.89011 -0.07291 0.40874 0.29497 0.32774 -0.15937 1.53284 2
-0.11247 -0.15049 -0.42394 0.75937 1.06339 0.30111 -0.35527 -0.01162 -0.70370 -0.92834 -0.23998 -0.41082 0.27154 0.14534 -0.22673 0.86280 2
-0.02843 -0.99311 -0.34357 0.99261 1.13962 -0.88835 0.21732 -1.16522 -0.01089 0.12323 -0.12649 -0.34342 0.26686 0.50426 -0.25683 0.92106 2
-0.11558 -0.65122 -0.42394 -1.59087 -0.96798 0.64802 -0.35527 0.65551 -0.70370 -0.67403 -0.03195 -0.41082 0.32971 0.38919 -0.02347 1.53284 2
-0.09738 -0.83991 -0.42394 1.68971 2.03957 -1.27663 0.44088 -1.55556 1.50281 -0.30935 -0.22553 -0.41082 0.32971 0.77039 -0.70476 0.62829 2
-0.09878 -0.07110 -0.42394 -0.03244 0.04479 0.38569 -0.35527 0.00191 -0.30920 -0.37642 -0.42235 -0.41082 0.26932 -0.07373 0.01174 0.02525 2
-0.10910 1.21103 -0.41329 0.58054 0.40146 -0.75614 0.89932 -0.51786 0.13418 -0.25777 -0.40404 -0.41082 0.32971 -0.25431 0.04146 1.53284 2
-0.08425 -0.93751 -0.21569 0.40025 0.63686 -0.32637 0.13603 -0.59238 0.38918 -0.25777 0.47554 -0.21945 0.31855 0.12540 0.12566 0.72106 2
-0.11531 0.03987 -0.42394 0.82209 -0.54032 0.33804 -0.35527 0.25170 -0.70370 0.08292 -0.41407 -0.41082 0.32971 -1.52982 1.98009 1.53284 3
-0.09280 -1.23886 -0.42394 1.76624 1.79482 -1.04207 0.67743 -1.08889 -0.70370 -0.62155 -0.22658 -0.41082 0.30263 -0.58798 -0.35788 0.24062 3
-0.11708 0.55536 -0.42394 -0.87185 0.79611 -0.35440 -0.35527 -1.44832 -0.70370 -0.25777 1.17789 -0.41082 0.32971 1.67480 -1.19221 -1.48234 3
-0.11537 1.38092 -0.42394 0.22269 0.88520 -0.11290 -0.35527 -0.86726 -0.70370 -0.74496 0.68879 -0.41082 0.32971 1.62647 -0.70947 0.02525 3
-0.11368 -2.28764 -0.27900 2.97317 2.98954 -2.49136 3.81746 -0.13028 -0.70370 -0.15866 1.65389 -0.41082 0.32971 1.02378 -0.39913 1.53284 3
-0.11467 0.73990 -0.42394 0.54614 0.37609 0.49236 -0.35527 0.49831 1.18154 -0.47457 -0.29153 -0.41082 0.32971 -0.55900 4.35932 1.53284 3
-0.11265 -0.65744 -0.42394 0.71773 1.82305 -0.85043 -0.35527 -1.54846 0.39163 0.38658 -0.49688 -0.41082 0.32971 0.59119 -0.80263 1.53284 3
0.02757 -1.05964 -0.37713 0.34407 0.56790 -0.72390 0.00327 -1.20945 0.02390 0.30586 -0.12616 -0.37543 0.26288 -0.36914 -0.36457 0.70610 3
-0.11411 0.34049 -0.42394 0.30395 -0.35611 0.36576 -0.35527 0.22769 -0.70370 -0.58384 0.02784 -0.41082 0.24967 -0.84705 -0.55775 1.53284 3
-0.10342 0.36638 -0.42394 0.29643 0.13108 0.07997 -0.35527 -0.13722 1.21381 -0.29805 0.07560 -0.41082 0.28078 -0.34607 0.42474 1.25873 3
-0.11065 -0.04793 -0.42394 1.02228 1.58014 -0.35239 -0.35527 -1.06291 -0.70370 -0.39292 -0.12151 -0.41082 0.32971 -1.28495 -0.19791 1.53284 3
-0.11291 1.52778 -0.42394 -0.39553 -1.02881 0.14421 -0.35527 -0.74046 -0.70370 0.15613 2.90749 -0.41082 0.25391 1.30736 1.25699 -1.48234 3
-0.11103 -1.88461 -0.41056 0.74995 0.94003 -0.46485 -0.35527 -1.10483 0.21678 -0.01348 -0.12338 -0.37724 0.23577 -0.47365 0.45269 0.02525 3
-0.11623 -0.88936 -0.42394 -0.72876 -0.86879 0.79791 -0.35527 0.75274 -0.70370 -0.51005 -0.55514 -0.41082 0.32971 -0.98941 -1.19221 -1.48234 3
-0.11388 0.19771 -0.42394 -0.25575 -0.45860 0.97242 -0.35527 0.96109 -0.70370 -1.12498 -0.04565 -0.41082 0.32971 -0.15254 1.27514 0.02525 3
-0.10904 0.60547 -0.42394 -0.21048 -0.27817 0.54739 -0.35527 0.54266 0.92340 -0.14262 -0.45570 -0.41082 0.24668 -0.76612 -0.08190 -0.35165 3
-0.11113 -0.47320 -0.42394 0.50978 0.36639 -0.13733 -0.35527 -0.60356 -0.70370 0.17584 0.54259 -0.41082 0.18541 0.52991 -0.14475 0.52778 3
-0.11412 -0.46878 -0.42394 0.65366 0.70126 0.27407 -0.35527 -0.21374 -0.70370 -0.84077 -0.37965 -0.41082 0.32971 -0.99343 -1.19221 -0.47728 3
-0.02190 -0.70126 3.54270 -0.36974 0.07262 0.69602 -0.35527 0.31480 -0.23908 -0.49985 -0.51544 3.46034 0.28229 0.44857 1.10948 0.86280 3
-0.11031 0.96052 -0.42394 -0.34015 -0.07257 0.01665 -0.00333 -0.25160 1.19983 -0.63244 0.12157 -0.41082 0.28114 -0.30719 -0.10898 -0.62086 3
-0.11792 -2.88781 -0.42394 0.08490 1.38413 0.33948 -0.35527 -0.11744 -0.70370 -1.12498 6.07125 -0.41082 0.32971 1.72569 -1.19221 -1.48234 4
-0.11302 -1.25451 -0.20550 0.14819 0.72369 0.45670 -0.35527 0.33338 -0.70370 -0.90956 0.25335 -0.09192 0.32971 0.34818 -0.29196 1.53284 4
-0.10702 0.12137 1.00776 0.04257 0.70564 0.24929 -0.35527 -0.29944 -0.70370 -0.56129 -0.00693 0.94816 0.26301 -0.15020 0.12263 1.53284 4
-0.11441 -0.71332 -0.42394 -0.66624 -0.58396 1.04144 -0.35527 1.13548 -0.70370 -0.75736 0.77844 -0.41082 -5.21640 0.14604 0.82653 1.53284 4
-0.10714 -0.63515 -0.42394 0.29641 0.95621 -0.08644 -0.35527 -0.64029 -0.70370 0.06744 -0.09122 -0.41082 0.26557 0.99291 -0.48565 0.32677 4
-0.08032 -0.81510 -0.41868 0.90966 1.05168 -0.45989 0.71220 -0.23260 -0.29524 -0.49083 -0.16898 -0.40337 0.29844 -0.31518 -0.56513 -0.09072 4
-0.08735 -1.07044 5.16704 -0.20451 0.51609 -0.09775 -0.31308 -0.94929 0.03246 -0.40538 -0.03082 5.28253 0.32971 0.63398 0.17594 1.10210 4
-0.11642 1.00352 -0.42394 -1.14927 -0.84691 0.79555 -0.35527 0.60850 -0.70370 -1.12498 0.07663 -0.41082 0.32971 0.00069 -1.19221 -1.48234 4
-0.11491 -0.42909 -0.42394 -0.26896 0.49515 0.24186 -0.35527 -0.43950 -0.70370 -0.37340 -0.54657 -0.41082 0.21854 -1.41199 -0.18284 1.53284 4
-0.11274 0.30899 -0.42394 -0.01984 0.49300 0.22697 -0.35527 -0.37853 -0.70370 0.06591 -0.36471 -0.41082 0.32971 -0.56892 -0.26695 -1.48234 4
-0.10593 -0.25629 -0.41597 -0.45168 -0.24673 0.28407 -0.35527 0.03116 1.80192 -0.04443 -0.58433 -0.38797 0.23381 -0.68827 0.19567 0.52778 4
-0.10699 -0.78441 -0.42394 0.64137 1.23036 -0.70567 1.01198 -0.27605 -0.70370 -0.42281 -0.34750 -0.41082 0.32971 -0.19513 0.07270 0.77905 4
-0.11684 0.27526 -0.42394 2.06879 -0.59659 0.18873 -0.35527 -0.08935 -0.70370 -0.42037 -0.66582 -0.41082 0.32971 -0.93280 -1.19221 -1.48234 4
-0.11417 -0.09820 -0.42394 -0.52662 -1.08558 1.30622 -0.35527 1.47950 -0.70370 -1.12498 -0.03912 -0.41082 0.09150 -0.68827 2.13871 1.53284 4
-0.03474 -0.76882 3.00669 -0.28083 0.34914 0.46071 -0.06311 0.30351 -0.39346 -0.57200 -0.33851 2.88250 0.29277 0.33169 0.61418 0.67136 4
-0.11411 0.87767 -0.10626 -0.16425 -0.17023 0.58127 -0.35527 0.57554 1.12868 -0.17672 0.04886 -0.07659 -0.04430 -0.48750 0.11403 1.53284 4
-0.11077 -0.67007 -0.42394 0.24476 0.47653 0.05529 -0.35527 -0.43828 -0.70370 0.01323 0.28293 -0.41082 0.28161 -0.39498 1.64261 1.53284 4
-0.11830 2.51605 -0.42394 2.62362 -2.14403 1.08772 -0.35527 1.34307 -0.70370 -1.12498 0.30522 -0.41082 0.32971 -1.20999 9.91084 -1.48234 4
-0.11159 0.34987 -0.42394 -0.78875 -0.92742 0.72017 -0.35527 0.68969 0.58619 0.65509 -0.74279 -0.41082 0.26389 -1.13529 0.11403 -1.48234 4
-0.10383 0.02118 -0.41711 0.92579 0.56723 -0.15186 0.32478 -0.08559 -0.18909 -0.59236 -0.46212 -0.41082 0.25093 -0.58502 -0.43023 1.53284 4
-0.11220 -0.27020 -0.39224 -0.04491 -0.29976 0.76028 -0.35527 0.63808 -0.70370 -0.44402 0.83453 -0.41082 0.32971 -0.63108 1.31493 1.53284 5
-0.09456 -0.08000 0.44834 -0.46380 -0.49154 0.92641 -0.35527 1.03309 -0.70370 -0.71181 -0.16212 0.41303 0.29479 -0.83550 0.19567 0.43641 5
-0.10596 -0.37177 -0.42394 0.18180 -0.13483 0.44723 -0.35527 0.12768 -0.70370 -0.48884 0.05491 -0.41082 -0.76799 0.36999 0.48616 1.53284 5
0.03421 -0.97859 4.02302 -0.24600 0.40164 0.38460 -0.02265 0.23805 -0.06900 -0.35858 -0.53357 3.84321 0.31204 0.02798 1.08698 0.71793 5
0.37426 -0.92612 0.60072 1.14876 1.29099 -1.21299 0.41398 -1.38521 -0.02706 0.14028 0.60058 0.54890 0.24339 1.04670 -0.52022 0.10357 5
-0.07846 -0.43093 0.31646 0.49574 1.04968 0.04844 0.12424 -0.10522 -0.70370 -0.64814 0.02706 0.32388 -0.28488 0.58242 0.23690 0.95300 5
0.01356 0.25253 -0.42318 -0.25888 -0.32625 0.25880 -0.08824 0.03487 0.56205 -0.21886 -0.34372 -0.41082 -1.18166 0.69475 0.34387 0.34079 5
-0.10754 0.66354 -0.42394 0.03724 -0.33095 0.41611 -0.35527 0.18052 0.00668 -0.26719 -0.71335 -0.41082 0.32971 -0.81485 -0.63706 1.53284 5
7.55714 -0.41236 2.66099 -0.29786 0.01792 -0.60165 -0.01696 -1.15477 0.04607 0.54571 -0.01130 2.68389 -0.03070 0.03160 -0.11181 0.07717 5
-0.11038 6.09486 -0.41163 -0.62785 -0.01496 -3.64657 6.22021 0.29571 -0.70370 -1.12498 -0.27421 -0.41082 0.32971 -0.94938 -0.33813 1.53284 5
-0.01334 -0.83438 -0.42203 0.25318 0.67607 -0.49027 0.31536 -0.52778 -0.01259 -0.13550 -0.37264 -0.41082 0.30502 0.76376 -0.34797 -0.16803 5
-0.10936 -0.19651 -0.42394 0.48975 0.97233 0.16849 -0.35527 -0.16637 0.08689 -0.17035 -0.21045 -0.41082 0.28936 -0.24578 1.06952 1.53284 5
-0.10316 -0.51305 0.94966 0.20819 0.17112 0.37099 -0.35527 0.18197 -0.70370 -0.36967 -0.47128 0.92029 0.30488 -0.17121 0.04146 -1.48234 5
-0.10505 0.46714 -0.41649 -0.51317 -0.09185 0.20377 -0.35527 0.07575 0.51788 1.40371 -0.18763 -0.41082 0.26737 -0.94421 -0.49096 1.03031 5
-0.00507 -0.78972 1.33117 0.01138 0.29908 0.02392 -0.29727 -0.37905 -0.06959 -0.38118 -0.42167 1.18994 0.26499 0.56022 -0.20275 -0.44587 5
-0.10992 -0.54926 -0.42394 0.36989 0.46728 0.27895 -0.35527 -0.04161 -0.70370 -0.70221 -0.55835 -0.41082 0.32971 -0.59476 -1.19221 1.53284 5
-0.08844 -1.08201 -0.40389 0.77708 1.09415 -0.35341 -0.35527 -0.98346 -0.02839 -0.15422 -0.49231 -0.40261 0.29525 0.41051 -0.59282 -0.27627 5
-0.11203 0.00692 -0.42394 -0.64643 0.31933 0.20209 -0.35527 -0.38384 -0.70370 -0.31489 0.59231 -0.41082 0.26980 1.08586 -0.03564 0.67136 5
-0.06659 -0.75559 0.88499 -0.18838 0.67241 0.37007 -0.35527 0.05663 -0.25296 -0.19198 -0.31570 0.80593 0.27604 0.26780 0.20486 0.45599 5
-0.09386 0.16949 -0.42394 -0.15671 -0.32277 -0.16138 0.03933 -0.36482 0.55313 0.17584 -0.26598 -0.41082 0.18541 -0.02629 -0.32478 0.37316 5
-0.10911 -0.02559 -0.42394 -0.19577 -0.50048 0.33404 -0.35527 0.19713 0.11324 -0.27945 -0.35089 -0.41082 0.32971 0.43241 -0.24052 0.52778 6
-0.09832 0.24918 -0.42394 -0.41349 -0.63716 0.34363 -0.25112 0.24950 -0.30841 0.23878 -0.65997 -0.41082 0.26919 0.24999 -0.20283 0.02525 6
-0.10811 -2.29863 1.25426 0.53188 1.37544 -0.48894 1.33594 0.27454 -0.70370 -0.67800 -0.24403 0.97557 0.32971 -0.71132 2.80489 1.53284 6
-0.10553 -0.59772 -0.42394 1.66104 1.07734 -0.82787 -0.03151 -1.19224 -0.20983 -0.01748 3.59831 -0.41082 0.32971 0.93453 -0.78401 0.77905 6
0.01268 -0.31928 -0.41244 -0.02984 0.13308 -0.09129 0.00383 -0.34709 -0.11931 -0.17738 -0.57034 -0.40655 -0.15935 -0.15685 -0.46344 -0.17848 6
-0.10155 0.62545 -0.38842 -0.51540 -0.84551 -0.01522 -0.35527 -0.04470 2.11737 1.38931 3.14821 -0.41082 0.30571 0.46026 0.14782 0.52778 6
-0.02199 -0.26838 4.02985 -1.00718 -0.61555 0.72459 -0.35527 0.58715 0.32823 0.54828 -0.25559 4.23454 -0.36536 0.65790 1.74597 0.63945 6
0.21855 -0.38485 -0.05005 0.03559 0.25295 0.27879 -0.00149 0.27212 -0.07821 -0.36971 0.06481 -0.05275 -0.35774 0.06683 0.28509 -0.18269 6
0.02974 -0.18331 -0.36832 -0.08649 0.10850 -1.65866 1.45910 -1.19223 -0.04235 0.45463 -0.50523 -0.37184 0.27000 0.65826 -0.70854 0.26841 6
-0.07827 -0.34923 -0.41645 0.12729 0.01864 -0.38855 -0.35527 -0.99310 0.15099 0.17243 -0.35657 -0.39834 0.30354 0.22759 -0.73261 -1.10544 6
-0.11800 6.65529 -0.42394 -1.00132 -2.14403 -2.67053 -0.35527 -3.98455 -0.70370 0.65509 1.75379 -0.41082 0.32971 2.42270 -0.39913 -1.48234 6
0.07958 -0.76309 1.81197 -0.26861 0.21756 -2.02359 1.99126 -1.17764 -0.28512 1.46721 -0.18920 1.92703 0.30408 0.67714 -0.42920 -0.42295 6
-0.06501 -0.10302 -0.36757 -0.64825 -0.58833 1.11404 -0.35527 1.41947 -0.70370 -0.53311 -0.85078 -0.35121 0.29636 -1.41103 -0.37313 0.24062 6
-0.05241 -0.87060 0.31836 0.10286 0.68474 -0.00372 0.10255 -0.05857 -0.35892 -0.49058 -0.48627 0.23903 0.30625 -0.12741 -0.22069 0.38420 6
-0.09451 -0.44542 2.13353 -0.90645 -0.40509 0.60223 -0.27859 0.45358 -0.01455 -0.41170 0.09469 2.20380 0.29454 0.27302 0.00274 0.92980 6
-0.11388 0.70864 1.32428 0.27053 1.22165 0.56246 -0.35527 0.16392 -0.70370 -0.83088 -0.21926 0.77090 0.32971 -1.03230 0.19567 -1.48234 6
-0.10127 0.69320 -0.42394 -0.73739 -0.76780 0.62460 -0.35527 0.65108 0.71706 0.26382 2.31878 -0.41082 0.32971 -0.82532 0.05884 -1.48234 6
-0.11007 0.04938 -0.42394 -0.87881 -0.73522 0.70146 -0.35527 0.69351 0.29154 -0.26657 -0.63099 -0.41082 0.32971 -0.28361 -0.53909 -0.72854 6
-0.05123 0.48461 -0.39406 -1.01113 -0.92414 1.22432 -0.35527 1.50014 0.42496 -0.31839 -0.05006 -0.37552 -6.53210 1.33175 2.41011 0.12576 6
0.09697 -0.42361 -0.41507 0.26551 0.23272 -0.34476 -0.03278 -0.60668 0.28498 0.34525 -0.65618 -0.40709 0.26012 -0.11081 -0.64547 -0.44587 6
-0.10927 -0.44585 -0.41310 0.11914 -0.18997 0.84439 -0.35527 1.07023 -0.70370 -0.39292 -0.32596 -0.37985 0.24309 -0.69399 0.51595 0.77905 7
0.05201 0.26357 -0.29891 -0.20954 -0.39598 -0.20034 -0.00026 -0.37026 0.75065 0.41948 -0.38963 -0.24005 -1.02467 0.54318 -0.16097 0.28657 7
3.78982 0.18853 -0.10617 -0.78511 -0.69567 0.27337 -0.06954 0.20150 0.14440 0.26464 -0.03188 -0.06266 -3.87032 0.72779 0.26933 0.18035 7
-0.07579 -1.33849 2.34081 -0.38637 -0.06469 0.30557 -0.15205 0.14148 -0.70370 -0.22905 -0.64153 2.18763 0.30131 -0.01157 -0.18284 -1.14732 7
-0.08001 -0.07503 -0.05844 -0.27412 -0.25967 0.64947 -0.35527 0.44634 -0.70370 -0.51005 -0.05778 -0.06658 -0.03410 -0.11732 -0.09410 0.29130 7
0.06852 -0.41719 -0.06205 -0.03891 -0.02217 -0.53926 -0.35527 -0.99489 -0.00285 0.36811 -0.03787 0.00977 0.24745 0.95476 -0.70757 -0.34619 7
-0.09735 -0.07386 -0.41920 0.46469 0.31013 -0.32548 -0.13167 -0.77758 -0.36566 0.09958 0.11343 -0.41082 -0.10153 1.74320 0.08732 0.77905 7
-0.08420 -0.37385 -0.42394 0.09482 0.74211 0.05490 0.38836 0.30874 0.53096 -0.44344 -0.59066 -0.41082 -0.14911 -0.87123 -0.08190 -0.72854 7
-0.07866 0.28667 -0.41638 -0.63663 -0.32185 0.77241 -0.13743 1.03936 -0.07596 -0.72793 -0.64767 -0.41082 0.29767 -1.27648 -0.42648 0.02525 7
-0.07760 0.58444 0.61528 -1.19832 -0.93827 0.69368 -0.35527 0.78157 0.09413 -0.02398 -0.34941 0.62240 0.24828 0.37562 -0.32075 -0.66002 7
-0.09929 -0.06316 -0.42394 -0.29234 -0.48435 0.34577 -0.35527 0.11277 -0.30275 -0.15668 -0.78068 -0.41082 0.32971 -0.31767 -0.54988 0.77905 7
-0.06438 0.05420 -0.23638 -0.01322 -0.03595 0.41751 0.09673 0.91467 -0.11535 -0.08472 -0.63033 -0.24448 0.29968 -0.73964 -0.47006 0.32677 7
0.10478 0.01691 -0.42214 -0.40648 -0.44905 -0.24398 -0.33994 -0.66584 0.34548 0.78665 -0.75569 -0.40723 0.27282 0.22723 -0.55901 -0.15860 7
-0.06942 -0.72430 -0.40551 0.63224 0.58778 -0.72372 1.04875 -0.06322 1.40975 -0.03126 -0.84421 -0.39302 0.28823 -0.30137 -0.72667 -0.19012 7
-0.05891 -0.20336 -0.25526 -0.21769 0.50338 -0.38458 1.09719 0.42952 -0.55459 -0.19908 -0.69763 -0.26396 0.25362 -0.49924 -0.18561 0.27652 7
0.00942 0.30042 -0.41687 -0.82057 -0.92075 0.86346 -0.35115 1.01755 0.07952 -0.38190 -0.47907 -0.40367 -0.34971 -0.09916 0.37231 -0.11180 7
-0.09863 0.07714 -0.36839 -0.96658 -1.38725 1.35632 -0.35527 1.99752 -0.24667 -0.65196 -0.64306 -0.36080 0.21310 -1.42654 -0.18284 0.43641 7
-0.08785 -0.43759 -0.42067 0.39703 0.44876 -0.53452 0.45090 -0.42376 0.27541 0.05729 -0.80226 -0.41082 0.31722 0.48387 -0.91854 0.02525 7
-0.10200 0.41145 -0.39963 -0.88539 -0.98936 0.63884 -0.35527 0.62750 1.41020 0.33362 -0.16632 -0.37226 -0.69504 0.36964 0.31133 -0.87930 7
-0.08771 0.05336 -0.41416 -0.62345 -0.54491 0.04006 -0.08204 -0.12590 -0.21169 -0.02165 -0.61381 -0.39287 0.29205 0.33365 -0.46922 0.02525 7
0.00577 -0.08248 -0.27021 -0.30685 -0.34310 0.44654 0.05343 0.72565 -0.06986 0.04127 -0.67207 -0.24639 -0.10153 -0.05374 0.16051 -0.36803 8
-0.06327 -0.00038 -0.41484 -0.14937 -0.41270 0.41906 0.05909 0.88888 0.62007 0.04214 -0.78178 -0.40545 0.28467 -0.62133 -0.18284 -0.81230 8
-0.08552 0.67796 -0.37215 -1.11131 -1.22847 0.76909 -0.35527 0.85167 -0.70370 0.26555 0.26206 -0.35390 -1.81985 1.13547 1.45927 -0.69577 8
-0.02726 0.09885 -0.37986 -1.11103 -1.14054 0.51800 -0.13320 0.70953 0.34375 0.40264 -0.15838 -0.36566 -4.96178 0.47646 -0.04291 -0.37923 8
-0.02353 0.19198 1.94634 -1.37380 -1.08073 0.51501 -0.28046 0.28595 -0.06802 0.08125 -0.15244 2.01089 0.02386 0.13115 -0.24273 -0.29780 8
-0.01267 0.02456 -0.40209 -1.35447 -1.29257 1.02252 -0.35527 1.33161 0.38928 -0.39982 -0.66271 -0.38628 -0.09931 -0.49486 0.34294 0.77905 8
-0.10330 0.30539 0.82338 -0.60107 -0.55290 0.45780 -0.35527 0.33709 -0.20481 -0.17833 0.93206 0.66297 0.30425 0.71202 -0.91636 0.02525 8
-0.00156 -0.41761 -0.25885 -0.12260 -0.50583 -0.09700 -0.34402 -0.41332 -0.33721 0.46599 -0.73891 -0.25039 -0.00690 -0.78669 -0.44076 -0.80149 8
0.08388 -0.33397 2.98943 -0.79921 -0.55398 0.57837 -0.12768 0.65268 0.49155 -0.10171 -0.29384 2.88847 0.11511 -0.84125 0.30572 0.61915 8
-0.00997 -0.27366 -0.40727 0.37672 0.17528 0.65658 -0.04491 1.02198 -0.25726 -0.68858 -0.87455 -0.39453 0.31452 -1.46946 -0.49827 0.02525 8
0.16508 -0.26321 -0.30194 0.81347 -0.27208 -0.49759 -0.35527 -0.54596 0.22484 1.55279 1.44711 -0.30833 -0.24980 1.58740 -0.22639 -0.00267 8
-0.10503 0.80210 -0.31971 -0.45903 -0.93575 -2.11352 3.32731 0.18917 -0.02292 0.51911 0.28106 -0.41082 0.01706 -0.24889 0.02219 1.03031 8
-0.09205 0.11491 1.05694 -1.13248 -1.18037 0.49674 -0.23602 0.70440 -0.38999 0.55255 -0.80780 1.20279 0.10560 -0.18046 -0.31038 -1.48234 8
0.00342 0.40698 1.01029 0.38090 0.68807 -1.75697 1.35425 -1.55094 0.16936 0.76832 -0.09290 0.76079 0.06559 0.59930 -0.26827 0.91207 8
0.08919 0.16334 -0.39247 -1.08699 -1.15294 -0.10404 -0.26656 -0.48257 0.52098 0.98761 -0.56083 -0.37731 -0.05892 0.65705 -0.27237 0.00275 8
-0.02142 0.02581 -0.38873 -0.46161 -0.62373 0.11177 -0.30106 0.04273 0.44377 0.59049 -0.80994 -0.37175 0.22821 -0.01852 -0.69524 -0.99991 8
-0.06766 0.49921 0.06826 -1.70702 -1.69305 1.23978 -0.35527 1.91343 0.01252 -0.26014 -0.69471 0.11827 0.21093 -1.48847 1.87070 -0.53018 8
-0.07561 -0.38755 -0.41223 0.38889 1.61009 -0.95169 1.33716 -0.12714 0.10232 0.43921 -0.51235 -0.41082 0.07265 0.26458 0.45095 -0.38591 8
-0.02800 -0.02851 -0.38506 -0.56786 -0.48432 0.34648 -0.12266 0.54389 0.31601 0.57008 -0.46519 -0.36685 0.24929 -0.37810 -0.09651 -0.77289 8
-0.08748 0.18737 -0.22639 -1.24126 -1.06570 1.31455 -0.35527 1.82055 -0.70370 -0.39218 -0.69491 -0.17240 -0.22055 -1.76101 1.13169 -0.27627 8
-0.05147 0.07961 -0.30696 -0.97928 -1.23719 0.66076 -0.33957 0.77508 -0.23908 -0.10313 -0.14747 -0.29641 0.28822 -0.63949 -0.89122 -0.54659 9
0.06694 0.03670 -0.41201 -0.33012 -0.34109 0.46309 -0.35527 0.33103 0.34658 -0.07418 -0.73241 -0.39396 0.26325 -0.65705 -0.55065 0.02525 9
-0.11165 -0.68843 -0.42394 0.26251 -0.77597 1.01495 -0.35527 1.19955 -0.70370 -1.12498 -0.93555 -0.41082 0.32971 -2.14817 1.02840 -1.48234 9
2.18858 0.24139 1.39248 -0.98665 -0.80303 0.54996 -0.05015 0.93948 0.35273 0.26067 -0.40376 1.40535 0.22247 -0.64864 0.07782 -0.43298 9
-0.07244 -0.21420 -0.36504 2.99244 -0.33897 0.45703 -0.35527 0.92279 -0.29410 -0.22999 0.79386 -0.36101 0.02315 1.94292 -0.68289 0.58068 9
-0.09061 0.45306 -0.17907 -1.85464 -1.95353 -5.38985 -0.35527 -4.99198 0.29323 4.60743 -0.23174 -0.13199 0.25340 3.81669 -1.17245 -1.48234 9
0.13246 -0.75382 -0.32215 -0.13826 -0.08196 -2.50945 -0.08153 -2.70598 -0.06433 3.45635 -0.38374 -0.31842 0.24689 2.16310 -1.01607 -1.06021 9
-0.05610 0.37612 -0.39656 -1.57167 -1.49946 0.62279 -0.35527 0.55442 -0.70370 -0.05412 -0.30841 -0.36835 0.24391 -0.95059 -0.70947 -0.99602 9
0.05053 0.62156 0.53274 -1.23130 -1.08145 -0.06038 -0.35527 -0.31278 0.55372 1.42969 -0.65636 0.72747 -0.01487 0.92152 -0.49670 -1.23108 9
-0.06099 0.55950 -0.39248 -0.99449 -1.30621 1.01115 -0.35527 1.50345 -0.10503 0.19173 -0.53867 -0.37260 -1.75525 -0.87413 0.27596 0.38420 9
-0.00282 -0.05988 -0.41177 -0.15393 -0.34031 0.21174 -0.33025 0.08789 -0.31963 0.27734 -0.61954 -0.40381 0.25785 -0.16548 -0.91489 0.77905 9
0.02571 0.70723 -0.19243 -1.69825 -1.73910 1.07695 -0.35527 1.37884 -0.58131 -0.35440 -0.32981 -0.18758 -0.34477 -0.95407 -0.41439 -0.62457 9
-0.04906 -0.31853 1.83587 0.39327 0.04647 0.56818 -0.35527 0.77878 -0.27932 0.06462 -0.86305 1.52825 0.29181 -2.14935 -0.71974 -0.56468 9
0.49892 0.41730 0.21122 -0.59966 -0.78890 0.30273 -0.17578 0.32636 0.57668 0.67758 -0.20613 0.23407 -1.39150 0.49613 0.58611 -0.66164 9
-0.03490 0.20236 -0.16419 -1.62649 -1.49275 1.07487 -0.35527 1.46640 0.20877 0.15389 -0.86562 -0.11540 -0.03114 -1.01100 -0.50593 -1.48234 9
-0.08026 0.15731 -0.38716 0.17072 -0.34311 0.72155 -0.35527 0.85724 -0.50177 -0.32386 -0.80648 -0.37399 0.32971 -1.49685 -0.85575 0.40215 9
-0.08914 0.40150 -0.41710 -0.59335 -0.70102 -0.45830 -0.04193 -0.44731 0.03246 1.24547 4.81380 -0.40186 0.19197 0.71611 -0.33151 -0.95025 9
-0.04883 -0.73583 -0.36334 0.85626 -0.15633 0.24903 -0.35527 0.08770 0.03817 0.08162 -0.46388 -0.34509 -0.21109 -1.73845 0.06840 -0.49555 9
-0.08255 0.41643 -0.33172 0.52624 0.28970 0.61097 0.31029 1.40558 -0.70370 -0.55104 -0.96402 -0.35013 0.31758 -2.08774 0.65830 -1.48234 9
-0.05035 -0.45729 -0.24399 -0.08367 0.50468 -0.81542 0.66776 -0.49498 0.36705 1.54296 -0.50846 -0.21551 0.03224 0.13746 -0.32919 -0.37148 9
-0.06453 0.13214 -0.39601 -0.65725 -0.42533 0.72824 -0.35527 0.73843 0.44575 0.20634 -0.40228 -0.38087 -0.13115 -0.28369 0.17796 -0.38591 10
0.58829 0.62577 -0.23410 -1.49862 -1.36307 0.44305 -0.26402 0.51622 -0.16195 1.05628 -0.65463 -0.19387 -0.10318 -0.48095 -0.36887 -0.58125 10
-0.06382 0.26384 -0.26404 -0.70282 -0.99104 0.63146 -0.31679 0.85287 0.04293 0.42055 -0.83256 -0.27463 0.21541 -0.69797 -0.33813 -0.19012 10
-0.09623 0.10720 -0.40591 -0.03326 -0.04393 0.33321 -0.35527 0.12581 -0.35170 0.15015 0.83110 -0.41082 0.27582 -1.22379 -0.37979 0.02525 10
0.20974 0.27610 -0.39361 -0.01399 -0.23007 -0.59103 1.10260 0.22787 -0.36180 0.40843 -0.44562 -0.38203 0.17269 -0.12043 -0.42116 0.06031 10
-0.09554 0.40006 -0.39770 -0.74085 -0.82962 0.21284 -0.35527 -0.08767 -0.70370 0.78718 -0.09788 -0.37291 0.22365 -0.08116 -0.66068 1.10210 10
-0.07279 -1.06836 -0.39536 3.91326 1.85512 -0.97772 0.92202 -0.16604 -0.28386 -0.18349 2.23108 -0.40061 0.23687 1.11260 -0.97078 -1.19172 10
-0.07954 0.39050 -0.33367 -0.48407 -0.14619 0.70834 -0.35527 0.67616 -0.27977 -0.21089 -0.83387 -0.33349 -0.22191 -0.39068 -0.51588 0.77905 10
-0.05299 3.22169 0.65481 -2.01111 -2.03574 -0.99084 3.55233 3.16579 -0.70370 -1.01469 -0.81319 0.66983 -0.24665 -0.74081 0.93880 -1.48234 10
-0.10281 -0.05026 -0.38557 -0.99332 -0.70129 -0.37313 -0.35527 -0.61252 -0.23465 1.78785 0.32728 -0.37659 0.13823 -0.59735 -0.55573 1.47595 10
-0.07921 0.16186 -0.38303 -0.85701 -0.96178 -0.08810 -0.35527 -0.10890 -0.32151 1.64401 -0.61313 -0.37596 0.24195 -0.74189 -0.46810 0.47753 10
-0.11745 1.86249 -0.33192 0.37961 -0.54032 -0.39810 -0.35527 0.38812 -0.70370 2.04576 -0.48811 -0.18730 0.32971 -1.61762 -1.19221 -1.48234 10
-0.05038 0.73702 -0.38557 -1.07651 -1.30134 0.28499 -0.35527 0.47695 0.94283 1.80270 -0.27587 -0.35075 -0.13563 0.18640 0.29885 -0.47728 10
0.14999 0.04017 -0.29359 -0.08518 -0.25153 1.00202 -0.33370 1.23973 -0.40154 -0.41265 -0.80396 -0.29447 0.02477 -1.50392 0.33070 -0.72854 10
0.35358 -0.19815 -0.38304 -0.17995 -0.23457 0.21551 -0.06978 0.23652 0.23627 0.37105 -0.64041 -0.37394 -1.13367 0.51050 0.01284 -0.58197 10
0.24811 -0.20839 -0.29226 -0.44076 -0.53791 0.66380 -0.20234 0.85382 -0.39860 -0.06832 -0.70355 -0.27725 0.11893 -1.18415 -0.48509 -0.67595 10
0.19746 -0.06254 -0.32845 -0.25061 -0.90960 0.50728 -0.28612 0.63106 -0.38537 0.07885 -0.68719 -0.31345 0.21225 -0.99000 -0.64648 -0.84451 10
-0.10491 -0.73721 0.18110 0.39884 0.17904 -0.35411 -0.35527 -0.69855 0.33642 0.66925 5.62098 0.00657 0.19702 -1.68816 -0.42116 0.56798 10
-0.07368 0.11478 -0.39928 0.34772 -0.41363 1.10342 -0.35527 1.42816 -0.70370 -0.70822 -0.70690 -0.39726 0.17798 -2.19424 0.47325 -1.05160 10
0.47037 -0.13080 0.26371 -0.37874 -0.45968 -1.16627 0.07074 -1.41557 -0.18219 1.96718 -0.61050 0.36301 -1.05843 1.71364 -0.27017 -0.82810 10
