-0.11841 -1.18748 -0.42394 -0.65608 1.38413 1.87433 -0.35527 3.25298 -0.70370 -1.12498 -1.04345 -0.41082 0.32971 -2.27610 -1.19221 -1.48234 1
-0.11077 0.80045 -0.42394 -1.30879 -0.88397 1.43186 -0.35527 2.00932 0.81617 -0.60062 0.78568 -0.41082 -7.65858 0.84895 -0.26695 1.53284 1
-0.11529 -1.20377 -0.42394 2.49295 2.74796 -2.18370 2.88608 -1.02521 -0.70370 -0.67403 0.53000 -0.41082 0.32971 -0.20310 0.65830 -1.48234 1
-0.11104 -0.14319 -0.30323 -0.30107 -0.22952 0.54951 -0.35527 0.11528 0.46335 -0.72234 0.13664 -0.19794 -3.30297 0.91114 1.70424 -0.27627 1
-0.11748 -1.23727 -0.42394 0.27111 -0.33472 0.61575 -0.35527 0.79739 -0.70370 0.08292 0.84469 -0.41082 0.32971 -0.78354 1.58355 1.53284 1
-0.11582 -0.75907 -0.42394 1.92062 1.49325 -0.30533 -0.35527 -0.88898 -0.70370 -0.71749 0.71511 -0.41082 0.32971 0.57732 -1.19221 0.02525 1
-0.11646 -1.16203 -0.42394 -0.13193 0.40925 -0.05488 -0.35527 -0.36579 2.73603 -0.53162 -0.42439 -0.41082 0.32971 -1.29737 -1.19221 1.53284 1
-0.11534 -1.45179 -0.42394 1.49712 0.37609 -0.21336 -0.35527 -0.60704 -0.70370 -0.05694 0.73172 -0.41082 0.32971 -0.49013 0.82653 0.52778 1
-0.11554 -1.02904 -0.42394 1.98024 1.74019 -0.03261 -0.35527 -0.39893 -0.70370 -0.75332 1.11671 -0.41082 0.21976 -0.06256 -1.19221 0.92980 1
-0.11721 0.91185 -0.42394 0.92885 1.13798 -0.98607 -0.35527 -1.74215 4.32357 -0.25777 0.72668 -0.41082 0.32971 1.61078 -0.57537 1.53284 1
-0.11716 -0.65122 -0.27832 0.42135 1.45614 -0.33856 -0.35527 -1.04430 -0.70370 -0.27945 -0.18520 -0.23200 0.32971 0.77686 1.83590 -1.48234 1
-0.10884 -1.28566 1.68103 1.01659 1.06788 -0.15437 -0.35527 -0.69005 -0.00096 -0.51887 0.74040 1.53753 0.32971 0.84786 0.11403 -1.48234 1
-0.11746 -0.54926 -0.42394 1.11384 1.10559 0.10168 -0.35527 -0.44361 -0.70370 -1.12498 2.03503 -0.41082 0.32971 1.13083 -1.19221 1.53284 1
-0.11639 0.11351 -0.42394 1.28889 1.48080 -1.13917 -0.35527 -2.29768 -0.70370 0.46039 1.28895 -0.41082 0.32971 0.88462 -0.08190 0.52778 1
-0.11329 -1.07666 -0.42394 1.80644 1.91983 -0.63555 -0.35527 -1.18755 1.74710 -0.49083 -0.04136 -0.41082 0.32971 -0.44167 0.51595 0.52778 1
-0.11429 1.33964 -0.42394 -1.41559 -1.08293 1.15514 -0.35527 0.93208 -0.70370 -1.12498 1.22594 -0.41082 0.20306 -0.41040 3.03753 -1.48234 1
-0.11379 0.50525 -0.42394 -1.08404 -0.68333 1.19075 -0.35527 1.55108 1.23753 -0.79012 -0.95089 -0.41082 0.32971 -1.03230 2.50881 -1.48234 1
-0.11432 1.57097 -0.42394 -1.00877 -1.32984 1.60269 -0.35527 2.14400 -0.70370 -1.12498 0.89310 -0.41082 0.32971 2.02936 1.58355 -1.48234 1
-0.10219 -0.50782 -0.42394 -1.05613 -1.13160 1.39520 -0.35527 1.76367 0.00411 -0.88078 1.55150 -0.41082 -9.20551 1.45530 3.74248 1.53284 1
-0.11505 -1.49058 -0.42394 1.85361 2.06263 -0.80699 -0.35527 -1.80568 -0.70370 -1.12498 -0.19224 -0.41082 0.32971 0.10955 -0.79567 1.53284 1
-0.10716 -0.53217 -0.40627 1.34350 1.06739 -0.86098 0.96266 -0.63224 -0.03224 -0.43002 0.63194 -0.41082 0.26118 0.24654 0.23126 0.16230 2
-0.11453 1.74366 -0.42394 0.50515 0.02492 0.58715 -0.35527 0.46844 -0.70370 -0.80889 1.88011 -0.41082 0.32971 1.47938 -0.26695 0.02525 2
-0.11705 1.51570 -0.42394 1.00667 0.15695 -0.05207 -0.35527 -0.31218 -0.70370 -0.37340 0.38156 -0.41082 0.32971 0.39924 -1.19221 1.53284 2
-0.11573 0.47057 -0.42394 0.24712 -0.05748 -0.84692 -0.35527 -1.84010 1.71685 0.54520 1.11442 -0.41082 0.32971 1.34869 0.04146 1.53284 2
-0.10339 -1.04777 -0.41730 1.64916 2.98785 -1.42975 0.68729 -1.69131 -0.26310 -0.51696 0.04514 -0.39474 0.28474 0.30547 -0.72174 0.52778 2
-0.11412 0.82487 -0.42394 0.56825 0.44658 0.18757 -0.35527 -0.19417 -0.70370 -0.57504 0.60392 -0.41082 0.00435 0.32837 0.39394 1.53284 2
-0.11765 0.82122 -0.42394 2.80794 2.72241 -0.68549 -0.35527 -1.18293 -0.70370 -1.12498 0.48747 -0.41082 0.32971 -0.66252 2.50881 -1.48234 2
-0.11582 -2.51165 -0.42394 0.74028 1.31819 -0.51627 -0.35527 -1.49849 -0.70370 -1.12498 1.02451 -0.41082 -0.52436 1.49084 0.33925 0.02525 2
-0.11450 0.20155 -0.32430 -0.82221 -0.58749 1.11729 -0.35527 1.36406 -0.70370 -0.75332 0.13664 -0.25362 0.32971 0.09190 2.50881 -1.48234 2
-0.11633 0.55536 -0.42394 0.17626 0.75583 0.23645 -0.35527 -0.08067 -0.70370 0.10488 -0.71219 -0.41082 0.32971 -0.18128 2.22411 1.53284 2
-0.11614 0.55536 -0.42394 0.71611 0.08899 0.52016 -0.35527 0.05937 -0.70370 -1.12498 0.39888 -0.41082 0.32971 0.00420 -0.26695 1.53284 2
-0.11030 -0.34013 -0.42394 1.03002 0.31462 -0.21171 -0.35527 -0.87993 0.09985 -0.98637 0.42655 -0.41082 0.32971 -0.00369 -0.82817 -0.14226 2
-0.11561 0.31154 -0.42394 -0.16954 -0.16394 0.76574 -0.35527 0.76180 -0.70370 -0.14465 -0.65008 -0.41082 0.32971 -1.55055 6.20983 -1.48234 2
-0.11725 -0.36732 -0.42394 0.59488 2.95221 -0.19862 -0.35527 -1.20346 -0.70370 -1.12498 0.30522 -0.41082 0.32971 -0.32156 1.58355 1.53284 2
-0.07104 -1.08388 -0.36253 0.78707 1.48010 -0.57123 0.59797 -0.40428 -0.24018 -0.45868 0.01359 -0.38827 0.28240 0.85734 -0.49981 0.32677 2
-0.11047 0.73226 -0.42394 -0.40170 -0.19884 0.14733 -0.35527 0.00974 2.07078 -0.00824 0.29430 -0.41082 0.28251 0.20143 -0.14475 1.53284 2
-0.11699 1.47804 -0.42394 0.03438 -0.30644 0.76382 -0.35527 0.67461 -0.70370 -1.12498 0.18795 -0.41082 0.07959 -0.97822 0.04146 -1.48234 2
-0.11643 0.21682 2.48387 0.82419 0.83752 -0.02712 -0.35527 -0.96891 -0.70370 -1.12498 -0.42439 2.09883 0.32971 -1.17503 2.50881 -1.48234 2
-0.09377 -1.04010 -0.41988 1.56508 1.46655 -0.86339 0.39916 -1.11948 -0.42560 -0.45335 -0.31439 -0.41082 0.31552 -0.53739 -0.50894 0.52778 2
-0.11548 -0.99767 -0.42394 0.17794 1.03450 0.06746 -0.35527 -0.24075 -0.70370 0.52484 1.09406 -0.41082 0.32971 0.11763 -1.19221 0.77905 2
-0.11772 1.13631 -0.42394 0.49469 -0.10855 0.00977 -0.35527 -0.91408 -0.70370 -1.12498 0.08943 -0.41082 0.32971 -0.18652 -1.19221 -1.48234 3
-0.11545 -0.52110 -0.42394 0.70454 -0.20192 0.39365 -0.35527 -0.06059 -0.70370 -1.12498 0.31912 -0.41082 0.32971 0.03198 -0.70947 -1.48234 3
-0.11364 -0.85294 -0.40343 1.92621 1.56455 -0.54152 -0.35527 -1.31581 -0.70370 -0.90393 -0.09938 -0.36407 0.32971 -0.21286 -0.83405 0.52778 3
-0.11051 -0.30453 -0.42394 1.01722 0.32189 -1.90854 1.97219 -1.32003 -0.70370 -0.64862 0.92190 -0.41082 0.28274 0.77560 -0.72958 0.02525 3
-0.11309 0.86121 -0.42394 -1.48310 -0.84102 1.06800 -0.35527 0.57911 -0.70370 -0.37340 1.13517 -0.41082 0.32971 4.74021 0.11403 -1.48234 3
-0.09685 -0.66304 -0.39612 0.21557 0.88011 -0.16018 -0.34313 -0.86617 -0.03567 -0.14549 -0.34359 -0.37426 0.32971 0.65487 0.16537 -0.72854 3
-0.11226 0.25226 -0.42394 0.33458 0.02972 0.50631 -0.35527 0.25170 -0.70370 -0.92366 0.00552 -0.41082 0.27015 1.19864 0.06474 1.53284 3
-0.10014 -1.25650 -0.42394 1.79814 1.79645 -0.91905 0.70352 -0.97609 -0.70370 -0.52103 -0.38155 -0.41082 0.32971 -0.62382 -0.56844 0.98463 3
-0.07522 -0.75269 2.15309 0.84146 1.10800 0.07951 -0.12438 -0.35934 -0.35453 -0.70334 -0.03034 2.00307 0.32080 -0.14048 0.45778 0.67136 3
-0.11258 -0.04333 -0.42394 0.20832 -0.76044 0.78548 -0.35527 0.83636 0.63007 -0.66483 -0.55619 -0.41082 0.32971 -0.44651 0.19567 1.53284 3
-0.10515 -0.15600 -0.42394 -0.67017 -0.61337 0.63287 -0.35527 0.57554 -0.09290 -0.07136 -0.67599 -0.41082 0.26737 -0.44392 0.43263 1.53284 3
-0.03824 -0.42313 -0.42144 1.09945 1.10163 -0.76178 0.23807 -1.08454 -0.09182 -0.19011 -0.40753 -0.40763 0.30294 -0.14121 -0.82133 -0.21791 3
-0.04451 -0.91446 -0.42394 1.14844 1.32857 -0.28825 -0.35527 -0.92867 -0.52071 -0.38322 -0.31568 -0.41082 0.30636 -0.86839 -0.59103 1.13956 3
-0.07906 -0.31907 -0.41630 -0.18303 0.16868 0.32590 -0.35527 -0.04577 0.08291 -0.34475 -0.35845 -0.40364 0.32971 -0.31842 0.39977 0.46866 3
-0.08575 -1.79747 0.04233 0.74211 1.16540 -0.85842 -0.35527 -1.75980 -0.50744 -0.10933 -0.25528 -0.00272 0.29966 1.14036 -0.69320 0.71052 3
-0.10193 0.44066 -0.42394 -0.16253 0.03306 0.32124 -0.35527 0.10097 0.21035 -0.10009 0.02936 -0.41082 0.23642 0.19094 -0.02347 -0.62086 3
-0.10429 -0.16293 -0.42394 -0.21048 0.19131 0.53399 -0.35527 0.26080 -0.70370 -0.56129 -0.16359 -0.41082 0.30192 -0.54669 -0.09561 0.52778 3
-0.10792 -0.78911 -0.42394 2.38393 2.73041 -1.68565 1.10635 -1.71925 0.62556 -0.20779 -0.25184 -0.41082 0.32971 0.18060 -1.03359 0.52778 3
-0.10956 -0.50447 -0.11055 1.04908 1.81957 -0.35795 0.20129 -0.59776 -0.70370 -0.71420 -0.30369 -0.12124 0.24870 -0.07625 0.06950 1.53284 3
-0.11434 0.27223 -0.30434 0.02690 0.35821 0.23863 -0.35527 -0.08472 1.19983 0.18847 -0.77626 -0.41082 0.32971 -0.30480 1.98009 1.53284 3
-0.10723 -0.43420 -0.42394 2.70078 2.48891 -1.33547 1.41377 -0.77232 -0.08323 -0.91092 -0.69805 -0.41082 0.32971 -0.36490 -0.75679 1.53284 4
-0.09448 -0.78063 -0.42394 -0.07670 0.50209 0.00036 -0.35527 -0.61526 0.53917 -0.42819 -0.52053 -0.41082 0.26629 -0.16462 0.27014 0.02525 4
-0.06385 -0.39805 -0.26211 1.15028 1.19766 -0.72457 0.33780 -0.85497 -0.04927 -0.22187 -0.31635 -0.22938 0.20949 -0.22532 -0.39756 0.63644 4
-0.11508 0.83054 -0.10427 0.57949 0.53359 -0.22330 -0.35527 -0.28238 5.55366 0.67402 0.68050 -0.18255 0.22327 -0.00481 -0.18284 -1.48234 4
-0.11534 -0.70841 0.42393 1.08480 1.72457 -0.15371 -0.35527 -1.14424 -0.70370 -0.73171 0.19624 0.67037 0.32971 -0.69308 -0.49827 -1.48234 4
-0.00680 -0.72957 2.40522 -0.04807 0.64696 0.08247 -0.03016 -0.23667 -0.34617 -0.39724 -0.43770 2.19507 0.29322 0.02896 0.45401 -0.17139 4
-0.11664 0.93181 0.63622 0.94580 1.32630 0.16266 -0.35527 -0.49337 -0.70370 -1.12498 0.60492 0.55202 0.32971 -1.09153 1.02840 1.53284 4
-0.11538 0.55536 -0.42394 -0.36396 -0.61742 -0.06195 -0.35527 -0.79152 -0.70370 -0.32919 -0.82642 -0.41082 0.32971 -1.16097 -1.19221 -1.48234 4
-0.11208 -0.18105 -0.42394 0.32613 0.38739 0.39712 -0.35527 0.00844 -0.70370 -0.51375 -0.30917 -0.41082 0.26944 -1.23960 0.76715 -1.48234 4
-0.11381 0.95755 -0.42394 -0.84198 -0.40316 0.62382 -0.35527 0.43838 -0.70370 -0.23495 -0.49729 -0.41082 0.32971 -0.91923 -0.00260 -1.48234 4
-0.08385 -0.53611 2.86151 -0.14964 0.59881 -0.05898 0.49472 0.08617 -0.19967 -0.16860 0.01270 2.65060 0.27827 0.39040 0.27979 0.02525 4
0.09373 -0.67745 1.60892 -0.24249 0.22102 0.17768 -0.00802 0.01030 -0.24263 -0.25675 0.08820 1.59070 0.28657 0.41787 0.58362 0.81494 4
-0.10669 0.61561 -0.42394 0.57279 0.25948 0.05334 -0.35527 -0.59196 1.23114 -0.23495 -0.62782 -0.41082 0.26389 -0.39867 -0.18284 0.52778 4
-0.11314 0.11476 -0.40533 0.05766 -0.02328 0.21272 -0.35527 -0.02114 0.69677 -0.40024 -0.41407 -0.35973 0.18678 0.06224 0.61526 1.53284 4
0.39500 -0.56676 0.83963 0.13211 0.30490 -0.43053 -0.00617 -0.83023 0.19196 -0.01894 -0.09790 0.74159 0.19985 0.16784 -0.20643 0.15535 4
0.06258 -0.12696 -0.21346 0.13907 0.19108 -1.27132 1.55312 -0.63284 -0.17570 -0.16104 -0.30342 -0.25351 0.06477 -0.03495 -0.36242 0.21370 4
-0.11154 0.99769 1.90450 0.44327 1.39989 -0.91038 1.26224 -0.56683 -0.70370 -1.12498 0.40201 1.56925 0.32971 -0.06226 -0.65060 -1.48234 4
0.23633 -0.42029 0.37313 0.08011 0.19198 -0.82309 0.77233 -0.56726 0.19679 0.19347 -0.38344 0.34473 0.27255 -0.24673 -0.18423 0.40215 4
-0.11501 0.48804 -0.42394 -0.27677 0.11761 0.84802 -0.35527 0.72125 -0.70370 -1.12498 -0.06004 -0.41082 0.32971 -0.72135 2.22411 1.53284 4
-0.11124 0.19665 -0.42394 -0.22831 -0.35126 0.06888 -0.35527 -0.23176 5.02917 0.25952 -0.62152 -0.41082 0.27120 -0.44167 0.59861 1.53284 4
-0.01290 -0.97059 2.33728 0.13469 0.63285 0.04045 0.15308 -0.07730 -0.08519 -0.44482 0.16706 2.15855 0.09695 0.44581 0.75783 0.04996 5
-0.08789 0.71851 -0.38456 -0.87358 -1.03155 0.44682 -0.35527 0.39963 0.08372 0.50496 -0.47344 -0.37252 0.26274 0.59637 -0.29370 0.37316 5
-0.09444 -0.39288 -0.32380 -0.17432 0.07679 -0.36860 -0.00582 -0.49302 1.82208 0.78121 -0.53975 -0.30716 0.23304 0.37456 -0.45508 1.53284 5
-0.09434 0.18143 -0.38653 -0.69593 -0.54425 0.45310 -0.35527 0.35408 1.29357 -0.09139 -0.45716 -0.35010 0.29573 -0.41040 0.28820 0.67136 5
-0.11538 0.55536 -0.42394 -0.24446 -0.44780 0.84568 -0.35527 0.89368 2.17960 -0.13024 -0.39682 -0.41082 0.32971 -1.35603 3.74248 -1.48234 5
-0.08835 2.59787 1.90798 -0.31241 0.36443 -1.67551 2.45211 -0.37035 -0.40707 -0.10164 0.08793 1.63430 0.17835 0.37712 0.18746 -0.14226 5
-0.04235 -0.75411 1.01242 0.31048 0.89883 -0.23208 0.20100 -0.47507 0.21774 -0.38321 0.22043 0.89643 -0.16661 0.65029 0.23025 0.40954 5
-0.10637 -0.18785 2.16201 -0.70430 -0.37995 0.96413 -0.35527 1.16557 0.02517 -0.24487 0.15196 1.95562 0.29251 -0.31348 1.25423 1.53284 5
-0.11664 -0.07206 -0.42394 0.24981 1.92693 -0.13940 -0.35527 -0.85512 -0.70370 -0.48684 0.69945 -0.41082 0.32971 0.02015 0.39394 1.53284 5
0.20147 -1.29000 3.05753 0.05010 0.36582 -1.55810 -0.12575 -2.24297 -0.30475 1.08412 0.22457 2.80704 0.27576 0.77041 -0.74918 0.09620 5
-0.10407 0.70349 -0.41699 -0.51118 -0.83592 0.21031 -0.35527 -0.23606 0.93930 -0.36920 0.13375 -0.39084 0.21792 1.08125 0.04146 -0.47728 5
-0.10374 -0.42599 -0.38996 -0.07397 -0.44125 0.75129 -0.35527 0.65269 -0.70370 -1.03574 0.13391 -0.37307 0.25051 -0.03554 0.28820 -1.48234 5
-0.11668 2.46823 -0.42394 0.59012 0.46942 0.54412 -0.35527 0.82887 -0.70370 0.17584 -1.04345 -0.41082 0.32971 -0.98446 -1.19221 -1.48234 5
-0.10811 -0.83739 -0.41430 -0.08321 -0.16297 0.28050 -0.35527 -0.06312 0.01449 -0.13388 -0.67779 -0.41082 0.32971 0.16770 -0.66349 -1.48234 5
-0.11519 0.91024 -0.42394 1.11226 1.44947 -0.57449 -0.35527 -1.26468 -0.70370 -0.47457 1.76324 -0.41082 0.23351 0.79978 -0.72958 1.03031 5
-0.11009 0.86513 -0.42394 -1.05524 -0.65781 1.15127 -0.35527 1.34307 0.55313 -0.25777 -0.42161 -0.41082 -2.68454 1.43296 3.14069 0.52778 5
-0.10072 -0.62039 -0.42394 0.37667 0.48392 0.38419 -0.35527 0.16307 -0.28743 -0.47871 -0.58572 -0.41082 0.30847 -1.17553 -0.50365 -0.72854 5
-0.07963 -1.29900 2.89552 0.75125 1.42599 -0.63006 0.44312 -0.85661 -0.31737 -0.35859 -0.31394 2.70387 0.31985 0.12556 -0.12632 0.62829 5
0.52365 -0.09315 -0.18900 -0.24634 -0.28752 -0.43588 -0.01749 -0.62295 0.26035 0.55561 -0.46709 -0.18905 0.12078 0.24879 -0.46370 -0.05799 5
-0.08962 -0.39154 -0.41351 0.42909 0.56322 -0.57676 0.20001 -0.79582 0.29662 0.08292 -0.09072 -0.41082 0.18933 0.65082 -0.31355 -0.19012 5
0.06821 -0.41112 0.19115 0.26439 0.27111 -0.06541 -0.15933 -0.26972 -0.31957 0.00814 -0.64654 0.18055 0.29246 -0.12046 -0.74178 -0.02859 6
-0.11191 0.66304 -0.42394 -0.38748 -0.51815 1.12552 0.00187 1.62956 -0.70370 -1.12498 0.53000 -0.41082 0.07959 -1.39508 3.43406 -0.19012 6
-0.10734 -0.59236 -0.42394 -0.48768 -0.49577 0.61234 -0.16729 0.58062 -0.70370 -0.32290 -0.48192 -0.41082 0.29016 -0.13991 0.10555 0.02525 6
-0.10142 -0.41803 0.98584 -0.24107 -0.49481 0.71394 -0.20154 0.79325 -0.70370 -0.44172 0.35743 0.92576 0.17812 -0.60700 1.51900 -0.66002 6
-0.08827 -0.37287 -0.42394 -0.15468 0.61235 0.00603 0.55788 0.60498 -0.70370 -0.36142 -0.49993 -0.41082 0.28985 0.17103 -0.40574 -0.72854 6
-0.11686 0.97929 -0.42394 -0.02160 0.14274 0.96724 -0.35527 1.12099 -0.70370 -1.12498 -0.23998 -0.41082 0.32971 -0.84705 0.19567 -1.48234 6
-0.01495 -0.14801 0.44800 0.15034 0.04808 -0.04194 -0.35527 -0.28565 0.88387 0.85425 0.21270 0.32365 0.02040 1.03144 0.25095 -0.08726 6
-0.08821 0.80658 0.66712 0.63776 0.65553 -1.09889 1.05946 -0.71207 0.29029 -0.05333 0.93361 0.31440 0.27899 1.38052 -0.34957 -0.14226 6
-0.09852 0.66239 -0.40887 -0.11481 -0.04329 -0.12947 -0.31583 -0.60999 1.14248 0.08520 -0.21617 -0.38388 0.27318 0.76288 -0.08190 0.52778 6
-0.09768 -1.45385 -0.42394 1.99723 2.52225 -1.99117 1.19711 -1.95921 -0.07123 -0.41583 0.10655 -0.41082 0.23289 1.37074 -0.67750 0.43641 6
0.11884 -0.80585 5.31305 -0.85196 -0.47068 0.44809 -0.25768 0.16459 0.13950 0.66894 0.03994 5.45854 -0.96929 2.77171 1.68811 0.42198 6
-0.05826 0.36181 -0.03015 0.07246 -0.14298 -0.01148 -0.35527 -0.35963 -0.07810 0.77436 0.47353 -0.08218 -0.58968 1.49727 0.57838 -0.50065 6
-0.10908 0.73160 -0.42394 -0.76026 -0.71215 0.62181 -0.35527 0.76841 1.03139 -0.22707 -0.34700 -0.41082 0.10836 0.47657 1.58355 -1.48234 6
-0.11124 -0.65122 -0.38262 -0.38334 -0.30503 0.17355 -0.35527 -0.24516 -0.70370 0.12107 -0.18520 -0.37317 0.32971 -0.41933 -0.18284 0.92980 6
-0.11561 -0.33863 0.02237 0.79640 1.31495 0.50489 -0.35527 0.24488 -0.70370 -1.12498 1.27219 0.12562 0.32971 0.04722 -1.19221 -1.48234 6
-0.09656 0.66368 -0.42394 -1.32461 -1.01541 1.25721 -0.35527 1.76939 0.17159 -0.29455 -0.34125 -0.41082 -0.07227 -0.28705 1.06604 1.53284 6
0.00605 2.25827 0.06693 -0.17738 0.21901 -1.52400 2.41485 -0.13068 0.15185 -0.20258 -0.78306 -0.39781 0.23512 -0.46054 -0.60319 -0.22601 6
-0.09755 0.40792 -0.40478 -0.62613 -0.62763 0.73678 -0.06688 0.97222 0.72396 0.02429 -0.69052 -0.39346 -2.51145 0.09526 2.15392 1.10210 6
-0.10031 -0.26744 -0.41291 0.28102 0.36811 0.43865 -0.35527 0.35333 -0.30680 -0.44034 -0.87453 -0.39634 0.22844 -0.94081 -0.33813 0.52778 6
-0.09406 -0.93248 -0.26374 1.52275 1.95152 -1.60568 1.38638 -1.14008 0.17030 -0.06963 0.94872 -0.21952 0.25538 0.68102 -0.54800 0.86280 6
-0.10612 0.40196 -0.42394 -0.63920 -0.73447 0.76653 -0.35527 1.06493 0.56533 -0.35880 -0.49658 -0.41082 0.23257 -0.47866 0.62053 -0.72854 7
0.38024 0.31189 -0.33944 -0.54323 -0.25761 -0.07621 -0.18954 -0.29373 0.49519 0.63555 -0.18618 -0.32503 -0.33382 0.70849 -0.21755 -0.17455 7
-0.10913 0.60596 -0.41326 -0.41331 -0.94514 0.57515 -0.35527 0.52199 1.12868 0.45545 -0.78597 -0.41082 0.28296 -0.88531 0.22091 0.02525 7
-0.04892 -0.04661 -0.38493 -0.44078 -0.55851 0.52958 -0.35527 0.52944 -0.26408 -0.02541 -0.72143 -0.36672 0.29606 -0.62758 -0.51416 -0.09072 7
-0.03737 -0.40390 -0.20956 1.96321 0.69765 -0.23938 -0.35527 -0.36998 0.33877 0.23064 0.80681 -0.22652 0.16603 0.98044 -0.53409 0.16513 7
-0.10234 0.01144 -0.42394 0.33917 0.02911 0.21117 -0.35527 -0.20091 -0.70370 -0.17672 0.03158 -0.41082 0.21283 0.65958 0.06771 1.53284 7
-0.08909 0.42600 -0.42053 -0.85183 -0.62887 1.10880 -0.35527 1.47336 -0.41913 -0.73228 -0.40470 -0.40044 0.18450 -0.76132 0.10450 0.19276 7
0.29605 -0.35671 0.10497 0.25525 -0.05385 -0.15248 -0.20033 -0.44798 -0.18699 -0.26529 -0.35105 0.10177 0.26166 0.26245 -0.64819 -0.53640 7
-0.02304 -0.43948 -0.41552 0.14798 0.45067 0.45390 -0.22296 0.39661 -0.12290 -0.48090 -0.67857 -0.40174 0.32124 -0.91895 -0.58060 0.98463 7
0.07328 -0.01317 -0.26453 -1.03672 -0.98001 -5.92355 4.85972 -3.32727 0.05227 7.79839 -0.55059 -0.32414 0.15336 1.55757 -0.42665 0.59060 7
1.41190 -0.18742 -0.37577 -0.58539 -0.59260 -0.82125 0.36047 -0.80980 0.02556 1.14365 -0.63964 -0.36750 0.28621 0.59444 -0.70805 -0.56468 7
-0.03496 0.32176 -0.39987 -0.91742 -0.91915 0.70398 -0.35527 0.75897 0.61081 0.06112 -0.66937 -0.37762 0.14396 -0.64974 0.04621 0.52778 7
0.00570 -0.31095 0.06993 -1.26252 -0.84078 0.59483 -0.22813 0.76332 0.15885 0.07679 -0.50708 0.06117 0.06562 -0.19185 -0.43467 -1.07118 7
-0.00206 -0.26847 -0.31600 -0.70719 -0.78536 0.57360 -0.35527 0.52892 -0.44150 -0.33344 -0.50474 -0.28408 0.31633 -0.09749 -0.53203 -0.47728 7
-0.10817 -0.61589 -0.35603 1.27479 1.31684 -0.70548 0.12714 -0.92816 -0.04131 0.24615 1.85287 -0.38665 0.29591 -0.28369 -0.94547 1.25873 7
-0.09900 -0.23684 -0.33642 0.35789 0.90919 -0.14996 0.87088 0.54907 -0.26310 -0.59296 -0.95934 -0.33045 0.28474 -1.14588 -0.53909 1.53284 7
-0.03212 -1.14462 -0.41463 -0.09624 0.65725 -0.49559 -0.35527 -1.11927 0.31462 0.21274 -0.64948 -0.39939 0.22578 0.90388 -0.92901 -0.19012 7
-0.10134 -0.09532 -0.39470 -1.66405 -1.60584 1.17450 -0.35527 1.57306 -0.70370 -0.50522 -0.66392 -0.37337 0.06780 -1.31981 1.27514 0.16230 7
-0.08973 0.62147 -0.38554 0.11733 -0.33328 0.51496 -0.35527 0.60280 0.05625 -0.20735 -0.02107 -0.38309 0.27800 0.00229 0.06614 0.12576 7
-0.03283 0.06640 -0.38522 0.25231 0.19515 0.13559 -0.09420 0.06522 0.51876 0.28627 -0.61550 -0.37994 0.04180 0.61813 0.66177 -0.47728 7
-0.03658 -0.37142 3.12530 -1.25434 -0.92232 0.67613 -0.33600 0.57181 0.06821 0.35874 -0.53599 3.33036 0.22842 -0.18699 0.37847 0.86280 8
-0.11271 2.76114 -0.40669 -1.16314 -1.28872 0.85829 -0.35527 0.53379 0.95787 -0.55174 0.14538 -0.41082 0.32971 0.93014 0.49739 -1.48234 8
-0.08341 0.46046 -0.31800 -1.32805 -1.43173 1.01497 -0.35527 1.37938 0.29029 -0.18193 -0.19411 -0.31110 0.19022 -0.39103 0.05210 0.96749 8
-0.11321 -0.02559 -0.42394 -0.79772 -1.27168 0.65519 -0.35527 0.64856 -0.70370 -0.10009 1.19394 -0.41082 0.32971 -1.06825 -1.19221 -1.48234 8
-0.05334 -3.72119 -0.24036 6.48199 5.60812 -3.11309 -0.02419 -3.58988 -0.70370 -0.69203 0.15719 -0.32464 0.15266 3.50678 -0.87797 0.58068 8
0.28931 0.79941 1.09974 -0.69175 -0.60193 -0.24126 -0.02414 -0.22654 1.06398 1.48503 0.23400 1.16600 -2.46651 2.72381 0.82511 -1.04912 8
-0.08381 -0.87060 -0.31390 7.20821 1.17776 -0.19396 -0.35527 0.10278 -0.23503 -0.42430 0.76318 -0.34813 0.25796 1.81594 -0.95084 0.02525 8
-0.07112 0.43486 -0.25214 -1.38058 -1.22500 0.68988 -0.35527 0.76855 0.35899 0.21932 -0.50467 -0.26867 -0.17641 0.64164 -0.24680 -0.33370 8
0.03135 0.44416 -0.41790 -1.31830 -1.38830 0.60479 -0.35527 0.72683 0.38111 0.82511 -0.82589 -0.40457 0.29766 -0.31858 -0.52902 -0.41816 8
-0.10254 0.19819 -0.40508 1.17031 0.17971 -1.02733 -0.35527 -1.34425 0.06368 1.19155 0.67853 -0.38282 0.21223 1.67620 -0.80126 -0.27627 8
0.16827 0.13941 -0.07604 -1.12263 -1.15984 0.66191 -0.30203 0.84614 -0.17289 -0.00692 -0.58645 -0.08672 0.24417 -0.59836 -0.52108 -0.31609 8
0.00612 0.19245 -0.37069 -0.66432 -0.55254 0.16700 -0.12298 0.13671 1.06449 0.50567 -0.04753 -0.35624 -2.04048 0.99799 0.66408 -0.11180 8
-0.09963 0.70642 -0.38672 -0.80016 -0.65728 0.26828 -0.35527 -0.10041 -0.70370 0.22787 -0.32713 -0.38070 -5.71527 0.14858 -0.48725 -1.48234 8
-0.10137 0.92981 -0.42394 -1.25681 -1.37704 0.67250 -0.35527 0.99048 -0.20097 1.12977 -0.90040 -0.41082 0.30405 -0.90038 -0.35107 1.53284 8
-0.05465 -0.17134 -0.37514 0.31933 -0.10917 0.66030 -0.35527 0.60958 -0.46313 -0.60625 -0.89522 -0.35816 0.28674 -1.46042 -0.45578 -1.20823 8
0.10246 -0.00060 -0.24598 0.11862 0.00695 0.35622 -0.10631 0.46527 -0.27847 -0.13473 -0.89234 -0.22596 0.29354 -1.17055 -0.37979 -1.07118 8
-0.07475 0.45206 0.21684 -1.10650 -1.30573 0.76189 -0.34926 1.05231 1.24718 0.35575 -0.40414 0.21547 0.07088 -0.48309 0.31613 -1.25040 8
1.38108 -0.67333 0.17055 1.14267 0.73721 -1.19784 0.19876 -1.28297 -0.13066 1.11174 0.65676 0.07776 0.09238 1.30912 -0.64137 -0.17990 8
-0.11464 -1.21460 0.09170 0.13916 0.32322 -1.16193 -0.15284 -1.61728 -0.70370 1.12977 -0.73891 0.00641 0.32971 0.55254 -1.02893 1.53284 8
-0.09992 0.23577 -0.41854 -1.16591 -0.96046 -0.00277 -0.35527 -0.05216 -0.70370 1.79433 -0.41283 -0.39576 -0.00729 0.43631 -0.13141 0.43641 8
0.71307 -0.34030 0.33651 -0.28574 -0.32597 0.03609 0.33135 0.34285 0.32205 0.32486 -0.64936 0.29099 -1.59038 0.20959 0.19971 0.39377 9
0.34762 -0.63126 0.01150 -0.74427 -0.67850 -3.91340 3.03086 -1.89654 0.20912 4.52392 -0.53244 -0.03550 0.21811 0.43721 -0.45535 -0.02043 9
-0.07567 0.24432 -0.02272 -0.98518 -1.21299 0.14512 -0.35527 0.10445 -0.00410 0.83611 -0.05564 0.02305 0.21368 -0.71440 -0.91660 -0.26654 9
-0.01212 -0.58134 -0.38330 -0.61156 -0.79715 -0.28375 -0.35527 -0.62620 0.04129 1.03631 -0.67371 -0.37623 0.23294 -0.74292 -0.78956 -0.95025 9
-0.05370 0.16974 -0.39602 0.20073 -0.52346 -0.17075 -0.35527 -0.42864 0.46082 0.44555 -0.78079 -0.39151 0.30810 -0.12540 -1.08626 0.02525 9
-0.02949 1.06876 -0.41039 -1.65141 -1.82691 1.11909 -0.35527 1.70902 0.70373 0.27568 -0.53541 -0.39897 -0.11225 -0.52932 1.03714 -0.97981 9
-0.09969 0.70691 -0.38660 -0.32586 -0.68113 0.83058 -0.35527 0.88032 -0.70370 -0.45451 -0.66422 -0.39506 0.32971 -1.12434 -0.57537 0.77905 9
-0.06477 -0.25062 -0.40898 -0.43697 -0.59975 0.17230 -0.29162 -0.02114 1.23310 0.57122 -0.06018 -0.39451 0.23848 0.57897 -0.11568 0.20616 9
-0.08139 0.63869 -0.40228 -1.83385 -1.94110 1.49886 -0.35527 2.34870 -0.70370 -0.43475 -0.80555 -0.37189 0.27526 -2.18702 0.28820 -1.10544 9
-0.09715 0.94500 -0.33459 -0.41400 -1.09123 0.46301 -0.35527 0.44884 1.56294 0.24351 0.55769 -0.30057 -0.17149 1.09112 0.14016 1.53284 9
0.37896 0.18778 3.23479 -0.84393 -0.57035 0.79402 0.02095 0.95464 0.49665 -0.11453 -0.63322 4.55223 -2.72672 1.70703 2.95338 -0.34619 9
0.02089 -0.31388 -0.39076 -0.44034 -0.40069 0.59999 -0.35527 0.39722 -0.59047 -0.59759 -0.21981 -0.37364 0.28926 -0.76741 -0.78775 -0.96411 9
-0.09123 -0.27295 -0.37606 1.18234 0.27762 -1.21090 0.56047 -1.08879 -0.21658 0.30349 -0.18036 -0.40193 0.14328 1.78380 -0.59435 1.03031 9
-0.00699 0.41020 -0.41853 -0.74986 -0.58833 0.59143 -0.24199 0.67362 0.05068 0.09826 -0.64342 -0.40806 0.14878 -0.75824 -0.66349 -0.75286 9
-0.01679 0.65598 -0.25392 -1.35654 -1.47124 -0.07278 -0.35527 -0.14974 -0.24165 1.73110 -0.65245 -0.21417 0.22361 -0.27553 -0.70674 0.27652 9
-0.10647 0.49617 -0.40727 -1.16155 -1.34820 1.44688 -0.35527 2.16368 -0.70370 -0.86778 -0.66444 -0.38362 -0.27895 -1.32282 -0.26695 -0.47728 9
-0.10283 0.32803 -0.39193 -0.63207 -0.39675 -1.10491 -0.35527 -1.41980 0.24808 3.80045 0.19141 -0.34138 0.32971 0.52639 -0.45200 0.14122 9
-0.05748 -1.54280 -0.42065 1.13034 1.09012 -1.42388 0.60622 -1.41028 0.20296 0.92775 0.27167 -0.40668 0.27188 0.08898 -0.59204 0.12576 9
-0.05340 0.36893 -0.41005 -0.19202 -0.98206 0.28461 -0.35527 0.29979 0.43687 0.40967 0.73865 -0.39417 0.06780 0.99218 0.03345 -1.07118 9
-0.03682 -0.43828 -0.14453 0.41726 0.46326 -2.36224 -0.35527 -2.86787 0.07942 2.57153 0.75253 -0.13292 -2.64919 4.02812 -0.81281 -0.27627 9
-0.08404 0.41044 -0.29859 -1.20044 -1.34427 -0.71149 -0.06536 -0.86035 -0.29092 1.47392 -0.43017 -0.28283 0.30864 -1.00537 -0.59024 -0.70423 10
0.22965 0.47603 -0.30463 -1.22150 -1.19511 1.28444 -0.32503 1.93250 -0.00992 -0.16238 -0.34289 -0.31508 -0.31060 -1.37687 1.71851 -0.04030 10
-0.09319 0.01059 -0.33269 0.02446 -0.81689 0.95489 -0.35527 1.19286 -0.70370 -0.63639 -0.72144 -0.29601 0.31365 -1.81329 -0.20839 0.16230 10
-0.09293 -2.18752 -0.38074 1.94124 2.05701 -2.28114 1.88562 -1.79322 -0.41493 0.66819 0.30352 -0.37921 0.24130 0.80513 -1.01428 0.19276 10
-0.00860 -1.29433 -0.25925 -0.63663 -0.63184 -3.58611 4.06265 -1.62948 0.11528 1.94069 -0.45895 -0.23454 0.18762 1.99922 -0.74352 0.02525 10
-0.07285 0.46156 -0.33589 -0.57121 -1.14198 1.05479 -0.35527 1.61756 1.26680 -0.00327 -0.38993 -0.30299 -1.06794 -0.86592 2.13060 -0.67056 10
-0.06020 0.49414 -0.19980 -1.39991 -1.42157 1.54355 -0.35527 2.43004 -0.35170 -0.73030 -0.88513 -0.16042 0.21295 -2.10485 2.60620 0.71052 10
0.04371 0.57297 -0.39481 0.03167 -0.29006 -0.12753 -0.01292 -0.32361 0.25662 1.12977 -0.61901 -0.38162 -0.16577 1.57361 0.48702 -0.66002 10
-0.04977 0.33375 -0.35812 -0.28662 -0.43908 0.74355 -0.35527 0.92440 0.02068 0.10375 -0.75600 -0.34475 0.16953 -1.47858 -0.10010 -0.30977 10
0.31927 0.16268 0.08128 -0.74505 -0.51612 0.97796 -0.35527 1.19500 -0.39137 -0.14799 -0.84709 0.03204 -0.10699 -0.92960 -0.17680 -0.20926 10
0.59087 -1.63010 -0.36028 2.89034 2.20703 -1.40334 -0.07584 -1.91072 -0.36082 0.51596 -0.35434 -0.35533 -0.00497 1.00720 -0.47194 -0.62318 10
-0.01426 5.42612 0.66126 -2.02978 -2.10678 -2.59821 5.72388 2.95940 -0.70370 -1.03833 -0.75429 0.78025 -1.03730 0.52245 1.63817 -1.48234 10
-0.09566 -0.07956 -0.41955 -0.30512 -0.38895 0.07875 -0.35527 -0.28624 -0.37639 0.23013 -0.46635 -0.39888 0.31301 0.12182 -0.81674 -0.87930 10
0.18992 1.34508 -0.05643 -0.80574 -0.78915 -0.57420 0.62705 -0.23830 0.75251 1.61307 -0.09824 -0.07402 -1.72861 1.24432 0.86703 -0.68588 10
-0.08027 0.73580 -0.37663 -0.95736 -1.29455 0.80596 -0.30712 1.12517 -0.48438 0.23695 -0.80666 -0.36281 0.16184 -1.16116 -0.65496 -0.47728 10
-0.03575 -0.15788 -0.39114 -0.17526 -0.45482 0.53129 -0.35527 0.34705 -0.50987 -0.20547 -0.70596 -0.37193 0.27036 -1.13427 -0.69063 -0.72854 10
-0.04249 0.41134 -0.38823 -0.99511 -1.13220 1.13074 -0.35181 1.74752 0.06519 0.31187 -0.87973 -0.36874 -0.01032 -1.01553 0.92939 -0.35165 10
0.14447 -0.17890 -0.07974 -0.02050 0.09901 -0.07910 -0.03697 -0.10303 -0.28761 0.47970 -0.70539 -0.04219 -0.41189 0.67870 -0.27083 0.81494 10
0.88449 0.67786 -0.18266 -0.60649 -0.61019 -0.84105 0.10430 -0.97199 0.21922 2.04713 -0.56732 -0.20292 -1.19810 1.43098 0.02721 -0.77351 10
-0.07840 1.27913 -0.18336 -0.43411 -0.99689 -0.67710 1.48773 0.95846 -0.25246 1.01560 -0.92544 -0.30382 -0.07325 -1.43654 -0.46414 -1.48234 10
