-0.11570 0.80700 -0.42394 0.62146 0.15695 -0.41399 -0.35527 -0.86066 -0.70370 1.47666 0.30522 -0.41082 0.32971 -0.88195 -0.49827 0.77905 1
-0.11590 2.35830 -0.42394 0.17724 -0.08212 0.57235 -0.35527 0.30131 -0.70370 -0.61254 0.60867 -0.41082 -0.57982 0.33588 4.72942 1.53284 1
-0.11640 -0.22336 -0.42394 -0.89113 0.95503 0.17837 -0.35527 -0.27300 -0.70370 0.82625 0.47924 -0.41082 -1.59428 0.97383 1.14528 1.53284 1
-0.11763 1.07821 -0.42394 -0.37990 -0.31912 -0.64283 -0.35527 -2.24754 -0.70370 -1.12498 1.84120 -0.41082 -0.07048 0.41880 0.19567 -1.48234 1
-0.11576 -0.21606 -0.42394 -0.67872 -0.30644 0.63638 -0.35527 -0.12849 -0.70370 -1.12498 1.01413 -0.41082 0.16570 1.64666 0.88961 -1.48234 1
-0.11283 1.80687 1.33829 -0.68179 0.30325 -1.94157 3.14987 0.10924 -0.70370 0.67084 0.12749 1.74126 -0.02444 0.44291 0.76715 1.53284 1
-0.11458 -1.18748 -0.42394 1.62959 1.38413 -0.19919 -0.35527 -0.72467 -0.70370 -0.84546 1.07465 -0.41082 0.32971 0.35502 0.56090 1.53284 1
-0.11335 1.01400 -0.42394 0.21608 0.30018 0.65991 -0.35527 0.67683 -0.70370 -0.07626 -0.23998 -0.41082 0.32971 0.74078 0.19567 -1.48234 1
0.00690 0.59902 -0.18739 -0.63369 -0.62401 0.81726 0.22186 1.32779 -0.35513 -0.68906 0.01462 -0.36949 -8.93691 1.90295 2.15633 1.37415 1
-0.11173 -0.80708 -0.40919 1.42300 1.76009 -0.36813 -0.35527 -1.12348 0.28154 -0.61511 0.79118 -0.37487 0.32971 -0.01007 -0.92140 1.53284 1
-0.11018 -0.15632 -0.39989 0.42159 0.24483 0.25257 -0.35527 -0.09978 -0.70370 -0.53422 -0.21598 -0.37958 0.24233 -0.37324 -0.24052 -1.48234 1
-0.11441 0.20936 6.03153 0.11054 0.77495 0.43992 -0.35527 -0.19717 -0.70370 -0.03397 1.08070 6.51095 0.32971 -0.16164 2.89839 1.53284 1
-0.11705 -0.40498 -0.42394 0.37257 0.23070 -0.30892 -0.35527 -1.49849 -0.70370 -1.12498 -0.01729 -0.41082 0.32971 0.96860 -1.19221 -1.48234 1
-0.11452 0.37779 -0.42394 0.87076 1.54211 -0.35787 -0.35527 -0.99491 -0.70370 0.04127 0.84469 -0.41082 0.32971 0.60609 -0.31565 0.67136 1
-0.11698 0.70765 -0.42394 1.58290 0.96906 -0.08074 -0.35527 -0.82148 -0.70370 -1.12498 1.75925 -0.41082 0.32971 -0.17719 1.27514 0.62829 1
-0.11528 0.77423 -0.42394 0.27524 -0.81265 0.23525 -0.35527 -0.15756 -0.70370 0.08292 0.13664 -0.41082 0.32971 -0.33266 0.04146 1.53284 1
-0.11573 0.13143 -0.42394 1.65791 0.45567 -0.03055 -0.35527 -0.24075 -0.70370 0.11238 -0.39976 -0.41082 0.32971 -1.08884 -0.26695 -1.48234 1
-0.11749 -0.58127 -0.42394 0.30456 1.67020 -0.67931 -0.35527 -1.18293 -0.70370 1.05704 0.26776 -0.41082 0.32971 -0.61770 -1.19221 1.53284 1
-0.10965 -0.72946 3.85016 -0.19185 0.41584 0.69307 -0.35527 0.41649 0.26692 -0.45525 -0.27103 3.59033 0.32971 0.26804 1.83590 1.53284 1
-0.11546 0.47809 -0.42394 1.02416 0.62316 0.07636 -0.35527 -0.39320 -0.70370 -0.74065 -0.25672 -0.41082 0.32971 0.36698 -1.19221 -1.48234 1
-0.11611 0.94750 -0.42394 -0.63882 -0.56088 0.61575 -0.35527 0.43838 -0.70370 0.06173 0.81809 -0.41082 0.32971 -0.90967 3.24901 0.52778 2
-0.11419 -0.04583 -0.42394 1.03760 0.57905 0.12021 -0.35527 -0.59976 -0.70370 -0.83342 0.79224 -0.41082 0.24346 -0.20310 -0.74809 -1.48234 2
-0.11824 -1.01319 -0.42394 4.17717 1.06339 -0.01354 -0.35527 -0.18485 -0.70370 -1.12498 1.13517 -0.41082 0.32971 -1.12798 -1.19221 -1.48234 2
-0.11501 0.21876 -0.42394 0.52334 0.96906 0.14581 -0.35527 -0.48641 -0.70370 -0.76897 0.16912 -0.41082 0.32971 -1.04371 -0.33813 -1.48234 2
-0.11795 2.56633 -0.42394 -1.39966 -2.14403 0.90619 -0.35527 0.79739 -0.70370 -1.12498 -1.04345 -0.41082 0.32971 -1.20999 -1.19221 -1.48234 2
-0.11487 -0.35207 -0.42394 0.11998 0.33671 0.21009 -0.35527 -0.52619 -0.70370 -0.76518 -0.30300 -0.41082 0.32971 0.06517 -0.68753 1.53284 2
-0.10960 -0.74955 -0.41269 0.17857 0.67629 0.10078 -0.35527 -0.51908 -0.70370 -0.56129 0.21758 -0.41082 0.32971 0.92994 -0.25722 1.53284 2
-0.11775 1.76194 -0.42394 -0.84198 -0.67396 0.66416 -0.35527 -0.32809 -0.70370 -1.12498 1.53128 -0.41082 0.32971 -0.91923 4.35932 1.53284 2
-0.11674 -0.36732 -0.42394 -0.26153 -1.58401 0.07636 -0.35527 0.57098 3.46787 2.47303 -0.84676 -0.41082 0.32971 0.52245 0.82653 -1.48234 2
-0.09015 -0.66929 -0.27512 0.92054 1.14612 -0.71013 0.43297 -0.83652 0.05137 -0.34349 0.26196 -0.26391 0.26549 -0.03066 -0.29044 0.73470 2
-0.11660 0.06519 -0.42394 -0.67766 -0.27303 -0.09220 -0.35527 -0.49738 -0.70370 0.10488 -0.11486 -0.41082 0.14780 0.78243 -1.19221 -1.48234 2
-0.11497 0.88910 -0.22657 -0.08021 -0.30325 0.21408 -0.35527 -0.03856 -0.70370 0.31422 0.10355 -0.18255 0.32971 1.14144 1.27514 -1.48234 2
-0.11710 0.06003 4.87685 -0.46711 -0.70396 0.54951 -0.35527 0.19713 -0.70370 1.12977 0.94406 5.31118 0.32971 0.08057 7.13508 1.53284 2
-0.11411 0.23305 -0.42394 -0.37706 -0.72329 0.27956 -0.35527 -0.06422 -0.70370 0.06173 0.11848 -0.41082 0.24195 -0.32429 0.65830 1.53284 2
-0.11625 0.24373 -0.42394 0.34989 -0.08212 0.70743 -0.35527 0.48691 -0.70370 -1.12498 0.34489 -0.41082 0.32971 -0.62990 3.56624 1.53284 2
-0.09926 -0.08688 -0.39786 0.91839 0.65822 0.40764 -0.35527 0.02787 -0.31235 -0.85495 2.03144 -0.39654 -1.90688 0.28516 0.56090 1.38208 2
-0.10861 0.98707 -0.42394 -1.46690 -1.25644 1.39322 -0.35527 1.59532 -0.70370 -0.69956 -0.48483 -0.41082 0.26678 0.72668 2.56575 -1.48234 2
-0.10530 -0.20014 -0.37835 0.81353 1.02128 -0.46385 0.18167 -0.76899 -0.70370 -0.37130 0.60596 -0.33112 0.07889 -0.21740 -0.14722 0.02525 2
-0.11068 0.25255 -0.42394 -0.42948 -0.33986 0.95105 -0.35527 0.96109 -0.70370 -0.74919 -0.27278 -0.41082 0.32971 -0.98153 0.58428 -0.47728 2
-0.10913 -0.65901 3.33791 0.32839 1.13061 -0.15564 -0.35527 -0.67732 -0.70370 0.13284 0.59981 3.40188 0.32971 0.34734 0.65830 -1.48234 2
-0.11535 -0.04218 -0.42394 -0.37990 -0.20192 0.49589 -0.35527 0.31825 -0.70370 -0.30007 -0.39976 -0.41082 0.32971 0.09843 0.39394 -1.48234 3
-0.11296 0.38486 -0.33392 0.02312 0.70126 0.71151 -0.35527 0.64497 -0.70370 -0.89173 -0.26668 -0.36149 -0.08428 0.46341 -0.04362 -1.48234 3
-0.11705 -1.04521 1.26636 -0.26153 1.77615 0.20479 -0.35527 -0.36579 -0.70370 -0.23495 0.05431 0.53030 0.32971 -0.88767 4.35932 -1.48234 3
-0.09113 -0.95587 -0.41661 1.58965 1.66924 -1.11532 0.20165 -1.44124 0.47741 -0.14701 -0.16644 -0.40220 0.31765 0.01575 -0.64547 0.83703 3
-0.11666 -0.70960 -0.42394 2.87420 1.27882 0.14886 -0.35527 -0.28903 -0.70370 -1.12498 -0.40340 -0.41082 0.32971 -0.25229 -1.19221 -1.48234 3
-0.11560 0.87877 -0.42394 -1.14012 -0.10141 0.44707 -0.35527 0.08656 -0.70370 -0.67996 0.84469 -0.41082 0.32971 0.15913 -1.19221 -1.48234 3
-0.11431 0.16182 -0.42394 -0.21062 -0.04687 0.74657 -0.35527 0.81254 -0.70370 -0.49866 -0.09938 -0.41082 0.23707 -0.09945 -0.60784 0.52778 3
-0.09893 -0.75582 -0.41369 1.65687 1.91336 -0.97013 1.16142 -0.58943 -0.31698 -0.59131 -0.46652 -0.41082 0.27051 -0.20310 -0.54855 -0.47728 3
-0.11167 0.31298 -0.40932 -0.14395 -0.76344 0.37404 -0.35527 0.19713 0.48457 0.51484 -0.45340 -0.41082 0.32971 -0.96163 -0.05343 1.53284 3
-0.11557 0.07519 -0.42394 1.26031 0.82522 0.07636 -0.35527 -0.21150 -0.70370 -0.33844 0.87965 -0.41082 0.32971 -0.13400 -0.39913 1.53284 3
-0.10905 -0.92536 -0.42394 -0.04847 1.05401 0.04184 -0.35527 -0.55242 -0.70370 -0.74210 -0.31977 -0.41082 0.25420 0.55820 -0.64255 -0.27627 3
-0.08809 -1.36819 -0.42064 1.09796 1.66300 -0.73568 0.29308 -1.02293 0.19671 -0.73667 0.02368 -0.41082 0.31822 0.82453 -0.41030 0.86280 3
-0.09644 -0.24185 -0.40574 0.47256 0.69234 -0.19161 -0.16471 -0.76753 -0.03908 -0.37977 -0.67443 -0.39869 0.32971 -0.34355 -0.36435 0.52778 3
-0.09512 -1.75223 3.60834 0.05720 0.64661 0.42244 -0.35527 0.06871 -0.03110 -0.31281 0.62334 3.38013 0.24390 0.15880 0.85309 0.92980 3
-0.11283 0.80566 -0.40632 -0.54957 -0.23691 0.40152 -0.03243 0.49268 -0.70370 -0.13750 -0.05619 -0.35861 0.32971 -1.20302 -0.36976 -0.47728 3
-0.08833 -1.87235 -0.01773 1.63529 2.66152 -1.28793 1.01286 -1.05097 -0.47571 -0.45642 -0.32348 -0.11973 0.30644 0.24891 -0.70056 -0.11180 3
-0.10830 -2.16347 3.56147 1.01944 2.22163 -0.13940 -0.35527 -0.96674 -0.70370 -0.51449 -0.20497 3.43655 0.25747 0.47335 0.33174 -1.48234 3
-0.11075 0.09672 -0.42394 -0.46227 -0.07257 0.79485 -0.35527 0.82770 -0.70370 -0.40919 -0.05911 -0.41082 0.32971 -0.93209 -0.45200 -0.72854 3
-0.08387 -1.01045 0.73648 0.19400 0.55266 0.01181 -0.34768 -0.54265 -0.08323 -0.55416 -0.36845 0.75109 0.27694 0.29678 -0.51044 -0.87930 3
-0.11634 0.44718 -0.42394 0.96294 1.48080 0.74595 -0.35527 0.68449 -0.70370 -1.12498 -0.57915 -0.41082 0.32971 -1.17503 -1.19221 1.53284 3
-0.11510 0.90086 -0.36556 0.04351 -0.39584 0.54367 -0.35527 0.22348 -0.70370 -0.73623 -0.15838 -0.24639 0.32971 -0.56588 1.18702 1.53284 4
-0.11264 -0.93658 1.67117 1.22184 1.41726 -0.00222 -0.35527 -0.65832 -0.70370 -0.92246 0.27046 1.34518 0.32971 -0.58351 1.30031 0.02525 4
-0.11543 0.93793 -0.42394 -0.15760 -0.02713 0.58505 -0.35527 0.27039 1.98210 -0.66168 -0.00728 -0.41082 0.32971 -0.27389 2.97144 1.53284 4
-0.11022 0.72710 -0.41185 0.16290 -0.19117 0.33556 -0.35527 -0.31096 -0.70370 -0.80133 0.47313 -0.37659 0.32971 0.42130 -0.06309 1.53284 4
-0.11551 -0.69948 2.98844 0.26224 0.46942 0.36403 -0.35527 -0.02114 2.09721 -0.15866 -0.78120 2.96107 0.32971 -0.61770 1.58355 -1.48234 4
-0.07148 -0.84116 1.74340 0.24820 1.08524 -0.10692 0.28244 -0.27985 -0.53438 -0.65767 -0.37669 1.62746 0.30379 0.97016 0.09567 0.02525 4
-0.11306 -0.18329 2.65962 -0.14349 0.65610 0.68896 -0.35527 0.57632 0.72743 -0.87811 -0.28312 2.25179 0.18365 -0.47301 0.14782 -1.48234 4
-0.06277 -0.79375 -0.32475 0.93308 1.12770 -0.30095 0.19225 -0.49642 -0.44554 -0.67967 -0.27290 -0.33548 0.27043 0.31377 -0.21397 0.48408 4
-0.10817 -0.34030 -0.37544 0.09201 0.00610 0.65813 -0.35527 0.61863 0.04750 -0.60665 -0.07018 -0.35601 0.02305 -0.35270 -0.69874 0.02525 4
0.31643 -0.14371 -0.41307 -0.27423 -0.78958 1.15132 -0.22696 1.45723 -0.46791 -0.71009 1.03194 -0.39705 -6.62970 1.69197 1.97071 -0.23831 4
-0.11291 0.25941 -0.42394 1.81545 1.49614 -0.36465 -0.35527 -1.13866 -0.70370 -0.92246 -0.36162 -0.41082 0.32971 0.46026 -0.71974 -0.62086 4
-0.11458 0.01448 2.03859 0.20105 0.60010 0.57235 -0.35527 0.44659 1.29696 -0.77986 0.28156 2.28961 0.32971 0.27696 1.10497 -1.48234 4
-0.09090 -0.77976 -0.34389 1.13662 1.21273 -0.60689 -0.35527 -1.31171 -0.70370 -0.24024 -0.15838 -0.35128 0.25833 0.93258 -0.89293 0.60509 4
-0.11001 -0.11448 -0.42394 -0.48899 -0.87967 0.26191 -0.35527 -0.17414 -0.70370 0.13937 -0.54217 -0.41082 0.14270 0.53071 -0.97450 1.53284 4
-0.08549 0.43287 -0.42394 1.31985 1.34554 -1.17239 1.30159 -0.80724 -0.47518 -0.57312 -0.21990 -0.41082 0.30639 0.17710 -0.86921 0.61518 4
0.23633 -0.42029 0.37313 0.08011 0.19198 -0.82309 0.77233 -0.56726 0.19679 0.19347 -0.38344 0.34473 0.27255 -0.24673 -0.18423 0.40215 4
-0.11217 -0.26626 -0.23463 -0.17276 0.33047 0.37602 -0.35527 0.28457 0.47741 -0.51375 -0.35781 -0.23847 0.26944 -0.27490 0.51595 -1.48234 4
-0.06716 -0.60773 -0.30258 0.77543 1.04840 -0.28961 0.01871 -0.55611 -0.42872 -0.41345 -0.21045 -0.29545 0.31568 -0.10502 -0.44859 0.46866 4
-0.11097 -0.41909 -0.39739 -0.24374 -0.14696 0.18445 -0.25101 -0.01323 -0.70370 -0.30804 0.45324 -0.37626 0.08805 0.87891 -0.92140 -1.48234 4
-0.01338 -0.29379 0.11842 -0.35944 -0.34178 0.60067 -0.30270 0.41751 0.30176 -0.11323 0.52439 0.04462 -2.17576 1.13349 1.31266 0.65500 4
-0.10033 0.05865 -0.41290 0.30366 0.50637 0.10183 0.29503 0.23734 -0.70370 -0.42843 -0.38059 -0.39445 0.28392 -1.00584 0.44059 0.02525 5
-0.11229 -0.12993 -0.40786 1.64323 2.28669 -0.69170 0.27609 -1.02784 -0.70370 -0.34748 -0.29419 -0.41082 0.32971 0.25099 -0.92785 -1.48234 5
-0.11382 0.60580 -0.42394 -1.07791 -0.55067 0.17464 -0.35527 -0.00612 4.69255 0.11617 -0.62938 -0.41082 0.32971 -0.96684 -0.49827 -1.48234 5
-0.06858 -0.18340 -0.41790 0.31951 0.48725 0.25282 -0.35527 -0.13413 -0.26243 -0.43993 -0.38464 -0.40545 0.30719 -0.67209 -0.59204 1.53284 5
-0.10599 -0.52575 -0.35183 -0.48910 -0.54758 -0.33237 0.94480 0.05406 -0.70370 -0.64694 -0.65942 -0.41082 0.32971 0.10188 0.23533 1.53284 5
-0.10857 0.96123 -0.42394 -0.03183 -0.43508 0.78241 -0.35527 0.76180 -0.70370 -0.85762 -0.65008 -0.41082 0.32971 -0.94750 -0.84524 1.53284 5
-0.10764 0.33690 -0.42394 -0.35797 -0.35087 0.48954 -0.35527 0.35709 -0.70370 -0.02609 -0.65145 -0.41082 0.29359 -0.70091 -0.37581 -1.48234 5
-0.10931 0.76175 -0.42394 -0.62656 -0.61516 0.40461 -0.35527 0.29738 1.95781 0.55843 -0.36911 -0.41082 0.32971 -0.36337 0.56090 -0.72854 5
-0.11412 1.47170 -0.42394 -1.18283 -0.85638 1.44183 -0.35527 1.96379 -0.70370 -0.70221 -0.08877 -0.41082 -0.54571 -0.26366 0.39394 1.53284 5
0.34001 -0.35858 1.37964 -0.13651 0.17158 -0.08733 0.17922 -0.18832 -0.14462 -0.13042 -0.08638 1.31389 -0.27653 0.47285 0.17909 0.08637 5
-0.11475 -0.69948 -0.42394 -0.29704 -0.05327 0.46472 -0.35527 -0.09472 1.49928 -0.36495 -0.08984 -0.41082 0.21729 -0.84385 -0.02347 0.92980 5
-0.10995 -1.05199 -0.42394 1.38847 0.96573 -0.46049 -0.35527 -1.43083 0.07434 -0.99077 2.56622 -0.41082 0.32971 1.05290 -0.56135 -1.48234 5
-0.10429 -1.43248 -0.33221 0.49102 0.95729 -0.68572 -0.02285 -1.04082 -0.22665 0.35624 0.21133 -0.30640 0.32971 0.22724 -0.81962 0.86280 5
-0.10918 0.12318 -0.42394 -0.92914 -0.86410 0.60963 -0.35527 0.52454 0.22994 0.48555 0.43521 -0.41082 -0.57548 -0.05824 0.84713 1.53284 5
-0.08399 -0.27164 0.58626 0.36020 0.10893 0.17116 -0.35527 -0.04804 1.01427 -0.08775 -0.41600 0.43526 0.30779 -0.84917 0.15982 -0.27627 5
0.21402 -0.43774 -0.40973 0.77805 0.51716 -0.63455 0.08010 -0.83818 -0.01149 0.16317 -0.60889 -0.40469 0.27298 0.02337 -0.74404 0.24062 5
-0.09841 0.17682 -0.33400 -0.93102 -0.68912 1.02958 -0.35527 1.30244 0.13061 -0.69322 -0.38914 -0.31951 0.30842 0.04402 -0.46810 -0.87930 5
-0.10285 -0.71890 -0.42394 1.12417 1.23266 -0.34096 0.68453 -0.01281 -0.20481 -0.52257 -0.54298 -0.41082 0.30425 -0.35196 -0.21253 0.77905 5
-0.11235 0.09402 -0.34274 0.61315 0.37609 0.30111 -0.35527 0.00974 -0.70370 -0.48684 -0.53770 -0.36583 0.01509 -0.23272 1.48784 1.53284 5
-0.05129 -0.13863 -0.37907 -0.26394 -0.06954 -1.44968 1.69201 -0.74367 0.02247 0.19029 -0.45853 -0.40199 0.29883 -0.12412 -0.66235 -0.62086 5
-0.11576 -0.21606 -0.42394 0.34000 -0.12269 -0.53279 -0.35527 -1.22542 -0.70370 -0.73623 -0.83130 -0.41082 0.32971 -0.34751 -0.57537 -1.48234 6
-0.08974 -0.29631 -0.42045 0.77362 0.89019 -0.93873 -0.02618 -1.37695 0.22551 0.19741 0.10594 -0.41082 0.31785 0.94665 -0.65453 1.13082 6
-0.08217 0.22803 -0.41841 0.71217 0.87063 -0.90442 0.50600 -0.87993 0.30074 0.46905 -0.82609 -0.41082 0.31946 0.41320 -0.93500 -1.48234 6
-0.09075 -0.18994 -0.41671 0.42694 0.63362 -0.36650 0.18457 -0.41028 -0.70370 0.30734 0.25756 -0.40105 0.26137 0.43125 -0.42977 0.62829 6
-0.11136 -0.20736 -0.42394 0.17014 -0.29459 0.49069 -0.35527 0.29765 -0.70370 -0.59096 0.05431 -0.41082 0.22439 0.04952 -0.91463 -0.72854 6
-0.10874 0.31255 -0.42394 -1.22898 -1.33729 0.99761 -0.35527 1.17937 0.22994 -0.48077 -0.33644 -0.41082 0.32971 -0.79669 0.65830 0.52778 6
-0.05231 -0.29668 -0.41483 0.74605 0.68617 -0.47090 0.46747 -0.37293 -0.37196 -0.43825 -0.60671 -0.41082 0.22249 -0.44151 -0.59398 0.82339 6
-0.05882 -1.11925 -0.41889 1.47920 1.57537 -0.39393 0.08113 -0.50269 -0.36311 -0.38079 -0.48781 -0.41082 0.31233 -0.38498 -0.74310 0.59060 6
-0.06978 -0.74363 -0.42394 0.64832 1.09198 -0.43359 -0.04213 -0.75782 -0.41954 -0.19367 -0.47752 -0.41082 0.23546 0.23014 -0.26277 0.13294 6
-0.09709 -0.27721 -0.41456 -0.41860 -0.34201 0.12853 -0.13436 0.03743 0.77325 0.27628 -0.52270 -0.41082 0.19782 -0.50999 0.09412 -0.27627 6
-0.03561 0.26537 -0.30265 -0.14193 -0.13392 -0.12539 -0.35527 -0.22053 1.80994 1.16694 0.31474 -0.29292 0.23351 1.03550 -0.09457 -0.69265 6
-0.08987 5.69530 0.39685 -0.22769 1.80085 -4.39524 6.21769 -1.23114 -0.34851 -0.75736 0.12540 -0.08688 0.32971 0.73271 -0.93519 -0.47728 6
-0.11657 0.07273 -0.42394 0.16185 -0.56426 0.80938 -0.35527 1.00603 -0.70370 -0.46182 -0.35685 -0.41082 0.32971 -0.91923 -1.19221 -1.48234 6
-0.11581 -0.66463 0.12822 -0.24180 0.03834 0.68567 -0.35527 0.60850 -0.70370 -0.08433 -0.24564 0.13938 0.17579 -0.80456 0.04146 -1.48234 6
-0.10905 0.58046 -0.40274 0.11061 0.34378 -0.26022 -0.35527 -1.12726 0.05331 -0.47206 0.35402 -0.35559 0.17519 1.84808 -0.39913 0.52778 6
-0.03048 -0.22608 -0.35084 0.20399 0.21967 -0.60985 -0.16395 -0.98715 0.63975 0.61993 -0.47486 -0.32433 0.27728 0.39524 -0.61791 -0.04654 6
-0.05193 -0.67432 6.16128 0.46679 0.74889 0.65820 -0.21300 0.73370 0.41587 0.20276 -0.78776 6.73657 0.30828 0.63647 1.38990 0.37316 6
-0.11378 0.55536 -0.42394 -0.05797 -0.68333 0.67186 -0.35527 0.75778 0.87746 -0.57948 1.89365 -0.41082 0.32971 -0.45186 0.92266 -0.47728 6
-0.11397 0.08636 -0.31388 -1.58282 -1.57497 1.16350 -0.35527 1.53942 -0.70370 -0.80889 0.38015 -0.41082 0.23620 -0.08464 -1.19221 0.92980 6
-0.10959 0.87439 -0.42394 -1.08909 -0.98425 0.87173 -0.35527 1.10817 0.34477 -0.03980 -0.70280 -0.41082 0.00870 -1.31440 1.58355 -0.47728 6
-0.07324 -0.66416 -0.41950 1.12839 1.19105 0.30532 -0.35527 -0.04921 -0.54365 -0.71084 -0.39063 -0.41082 0.32154 -0.40473 -0.66766 0.92980 7
-0.07588 -1.47650 0.49804 0.18329 1.01287 -0.48159 0.47785 -0.40767 0.02247 -0.06024 -0.39237 0.37728 0.29265 1.09503 0.13652 0.62829 7
0.35598 0.19606 0.02736 0.23690 0.48549 -1.24896 1.04443 -1.04238 0.00262 0.64599 -0.48811 -0.20108 0.25175 -0.03232 -0.38102 0.15883 7
-0.05240 -0.37706 1.20176 -0.25990 0.13368 -0.67056 -0.35527 -1.28164 0.76810 0.88797 -0.51764 1.48757 0.29216 1.66879 -0.51243 -0.09072 7
-0.11525 -0.52889 -0.39341 -0.03244 -0.77535 0.25036 -0.35527 0.35664 -0.70370 0.73333 2.59248 -0.33222 0.21976 1.00148 -1.19221 0.52778 7
-0.04359 -0.86482 0.81080 0.50807 0.55583 -0.08862 0.20322 -0.07551 -0.08357 -0.30485 -0.02259 0.64113 0.19786 0.32728 0.12285 0.16230 7
-0.08478 -0.12171 1.46792 -0.49464 -0.36474 0.74251 -0.35527 0.87461 0.22114 -0.36719 -0.68982 1.36044 0.29431 -0.26004 -0.29196 0.77905 7
-0.02671 -0.25109 -0.41847 -0.45907 -0.19688 0.33049 -0.02559 0.42659 0.08617 -0.15606 -0.80053 -0.41082 0.28940 -0.70087 -0.32342 -0.87930 7
-0.10265 0.45049 -0.41761 -1.26543 -1.27371 0.94873 -0.35527 1.12848 -0.70370 -0.07994 -0.58908 -0.41082 0.27350 -0.93918 0.82653 -1.48234 7
-0.03368 -1.01039 -0.41565 0.80439 0.77698 0.19022 -0.35527 -0.25734 -0.53379 -0.61209 -0.64013 -0.40462 0.31670 -0.74083 -0.53099 0.19276 7
0.06335 -0.07562 -0.42007 -0.30480 -0.32956 0.20211 -0.13963 0.09212 0.28448 0.27746 -0.85480 -0.40918 0.30908 -0.25709 -0.26257 -0.54010 7
-0.11768 1.93128 -0.42394 0.57949 -0.78704 0.32871 -0.35527 -0.08935 -0.70370 -1.12498 -1.04345 -0.41082 0.32971 -1.96515 -1.19221 -1.48234 7
-0.08628 -0.42637 -0.41459 0.09189 0.07474 -0.00317 0.24861 0.15062 0.82011 0.10170 -0.77032 -0.41082 0.31675 0.08947 -0.70947 0.02525 7
-0.11156 0.48716 -0.42394 -0.46996 -0.61669 0.61575 -0.35527 0.56820 0.41667 -0.54519 -0.43763 -0.41082 0.15820 -0.44033 0.26872 1.53284 7
-0.09961 0.44215 -0.34955 -1.14998 -1.32941 0.96597 -0.29964 1.39764 -0.23687 0.00239 0.10207 -0.37676 -0.48020 0.03456 0.11403 0.98463 7
0.48107 -0.65348 1.07059 0.10235 0.23865 -0.23860 -0.14585 -0.47562 -0.26740 0.10973 -0.47314 0.98639 0.27796 0.34954 -0.49269 -0.25952 7
0.08808 -0.89784 -0.09729 2.85727 1.15829 -0.17845 -0.33998 -0.36445 -0.14388 -0.14318 0.48208 -0.11582 0.01230 0.32928 -0.15324 -0.20089 7
-0.10196 4.23256 0.04327 -2.01425 -2.01742 -0.83415 3.34483 3.20503 -0.70370 -0.98347 0.87615 -0.11155 -0.21448 0.41051 0.80065 -1.48234 7
1.04789 0.10339 1.00757 -0.23655 -0.02579 -0.40905 0.62107 -0.27056 0.00649 0.13042 -0.30751 0.85280 -0.50754 0.30092 0.13975 -0.32461 7
-0.06142 -0.28248 -0.35879 -0.50783 -0.88906 0.10837 0.50649 0.71089 -0.01877 0.58824 -0.16142 -0.39208 -1.40037 0.32377 0.56965 -0.07526 7
0.01461 0.14941 0.52867 -0.68379 -0.26192 0.12658 -0.12395 0.04968 0.25888 0.43169 0.01381 0.49120 0.17621 0.59108 -0.04652 0.21853 8
0.00577 -0.08248 -0.27021 -0.30685 -0.34310 0.44654 0.05343 0.72565 -0.06986 0.04127 -0.67207 -0.24639 -0.10153 -0.05374 0.16051 -0.36803 8
-0.11044 1.78905 -0.41153 -1.31552 -1.21179 -0.38828 0.26174 -0.67597 0.41667 1.77398 -0.34414 -0.41082 0.21537 1.23813 0.41693 0.02525 8
1.39371 0.45018 0.22086 -1.24714 -1.12130 0.42378 -0.23533 0.38140 0.20488 0.38526 -0.12598 0.25967 -1.17767 0.54107 0.26145 0.39497 8
-0.09972 0.22647 -0.42394 -0.23289 -0.72273 1.05219 -0.35527 1.38052 -0.70370 -0.90393 -0.76402 -0.41082 0.28611 -1.17167 -0.70947 0.52778 8
-0.00479 -0.07056 -0.36823 -0.97713 -0.73132 0.70864 0.01502 1.22527 -0.17462 -0.40787 -0.36453 -0.36118 0.18315 -1.02385 0.35705 0.29130 8
-0.06497 -0.01801 -0.41456 -0.51560 -0.32111 0.49770 -0.17345 0.54243 -0.39758 -0.04249 -0.78539 -0.39965 0.11883 -0.25315 -0.28692 -0.72854 8
0.53260 0.61095 -0.40525 -1.69568 -1.75357 1.28512 -0.25945 1.82556 0.21126 -0.30851 -0.64035 -0.39028 -0.29699 -0.60082 0.58165 -0.09072 8
-0.11631 0.87547 -0.42394 -1.36064 -1.40900 0.41883 -0.35527 0.38812 3.75230 1.94968 2.78385 -0.41082 0.32971 3.06888 0.04146 -1.48234 8
-0.00907 0.34871 -0.10785 0.03812 -0.95123 0.56705 -0.35527 0.88192 0.98955 0.51801 -0.07681 -0.13028 0.21450 -0.35978 -0.08743 -0.24886 8
0.19846 0.11068 -0.08474 -0.99606 -0.96929 -0.99879 1.00831 -0.24343 0.95355 1.53092 -0.40055 -0.06075 0.06237 0.66787 -0.22349 -0.83910 8
-0.00739 0.06693 -0.25653 0.27654 0.58504 -0.82090 -0.35527 -1.29223 0.94549 1.71990 -0.27473 -0.30900 -0.45358 0.31869 0.03219 0.06202 8
-0.05468 -0.13440 -0.42237 0.72813 0.43462 -0.64163 -0.19863 -1.07894 0.37358 0.60325 -0.19379 -0.41082 0.29123 0.46275 -0.68876 0.62829 8
-0.04470 0.55536 -0.38580 -0.39404 -0.93993 0.16397 0.10821 0.50506 0.29662 0.67729 -0.26286 -0.39865 -0.70253 0.40942 -0.18005 -0.75454 8
0.06562 -0.25794 3.06029 -0.57298 -0.40207 -0.62498 -0.33954 -1.29312 -0.08115 0.38478 -0.41473 3.17345 0.24749 0.99994 -0.95764 -0.38591 8
2.78498 0.15318 -0.14302 -0.87834 -0.96777 -2.72569 0.82776 -2.20558 -0.08276 4.43517 -0.72666 -0.17533 0.17322 1.00812 -0.64638 -0.44119 8
-0.07475 0.45206 0.21684 -1.10650 -1.30573 0.76189 -0.34926 1.05231 1.24718 0.35575 -0.40414 0.21547 0.07088 -0.48309 0.31613 -1.25040 8
-0.08906 0.29690 -0.24652 -1.06425 -1.10739 0.88276 -0.35527 1.20079 0.13899 -0.01053 -0.79327 -0.25711 0.25804 -1.21445 0.18339 0.02525 8
-0.07295 0.04870 -0.33127 -0.69609 -0.98315 0.76369 -0.15316 1.25057 0.22727 0.12766 -0.82451 -0.32251 0.29170 -0.94000 -0.10658 -0.87930 8
-0.04009 0.03332 0.32481 -0.88989 -0.77637 -0.51473 -0.35527 -0.88848 0.63493 1.16877 -0.15583 0.26634 0.16577 0.64439 -0.50135 -0.20669 8
-0.04912 -0.30558 -0.34860 -0.01499 -0.13274 -0.12101 -0.35527 -0.63973 0.25845 0.33188 -0.68206 -0.33282 0.25879 0.29499 -0.66033 0.37316 9
-0.10533 0.01448 -0.42394 0.26295 -0.18394 -1.33721 -0.21574 -1.42996 0.71022 1.63926 2.18311 -0.41082 0.23351 1.65604 -0.71208 0.02525 9
0.25131 0.43625 -0.40790 0.92533 -0.54293 0.06005 -0.03354 0.50452 0.34393 0.69923 1.10707 -0.39423 0.04930 0.09840 -0.24238 -0.84012 9
-0.09536 0.17529 -0.41526 -0.42548 -0.31678 0.76988 -0.35527 0.83824 0.02113 -0.31227 -0.43911 -0.39760 0.25573 -1.16572 0.16389 -0.72854 9
-0.11830 2.51605 -0.42394 -0.48347 0.37609 1.08772 -0.35527 0.96109 -0.70370 -1.12498 -1.04345 -0.41082 0.32971 -2.27610 2.50881 -1.48234 9
0.20432 0.01402 0.21255 -0.66842 -0.50679 0.37241 -0.12371 0.50961 0.04731 0.60078 -0.66532 0.16060 -1.28118 -0.53168 0.24378 -0.74225 9
-0.11315 0.42280 -0.42394 2.30416 0.31977 0.70438 -0.35527 1.04393 -0.70370 -0.92124 4.45965 -0.41082 0.02836 0.53651 -0.57537 0.02525 9
3.80260 0.77805 0.33356 -0.76037 -0.86151 -0.57544 -0.07987 -0.75882 0.64881 1.85038 -0.18822 0.32900 -0.61093 1.12037 -0.13730 -0.99438 9
0.04688 -0.00458 0.12392 -1.56255 -1.51255 -0.24274 -0.35527 -0.49523 0.12318 1.85459 0.47960 0.19584 -3.63187 1.55869 -0.59956 -1.00329 9
0.00737 -0.16329 -0.16031 0.11630 -0.04926 -0.27287 -0.30718 -0.50798 -0.01975 0.95935 -0.36584 -0.16131 -0.43228 0.20680 -0.54679 -0.64835 9
-0.06099 -0.01149 -0.39598 -0.45355 -0.34761 0.16789 -0.29123 -0.06788 0.27592 0.75800 -0.32730 -0.39550 0.22973 -0.11504 -0.26883 -0.10038 9
0.01765 -0.10382 -0.30946 -0.77492 -0.97024 -1.09429 -0.35527 -1.51052 -0.20122 2.44610 -0.62936 -0.30267 0.24253 1.39038 -1.04226 -0.24886 9
0.39812 0.13780 -0.26410 -1.31397 -1.20393 0.09374 -0.23451 0.03140 -0.07139 1.01396 -0.49572 -0.23247 0.20694 -0.52763 -0.83010 -0.41816 9
-0.10131 0.87322 -0.37724 -0.18645 0.29903 -0.03294 -0.35527 -0.49831 0.17551 0.31584 -0.39305 -0.37874 0.30727 0.85547 -0.51588 -0.27627 9
0.26975 0.07212 -0.16463 -0.69787 -0.81659 -0.24003 -0.10103 -0.19239 0.39120 1.29323 -0.73562 -0.21895 0.24690 -0.88808 -0.64542 -0.91190 9
0.01881 -1.38973 -0.41442 0.87503 1.21414 -1.57674 0.14112 -1.90763 0.66704 1.14173 -0.53320 -0.40220 0.03786 1.80164 -0.63251 -0.47728 9
-0.07724 0.57265 -0.39716 -0.55255 -0.61230 0.53758 -0.35527 0.62877 0.66875 0.36316 -0.77738 -0.38936 0.13962 -1.05043 -0.66349 1.15594 9
-0.08293 0.10071 -0.32509 -0.66491 -0.25864 0.68335 -0.35527 0.76356 -0.47222 -0.08678 -0.80444 -0.29259 0.23521 -0.87629 -0.73670 -0.11180 9
0.26338 -0.07810 0.98986 -0.70911 -0.41998 -0.10574 -0.05543 -0.46544 0.58042 0.85308 -0.32765 1.13589 -1.60043 2.43521 0.51911 -0.62086 9
-0.05850 0.01202 -0.39379 -0.70776 -1.21284 0.40731 -0.35527 0.42359 -0.02947 0.71263 -0.28509 -0.39114 -2.50520 -0.33606 -0.36418 -0.19012 9
0.18126 -0.61774 -0.34912 -0.05215 -0.20425 0.28366 -0.13399 0.29671 -0.52569 -0.21255 -0.66272 -0.33382 0.26872 -1.17535 -0.66490 -0.35165 10
-0.11728 1.87824 -0.42394 -1.13858 -1.21557 0.66124 -0.35527 0.66537 -0.70370 -0.03397 0.03549 -0.41082 0.32971 -0.35709 1.02840 -1.48234 10
-0.11397 1.96237 -0.42394 -1.74798 -1.62897 1.53982 -0.35527 2.52539 2.40842 -0.05129 -0.75296 -0.41082 0.32971 -2.16129 2.50881 -1.48234 10
-0.09802 0.11449 -0.40924 0.28871 -0.51955 0.62692 -0.35527 0.77640 -0.70370 -0.25777 -0.74215 -0.38462 0.32971 -2.06439 -1.19221 0.02525 10
0.11807 0.90357 -0.33084 -1.26991 -1.18559 0.76562 -0.35527 0.96539 -0.11513 0.44235 0.24315 -0.33164 0.02562 -0.53466 -0.11122 0.36499 10
-0.02220 -0.24548 -0.30805 -0.37428 -0.84808 -0.01572 0.49458 0.60579 -0.35927 0.22668 -0.87646 -0.31030 0.21107 -1.32313 -0.60784 -1.20823 10
-0.03180 0.05026 -0.25232 -1.21918 -1.24674 -0.70714 -0.35527 -0.91682 0.67159 2.78945 -0.45365 -0.26030 -0.31505 1.01821 -0.39096 -1.28462 10
0.33857 0.14539 0.10902 -0.99935 -0.85942 0.52969 -0.11511 0.73371 -0.23918 0.33738 -0.50973 0.12438 -0.16016 -0.06513 -0.25550 -0.01942 10
-0.10371 0.12188 -0.42394 2.51709 0.91324 -0.97261 -0.35527 -0.83967 -0.70370 0.70320 4.15219 -0.41082 0.27176 3.47000 -1.11116 -1.12052 10
-0.09407 0.30237 -0.21431 -0.49503 -0.95936 1.13261 -0.35527 1.53204 -0.35729 -0.58718 -0.76816 -0.12017 0.22365 -2.03289 -0.15130 -0.47728 10
0.19131 0.27947 -0.37427 -0.69438 -0.61691 0.82608 -0.27456 1.10887 -0.35735 0.13467 -0.80370 -0.36028 0.10879 -1.19683 -0.40901 -0.17576 10
-0.07619 0.87019 -0.33845 0.66694 -0.62127 -0.77365 0.87540 -0.03022 -0.34129 0.68799 1.45782 -0.39760 0.32046 -1.22158 -0.40930 -0.30568 10
0.00521 0.29368 0.13120 -0.48652 -0.45828 -0.03237 -0.33400 -0.32522 -0.31000 1.16146 -0.52959 0.17086 -2.32550 1.16246 0.25602 -0.43862 10
-0.10473 -0.40990 -0.30744 1.60955 0.37609 0.42212 -0.35527 0.33493 -0.18364 -0.58671 -0.52291 -0.33493 0.19702 -2.03295 0.51595 0.52778 10
-0.10335 0.50835 -0.33127 0.09853 -0.59782 0.93134 -0.35527 1.29649 -0.70370 -0.71253 -0.30092 -0.32359 0.32971 -2.07486 -1.19221 1.53284 10
-0.01847 -0.13945 -0.29729 -0.46461 -0.42197 -0.13420 0.02354 -0.09415 -0.62492 0.60073 -0.79598 -0.36771 0.06441 -0.13011 -0.69108 0.09704 10
2.63707 0.72032 -0.36236 -1.00396 -1.01316 -0.60727 -0.28247 -0.62894 0.44059 3.07278 -0.54283 -0.35298 -0.41470 0.42518 -0.15393 -0.85002 10
-0.04836 0.35518 -0.38094 -0.77348 -0.89312 1.21005 -0.35527 1.82443 -0.43803 -0.11676 -0.82477 -0.37690 0.16703 -1.84641 -0.45200 0.29130 10
0.08083 0.31051 -0.33414 -1.38403 -1.54622 1.42295 -0.35527 2.36602 -0.46050 -0.22722 -0.85748 -0.32565 0.15349 -2.14725 1.06770 -0.60952 10
0.24773 0.18674 -0.31849 -0.61785 -0.88387 -1.00725 -0.04190 -1.00986 0.03360 2.32241 -0.84676 -0.30606 -0.23563 0.59549 -0.83116 -0.33657 10
