-0.11605 3.99853 -0.42394 -1.88545 -1.86839 -0.12098 2.18247 2.71998 -0.70370 -1.12498 0.27825 -0.41082 0.09704 1.30605 0.24044 -1.48234 1
-0.11126 -1.27462 -0.42394 1.04419 1.14717 0.11756 -0.35527 -0.50982 -0.70370 -0.95672 0.45758 -0.41082 0.27993 0.31558 -0.05343 -1.48234 1
-0.10174 -0.47901 -0.42394 2.07209 2.19143 -0.92251 0.81961 -0.92098 -0.27089 -0.82634 0.26676 -0.41082 0.32971 -0.44587 -0.20087 -0.27627 1
-0.11545 -0.67488 -0.42394 0.58269 1.06339 -0.03822 -0.35527 -0.92634 -0.70370 -1.12498 0.03830 -0.41082 0.21200 0.52245 -0.74809 -1.48234 1
-0.11674 1.21442 -0.42394 3.39387 2.49829 -1.61584 -0.35527 -2.38858 -0.70370 -0.60465 0.62958 -0.41082 0.32971 -0.00892 -1.19221 0.52778 1
-0.11396 0.76312 -0.42394 0.02066 0.57905 -0.16774 -0.35527 -0.97819 -0.70370 -0.86482 0.42783 -0.41082 0.32971 0.48611 -0.15130 1.03031 1
-0.11262 -0.49034 -0.42394 1.46842 1.58768 -0.73964 -0.35527 -1.53227 1.45085 -0.56749 0.05644 -0.41082 0.32971 -0.71833 -0.60784 0.92980 1
-0.11712 -1.78079 5.84961 -0.18598 0.46942 0.26763 -0.35527 -0.32809 -0.70370 0.98885 -0.23425 6.29465 0.32971 1.13547 -1.19221 -1.48234 1
-0.11283 1.80687 1.33829 -0.68179 0.30325 -1.94157 3.14987 0.10924 -0.70370 0.67084 0.12749 1.74126 -0.02444 0.44291 0.76715 1.53284 1
-0.11766 0.55536 -0.42394 1.17722 -1.53573 0.78935 -0.35527 0.86560 -0.70370 -1.12498 1.53128 -0.41082 0.32971 0.88994 -1.19221 -1.48234 1
-0.11501 0.62268 -0.42394 0.25663 1.20164 -0.12427 -0.35527 -0.80557 -0.70370 -0.06807 0.96850 -0.41082 0.32971 1.02711 0.44059 1.53284 1
-0.11771 0.27017 -0.42394 2.93433 2.26618 -1.10049 -0.35527 -1.84010 -0.70370 0.12766 2.18019 -0.41082 0.32971 -0.45591 -1.19221 1.53284 1
-0.11710 2.04136 -0.42394 -0.07464 -1.32353 0.94695 -0.35527 0.89368 -0.70370 -1.12498 1.10216 -0.41082 0.03545 0.77686 1.42027 1.53284 1
-0.11447 -0.14698 -0.42394 1.85844 2.01416 -0.75553 -0.35527 -1.58147 -0.70370 -0.59652 -0.17303 -0.41082 0.32971 -0.37071 0.04146 0.52778 1
-0.11579 -0.22458 -0.38734 0.43493 -0.10141 0.34456 -0.35527 0.11341 -0.70370 -0.19837 0.28935 -0.31284 0.19266 0.88462 -0.53909 -1.48234 1
-0.10902 -1.87127 3.65522 1.15432 1.51084 -0.01254 -0.35527 -0.71546 -0.70370 -0.46698 0.36328 3.81945 0.29078 -0.42276 0.39394 1.53284 1
-0.11428 1.16939 -0.42394 -0.35631 0.46942 0.26191 -0.35527 -0.14241 1.11172 -0.18550 0.30522 -0.41082 0.32971 0.74456 1.14528 1.53284 1
-0.11578 0.90010 -0.42394 -1.28585 -0.36013 1.11365 -0.35527 0.73190 -0.70370 -1.12498 1.02170 -0.41082 0.32971 4.95349 -0.18284 -1.48234 1
-0.11710 -0.60042 0.06429 0.05619 0.27726 0.54951 -0.35527 0.31466 -0.70370 -1.12498 0.21531 0.13938 0.32971 0.70902 1.98009 -1.48234 1
-0.11795 -0.65122 -0.42394 -1.08098 -0.46395 1.22890 -0.35527 1.48999 -0.70370 -1.12498 0.72668 -0.41082 0.32971 -1.34325 -1.19221 -1.48234 1
-0.11197 -1.36458 -0.42394 1.34993 1.77615 -0.33472 -0.35527 -1.11814 -0.70370 -0.95064 -0.12133 -0.41082 0.32971 -0.71412 -0.60784 -0.47728 2
-0.11759 0.30638 -0.42394 1.51395 1.16362 0.47591 -0.35527 0.04434 -0.70370 -1.12498 1.84120 -0.41082 0.32971 0.00420 -1.19221 -1.48234 2
-0.11464 -0.36014 -0.42394 0.91291 1.35819 0.35620 -0.35527 -0.09836 -0.70370 -1.12498 -0.01211 -0.41082 0.32971 0.35783 -0.39913 1.53284 2
-0.11611 0.75143 -0.42394 0.13795 -1.02752 0.37977 -0.35527 0.29571 2.45862 0.51153 0.79564 -0.41082 0.16834 -0.24079 -1.19221 -0.47728 2
-0.11756 0.79668 -0.42394 -0.50737 0.06107 0.90619 -0.35527 0.64856 -0.70370 -1.12498 0.40896 -0.41082 0.32971 0.88124 4.35932 -1.48234 2
-0.11664 -0.07206 -0.42394 1.44293 0.84134 -0.03871 -0.35527 -0.56683 -0.70370 -0.49866 0.17470 -0.41082 0.32971 -0.10948 -1.19221 1.53284 2
-0.11444 -0.60653 0.01779 -0.19577 0.77583 0.33607 -0.35527 -0.37773 -0.70370 -0.79012 1.72934 0.15572 0.03254 0.59421 2.09758 -1.48234 2
-0.11329 -0.26065 -0.42394 0.58516 0.47301 -0.05355 0.24616 0.30131 2.26696 -0.10009 -0.08011 -0.41082 0.32971 -0.65155 -0.33813 0.02525 2
-0.11538 0.85701 -0.42394 -1.55900 -1.79813 1.26924 -0.35527 1.00603 -0.70370 -1.12498 0.63151 -0.41082 0.32971 2.53861 1.83590 1.53284 2
-0.11101 1.37759 -0.42394 -0.23289 -0.34241 0.55485 -0.35527 0.58345 2.63831 0.02802 -0.44085 -0.41082 0.32971 -0.48979 0.94299 0.02525 2
-0.11258 -0.60210 -0.42394 0.39806 0.86578 -0.14324 -0.35527 -0.75092 -0.70370 -0.10627 1.46292 -0.41082 0.32971 0.76185 -0.30396 0.77905 2
-0.10360 -0.30543 -0.41721 1.32269 1.28896 -0.47911 0.33203 -0.67109 -0.21718 -0.62144 -0.47128 -0.41082 0.30488 -0.41475 -0.13478 -0.72854 2
-0.11625 0.24373 -0.42394 0.34989 -0.08212 0.70743 -0.35527 0.48691 -0.70370 -1.12498 0.34489 -0.41082 0.32971 -0.62990 3.56624 1.53284 2
-0.10476 -0.75753 -0.42394 2.21984 2.01519 -1.09192 0.56145 -1.20031 0.26692 -0.53897 -0.23180 -0.41082 0.32971 0.27341 -0.53355 1.19782 2
-0.11001 -0.39359 1.39172 1.05902 0.75664 0.06036 -0.35527 -0.50421 -0.70370 -0.98637 0.19963 1.64113 0.32971 -0.47016 -0.30396 1.10210 2
-0.11528 0.19058 -0.42394 -0.24502 0.10116 0.46940 -0.35527 -0.18485 -0.70370 -1.12498 -0.48811 -0.41082 0.32971 -0.16896 -1.19221 -1.48234 2
-0.10008 -0.19280 -0.38035 -0.74921 -0.23317 0.63231 -0.35527 0.35458 0.21463 -0.41212 1.19871 -0.32706 0.23599 1.61522 1.24330 -0.72854 2
-0.11698 0.40307 -0.42394 -0.83037 0.56994 -0.32513 -0.35527 -0.46359 4.59532 3.44546 0.27386 -0.41082 0.32971 -1.23478 0.04146 1.53284 2
-0.11810 4.34153 -0.42394 -2.03701 -2.14403 -1.16362 -0.35527 -1.65820 13.30086 1.29082 7.03464 -0.41082 0.32971 5.10977 -1.19221 -1.48234 2
-0.11628 1.29226 -0.42394 0.63217 -0.15633 0.69177 -0.35527 0.57911 -0.70370 -1.12498 0.41919 -0.41082 0.32971 -0.27901 -0.18284 1.53284 2
-0.11460 1.15865 -0.42394 0.25746 0.53737 -0.11035 -0.35527 -0.85512 -0.70370 -0.16777 0.51761 -0.41082 0.32971 -0.04314 1.02840 0.32677 3
-0.11713 -2.31189 -0.42394 -0.96791 -0.54032 1.06234 -0.35527 0.23734 -0.70370 0.65509 3.54931 -0.41082 0.32971 -1.26762 -1.19221 1.53284 3
-0.10907 -0.09820 -0.37085 0.27339 -0.18997 -1.51415 2.50714 -0.15242 -0.70370 -0.80591 0.54851 -0.34334 0.23532 -0.43235 0.49007 1.53284 3
-0.11167 1.28250 -0.42394 0.07553 -0.26561 0.31847 0.06582 0.53716 0.42961 -0.53849 0.61991 -0.41082 0.32971 -0.85462 -0.39913 0.92980 3
-0.11004 -0.34096 -0.42394 0.40427 0.29946 0.54833 -0.35527 0.23465 -0.70370 -1.12498 0.47696 -0.41082 0.32971 -0.90652 -0.57537 0.92980 3
-0.10219 -0.39131 -0.40549 0.22479 0.79096 -0.50961 0.22438 -1.15449 -0.70370 -0.28574 -0.05742 -0.39307 0.30488 0.27784 -0.14833 0.92980 3
-0.11305 -1.43783 -0.42394 1.19024 1.74733 -0.48985 -0.35527 -0.69855 -0.70370 0.04127 0.38417 -0.41082 0.27221 0.27217 -0.95597 1.53284 3
-0.11063 -0.31773 -0.39851 1.08797 0.93510 0.23165 -0.35527 -0.17980 -0.70370 -1.12498 -0.60711 -0.41082 0.32971 0.60868 -0.60784 -1.48234 3
-0.06278 -1.03754 2.22970 0.79854 1.35274 -0.64420 0.66925 -0.66948 -0.28773 -0.57485 -0.12167 2.09306 0.26603 0.08609 -0.16415 -0.19012 3
-0.08026 -1.06171 -0.42394 1.80681 1.85084 -1.10993 0.75864 -1.15191 -0.51242 -0.26707 -0.07623 -0.41082 0.30043 -0.11960 -0.46087 0.14122 3
-0.11695 1.30229 1.40609 1.27722 1.03132 -0.88256 -0.35527 -1.33079 3.65327 0.37819 -0.27278 1.49652 0.32971 -0.44848 0.39394 -1.48234 3
-0.09565 -0.96327 1.98391 1.33381 1.56758 -0.38744 0.50719 -0.23797 -0.70370 -0.45304 0.16899 1.96940 0.19719 0.29765 -0.04826 0.32677 3
-0.09644 -0.24185 -0.40574 0.47256 0.69234 -0.19161 -0.16471 -0.76753 -0.03908 -0.37977 -0.67443 -0.39869 0.32971 -0.34355 -0.36435 0.52778 3
-0.10371 -0.64875 -0.41038 0.32908 0.33776 0.13525 -0.35527 -0.32281 -0.22197 -0.54329 0.27386 -0.37567 0.10847 -0.01990 -0.10173 0.02525 3
-0.09621 0.26746 -0.41944 -0.33033 -0.40115 0.61661 0.24596 1.28027 -0.32447 -0.79789 0.38273 -0.39698 0.27165 -0.41346 0.16182 0.52778 3
-0.11038 -0.96071 -0.20226 0.48100 0.42734 0.04962 -0.35527 -0.48269 0.16002 -0.67800 -0.03991 -0.19026 0.32971 0.69139 -0.11772 1.53284 3
-0.09978 -0.89136 -0.02188 1.39185 1.43640 -0.27421 0.17787 -0.38528 -0.70370 -0.73919 0.90734 0.16029 0.21558 -0.04739 -0.17443 0.68859 3
-0.09656 -0.39790 -0.42394 0.57226 0.86502 0.28372 -0.11575 0.25034 -0.70370 -0.84454 0.07453 -0.41082 0.32971 0.16786 -0.44648 -0.32266 3
-0.04754 -0.60169 1.46029 -0.21142 0.25164 0.34853 0.11191 0.42183 0.38893 -0.47578 -0.35016 1.39613 0.28634 1.27333 0.23710 0.64602 3
-0.11461 -0.59532 -0.42394 1.08208 1.02878 -0.31239 -0.35527 -0.95231 -0.70370 0.42646 -0.25011 -0.41082 0.23792 0.35783 -1.19221 1.53284 3
-0.10933 -0.71085 -0.41303 0.58380 0.43755 0.19484 -0.35527 -0.07548 0.10985 -0.00228 -0.49028 -0.41082 0.32971 -0.96428 -0.77323 0.02525 4
-0.11476 -0.13758 -0.42394 0.10925 0.70564 0.56015 -0.35527 0.50272 -0.70370 -0.44855 0.32827 -0.41082 0.32971 -0.61770 0.56090 -1.48234 4
-0.09855 -0.71902 -0.33841 0.03910 1.00258 -0.11340 -0.35527 -0.48334 -0.70370 0.47675 -0.34296 -0.31962 0.32971 0.22828 -0.46322 1.53284 4
-0.10981 -0.50853 -0.41242 -0.39431 0.09699 0.67047 -0.35527 0.45537 -0.70370 -0.64862 -0.78480 -0.41082 0.32971 -0.74265 1.33121 1.53284 4
-0.09211 0.00578 -0.38208 -0.53790 -0.12738 0.55864 -0.35527 0.46746 0.20122 -0.34449 -0.56108 -0.33379 0.31431 -0.36955 -0.47844 1.53284 4
-0.08914 -1.41242 -0.40000 0.87599 1.27085 -0.39332 0.09236 -0.68024 -0.47085 -0.80364 -0.38625 -0.38533 0.30594 0.47813 -0.53502 -1.14732 4
-0.11661 1.17290 0.25431 -0.27551 1.32630 0.38782 -0.35527 -0.25501 -0.70370 -1.12498 -0.85463 -0.11888 0.32971 -0.33577 1.58355 -1.48234 4
-0.11422 0.94062 -0.42394 -0.55433 -1.00182 0.68199 -0.35527 0.66899 -0.70370 0.20134 -0.60229 -0.41082 0.32971 -1.02068 0.47325 1.53284 4
-0.11646 1.35681 -0.42394 0.68453 -0.24425 0.95566 -0.35527 1.13086 -0.70370 -1.12498 -0.54657 -0.41082 0.32971 -0.83591 -0.08190 -1.48234 4
-0.11000 -0.47548 -0.42394 -0.07232 -0.32115 0.64481 -0.35527 0.50479 -0.70370 -0.81890 -0.11865 -0.41082 0.28444 -0.23525 0.30820 1.53284 4
-0.10315 0.24598 -0.42394 0.40209 0.55157 0.44695 -0.35527 0.11422 0.30956 -0.68801 -0.60164 -0.41082 0.32971 -1.02617 -0.30396 1.53284 4
-0.10322 -0.11310 -0.03650 0.25404 0.13653 0.82655 -0.35527 1.04813 -0.70370 -0.52562 -0.69805 -0.08488 0.30438 -0.65613 -0.38958 -1.48234 4
-0.10198 -1.32806 -0.41787 2.14375 2.93745 -1.41343 2.61706 0.21008 -0.14984 -0.83836 -0.26080 -0.41082 0.30144 -0.47807 -0.39913 -0.27627 4
-0.09497 -0.22235 1.86294 -0.49247 -0.06609 0.65870 -0.35527 0.45748 0.39163 -0.24323 -0.52820 1.82684 0.27381 0.12829 0.37160 1.53284 4
-0.11551 0.71222 -0.42394 -0.35918 -0.00575 0.55282 -0.35527 0.42737 1.98210 -0.19837 -0.00728 -0.41082 0.19266 -0.00086 0.11403 -1.48234 4
-0.11337 1.15334 -0.42394 -0.06888 0.00729 0.58253 -0.35527 0.56175 -0.70370 -0.10009 -0.69890 -0.41082 0.25391 -1.07770 -0.30396 1.53284 4
-0.10468 0.22893 -0.42394 -0.30820 -0.36481 0.66124 -0.35527 0.89878 1.66566 0.10117 -0.73980 -0.41082 0.32971 -0.96684 -0.52603 1.53284 4
-0.11106 0.39628 -0.41050 -0.85216 -0.72710 0.52129 -0.35527 0.34064 0.37954 -0.37755 -0.10408 -0.37130 0.32971 0.17437 0.99713 -0.72854 4
-0.11385 0.09850 -0.40250 -1.71524 -1.70024 1.54848 -0.35527 2.44598 2.05776 -0.64862 0.69277 -0.31008 0.04788 1.41241 4.01235 -1.48234 4
-0.08789 -0.13608 -0.39769 -0.25801 -0.25275 0.52162 -0.35527 0.53580 0.30693 -0.12254 0.10055 -0.36473 0.31681 -0.26461 -0.01103 0.77905 4
-0.11038 0.20550 -0.42394 0.15759 -0.02713 -0.27789 -0.29080 -0.66869 1.03909 0.37819 -0.27278 -0.41082 0.19631 1.19639 -0.10010 1.53284 5
0.15561 -1.01068 -0.19059 1.03171 1.13154 -0.61509 -0.07488 -1.10778 -0.18540 -0.29478 0.28158 -0.17132 0.18488 0.03518 -0.54109 0.81057 5
-0.10283 -1.06624 -0.42394 2.21385 1.13080 -0.55771 1.03538 0.20283 0.27174 -0.53605 -0.46995 -0.41082 0.32971 -0.56733 -0.18284 0.32677 5
-0.06916 -0.32704 -0.31803 0.39670 0.79268 -0.35420 0.35373 -0.30835 0.27907 0.31603 0.23803 -0.35106 -0.84044 0.22946 0.46144 -0.14226 5
-0.01232 -1.31650 2.00884 0.46749 0.91924 -0.23199 0.18502 -0.37550 -0.35296 -0.43524 -0.40714 1.94605 0.27243 -0.09976 -0.29286 0.27652 5
-0.08551 -0.95841 0.56265 0.29331 0.56198 0.22591 -0.35527 -0.02477 0.60050 -0.45005 -0.41798 0.62003 0.27425 0.48962 -0.32360 1.23132 5
-0.10678 -0.55781 -0.42394 1.45897 2.23430 -1.16250 1.23341 -0.71663 0.57776 -0.35129 -0.22619 -0.41082 0.32971 0.21893 -0.53909 -0.27627 5
-0.11335 1.01400 -0.05583 0.07072 0.93780 0.36551 -0.35527 -0.05752 -0.70370 -0.62392 -0.64171 0.01303 0.25560 -0.21192 -0.26695 0.02525 5
0.07085 0.14298 0.15124 -0.40028 -0.01677 -0.58714 1.14451 0.05032 0.22663 -0.03371 -0.13460 0.12371 -1.31758 0.84407 0.26293 0.00054 5
-0.11109 -0.24329 -0.42394 -0.74608 -0.77652 0.72084 -0.35527 0.86560 1.63040 -0.11840 -0.12983 -0.41082 0.32971 0.41211 1.35224 -1.48234 5
-0.11801 2.79615 -0.42394 -0.61663 0.20808 1.15514 -0.35527 1.34307 -0.70370 -1.12498 -1.04345 -0.41082 0.32971 -1.03230 4.35932 -1.48234 5
-0.09053 -1.35751 -0.38085 1.35805 2.44088 -1.81613 1.75011 -1.20346 1.87609 0.80342 -0.44855 -0.40036 0.30045 0.53523 -0.56135 0.02525 5
-0.09106 -1.24718 4.32042 0.34566 0.60087 -0.04483 -0.22114 -0.66394 -0.42678 -0.21735 0.54294 4.17567 0.31558 0.24950 0.10664 1.23132 5
-0.11463 0.31217 -0.42394 -0.15831 0.27990 0.75234 -0.35527 0.76180 -0.70370 -0.02211 -0.65008 -0.41082 0.32971 -0.72135 1.27514 -1.48234 5
-0.09322 0.48013 -0.40805 0.22811 -0.08102 0.28979 0.26852 0.73749 -0.70370 -0.30007 -0.45340 -0.41082 0.32971 -1.10435 -0.36362 0.71052 5
-0.05896 -0.57560 0.33235 0.06552 0.56414 -0.03679 -0.18738 -0.35035 0.01317 -0.54789 -0.27213 0.28220 0.29313 -0.12538 -0.35948 0.34831 5
-0.10811 0.53253 -0.36607 -0.11939 -0.24662 0.83009 -0.35527 0.96109 -0.70370 -0.47457 -0.46405 -0.38331 0.32971 -0.39019 -0.63706 0.92980 5
-0.10918 0.63163 -0.41320 -0.10326 -0.30525 0.01808 -0.35527 -0.30178 0.89683 0.25548 -0.39732 -0.41082 0.28887 0.24933 0.54945 1.53284 5
-0.11484 0.04108 -0.42394 0.86634 -0.18394 -0.29208 -0.35527 -0.63692 -0.70370 0.42646 0.16496 -0.41082 -0.12923 1.06724 -0.11772 -0.47728 5
-0.01682 -0.24285 -0.40021 0.63932 0.51136 -0.73636 0.07431 -1.09135 0.18688 0.12766 -0.21584 -0.38333 0.21435 0.78800 -0.48416 0.43641 5
-0.09785 -0.37680 1.51087 -1.09782 -1.04453 1.05251 -0.35527 1.42248 0.15436 -0.31090 -0.19717 1.38904 0.30781 -0.41783 0.29925 -0.37148 6
-0.11179 -3.42771 2.13712 1.42617 2.78781 -0.19030 -0.35527 -0.82769 -0.70370 -1.12498 -0.56267 2.10128 0.13449 0.21150 -0.83786 1.53284 6
-0.11305 0.46870 -0.42394 0.12593 -0.20548 0.93561 -0.35527 0.87294 -0.70370 -1.12498 0.04833 -0.41082 0.09883 -0.55001 0.58428 1.53284 6
0.70601 -0.32400 -0.37100 -0.33688 -0.25508 -0.14463 -0.03185 -0.24976 0.43755 0.37954 -0.57107 -0.36343 0.14932 0.39077 -0.34064 -0.48613 6
-0.11221 0.81867 -0.42394 0.31752 -0.42297 0.78779 -0.35527 0.40844 -0.70370 -0.88511 1.90388 -0.41082 0.18780 -0.92916 2.69386 1.53284 6
-0.10971 0.01634 -0.42394 -0.77709 -0.67885 0.87958 -0.35527 0.86776 -0.70370 -1.12498 -0.33243 -0.41082 0.28444 0.72151 -0.77323 -1.48234 6
-0.06365 -1.11904 -0.02997 0.90166 1.53224 -0.57948 0.60867 -0.42239 -0.57131 -0.50839 -0.31950 -0.02446 0.30944 0.14791 -0.54173 -0.40549 6
-0.10971 0.12414 -0.42394 0.03438 -0.43305 0.62007 -0.35527 0.51489 0.16385 -0.82567 -1.00186 -0.41082 0.32971 -1.19120 -0.75679 -1.48234 6
-0.10265 0.18082 -0.26573 -0.32767 -0.36678 1.02085 -0.35527 1.23422 -0.70370 -0.86212 -0.49082 -0.20699 0.32971 -0.89275 -0.53909 -1.05160 6
0.20261 -0.81115 0.25040 -0.63350 -0.46724 -3.48422 3.74088 -1.47131 -0.18695 2.44528 -0.25163 0.28270 0.29085 1.38560 -0.67909 -0.28883 6
-0.10459 -0.34925 -0.40952 -0.67111 -0.58322 0.75133 -0.35527 0.88781 1.00616 -0.53507 -0.35639 -0.41082 0.32971 0.09751 -0.15937 -0.19012 6
-0.11083 1.97570 -0.42394 -1.15626 -1.53309 0.04097 -0.35527 -0.24000 2.44172 0.68364 3.18953 -0.41082 0.22270 3.20543 0.96672 -1.48234 6
-0.11265 0.23195 -0.20194 -1.04402 -0.98579 0.60926 -0.35527 0.80363 0.79298 0.42408 -0.37389 -0.30162 -0.20490 0.26443 0.32184 1.53284 6
-0.07774 -0.13322 3.58912 -0.29390 0.09408 0.37602 -0.35527 -0.04948 0.09493 -0.19507 -0.44890 3.34024 0.32971 -0.18965 0.44835 0.69529 6
0.05753 1.92402 0.09480 0.23263 0.83555 -2.47828 3.63838 -0.49755 0.13306 -0.30403 -0.17668 -0.36121 0.28701 0.43387 -0.34499 -0.43708 6
-0.09938 1.35082 -0.12467 -0.43176 -0.31810 0.56788 -0.35527 0.54796 -0.28296 -0.10889 1.53396 -0.08849 0.24383 0.36673 0.36611 0.02525 6
-0.09067 0.33323 -0.42394 -0.01300 -0.28710 -0.27129 -0.09081 -0.53108 0.34477 0.23149 -0.32083 -0.41082 0.16920 0.79194 -0.46014 -0.81230 6
-0.05648 0.04121 -0.41098 -0.47435 -0.48106 0.98458 -0.35527 1.31369 0.08319 -0.62728 -0.44047 -0.40603 0.29625 -0.77139 0.06211 -0.59552 6
-0.09519 -0.01577 -0.41963 -0.11377 -0.46184 0.21314 -0.32144 -0.00783 -0.06610 0.02989 -0.61832 -0.41082 0.31344 0.13425 0.01003 1.53284 6
-0.07303 0.26237 -0.42394 -0.75189 -0.82703 0.86260 -0.08919 0.87804 -0.70370 -0.66535 0.15996 -0.41082 0.13709 -0.02694 0.05067 1.36533 6
-0.08701 -1.09853 2.45360 0.59586 1.45175 -0.58587 0.78857 -0.35273 0.54511 -0.47871 0.33310 2.45018 0.25324 0.12759 0.04146 1.31747 7
-0.07037 0.41200 -0.34877 -0.30182 -0.21577 0.28772 -0.35527 0.01965 0.08434 -0.03748 -0.67165 -0.34182 -0.12067 0.57071 -0.43518 -0.35165 7
-0.11200 -0.20890 -0.30095 0.29871 0.35379 0.41426 -0.35527 0.42031 -0.70370 -0.36495 -0.22041 -0.29027 0.27350 -0.05640 0.16735 -1.48234 7
-0.10893 0.43146 -0.42394 -0.54482 -0.26382 0.86031 -0.35527 0.72365 -0.70370 -0.82028 -0.55931 -0.41082 0.28464 -0.64959 -0.92140 -1.48234 7
-0.02676 0.33225 -0.37463 0.72782 0.12868 -0.14489 0.36752 0.23204 0.15775 0.24214 0.72331 -0.36996 -0.98902 1.64720 0.39970 0.22189 7
-0.06714 -0.19510 -0.16563 -0.24580 0.29227 -0.16631 -0.01213 -0.26080 0.01031 -0.18892 -0.51139 -0.16598 0.30785 0.26792 -0.73322 0.02525 7
-0.07543 0.11351 -0.42394 -0.29967 -0.42828 0.57587 -0.35527 0.37702 0.24623 -0.37121 -0.71669 -0.41082 0.32001 -0.61460 -0.45490 0.32677 7
0.00785 0.43102 0.59869 -1.33096 -1.15604 0.97793 -0.35527 1.21277 0.15467 -0.18721 -0.21119 0.62252 -2.08297 -0.64253 0.76901 0.44403 7
-0.08502 -0.14083 -0.37893 -1.04072 -0.87414 1.13902 -0.35527 1.51044 -0.70370 -0.64555 -0.48273 -0.37395 0.31681 -0.86495 0.71117 -0.66002 7
-0.11370 0.70287 -0.42394 -0.43964 -1.13917 0.49344 -0.35527 0.23186 1.07870 0.41235 -0.55514 -0.41082 0.23875 -1.24675 -0.30396 0.52778 7
-0.00942 -0.78014 -0.34467 -0.05899 0.04072 -0.83613 -0.35527 -1.55991 -0.27224 0.71440 -0.47712 -0.31188 0.27938 0.52686 -0.92475 0.02525 7
-0.11179 0.80210 -0.40905 -0.64057 -0.85520 0.94100 -0.35527 1.19028 1.91048 -0.22308 -0.85833 -0.41082 0.19631 -1.20302 0.00812 -1.48234 7
-0.10646 0.94947 -0.42394 -1.28756 -1.41657 0.70429 -0.35527 0.75646 -0.00347 0.20371 -0.87782 -0.41082 0.29398 -0.57406 -0.46174 1.53284 7
-0.11692 -0.47080 -0.36202 -0.17857 -0.59659 -0.36053 -0.35527 -0.47800 8.41554 2.02118 -0.23998 -0.24448 0.32971 -1.32340 -0.45200 -1.48234 7
0.25280 -0.34174 0.41064 0.07003 0.23400 -1.51073 1.61202 -0.75636 0.02386 0.33444 -0.50454 0.34144 0.28834 -0.27219 -0.49371 0.08653 7
-0.01357 0.75271 0.02929 -1.26058 -1.13643 0.66034 -0.20731 0.89631 0.50112 -0.01654 -0.49690 0.06094 0.23954 -0.00932 -0.03899 0.35299 7
-0.07282 0.57619 -0.32055 -0.15955 -0.58404 -1.33897 2.44282 0.24106 -0.50240 -0.29160 -0.67103 -0.33738 0.16536 0.24830 -0.57209 -1.48234 7
-0.11798 -4.95578 -0.06578 -1.70111 -1.43840 -3.90832 -0.35527 -3.90916 -0.70370 1.69346 1.73322 -0.11280 0.32971 1.89429 -1.19221 0.52778 7
-0.08958 -0.41471 -0.40658 -0.16755 -0.08913 -0.22330 0.31729 -0.10694 0.12944 0.40800 -0.72058 -0.39055 0.27302 -0.05053 -0.52335 0.52778 7
-0.11338 -0.09051 -0.42394 -1.30593 -1.24704 1.46714 -0.35527 2.14041 -0.70370 -0.79662 -0.77626 -0.41082 0.32971 -1.36085 -0.18284 -1.48234 7
-0.10324 0.58648 -0.41737 -0.84103 -1.23218 0.01393 -0.35527 -0.11928 0.36477 1.91617 -0.26459 -0.41082 0.27519 0.41051 -0.65712 -1.30498 8
-0.09759 0.57809 -0.18867 -0.98330 -0.96627 1.19944 -0.35527 1.60911 -0.70370 -0.77341 -0.66657 -0.14316 0.30891 -1.47173 0.27423 -1.48234 8
-0.10019 -0.46958 -0.41846 -0.35111 -0.44569 -0.10359 -0.01103 0.12982 0.50161 0.46905 -0.58337 -0.39616 0.28870 -0.18128 -0.81583 -0.27627 8
-0.09064 -0.31511 -0.42394 0.90441 1.40232 -1.16598 1.80531 -0.03913 -0.39590 0.09620 -0.81213 -0.41082 0.28259 -0.51611 -0.63356 0.52778 8
-0.11507 -1.97898 -0.42394 -0.13748 0.11081 1.15985 -0.35527 1.15477 -0.70370 -1.12498 0.22298 -0.41082 0.04788 -0.09187 2.22411 1.53284 8
-0.10637 1.76796 0.96405 -0.44085 0.09683 -3.02188 0.57450 -3.33191 0.27174 1.56726 0.40743 1.35062 0.27993 1.99734 -0.79724 0.62829 8
-0.10186 -0.22963 -0.42394 3.16503 0.91330 -0.39317 -0.24482 -0.41828 -0.34061 -0.12287 3.27364 -0.41082 0.08885 1.77407 -0.21253 0.84366 8
-0.08959 0.59649 -0.42394 -0.70098 -0.97540 1.17475 -0.35527 1.26512 -0.70370 -0.89490 -0.93238 -0.41082 0.32971 -1.20999 -1.07020 1.53284 8
0.01072 -0.06911 -0.42083 0.04290 -0.10380 0.35783 -0.35527 0.19963 -0.11999 -0.13823 -0.61676 -0.40656 0.27312 -0.12508 -0.80754 -0.29454 8
0.59421 -0.24009 -0.40701 0.12460 -0.16153 -0.47631 -0.00402 -0.52978 0.85509 0.97955 -0.65160 -0.39869 0.00518 0.51089 -0.31594 -0.97559 8
0.25208 -0.37367 -0.38540 -0.49708 -0.21350 -1.75025 1.81753 -0.91443 -0.15774 0.76612 -0.72344 -0.38293 0.22941 0.43743 -0.77291 -0.16320 8
0.00084 0.55935 0.04453 -1.10931 -0.98174 1.09972 -0.35527 1.41983 -0.16821 -0.39920 -0.84511 0.04127 0.27506 -1.50075 -0.09083 0.32677 8
0.16259 1.01359 -0.36562 -1.02833 -1.00775 -3.22821 2.59908 -1.87071 0.01241 4.51618 -0.79582 -0.35313 0.15766 1.60239 -0.74319 -0.24886 8
-0.03579 0.01726 -0.41179 -0.23808 -0.74228 0.86765 -0.35527 1.40101 -0.02122 0.17002 -0.93669 -0.40370 0.21031 -1.57532 0.85759 -1.05160 8
0.08863 0.11515 0.02323 -1.10901 -0.89170 0.41258 -0.09478 0.69143 0.75584 0.40663 -0.19748 0.02549 0.24902 -0.01282 0.06111 -0.68588 8
-0.03679 -0.40878 3.28588 -1.37924 -1.21816 -1.06820 -0.35527 -1.31932 1.08033 3.49120 -0.03455 3.22726 0.14764 1.11719 -0.21930 -0.87930 8
-0.07909 0.23549 -0.38570 0.46874 0.45021 -1.03120 0.61888 -0.54584 0.91222 1.22888 4.93194 -0.37152 0.32054 2.10626 -0.46738 0.77905 8
0.11571 -0.13484 3.38522 -1.42731 -1.31619 1.09215 -0.35527 1.39307 0.36387 -0.19711 -0.61501 3.48074 0.11809 -1.74795 0.81762 -0.10584 8
-0.08446 0.19903 -0.40919 -0.50907 -0.68421 0.54007 -0.27803 0.50917 -0.24346 -0.33105 -0.88011 -0.38563 0.29448 -0.36521 -0.99179 -1.48234 8
-0.08224 -3.17742 -0.41009 6.94509 5.52019 -2.48937 -0.29725 -2.83174 -0.70370 -0.58420 -0.31769 -0.40129 0.24306 0.01873 -1.07282 0.08323 8
-0.01058 -0.18128 -0.23854 -0.75608 -0.80782 0.26217 -0.32845 0.10164 -0.20644 0.25973 -0.77105 -0.23978 0.24996 0.59663 -0.37112 -0.87930 9
2.73552 -0.14731 -0.29580 -0.29589 -0.43443 0.84888 -0.17504 1.26141 0.11846 0.06541 -0.61746 -0.26808 -8.55125 2.86963 0.53016 -0.71516 9
0.25131 0.43625 -0.40790 0.92533 -0.54293 0.06005 -0.03354 0.50452 0.34393 0.69923 1.10707 -0.39423 0.04930 0.09840 -0.24238 -0.84012 9
-0.07628 0.25111 -0.24544 -0.70668 -0.75166 0.96113 -0.35527 1.33763 -0.70370 -0.41836 -0.66479 -0.25459 0.29170 -1.43254 -0.02347 -0.97981 9
0.01487 -0.17287 -0.39001 0.33184 0.21166 -0.20373 -0.00600 -0.27799 0.29578 0.30220 -0.58553 -0.37638 -0.05564 0.73034 -0.26072 -1.12761 9
-0.11080 0.43234 -0.42394 -0.91602 -1.11441 0.98592 -0.35527 1.13627 -0.70370 0.16755 -0.80889 -0.41082 0.32971 -1.02458 -0.60784 -1.48234 9
-0.09554 1.37329 -0.41957 -0.51115 -0.69444 0.18792 -0.35527 0.11672 0.67218 1.07044 1.12535 -0.41082 0.31215 -0.84405 0.14016 1.03031 9
-0.10127 -3.44183 -0.42394 8.63303 5.63869 -2.63797 -0.35527 -2.81468 -0.70370 -0.53560 -0.32984 -0.41082 0.31630 -1.09241 -1.19221 0.61154 9
-0.09120 0.19828 -0.40923 -0.29801 0.07783 -0.23611 -0.01827 -0.37194 -0.13207 1.09362 -0.59764 -0.38996 0.30054 0.03529 -0.58263 0.02525 9
-0.05726 -0.31886 -0.41245 0.06568 -0.07448 -0.55429 0.29766 -0.62856 1.57758 0.64588 -0.73072 -0.40157 0.23917 1.11481 -0.51880 -0.81230 9
-0.10934 -0.16938 -0.39114 0.77270 0.52714 -0.11946 -0.35527 -0.39320 0.03897 0.02802 2.88320 -0.38372 0.32971 -1.63219 -0.33813 -0.14226 9
1.41597 -0.54391 0.94403 -0.13185 0.01529 -3.03612 1.29579 -2.68146 -0.15442 3.35069 -0.21012 0.90842 0.09171 0.79195 -0.66245 0.26797 9
0.08522 0.06921 -0.39482 0.90202 -0.28536 -0.56837 -0.30230 -0.59546 0.11283 1.48922 1.47160 -0.38103 -0.09528 0.91677 -0.76072 -0.64223 9
0.64685 0.50807 -0.25980 -0.62724 -1.00681 0.77646 -0.33326 0.97716 0.84813 0.30953 -0.60402 -0.24401 -1.05516 -0.19534 0.87548 -0.71016 9
-0.01176 -0.24743 -0.40793 0.02142 -0.25445 0.63615 -0.07669 0.83558 -0.40125 -0.79890 -0.60927 -0.39702 0.28726 -1.22725 -0.66004 0.08109 9
0.33574 -0.58784 4.23584 -0.48331 -0.04841 -0.48469 -0.20924 -1.32287 -0.17883 0.48138 -0.47783 4.29760 -0.53772 2.19383 -0.04201 -0.00320 9
-0.09129 -0.50199 -0.37596 0.71869 1.00480 -0.46754 0.87166 -0.09886 -0.70370 -0.29628 -0.83145 -0.39986 0.29906 0.20405 -0.80554 -0.87930 9
-0.05486 1.01527 -0.39551 -1.18377 -1.46820 0.36524 -0.30980 0.49548 1.22986 0.87628 4.32020 -0.38260 -0.05180 1.47013 0.11403 -0.70701 9
-0.09548 0.17329 -0.40213 -0.81790 -0.80623 0.27521 0.02147 0.55789 0.74863 0.56608 -0.78829 -0.37108 0.27412 -0.83733 -0.54668 -1.48234 9
-0.03561 -1.40569 0.29166 -1.29309 -1.43794 -6.59912 6.77422 -3.46054 0.50823 7.46971 -0.18306 0.09516 -0.19939 2.28916 -0.68646 0.62829 9
-0.07520 0.25319 -0.41002 0.33548 0.14746 -1.11452 -0.06372 -1.52104 -0.09527 0.84290 -0.30115 -0.39972 0.03476 0.64714 -0.67627 -0.35165 10
0.04453 0.15526 0.78628 -0.42417 -0.31525 0.12741 -0.26809 -0.07568 -0.04028 0.73246 -0.54314 0.65964 -0.44109 0.11339 0.43246 0.43114 10
0.03562 0.69901 -0.37631 -1.37612 -1.53391 0.41311 -0.35527 0.68195 0.49847 1.58977 -0.37138 -0.35500 0.17635 -0.46594 -0.25423 -1.28781 10
0.00837 -0.39403 -0.37084 0.14836 -0.38910 0.14454 -0.29097 -0.09480 0.06080 0.03148 -0.77654 -0.36147 0.26369 -1.16462 -0.76897 -0.20317 10
-0.01077 0.69456 -0.28954 -1.22293 -1.29158 0.43828 -0.35527 0.30804 0.68683 0.90684 -0.51545 -0.26460 -1.90331 0.58969 0.03670 0.09483 10
-0.10494 -0.56504 -0.32781 0.26556 -0.37995 0.39943 -0.35527 0.50016 -0.70370 0.19764 -0.73726 -0.33090 0.27381 -1.89288 -0.96090 -0.47728 10
-0.02278 0.70456 -0.11827 -1.61932 -1.66969 1.40346 -0.35527 2.24901 -0.19550 -0.26586 -0.61369 -0.06598 0.16893 -2.06562 1.09066 -0.37677 10
-0.06907 4.50683 -0.31009 3.91594 1.71988 -5.34347 7.21655 -1.72771 -0.48463 0.72669 -0.22461 -0.39483 -0.60929 1.01362 -0.06521 -0.68887 10
0.02218 0.11880 -0.03796 -0.77675 -0.65915 0.09983 -0.30476 -0.03230 0.18675 1.06385 -0.51953 0.00741 -0.01675 0.50294 -0.85264 0.02525 10
-0.05038 0.73702 -0.38557 -1.07651 -1.30134 0.28499 -0.35527 0.47695 0.94283 1.80270 -0.27587 -0.35075 -0.13563 0.18640 0.29885 -0.47728 10
0.11626 -0.44761 -0.37125 -0.13825 -0.45456 0.58947 0.24120 1.24758 -0.70370 -0.59495 -0.75819 -0.37078 0.27744 -1.92369 -0.06161 0.17115 10
0.10477 -0.04818 0.11524 -1.25887 -1.34952 -1.28709 -0.33877 -1.42790 -0.05469 3.57708 -0.48344 0.12781 -0.48167 0.97370 -0.32260 -0.47728 10
-0.08999 2.24817 -0.36054 -0.66269 -1.05068 -1.43772 1.99561 0.17541 -0.08421 1.86710 0.50298 -0.37692 -0.77666 0.94759 -0.02730 -0.60697 10
0.09378 0.85817 -0.17190 -1.22569 -1.21286 1.07613 0.29816 2.03450 -0.56426 -0.61983 -0.70674 -0.08778 0.15181 -0.62794 3.53331 0.40215 10
-0.01805 -0.16494 -0.38391 -0.14647 -0.31982 0.80587 -0.33169 0.95539 -0.45954 -0.45108 -0.57775 -0.38410 -0.07314 -0.42365 -0.31742 -0.13071 10
-0.11154 1.20184 -0.36645 -0.20376 -1.10634 -0.52816 0.02090 -0.83489 0.44288 0.85287 0.95780 -0.32716 -0.25537 1.88519 -0.63003 -1.48234 10
2.63707 0.72032 -0.36236 -1.00396 -1.01316 -0.60727 -0.28247 -0.62894 0.44059 3.07278 -0.54283 -0.35298 -0.41470 0.42518 -0.15393 -0.85002 10
-0.10064 0.24937 -0.37898 0.83026 -0.06001 -0.03649 -0.35527 -0.29220 -0.70370 1.01187 3.96194 -0.39523 0.13354 -1.35948 -0.09290 1.21545 10
-0.03301 -0.16850 -0.35926 0.01894 -0.47992 1.09693 -0.09364 1.86509 -0.48977 -0.47918 -0.81233 -0.37180 -0.09603 -1.85510 0.60986 0.14122 10
-0.08631 -0.02832 -0.42082 -0.40956 -1.16666 0.22626 0.41255 1.05289 -0.16209 0.32317 -0.50257 -0.41082 0.24679 -1.77081 0.08891 -1.14732 10
