-0.10984 -0.67649 -0.42394 1.82381 1.79518 -0.01464 -0.35527 -0.59667 -0.70370 -1.12498 0.49915 -0.41082 -0.88181 -0.00799 0.39394 1.10210 1
-0.11337 -0.04262 -0.42394 1.09741 0.94560 -0.19254 -0.35527 -0.72274 0.63007 -0.89490 0.72994 -0.41082 0.32971 0.23899 -0.04362 1.19782 1
-0.11532 1.44322 -0.20516 0.24934 -0.20354 0.44952 -0.35527 0.14054 -0.70370 -0.70743 0.51378 0.11900 0.32971 0.18585 3.56624 0.02525 1
-0.11250 -0.07521 -0.42394 0.74219 0.15695 0.04022 -0.35527 -0.63504 -0.70370 -0.92366 0.00552 -0.41082 0.32971 0.48790 0.07671 1.53284 1
-0.11666 0.04938 -0.42394 -0.43335 0.33671 0.14886 -0.35527 -0.27300 -0.70370 -0.47457 0.60492 -0.41082 0.13731 0.56687 4.35932 -1.48234 1
-0.11239 -0.33543 -0.42394 1.21584 1.81279 -0.20776 -0.35527 -1.03630 -0.70370 -1.12498 0.42609 -0.41082 0.21792 1.24409 0.54264 -0.47728 1
-0.11403 -0.34246 -0.40163 0.97592 0.77738 0.17927 -0.35527 -0.04734 0.86481 -0.85441 1.24520 -0.41082 0.32971 0.12104 1.02840 0.67136 1
-0.11115 -0.70077 -0.42394 0.99990 0.74021 0.09113 -0.35527 -0.39080 -0.70370 -1.12498 0.83772 -0.41082 0.28360 0.25740 0.16182 0.19276 1
-0.11825 -1.92131 -0.42394 -0.72876 -2.14403 1.21192 -0.35527 1.61592 -0.70370 -1.12498 1.78875 -0.41082 0.32971 -1.52982 -1.19221 -1.48234 1
-0.11790 2.04922 -0.42394 -1.44519 -1.21557 0.07636 -0.35527 -0.56683 -0.70370 1.12977 1.65389 -0.41082 0.32971 5.18671 -1.19221 -1.48234 1
-0.11318 0.24432 -0.42394 2.54001 1.77615 -0.44317 -0.35527 -1.06116 -0.70370 -0.92603 0.03830 -0.41082 0.21200 -0.17719 -0.62282 -1.48234 1
-0.11526 0.41012 -0.42394 0.72485 -0.04008 0.12630 -0.35527 0.13900 1.42744 0.34551 -0.11789 -0.41082 0.22096 -0.66648 0.51595 -1.48234 1
-0.11484 0.81250 -0.42394 -0.05051 -0.23294 0.58480 -0.35527 0.50749 -0.70370 -0.42037 1.26097 -0.41082 0.12128 0.42696 -0.53909 0.67136 1
-0.11082 0.77107 -0.42394 0.64888 -0.38698 0.21765 -0.35527 -0.04595 0.28652 0.24153 -0.50398 -0.41082 0.07706 -0.71247 0.19567 -1.48234 1
-0.11710 0.72047 -0.42394 -0.33629 -1.01802 0.94695 -0.35527 0.89368 -0.70370 -1.12498 1.71008 -0.41082 0.32971 0.67793 -0.08190 1.53284 1
-0.11596 0.00175 -0.42394 1.47217 1.06339 -0.86493 -0.35527 -1.55715 -0.70370 -0.28989 -0.09938 -0.41082 0.32971 -0.78354 -1.19221 1.53284 1
-0.11611 -1.01319 -0.21688 -0.01740 0.46200 0.53709 -0.35527 0.47494 -0.70370 -0.61254 0.08943 -0.30245 0.17812 -0.68404 -0.26695 0.02525 1
-0.11321 -0.02559 -0.42394 0.05209 -0.01162 0.79862 -0.35527 0.79132 -0.70370 -0.87445 -0.15640 -0.41082 0.18149 1.63060 1.45137 0.52778 1
-0.10980 -0.80623 0.04770 0.42277 0.84307 0.27926 -0.35527 -0.18485 -0.70370 -0.98406 0.55722 -0.08299 0.12128 0.40948 -0.21826 1.53284 1
-0.10760 0.62062 -0.42394 0.42797 -0.03106 0.47785 -0.35527 0.31573 1.41973 -0.75869 -0.17676 -0.41082 0.14912 0.24412 0.68966 -1.48234 1
-0.11716 -0.65122 -0.42394 1.92368 3.25622 -1.16839 -0.35527 -1.99926 -0.70370 -1.12498 1.42565 -0.41082 0.32971 0.36458 -1.19221 -1.48234 2
-0.11496 1.22000 -0.42394 0.59612 1.44658 -0.63216 -0.35527 -1.80265 -0.70370 -0.46182 1.61589 -0.41082 0.23162 0.24654 0.82653 1.10210 2
-0.11576 -0.73034 -0.42394 -0.33915 -0.00575 0.29251 -0.35527 -0.02114 -0.70370 0.32450 0.88760 -0.41082 0.04386 -0.07118 -1.19221 1.53284 2
-0.10479 0.34761 -0.41663 0.36361 0.27726 -0.18163 -0.35527 -0.79152 -0.20226 -0.34649 1.85236 -0.39252 0.22736 0.85986 -0.26695 1.03031 2
-0.11748 0.55536 -0.42394 0.62621 2.39218 0.25616 -0.35527 -0.71374 -0.70370 -1.12498 2.26078 -0.41082 0.32971 -0.59697 3.24901 1.53284 2
-0.11712 0.55536 -0.42394 0.21067 1.60934 0.13374 -0.35527 -0.27300 -0.70370 -0.25777 1.93782 -0.41082 0.07318 -0.18128 1.02840 0.77905 2
-0.11371 0.65401 -0.31976 -0.12195 -0.13432 0.40994 -0.35527 0.15330 -0.70370 -0.01609 0.66728 -0.17631 0.32971 -1.52481 1.02840 0.77905 2
-0.11680 2.32851 -0.42394 -0.84821 -0.41454 -0.20506 -0.35527 -0.83967 3.96448 0.48555 -1.04345 -0.41082 0.32971 -0.32156 0.19567 -1.48234 2
-0.11411 -1.27104 -0.42394 -0.07912 -0.19596 -0.15146 -0.35527 -0.62844 0.87746 -0.03397 0.74596 -0.41082 0.24902 0.26028 -1.19221 1.53284 2
-0.09498 -0.29360 -0.40687 2.13514 2.68671 -1.53972 0.58330 -1.94709 -0.42909 -0.65129 0.10616 -0.39078 0.21761 0.28493 -1.06235 1.53284 2
-0.11716 1.41720 -0.42394 -0.53468 -0.91328 1.04450 -0.35527 1.03502 -0.70370 -1.12498 -0.21045 -0.41082 0.32971 -0.30065 2.50881 -1.48234 2
-0.11642 -0.11688 4.16692 -0.43908 -0.21079 1.06524 -0.35527 0.85449 -0.70370 -1.12498 0.59051 4.57930 0.32971 -0.26688 3.74248 -1.48234 2
-0.11038 0.49705 -0.42394 -0.07342 0.46942 0.21338 -0.35527 -0.15242 -0.70370 -0.00824 -0.11947 -0.41082 0.28251 0.86780 0.00812 1.53284 2
-0.11312 -0.10370 -0.42394 -0.26153 -0.15233 0.74619 -0.35527 0.62868 0.79298 -0.86680 -0.19116 -0.41082 0.25333 0.26333 0.08891 -1.48234 2
-0.11552 -0.15404 -0.42394 0.39870 0.73957 -0.14952 -0.35527 -0.79974 -0.70370 0.11238 -0.10975 -0.41082 0.32971 -1.37401 -0.26695 1.53284 2
-0.11085 0.46255 -0.42394 -0.61523 -0.48372 0.75725 -0.35527 0.71332 1.41591 -0.75934 0.00047 -0.41082 -0.10293 0.95300 1.02840 -1.48234 2
-0.06750 -0.71367 -0.09875 1.24567 1.31229 -0.14718 0.10379 -0.33121 -0.13456 -0.78137 0.37673 -0.04748 -1.02072 0.40167 0.18783 0.27067 2
-0.11338 -0.36732 -0.42394 0.11967 0.69810 -0.05056 -0.35527 -0.59599 0.79298 0.42408 0.46948 -0.41082 -0.58676 0.54637 1.35224 0.52778 2
-0.11330 0.96455 -0.42394 -1.92894 -1.61901 1.50952 -0.35527 1.99524 -0.70370 -0.71253 1.89189 -0.41082 0.20770 1.92565 3.98922 -1.48234 2
-0.11003 -0.92652 -0.41213 0.42208 0.95892 -0.12235 -0.35527 -0.72467 -0.70370 -0.42619 -0.92785 -0.38126 0.20568 -0.44848 -0.65496 -1.48234 2
-0.11532 -0.03655 -0.42394 1.01145 0.58228 0.74636 -0.35527 0.62974 -0.70370 -1.12498 0.40155 -0.41082 -0.51407 0.61764 1.14528 1.53284 3
-0.09311 -1.32691 -0.42394 2.31106 2.03109 -0.99598 0.40050 -1.17901 0.07536 -0.58742 -0.23196 -0.41082 0.31646 0.00069 -0.74360 1.03031 3
0.02804 -0.71170 1.33068 0.82295 1.08460 -0.32975 -0.20621 -0.82599 -0.22861 -0.18254 0.06496 1.37427 0.28365 0.51208 -0.37703 0.94926 3
-0.11456 0.19615 -0.42394 -0.32930 -0.43261 0.67340 -0.35527 0.79739 1.29696 -0.43475 0.55667 -0.41082 0.22762 -0.06256 1.02840 0.02525 3
-0.10942 -0.56690 -0.42394 2.40907 1.19787 -0.53393 0.82774 -0.15263 -0.70370 -1.12498 -0.08916 -0.41082 0.24935 -0.36325 -0.03564 0.77905 3
-0.11215 -0.45060 -0.31377 0.05898 1.47864 0.34969 -0.35527 -0.16474 -0.70370 -1.12498 -0.32902 -0.41082 0.21269 -1.06592 -0.74809 1.53284 3
-0.09976 -1.33401 -0.34360 0.54511 1.11430 0.14467 -0.35527 -0.40140 -0.31774 -0.65894 0.08551 -0.34042 0.32971 0.27186 -0.19043 1.53284 3
-0.11510 1.03906 -0.42394 -0.44925 0.10116 0.54367 -0.35527 0.59922 1.36013 -0.76897 0.16912 -0.41082 0.32971 -0.01672 -0.45200 0.92980 3
-0.09585 -1.00795 -0.42394 1.76216 1.91207 -0.82804 0.22470 -1.09720 0.16512 -0.72532 0.26576 -0.41082 0.28537 -0.02587 -0.35424 0.40215 3
-0.11236 1.98132 -0.42394 0.28376 0.62129 -0.22846 -0.35527 -0.78720 0.55313 0.82625 -0.11575 -0.41082 0.32971 -1.45649 1.02840 -1.48234 3
-0.10951 0.10720 -0.40167 0.57399 0.79611 0.03405 -0.35527 -0.47695 0.06519 -0.72708 -0.04969 -0.38277 0.29047 0.02820 -0.13478 -1.48234 3
-0.11623 1.58730 2.75828 0.33419 -0.15633 0.38391 -0.35527 0.05937 -0.70370 -0.57053 0.05112 2.63779 0.32971 -0.22113 1.27514 -1.48234 3
-0.11759 0.30638 -0.42394 0.33030 1.71490 0.47591 -0.35527 -0.08935 -0.70370 -1.12498 1.08832 -0.41082 0.32971 -0.59095 4.35932 -1.48234 3
-0.11607 -1.65794 0.22646 1.39413 3.16719 -0.59650 -0.35527 -1.38881 -0.70370 -1.12498 -0.48150 0.13241 0.32971 -0.14387 -1.19221 -1.48234 3
-0.10013 0.46484 -0.42394 -0.09028 -0.26427 0.67074 -0.35527 0.46418 -0.26992 -0.75085 -0.18866 -0.41082 0.26330 -0.83459 0.82653 0.42198 3
-0.11156 0.00978 -0.40954 -0.49698 -0.95809 0.99880 -0.35527 1.03054 -0.70370 -1.12498 -0.40340 -0.36747 0.32971 -1.17987 0.26872 -1.48234 3
-0.10849 0.50797 -0.42394 0.23464 -0.23117 0.29635 -0.35527 -0.25226 -0.70370 -0.46182 0.73044 -0.41082 -2.22052 1.17010 -0.18284 0.71052 3
-0.11388 -0.31322 -0.20811 -0.25575 -0.72841 -0.33946 -0.35527 -0.93741 -0.70370 0.13701 1.04228 -0.09056 0.32971 1.75902 -0.08190 1.53284 3
-0.11157 -0.57236 -0.42394 -0.43947 0.29413 0.64043 -0.35527 0.52137 -0.70370 -0.33844 -0.19429 -0.41082 0.27154 -0.93359 0.58428 1.53284 3
-0.11466 -0.17990 -0.42394 -0.09508 -0.16931 0.30111 -0.35527 -0.02114 1.29696 -0.08964 -0.49879 -0.41082 0.32971 -0.91271 0.04146 1.53284 3
-0.11215 -0.00351 -0.42394 -0.11814 -0.52561 0.34969 -0.35527 0.29803 1.76251 0.36401 -0.38094 -0.41082 -0.29952 -0.79227 1.67309 1.53284 4
-0.10625 -0.45161 -0.39940 -0.47196 0.06619 0.81774 -0.35527 0.87232 -0.01334 -0.29136 -0.36471 -0.36045 0.29448 -0.93475 0.25602 -0.27627 4
-0.11028 0.15169 -0.42394 -0.32354 -0.56331 0.46305 -0.35527 0.36084 0.22994 -0.15866 -0.22252 -0.41082 0.23442 -0.29684 0.01465 1.53284 4
-0.10561 -1.02792 -0.42394 0.15108 0.63938 0.44144 -0.35527 0.09059 -0.12190 -0.82390 0.26038 -0.41082 0.32971 0.24331 -0.24052 1.53284 4
-0.10318 -0.12662 -0.41740 -0.05977 -0.03916 0.08347 -0.35527 -0.34213 0.73794 -0.21313 -0.49837 -0.41082 0.28066 -0.50089 -0.35424 0.92980 4
-0.04082 -1.97516 -0.38771 1.07979 1.85527 -2.07102 1.35514 -1.92989 -0.05845 0.13119 -0.00106 -0.38055 0.31089 0.67968 -0.53243 0.73937 4
-0.10714 -0.63515 -0.42394 0.29641 0.95621 -0.08644 -0.35527 -0.64029 -0.70370 0.06744 -0.09122 -0.41082 0.26557 0.99291 -0.48565 0.32677 4
-0.10544 -1.35308 -0.42394 1.98096 3.03158 -2.17995 1.71442 -1.90693 -0.16209 -0.09726 0.90266 -0.41082 0.32971 1.56986 -0.57106 -0.27627 4
-0.10959 -1.62466 4.15810 0.00630 0.48109 0.29577 -0.35527 -0.22115 -0.70370 -0.35979 0.21531 3.82890 0.19390 0.03590 0.65830 0.02525 4
-0.11730 1.32051 -0.42394 -1.73388 -0.33472 -2.42325 -0.35527 -3.34487 5.23762 6.04922 -0.50398 -0.41082 0.02653 2.62803 0.19567 -1.48234 4
-0.11642 1.00352 -0.42394 -1.14927 -0.84691 0.79555 -0.35527 0.60850 -0.70370 -1.12498 0.07663 -0.41082 0.32971 0.00069 -1.19221 -1.48234 4
-0.06594 -1.03357 -0.38187 1.01179 1.45255 -0.69005 0.30535 -0.98490 -0.30384 -0.48120 -0.49345 -0.36219 0.32291 0.26565 -0.47410 0.67136 4
-0.04268 -0.69710 1.91511 0.05469 0.65444 0.11126 0.06464 0.02943 0.14644 -0.26341 -0.10768 1.91520 0.28090 -0.05694 -0.02071 0.63644 4
-0.10386 -0.82341 -0.41709 0.68772 1.31035 -0.67667 0.48758 -0.89989 0.36477 -0.11126 -0.67274 -0.39133 0.32971 -0.32249 -0.89213 -0.47728 4
-0.11579 0.46870 -0.42394 1.12158 -0.01162 0.06643 -0.35527 -0.00093 -0.70370 0.12766 -0.00601 -0.41082 0.32971 0.43019 -0.53909 -1.48234 4
-0.11561 0.47409 -0.42394 -0.36273 -1.05285 0.04841 -0.35527 -0.36579 -0.70370 0.65509 -0.68494 -0.41082 0.32971 1.21914 -1.19221 -1.48234 4
-0.09861 0.06556 -0.40880 0.27260 0.17507 0.30230 -0.35527 -0.11337 -0.30920 -0.24032 -0.19621 -0.39643 -0.01251 0.75823 0.60289 -0.52296 4
-0.11416 -1.23572 -0.42394 0.45726 0.37609 0.21945 -0.35527 -0.07711 -0.70370 -0.54684 0.15425 -0.41082 0.15869 -0.15978 1.33121 1.53284 4
-0.10678 -0.31493 -0.42394 -0.46543 -0.72069 0.59139 -0.35527 0.51523 -0.03453 -0.43239 -0.55461 -0.41082 0.26142 0.06659 0.14016 0.02525 4
-0.08630 0.54059 -0.40523 0.26844 -0.11940 0.13223 -0.02053 0.12147 -0.00179 -0.39851 -0.63392 -0.41082 0.32971 -0.70005 -0.16078 0.14122 4
-0.11018 -0.66874 -0.42394 0.87271 1.41977 -0.43268 -0.35527 -1.03227 1.76769 0.15397 -0.55449 -0.41082 0.28767 -0.19484 0.02456 1.53284 5
-0.09944 0.72992 -0.41341 0.00804 0.18161 0.56373 -0.35527 0.35847 -0.70370 -0.49477 0.48083 -0.39601 -0.39528 0.62610 0.44059 1.23132 5
-0.10930 0.06599 -0.42394 -0.15949 0.10321 0.86168 -0.35527 0.95170 -0.70370 -1.12498 -0.53116 -0.41082 0.28870 -0.97445 -0.31565 1.53284 5
-0.09374 -0.59658 0.17621 0.23721 1.13471 -0.22073 0.13292 -0.36579 -0.40886 -0.61639 0.04876 0.20225 0.25448 1.13774 -0.53090 0.02525 5
-0.11286 0.30372 -0.42394 0.85408 0.26998 -0.44765 -0.35527 -1.09870 1.77812 0.15937 -0.22489 -0.41082 0.32971 0.09647 0.69321 0.77905 5
-0.09264 -0.41924 0.38392 -0.26673 0.36774 0.40623 0.18347 0.75035 0.58407 -0.56962 -0.28762 0.47003 0.31328 -0.34840 0.00167 1.00075 5
0.05180 -0.75165 -0.13755 0.58689 0.57843 0.00906 -0.32436 -0.41355 -0.49665 -0.35355 -0.26755 -0.13892 0.30224 -0.20029 -0.47942 0.49637 5
-0.10989 0.17010 0.27353 -0.37990 0.09128 0.43911 -0.17273 0.38812 -0.70370 -0.82300 -0.02792 0.25973 0.32971 0.07275 0.19567 -0.47728 5
-0.10439 0.25242 -0.38129 -0.73017 -0.69563 0.51042 -0.35527 0.20853 -0.11843 -0.11539 -0.56205 -0.36812 0.29984 -0.41569 -0.04362 0.02525 5
-0.10767 -0.67144 -0.42394 0.49726 0.87228 0.08138 -0.35527 -0.43601 -0.03224 -0.31420 -0.85336 -0.41082 0.32971 -0.44797 -0.77057 -1.48234 5
-0.09586 0.30338 1.48314 -0.11536 0.57531 0.12209 0.56170 0.58435 0.06368 -0.59549 0.00734 1.31082 0.29055 -0.47205 0.85944 1.53284 5
-0.11132 -0.69685 -0.42394 -0.10487 -0.22207 0.63161 -0.35527 0.50016 -0.70370 -0.36920 -0.13752 -0.41082 0.32971 -0.73077 -0.43946 0.02525 5
-0.11038 -0.49423 1.05397 0.13449 0.06876 0.04962 0.03152 -0.04510 0.25270 -0.30007 0.83731 1.05457 0.28090 0.43500 0.45269 -1.48234 5
-0.11693 2.33108 -0.23641 -0.39553 -1.01802 0.92446 -0.35527 0.82219 -0.70370 -0.10009 0.79863 -0.19407 -2.09569 -0.09187 2.50881 1.53284 5
-0.10503 0.52011 -0.42394 -0.22163 -0.36413 0.55918 -0.35527 0.56879 -0.11492 -0.21089 -0.07648 -0.41082 0.11940 -0.14387 0.54264 0.02525 5
-0.11611 -0.03285 -0.42394 -0.48347 0.19391 0.06512 -0.35527 -0.74872 -0.70370 -0.58813 2.56622 -0.41082 0.17090 -0.37382 0.39394 -1.48234 5
-0.11239 0.98139 -0.42394 -0.47196 -0.44263 0.07192 -0.35527 -0.26724 1.85923 0.64345 -0.30412 -0.41082 0.13354 0.82591 0.16182 -0.47728 5
-0.10426 3.40576 -0.42394 -1.53512 -1.54837 0.09547 -0.15256 0.66991 3.31400 2.34031 -0.26264 -0.41082 -5.12370 2.10058 3.57799 -1.48234 5
-0.11135 -0.17266 -0.42394 -0.07050 0.20334 0.04222 -0.35527 -0.15547 0.30176 0.60944 -0.28641 -0.41082 0.32971 -1.14964 -0.96090 -0.87930 5
-0.08566 -0.09639 -0.41782 0.67703 1.01505 -0.95544 0.20516 -1.27048 -0.05874 0.46966 -0.47895 -0.40297 0.31874 0.49360 -0.63706 -0.47728 5
-0.11127 -0.45978 -0.39628 4.08636 6.71097 -7.05920 10.75904 -0.79152 2.17960 2.35662 -0.39682 -0.41082 0.18258 -0.23150 -1.19221 -1.48234 6
-0.10734 -0.59236 -0.42394 -0.48768 -0.49577 0.61234 -0.16729 0.58062 -0.70370 -0.32290 -0.48192 -0.41082 0.29016 -0.13991 0.10555 0.02525 6
-0.08012 -0.43002 -0.42394 0.24635 0.78081 0.02947 0.34359 0.32203 -0.31039 -0.68398 -0.58402 -0.41082 0.30964 -0.31071 -0.62617 0.24062 6
-0.10966 -0.38309 -0.33333 0.21497 0.41673 0.08865 -0.35527 -0.03496 0.95085 0.30208 -0.69805 -0.35046 0.32971 -0.66826 0.47325 -0.72854 6
-0.08912 -1.09575 2.10611 0.61155 1.79262 -0.46359 0.85271 -0.35960 -0.70370 -0.62907 0.18480 1.86498 0.32971 0.31304 0.65830 0.27652 6
-0.05311 -0.33264 -0.40857 0.23527 0.13371 0.27994 0.12755 0.51974 -0.45691 -0.31616 -0.80034 -0.41082 0.29823 -1.42962 0.13054 1.53284 6
-0.11265 0.47451 -0.40687 -0.59558 -0.69658 0.54439 -0.35527 0.62686 0.65785 0.51911 -0.72664 -0.41082 0.26023 -0.12241 0.19567 0.77905 6
-0.11725 2.21618 -0.42394 -0.57485 -2.14403 0.39365 -0.35527 1.13086 6.55792 1.38030 -0.70628 -0.41082 0.32971 -2.00957 2.50881 -1.48234 6
-0.03263 -0.42863 -0.38062 0.46008 0.64846 -0.66329 0.41389 -0.78792 0.16926 -0.01065 -0.46351 -0.41082 0.30298 0.22501 -0.55947 -0.05410 6
-0.05449 -0.28115 -0.37997 -0.12813 -0.00840 -0.02890 -0.21963 -0.29146 0.74594 0.58379 -0.14358 -0.38437 0.28656 -0.53312 -0.30032 0.02525 6
-0.11800 6.65529 -0.42394 -1.00132 -2.14403 -2.67053 -0.35527 -3.98455 -0.70370 0.65509 1.75379 -0.41082 0.32971 2.42270 -0.39913 -1.48234 6
-0.10295 0.72336 -0.38523 -0.59692 -0.06047 0.07286 -0.35527 -0.08601 -0.24667 0.45177 -0.50398 -0.37747 0.32971 0.57781 -0.78699 1.53284 6
6.48735 -0.20940 1.53682 -0.43283 -0.34973 -0.77127 0.00427 -1.17782 0.15626 0.96610 0.08790 1.46467 0.03425 0.23750 -0.39263 -0.14946 6
-0.07907 -0.25305 -0.41375 -0.45479 -0.37608 0.02035 0.23167 0.27454 1.23967 0.55118 -0.48581 -0.41082 0.21952 0.61622 -0.03564 0.02525 6
-0.09011 -1.32892 2.46984 0.24561 0.76528 -0.49096 0.37615 -0.57818 0.46161 0.88520 -0.33021 2.07608 0.25538 1.18877 0.49739 -0.14226 6
0.01593 -0.23087 0.17522 0.09004 0.03310 0.16506 -0.11056 0.26033 0.39681 0.34377 0.12900 0.15335 0.11986 0.60089 0.04351 -0.59552 6
-0.11586 -0.24221 -0.23677 -0.77311 -1.19560 0.66552 -0.35527 0.59572 -0.70370 -0.63481 -0.17391 -0.30716 0.32971 -0.50860 -1.19221 -1.48234 6
-0.10558 -0.10586 -0.42394 -0.93097 -1.31154 0.94587 -0.35527 1.20525 -0.02994 0.03726 -0.66956 -0.41082 0.19218 -0.52739 0.27731 0.32677 6
0.02688 -0.51392 -0.42048 0.21927 0.28348 -0.36454 0.28921 -0.47196 -0.54316 0.00116 -0.75615 -0.40691 0.29694 -0.20848 -0.63808 -0.83623 6
0.03245 -0.27733 0.55470 -0.50627 -0.11956 0.46972 -0.33260 0.28235 -0.19391 -0.43906 -0.41560 0.54880 0.28548 -0.07349 -0.32812 -0.74530 6
-0.10083 0.75697 -0.42394 -0.35434 -0.45958 0.59094 -0.35527 0.46920 -0.24128 -0.24754 -0.95521 -0.41082 0.14094 -0.30578 -0.63003 1.53284 7
-0.11405 1.19126 -0.28963 0.14635 -1.15018 0.98142 -0.35527 1.44918 -0.70370 0.12766 -0.24339 -0.27836 0.23707 -0.44202 0.76715 1.53284 7
0.16369 0.32165 -0.37654 -0.10835 -0.43492 0.21031 -0.25360 0.17881 0.48555 0.25976 -0.65653 -0.37039 0.06628 0.05528 0.02687 -0.51317 7
0.46584 2.57763 0.62499 -0.83308 -0.69834 -1.74561 3.01792 0.10725 -0.10568 -0.11403 -0.22242 0.50109 0.07250 -0.20614 0.43204 0.06527 7
-0.11173 1.00951 -0.27637 -0.34853 -0.76837 -0.08782 -0.35527 -0.45448 1.60294 0.86450 0.49124 -0.36874 0.27086 1.03253 0.39394 0.52778 7
-0.11176 0.30972 -0.42394 -1.25850 -1.36690 0.52283 -0.35527 0.55664 1.85923 0.64345 -0.86189 -0.41082 0.32971 -1.41501 -0.47588 -1.48234 7
-0.08800 -0.76996 0.03052 -0.16535 -0.10668 -0.23373 -0.35527 -0.67486 -0.03831 0.02280 -0.73358 -0.00626 0.32971 0.64697 -0.74913 1.53284 7
-0.09999 0.42700 0.35144 -1.05047 -0.45441 0.71050 -0.35527 0.47659 -0.23799 -0.48229 0.02981 0.33671 0.04454 0.04915 1.58355 -0.09072 7
0.31537 -0.52956 0.94099 -0.16643 0.19615 -0.06574 0.02634 -0.10948 0.13157 -0.08636 -0.36311 0.97880 0.27732 0.20330 -0.34694 -0.28883 7
-0.09897 0.34849 -0.31599 -0.43646 -0.60417 0.70265 -0.35527 0.72762 -0.29608 -0.21089 0.73961 -0.30673 -0.52309 0.51773 0.35379 -0.06705 7
-0.02258 -0.51913 -0.42394 -0.08261 0.19101 0.29737 -0.17695 0.23338 -0.47677 -0.62914 -0.51724 -0.41082 0.29497 -0.57420 -0.53404 -0.50970 7
-0.09369 0.56494 -0.41990 -0.91337 -1.02261 1.15163 -0.35527 1.25287 -0.30110 -0.63884 -0.14851 -0.41082 0.00101 -0.29249 1.55090 0.59060 7
-0.10020 -0.06791 0.28912 -0.74068 -0.99232 0.85330 -0.35527 0.88554 -0.70370 -0.82765 -0.51461 0.26513 0.28573 -0.65039 -0.36362 0.02525 7
-0.10239 0.02465 -0.38658 1.10512 0.93510 -0.51508 -0.33897 -1.11694 0.09170 -0.43895 0.91450 -0.39631 0.22824 0.05153 -0.78846 0.27652 7
0.72477 -0.05144 0.38738 -0.51700 -0.38973 -1.23977 0.51412 -1.42781 0.38816 1.69386 -0.50603 0.25316 -1.11843 0.55317 0.16441 -0.13879 7
-0.08774 0.26932 -0.41741 -0.85482 -0.94862 0.67716 -0.35527 0.67912 0.13777 0.18142 -0.89718 -0.41082 0.30108 -0.61537 -0.15511 0.52778 7
-0.11359 1.51766 -0.42394 -0.81705 -1.79813 0.79334 -0.35527 0.91659 1.19983 -0.13990 2.77647 -0.41082 0.13544 1.47687 0.39394 1.53284 7
-0.10951 0.31810 -0.42394 -1.01350 -1.26783 1.21860 -0.35527 1.55529 -0.70370 -0.58813 -0.89593 -0.41082 0.32971 -1.38212 -0.76517 -1.48234 7
-0.08771 0.05336 -0.41416 -0.62345 -0.54491 0.04006 -0.08204 -0.12590 -0.21169 -0.02165 -0.61381 -0.39287 0.29205 0.33365 -0.46922 0.02525 7
-0.07637 0.51019 -0.11626 -0.72617 -0.48506 0.03041 -0.35527 -0.21003 0.55313 0.82625 -0.61432 -0.11607 0.21060 0.07886 -0.44804 0.32677 7
0.26048 0.33736 0.69919 -1.10266 -0.96352 -0.05082 -0.07605 -0.08930 1.00929 0.83768 -0.08794 0.63610 0.20776 -0.04341 -0.43677 0.02525 8
-0.10875 0.92014 -0.42394 -1.01577 -1.13598 0.84015 -0.35527 0.97080 0.12708 -0.26512 -0.84758 -0.41082 0.32971 -1.09940 -0.82211 -1.48234 8
-0.09228 0.21082 1.23064 -1.31143 -1.04647 -0.38820 -0.02448 -0.71056 -0.13621 0.58811 0.79407 1.37989 -0.17705 1.95108 -0.26695 -0.47728 8
-0.09828 -0.34935 0.90126 0.13213 0.15477 0.05481 -0.35527 -0.02731 0.40401 0.27628 -0.09938 0.69371 0.19782 -0.41673 0.30820 -0.47728 8
-0.09642 -0.05828 -0.41485 -0.16039 -0.18653 0.62180 -0.35527 0.77358 0.00927 0.28936 -0.92480 -0.41082 0.29333 -1.12386 -0.85232 -1.48234 8
-0.06245 0.33886 -0.41856 -1.11540 -1.58834 1.19650 -0.29895 1.82055 0.60340 -0.36400 -0.61535 -0.40486 0.30470 -1.21338 -0.46810 -0.72854 8
-0.10493 -1.52555 -0.40178 0.92806 1.91892 -0.74946 1.17199 -0.48379 -0.70370 -0.80987 -0.70426 -0.41082 0.32971 -0.39923 -0.55410 -1.48234 8
-0.06986 0.71676 0.21655 -1.81612 -1.82167 0.74408 -0.35527 0.99816 -0.17523 0.60710 0.02474 0.26395 -0.87482 -0.64677 0.05466 0.08807 8
-0.07552 0.10151 -0.40992 -0.49333 -0.72841 0.20896 -0.35527 -0.03735 0.17869 0.27536 -0.70745 -0.39794 0.29369 -0.09945 -0.76399 -0.62086 8
-0.07074 -0.03739 -0.42184 0.19291 0.05837 -0.23995 0.64148 0.09429 0.19404 0.08292 -0.59860 -0.40427 0.31138 -0.17271 -0.52335 -0.19012 8
-0.07317 -0.44696 -0.42173 -0.29895 -0.09148 -0.09628 -0.25664 -0.34328 0.95928 0.79701 -0.23780 -0.41082 0.29576 0.38712 -0.55854 -0.38591 8
-0.10445 0.69058 -0.42394 -0.64418 -0.49500 0.36892 -0.35527 0.02687 0.44624 0.26358 -0.82704 -0.41082 0.12433 -0.50128 -0.65841 1.53284 8
-0.06517 0.92118 -0.35045 -0.76802 -1.00359 -1.60144 2.45602 -0.07161 1.60711 0.83745 -0.76920 -0.37839 0.22086 -0.04909 -0.32530 0.52778 8
-0.03055 0.12236 -0.31077 -1.13426 -1.19624 0.59751 -0.27150 0.81348 0.54941 0.38816 -0.89272 -0.32642 0.12312 -0.75249 0.12455 -0.35165 8
-0.09195 0.26887 -0.32939 0.38907 -0.81899 0.59564 -0.15731 1.15879 -0.13041 0.11118 0.02184 -0.33762 0.09568 0.07599 0.27423 -0.10038 8
-0.05799 0.44133 -0.41896 -0.12711 -0.16833 0.19580 -0.03792 0.22744 0.23506 0.05483 2.38578 -0.41082 0.22022 -0.15687 -0.11112 1.11695 8
5.32452 0.02593 1.39093 0.02014 -0.05445 -0.42324 0.00505 -0.81279 0.17238 1.09226 -0.10963 1.30625 -6.00418 3.40090 0.33992 -0.59445 8
-0.11734 -0.43740 -0.42394 -0.62112 -0.46395 0.28119 -0.35527 0.09176 -0.70370 1.20752 -0.72876 -0.41082 0.32971 -0.53478 1.58355 -1.48234 8
-0.10140 0.18024 -0.38873 -0.56190 -0.80113 0.57004 -0.35527 0.65839 -0.24128 0.39059 -0.89012 -0.39395 0.23532 -1.18525 -0.27963 1.53284 8
-0.06602 -0.29692 -0.30138 -0.08655 0.00304 -0.84653 -0.16983 -1.36273 0.85752 0.76021 -0.15785 -0.27792 0.07743 1.22419 -0.60146 -0.55459 8
0.23136 0.59143 -0.13388 -1.39696 -1.25570 1.07000 -0.35527 1.44875 0.51745 0.21239 -0.69194 -0.14249 -0.88321 -0.86492 1.12165 0.07388 9
-0.11247 -0.07206 -0.42394 -0.57668 -0.36299 0.26964 -0.35527 -0.13101 -0.70370 0.46394 -0.79663 -0.41082 0.32971 -0.76403 -0.86565 -1.48234 9
-0.08056 0.11652 0.00508 -1.09818 -1.51302 1.00912 -0.35527 1.54434 0.17551 0.01251 0.54174 0.03020 0.23998 -0.02751 -0.32206 -0.41816 9
0.13645 -0.50454 -0.33755 0.04511 0.13633 -1.46449 0.76179 -1.19520 0.21359 1.21280 -0.25476 -0.33957 0.21948 0.22801 -0.46264 0.14122 9
0.43797 0.22033 -0.41762 -0.69142 -0.99913 1.01328 -0.17599 1.35095 -0.29933 -0.51540 -0.76733 -0.40633 0.21308 -0.70728 0.13340 -0.41332 9
-0.08350 0.36507 -0.41533 -1.01926 -0.98106 0.35291 -0.35527 0.45699 0.47457 1.11080 -0.84352 -0.39362 0.26958 -0.81866 -0.76699 -1.48234 9
0.22963 0.66000 -0.34681 -1.72434 -1.75841 1.39087 -0.35527 2.16152 0.01123 -0.32582 -0.71259 -0.34301 0.19399 -1.75512 1.11782 -0.47728 9
0.31815 0.60662 -0.40897 -1.49177 -1.64567 1.01241 -0.35527 1.30399 0.04439 0.34925 -0.57458 -0.39262 0.14231 -1.16501 0.15465 -0.28353 9
0.05576 0.85863 -0.39682 -1.44818 -1.48602 0.74202 -0.35527 1.00574 -0.10058 0.68703 -0.41964 -0.39065 0.28354 -0.81463 -0.19436 0.10460 9
-0.06579 -0.45122 -0.40869 0.84208 0.99487 -1.78370 0.14875 -2.16656 0.34603 0.56508 -0.52339 -0.40656 -0.42020 2.67393 -0.66883 -0.77289 9
0.33574 -0.58784 4.23584 -0.48331 -0.04841 -0.48469 -0.20924 -1.32287 -0.17883 0.48138 -0.47783 4.29760 -0.53772 2.19383 -0.04201 -0.00320 9
-0.11434 0.15897 -0.40002 -1.36400 -1.52287 1.51084 -0.35527 2.39962 -0.70370 -0.76518 -0.38914 -0.41082 0.11684 -1.68499 -1.19221 -1.48234 9
-0.01868 -0.58922 -0.39272 5.30135 0.40037 0.43552 -0.35527 0.95328 -0.70370 -0.68275 0.77273 -0.38032 0.26714 -1.12653 -0.92574 -0.30039 9
-0.09129 -0.15246 -0.27629 -0.13295 -0.48903 0.28270 -0.35527 0.13080 0.47033 0.44457 2.76150 -0.29304 0.10505 -0.02192 -0.00444 -0.13409 9
0.25137 0.68861 0.21698 -1.16177 -1.05170 0.66518 -0.14533 0.85359 0.62916 0.31432 -0.42342 0.26116 -2.22623 0.64474 1.80041 -0.55038 9
-0.10820 1.17725 -0.39475 1.30277 -0.79534 -0.45432 -0.35527 -0.34556 -0.70370 1.04041 6.35059 -0.38901 0.23820 4.85623 -0.26695 1.53284 9
-0.10159 -1.14379 0.13366 0.53322 0.62036 -0.90874 -0.07582 -1.41047 -0.30275 0.46580 -0.36271 0.21813 0.26833 0.58440 -0.97365 -0.41816 9
-0.04948 -0.29633 -0.39335 0.12135 0.03349 0.25857 -0.35527 -0.07019 -0.14952 0.00303 -0.79911 -0.37443 0.30143 -0.53779 -1.01637 0.12576 9
-0.07831 0.03448 -0.31393 -0.65348 -0.77812 -0.82805 -0.11969 -1.20176 -0.35327 1.38366 -0.61652 -0.32133 0.13301 1.30248 -0.89662 -1.48234 9
-0.04390 0.73081 -0.36061 -1.03607 -0.96846 -1.50952 -0.35527 -1.60308 0.05076 4.08079 0.21924 -0.35233 0.26234 1.69473 -0.61316 -0.63809 9
0.05851 0.64278 -0.41258 -1.39657 -1.45653 1.06499 -0.35527 1.45791 -0.45071 -0.04270 -0.80594 -0.39790 0.16963 -1.49321 -0.51519 -0.64479 10
-0.06702 0.59233 -0.27167 -1.20211 -1.36254 1.39596 -0.35527 2.21301 -0.53424 -0.54034 -0.66739 -0.28100 0.13947 -2.22036 -0.01103 -0.90250 10
0.12705 0.17335 -0.38340 -0.70260 -0.73890 -0.20904 -0.18269 -0.41092 0.10277 1.15438 -0.28523 -0.37121 0.26165 0.82716 -0.65746 0.28038 10
-0.05061 0.12423 -0.15002 -0.05681 0.05052 -1.41344 -0.31652 -2.01185 -0.11813 2.10731 2.32217 -0.15448 -0.26789 1.44813 -0.53629 0.84646 10
-0.04375 0.37389 -0.39570 -1.24999 -1.68390 1.13865 -0.35527 1.51081 -0.46618 -0.48993 -0.59156 -0.37183 0.28729 -1.41104 -0.70947 -0.29454 10
-0.04977 0.33375 -0.35812 -0.28662 -0.43908 0.74355 -0.35527 0.92440 0.02068 0.10375 -0.75600 -0.34475 0.16953 -1.47858 -0.10010 -0.30977 10
-0.08791 0.27554 -0.40753 -0.38031 -0.82140 0.36503 -0.35527 0.54378 0.44792 1.75554 -0.51969 -0.36881 -0.40486 0.57032 0.79184 -1.48234 10
0.09121 -0.09967 -0.40092 -0.45210 -0.34000 0.27845 -0.07916 0.24360 -0.33737 0.37756 -0.78052 -0.38557 0.28194 0.01771 -0.64723 -0.30977 10
-0.05360 -1.16792 -0.38677 0.04019 -0.18972 -1.39421 -0.35527 -2.14990 -0.70370 1.28229 -0.75247 -0.37471 0.18830 0.06059 -1.00056 -1.48234 10
0.18328 0.28555 0.15894 -1.64070 -1.48110 -0.68878 -0.34916 -0.66705 -0.28528 3.00184 -0.54078 0.15036 0.02703 -0.91109 -0.44742 -1.01069 10
0.02243 -0.04260 0.08410 0.19008 0.76195 -0.95429 1.36279 -0.09905 -0.33047 0.90301 -0.62005 -0.01825 -0.06706 -0.16843 -0.46191 -0.25165 10
-0.05009 0.96237 -0.38280 -1.12466 -1.13185 -0.12700 -0.35527 -0.28574 1.22861 2.83046 -0.31636 -0.37322 -0.47882 1.51187 0.25444 -1.48234 10
-0.09532 0.84241 -0.33733 -1.07036 -1.25142 0.74737 -0.35527 1.19161 0.43400 0.64131 -0.74290 -0.34164 0.29100 -1.87082 0.46144 -0.32266 10
0.18488 0.07742 -0.34140 0.00816 -0.24770 0.52111 -0.35527 0.58364 0.01743 0.38617 -0.87917 -0.34067 -0.91595 -1.03546 0.46571 -0.90250 10
0.02958 0.34155 -0.38795 -0.51356 -0.58864 0.87851 -0.33039 1.26470 -0.17123 0.02825 -0.82907 -0.37197 0.07310 -1.54985 -0.12972 -0.24534 10
0.06443 -0.72650 -0.27551 0.53156 0.56745 -0.33416 1.04751 0.59428 -0.51495 -0.11563 -0.89363 -0.35917 0.11781 -0.86556 -0.88993 0.10460 10
-0.00564 -0.18916 -0.04796 0.45133 0.15222 0.93509 -0.35527 1.08659 -0.62533 -0.31392 -0.92791 -0.07921 0.02980 -1.31269 -0.34931 0.02525 10
-0.00180 0.30243 -0.22921 -0.82327 -0.62693 1.00200 -0.24477 1.38007 -0.62456 -0.27877 -0.80214 -0.23186 0.06324 -1.21670 -0.56322 0.60509 10
-0.11326 1.09624 -0.42394 -1.14417 -1.19899 0.28302 -0.35527 0.77010 0.93016 1.12977 -0.25072 -0.41082 0.32971 -1.87733 0.11403 -1.48234 10
-0.09249 0.33598 -0.35444 -0.92165 -1.10991 1.33892 -0.35527 2.13708 -0.70370 -0.30161 -0.26483 -0.38403 0.08615 -2.00683 0.46144 0.46866 10
