-0.11681 -0.82056 -0.42394 0.47046 0.41673 0.10790 -0.35527 -0.65364 -0.70370 -0.35631 0.40896 -0.41082 -0.12505 -1.12798 1.02840 -1.48234 1
-0.11592 -0.62332 -0.42394 1.12396 0.70126 -0.23543 -0.35527 -0.71962 1.91048 -0.22308 0.06722 -0.41082 0.32971 0.62122 -0.53909 0.02525 1
-0.11786 0.20679 -0.12945 1.00103 1.69093 -0.08346 -0.35527 -0.56683 -0.70370 -1.12498 2.00193 -0.07022 0.32971 -0.10948 -1.19221 -1.48234 1
-0.11601 1.58854 -0.42394 -0.54859 -0.56088 0.29169 -0.35527 0.34536 -0.70370 0.38940 0.07453 -0.41082 0.32971 0.27696 -0.08190 1.53284 1
-0.11625 -1.41832 -0.42394 0.26759 0.13890 0.45739 -0.35527 -0.08067 -0.70370 -0.51005 0.64742 -0.41082 0.32971 -0.82810 1.02840 1.53284 1
-0.11441 0.20936 1.50052 0.15623 0.90187 0.71755 -0.35527 0.47157 -0.70370 -1.12498 0.22589 1.32523 0.32971 -0.33201 -0.70947 -0.47728 1
-0.11273 -0.79613 -0.42394 -0.02511 -0.27817 0.55989 -0.35527 0.42847 0.67704 -0.41044 0.64823 -0.41082 0.32971 0.22588 0.04146 -0.47728 1
-0.11277 0.30769 -0.42394 0.18701 0.32386 0.25142 -0.35527 -0.11744 0.57776 -0.46182 0.58953 -0.41082 0.32971 -0.13811 0.32184 1.53284 1
-0.11449 0.37912 -0.42394 0.80243 1.38413 -0.81252 -0.35527 -1.79694 0.95787 -0.26512 0.32477 -0.41082 0.32971 -0.00481 -0.22673 -1.48234 1
-0.11842 -11.20880 -0.42394 1.07008 5.41632 -1.27212 -0.35527 -2.47673 -0.70370 -1.12498 -1.04345 -0.41082 0.32971 -2.27610 -1.19221 -1.48234 1
-0.09557 -0.61613 3.94667 -0.06556 1.02394 0.33542 -0.35527 -0.42307 -0.35233 -0.82192 -0.11311 3.88324 0.32971 0.81029 0.07829 1.53284 1
-0.11437 -0.41429 -0.42394 0.62944 -0.45245 -0.13940 -0.35527 -0.41028 0.90338 -0.29331 -0.19801 -0.41082 0.32971 -0.10409 -0.82211 1.53284 1
-0.10881 -0.69263 -0.41361 0.32845 1.06803 -0.30511 -0.35527 -1.09658 -0.70370 -0.50780 1.17168 -0.38471 0.25668 1.20515 -0.39913 0.02525 1
-0.11611 0.75143 -0.42394 1.45847 0.08899 -0.40684 -0.35527 -1.26623 -0.70370 -0.64862 0.60318 -0.41082 0.32971 -0.28024 -0.60784 1.53284 1
-0.08171 -0.36276 -0.42394 0.27345 0.67246 -0.18007 0.12365 -0.33401 -0.50114 -0.32138 0.14197 -0.41082 -0.04237 0.81149 0.23220 0.60509 1
-0.09566 -0.72488 -0.38877 1.54223 1.73046 -0.58103 0.04748 -0.94824 -0.41150 -0.62094 0.54755 -0.38950 0.32971 -0.30637 -0.16279 1.22093 1
-0.11323 -2.04396 -0.42394 3.46698 3.90920 -2.76443 2.56796 -1.36377 0.70683 0.57825 0.24658 -0.41082 0.32971 -0.05117 -0.85575 1.53284 1
-0.11687 1.69613 -0.42394 -0.34224 -0.06864 0.61575 -0.35527 0.52454 -0.70370 -0.31971 1.67674 -0.41082 0.32971 0.75962 1.98009 -1.48234 1
-0.11731 -1.57477 -0.42394 -1.42327 -0.61005 1.40819 -0.35527 1.97971 -0.70370 -1.12498 -0.09938 -0.41082 0.32971 -1.77858 -1.19221 1.53284 1
-0.11346 0.97676 0.88148 -0.14493 -0.19596 0.93509 -0.35527 1.29410 2.64782 -0.25777 -0.51050 0.87296 0.32971 -0.22985 0.56090 1.53284 1
-0.11611 0.94750 -0.42394 -0.63882 -0.56088 0.61575 -0.35527 0.43838 -0.70370 0.06173 0.81809 -0.41082 0.32971 -0.90967 3.24901 0.52778 2
-0.11053 1.38717 0.02783 -0.13039 -0.45051 0.01507 -0.35527 -0.38050 1.20912 0.19487 0.16175 0.07765 0.28090 0.67726 -0.46810 1.53284 2
-0.11712 0.55536 -0.42394 0.21067 1.60934 0.13374 -0.35527 -0.27300 -0.70370 -0.25777 1.93782 -0.41082 0.07318 -0.18128 1.02840 0.77905 2
-0.11323 1.00352 -0.42394 -0.36806 0.76152 0.14828 -0.35527 -0.19346 0.77047 0.14650 -0.14433 -0.41082 0.32971 0.56687 1.76861 -1.48234 2
-0.11119 0.62018 -0.42394 2.12289 1.66229 -0.54401 -0.35527 -1.08848 0.16002 -0.52901 0.93021 -0.41082 0.19749 -0.48191 0.39394 1.10210 2
-0.11517 0.13143 -0.42394 -0.24554 0.17713 0.28693 -0.35527 0.22348 1.54992 0.81877 0.01622 -0.41082 0.21471 0.84609 0.65830 -1.48234 2
-0.11519 -0.08342 -0.42394 1.16849 0.31034 -0.51754 -0.35527 -1.28541 -0.70370 -0.79012 -0.19294 -0.41082 0.32971 -0.72976 -1.19221 -1.48234 2
-0.10723 -0.18154 5.73067 -0.23532 0.34378 0.94518 -0.35527 0.60850 -0.70370 -0.98044 0.18489 5.97752 0.32971 -0.02894 0.39394 -1.48234 2
-0.11736 0.15317 -0.42394 0.83107 -0.37995 0.74483 -0.35527 0.96109 -0.70370 0.00239 0.94406 -0.41082 -0.00378 -0.50860 -1.19221 -1.48234 2
-0.11337 0.32537 -0.42394 1.24320 1.32295 -0.04491 -0.35527 -0.31386 -0.70370 -0.00507 -0.08814 -0.41082 0.32971 -0.45482 -0.63706 1.53284 2
-0.10277 -0.81845 -0.41119 0.78599 0.91579 -0.71793 -0.35527 -1.52987 -0.70370 0.02150 0.53832 -0.39566 0.28731 0.77746 -0.47798 0.32677 2
-0.10295 0.41790 -0.33362 -1.23831 -1.49697 1.05325 -0.35527 1.29325 -0.70370 -0.34072 5.10396 -0.28643 0.06871 -1.31779 0.63488 0.43641 2
-0.11381 -0.45012 2.80411 -0.40380 0.40645 0.94653 -0.35527 0.64341 -0.70370 -1.12498 0.10585 2.35104 0.32971 0.90370 0.65830 1.53284 2
-0.11772 -0.60653 -0.42394 2.33593 2.11410 0.47591 -0.35527 0.38812 -0.70370 -1.12498 -0.66582 -0.41082 0.32971 -1.38057 -1.19221 -1.48234 2
-0.10096 -0.31155 -0.42394 0.17391 0.28122 0.50489 -0.35527 0.33603 0.18751 -0.20258 -0.32945 -0.41082 0.26149 -1.24134 0.41693 0.92980 2
-0.02213 -0.60296 -0.21946 0.49915 0.58228 -0.66819 0.42838 -0.82038 0.06638 -0.14196 0.06876 -0.24226 0.27469 -0.06260 -0.07912 0.67779 2
-0.10421 -0.80716 -0.42394 2.20232 2.12003 -0.93880 0.85715 -0.75926 -0.70370 -0.61383 -0.61226 -0.41082 0.32971 -0.48216 -0.37581 1.53284 2
-0.11382 -0.20118 -0.42394 0.08100 0.56162 0.49839 -0.35527 0.07516 -0.70370 -0.84077 -0.59029 -0.41082 0.32971 -0.06711 -0.11772 -1.48234 2
-0.10913 -0.65901 3.33791 0.32839 1.13061 -0.15564 -0.35527 -0.67732 -0.70370 0.13284 0.59981 3.40188 0.32971 0.34734 0.65830 -1.48234 2
-0.11774 2.03513 -0.42394 -1.09902 -1.40900 -0.02541 -0.35527 -0.79152 -0.70370 2.85399 6.46358 -0.41082 0.32971 1.68009 -1.19221 -1.48234 2
-0.09457 -0.38835 -0.41975 0.13539 0.15328 0.30409 -0.11366 0.16045 -0.05447 -0.50903 -0.30837 -0.41082 0.31314 0.39000 0.49007 1.19782 3
-0.09386 -0.77588 -0.41172 1.81532 1.03612 -0.54839 0.38061 -0.71245 -0.41621 -0.77784 -0.22197 -0.41082 0.31504 -0.27803 -0.59607 0.14122 3
-0.11154 0.86159 -0.40957 -1.49782 -1.67569 1.49211 -0.35527 1.89146 -0.70370 -0.45525 -0.35055 -0.41082 0.32971 4.09125 2.34058 -1.48234 3
-0.02055 -0.83216 2.23261 0.51412 1.23047 -0.35816 0.35396 -0.34920 0.29782 -0.40736 -0.12584 2.20286 0.24715 0.11178 -0.37601 0.07388 3
-0.10678 -1.28643 -0.41539 1.29860 2.17451 -0.85394 1.03203 -0.59147 -0.70370 -0.90678 -0.06118 -0.38774 0.32971 0.46314 -0.04362 1.53284 3
-0.11371 -0.33250 0.15948 0.19071 0.27108 0.40994 -0.35527 0.08533 -0.70370 -0.30007 0.80766 0.05439 -0.23967 -0.08116 0.11403 0.32677 3
-0.05779 0.59456 1.43372 -0.54635 0.03898 -0.91832 1.21766 -0.20475 0.43126 1.00414 -0.18633 1.36437 0.27179 1.62223 0.30203 0.71052 3
-0.11519 0.20048 -0.42394 -0.74356 -1.05124 0.56450 -0.35527 0.52454 1.63040 0.08292 -0.61432 -0.41082 0.32971 0.60725 -0.18284 -1.48234 3
-0.11601 1.77639 -0.42394 0.19563 -0.08212 0.29169 -0.35527 -0.11744 -0.70370 -0.62761 1.26427 -0.41082 0.18258 0.87486 0.25602 0.92980 3
-0.11666 0.55536 0.21728 -0.23289 0.70126 -0.86612 -0.35527 -1.77308 2.73603 -0.53162 0.81809 0.09111 0.32971 0.66698 -1.19221 1.53284 3
-0.07380 -0.82318 -0.42394 1.11752 1.03638 -0.06884 0.00368 -0.15988 -0.38721 -0.57903 0.35253 -0.41082 0.30548 0.18755 0.23723 0.55115 3
-0.09875 -0.76781 -0.42394 1.16539 1.42406 -0.69302 0.74850 -0.68414 -0.70370 -0.86532 0.29411 -0.41082 0.31050 0.29346 -0.45200 0.62829 3
-0.09337 -1.41243 -0.42394 2.65548 2.65851 -1.38218 1.06717 -1.24952 0.13061 -0.78916 0.81673 -0.41082 -0.56433 0.41833 0.14297 0.12576 3
-0.11460 1.27931 -0.42394 0.16185 -0.29459 -0.01354 -0.35527 -0.86351 -0.70370 -0.46826 -0.52378 -0.41082 0.32971 0.12021 1.76861 -1.48234 3
-0.09451 -0.68323 -0.40720 1.13485 1.22301 -0.47109 0.43347 -0.69477 -0.70370 -0.74739 -0.58502 -0.39941 0.32971 -0.67936 -0.68367 -1.48234 3
-0.09149 -0.55372 -0.42394 -0.07023 0.62968 0.02389 -0.04387 -0.19456 -0.14984 -0.45620 -0.26080 -0.41082 0.28731 0.10194 -0.31450 0.40215 3
-0.07675 0.34455 5.71106 -0.70073 -0.42421 1.12915 -0.35527 1.16945 0.01890 -0.70949 -0.24699 6.05630 0.32971 0.07439 1.35224 1.53284 3
-0.11463 0.79855 -0.42394 -0.44734 -0.89389 -0.61356 -0.35527 -1.33079 1.00122 -0.24268 4.98314 -0.41082 0.06871 0.18803 0.33925 1.25873 3
-0.11400 1.02750 -0.42394 0.37384 0.16753 0.44317 -0.35527 -0.02114 -0.70370 -1.12498 -0.37965 -0.41082 0.16156 -0.70192 0.51595 -1.48234 3
-0.11719 -0.67833 -0.42394 0.47659 -0.30644 0.88443 -0.35527 1.28850 -0.70370 -0.15866 -0.29813 -0.41082 0.32971 -0.50860 -1.19221 1.53284 3
-0.09216 -0.09444 -0.42013 0.17978 0.17559 0.06395 0.02388 -0.19360 -0.10503 -0.50535 0.26086 -0.39990 -0.86170 0.28678 0.71613 0.62829 4
-0.09134 -0.56504 -0.41655 1.11863 1.25550 -0.50657 0.17697 -0.74381 -0.70370 -0.60264 0.16445 -0.41082 0.23957 -0.21566 -0.60005 0.42198 4
-0.10452 -0.63294 -0.42394 1.02973 1.79587 -1.25849 1.08983 -1.15938 -0.16058 -0.09442 -0.57141 -0.41082 0.30199 0.17877 -0.20726 -0.47728 4
-0.06436 -0.82026 1.54213 0.71401 1.46411 -0.39316 0.38814 -0.62087 -0.26573 -0.49540 0.23839 1.47983 -0.43015 0.75896 0.60387 0.47753 4
-0.08554 -0.42589 -0.39651 -0.36198 -0.03630 0.17230 -0.35527 -0.18485 1.47479 0.16941 -0.42278 -0.39316 -0.42374 -0.18445 -0.13895 -0.47728 4
-0.08006 -0.34184 -0.42394 0.38983 0.51526 0.12175 -0.35527 -0.31509 -0.14191 -0.44662 -0.52370 -0.41082 0.31060 -0.48449 -0.47588 0.77905 4
-0.10104 0.16084 -0.41245 -0.29079 -0.23369 0.68452 -0.35527 0.54036 -0.23010 -0.63481 -0.54657 -0.41082 0.01555 -0.41467 0.35494 -0.72854 4
-0.11669 0.04108 3.59510 -0.71268 -0.18394 0.94587 -0.35527 1.12099 3.85592 -0.33844 -0.06004 3.58127 0.32971 -0.25493 -0.18284 -1.48234 4
-0.04082 -0.79262 1.10055 0.64285 1.25088 -0.55433 0.28148 -0.74271 -0.32755 -0.20037 0.41191 1.04370 0.23854 0.05811 0.18309 0.64311 4
0.00257 -0.97427 1.07766 0.70944 1.45425 -0.46362 0.30769 -0.64818 0.03315 -0.43648 -0.30990 1.00042 0.10097 0.31928 -0.01159 0.02525 4
-0.10669 0.61561 -0.42394 0.57279 0.25948 0.05334 -0.35527 -0.59196 1.23114 -0.23495 -0.62782 -0.41082 0.26389 -0.39867 -0.18284 0.52778 4
-0.11162 1.17452 -0.42394 0.22517 -0.61355 0.52191 -0.35527 0.41893 -0.70370 -0.57948 1.42911 -0.41082 0.27592 1.30723 0.56090 1.53284 4
0.09378 0.12245 -0.01367 -0.57166 -0.49435 0.29773 0.33039 0.63164 -0.19740 -0.41900 0.09779 -0.02756 -2.21508 0.46704 0.60806 -0.15989 4
-0.10401 -1.00172 -0.41702 1.30059 1.54512 -0.69017 0.71383 -0.48512 -0.17946 -0.31110 -0.54154 -0.41082 0.30296 -0.40568 -0.93697 1.53284 4
-0.10726 0.57647 -0.42394 0.02044 -0.05186 0.45144 -0.35527 0.17249 -0.00096 -0.39764 1.23976 -0.41082 0.22213 -0.34956 0.14016 0.27652 4
-0.09014 -0.57641 -0.39915 -0.19036 -0.10382 0.05138 0.18230 0.05057 -0.11137 -0.15428 -0.39282 -0.41082 -0.62241 -0.26083 0.57419 -1.48234 4
-0.10851 -0.08535 -0.42394 -0.70204 -0.55430 0.88422 -0.35527 1.11647 0.95787 -0.69505 0.49652 -0.41082 0.28731 -0.26485 0.36916 0.86280 4
-0.09753 -0.26065 -0.42394 0.15412 0.40032 0.35567 0.27122 0.47346 -0.28653 -0.90910 -0.56664 -0.41082 0.28713 -0.63278 0.26577 1.53284 4
-0.10907 0.00234 -0.42394 -0.30421 -0.12325 0.48263 -0.35527 0.09176 -0.70370 -0.39607 -0.47013 -0.41082 0.28658 -0.22156 -0.18284 0.52778 4
-0.08877 0.06744 -0.41719 -1.04198 -0.94006 0.73192 -0.35527 0.95457 0.41189 0.12588 -0.42830 -0.40064 0.20162 0.67131 -0.02639 -0.19012 4
-0.10250 -0.76537 5.99519 -0.24977 0.62678 0.58836 -0.35527 0.19107 -0.70370 -0.49866 0.05944 6.40108 0.25030 -0.63707 0.55125 1.53284 5
-0.09944 0.72992 -0.41341 0.00804 0.18161 0.56373 -0.35527 0.35847 -0.70370 -0.49477 0.48083 -0.39601 -0.39528 0.62610 0.44059 1.23132 5
-0.08930 -0.82914 1.73656 0.30541 0.78488 0.37789 -0.31926 -0.12669 -0.43476 -0.70743 -0.40361 1.57108 0.28854 -0.07162 0.68436 0.02525 5
0.10530 0.12666 -0.29093 -0.59315 -0.43212 0.68702 -0.08007 0.79636 -0.05016 -0.51901 0.01173 -0.26032 -3.72222 0.66400 1.13772 -0.00374 5
-0.11396 1.38638 -0.42394 -0.10280 0.44658 0.79078 -0.35527 0.73995 -0.70370 -0.82830 -0.72342 -0.41082 0.32971 -1.07446 -0.18284 1.53284 5
-0.10609 -0.05676 -0.41586 1.26711 0.96175 -0.56608 -0.35527 -1.07133 0.35324 0.24246 -0.56055 -0.41082 0.27577 -0.36746 -0.43518 -0.47728 5
-0.10852 -1.63111 -0.42394 0.71229 -1.11186 -1.17677 2.48239 0.69221 -0.70370 0.19764 -0.09464 -0.41082 0.32971 0.31150 1.27514 -1.48234 5
-0.11376 0.60516 -0.42394 -0.02480 -0.12152 0.59577 -0.35527 0.36321 1.00122 -0.53678 -0.15141 -0.41082 0.06871 -0.92457 1.39850 -1.48234 5
-0.02527 -0.91005 -0.38296 0.09507 0.73921 -0.00002 -0.31858 -0.49025 -0.16421 -0.42037 -0.11947 -0.36302 0.32184 -0.33366 -0.08682 0.40717 5
-0.11229 2.23052 -0.42394 -0.70971 -0.51417 0.86624 -0.35527 0.51640 -0.70370 -0.87258 -0.83672 -0.41082 0.32971 -1.13217 -0.26695 -1.48234 5
-0.11080 -0.05976 -0.38497 -0.25805 -0.14696 0.56639 -0.35527 0.37401 -0.70370 -0.79177 0.13664 -0.37558 -2.47951 -0.31390 0.65830 0.77905 5
-0.09700 -0.20736 2.18163 -0.24151 -0.10490 0.41086 -0.35527 0.07569 0.02113 -0.37479 -0.30363 2.07471 0.25573 0.67342 0.06474 0.52778 5
-0.10110 -0.27738 -0.37204 1.88944 1.06339 -1.37891 -0.35527 -1.96116 0.29494 0.25313 1.49827 -0.32581 0.19382 2.50158 -0.50097 0.40215 5
0.26572 -0.60717 2.22468 -0.29541 0.45525 0.07039 -0.06821 -0.16074 -0.28118 -0.22956 -0.11099 2.22339 0.26913 0.58810 -0.03522 0.17770 5
-0.10855 -0.54120 1.20738 0.85287 1.71490 -0.26793 -0.35527 -0.79833 -0.70370 -0.32785 -0.42001 1.15454 0.29602 -0.35173 -0.12461 -1.48234 5
-0.11484 0.04108 -0.42394 0.86634 -0.18394 -0.29208 -0.35527 -0.63692 -0.70370 0.42646 0.16496 -0.41082 -0.12923 1.06724 -0.11772 -0.47728 5
-0.10303 -1.40917 -0.42394 1.92742 2.27385 -1.36448 1.22275 -0.99422 -0.24667 -0.41544 0.31330 -0.41082 0.28306 0.83713 -1.11346 -0.47728 5
-0.11611 -0.03285 -0.42394 -0.56114 -0.23117 0.61575 -0.35527 0.52454 -0.70370 -0.58813 -0.89593 -0.41082 0.32971 -1.34325 0.65830 -1.48234 5
-0.09808 0.15973 -0.41411 -0.57106 -0.51015 0.31511 -0.00793 0.19095 0.09009 -0.71420 -0.31996 -0.41082 -1.10822 0.22080 0.65830 1.53284 5
-0.10594 -0.20057 -0.40798 -0.46475 -0.40022 0.99484 -0.35527 1.12369 -0.70370 -0.78220 -0.61709 -0.38665 0.29591 -1.28909 0.21770 -0.47728 5
-0.08599 0.26272 -0.35286 -0.94141 -0.36702 0.17783 0.46164 0.67766 0.33919 -0.40538 -0.30300 -0.29668 0.30310 -0.30980 -0.05018 0.92980 6
-0.10984 -0.40274 -0.42394 -0.49702 -0.63528 0.71020 -0.35527 0.52719 -0.70370 -0.46826 -0.48304 -0.41082 0.18401 -0.47004 -0.43946 0.02525 6
-0.11513 0.48565 -0.42394 -0.43513 -0.89512 1.03528 -0.35527 1.59438 1.87609 -0.23495 -0.92084 -0.41082 0.32971 -1.30691 -0.33813 1.53284 6
-0.11123 0.49027 -0.42394 0.28364 -0.68611 0.90820 -0.35527 0.98628 -0.70370 -0.93915 -0.64594 -0.41082 0.32971 -1.05849 -1.19221 1.53284 6
-0.06580 -0.41991 -0.27327 0.53881 0.58097 -0.19794 0.36853 -0.06535 0.03172 -0.18621 -0.68899 -0.26594 0.29968 0.15941 -0.38358 -0.81230 6
-0.08038 -0.16840 -0.40813 2.84238 0.40483 -1.42481 1.68650 -0.24913 0.43400 0.15068 3.02777 -0.40390 0.18457 2.93719 -0.45578 -0.14775 6
-0.06049 -0.06812 -0.40315 1.09608 0.29622 -0.16296 -0.08771 -0.35555 0.40540 -0.25341 0.37366 -0.39733 -1.43103 1.47125 0.04686 0.17601 6
-0.09658 1.19492 -0.32320 -1.07504 -0.82224 1.03064 -0.31932 1.26962 -0.28475 -0.33003 -0.36911 -0.33440 -0.37576 -0.72135 1.15064 1.21545 6
-0.11497 0.22163 -0.42394 -0.92639 -1.40900 0.48186 -0.20769 0.54907 -0.70370 0.01506 -0.17645 -0.41082 0.32971 -0.06772 0.28820 0.52778 6
-0.10989 0.99566 -0.42394 -0.40170 -0.61558 1.07944 -0.35527 1.13548 -0.70370 -0.75736 -0.20220 -0.41082 -0.32278 -0.05943 1.27514 -1.48234 6
-0.09486 0.15317 -0.42394 0.27339 -0.09328 0.16395 0.21166 0.28795 -0.36092 -0.41544 -0.45534 -0.41082 0.27723 -0.50216 -0.46584 -0.87930 6
-0.10655 -0.79479 -0.42394 0.18121 0.44658 0.42457 -0.35527 0.28331 -0.10594 -0.60941 -0.57825 -0.41082 0.29920 1.18491 -0.08190 -1.48234 6
-0.06802 5.49480 -0.14122 -1.31626 -0.95250 -3.25755 6.13206 1.19911 -0.70370 -0.84172 -0.16825 -0.37487 -6.80936 0.71809 1.56541 1.19782 6
-0.07377 -1.14138 -0.29362 1.41882 1.86132 -1.00644 1.14423 -0.56033 -0.36998 -0.43416 0.00631 -0.32560 0.18496 0.24725 0.01397 0.40215 6
-0.08905 0.40198 -0.42394 -0.30357 -0.95719 0.69542 -0.33742 0.43623 0.19432 -0.35045 0.42862 -0.41082 0.26861 -0.11227 0.82653 0.77905 6
-0.10890 -0.80323 -0.42394 1.23155 1.79320 -0.60319 0.98287 -0.14241 -0.70370 -0.70743 -0.13096 -0.41082 0.32971 -0.91671 -0.05343 1.53284 6
0.02231 -0.92900 -0.20969 0.82963 0.84706 -0.75596 -0.31789 -1.40632 -0.37831 0.13389 -0.49531 -0.22429 0.28227 0.63369 -0.86876 0.25976 6
-0.10001 -0.69075 -0.42394 0.91485 0.66672 -0.71292 0.45427 -0.67115 0.94391 0.15397 -0.37965 -0.41082 0.16156 0.72651 0.11070 -0.22601 6
-0.11663 2.79615 -0.42394 0.23166 -0.18394 0.47591 -0.35527 -0.05752 -0.70370 -0.37340 3.62385 -0.41082 0.10738 -0.34751 -1.19221 -1.48234 6
-0.08621 0.12824 -0.42394 -0.56661 -0.77340 0.98210 -0.35527 1.12308 -0.44707 -0.85937 -0.44183 -0.41082 0.26423 -0.18176 -0.03026 0.14122 6
0.00843 0.43534 -0.40493 -0.98200 -0.91328 0.80144 -0.05671 1.22256 -0.07461 -0.44976 -0.71219 -0.40317 0.19774 -0.89496 0.50743 -0.11180 7
-0.11525 -0.52889 -0.39341 -0.03244 -0.77535 0.25036 -0.35527 0.35664 -0.70370 0.73333 2.59248 -0.33222 0.21976 1.00148 -1.19221 0.52778 7
-0.05419 -2.13475 1.14541 -0.91995 -0.87230 -3.65997 4.41878 -1.32713 0.23666 2.79515 -0.63204 1.09858 0.26573 0.49678 -0.69958 -0.72854 7
-0.05762 0.13713 -0.30506 -1.17914 -1.00508 0.54769 -0.35527 0.63368 0.63007 0.37052 -0.12721 -0.30377 0.15956 1.38654 -0.30808 -0.85851 7
-0.07786 0.29783 -0.40911 -0.94721 -0.99129 0.96796 -0.35527 1.17893 -0.70370 -0.68041 -0.64133 -0.39635 0.30948 -0.47723 -0.37837 0.32677 7
-0.10070 0.08813 -0.38447 -0.41868 -0.36537 0.86747 -0.35527 0.91961 -0.70370 -0.81890 -0.11865 -0.37845 0.32971 -0.96630 -0.47588 0.59060 7
-0.10596 -0.48530 -0.20015 0.49664 0.56994 0.50796 -0.35527 0.35442 -0.12703 -0.72708 -0.39682 -0.24252 0.32971 -1.15157 -0.65712 0.02525 7
-0.01023 -0.14593 0.19826 -0.34041 0.22733 -0.11188 -0.10007 -0.35594 0.11324 -0.12678 -0.34807 0.22248 0.29149 0.75799 -0.26695 0.48408 7
-0.07503 0.20509 -0.27136 -0.73173 -0.74721 -0.47068 0.54628 -0.37546 1.26086 0.67114 0.33752 -0.26748 0.14926 0.43068 0.10935 0.58285 7
-0.11529 0.99514 -0.42394 -0.99164 -1.46554 1.63908 -0.35527 2.62506 -0.70370 -1.12498 -0.79169 -0.41082 0.32971 -1.77858 4.35932 -1.48234 7
0.56772 0.15078 1.70709 -0.03884 0.14990 -1.25137 0.27154 -1.49399 0.50657 1.96561 0.38846 1.29452 -0.19468 1.90960 -0.07797 -0.15761 7
-0.10527 -0.05483 -0.42394 -0.48702 -0.35663 0.66471 -0.35527 0.58033 -0.07729 -0.15248 -0.83693 -0.41082 0.32971 -0.92347 -0.68753 -1.48234 7
-0.08287 0.72890 -0.02920 -0.75187 -0.92952 0.98529 -0.35527 1.29615 0.25976 -0.46019 1.61460 -0.08570 -0.24796 -1.54497 0.81783 0.52778 7
-0.07443 -0.15713 -0.31906 -0.38617 -0.26265 0.45377 -0.30156 0.48726 0.51410 -0.13465 -0.74336 -0.31562 0.29420 -0.10907 -0.28076 0.02525 7
0.01452 -0.06920 1.06908 -0.18233 0.10511 -0.55954 0.06219 -0.66606 0.24780 1.07635 1.01043 0.88982 0.23260 0.08426 -0.28198 -0.02138 7
0.93647 -0.59573 1.57636 -0.28460 0.06190 -0.30250 0.10786 -0.33982 -0.04847 0.34439 -0.44024 1.48403 0.26574 0.48768 -0.32451 -0.36099 7
7.70479 -0.08431 -0.19626 -0.95137 -0.92197 0.73515 -0.14718 0.84046 -0.04300 -0.06365 -0.59108 -0.13037 -5.60235 0.63016 0.86675 -0.31227 7
-0.10936 0.21832 -0.42394 1.88665 1.62391 -1.24611 1.16388 -0.72085 -0.70370 0.23878 1.91166 -0.41082 0.16834 -0.41557 -0.16731 1.53284 7
-0.11393 -2.33408 2.82367 0.53860 -0.77197 -1.76892 3.46664 0.74132 1.98210 0.72824 -0.67079 4.09623 0.19266 -2.17791 -1.19221 1.53284 7
0.06135 -0.68889 3.85024 -0.45961 -0.12478 -0.14683 -0.12113 -0.31250 -0.03426 0.60722 -0.65886 3.66455 0.28487 -0.44592 -0.50977 -0.22601 7
-0.02967 0.13737 0.41138 -1.34702 -1.33977 0.88750 -0.35527 1.19206 0.41089 0.36071 0.21644 0.45044 -0.78193 -0.09708 1.01794 0.63279 8
-0.09160 0.12235 -0.37541 -0.51760 -0.17104 -0.29539 -0.35527 -0.72481 1.32354 1.47281 -0.20484 -0.37912 0.25582 0.24498 -0.41645 0.40215 8
-0.11551 1.33964 -0.42394 -0.98060 -1.77265 -0.20232 -0.35527 -0.06422 1.87609 2.88017 3.30863 -0.41082 0.32971 1.27005 0.45269 1.53284 8
-0.05566 -1.82284 -0.32796 1.57267 1.90189 -2.42525 1.93066 -1.58922 1.27439 1.24351 -0.54964 -0.33441 0.11002 -0.20683 -0.72743 -0.57779 8
-0.04022 0.57056 -0.39697 -0.99630 -1.03506 0.87410 -0.35527 0.87616 -0.00053 -0.11418 -0.40180 -0.39372 -3.30621 0.43462 0.63614 -0.02674 8
-0.09876 -0.22711 -0.39852 -0.29151 0.04818 -0.13476 -0.19557 -0.60293 -0.33306 -0.03810 -0.71612 -0.39730 0.21623 0.22966 -0.71208 -0.47728 8
-0.10993 1.02565 -0.42394 -0.30537 -0.54032 0.38712 -0.35527 0.13728 -0.70370 0.12189 -0.54874 -0.41082 0.09918 0.00511 -0.24727 -0.87930 8
-0.11801 4.58878 -0.42394 1.51395 -0.78704 -1.72161 -0.35527 -2.77830 -0.70370 -1.12498 1.49827 -0.41082 0.32971 1.45530 4.35932 -1.48234 8
0.11895 0.32676 -0.41928 -0.66023 -0.91477 0.88639 -0.19675 0.97923 -0.18658 -0.62408 -0.54456 -0.40646 -0.09655 -0.60543 0.38753 0.37809 8
-0.01360 0.29442 -0.34247 -0.66168 -0.69321 0.41239 -0.35527 0.31760 -0.42391 -0.22002 -0.62808 -0.31640 0.28331 0.11138 -0.54473 -0.30977 8
-0.11438 0.89884 -0.32721 -1.62878 -1.88073 0.86379 -0.35527 1.16945 3.75230 0.41235 -0.34782 -0.24826 0.21602 1.65169 -0.26695 -1.48234 8
0.35090 0.29007 -0.05668 -1.45745 -1.32723 0.50639 -0.17189 0.63644 0.42800 0.46239 -0.13077 -0.01827 -1.13863 0.00376 0.13121 -0.10823 8
0.02812 0.42385 -0.33958 -0.55503 -0.76782 0.30192 -0.35527 0.32260 0.32282 0.82284 -0.75591 -0.32804 0.18359 -0.60928 -0.04078 -0.27627 8
-0.06304 0.72698 -0.37682 -1.40811 -1.70496 1.36139 -0.35527 2.03605 -0.18317 -0.43658 -0.77557 -0.35385 -0.01559 -1.73067 0.68677 -0.40549 8
0.34497 -0.06265 -0.40919 -0.07627 -0.22408 0.65297 -0.29109 0.73090 -0.50102 -0.36751 -0.86708 -0.39726 0.29265 -1.35697 -0.74136 -0.58125 8
-0.09812 0.96354 -0.42394 -1.48259 -1.68618 1.02280 -0.35527 1.41128 0.17159 0.00743 -0.26962 -0.41082 0.10639 -1.05269 0.88036 0.14122 8
-0.07831 0.49617 -0.42394 0.18133 0.00470 0.13132 0.41691 0.47725 -0.26800 -0.26066 -0.69005 -0.41082 0.31859 -1.03895 -0.66033 0.40215 8
-0.11464 -1.21460 0.09170 0.13916 0.32322 -1.16193 -0.15284 -1.61728 -0.70370 1.12977 -0.73891 0.00641 0.32971 0.55254 -1.02893 1.53284 8
-0.06362 0.25188 0.51556 -1.18166 -1.49350 1.05336 -0.35527 1.66111 0.51843 0.47121 1.28187 0.45538 -1.60353 -0.42793 0.90051 -0.64204 8
-0.05481 0.03226 -0.29136 -1.03635 -0.99726 -1.25862 -0.35527 -1.76052 0.81539 1.77498 -0.32695 -0.27412 0.22118 1.31459 -0.97674 -0.64479 8
-0.07935 0.11796 -0.32899 -0.73256 -0.92100 0.78245 -0.35527 0.86961 -0.70370 -0.30787 -0.78308 -0.28309 0.07749 -1.84922 -0.75850 -0.16320 9
-0.01741 -0.10860 -0.37521 -0.55016 -0.40129 0.19484 -0.23293 0.03480 -0.01061 0.30970 -0.75933 -0.36025 0.16466 -0.57316 -0.48414 0.17601 9
0.21463 -0.12575 0.23995 -0.14277 0.16700 -1.20516 0.41275 -1.27453 0.65606 1.20945 -0.34656 0.17656 0.25371 0.47223 -0.42471 -0.55833 9
0.23136 0.59143 -0.13388 -1.39696 -1.25570 1.07000 -0.35527 1.44875 0.51745 0.21239 -0.69194 -0.14249 -0.88321 -0.86492 1.12165 0.07388 9
-0.11649 1.60106 -0.42394 -0.10371 -1.02398 0.94205 -0.35527 1.30244 -0.70370 0.31422 -0.65811 -0.41082 0.32971 -1.51459 0.39394 -1.48234 9
0.13722 -0.01255 -0.04757 -1.00500 -0.69097 0.23761 -0.17103 0.29917 0.62791 0.66890 -0.35032 -0.05574 0.17278 0.25660 -0.30868 -0.03628 9
-0.11493 -0.49913 -0.42394 0.46955 0.63405 0.12924 -0.35527 -0.34213 -0.70370 -0.79340 0.16690 -0.41082 0.32971 -1.19176 -1.19221 -1.48234 9
0.58471 -0.88063 0.68141 2.48013 1.63211 -1.50271 -0.29987 -1.91561 -0.22875 1.23774 0.81807 0.26520 0.04235 2.26337 -0.63439 0.21219 9
0.12408 -0.28280 -0.39285 0.95615 0.17581 0.37651 -0.34116 0.19829 -0.52491 -0.56472 -0.83440 -0.38255 0.30386 -1.41326 -0.82909 -0.62086 9
-0.09864 -0.77271 -0.37846 0.11496 0.38672 -0.19930 -0.26268 -0.46706 -0.33790 1.02040 0.08819 -0.38413 0.29238 -0.18063 -0.60092 0.92980 9
-0.08650 -1.16106 -0.37058 0.60056 0.37178 -0.06928 -0.35527 -0.61933 -0.02994 -0.31141 -0.66956 -0.36166 0.29533 -0.61770 -0.96406 -1.48234 9
-0.00575 1.16336 -0.20991 -1.13541 -1.07699 0.30068 -0.35527 0.22411 0.60824 0.81126 0.24984 -0.13961 -0.89764 1.32721 0.28076 -1.14732 9
0.40070 -0.09308 -0.37842 -0.43132 -0.42244 0.43118 -0.21686 0.34670 -0.42487 -0.11224 -0.73744 -0.35487 0.23722 -0.84755 -0.75442 -0.11180 9
0.02363 -0.54506 -0.39210 -0.04104 0.19001 0.10573 0.17432 0.25226 -0.01069 -0.09889 -0.69270 -0.37711 0.29434 -0.82206 -0.53262 0.27652 9
-0.07819 0.48455 -0.40899 -0.21811 -0.36013 0.47749 -0.19216 0.06003 -0.47222 0.03301 0.37692 -0.36859 0.05803 2.15517 0.45133 0.52778 9
-0.05638 -0.30648 -0.26699 -0.14013 0.19991 -0.19410 -0.20705 -0.68031 -0.33190 0.43567 -0.62158 -0.26614 0.14631 -0.26169 -0.58878 0.09704 9
-0.10086 0.21876 2.49377 -0.50080 -0.45407 -0.01624 -0.35527 -0.32809 0.14140 0.69729 -0.65334 2.48718 0.28658 -1.04258 -0.92993 -0.27627 9
0.05365 -0.48039 -0.40642 2.04442 1.07427 -0.91622 -0.35527 -1.25372 -0.56267 0.68742 0.65507 -0.40181 0.16239 1.01893 -0.97852 -0.49164 9
-0.01416 0.51886 -0.35842 -1.54718 -1.65259 0.81270 -0.35527 1.29388 1.29872 0.94755 -0.71177 -0.34094 0.13423 -1.05468 0.65830 -1.05160 9
0.14069 0.02810 -0.25981 -0.55297 -0.48090 0.30811 -0.15623 0.17688 -0.38874 0.07031 -0.71553 -0.23617 0.12238 -0.18041 -0.73374 -0.28765 9
0.03562 0.69901 -0.37631 -1.37612 -1.53391 0.41311 -0.35527 0.68195 0.49847 1.58977 -0.37138 -0.35500 0.17635 -0.46594 -0.25423 -1.28781 10
-0.11426 -0.44585 0.30445 -1.06742 -1.43840 0.26763 -0.35527 0.23186 -0.70370 1.02728 -0.95839 0.43448 0.23875 -0.99869 -1.19221 -1.48234 10
0.22693 1.73469 -0.00671 -1.58318 -1.39133 1.18688 -0.31564 1.48064 0.70853 0.27578 -0.62811 0.27753 -7.32098 3.69072 4.21471 -0.79707 10
-0.03294 -0.18733 -0.38987 -0.21651 -0.16071 0.14013 0.01991 0.14448 0.54207 0.09827 -0.53692 -0.38984 0.26614 -0.60543 -0.07216 0.52778 10
-0.09436 0.30920 -0.29916 -0.18797 -1.64250 0.79984 -0.35527 1.20458 -0.04243 0.35791 1.06958 -0.22989 -0.05834 -1.27976 1.37003 -0.68887 10
0.39090 0.60771 -0.25512 -1.03372 -0.96151 0.54592 -0.26225 0.60385 0.22345 0.62221 -0.29433 -0.23660 -1.61269 0.19617 0.63227 -0.52098 10
-0.05433 0.22163 -0.39418 -0.61201 -0.69030 0.49971 -0.11339 0.83053 -0.16542 0.68563 -0.48847 -0.38627 0.13744 -1.24442 -0.37510 -1.15928 10
-0.06734 0.93204 -0.33358 -0.60368 -0.96512 1.29970 -0.30900 1.89077 1.21849 0.24279 -0.78464 -0.29687 -0.32011 2.33145 2.87104 0.92980 10
0.82027 0.08461 -0.39855 -0.18689 -0.26745 -0.38998 -0.01092 -0.46364 0.32115 1.06999 -0.66161 -0.39048 -0.62458 0.57074 0.04017 -0.19012 10
-0.10146 0.42988 -0.00577 -1.48464 -1.83291 1.21427 -0.35527 2.19860 -0.70370 -0.06039 -0.11587 -0.06445 -0.56660 3.57357 -1.02698 -1.48234 10
0.24055 0.67870 -0.38221 -1.53261 -1.68700 1.00757 -0.35527 1.49706 0.24006 0.55727 -0.71333 -0.36587 0.15714 -1.19761 -0.24439 -1.05160 10
0.13694 0.19838 0.42257 -1.48387 -1.34665 0.88341 -0.33981 1.10703 -0.26045 0.61451 -0.46885 0.56746 -0.53167 -0.32986 0.97264 -1.06817 10
-0.08615 -0.42958 0.20947 0.90410 0.64054 -1.06864 -0.34714 -1.59658 0.09413 1.24905 3.06072 0.26587 0.19740 -0.58957 -0.72141 0.41292 10
0.60753 0.15984 -0.34955 -0.71721 -0.70640 0.39729 -0.07862 0.64764 0.30503 0.62958 -0.73633 -0.33722 -0.81312 -0.38741 0.12846 -0.76822 10
-0.03575 -0.15788 -0.39114 -0.17526 -0.45482 0.53129 -0.35527 0.34705 -0.50987 -0.20547 -0.70596 -0.37193 0.27036 -1.13427 -0.69063 -0.72854 10
-0.07371 0.43319 -0.27809 -1.80974 -1.72909 1.70385 -0.35527 2.79011 -0.70370 -0.83520 -0.90679 -0.25323 0.19500 -2.15908 -0.45200 -0.87930 10
0.21937 -0.72082 -0.35101 -0.61433 -0.72221 -2.19559 1.83936 -1.51817 -0.44852 1.40801 -0.48539 -0.37443 0.16162 -0.66275 -0.88774 -0.51631 10
-0.11034 0.67155 -0.41167 -0.63307 -1.41997 1.01197 -0.35527 1.27941 -0.70370 -0.18550 0.06722 -0.37108 0.21854 -2.05661 -1.19221 1.53284 10
-0.11787 -3.00954 -0.27335 1.63500 3.73624 -1.84419 -0.35527 -1.65820 -0.70370 3.70663 1.78875 -0.41082 -1.57596 -2.27610 -1.19221 -1.48234 10
-0.11021 -0.78748 -0.36360 3.32824 0.51985 0.01741 -0.35527 0.51998 -0.70370 1.13920 3.34952 -0.41082 0.32971 -1.85872 -1.19221 -0.30568 10
