-0.11617 4.37620 -0.42394 -2.03701 -2.14403 -1.35279 3.98004 2.91593 -0.70370 -1.12498 -0.04969 -0.41082 0.32971 0.86613 1.16298 -1.48234 1
-0.11403 0.71380 -0.17854 0.64115 2.41618 -0.28687 -0.35527 -1.06634 -0.70370 -0.60465 0.04833 -0.13572 0.25275 0.00843 0.60829 -1.48234 1
-0.11689 -1.60320 -0.42394 1.26962 1.27032 -0.43499 -0.35527 -0.56683 -0.70370 0.86450 1.51902 -0.41082 0.32971 0.17596 -1.19221 -1.48234 1
-0.11684 0.83546 -0.42394 -1.48217 -0.21958 1.76195 -0.35527 2.84371 -0.70370 -1.12498 -0.71790 -0.41082 0.32971 2.87066 2.50881 -1.48234 1
-0.11593 1.28492 -0.42394 -0.23056 0.65269 -0.10135 -0.35527 -1.08771 -0.70370 -0.10009 0.30522 -0.41082 0.17812 -0.82231 -1.19221 1.53284 1
-0.10332 -1.14925 -0.42394 3.01859 2.45655 -1.23761 0.82041 -1.17800 -0.70370 -0.67403 0.25871 -0.41082 0.32971 -0.07443 -0.51243 0.43641 1
-0.11107 -0.97494 -0.42394 1.67634 1.84149 -0.78608 -0.35527 -1.48885 0.14140 -0.25029 0.65787 -0.41082 0.32971 -0.43018 -0.90752 0.37316 1
-0.08352 -0.79766 0.98053 0.39263 1.12227 0.16677 -0.35527 -0.39264 -0.27792 -0.57415 -0.20303 0.69972 0.32971 1.09729 0.66518 1.10210 1
-0.11725 2.58525 -0.42394 0.88731 1.19342 -0.49476 -0.35527 -1.15449 -0.70370 -0.25777 0.56348 -0.41082 0.32971 -0.68827 1.58355 -1.48234 1
-0.11337 -0.22662 -0.36565 -0.79782 -0.37009 1.46833 -0.35527 1.85549 -0.70370 -0.71253 -0.01729 -0.41082 0.08569 2.75318 3.85463 -1.48234 1
-0.10559 -1.37545 -0.41618 2.81486 3.01195 -1.53401 0.64089 -1.78917 -0.70370 -0.61766 -0.08877 -0.41082 0.30470 0.40715 -0.60784 1.03031 1
-0.11370 -2.05070 6.16051 -0.12795 1.27032 0.41453 -0.35527 -0.31458 1.14597 -0.80591 -0.01211 6.74168 0.32971 0.29512 2.92003 1.53284 1
-0.11560 0.71707 -0.42394 1.16617 2.08242 -0.46118 -0.35527 -1.12478 -0.70370 -0.74496 -0.26483 -0.41082 0.32971 -0.12189 -1.19221 -1.48234 1
-0.11440 -0.99596 -0.42394 0.64897 1.26653 -0.47686 -0.35527 -1.20346 -0.70370 -0.58813 0.24980 -0.41082 0.32971 0.33077 -0.72958 1.53284 1
-0.11048 -1.06932 -0.42394 1.49723 0.98676 -0.51958 -0.35527 -1.23530 0.11324 -0.27945 -0.28385 -0.41082 0.24633 -0.18880 -0.24727 -0.87930 1
-0.11666 -2.48055 -0.37051 -1.43564 -1.42886 1.16384 -0.35527 1.16945 -0.70370 -0.10009 0.79863 -0.41082 0.02653 2.27439 2.07339 -1.48234 1
-0.11173 0.31082 2.42420 -0.48693 0.02239 0.52886 -0.35527 0.15964 0.49916 -0.71000 0.92718 2.44140 0.26833 0.51339 -0.29196 1.53284 1
-0.11759 2.79615 -0.42394 1.31667 2.42952 -1.12228 -0.35527 -1.71277 -0.70370 1.12977 1.65389 -0.41082 0.32971 0.03381 -1.19221 0.77905 1
-0.11297 0.42714 -0.40589 -0.24218 -0.71369 0.81122 -0.35527 0.71616 -0.70370 -0.60862 0.80994 -0.41082 0.25333 -0.21582 2.74758 1.53284 1
-0.11189 -0.87711 -0.42394 1.42477 0.95603 -0.07963 -0.35527 -0.74872 -0.70370 -0.76708 0.13664 -0.41082 0.32971 -0.30675 -0.10367 -1.48234 1
-0.11092 0.49287 -0.41074 1.25576 0.58610 -0.53251 -0.35527 -1.15064 0.15248 -0.23883 0.53572 -0.41082 0.28602 0.32910 -0.79567 1.53284 2
-0.11613 -1.12171 -0.42394 0.30796 0.06107 0.37037 -0.35527 -0.16474 -0.70370 0.06173 1.91387 -0.41082 0.32971 0.78095 0.39394 1.53284 2
-0.11774 -2.10822 -0.42394 2.18394 1.83938 -1.68768 -0.35527 -2.27916 -0.70370 0.04127 2.69348 -0.41082 0.32971 1.29983 -1.19221 -1.48234 2
-0.11470 0.36936 -0.42394 0.37006 0.33671 0.33220 -0.35527 0.05756 -0.70370 -0.47457 -0.52850 -0.41082 0.32971 -0.10510 1.02840 1.53284 2
-0.11792 2.46823 -0.42394 -0.52136 -0.18394 1.56736 -0.35527 2.48901 -0.70370 -1.12498 2.95068 -0.41082 0.32971 0.02015 -1.19221 1.53284 2
-0.11668 1.44803 -0.42394 -1.32971 -0.92742 1.56736 -0.35527 2.53676 -0.70370 -0.06807 0.44718 -0.41082 0.32971 1.84808 1.98009 1.53284 2
-0.11622 -1.18748 -0.42394 0.15623 0.13890 0.31139 -0.35527 -0.12849 -0.70370 -0.57053 0.28623 -0.41082 0.00168 -0.48923 1.98009 -1.48234 2
-0.11394 1.12480 -0.42394 0.91626 0.63500 -0.07792 -0.35527 -0.95478 -0.70370 -1.12498 0.23232 -0.41082 0.25154 -0.10785 -0.49827 0.92980 2
-0.11350 1.21680 -0.42394 0.32138 -0.03601 -0.13485 -0.35527 -0.42742 0.72743 0.84998 -0.05619 -0.41082 0.32971 0.50416 -0.04362 0.52778 2
-0.11806 0.55536 -0.42394 0.68169 1.16362 -2.45203 -0.35527 -2.85871 12.36723 3.38452 -0.45340 -0.41082 0.32971 -0.87683 -1.19221 -1.48234 2
-0.10849 0.69752 -0.42394 0.92927 1.13673 -0.52115 -0.35527 -1.12521 -0.05231 -0.11371 -0.31947 -0.41082 0.22999 0.40227 -0.87945 0.02525 2
-0.11156 -0.05842 -0.42394 1.63746 1.32509 -0.12298 -0.35527 -0.67755 -0.70370 -0.79821 -0.13648 -0.41082 0.32971 -0.51631 -0.83405 -0.72854 2
-0.10978 -1.10290 3.26227 0.24619 1.61640 0.74008 -0.35527 0.45939 0.27174 -0.62018 -0.26750 2.82738 0.32971 -1.32195 1.98009 0.32677 2
-0.10940 -0.27842 -0.42394 0.87395 1.41752 -0.06999 -0.35527 -0.70165 0.06519 -0.72708 0.31880 -0.41082 0.29047 0.07794 0.41693 -0.47728 2
-0.10562 -0.08976 -0.40058 -0.06542 -0.03350 0.54328 -0.35527 0.25590 -0.70370 -0.60465 -0.17322 -0.38881 0.32971 -0.08729 -0.94547 1.53284 2
-0.10980 -0.53391 -0.40094 1.58793 1.75070 -0.92251 -0.11442 -1.16135 0.05921 -0.33538 0.14466 -0.41082 0.32971 -0.47386 -0.45200 1.53284 2
-0.08789 -0.30700 -0.33533 -0.12874 0.02587 0.60889 -0.02030 0.57632 -0.70370 -0.92748 0.49153 -0.26463 -3.01495 0.71632 1.17294 1.10210 2
-0.11332 0.46416 -0.42394 0.78105 0.09931 -0.10135 -0.35527 -0.67148 -0.70370 -0.19837 0.14370 -0.41082 0.26118 0.09233 1.02840 -1.48234 2
-0.11616 -0.34381 -0.42394 0.81280 -0.01863 0.43137 -0.35527 0.52454 2.40842 -0.58813 -0.22252 -0.41082 0.17090 -1.19454 2.50881 -1.48234 2
-0.10263 -0.25287 -0.28485 1.29540 1.50580 -0.04717 -0.35527 -0.64173 -0.70370 -0.83024 -0.39237 -0.28615 0.32971 0.46379 -0.49827 0.77905 2
-0.10512 0.30694 -0.42394 -0.36396 -0.65104 0.77805 -0.35527 0.72251 -0.70370 -0.48483 -0.35334 -0.41082 0.23503 -1.16323 0.17432 1.53284 3
-0.11563 -0.26160 0.88745 0.87589 0.47589 0.49776 -0.35527 0.12768 -0.70370 -1.12498 0.74531 0.79675 0.32971 0.00202 0.28820 1.53284 3
-0.11617 0.35426 -0.42394 -0.04529 -0.58092 0.90619 -0.35527 0.91865 -0.70370 -0.49866 2.18019 -0.41082 0.32971 -0.81994 0.19567 -1.48234 3
-0.11245 -0.89194 -0.42394 0.16352 0.35307 -0.16576 -0.35527 -0.72987 0.49182 0.31861 -0.39976 -0.41082 0.32971 0.14083 -0.30396 -1.48234 3
-0.11179 0.52011 5.66602 -0.55678 0.30828 1.22383 -0.35527 1.47040 -0.70370 -0.87445 -0.45340 6.05292 0.32971 -0.66953 -0.66349 -1.48234 3
-0.10309 0.37046 -0.42394 0.50238 0.39077 0.48965 -0.35527 0.22124 -0.70370 -0.87871 0.13914 -0.41082 0.25686 0.13228 -0.03865 0.02525 3
-0.09513 -0.60427 -0.41535 1.68666 1.62702 -0.66405 0.55565 -0.74701 -0.70370 -0.69956 -0.10740 -0.39957 0.25105 0.70479 -0.04826 0.67136 3
-0.10927 -0.44585 -0.42394 -0.26734 0.08143 0.70020 -0.35527 0.80766 0.11665 -0.27591 -0.05341 -0.41082 0.28785 0.54691 0.04146 0.52778 3
-0.01683 -0.60584 0.86565 0.41527 0.54279 -0.01354 -0.04986 -0.41831 -0.01763 -0.44119 -0.03382 0.96295 -2.29207 0.61314 0.42138 1.10966 3
-0.11519 -0.22537 0.05577 0.15623 0.44126 0.67839 -0.35527 0.61863 -0.70370 -0.73623 0.26516 0.00025 0.09971 -1.09388 0.88961 -1.48234 3
-0.11121 -0.77613 2.36090 0.43322 1.35720 -0.07998 -0.24756 -0.78798 0.32823 -0.41295 0.13120 2.26196 0.22439 -0.17826 0.47325 -0.72854 3
-0.10854 -0.42052 0.08884 -0.07563 0.27528 0.40376 -0.35527 0.12768 0.03897 -0.61254 -0.02283 0.10395 0.32971 -0.05743 -0.52934 0.52778 3
-0.11458 1.21644 -0.42394 -0.13228 0.53737 0.23480 -0.35527 0.13779 1.19983 0.51683 -0.44268 -0.41082 0.32971 -1.05492 0.04146 1.53284 3
-0.11217 -0.63973 1.61118 0.44866 -0.19261 0.79555 -0.35527 0.73046 -0.70370 -0.91227 -0.18030 1.52351 0.32971 -0.22916 0.33925 -1.48234 3
-0.10285 -1.11332 1.21013 0.43904 1.18676 -0.04884 0.11432 -0.40117 -0.70370 -0.69359 0.06222 1.14011 0.25314 0.09384 0.39394 0.32677 3
-0.11472 0.30638 -0.42394 -0.50813 -0.90366 0.37602 -0.35527 -0.14707 -0.70370 -0.00999 5.58970 -0.41082 0.32971 2.82104 1.18702 -0.19012 3
-0.03118 -1.45337 2.80443 0.22191 1.06240 -0.29292 0.58486 -0.33651 0.39834 -0.34728 -0.05447 2.47650 0.27347 0.32188 1.12340 0.68647 3
-0.11555 0.79423 -0.28940 -0.01819 -0.68912 0.85213 -0.35527 1.07714 -0.70370 -0.69686 -0.27502 -0.32028 0.32971 -0.19346 -0.18284 -1.48234 3
-0.08744 -0.27906 -0.42394 -0.13849 0.03042 0.61514 -0.35527 0.56879 -0.19903 -0.21089 0.08044 -0.41082 -0.13383 1.29454 -0.32138 -0.38591 3
-0.11549 -0.30305 -0.42394 -0.55303 1.18443 0.55940 -0.35527 0.28202 -0.70370 -1.12498 -0.81596 -0.41082 0.32971 -0.38792 0.04146 -1.48234 3
-0.07863 0.34654 -0.42142 -0.03732 -0.06474 0.57219 -0.07823 0.59323 -0.25089 -0.42200 -0.25423 -0.41082 -3.34409 0.87486 1.81075 0.72879 4
-0.11403 0.39692 -0.42394 1.51993 1.03132 -0.15974 -0.35527 -0.41762 0.82805 -0.06807 -0.17303 -0.41082 0.32971 0.63492 -0.76517 1.53284 4
-0.11118 -0.44722 -0.42394 -0.24323 -0.50302 0.23947 -0.35527 -0.08411 1.45085 0.36167 -0.41407 -0.41082 0.32971 0.09669 0.86391 -1.48234 4
-0.10875 -0.19852 -0.42394 0.35232 -0.10855 0.48892 -0.35527 0.22769 0.86481 -0.85441 -0.61105 -0.41082 0.32971 -0.96584 0.46144 0.02525 4
-0.11104 -0.90524 -0.42394 1.20845 2.42952 -1.25938 1.08398 -1.18680 1.34933 -0.59376 -0.31373 -0.41082 0.32971 0.60807 0.19567 0.02525 4
-0.11381 -0.14848 -0.42394 -0.76231 0.45339 0.82551 -0.35527 0.77526 -0.70370 -0.51559 0.33634 -0.41082 0.14944 0.13496 0.92266 0.77905 4
-0.11724 1.28492 -0.42394 -0.88088 -0.85324 0.55721 -0.35527 -0.07395 -0.70370 -1.12498 -1.04345 -0.41082 0.00697 -1.07242 -1.19221 -1.48234 4
-0.10785 -0.15762 -0.39571 -0.27162 -0.61005 0.55139 -0.35527 0.45086 -0.70370 -0.26093 -0.00129 -0.35861 0.29319 0.67994 -0.15937 0.72879 4
-0.11110 -0.27693 -0.35633 1.36177 2.23199 -0.43735 -0.14293 -0.83607 -0.70370 -0.67800 -0.07326 -0.34780 0.32971 -0.35878 -0.55775 1.53284 4
-0.10579 -0.07953 -0.42394 -0.01001 -0.16600 0.43595 -0.33462 0.17174 -0.11137 -0.61409 0.34346 -0.41082 -0.33526 0.05122 0.27731 0.67136 4
-0.03397 -0.97349 -0.03145 1.08179 1.16254 -0.57234 0.24238 -0.73123 0.04086 -0.42572 -0.17862 -0.03961 0.30860 0.14952 -0.61376 0.75972 4
-0.11085 -0.09434 -0.37167 -0.78682 -0.00575 0.13665 -0.35527 -0.32100 0.26692 -0.28782 -0.31061 -0.41082 0.18112 0.24558 -0.33813 1.53284 4
-0.06634 -0.98172 0.23500 0.64092 0.69644 -0.23367 0.34564 -0.14735 -0.41852 -0.53465 0.08145 0.26542 0.30788 -0.17734 -0.27480 0.60509 4
0.00553 -0.70555 0.71836 0.66976 0.66492 0.16810 -0.10066 0.07175 -0.34482 -0.50592 -0.49035 0.55361 0.30224 -0.05784 -0.39254 -0.11180 4
-0.05985 -1.19740 1.30197 0.48981 1.07384 -0.45336 0.60016 -0.31686 0.36550 -0.43334 -0.04242 1.15425 0.20013 0.05688 0.14188 1.03031 4
-0.04086 -0.60642 -0.42135 -0.22267 0.10280 0.11325 0.02090 -0.03830 0.11838 -0.38049 -0.40238 -0.41082 0.31922 0.16654 0.03971 -0.27627 4
-0.10485 -0.14023 -0.42394 0.31914 0.59011 -0.02331 -0.35527 -0.57713 0.88173 -0.30452 -0.46984 -0.41082 0.30274 -0.36789 -0.32864 0.52778 4
-0.11224 0.29079 4.11047 -0.41983 -0.22110 0.87353 -0.35527 0.62868 -0.70370 -0.35045 -0.37389 3.57492 0.17696 -0.74120 1.18702 -1.48234 4
-0.11654 0.55536 1.48354 -0.15393 -0.54032 0.53947 -0.35527 0.50272 3.21758 -0.44855 0.39666 1.30578 0.32971 0.75962 -1.19221 -1.48234 4
-0.10574 0.05298 -0.28246 -0.37105 -0.64355 0.48586 -0.35527 0.32071 -0.70370 -0.52813 0.29160 -0.26356 0.30028 0.64495 0.37160 1.53284 4
0.22502 -0.56122 1.67942 -0.10337 0.33305 -0.12274 0.16809 -0.19143 -0.16283 -0.19198 0.06215 1.58366 0.27106 0.54044 -0.08882 0.10256 5
-0.10540 -0.20537 -0.40864 0.15876 1.19762 -0.95965 0.28551 -1.35537 -0.70370 -0.03690 -0.56300 -0.41082 0.30288 0.59129 -0.54291 1.53284 5
-0.11538 0.55536 -0.42394 -0.24446 -0.44780 0.84568 -0.35527 0.89368 2.17960 -0.13024 -0.39682 -0.41082 0.32971 -1.35603 3.74248 -1.48234 5
-0.09859 -0.66224 2.94957 -0.60879 0.27286 0.71536 -0.35527 0.48691 -0.70370 -0.46896 -0.50617 2.93421 0.28658 -0.51658 0.73232 -0.47728 5
-0.08903 -1.57477 -0.42053 0.55862 1.56310 -1.19443 1.14336 -1.03253 -0.43511 0.26493 -0.24981 -0.41082 0.27489 0.26144 -0.17358 -0.87930 5
-0.10280 -0.51858 -0.42394 0.31203 -0.07426 0.51501 -0.35527 0.36084 -0.70370 -0.64182 -0.69700 -0.41082 0.32971 0.39408 -0.53909 0.52778 5
-0.09744 -0.93420 -0.42394 0.63643 1.61131 -0.47985 0.39327 -0.40825 0.00411 -0.14819 -0.49756 -0.41082 0.31165 -0.14387 -0.43830 1.53284 5
-0.07295 -0.03487 -0.42174 -0.20773 0.13184 -0.01584 0.04895 -0.04905 -0.20226 -0.08699 0.70167 -0.41082 0.22736 0.47253 -0.03776 0.79580 5
-0.09653 -0.39659 2.15791 -0.59704 -0.35471 0.36403 -0.35527 0.06008 0.41881 0.29500 0.19339 2.29184 0.29152 0.59516 0.61671 0.02525 5
-0.09198 0.64499 -0.41258 0.17169 -0.44078 0.24896 -0.35527 0.23734 -0.14589 0.22210 1.90964 -0.39047 -0.16840 2.23952 -0.38177 -0.72854 5
-0.10230 -0.38284 -0.42394 -0.07403 -0.21505 0.50989 -0.35527 0.58668 0.75221 0.13076 -0.55590 -0.41082 0.30494 -0.71697 0.34236 -1.48234 5
-0.06164 -0.90941 -0.41687 0.25434 0.71432 -0.05316 -0.35527 -0.54335 -0.58320 -0.58451 -0.27093 -0.39763 0.32356 0.16237 -0.56297 0.02525 5
-0.09838 -0.36593 -0.42394 0.10613 -0.28710 0.32954 -0.35527 -0.00855 -0.70370 -0.21441 -0.69379 -0.41082 0.32971 0.32206 -0.09561 0.32677 5
-0.06508 -0.56694 -0.42018 1.01538 1.11863 -0.72716 0.37344 -0.74523 0.37358 0.08292 -0.59271 -0.41082 0.30909 -0.10413 -0.47844 0.45599 5
-0.08991 -0.17652 -0.42394 1.50171 1.50210 -1.00852 0.68373 -1.02938 0.31746 0.02001 -0.19334 -0.41082 0.21246 0.64182 -0.69691 -0.55459 5
-0.11038 -0.02775 -0.33773 -0.97436 -0.62654 0.93858 -0.35527 0.91180 -0.70370 -0.76131 -0.74842 -0.37236 0.32971 -0.17719 1.37003 -1.48234 5
-0.08452 -0.59953 -0.41803 1.00769 1.49265 -0.61362 0.09354 -1.10399 -0.49946 -0.52606 0.22496 -0.41082 0.31929 0.14645 -0.69320 0.67136 5
-0.08906 -0.04234 -0.41371 -0.63546 -0.49895 0.79851 -0.35527 0.76540 -0.41995 -0.43974 -0.57596 -0.41082 0.24283 -0.42837 -0.03564 0.52778 5
-0.06873 -0.37688 -0.39769 0.20168 0.18034 -0.08968 0.31597 0.03549 -0.38823 -0.22707 -0.29519 -0.38780 0.27337 -0.56795 -0.68943 0.47753 5
0.27004 -1.02625 2.38208 -0.07349 0.50791 -0.33631 0.18806 -0.50898 -0.04159 0.20060 -0.02859 2.20513 0.27237 0.74405 0.10607 -0.18033 5
-0.09527 -0.33482 -0.42394 -0.69121 -0.57596 0.56074 -0.35527 0.45179 0.30176 -0.31558 -0.52490 -0.41082 0.26130 0.00253 -0.29196 0.19276 6
-0.09069 -0.61571 -0.42394 0.40802 0.59334 -0.08727 -0.35527 -0.50982 0.02788 -0.36779 -0.37769 -0.41082 0.31726 -0.29177 -0.78928 -0.47728 6
-0.09380 0.24742 -0.42394 -1.44991 -1.10384 0.98637 -0.03611 1.29586 -0.70370 -0.44095 -0.26483 -0.41082 0.21729 0.43205 1.80187 -1.48234 6
-0.09726 1.11476 -0.40504 0.24123 -0.52608 -0.11857 -0.35527 -0.18485 0.31042 1.09089 -0.11847 -0.41082 0.20896 1.12452 -0.23269 0.02525 6
-0.11110 -0.02084 -0.42394 -0.79418 -0.47718 0.07636 -0.35527 -0.14904 1.33864 0.10809 -0.53188 -0.41082 0.32971 -0.62179 -0.55165 -1.48234 6
-0.08480 -0.12908 3.33466 0.08190 0.79104 -0.31106 0.59643 -0.08041 -0.45893 -0.06938 -0.30471 3.29491 0.27975 -0.22362 -0.12870 0.40215 6
-0.11218 0.21844 -0.42394 -0.52425 0.08168 0.70286 -0.35527 0.59682 -0.70370 -0.22905 -0.68266 -0.41082 0.32971 -1.13529 0.65830 -1.48234 6
-0.08885 0.23459 -0.41717 -0.11811 -0.21733 0.47805 0.02595 0.24511 -0.70370 -0.63481 0.26594 -0.41082 0.02360 -0.50614 0.69321 0.77905 6
-0.04551 0.15434 -0.41430 0.17689 0.47313 -0.02753 -0.01645 -0.06294 0.75635 -0.06357 -0.51712 -0.40321 0.25520 0.05532 -0.14797 0.42198 6
-0.08420 0.40280 -0.40344 -0.37220 -0.76922 0.99521 -0.35527 1.28563 -0.21230 -0.36209 -0.33239 -0.40185 -2.82969 -1.11734 1.20413 -0.57779 6
-0.11683 0.97179 -0.42394 -0.71719 -1.50255 0.76054 -0.35527 1.24758 -0.70370 1.41161 -0.59389 -0.41082 0.32971 -1.38767 -1.19221 1.53284 6
-0.07854 0.15652 -0.42143 -0.33902 -0.21150 0.38887 -0.35527 0.31216 -0.14670 -0.00401 -0.42521 -0.41082 0.30128 0.37881 -0.56794 0.67136 6
-0.09204 -1.78040 -0.24558 0.93127 1.05700 -0.67743 0.78691 -0.17168 0.42310 -0.20170 -0.64089 -0.26695 0.30096 0.55710 -0.66096 -0.35165 6
-0.02884 -0.53565 -0.32527 0.37336 0.85379 -2.64113 3.13411 -1.25696 -0.15450 -0.06708 0.16690 -0.35405 0.30635 0.14468 -0.59763 0.49056 6
0.11108 1.65250 -0.31881 -0.33865 -0.35587 -1.63947 1.53064 -0.98992 0.32550 1.02916 -0.34017 -0.36826 0.10388 0.68243 -0.42248 0.15088 6
0.00045 -0.93755 -0.42141 0.98207 0.92626 -1.82850 0.22661 -2.01049 0.18573 1.70385 -0.50340 -0.41082 0.28432 1.31267 -0.83197 0.27652 6
-0.07575 0.01563 -0.41924 -0.66588 -0.61951 0.51708 -0.35527 0.56718 -0.36331 -0.27358 -0.75736 -0.39840 0.32102 0.12355 -0.76042 -0.27627 6
-0.06318 -0.26612 -0.41486 0.64836 0.76087 -0.41713 -0.05571 -0.78496 -0.57647 -0.02760 -0.00236 -0.41082 0.28426 -0.35870 -0.69166 -0.47728 6
-0.08472 0.14703 -0.41502 -0.63129 -0.87846 0.21355 -0.35527 0.17351 1.39448 0.84558 0.15257 -0.39381 -0.76475 0.48273 -0.24052 0.59369 6
-0.09938 -1.30901 -0.39244 0.61214 0.62953 -0.72859 -0.08045 -1.19523 0.38354 0.31289 -0.36333 -0.39760 0.31121 0.29684 -0.33813 -0.27627 6
-0.06933 -0.35423 0.11562 0.16728 0.54067 -0.46270 -0.31248 -1.12110 0.13718 0.03543 -0.39605 0.14645 0.30825 1.21184 -0.68044 -0.12551 7
-0.06776 -0.64040 -0.39819 0.92053 0.66870 -0.17251 -0.35527 -0.53558 -0.16909 -0.11057 -0.56103 -0.37669 0.30243 -0.30179 -0.84379 -0.11180 7
-0.11200 -0.20890 -0.30095 0.29871 0.35379 0.41426 -0.35527 0.42031 -0.70370 -0.36495 -0.22041 -0.29027 0.27350 -0.05640 0.16735 -1.48234 7
-0.11399 0.97364 -0.13682 -0.71132 -0.57327 0.65770 0.28058 1.32416 -0.70370 -0.79012 0.76916 -0.05673 0.32971 -0.66414 -0.02347 1.10210 7
-0.11804 -2.77188 -0.42394 -2.03701 -2.14403 1.87433 -0.35527 3.25298 -0.70370 -1.12498 1.53128 -0.41082 0.32971 0.43765 -1.19221 1.53284 7
0.01431 1.17733 -0.41031 -0.44636 -0.20866 -1.99158 2.36551 -0.86036 0.15536 1.00666 -0.04730 -0.40358 0.28587 1.07395 -0.65509 0.63945 7
-0.09876 -0.97347 -0.42394 0.82447 0.61929 -0.00919 -0.35527 -0.43534 -0.36623 -0.71749 -0.42115 -0.41082 0.27805 -0.17644 -0.70030 -1.48234 7
-0.11361 0.41057 -0.42394 -0.04847 -0.42297 0.51894 -0.35527 0.45580 0.84011 -0.59236 -0.89708 -0.41082 0.32971 -1.00338 -0.57537 -1.48234 7
-0.02676 -0.90786 0.74432 0.54281 1.24536 -1.35018 0.50520 -1.46787 0.02925 0.44281 0.52018 0.66674 0.26613 1.17131 -0.56093 0.05875 7
-0.08475 -0.09292 -0.42097 0.58154 0.35217 -0.16676 0.31470 -0.06565 -0.00843 -0.28544 -0.72013 -0.41082 0.32971 -0.77673 -0.66903 0.02525 7
-0.10877 0.06823 -0.42394 -0.41592 -0.44371 0.68220 -0.35527 0.72723 0.09656 -0.71084 -0.67322 -0.41082 0.28887 -1.25180 -0.33813 -1.48234 7
0.54526 0.03736 1.22930 -1.01605 -0.76776 0.23224 -0.24819 0.05317 -0.00016 0.13717 -0.33093 1.12654 0.18790 0.22979 -0.05716 -0.07069 7
0.02243 1.24454 -0.35116 -1.10415 -0.87233 1.02588 -0.15545 1.32145 0.11838 -0.25995 -0.79298 -0.31185 -5.85772 2.13457 2.52704 -0.57779 7
0.29641 -0.31689 -0.34055 0.19595 0.04961 0.13385 0.11801 0.17405 -0.15456 -0.18108 -0.13223 -0.32568 -2.24429 0.67800 0.17192 -0.17139 7
-0.08344 -0.38089 -0.41535 0.90881 0.93771 -0.31947 0.18477 -0.53811 -0.49310 -0.39842 -0.79657 -0.40313 0.28672 -0.34014 -0.91041 -0.47728 7
-0.08030 -0.19810 -0.38975 -0.71968 -0.74078 0.50533 -0.35527 0.41348 1.03139 0.33412 -0.75982 -0.37917 0.14156 0.35029 0.14160 -0.62086 7
-0.07282 0.57619 -0.32055 -0.15955 -0.58404 -1.33897 2.44282 0.24106 -0.50240 -0.29160 -0.67103 -0.33738 0.16536 0.24830 -0.57209 -1.48234 7
-0.08742 0.12688 -0.40455 -0.36373 -0.60276 0.12460 -0.35527 0.02009 1.51869 0.83444 -0.44227 -0.41082 -0.01050 0.47845 0.09457 0.02525 7
-0.10567 0.74033 -0.42394 -0.49812 -0.54415 0.83541 -0.35527 0.86710 -0.70370 -0.69821 -0.81106 -0.41082 0.29815 -1.03613 0.44595 -1.48234 7
-0.10708 0.45148 -0.42394 -1.24686 -0.98345 0.84079 -0.35527 0.93534 -0.70370 -0.23828 -0.57309 -0.41082 0.32971 -0.44360 0.01465 0.02525 7
-0.07100 -0.55645 0.42652 0.77643 0.45423 -0.22330 -0.35527 -0.60641 0.02194 0.32701 1.76814 0.33567 0.27787 0.27615 -0.23420 0.02525 8
0.10169 -1.12381 -0.40887 1.01461 1.14468 -0.69627 0.03442 -1.18931 -0.26473 -0.20007 -0.58794 -0.40052 0.29771 -0.26330 -0.64675 -0.30977 8
-0.11595 1.19746 -0.42394 -1.81897 -1.71377 -2.24733 -0.35527 -2.80603 1.54992 2.37377 2.73282 -0.41082 0.32971 4.00295 -0.71974 -1.48234 8
-0.11672 1.33964 -0.20308 0.13795 -0.90608 0.72063 -0.35527 0.51268 -0.70370 -1.12498 -0.46545 -0.25533 0.32971 -1.05769 -1.19221 -1.48234 8
-0.09290 -0.04829 -0.38471 -0.72721 -0.55495 0.21262 -0.35527 -0.03977 -0.70370 -0.21089 -0.58355 -0.35995 0.31548 0.53129 -0.81962 -0.19012 8
0.19591 -0.73498 -0.32734 0.87778 0.74548 -0.51110 -0.13593 -0.95407 -0.01136 0.21570 -0.33430 -0.32934 -0.50108 -0.57000 -0.33892 0.47194 8
-0.00809 -0.00515 -0.40937 -0.09999 -0.03256 0.41959 -0.20035 0.33125 0.36477 -0.00594 -0.75143 -0.40246 -1.48509 0.70508 0.62076 -0.47728 8
-0.10089 -0.07854 0.14009 0.07891 0.27612 0.28352 -0.35527 0.19713 0.56123 0.03876 -0.78669 0.14293 0.30819 -0.55872 0.41305 0.98463 8
0.30124 0.63250 -0.35230 -1.45901 -1.37983 1.07509 -0.24678 1.66825 0.05193 -0.12437 -0.72796 -0.33623 -0.52992 -0.99564 0.64317 0.01032 8
-0.00965 0.37386 -0.10525 -1.24519 -1.06944 0.55662 -0.34318 0.65189 -0.18793 0.37480 -0.66214 -0.06677 0.27707 -0.55371 -0.01401 -0.72854 8
0.00817 0.48959 0.83743 -2.02510 -2.09773 1.82306 -0.35527 3.09819 -0.70370 -1.08077 -0.77177 0.94177 -0.20214 -0.90861 1.00985 -1.48234 8
0.18521 0.61886 -0.31533 -1.75564 -1.69965 1.26922 -0.35527 1.89732 0.14834 -0.20501 -0.57416 -0.31296 -0.24195 -1.78414 1.08807 -0.15935 8
0.06750 0.27762 -0.37528 -1.26220 -1.26991 1.27148 -0.35527 1.84984 -0.41733 -0.54867 -0.62821 -0.36729 0.29561 -1.48241 0.06292 -0.72854 8
0.16508 -0.26321 -0.30194 0.81347 -0.27208 -0.49759 -0.35527 -0.54596 0.22484 1.55279 1.44711 -0.30833 -0.24980 1.58740 -0.22639 -0.00267 8
-0.04999 -0.63946 -0.29336 0.63250 0.22986 -0.12947 -0.35527 -0.46294 -0.60115 0.55547 -0.71922 -0.26118 0.24075 -0.37271 -0.84182 0.98463 8
-0.10503 0.80210 -0.31971 -0.45903 -0.93575 -2.11352 3.32731 0.18917 -0.02292 0.51911 0.28106 -0.41082 0.01706 -0.24889 0.02219 1.03031 8
-0.07898 0.30256 -0.38072 -0.59197 -0.85161 0.92291 -0.31534 1.21604 0.19569 0.11617 -0.87334 -0.35340 -0.27838 -0.13307 0.99713 -1.48234 8
-0.11596 -0.55185 -0.38497 -0.57485 -1.95018 1.28206 -0.35527 1.58615 -0.70370 -1.12498 -0.71219 -0.28077 0.14780 -1.49054 0.88961 1.53284 8
-0.02319 -0.01652 -0.40706 -0.21659 -0.32304 -0.28976 -0.16753 -0.55470 0.77515 0.67417 -0.73528 -0.39946 0.12318 1.05694 -0.40836 -0.78653 8
-0.11009 0.97777 -0.34067 -0.85442 -1.62327 1.28684 -0.35527 1.95917 -0.70370 -0.21581 -0.74842 -0.33391 0.11455 -1.65420 -0.26695 0.02525 8
0.01428 0.02289 -0.09677 -1.14775 -1.12217 -4.83357 4.70895 -2.06986 0.27907 5.74099 -0.63593 -0.10010 0.13329 0.87367 -0.28089 0.32677 9
0.57761 0.42435 -0.25994 -1.49957 -1.53362 -2.05864 1.98894 -0.73242 0.28907 3.74047 0.05381 -0.22973 -1.03461 1.13530 -0.08713 -0.51631 9
0.33852 0.20214 0.18478 -0.87376 -0.82266 -0.31485 -0.11279 -0.31473 -0.38768 1.62938 -0.54649 0.12131 0.25078 -0.30469 -0.66337 -0.50535 9
0.64439 -0.15439 -0.39691 0.83910 -0.24394 0.02313 -0.04092 0.30640 -0.17964 0.52359 0.28715 -0.38440 0.14786 0.06652 -0.67171 -0.35846 9
-0.10178 0.86794 -0.41194 -1.45162 -1.32884 1.19032 -0.35527 1.76515 -0.16209 -0.09726 -0.91483 -0.41082 0.24679 -2.11343 1.02840 1.53284 9
-0.05483 0.28254 -0.37342 -0.62153 -1.06988 0.73180 -0.35527 0.97420 -0.20544 0.09981 -0.88423 -0.35629 0.27886 -1.67945 -0.19467 0.32677 9
-0.00537 0.39756 -0.39995 -0.91338 -1.18819 0.57439 -0.06916 1.25726 0.62158 0.98633 -0.05234 -0.38522 -0.11981 -0.78089 0.14236 -0.82277 9
-0.11042 0.70195 -0.34963 -0.94517 -1.01236 1.28621 -0.35527 2.01412 0.35611 -0.57653 -0.79501 -0.29483 0.27563 -2.04044 -1.19221 0.02525 9
-0.01176 -0.24743 -0.40793 0.02142 -0.25445 0.63615 -0.07669 0.83558 -0.40125 -0.79890 -0.60927 -0.39702 0.28726 -1.22725 -0.66004 0.08109 9
-0.09841 0.10585 -0.33899 -0.61234 -0.64378 -0.81178 0.33786 -0.62663 2.36580 1.25773 -0.48709 -0.31284 0.31013 0.07406 -0.19791 -0.35165 9
-0.03933 -0.00376 0.36970 -0.22206 0.08882 -0.40259 0.10003 -0.40416 0.53329 0.99107 -0.65326 0.29992 -0.48035 -0.03425 -0.00260 -0.27627 9
-0.09043 0.77557 -0.37743 -0.22510 -0.73354 0.91612 -0.28036 1.30470 -0.09762 -0.34087 -0.51973 -0.36660 0.05137 -0.19523 0.21324 -0.97981 9
-0.08914 0.40150 -0.41710 -0.59335 -0.70102 -0.45830 -0.04193 -0.44731 0.03246 1.24547 4.81380 -0.40186 0.19197 0.71611 -0.33151 -0.95025 9
-0.04936 0.33162 -0.41813 -0.77154 -0.66315 0.50997 -0.19164 0.52554 -0.10849 -0.15983 -0.79780 -0.41082 0.22037 -0.49315 -0.84451 0.92980 9
-0.09834 0.68499 -0.42394 -0.99120 -1.18180 0.21955 -0.35527 0.17398 0.88066 1.06145 3.33972 -0.41082 0.26907 0.72033 -0.52934 -0.38591 9
-0.09627 -0.95225 -0.41039 -0.03763 0.22563 -1.72896 -0.35527 -2.21768 0.07848 1.30367 -0.53282 -0.40131 0.22327 2.84930 -1.17057 -1.48234 9
0.54492 -0.62400 -0.18576 0.04633 0.01386 -0.31113 0.29665 -0.44585 -0.22126 0.25988 -0.44800 -0.18112 -2.01273 0.96630 0.33608 -0.12551 9
-0.10904 -0.04600 -0.42394 0.56381 -0.62421 0.02466 -0.35527 0.08656 -0.05874 -0.34620 6.63000 -0.41082 0.26389 0.17321 -0.98272 -0.99602 9
1.17831 -0.23473 -0.37174 0.04968 0.05198 -0.02517 -0.12710 -0.23348 -0.22287 0.21626 -0.58566 -0.36162 0.25401 -0.03923 -0.74450 0.00626 9
-0.08769 -0.38639 -0.41090 0.02419 0.42757 -2.14544 -0.08218 -2.44698 -0.29651 2.66806 2.53182 -0.41082 0.27776 1.28197 -0.92590 -0.79707 9
-0.02872 0.92384 -0.38475 -1.25775 -1.64332 0.98522 -0.35527 1.49391 -0.12305 0.21051 -0.52802 -0.37551 0.28526 -1.60052 -0.08717 -0.43358 10
-0.08841 0.43683 -0.35051 -1.10410 -0.99738 -0.52870 -0.35527 -0.98544 1.98210 1.78121 -0.62761 -0.33065 0.26741 0.84228 -0.72958 1.53284 10
-0.10265 1.01978 -0.41761 -0.54134 -0.68554 0.28758 -0.35527 0.17923 0.82805 0.46039 -0.89820 -0.39219 0.25154 -1.01317 -0.84159 -1.48234 10
-0.00485 1.00567 0.43782 -1.11596 -0.89263 -3.51357 -0.20476 -3.72331 -0.36323 3.62392 -0.20091 0.33264 -0.13194 2.44843 -0.86369 -0.87930 10
0.55981 0.01724 -0.36359 -0.63689 -0.64629 0.06497 -0.08284 0.18627 0.40614 0.90764 -0.41562 -0.35310 -0.56497 0.01782 -0.17372 -1.09859 10
1.09080 0.25883 -0.31640 -0.77580 -0.74351 -0.35554 -0.14607 -0.48847 0.24976 1.51528 -0.38396 -0.30417 0.09708 0.52544 -0.47095 -0.01341 10
0.04253 -0.20452 -0.34588 0.18158 -0.45987 0.60626 -0.20163 0.83174 -0.70370 -0.29501 -0.83723 -0.33359 0.23641 -2.02352 -0.55679 -0.13071 10
-0.03180 0.05026 -0.25232 -1.21918 -1.24674 -0.70714 -0.35527 -0.91682 0.67159 2.78945 -0.45365 -0.26030 -0.31505 1.01821 -0.39096 -1.28462 10
0.53099 0.02012 -0.33118 0.08086 0.04004 -0.47392 -0.21585 -0.87854 -0.31018 0.95612 -0.39410 -0.31566 0.03366 0.98982 -0.47669 -0.42607 10
-0.11493 0.81898 0.88455 -0.20931 -0.78704 1.13399 -0.35527 1.78724 -0.70370 -0.73171 -0.93493 1.08622 0.32971 -2.27610 -1.19221 -1.48234 10
-0.04476 -0.14823 -0.38304 -0.31596 0.15574 0.01495 0.30484 0.31188 -0.23991 0.43508 -0.70436 -0.38121 -0.57551 0.25121 -0.30084 1.17811 10
-0.03972 -0.24825 -0.36013 1.63740 0.67436 0.01991 -0.30183 -0.21185 -0.61653 -0.22268 2.39777 -0.34721 0.20070 -0.79999 -0.36680 0.66641 10
0.06030 0.39426 -0.33339 -0.93142 -0.88715 1.24509 -0.27137 1.92085 -0.48918 -0.38491 -0.84624 -0.32474 0.12447 -1.67052 -0.07533 0.02525 10
-0.09333 -0.36065 -0.35613 -0.09905 -0.53850 -0.17910 -0.35527 -0.15521 0.42310 1.30471 -0.56690 -0.36971 -0.17341 -0.19914 -0.30718 -1.48234 10
-0.07361 -0.10174 -0.40156 1.18764 0.28130 -0.97023 -0.27325 -1.08415 0.87515 1.59855 2.35130 -0.39511 0.04407 1.38008 -0.66045 -0.66002 10
0.41739 0.47049 -0.29050 -1.50190 -1.56054 0.20837 -0.34397 0.25363 0.04423 1.63707 -0.56482 -0.26493 -0.14775 -0.35401 -0.59795 -1.24351 10
0.24773 0.18674 -0.31849 -0.61785 -0.88387 -1.00725 -0.04190 -1.00986 0.03360 2.32241 -0.84676 -0.30606 -0.23563 0.59549 -0.83116 -0.33657 10
-0.07768 0.12418 -0.40671 -0.49039 -0.80471 1.42550 -0.35527 2.05782 -0.70370 -0.71000 -0.79530 -0.40204 0.14557 -2.19586 -0.30396 0.86280 10
-0.09249 0.33598 -0.35444 -0.92165 -1.10991 1.33892 -0.35527 2.13708 -0.70370 -0.30161 -0.26483 -0.38403 0.08615 -2.00683 0.46144 0.46866 10
-0.11444 -1.65224 -0.32578 2.42799 4.38537 -3.39305 6.38854 1.77434 -0.70370 -1.12498 -0.21045 -0.41082 0.16834 -1.61762 -1.19221 1.53284 10
