-0.10854 0.34114 -0.42394 2.13092 1.02498 -0.51296 0.09208 -0.74449 -0.05231 -0.90025 1.53335 -0.41082 0.32971 0.82439 -0.10010 0.92980 1
-0.11668 -1.35751 -0.42394 0.89325 0.41261 -0.37679 -0.35527 -1.41567 -0.70370 -1.12498 0.17470 -0.41082 0.32971 -0.35022 -1.19221 -1.48234 1
-0.11529 -1.20377 -0.42394 2.49295 2.74796 -2.18370 2.88608 -1.02521 -0.70370 -0.67403 0.53000 -0.41082 0.32971 -0.20310 0.65830 -1.48234 1
-0.11757 1.53571 -0.42394 -1.26024 -0.96798 1.08772 -0.35527 1.16945 -0.70370 -1.12498 -0.25672 -0.41082 0.32971 1.14435 -1.19221 -1.48234 1
-0.11220 -0.04504 -0.42394 0.13349 0.13221 0.33874 -0.35527 0.21128 4.13739 0.12766 -0.49457 -0.41082 0.32971 -0.23685 0.15362 1.53284 1
-0.11516 -0.49972 -0.42394 1.64134 0.22785 0.35049 -0.35527 -0.14707 -0.70370 -1.12498 -0.45949 -0.41082 0.32971 -1.66061 2.50881 -1.48234 1
-0.11601 1.58854 -0.42394 2.57711 1.70076 -1.21559 -0.35527 -1.71737 1.65852 0.09748 0.71511 -0.41082 0.20917 -0.08116 -1.19221 1.53284 1
-0.11535 -0.34096 -0.42394 -0.02480 1.19342 -0.46303 -0.35527 -1.71277 -0.70370 -1.12498 -0.18520 -0.41082 0.32971 -0.76846 -0.45200 -1.48234 1
-0.11440 -0.99596 -0.42394 0.64897 1.26653 -0.47686 -0.35527 -1.20346 -0.70370 -0.58813 0.24980 -0.41082 0.32971 0.33077 -0.72958 1.53284 1
-0.11450 -0.62400 -0.42394 1.56067 0.19985 -0.01827 -0.35527 -0.44361 -0.70370 -1.12498 0.26776 -0.41082 0.32971 0.21150 -0.91463 1.53284 1
-0.11787 1.26834 -0.42394 -0.05977 -0.46395 0.15809 -0.35527 0.06980 -0.70370 0.75398 3.08684 -0.41082 -0.22611 0.98888 -1.19221 1.53284 1
-0.11549 1.72592 -0.42394 -0.12020 -0.81623 0.74724 -0.35527 0.74132 -0.70370 -0.19837 0.19283 -0.41082 0.32971 0.56687 1.02840 1.53284 1
-0.11173 0.31082 2.42420 -0.48693 0.02239 0.52886 -0.35527 0.15964 0.49916 -0.71000 0.92718 2.44140 0.26833 0.51339 -0.29196 1.53284 1
-0.11557 0.07519 -0.42394 0.11893 -0.04809 0.26900 -0.35527 0.20680 1.77812 -0.26874 0.20148 -0.41082 0.20306 -0.14387 0.11403 0.32677 1
-0.11414 0.33901 -0.42394 -0.45132 0.01607 0.39875 -0.35527 0.02350 1.07870 -0.51005 0.97955 -0.41082 0.14780 0.06935 -0.66349 -1.48234 1
-0.11698 0.70765 -0.42394 1.58290 0.96906 -0.08074 -0.35527 -0.82148 -0.70370 -1.12498 1.75925 -0.41082 0.32971 -0.17719 1.27514 0.62829 1
-0.11586 -0.95116 -0.42394 -0.70289 -0.68912 0.30999 -0.35527 0.05108 2.17960 -0.13024 -0.04969 -0.41082 0.32971 1.16072 -1.19221 -1.48234 1
-0.11537 1.68112 -0.42394 -0.66930 -0.50725 0.54951 -0.35527 0.54728 2.01941 0.75398 -0.20693 -0.41082 0.32971 -0.57572 -0.18284 -1.48234 1
-0.11794 2.12391 -0.42394 -0.48347 1.77615 0.61575 -0.35527 -0.02114 -0.70370 -1.12498 2.10344 -0.41082 0.32971 1.27762 -1.19221 1.53284 1
-0.10980 -0.80623 0.04770 0.42277 0.84307 0.27926 -0.35527 -0.18485 -0.70370 -0.98406 0.55722 -0.08299 0.12128 0.40948 -0.21826 1.53284 1
-0.11602 0.93333 -0.42394 -0.01553 0.03385 0.35797 -0.35527 -0.14904 -0.70370 -0.59652 -0.48811 -0.41082 0.32971 0.79682 2.97144 1.53284 2
-0.11684 -1.12523 -0.42394 -0.70540 -0.15233 0.30111 -0.35527 0.25170 -0.70370 0.48555 0.46706 -0.41082 0.32971 -0.78354 -0.26695 1.53284 2
-0.10417 -1.25005 -0.41695 1.86080 2.23277 -0.99634 0.10253 -1.48885 0.19775 -0.65848 1.92999 -0.41082 -0.03828 0.37995 -0.41758 0.77905 2
-0.11836 0.55536 -0.42394 0.03438 0.79611 -1.27212 -0.35527 -0.56683 -0.70370 4.51190 -1.04345 -0.41082 0.32971 -2.27610 -1.19221 -1.48234 2
-0.10901 -0.19395 -0.42394 1.28777 1.77020 -0.81117 0.72165 -0.81755 -0.70370 -0.73323 0.65946 -0.41082 0.32971 0.46341 -0.32704 1.53284 2
-0.11244 -0.14698 -0.25912 -0.46028 -0.12794 0.80986 -0.35527 0.88470 0.60340 -0.89950 -0.39843 -0.26777 0.32971 -1.11728 -0.49827 -0.72854 2
-0.09908 -1.15757 -0.42394 0.65806 0.70927 -0.04986 -0.35527 -0.47504 0.02113 -0.24975 0.09250 -0.41082 0.32971 -0.38310 -0.48725 1.23132 2
-0.11716 1.41720 -0.42394 -0.53468 -0.91328 1.04450 -0.35527 1.03502 -0.70370 -1.12498 -0.21045 -0.41082 0.32971 -0.30065 2.50881 -1.48234 2
-0.08314 0.77060 -0.42394 -0.87518 -0.85548 1.29145 -0.35527 1.68626 -0.70370 -0.99287 -0.23425 -0.41082 0.29063 -0.01949 0.54500 1.53284 2
-0.11170 0.24235 -0.42394 0.66361 0.61714 -0.30237 -0.35527 -0.97196 -0.70370 -0.27091 0.89018 -0.41082 0.22865 1.02072 -0.69874 0.92980 2
0.25321 -0.52331 -0.35657 0.53311 0.56424 -0.47651 0.11353 -0.59507 0.07827 0.04626 -0.49666 -0.34750 0.27715 0.41644 -0.59172 0.24062 2
-0.08514 -0.74226 -0.42093 0.14360 0.90720 -0.00782 -0.35527 -0.55009 0.58478 -0.49523 0.34177 -0.41082 0.30779 0.67415 -0.24052 0.49906 2
-0.09475 -0.07526 0.21455 -0.07005 0.04213 0.13947 0.05419 0.03002 -0.02292 -0.18550 0.35310 0.23489 0.26023 0.16366 -0.47006 1.23132 2
-0.11478 1.06134 -0.42394 1.32065 0.79611 -0.15564 -0.35527 -0.56683 1.01616 -0.82830 0.59841 -0.41082 0.32971 -0.49152 -0.08190 1.53284 2
-0.11705 -1.04521 -0.42394 0.75303 1.44947 0.20479 -0.35527 -0.02114 -0.70370 -0.31971 0.30522 -0.41082 0.32971 0.61764 0.39394 1.53284 2
-0.10757 -1.33211 -0.41478 0.30083 0.42587 -0.66720 0.82000 -0.35119 0.08689 1.19341 -0.37164 -0.38198 0.32971 0.85436 0.48372 1.53284 2
-0.11774 2.03513 -0.42394 -1.09902 -1.40900 -0.02541 -0.35527 -0.79152 -0.70370 2.85399 6.46358 -0.41082 0.32971 1.68009 -1.19221 -1.48234 2
-0.11261 -0.68825 -0.39005 0.44230 0.28054 0.29708 -0.35527 -0.00002 -0.70370 -0.03397 -0.31292 -0.36467 0.32971 -0.18829 -0.60784 0.67136 2
-0.11437 -0.41429 -0.42394 -0.54561 -0.33162 0.73017 -0.35527 0.47859 -0.70370 -0.41295 -0.31019 -0.41082 0.32971 -0.31983 1.02840 -1.48234 2
-0.10298 0.17279 -0.41101 1.23680 1.04812 -0.85157 0.57523 -0.89975 -0.70370 -0.50441 0.87230 -0.37801 -1.68960 1.18926 -0.20839 0.48408 2
-0.09815 -0.29724 -0.41408 1.10941 0.97052 -0.63720 0.93596 -0.20689 -0.32665 -0.53961 0.64185 -0.41082 0.15655 -0.71988 -0.16588 1.03031 3
-0.11123 -0.48600 -0.42394 0.61884 1.15075 -0.50182 -0.35527 -1.03752 0.22551 0.47792 -0.49555 -0.41082 0.32971 -0.31045 -0.44200 -1.48234 3
-0.11663 -1.93441 -0.42394 1.11940 -0.21079 0.27613 -0.35527 -0.20647 -0.70370 -1.12498 0.81608 -0.41082 0.32971 0.43765 1.98009 1.53284 3
-0.11519 -2.63853 -0.15411 3.08055 3.42676 -3.42195 -0.35527 -4.33046 0.73794 -0.37892 1.45705 -0.25304 0.25614 3.37143 -1.04217 1.53284 3
-0.09641 0.08200 -0.16945 -0.33216 0.32240 0.59676 -0.35527 0.45696 -0.70370 -0.18724 -0.14358 -0.13318 0.18176 -0.04225 0.08891 0.02525 3
-0.11672 -0.49034 -0.42394 0.24152 0.06107 0.51087 -0.35527 -0.05752 -0.70370 -1.12498 -0.09938 -0.41082 0.32971 -0.78354 2.13871 -1.48234 3
-0.09565 -0.96327 1.98391 1.33381 1.56758 -0.38744 0.50719 -0.23797 -0.70370 -0.45304 0.16899 1.96940 0.19719 0.29765 -0.04826 0.32677 3
-0.10470 -0.78617 1.19623 0.23880 0.67137 0.54951 -0.35527 0.33727 -0.12362 -0.32448 0.08747 1.00699 -0.02549 -0.04115 0.93391 1.53284 3
-0.11218 -0.75489 -0.42394 0.42493 0.26507 0.07207 -0.35527 -0.41661 -0.70370 -0.55496 0.11920 -0.41082 0.32971 -1.35704 -0.43518 -1.48234 3
-0.11610 -0.32147 -0.42394 -0.57031 -0.48372 -0.15816 -0.35527 -0.45448 2.17960 0.36713 -0.39682 -0.41082 0.32971 -0.74265 0.28820 -1.48234 3
-0.10397 -1.14391 -0.42394 1.26427 2.19986 -0.97058 0.62017 -1.07614 0.26453 -0.54041 -0.35214 -0.41082 0.30500 -0.90991 -0.09561 0.19276 3
-0.11742 0.55536 -0.42394 -1.02931 -0.71369 0.17355 -0.35527 -0.02114 -0.70370 1.29082 -0.41407 -0.41082 0.32971 0.95778 4.35932 -1.48234 3
-0.09220 -0.14077 -0.41631 0.87846 1.08817 -0.75164 0.15447 -0.99411 0.61748 -0.12219 -0.13503 -0.40118 0.18139 -0.04908 -0.29339 0.77905 3
-0.01250 -0.97839 0.57304 0.36503 0.74549 0.11935 0.07671 0.16275 -0.34500 -0.55572 -0.49366 0.45282 0.30774 -0.29339 0.10664 0.82339 3
-0.04564 -0.07833 -0.42394 0.27163 0.47596 -0.61819 0.16475 -0.95836 -0.11550 -0.14416 0.50038 -0.41082 0.28469 0.50802 -0.37628 0.80696 3
-0.11296 -0.55286 -0.40594 -0.71988 -1.24856 0.77991 -0.35527 0.50650 -0.70370 -0.28644 -0.06441 -0.35171 -2.97765 1.31710 -0.08190 1.53284 3
-0.11505 0.00978 -0.42394 0.12444 0.67257 -0.04090 -0.35527 -0.52342 3.75230 0.79668 -0.16751 -0.41082 0.32971 0.26279 -1.19221 -1.48234 3
-0.11460 -0.16859 -0.42394 -0.50737 -0.97662 0.90619 -0.35527 1.06410 -0.70370 0.01506 -0.17645 -0.41082 0.32971 -1.81920 1.37003 1.53284 3
-0.07397 -0.60930 -0.41943 0.86689 0.73085 -0.21759 0.34759 -0.13409 -0.53669 -0.57762 0.71646 -0.40472 0.29562 -0.01606 -0.12602 0.55734 3
-0.10034 -1.13224 -0.42394 0.20196 0.67213 -0.17257 -0.35527 -0.84463 -0.30761 -0.10009 -0.40340 -0.41082 0.30950 -0.01337 0.19567 0.32677 3
-0.09768 -0.26659 2.82636 -0.32743 0.14952 0.52781 -0.35527 0.30370 0.83707 -0.59341 -0.13795 2.84926 0.25108 0.78590 0.76305 0.52778 4
-0.10884 -0.40197 -0.42394 -0.79223 -0.32271 0.79104 -0.35527 0.62041 -0.70370 -0.51559 -0.37193 -0.41082 0.23957 -1.68283 0.24044 -0.47728 4
-0.08609 -1.99776 0.84671 0.63119 1.37562 -0.43915 0.89382 -0.10206 -0.20669 -0.82492 -0.23393 0.60449 0.24094 0.34410 -0.00843 0.26329 4
-0.09550 -0.51928 -0.41085 0.38644 0.87949 -0.04090 -0.28673 -0.50003 -0.08027 -0.26466 -0.38707 -0.39945 0.28199 -1.03966 -0.54752 -0.47728 4
-0.09617 -1.25369 -0.41046 1.87531 2.25545 -1.14831 1.23297 -0.82319 -0.70370 -0.72775 -0.01330 -0.41082 0.32971 0.72464 -0.14938 0.82339 4
-0.11362 0.16806 -0.42394 0.37961 0.30018 0.67013 -0.35527 0.58800 -0.70370 -0.86280 -0.55753 -0.41082 0.25215 -0.13603 0.25602 -1.48234 4
-0.09768 0.05306 2.14640 -1.03297 -0.35258 0.93085 -0.35527 0.97135 0.61217 -0.51968 -0.21498 1.86134 0.21780 1.42484 0.86979 1.53284 4
0.24097 -0.71103 2.33591 0.13042 0.60334 -0.44332 0.67062 -0.27443 0.00125 -0.32083 -0.00900 2.30517 0.17074 -0.04258 0.35887 0.56020 4
-0.08858 0.77785 -0.41723 -1.06742 -0.94743 0.82870 -0.35527 0.96451 -0.11931 0.18553 -0.90482 -0.41082 0.25516 -0.12822 0.02345 0.02525 4
-0.04951 -0.17941 -0.33359 0.91223 1.28036 -2.54052 1.59738 -2.17785 -0.37729 1.57772 -0.07493 -0.38303 0.27974 0.25486 -0.70131 0.87327 4
-0.10890 -0.25980 -0.42394 0.35080 0.17991 0.64548 -0.35527 0.06980 -0.70370 -0.81182 0.36894 -0.41082 0.09812 -0.19004 -0.39913 -1.48234 4
0.27642 -0.70650 -0.19779 0.21535 0.54194 -0.78292 0.55055 -0.72240 -0.02088 0.17395 0.11581 -0.21016 0.19130 0.19440 -0.23183 0.41226 4
-0.11375 0.85319 -0.42394 -0.54246 -1.23354 0.32102 -0.35527 0.03298 0.91667 -0.00692 -0.66882 -0.41082 0.32971 -0.61770 -0.76517 0.02525 4
-0.09437 -0.56785 -0.42394 1.31209 1.72330 -1.16144 0.74490 -1.34462 -0.40797 -0.35979 0.12884 -0.41082 0.31462 0.81943 -0.73902 1.53284 4
-0.11329 -0.35132 -0.40479 0.04636 0.07312 0.27382 -0.35527 -0.08559 0.84011 0.20657 0.01285 -0.35450 0.32971 -1.07579 0.08891 1.53284 4
-0.11529 1.43492 -0.42394 -1.16586 -1.44538 0.99215 -0.35527 1.05528 -0.70370 -0.66168 -0.11103 -0.41082 0.32971 -0.24917 0.19567 -1.48234 4
-0.07948 -0.80409 -0.42394 2.03010 1.56584 -1.12904 0.79722 -1.12949 -0.16556 -0.44422 0.05555 -0.41082 0.32971 0.56544 -0.65405 0.46866 4
-0.11270 -0.30021 -0.42394 -0.55207 -0.92742 1.15514 -0.35527 1.16945 -0.70370 -1.12498 -0.32278 -0.41082 0.08166 -0.96584 0.65830 -1.48234 4
-0.11654 0.55536 1.48354 -0.15393 -0.54032 0.53947 -0.35527 0.50272 3.21758 -0.44855 0.39666 1.30578 0.32971 0.75962 -1.19221 -1.48234 4
-0.11198 0.77321 -0.42394 0.29331 -0.15633 0.35937 -0.35527 0.20680 0.53721 0.58749 -0.64293 -0.41082 0.32971 -1.05492 0.04146 1.53284 4
-0.11602 0.74434 -0.42394 -0.46475 -0.42297 0.81288 -0.35527 0.81081 -0.70370 -0.57053 -0.32824 -0.41082 0.32971 -0.80616 0.39394 -1.48234 5
-0.08446 -0.75119 2.81970 -0.11601 0.40925 0.19809 -0.07719 -0.21872 -0.70370 -0.45855 0.05574 2.61050 0.28042 -0.05919 1.04706 0.71052 5
-0.10606 0.17372 -0.42394 0.07974 0.07679 0.38914 -0.35527 0.00047 1.23753 -0.45525 -0.77112 -0.41082 0.26367 -0.93662 -0.26695 0.32677 5
-0.08949 0.34228 -0.40663 -0.07601 -0.03441 0.02000 -0.35527 -0.45064 -0.45520 -0.01046 -0.47026 -0.40175 0.30435 0.24704 -0.58023 0.77905 5
-0.04657 0.09548 -0.42255 0.31706 0.24905 0.07446 -0.35527 -0.37297 0.10858 -0.17918 -0.42229 -0.41082 0.30380 0.07791 -0.46922 0.59060 5
-0.06634 -0.86313 -0.40468 0.74934 0.82904 -0.73505 -0.05272 -1.21132 0.50657 0.31324 -0.42617 -0.40591 0.30912 0.33588 -0.41377 0.58068 5
-0.11065 0.85701 -0.42394 -1.00928 -0.89880 1.00300 -0.35527 1.10852 0.44288 -0.72941 -0.72342 -0.41082 0.27120 -1.05338 0.65830 1.53284 5
-0.11578 -0.13411 -0.42394 1.51395 0.45567 0.69873 -0.35527 0.83197 -0.70370 -0.17227 3.11936 -0.41082 0.32971 -0.86581 -0.60784 -1.48234 5
-0.09144 -0.61337 -0.42394 0.90820 0.35769 0.13277 -0.05411 0.16174 -0.16946 -0.43381 -0.52099 -0.41082 0.32971 -0.61450 -0.30985 0.02525 5
-0.07297 -0.58370 -0.41953 0.20688 0.09120 0.50339 -0.14154 0.49993 -0.53365 -0.86098 0.03694 -0.40461 0.19087 -0.05216 0.72684 0.92980 5
0.12739 -0.62203 0.43662 0.21314 0.56651 -0.21942 0.21421 -0.22415 -0.25346 -0.36385 -0.23228 0.41700 0.27916 0.26998 -0.44319 0.01142 5
-0.10383 0.05355 4.71821 -0.16442 0.04343 0.34169 0.14582 0.23152 -0.07327 -0.36373 0.84954 4.48784 0.32971 -0.24254 0.94299 -1.48234 5
-0.10647 -0.52980 0.00112 -0.09850 0.13890 0.27538 -0.35527 0.01819 -0.11492 -0.82028 -0.35972 -0.04567 0.29966 0.05213 -0.45200 0.86280 5
-0.04236 -0.75750 -0.41734 0.85584 0.95074 -1.02757 -0.03042 -1.40617 0.28154 0.66728 -0.62707 -0.40755 0.30686 0.64710 -0.69506 0.14122 5
-0.11569 0.55536 -0.42394 -0.91317 -0.26735 0.53541 -0.35527 0.85020 5.62095 0.51153 -1.04345 -0.41082 0.32971 -1.43353 1.27514 -1.48234 5
0.01154 -0.38369 0.68413 -0.77082 -0.63673 0.36004 -0.09219 0.48780 0.18061 0.12806 -0.66675 0.65837 -0.38262 -0.18476 -0.25478 0.38420 5
-0.04478 -0.28073 -0.39667 0.68193 0.43419 -0.64853 0.30854 -0.70952 -0.50575 -0.03232 -0.39129 -0.39276 0.29940 -0.08425 -0.71309 0.77905 5
-0.10350 0.79278 -0.42394 -0.50698 -0.73421 0.74402 -0.35527 0.74623 0.41030 -0.35631 -0.55996 -0.41082 0.32971 -1.10941 -0.27963 0.77905 5
-0.03455 0.46748 -0.42035 0.31703 0.29094 -0.29344 0.07097 -0.44837 0.51235 0.37568 -0.39338 -0.41082 -0.85883 1.04586 0.58803 -0.68420 5
-0.10699 -0.12483 1.03883 -0.28953 -0.32218 -0.06067 -0.35527 -0.48966 -0.04355 0.81092 -0.44782 1.27496 0.06022 0.36060 0.23387 -1.48234 5
-0.07315 0.17765 -0.39513 0.85186 0.10284 -0.38606 0.61329 -0.06685 -0.01936 -0.21009 0.02985 -0.39209 -1.17188 0.50586 0.04474 0.55494 6
-0.00299 -0.52853 0.00955 0.09860 0.27080 -0.28833 -0.35527 -0.62798 0.02068 0.41614 -0.40901 0.01419 0.24038 0.77375 -0.38024 0.18121 6
-0.11036 -0.81240 -0.39936 1.02973 1.16739 -1.16120 2.34726 0.45323 -0.70370 -0.54848 -0.30203 -0.32954 0.32971 0.49803 -0.13478 1.53284 6
-0.11230 0.28821 -0.42394 0.04950 0.55696 0.58819 -0.35527 0.42349 -0.70370 -0.70743 -0.14685 -0.41082 0.32971 0.18371 -0.08190 -1.48234 6
-0.06418 -0.39515 -0.41099 0.68744 0.68928 -0.17820 -0.07924 -0.55333 -0.28802 -0.24061 -0.51442 -0.40576 0.30850 -0.09053 -0.49064 0.75113 6
-0.08146 -0.05460 -0.40496 -0.38872 -0.08663 0.32364 -0.25589 0.25113 -0.49989 -0.07026 -0.59478 -0.38851 0.31931 -0.28109 -0.36539 0.52778 6
-0.10546 0.19143 -0.37782 1.27914 1.09612 -1.03120 1.67659 0.11088 -0.70370 0.29333 -0.89359 -0.38774 0.32971 -0.40448 -0.20087 -1.48234 6
-0.10655 -0.79479 -0.42394 0.18121 0.44658 0.42457 -0.35527 0.28331 -0.10594 -0.60941 -0.57825 -0.41082 0.29920 1.18491 -0.08190 -1.48234 6
-0.11086 1.36134 -0.42394 -1.02997 -0.89447 1.05352 -0.35527 1.48999 0.45645 -0.12435 -0.56611 -0.41082 0.21131 -0.59907 0.19567 0.52778 6
-0.10697 -1.50311 3.32383 0.91513 2.35827 -1.24734 2.60321 0.24343 0.28652 -0.10009 -0.46179 3.67116 0.32971 1.19004 1.43351 -1.48234 6
-0.09395 0.03251 -0.42394 0.21083 0.15328 0.71675 -0.18400 0.95730 -0.37909 -0.62102 -0.54034 -0.41082 0.32971 -0.61510 1.37902 0.02525 6
-0.07947 -0.90716 0.54138 -0.20221 0.01249 0.68127 -0.35527 0.58499 -0.30151 -0.60465 -0.60048 0.40347 0.10396 -0.24809 -0.08743 0.62829 6
-0.11431 -0.96260 -0.42394 -0.74517 -0.29924 1.24278 -0.35527 1.70118 -0.70370 -0.77267 0.08251 -0.41082 0.32971 -0.56445 0.04146 1.53284 6
-0.10104 -0.02962 -0.41245 0.08648 -0.04955 0.10599 0.09593 0.05854 -0.70370 -0.67603 -0.49274 -0.41082 0.30757 -0.78354 -0.87193 -0.27627 6
-0.08991 2.95061 -0.42043 -0.14574 0.70411 -2.15632 2.32959 -0.73911 0.21106 2.08357 -0.56932 -0.41082 0.23635 0.04982 -0.41224 -1.48234 6
-0.06949 0.26893 -0.39728 0.17863 0.41898 -0.26810 0.18145 -0.35363 0.36022 -0.28600 -0.22165 -0.39418 -0.11236 0.59177 -0.16768 -0.04654 6
-0.11189 -0.66224 -0.39369 -0.41962 -0.27530 0.26519 -0.35527 -0.02114 -0.70370 0.97572 -0.33811 -0.41082 0.32971 -0.26029 -0.33813 -1.48234 6
-0.10930 -0.29460 -0.42394 -0.22072 -0.22058 0.32436 -0.35527 -0.07230 1.04688 -0.06807 -0.41407 -0.41082 0.24038 -0.72135 -0.52603 1.53284 6
-0.08669 0.19649 -0.42394 -0.27761 -0.12183 -0.06933 -0.03291 -0.42242 -0.46460 -0.30007 0.88864 -0.41082 0.13449 0.66269 0.14016 1.24105 6
-0.10614 0.53616 -0.41583 0.04706 0.18508 0.45708 -0.35527 0.08413 -0.70370 -0.79873 -0.74934 -0.41082 0.29754 -0.43946 -0.45200 -1.48234 6
0.22905 0.28066 1.02268 -1.13597 -0.90831 0.44904 -0.21592 0.51668 0.64605 0.45743 -0.60832 1.17670 0.18813 -0.29945 0.13936 0.27652 7
-0.11405 1.19126 -0.28963 0.14635 -1.15018 0.98142 -0.35527 1.44918 -0.70370 0.12766 -0.24339 -0.27836 0.23707 -0.44202 0.76715 1.53284 7
-0.10253 0.03499 -0.41766 -0.47021 -0.94640 0.19225 -0.35527 0.03343 0.69677 0.40503 2.00193 -0.39379 0.30589 0.98587 -0.52603 -0.62086 7
-0.01537 -1.00950 -0.23577 0.10997 0.29179 -0.15169 -0.33230 -0.52342 -0.31053 -0.09633 -0.36138 -0.22675 0.31299 -0.07313 -0.64741 -0.15211 7
-0.06694 -0.95366 0.94258 0.42014 0.78190 -0.67319 0.53245 -0.56683 0.00513 -0.04896 -0.22658 0.97003 0.28630 0.21314 -0.66147 0.92980 7
-0.10344 0.28737 -0.15757 -1.36251 -1.20272 -5.06998 7.15636 -1.18450 -0.70370 1.89734 1.02660 -0.13689 0.15941 0.77348 -0.45200 -1.48234 7
0.38024 0.31189 -0.33944 -0.54323 -0.25761 -0.07621 -0.18954 -0.29373 0.49519 0.63555 -0.18618 -0.32503 -0.33382 0.70849 -0.21755 -0.17455 7
-0.10606 -0.09343 -0.39976 1.28931 1.07089 -0.86637 1.48012 0.13451 -0.70370 -0.34875 -0.77285 -0.38737 0.19850 -1.49180 -0.46810 -0.27627 7
-0.08401 -1.14764 1.85074 -1.16839 -0.95492 -5.22349 8.41062 -0.02847 -0.70370 -0.74667 -0.44969 1.42931 0.32971 0.64957 -0.02053 1.53284 7
-0.08432 0.16566 -0.41806 -0.77433 -0.55559 0.59565 -0.35527 0.47575 -0.24238 -0.28940 -0.56878 -0.40240 0.31794 0.14201 -0.35058 -1.48234 7
0.00158 0.20450 -0.23303 -0.74125 -0.56094 0.02455 -0.05284 -0.03228 -0.06857 0.10210 -0.19456 -0.21851 -0.08189 0.08023 -0.40923 0.00751 7
-0.08976 1.08483 -0.42045 -1.60438 -1.48924 1.07112 -0.32783 1.16945 0.36573 -0.38706 0.46994 -0.41082 0.16599 -0.56706 0.83531 0.86280 7
-0.00297 -1.33811 -0.33778 0.48686 0.71754 -1.04521 0.10713 -1.56762 0.13546 0.49836 -0.42072 -0.33647 0.24101 0.29603 -0.60964 -0.25393 7
-0.11299 0.98393 -0.42394 -0.57685 -1.15297 0.43006 -0.35527 0.25590 0.80449 0.69617 -0.56108 -0.41082 0.32971 -0.64191 -0.53909 -1.48234 7
-0.09416 0.36002 -0.41982 -0.33450 -0.84213 0.62045 -0.35527 0.46661 0.30348 -0.37211 -0.73084 -0.41082 0.32971 -0.55867 -0.35248 -1.48234 7
-0.11508 -0.13260 -0.42394 0.57949 0.82081 0.65991 -0.35527 0.28701 -0.70370 -1.12498 1.41934 -0.41082 0.32971 0.25476 -0.26695 0.52778 7
-0.11001 1.33685 -0.42394 -0.90917 -0.75655 0.03797 0.50871 0.84713 1.46275 0.55674 -0.83932 -0.41082 -0.60997 -0.17845 0.06474 1.53284 7
0.15699 0.09214 -0.26879 -1.16326 -0.98283 0.41535 -0.09826 0.52838 0.33903 0.14471 -0.40847 -0.27992 0.15130 -0.00372 0.49702 -0.68043 7
-0.06462 0.71434 -0.40342 -1.29523 -1.42154 1.17630 -0.35527 1.38411 0.44512 -0.39835 -0.17303 -0.38288 -0.37375 0.06595 1.32169 0.19276 7
0.35931 0.28876 -0.37805 -0.68192 -0.74652 -3.53431 1.76466 -2.20403 -0.05714 5.77793 -0.66543 -0.36938 0.24589 0.96110 -0.40539 -0.18349 7
-0.11124 -0.91210 1.13268 -0.35750 0.00238 0.27821 -0.17501 0.07673 -0.70370 -0.20592 -0.28819 1.02746 0.22096 -0.55966 0.06474 1.53284 8
-0.03405 0.47082 -0.42394 -1.00764 -1.33071 1.35199 -0.35527 1.70789 -0.18534 -0.76732 -0.66031 -0.41082 0.07843 -1.14982 1.39704 0.02525 8
-0.10779 1.17569 -0.34907 -0.80822 -0.79503 0.45221 -0.35527 0.38812 1.55859 0.17584 -0.86532 -0.32829 0.32971 -0.19215 1.58355 -1.48234 8
-0.11616 0.65527 0.16691 -0.37462 -0.56088 0.59170 -0.35527 0.75274 2.86110 0.10488 -0.40340 0.36946 0.32971 -0.88473 -0.18284 1.53284 8
-0.05721 0.12051 -0.34358 -0.61267 -0.55500 0.09238 -0.35527 -0.14846 0.69404 0.76007 -0.61140 -0.33201 0.16761 -0.25464 -0.50478 -0.27627 8
-0.09513 -0.07532 -0.37668 -1.02146 -1.04423 1.03364 -0.35527 1.31435 -0.70370 -0.36209 -0.80138 -0.37048 0.04762 -1.10064 -0.11772 0.52778 8
0.01353 0.40391 -0.06751 -0.97560 -0.89487 0.13257 -0.18385 0.29907 1.51241 1.13685 -0.40762 -0.06049 -0.11320 0.78769 0.13170 -0.00981 8
0.03984 -0.33619 -0.39473 -0.15721 0.03187 0.10583 -0.07935 0.04379 0.09752 -0.22254 -0.72971 -0.38331 0.28882 -0.15502 -0.71820 -0.68887 8
-0.04753 1.10526 -0.06276 -1.06729 -0.51048 -2.91192 0.88657 -3.07132 0.40610 2.41668 1.35492 -0.07681 -0.87369 3.42473 -0.48023 -0.47728 8
-0.10599 1.44680 -0.36786 -0.09837 -0.28948 -0.78892 0.98674 -0.10646 -0.70370 1.18853 1.11510 -0.41082 0.16676 1.88657 0.81579 -0.47728 8
-0.11475 0.80633 -0.42394 -0.99303 -0.56640 0.66609 -0.35527 0.54907 -0.70370 0.01506 0.15978 -0.41082 0.10488 -0.00799 1.89197 1.53284 8
1.16252 -0.33666 -0.35218 0.28645 0.23271 0.15351 -0.24697 -0.03742 -0.39143 -0.03564 -0.79324 -0.32938 0.29046 -0.40863 -0.77750 -0.25879 8
-0.07408 -0.03907 -0.40585 -0.69191 -0.29871 -0.19251 -0.22502 -0.60997 -0.19268 0.49115 -0.71872 -0.40460 0.23409 0.43480 -0.77323 -0.87930 8
-0.00109 0.41142 -0.38969 2.97803 -0.36368 0.31595 -0.30372 0.70155 -0.43489 -0.10487 3.44823 -0.39317 -0.04887 2.65512 -0.36167 -1.00300 8
0.08945 -0.61353 -0.32529 1.35196 0.74858 -0.63621 0.05861 -0.72887 0.78394 0.60137 -0.12760 -0.32078 -0.16889 0.74063 0.01687 -0.69215 8
-0.06643 0.84321 0.03928 0.85558 2.09605 -3.52586 4.77688 -1.17699 0.03756 0.08977 -0.72445 -0.28237 0.23514 0.23876 -0.81370 -1.14732 8
-0.06362 0.25188 0.51556 -1.18166 -1.49350 1.05336 -0.35527 1.66111 0.51843 0.47121 1.28187 0.45538 -1.60353 -0.42793 0.90051 -0.64204 8
-0.00218 -0.13018 -0.40752 0.32381 -0.11975 -0.17322 -0.35527 -0.46181 -0.11137 0.33618 -0.76659 -0.39569 0.28437 -0.69819 -0.76704 -0.27627 8
-0.09887 1.01528 -0.42394 -0.30126 -1.16243 0.98089 -0.35527 1.45727 0.91332 -0.42763 1.55309 -0.41082 0.30908 -1.55102 -0.00260 -0.47728 8
0.27233 -0.08429 -0.15451 -1.07018 -0.98281 0.11854 -0.35527 -0.04099 0.19992 0.77600 -0.50306 -0.11629 0.25252 -0.39824 -0.55154 -0.45277 8
-0.06804 -0.02454 -0.41598 -0.70340 -1.01911 0.79241 -0.35006 0.87229 -0.38043 -0.40004 -0.85280 -0.40492 0.19774 -0.55809 -0.30040 -0.66002 9
1.03107 -0.43804 1.50563 0.07191 0.04190 -0.70256 -0.18673 -1.16064 -0.23355 0.97621 -0.25111 1.47732 0.20041 0.57115 -0.91831 -0.73222 9
-0.11545 -1.44378 1.88216 0.15623 0.15695 0.27026 -0.35527 -0.18485 -0.70370 -0.27945 0.53000 2.27137 0.32971 0.52245 0.04146 -1.48234 9
-0.10696 4.52300 -0.31973 -1.58093 -1.33936 -2.26595 4.09936 0.57415 1.84258 1.51044 0.18331 -0.41082 0.26474 -0.29445 0.39394 -1.48234 9
-0.10751 -1.10597 1.35332 1.09145 2.11259 -1.74386 1.48142 -1.57411 -0.03224 -0.31420 -0.73084 1.25483 0.22692 0.63983 -0.88163 -0.47728 9
0.00752 -0.24176 -0.41197 -0.11828 0.07977 -0.19905 0.05195 -0.32376 0.66869 0.43534 0.47200 -0.39944 0.28514 0.67195 -0.22825 0.25367 9
0.12992 0.28031 -0.38670 -1.13414 -1.38349 0.72779 -0.29170 0.99653 -0.16470 0.24647 -0.83563 -0.37518 0.20250 -1.09605 -0.19083 -0.85418 9
0.73737 0.30970 -0.09664 -1.62414 -1.60800 0.13472 -0.33805 0.10566 0.47927 1.67217 -0.65321 -0.06909 0.23401 0.15137 -0.67696 -0.16218 9
-0.05887 0.26407 -0.37843 0.19510 -0.05568 0.34073 -0.35527 0.09280 0.32619 -0.19228 -0.68562 -0.37325 -1.08922 0.39222 0.35220 -0.87930 9
-0.11337 0.96935 -0.34622 -0.50625 -0.44371 -1.04144 -0.35527 -1.45357 -0.70370 0.48555 0.22180 -0.36824 0.15105 -0.12189 -0.74809 -1.28133 9
-0.10034 -0.53046 -0.40736 3.16652 0.16771 0.33128 -0.35527 0.56718 -0.70370 -0.59652 0.30522 -0.39840 -0.24348 -1.07672 -1.00402 -0.72854 9
-0.09474 -0.04485 -0.40704 -0.53895 -0.17190 0.23689 0.17558 0.49502 0.39367 0.07391 -0.37262 -0.39747 0.31104 -0.29723 0.54682 -1.05160 9
0.19585 -0.53225 -0.40379 -0.11845 -0.20199 -0.59421 0.38828 -0.38102 0.03560 1.08131 0.09870 -0.39733 0.28066 0.40361 -0.44601 -0.13344 9
-0.02995 -0.10582 -0.35014 -0.53990 -0.13689 0.16848 -0.24533 -0.14537 -0.33859 0.41807 -0.55974 -0.34089 0.04559 0.23897 -0.19432 0.52778 9
0.12045 -0.28058 -0.41553 -0.13364 -0.04185 -0.61996 0.11948 -0.72516 0.59789 1.19147 1.28765 -0.40503 0.28921 0.51301 -0.33526 0.61606 9
0.05173 -0.78720 -0.15396 -0.00366 0.35084 -0.78960 -0.14654 -1.17745 0.29260 1.27394 0.21439 -0.11400 0.10093 0.62192 -0.69231 0.97447 9
-0.07909 0.34413 -0.37041 -0.57851 -0.91172 0.04385 0.34532 0.58115 -0.28432 0.57513 -0.81679 -0.40317 0.27621 -0.53894 -0.77057 0.52778 9
-0.03203 1.38932 -0.00887 -1.53761 -1.35288 0.41236 -0.34918 0.73475 1.32386 1.70803 -0.32626 0.02928 -0.01689 0.06650 0.32699 -0.89606 9
-0.07268 0.83054 -0.40420 0.51366 -0.43225 0.05791 -0.35527 0.11560 0.05448 0.78449 0.12704 -0.39422 0.17495 -0.99691 -0.61292 -0.64479 9
-0.03561 -1.40569 0.29166 -1.29309 -1.43794 -6.59912 6.77422 -3.46054 0.50823 7.46971 -0.18306 0.09516 -0.19939 2.28916 -0.68646 0.62829 9
0.10994 0.24584 -0.21483 -0.93381 -0.78545 -0.04393 -0.20664 -0.12755 -0.06141 1.01509 -0.66082 -0.15185 0.24691 -0.11195 -0.67976 -0.99007 10
-0.04815 2.35157 0.18621 -0.61648 -0.28801 -1.68128 2.98433 0.52532 -0.28326 0.63982 -0.37269 -0.34435 0.12232 -0.98770 -0.09507 0.64602 10
0.03935 0.67450 -0.33730 -1.03567 -1.03315 0.82037 -0.28524 1.12874 0.27547 0.24615 -0.64245 -0.31416 -1.91284 -0.19155 0.82210 -1.37270 10
0.18804 -0.14134 -0.28516 -0.12306 0.08073 0.18916 0.10756 0.35450 -0.01069 0.24260 -0.57052 -0.27228 -0.08757 0.21250 -0.60148 -0.04030 10
-0.02220 -0.24548 -0.30805 -0.37428 -0.84808 -0.01572 0.49458 0.60579 -0.35927 0.22668 -0.87646 -0.31030 0.21107 -1.32313 -0.60784 -1.20823 10
1.08747 0.18002 -0.19341 -1.17125 -1.13083 0.65144 -0.34326 0.75866 0.15273 0.64158 -0.16515 -0.19371 -0.29212 0.27381 -0.15581 -0.40333 10
-0.11589 -0.07206 -0.42394 0.37764 -0.59319 -0.28323 -0.35527 -0.56683 -0.70370 -0.31971 6.59080 -0.41082 0.21060 -0.10016 -1.19221 -1.14732 10
-0.11270 0.02572 -0.33789 -0.84260 -0.99162 -0.93704 -0.35527 -1.22230 -0.70370 2.27716 -0.71977 -0.36849 0.32971 0.23993 -0.99394 1.53284 10
-0.09878 0.62764 0.65494 0.03438 0.36053 -0.40696 -0.02230 -0.41404 0.08056 1.17487 1.50622 0.54762 0.02956 -0.73996 0.00518 0.71052 10
0.02086 -0.21499 0.38636 -0.50766 -0.09320 0.16388 0.06018 0.18116 -0.08245 0.27888 -0.68377 0.36200 -1.10951 0.80364 -0.14341 -0.90802 10
-0.11743 1.62971 -0.42394 -1.35601 -2.14403 0.83988 -0.35527 1.41947 7.13885 0.22787 0.78378 -0.41082 0.32971 -1.31316 1.42027 -1.48234 10
-0.01302 -0.45785 -0.18373 0.42863 0.82154 -0.85612 0.92455 -0.37508 -0.00624 0.82676 -0.52837 -0.31752 -0.28719 0.70512 -0.44200 -0.37148 10
-0.03564 0.35143 -0.37420 -1.27005 -1.33406 1.27972 0.00673 2.33881 -0.70370 -0.82756 -0.59712 -0.37038 0.14746 -1.97688 0.79048 0.08555 10
0.75295 -0.50069 -0.15432 0.05109 -0.07799 -0.67760 0.20689 -0.60655 -0.31747 1.45627 -0.70125 -0.15426 0.18625 -0.40299 -0.52228 -0.08782 10
0.44456 0.14306 -0.37303 -0.44782 -0.66856 0.61450 -0.14770 0.80278 -0.55680 -0.21027 -0.75878 -0.36902 0.14832 -1.21820 -0.44023 -0.76929 10
0.10270 -0.14422 0.45625 0.06082 -0.05828 0.91403 -0.14347 1.28802 -0.53869 -0.59130 -0.61493 0.32956 -0.34177 -1.18344 0.08047 -0.23319 10
-0.06082 -1.14439 -0.41174 5.61549 1.56498 -0.61502 -0.35527 -0.55559 -0.41536 0.00239 0.11736 -0.40380 0.13844 -0.46655 -1.01940 0.25522 10
0.12932 -0.50815 -0.02542 -0.42552 -0.46029 -1.17441 -0.30854 -1.42990 0.00509 2.30793 -0.69454 -0.02793 -0.31715 1.57922 -0.73326 -0.92853 10
0.31973 -0.07706 -0.12030 -0.37014 -0.54641 0.62011 -0.21111 0.87400 -0.37976 0.07153 -0.77685 -0.10703 0.16440 -1.24634 -0.56384 0.11526 10
1.28683 0.37423 -0.31293 -0.48681 -0.63434 -0.57363 0.05103 -0.55723 0.60864 1.80076 -0.55426 -0.31628 -0.89291 0.75235 -0.12709 -0.89158 10
