-1.33437 1.33590 -1.29265 1.63182 -0.93717 -0.66070 -0.54997 1.32459 1
1.03860 -0.73686 0.83140 -0.33498 -0.82102 -0.81985 0.54129 -1.33890 1
1.47197 -0.33844 -1.46344 0.25690 -0.76944 -0.74346 0.14715 -1.33890 1
0.77864 -0.95403 1.29730 0.56026 -0.64507 -0.62001 -1.24515 0.43676 1
-1.44698 1.40081 -1.67654 0.71375 -0.42923 -0.95171 0.17469 -0.45107 1
-1.61757 -0.57214 -0.29375 0.00046 -0.79140 -0.67767 1.45052 1.32459 1
-1.12540 1.09789 -1.53216 0.48803 -0.51885 -0.86019 -0.06792 -1.33890 1
0.37552 -0.78990 1.51986 1.31887 -0.93970 -0.33128 0.93178 -0.45107 1
1.22386 -0.16350 0.00214 0.02826 -0.67889 -0.62650 -0.02195 -1.33890 1
-0.40342 0.68508 -0.12694 -1.29162 0.01072 -0.98726 -0.98556 -1.33890 1
-0.81687 0.99493 0.56212 -1.71178 -0.19856 -0.65233 0.43722 -1.33890 2
0.69969 1.31571 -0.03228 1.04890 -0.93182 0.04951 0.53370 -0.45107 2
1.35328 0.37695 1.64241 0.56365 -0.34755 -0.59429 0.24291 -1.33890 2
-0.24399 -0.02692 0.21165 -0.08396 -0.45941 -0.01157 -0.36229 1.32459 2
1.70124 -0.38988 1.47966 -1.26885 -0.88107 -0.11876 -1.40808 -0.45107 2
-0.40005 1.72678 0.31246 -1.31710 -0.40112 -0.48088 -0.65034 -1.33890 2
-1.08933 -0.54918 1.28513 0.62029 -0.19438 -0.27680 -1.05317 1.32459 2
-1.29005 0.84228 0.57239 -1.11044 0.63749 -0.65428 1.00348 1.32459 2
-0.07932 1.66070 -1.21571 -0.68411 -0.54472 -0.33067 -0.38200 1.32459 2
0.13120 0.24534 -0.00479 -0.11297 0.13378 -0.75580 0.19985 1.32459 2
-1.28789 1.69848 -1.41128 -0.69961 -0.47217 0.18335 -0.03530 0.43676 3
0.82002 -0.35346 -1.33793 1.27682 -0.98697 0.65883 1.59733 -0.45107 3
-0.24906 -1.41053 1.22549 1.18834 -0.18000 -0.21073 -0.89266 -1.33890 3
-1.24047 1.34023 1.22011 0.82421 0.81908 -0.70918 0.40968 1.32459 3
-0.83949 1.14536 1.56972 1.24213 -0.40297 0.16278 1.20344 -0.45107 3
1.37384 -1.03317 1.50281 -0.02018 0.25789 -0.24475 0.27664 0.43676 3
0.37446 -1.67104 0.54605 1.32879 1.07514 -0.80820 1.13968 1.32459 3
1.35735 -0.79773 1.22944 0.91707 0.55253 -0.28324 0.42654 0.43676 3
-0.19525 1.34362 -0.81042 -1.54888 0.53834 -0.70406 -0.80780 1.32459 3
0.85893 -1.31060 -1.10488 1.64406 0.63268 -0.82534 0.29379 -0.45107 3
-1.20166 -1.62424 -0.06513 0.84506 -0.76048 0.42859 -0.31727 -0.45107 4
1.11993 -1.05597 -1.48864 -0.65777 0.63310 -0.35940 -0.34000 -1.33890 4
-0.30985 -0.95345 -1.00987 1.16734 0.87408 -0.45809 -0.71987 -0.45107 4
0.01439 -0.86707 -1.65719 -1.17849 -0.24309 0.17516 -1.37371 1.32459 4
-0.80037 -1.17104 1.27983 0.23205 1.03183 -0.68965 0.47120 0.43676 4
-0.33744 -0.15192 0.07432 1.46973 0.69088 -0.35880 -1.87914 0.43676 4
0.63902 1.46931 -0.54678 1.14477 1.01723 -0.68289 0.76794 0.43676 4
0.13998 -0.09730 -0.55955 -0.05013 0.02937 0.36977 1.00381 -0.45107 4
-0.45645 0.58076 0.59846 -0.96882 1.54639 -0.78220 0.78991 -1.33890 4
0.86659 0.62958 1.35801 1.16313 -0.42893 0.92191 0.48801 -0.45107 4
0.86400 -0.31158 -0.39178 -0.84143 -0.49507 2.12017 0.16054 0.43676 5
1.62612 1.05876 -1.38885 1.30885 0.23521 0.39913 -0.57916 1.32459 5
0.49039 0.22624 0.55854 0.48344 2.83906 -0.42558 -0.24275 1.32459 5
-0.87314 -0.35704 0.16851 1.58610 0.11627 2.21100 0.47624 -0.45107 5
0.46384 -0.84161 -0.61822 -1.41375 0.46080 1.65492 -0.61369 -1.33890 5
0.92741 0.42460 1.40431 0.69387 -0.73169 2.68822 1.24118 0.43676 5
-0.59637 -1.10466 -1.27225 -0.75293 0.00383 2.85225 0.67073 0.43676 5
-1.16313 -0.95172 0.87265 0.16764 -0.02612 2.98364 0.22699 0.43676 5
0.93266 1.65115 0.80537 0.77659 2.26419 1.17485 1.64297 -0.45107 5
0.21289 1.28287 1.49981 0.95262 3.04893 0.46924 -1.38971 0.43676 5
