-1.56487 0.46364 0.48014 0.45453 -0.95987 -0.91056 -0.76678 -0.45107 1
-0.37803 -1.59193 -0.79570 -0.59865 -0.97565 -0.95573 0.51645 1.32459 1
0.18654 -0.45531 1.40901 -0.70434 -0.93699 -0.83491 0.06689 -0.45107 1
1.04559 -0.54136 -0.89998 -0.69764 -0.58186 -0.85895 0.13624 1.32459 1
0.47517 1.49622 0.04335 -1.45278 -0.92282 -0.83344 -1.76173 1.32459 1
-0.65822 0.76210 -1.38656 1.00214 -0.41534 -0.83631 0.03225 -0.45107 1
1.04693 -0.95955 0.45693 0.58793 -0.60501 -0.84635 0.58673 -0.45107 1
-1.21742 0.20182 1.46305 1.02222 -0.74834 -0.83261 1.36532 -1.33890 1
0.11311 -1.00568 -0.33532 -0.06717 -0.63238 -0.72553 -0.24771 0.43676 1
0.83784 -1.47314 0.28423 0.11105 -0.67613 -0.65817 0.77620 1.32459 1
-0.61253 -0.25634 1.38572 -1.49023 0.18700 -0.73520 0.33190 -0.45107 2
-1.71028 1.17292 -1.33787 -0.25714 -0.65472 -0.25409 -0.44305 0.43676 2
1.12129 1.65825 0.56487 -0.54089 -0.52092 -0.40962 1.03925 -0.45107 2
1.10202 0.16040 0.41128 1.52353 -0.55602 -0.48038 -0.84980 0.43676 2
-0.37669 -0.63929 -0.81025 1.12438 0.00889 -0.80090 1.21428 0.43676 2
-0.60845 -0.11366 -1.44338 -0.94550 -0.66449 -0.41673 0.65257 0.43676 2
0.86396 0.66293 -0.16357 -1.62588 0.00345 -0.90069 1.71593 -1.33890 2
0.76510 1.49628 1.21138 0.76383 -0.56853 -0.08940 0.82857 -0.45107 2
1.56535 0.25823 -1.06564 1.34859 -0.03880 -0.82798 1.52832 -1.33890 2
1.03680 -0.46238 -1.58138 0.29539 0.18364 -0.87838 -0.66448 0.43676 2
-0.08000 0.37817 -1.50522 1.00820 -0.83261 -0.00427 0.68117 1.32459 3
-0.97675 -1.19177 0.65538 1.12646 -0.21521 -0.14453 1.17829 1.32459 3
-0.15444 1.52238 -1.61419 -0.83023 0.26344 -0.53570 1.10028 -1.33890 3
0.58256 -1.46287 0.79500 -1.28672 -0.94453 0.64444 0.71720 -0.45107 3
1.43038 -1.18320 -0.29243 0.45680 -0.63067 0.20990 0.30192 -0.45107 3
-0.99905 0.05269 1.23079 -0.41933 0.55271 -0.53174 0.81611 1.32459 3
-0.65507 -0.79399 1.11563 1.15449 -0.66303 0.68673 0.64676 -1.33890 3
-1.67883 0.46248 1.04649 -1.26000 0.73701 -0.57537 1.33653 1.32459 3
-0.80415 -1.24919 -0.37320 -1.52050 -0.66667 0.76569 -0.33723 0.43676 3
1.66566 -0.51028 -0.09195 1.72784 -0.10001 -0.08399 1.23316 -0.45107 3
-1.55947 -0.01862 -0.22798 0.98552 -0.97774 0.81330 0.27644 1.32459 4
-1.47087 1.37945 -1.25678 -1.51906 0.59640 -0.35171 -1.96724 -1.33890 4
-0.61117 -0.30565 0.68754 -1.07071 1.08902 -0.81109 1.60424 0.43676 4
-0.66093 0.84329 -1.15986 0.29858 -0.49477 0.64878 0.03069 -1.33890 4
-0.96007 0.71989 -1.35415 -1.46106 -0.67254 1.84803 1.43063 1.32459 4
-0.45703 1.41026 -0.42911 -1.16082 0.49026 -0.10202 -0.30791 -1.33890 4
-1.20267 1.43761 0.68686 0.92212 1.67946 -0.62133 -0.65501 0.43676 4
1.44258 -1.08941 -1.36388 -0.55291 0.04998 0.42441 -0.74320 -0.45107 4
1.04813 -0.40133 -0.00222 0.01456 1.79783 -0.49010 1.15338 1.32459 4
1.00432 0.57961 0.55638 -0.52931 -0.13263 1.07560 0.28313 0.43676 4
-0.02788 1.14075 0.00544 1.01580 0.45770 0.61006 0.48327 -0.45107 5
-1.11644 -0.72236 -1.70606 1.61265 1.56580 -0.46920 -1.08392 0.43676 5
1.43723 -1.14236 1.37511 1.70144 0.23352 1.33601 1.36798 1.32459 5
-1.24968 -1.17950 1.08349 0.20811 0.10067 1.82825 -0.05074 1.32459 5
-0.82585 -0.70916 0.93952 0.52313 -0.67638 1.80417 0.22545 -0.45107 5
-0.15575 -0.12514 -0.76377 1.38277 -0.69807 2.93967 0.12685 -0.45107 5
0.83390 -0.20102 -0.23427 -1.25054 -0.64607 1.73292 0.03198 -0.45107 5
-0.58651 1.46929 -0.11149 1.52995 0.41336 1.73358 -0.47566 0.43676 5
-1.57220 -1.35525 0.23722 1.42971 1.24858 1.68652 -0.16468 -0.45107 5
0.16357 1.68813 -0.53418 -1.51826 2.75922 -0.20365 -0.09927 -1.33890 5
