0.74942 -0.52910 1.61330 -1.12998 -0.93787 -0.85446 1.21474 -1.33890 1
-0.69188 -1.63772 -0.36998 0.91348 -0.83194 -0.98282 -1.06921 0.43676 1
-0.76200 0.91342 -0.87831 0.01824 -0.93199 -0.85657 0.95174 0.43676 1
0.23824 -1.45741 1.68068 1.36157 -0.97717 -0.76029 -1.42676 -0.45107 1
-0.17550 0.81807 0.02060 -0.65635 -0.98088 -0.94747 -1.85371 1.32459 1
-1.69523 0.27146 1.30508 0.14901 -0.71384 -0.75067 -1.41161 1.32459 1
1.09275 -1.22373 0.67269 1.58396 -0.85887 -0.83890 0.21280 -0.45107 1
0.68370 0.41303 0.76625 1.19128 -0.94741 -0.43462 0.46479 -1.33890 1
1.40340 -1.59701 -0.44886 1.67824 -0.87588 -0.50217 0.77916 -0.45107 1
-0.89280 -1.60976 0.25533 1.24600 -0.02112 -0.93511 -1.59904 0.43676 1
-0.34675 -1.61914 -1.44310 -0.03312 -0.14767 -0.76662 -0.17240 0.43676 2
1.03804 0.56643 1.02533 -0.70892 -0.94875 -0.39434 0.72963 -1.33890 2
-0.37320 -0.65697 0.93764 0.05638 -0.80445 -0.31722 1.35472 -0.45107 2
-1.24854 -0.20586 1.20463 -1.68933 -0.95310 -0.23877 -0.28614 0.43676 2
-1.29499 0.43222 1.37707 -1.29258 -0.62712 -0.28777 -0.27992 0.43676 2
0.28340 -1.24538 1.30922 -1.21083 -0.78237 -0.26561 0.94699 -1.33890 2
0.96416 0.77313 0.82964 -0.11567 0.00641 -0.76149 0.50055 -1.33890 2
0.17535 1.15734 -0.27438 -0.38416 0.57337 -0.81084 -0.86834 0.43676 2
-1.33308 0.58487 0.82032 0.34727 -0.97390 0.04829 -0.25379 -0.45107 2
1.50750 -0.88754 -0.76445 0.13564 -0.03201 -0.90145 0.95336 -0.45107 2
-1.00566 -0.80885 1.33988 -1.19052 -0.98799 0.33021 0.26755 0.43676 3
1.17836 1.54807 -0.20744 1.03419 -0.81946 0.07381 1.03581 -1.33890 3
0.60667 1.62044 1.65216 1.08055 -0.97973 0.94043 -0.62850 0.43676 3
0.98276 -0.90815 0.21158 -0.98883 -0.65879 0.22897 0.49940 -0.45107 3
-1.65601 -1.32179 1.00062 1.11519 -0.58247 0.37343 -1.13334 -0.45107 3
0.18354 -0.14990 0.19782 0.98980 0.70421 -0.88481 -0.76926 -0.45107 3
1.35886 -1.27295 0.28065 -1.33692 0.28249 -0.65576 1.34288 0.43676 3
-1.21145 -0.52927 -1.21996 0.57367 -0.94098 -0.24249 -2.10676 0.43676 3
-0.47692 -0.69266 -0.02350 1.37061 -0.58898 0.59116 -1.04582 0.43676 3
-0.86988 1.17548 0.04024 0.30231 1.28654 -0.68273 -0.69071 1.32459 3
1.22635 -0.11891 -0.19637 -0.95078 -0.91438 0.54640 0.83048 1.32459 4
-1.59847 1.35444 0.85597 1.23603 -0.28072 0.00159 -0.57871 -1.33890 4
1.53648 1.34070 0.46876 0.52087 0.72711 -0.40330 -0.60630 -1.33890 4
0.35412 -0.04981 -1.35850 1.47079 1.42840 -0.67547 0.90207 -0.45107 4
0.13078 0.28695 -1.15734 1.48253 1.26544 -0.47497 1.00779 0.43676 4
-1.52173 0.79711 -0.34910 -1.42222 1.35450 -0.76492 -1.22722 0.43676 4
1.64844 0.43255 -1.69065 -0.37785 -0.46773 0.46788 0.21193 0.43676 4
-1.13968 0.99108 -0.24720 -0.92744 -0.09781 1.19428 1.48764 1.32459 4
0.72626 -0.20927 -0.91954 -1.16445 0.96347 -0.34776 -2.12121 0.43676 4
-1.04243 1.50298 0.35226 -1.63083 2.66193 -0.85627 0.16187 1.32459 4
0.85951 -0.94393 -1.57411 0.10818 -0.54609 1.78692 0.36629 -1.33890 5
-1.19783 1.24553 0.49416 0.34138 -0.09639 0.98181 0.45747 -1.33890 5
-0.58103 0.97024 -1.53095 -1.30610 2.41200 -0.43743 1.29152 1.32459 5
1.54028 -0.67725 1.69320 1.06200 0.06539 1.42924 -1.20526 1.32459 5
-0.18931 -0.12897 0.41026 -1.69175 -0.52330 1.74960 -0.91405 0.43676 5
0.65351 -0.56948 -1.21300 0.50042 1.25330 0.97785 1.58883 1.32459 5
-0.81641 0.37871 -0.17879 -1.45696 2.01181 -0.04093 -2.07921 -0.45107 5
-0.78159 0.49290 1.44327 -1.05796 -0.19446 2.83675 0.46722 0.43676 5
1.02557 -0.62121 -0.89370 -0.45090 1.93522 0.95661 0.11089 -1.33890 5
1.64644 0.56522 1.39919 0.63748 3.79225 0.05359 0.61659 0.43676 5
