-0.19267 1.64086 -1.32103 0.09404 -0.87146 -0.85973 0.29377 -0.45107 1
0.22474 0.35732 1.37613 -1.46883 -0.72222 -0.89886 1.16598 1.32459 1
-0.50967 -1.27949 0.51721 1.31413 -0.87564 -0.73167 0.81100 0.43676 1
1.25171 0.67226 0.24155 -0.11986 -0.79514 -0.87782 1.10860 -1.33890 1
1.02324 -1.39545 0.33752 -0.89748 -0.95177 -0.56545 0.95313 -0.45107 1
-1.48593 1.64816 1.46200 0.80992 -0.62036 -0.84996 0.63492 1.32459 1
0.30927 1.29676 -0.15413 -0.36024 -0.37475 -0.92135 -0.78049 1.32459 1
1.12950 0.89015 -0.90094 0.72063 -0.99235 -0.15172 1.34155 -0.45107 1
0.86616 -1.01809 -0.37759 0.60377 -0.20135 -0.96519 -0.45264 1.32459 1
0.12032 0.28975 0.15025 0.36921 0.00295 -0.88476 0.39659 -1.33890 1
0.64412 1.35497 -0.58316 -0.88633 -0.07497 -0.89265 -0.87986 -0.45107 2
-0.02392 -1.05744 0.19609 -1.05022 0.01706 -0.75218 -1.11567 -0.45107 2
-0.07796 -0.03085 -1.52213 -0.13090 -0.53001 -0.44791 0.32814 1.32459 2
1.35908 1.52501 -1.70558 -1.70266 -0.87531 -0.89044 -1.90645 0.43676 2
-0.90080 -0.69400 -0.16546 -0.27570 -0.53693 -0.41988 1.41519 0.43676 2
1.59847 -1.64969 1.21575 1.24519 -0.12532 -0.65370 1.15398 0.43676 2
0.28340 -1.24538 1.30922 -1.21083 -0.78237 -0.26561 0.94699 -1.33890 2
1.38145 -0.85203 0.76632 1.31800 -0.78431 0.46180 1.14485 1.32459 2
-0.28421 0.23282 -0.00760 -0.32755 0.88390 -0.84708 -0.19874 0.43676 2
0.37691 0.55139 -1.28857 -0.27913 0.42649 -0.97153 -0.39115 -1.33890 2
0.44856 -1.01750 -1.52047 0.30980 -0.47427 0.06832 1.11689 -0.45107 3
0.10856 -1.48639 -0.63369 -0.27706 -0.71609 -0.19452 -1.16242 -0.45107 3
-0.88990 1.02139 -1.09790 0.86182 -0.95245 0.19694 -1.01311 -0.45107 3
1.70086 1.20049 0.66409 1.38961 0.20355 -0.49865 0.22940 0.43676 3
-1.59181 1.53630 -0.77934 -0.70464 -0.55057 -0.02205 -0.13312 1.32459 3
-1.04181 0.51507 0.32411 -1.34178 1.06573 -0.95610 0.65643 -0.45107 3
1.64568 0.65360 -0.99887 0.80342 -0.27039 -0.19725 0.28063 0.43676 3
1.04617 1.02628 1.19228 -0.88674 0.18450 -0.18583 -0.11305 1.32459 3
1.57826 -0.58514 0.45517 1.34376 0.36819 -0.55643 -0.90820 -1.33890 3
-1.51768 0.84474 -1.10062 -1.57715 -0.84016 -0.07664 -0.91735 1.32459 3
1.66266 -0.47099 -0.96489 1.34884 -0.42087 0.46823 0.43925 -0.45107 4
-1.58349 1.69220 1.18229 1.48561 0.67661 -0.50000 -1.95569 0.43676 4
1.10943 1.14039 -1.51781 0.05430 1.32406 -0.73305 -0.89922 0.43676 4
-0.07661 0.88906 1.44980 -1.17315 -0.61794 0.70769 0.89659 -1.33890 4
1.51145 -0.31757 -1.43476 -1.67981 -0.27028 0.44363 1.20965 1.32459 4
0.00111 -0.94884 -0.92383 -0.51588 1.10167 -0.30220 0.95244 0.43676 4
-1.05327 -1.67736 -1.70669 -1.49729 -0.53825 0.53102 -0.41181 -0.45107 4
1.14974 0.04843 -1.67602 -0.17335 1.46108 -0.93758 -0.08708 1.32459 4
0.33007 -0.85910 1.52859 -0.59848 0.27178 0.35336 1.25412 -0.45107 4
-0.96912 0.82503 -0.78220 -0.19526 0.29088 0.63568 1.00228 -0.45107 4
0.07566 -0.27325 -1.18386 -1.28180 -0.87102 1.37345 0.38773 1.32459 5
-1.45012 1.61151 0.26528 -0.21875 1.35052 0.40686 0.36340 0.43676 5
-1.45063 1.69206 0.49017 -0.33991 2.97708 -0.44931 -0.70234 1.32459 5
-0.68352 0.24198 -0.53453 -1.11812 2.04562 0.32278 0.71979 -0.45107 5
1.58690 -1.23839 0.82487 -0.07879 -0.91712 1.53422 -1.87303 1.32459 5
-1.16733 0.74158 -0.23655 0.79153 0.26775 1.77068 -0.69823 -0.45107 5
1.27371 -1.35799 -0.03139 -0.09257 -0.35695 2.63776 0.01039 1.32459 5
-1.32191 0.14379 -1.22462 0.62166 -0.98402 3.08760 -0.63928 -0.45107 5
1.63724 -0.82372 1.69747 -1.45690 2.88118 0.54693 -1.73408 -1.33890 5
1.16888 1.51714 1.13330 0.87568 4.39428 3.97784 -0.22102 1.32459 5
