-0.44084 1.16444 0.22290 0.14011 -0.65838 -0.89659 1.56952 0.43676 1
-1.69581 -0.26832 -0.70781 -0.54801 -0.62161 -0.90211 0.18053 0.43676 1
-0.83425 1.62709 -0.25401 -1.16309 -0.64993 -0.89004 -0.68606 1.32459 1
-0.46136 0.17672 -1.27756 0.92664 -0.82615 -0.75594 -0.93417 0.43676 1
-1.33462 -0.10294 0.28633 -0.40102 -0.91431 -0.60677 -0.20618 1.32459 1
0.99990 -1.01211 -1.29247 -0.88891 -0.94544 -0.64514 0.25985 1.32459 1
1.38517 -1.14399 1.48934 -0.26965 -0.74834 -0.81191 0.54873 -1.33890 1
0.19440 -0.07234 0.38466 0.97248 -0.64350 -0.66333 -0.87591 -0.45107 1
-0.39465 -0.71281 1.35773 -1.06582 -0.94262 -0.13550 0.55668 -0.45107 1
-1.24798 -0.65421 -1.33615 0.08974 -0.96617 -0.26908 0.30190 0.43676 1
-0.19060 -0.01357 0.60365 -0.06279 -0.73360 -0.21982 0.47152 -0.45107 2
0.82797 -0.29219 -0.17443 -0.88260 0.05822 -0.76324 -0.80939 0.43676 2
-0.34151 1.39961 0.35925 -0.93765 0.22704 -0.97372 -1.81667 1.32459 2
1.60103 1.45709 0.96907 -0.48699 -0.54786 -0.44910 0.24436 1.32459 2
-0.95855 0.26993 -0.64505 0.73626 -0.90408 -0.22315 0.72748 -1.33890 2
-0.32063 0.83533 -0.47444 -1.70095 0.04714 -0.71545 0.23389 0.43676 2
-1.17967 0.49444 1.43281 -0.28272 -0.74296 -0.03454 0.38696 1.32459 2
-0.79202 1.51507 1.03390 0.44312 0.30793 -0.87256 -0.75688 -1.33890 2
-1.32257 -1.63592 0.43686 0.02376 0.81573 -0.80548 0.36968 0.43676 2
0.43102 0.75905 0.89118 -0.24266 0.76441 -0.76774 -2.06227 1.32459 2
-0.51243 -0.06314 1.40967 -1.22435 0.10734 -0.64904 0.92571 -0.45107 3
-0.50966 0.50880 1.07312 -1.23418 0.60999 -0.80520 0.40264 -0.45107 3
-0.66389 1.63348 0.77210 -0.09149 0.46690 -0.60335 0.83759 -0.45107 3
-1.07514 0.20025 -1.56952 0.27018 0.18091 -0.27730 0.05066 0.43676 3
1.26158 -0.56613 0.77638 0.21994 0.18926 -0.62653 0.44712 0.43676 3
0.01421 1.74396 -0.25792 0.91942 0.55414 -0.78774 1.18193 -0.45107 3
1.03393 1.06247 -0.12444 1.26131 -0.67134 0.28238 0.41364 -1.33890 3
-1.42963 0.99482 -0.95261 1.32688 0.76088 -0.97664 -0.31460 -1.33890 3
-0.54024 0.70968 -1.02707 -0.33728 0.18096 -0.18369 0.53095 1.32459 3
-0.43813 1.49855 1.04165 -1.55267 1.08401 -0.96595 1.25207 -0.45107 3
0.82233 1.26140 1.08256 -0.67597 -0.95272 0.99301 -0.21200 1.32459 4
0.14576 -0.49865 0.65353 1.11831 0.17004 0.05396 -0.95884 -1.33890 4
0.37576 -0.32072 -1.33080 -0.79872 -0.20937 0.25296 -0.21563 0.43676 4
0.74398 -0.99927 1.59079 -1.64094 0.87048 -0.02888 1.19807 -0.45107 4
1.10141 1.57904 1.66761 0.16094 -0.40077 0.39959 -2.07996 -1.33890 4
-1.13084 -1.22410 0.57537 0.66730 -0.93769 0.93322 -2.13948 1.32459 4
0.48562 0.40121 1.20408 1.41160 1.21565 -0.56276 -1.88449 0.43676 4
-1.09218 1.41246 -1.60741 0.38725 -0.67107 1.17770 0.85480 1.32459 4
-1.22572 1.18626 0.50705 1.76570 -0.58170 1.92136 1.19561 -1.33890 4
-0.88959 -0.08742 -0.16578 -0.48635 2.13740 -0.85442 -1.38097 0.43676 4
-1.55402 -0.55537 0.56339 1.04085 0.71313 0.37826 1.09624 1.32459 5
-0.42881 0.02201 0.57118 1.07002 0.24144 0.94209 -0.27773 -1.33890 5
-0.95833 0.05212 -0.29425 1.48051 -0.38442 1.62699 -0.51255 -1.33890 5
-1.16262 0.76348 -1.39471 0.44740 2.67628 -0.76257 0.93072 1.32459 5
1.03010 -1.40270 -0.75541 -1.07856 1.14016 0.62127 0.13259 -0.45107 5
1.32085 1.58626 0.28799 0.64460 1.34182 0.32912 1.10607 -0.45107 5
0.80935 -1.36068 0.98475 -1.14484 -0.60127 2.62806 0.76840 0.43676 5
-0.90754 -1.61841 0.61965 -0.00563 3.19031 -0.54762 -2.17185 -0.45107 5
1.06188 -0.32757 0.10899 -1.06060 1.49308 1.08364 1.15509 1.32459 5
-1.54323 -0.89062 -1.10041 0.96115 -0.07212 2.97768 -2.05662 -0.45107 5
