-1.08951 -0.68775 -0.57869 1.18158 -0.93123 -0.89857 0.23927 1.32459 1
-1.09564 1.47818 -0.02073 0.01978 -0.54571 -0.96526 1.03125 1.32459 1
-1.42896 -0.16715 -0.15295 -0.33626 -0.63402 -0.55029 0.29264 0.43676 1
-1.19661 -0.30179 1.18792 0.87037 -0.68975 -0.88559 0.36512 -0.45107 1
1.22717 1.17195 -0.77579 0.86029 -0.48927 -0.94822 0.33678 0.43676 1
-0.43165 -1.40581 0.29462 -0.50473 -0.76777 -0.51820 0.36866 0.43676 1
-0.35618 -0.13963 0.41368 -1.55141 -0.71898 -0.53054 -1.46241 -0.45107 1
0.55551 1.57970 0.52472 0.14803 -0.36428 -0.78375 1.09616 0.43676 1
0.01438 1.16603 0.17798 -0.34823 0.05856 -0.96562 -2.08188 1.32459 1
-1.46038 0.60352 -0.61863 -1.29079 -0.95648 -0.42702 -1.79174 0.43676 1
-1.23879 0.64566 -0.19055 0.67019 -0.03520 -0.70731 -1.24298 -0.45107 2
1.64792 0.81822 -1.23616 -0.26745 -0.11229 -0.94367 0.82659 -1.33890 2
0.20278 -0.80105 0.77041 0.35198 -0.66679 -0.33948 0.59834 -0.45107 2
0.84729 -0.80260 0.30596 1.58046 -0.60922 -0.67436 -0.65941 0.43676 2
0.87538 0.28002 1.25483 1.61366 -0.69147 -0.04299 1.28480 0.43676 2
-0.08349 -0.41455 -0.46793 -0.32736 -0.38229 -0.36670 0.93828 -1.33890 2
-1.69228 1.20742 -1.22466 0.33230 -0.17930 -0.52625 -1.31203 0.43676 2
0.36925 -1.52298 -0.09119 -0.70044 -0.96653 -0.52152 -1.96048 -0.45107 2
-1.53275 -0.43474 0.19908 1.03980 0.03641 -0.49061 0.03139 -1.33890 2
-0.35601 -0.25604 1.54178 -1.44892 -0.50146 -0.21345 -1.64460 1.32459 2
1.19123 -1.26285 1.22194 1.59997 -0.84653 0.48395 -0.83510 0.43676 3
0.63570 -0.83352 -0.40986 -1.69649 -0.30208 -0.52037 -1.00630 -1.33890 3
-0.88990 1.02139 -1.09790 0.86182 -0.95245 0.19694 -1.01311 -0.45107 3
0.92245 0.09407 -1.35820 0.99107 -0.79947 0.24306 0.61097 -0.45107 3
0.60463 0.27145 0.53428 -1.50385 -0.84674 0.45031 0.73145 0.43676 3
-0.94499 1.48381 0.66377 -0.08548 0.10738 -0.41557 0.67896 -1.33890 3
0.60667 1.62044 1.65216 1.08055 -0.97973 0.94043 -0.62850 0.43676 3
-0.80471 1.36352 0.08579 1.63214 -0.50225 0.07151 -0.27766 0.43676 3
1.64471 0.50052 -1.55464 0.76372 0.06906 -0.38326 0.36167 -1.33890 3
1.29656 0.59322 -0.05087 -0.45967 -0.39338 0.21635 1.70373 -0.45107 3
-1.27250 -1.14420 -0.83515 -0.10683 -0.38917 0.14568 0.36020 -0.45107 4
-1.46930 -0.98082 1.41372 0.57165 0.57067 -0.33860 -1.14014 -1.33890 4
-1.26046 1.04878 0.20702 -0.51487 0.45471 -0.07018 1.04253 1.32459 4
1.51408 -1.30908 -1.42419 -0.69541 -0.31180 -0.56516 -2.22328 1.32459 4
1.59035 0.80996 0.93095 -0.90370 -0.75854 1.44728 1.66760 -0.45107 4
0.31276 1.27662 -1.31042 0.09528 -0.00825 -0.23613 -1.53095 1.32459 4
1.24662 1.73852 1.19637 -1.66084 0.05779 1.05588 0.72580 1.32459 4
1.53730 1.31298 -1.55712 0.83292 0.90770 -0.97841 -1.91935 0.43676 4
-1.14287 -1.02878 0.97163 -1.67245 1.51561 -0.83617 -1.89027 0.43676 4
0.07999 -1.37445 0.84347 -1.16210 -0.35025 0.27780 -0.90476 -1.33890 4
0.62440 1.16226 1.69516 0.08368 0.50009 0.47958 0.87534 0.43676 5
-1.11617 0.56162 1.07483 -0.78082 0.38457 0.92118 -0.13103 -1.33890 5
-0.28299 0.01946 -0.96592 1.68332 -0.43178 2.22984 0.86782 -0.45107 5
-0.43873 1.46483 -0.48376 -0.45278 1.67504 0.26854 0.50649 -0.45107 5
1.70011 -0.61798 -0.17189 -1.22284 -0.97248 2.39380 -1.31973 -1.33890 5
1.38942 0.85687 -0.03173 -0.45966 0.38896 2.05026 1.28667 1.32459 5
1.02557 -0.62121 -0.89370 -0.45090 1.93522 0.95661 0.11089 -1.33890 5
-0.66633 0.88510 0.45270 -1.00648 1.34784 1.57234 -0.14031 -1.33890 5
-1.65670 0.83237 0.58019 -1.15536 3.47069 0.73002 1.18979 1.32459 5
0.35102 0.71774 -1.14804 0.10291 2.06718 2.93628 0.77162 -0.45107 5
