0.23058 -1.67977 0.74887 -0.29446 -0.69179 -0.66551 0.10258 1.32459 1
0.14563 -0.75706 -1.20320 1.19449 -0.79828 -0.92832 1.04412 -0.45107 1
-1.51752 -0.94275 -0.69459 1.59716 -0.72134 -0.94757 0.82784 -1.33890 1
0.56107 1.25010 -0.04327 -0.38629 -0.85364 -0.54034 0.54154 1.32459 1
0.71023 0.15677 -1.51371 -0.43626 -0.56425 -0.82666 0.59329 1.32459 1
-1.01796 -0.61285 -0.21424 0.26609 -0.28088 -0.87358 -0.87089 -0.45107 1
-0.24302 -1.50524 -0.15625 -0.27675 -0.47753 -0.84118 1.75836 -1.33890 1
-0.03638 0.65464 -1.11831 -0.48517 -0.90590 -0.27106 1.68753 0.43676 1
-1.04838 0.21030 0.32248 0.52722 -0.52712 -0.54552 -0.84260 -0.45107 1
-1.22168 -0.82006 1.51359 -0.89309 -0.15164 -0.74055 0.45808 1.32459 1
-1.47768 0.05688 1.70709 0.71016 -0.83257 -0.35976 1.49812 1.32459 2
1.33077 0.91245 0.07197 -0.60804 -0.59041 -0.46178 0.40520 -0.45107 2
-1.09024 -0.57641 -0.12513 0.61853 -0.96315 -0.13050 -0.50006 0.43676 2
-0.31903 -0.53121 -1.23803 -0.74158 -0.64910 -0.54797 -0.72841 -1.33890 2
-0.00295 0.91586 -0.35178 -0.90417 -0.73911 -0.23475 1.34481 -1.33890 2
1.64720 0.63166 0.67635 0.46186 0.26735 -0.81589 1.02231 -1.33890 2
-0.68086 -1.02524 -0.13441 0.15298 -0.48680 -0.42169 0.91915 -1.33890 2
-0.99480 0.50851 -1.14394 -0.58111 0.47577 -0.80330 1.25775 0.43676 2
-1.39412 0.59582 -0.34001 -0.44727 -0.65122 -0.12853 -0.22941 -1.33890 2
-0.25957 -1.14603 0.61857 1.48022 -0.68951 -0.21173 -0.29964 -1.33890 2
1.00774 1.37540 -1.50234 -0.04632 0.20176 -0.67392 -0.65138 -0.45107 3
-0.88243 0.76842 -1.48848 1.55601 -0.67489 0.22565 0.47183 -0.45107 3
1.02840 -0.34629 1.22734 0.25035 0.03477 -0.18363 0.79692 -1.33890 3
1.51677 0.63379 0.01347 1.51395 0.53141 -0.74315 0.16112 1.32459 3
1.35886 -1.27295 0.28065 -1.33692 0.28249 -0.65576 1.34288 0.43676 3
0.38683 -1.66013 -1.55336 -1.06765 -0.43187 -0.29995 -1.80714 1.32459 3
0.81242 -0.59734 -0.06806 -1.30106 0.31928 -0.02788 -0.26748 0.43676 3
-1.70502 -1.04940 0.20626 -1.50627 1.26951 -0.98582 -0.32178 -0.45107 3
0.45750 -1.66825 0.60236 0.30232 1.12826 -0.74123 0.30040 -0.45107 3
-0.96988 -0.52289 -0.26983 0.64106 0.33612 -0.62223 0.71095 -1.33890 3
-0.01969 -0.20294 1.11917 -1.43321 -0.54977 0.51454 -0.92897 0.43676 4
0.18900 -0.52168 -0.72943 -1.05678 -0.45837 0.41035 0.64321 -0.45107 4
-1.08932 -1.66079 -1.10529 0.41800 -0.79680 0.78813 -0.64843 -1.33890 4
1.68164 1.61299 0.86662 0.30027 0.12725 0.59253 -0.33796 -0.45107 4
-1.01590 0.28839 1.31418 1.21490 1.15475 -0.96052 -0.61492 -1.33890 4
-0.51367 -1.59878 -0.74350 1.49269 1.05530 -0.66038 -0.46212 -1.33890 4
0.16400 -1.32812 0.75975 0.83045 0.90978 -0.24205 1.10318 0.43676 4
-0.87276 1.32542 1.56423 0.69785 0.62220 -0.16742 -0.63925 -1.33890 4
0.28469 1.50052 1.39378 -1.13750 1.61238 -0.97957 0.78966 -0.45107 4
-0.38684 0.57137 1.23395 -1.28101 0.67935 -0.05267 -1.35833 -0.45107 4
0.11335 0.18332 -0.92879 -1.02786 1.92396 -0.93293 1.26272 0.43676 5
0.04666 0.00815 0.48959 -0.50922 -0.37255 0.98358 -1.06727 -0.45107 5
-1.34598 -0.27033 -1.49895 -0.09599 2.04995 -0.51055 1.41099 -0.45107 5
-0.91806 1.59470 -0.21811 0.80168 1.44724 1.18285 0.64200 1.32459 5
0.32325 1.37268 -1.38658 -1.56534 2.15719 -0.20651 1.38268 1.32459 5
-0.89999 1.23982 -0.65513 -0.95196 0.09168 1.88097 0.10105 0.43676 5
-0.20182 1.23629 1.39210 -1.06229 -0.88591 3.02463 -1.59877 1.32459 5
-1.58048 -1.62937 -1.21246 1.05382 2.54046 -0.22498 1.06420 -1.33890 5
1.47932 -0.21266 -1.48236 0.91938 1.97947 1.53753 0.06725 1.32459 5
-0.78457 0.55636 -0.17120 -0.95132 5.62037 -0.65607 0.43273 -0.45107 5
