-0.24156 -1.19018 0.11835 -0.59957 -0.95384 -0.90239 1.61137 -1.33890 1
-1.42653 1.14498 -0.00260 -1.05152 -0.77358 -0.79470 1.11335 1.32459 1
-0.17101 1.32540 0.48044 1.11338 -0.83710 -0.76139 -1.18104 1.32459 1
-1.46995 -0.20947 1.45777 -0.12585 -0.54947 -0.64246 0.99526 1.32459 1
0.73901 0.65541 -1.49334 -1.24744 -0.88865 -0.36078 0.68870 1.32459 1
1.31598 0.87095 -1.18651 -1.08299 -0.75146 -0.75037 0.26612 -0.45107 1
-0.00371 -1.27236 1.50303 0.15664 -0.61155 -0.91947 1.00890 -0.45107 1
-1.44698 1.40081 -1.67654 0.71375 -0.42923 -0.95171 0.17469 -0.45107 1
-0.88980 -0.20740 -1.21767 -0.42564 -0.15998 -0.82760 1.10293 -0.45107 1
0.29284 1.45465 1.24577 0.30672 -0.93026 -0.54880 0.73855 -1.33890 1
-1.67179 0.50174 0.82441 -0.85622 -0.26795 -0.64109 -1.42126 -0.45107 2
0.84238 -0.77465 1.13895 -1.18564 -0.56327 -0.52151 -0.96420 0.43676 2
-1.07344 -1.42536 -0.77620 0.85617 -0.33219 -0.87023 -1.02894 -1.33890 2
0.76862 0.90160 0.07921 0.16570 -0.22811 -0.69712 -0.78481 1.32459 2
1.31649 0.22768 0.44252 -1.49725 -0.89903 -0.28166 -0.70361 -0.45107 2
-1.52982 -0.82940 0.66744 -1.03485 -0.62065 -0.18048 0.51875 0.43676 2
-0.45974 -0.06453 1.48245 0.97455 -0.99301 -0.20503 -0.63538 -1.33890 2
0.68402 -0.15349 1.11238 1.37682 -0.45461 -0.16208 -0.94307 0.43676 2
-1.57368 -1.18740 1.40039 1.03824 -0.89443 0.20837 0.26945 -0.45107 2
-1.28179 1.31971 0.54720 0.52174 0.89741 -0.93437 0.59086 -0.45107 2
-0.31285 0.06227 0.29847 -0.69570 -0.05844 -0.28632 -1.63745 1.32459 3
-0.21088 -1.60320 -0.11189 0.45538 0.04605 -0.04740 1.29212 1.32459 3
-1.02197 0.45462 -0.84529 0.11463 0.28598 -0.62638 -0.47150 -0.45107 3
-0.79992 1.32319 -1.02433 0.86104 0.51041 -0.81663 -0.65103 -1.33890 3
0.58256 -1.46287 0.79500 -1.28672 -0.94453 0.64444 0.71720 -0.45107 3
-0.70101 1.10017 -1.00496 1.03279 0.23217 -0.24537 1.58288 0.43676 3
1.64568 0.65360 -0.99887 0.80342 -0.27039 -0.19725 0.28063 0.43676 3
1.56784 -0.17125 1.34048 -1.13625 -0.51509 0.50011 0.15790 0.43676 3
-0.10024 0.89840 1.66125 1.08373 0.48475 -0.49456 -2.34425 0.43676 3
-0.58369 0.44818 1.50299 1.36458 0.54984 -0.40905 1.27270 -0.45107 3
-0.49435 -1.10857 -0.12267 0.97459 -0.67697 0.60260 1.35871 -1.33890 4
-0.73796 1.19282 1.43966 -0.62270 1.17611 -0.82875 1.28752 -0.45107 4
-0.72149 -1.21259 1.69021 -0.04670 0.80203 -0.18509 0.50190 0.43676 4
-0.27167 0.47967 -1.57736 0.01999 -0.27536 0.22075 -0.91013 1.32459 4
1.03720 -0.94050 0.94335 -0.63957 -0.63991 1.24802 0.68301 -0.45107 4
1.55951 1.33002 -0.23127 0.63556 0.40713 -0.17967 1.12729 -1.33890 4
1.05882 -1.29850 0.09790 -0.13812 -0.81633 0.95841 0.08140 -1.33890 4
1.70125 0.84030 1.70106 -1.46331 2.05757 -0.95003 0.21759 -0.45107 4
1.43015 1.73273 -0.41459 0.39855 -0.29809 1.30200 0.47072 -1.33890 4
0.49318 -0.77019 1.12869 0.53983 1.21506 -0.23853 1.37658 0.43676 4
-1.15488 0.72695 -1.62045 -0.70508 -0.18028 0.68226 -0.38393 1.32459 5
0.11236 0.07660 -1.60818 -1.36604 -0.66944 1.59311 1.05058 1.32459 5
-0.56152 -1.21452 -0.73089 -0.19439 1.91183 0.22089 -0.18941 1.32459 5
-0.06748 -0.63039 -0.71125 -0.52364 -0.18016 2.21515 0.45752 -1.33890 5
-0.46933 -1.11753 1.40166 -0.64686 -0.96167 1.84269 0.51135 -0.45107 5
1.22279 0.76665 0.99947 1.05673 1.07782 0.56945 0.42119 -1.33890 5
-0.96052 -1.18760 -1.03378 -1.39873 -0.97385 1.69516 -1.62971 0.43676 5
-1.55276 0.36911 0.79778 -1.68030 -0.47514 2.66994 0.18837 -1.33890 5
1.51807 -0.36645 0.10388 1.65059 1.15852 1.29959 -0.57629 0.43676 5
0.05734 1.57939 1.42020 0.26439 -0.88755 3.12719 -1.53592 -0.45107 5
