-0.04865 0.70297 0.07562 1.51445 -0.95474 -0.78763 0.93947 -1.33890 1
-0.74208 0.13287 -1.10596 0.34410 -0.66911 -0.82176 -0.23608 1.32459 1
-0.73435 -1.37699 -0.18755 1.50755 -0.91238 -0.49193 1.60199 1.32459 1
-0.32108 1.42086 -0.63997 -0.12621 -0.38487 -0.80572 -1.42949 1.32459 1
-0.74522 0.28897 1.35284 1.20928 -0.55430 -0.85738 -0.36565 0.43676 1
0.76077 0.80131 -0.66437 -1.36250 -0.90081 -0.69288 0.94615 -1.33890 1
1.50084 -0.30657 -0.61375 1.43719 -0.77962 -0.80187 0.84425 -1.33890 1
-0.66369 1.44323 -0.55971 -0.04768 -0.75675 -0.86711 1.03899 -0.45107 1
-1.42095 -1.29142 1.16913 -1.19088 -0.71919 -0.44550 -0.22563 1.32459 1
0.57918 -0.40101 -1.69993 -1.12070 -0.58292 -0.78506 -0.63997 0.43676 1
0.07028 -1.04775 0.53948 0.36852 -0.89770 -0.15036 0.96538 -1.33890 2
0.22278 -0.88605 0.78553 1.61786 -0.48408 -0.24295 0.62471 1.32459 2
-0.73642 -0.89429 -1.71984 -0.35767 -0.18446 -0.89019 -0.22392 0.43676 2
-0.29773 -1.44536 -0.75658 0.26964 -0.77659 -0.50108 0.11231 -1.33890 2
-0.00223 -0.73981 1.11971 0.35178 -0.10753 -0.64732 -1.48336 1.32459 2
-0.83670 -1.06891 -0.09537 -0.36217 -0.64947 -0.18573 -0.22698 1.32459 2
-0.82262 1.09976 -1.21098 -0.79622 -0.27095 -0.14621 1.04418 0.43676 2
-0.26979 -1.12892 0.12918 0.20721 -0.58916 -0.24079 -0.77756 1.32459 2
0.84467 1.71124 1.52136 -1.43611 -0.35054 -0.44497 0.18273 -1.33890 2
-0.22521 -0.87579 0.75970 1.22961 0.33815 -0.87036 -1.14105 0.43676 2
0.69296 -0.94304 0.01011 1.63202 -0.13930 -0.60368 -1.12235 -0.45107 3
0.89010 -0.90335 1.19799 -0.85840 -0.65284 0.13346 -0.14925 1.32459 3
1.58283 -1.58545 0.86410 0.21294 0.17098 -0.84168 -0.50929 -0.45107 3
-0.76368 -1.44593 1.47993 -0.22545 -0.20875 -0.30900 -1.46399 0.43676 3
-1.02197 0.45462 -0.84529 0.11463 0.28598 -0.62638 -0.47150 -0.45107 3
1.37737 -0.15298 1.24542 0.54536 -0.60775 0.10116 0.38531 1.32459 3
-0.61883 -0.61252 1.07168 -0.43380 -0.50446 0.19042 0.54724 0.43676 3
1.03871 -0.82101 -0.80763 -0.74625 1.22105 -0.93237 -1.77463 0.43676 3
0.40198 1.44815 -0.41483 -0.52152 0.30785 -0.30300 0.11235 -0.45107 3
-1.55350 0.91590 1.61443 -0.95785 -0.11181 0.06569 -0.71295 0.43676 3
0.10932 0.36287 -0.42415 1.17170 -0.11777 0.06357 -0.13566 0.43676 4
-0.90745 -0.13061 -0.91763 1.33045 0.54802 -0.65803 -1.63325 0.43676 4
0.64850 0.74736 -1.16245 0.62218 -0.62556 0.04293 -0.03742 -1.33890 4
-1.23365 0.99411 0.20597 -1.69359 -0.54719 0.93959 0.07091 0.43676 4
-0.13562 1.14765 0.17867 1.68110 -0.15777 0.25302 -0.67999 0.43676 4
1.37382 1.65173 -0.61030 -1.08940 1.14734 -0.83514 1.69744 -1.33890 4
0.48749 0.17519 0.80800 1.58156 -0.62112 0.64681 -1.68329 -1.33890 4
0.09792 -0.76336 -1.03140 -0.44305 0.92395 -0.71328 -1.40066 1.32459 4
0.84177 -0.98156 1.07318 -0.84474 -0.35967 0.35472 -1.53921 1.32459 4
0.44186 1.05416 0.21870 -1.46318 1.17613 -0.83116 -0.20976 -0.45107 4
-0.52003 -0.44881 -0.32922 0.02213 0.71994 0.42441 -0.14336 -0.45107 5
-1.23474 0.19888 -0.14848 -1.28901 0.16843 1.16860 0.90672 0.43676 5
0.72263 0.76809 1.45837 1.68464 0.52430 0.72881 0.22742 -1.33890 5
-1.15747 -1.03503 -0.59645 -0.16542 1.98068 -0.31827 0.32413 -0.45107 5
1.69372 0.21631 -0.37979 0.56349 0.49980 0.67733 -0.92782 1.32459 5
0.57704 0.32065 -0.89972 -1.38361 -0.23721 0.74732 -1.93247 0.43676 5
-1.18388 0.57420 1.18275 1.65850 2.52860 -0.54621 -0.84687 -0.45107 5
0.77735 -1.47291 0.51963 0.55902 -0.34949 1.37155 -1.05747 -0.45107 5
-0.78159 0.49290 1.44327 -1.05796 -0.19446 2.83675 0.46722 0.43676 5
1.51807 -0.36645 0.10388 1.65059 1.15852 1.29959 -0.57629 0.43676 5
