4.03861 -0.48724 1.01499 -0.27233 1.19354 -1.18362 1.11639 -1.09485 1.65960 1.52941 0.80578 0.44062 2.51180 1
0.73278 -0.48724 1.01499 -0.27233 1.19354 -0.61575 0.32773 -1.08972 1.65960 1.52941 0.80578 -0.20279 2.42498 1
1.53441 -0.48724 1.01499 -0.27233 1.25395 -1.43412 1.04889 -1.12501 1.65960 1.52941 0.80578 0.44062 2.54261 1
1.23497 -0.48724 1.01499 -0.27233 1.19354 0.08307 1.11639 -1.05472 1.65960 1.52941 0.80578 0.44062 1.07364 1
2.20700 -0.48724 1.01499 -0.27233 1.25395 -1.82836 0.74337 -1.08118 1.65960 1.52941 0.80578 0.44062 2.70785 1
2.46330 -0.48724 1.01499 -0.27233 1.19354 -1.33164 0.97429 -0.99360 1.65960 1.52941 0.80578 0.44062 0.99662 1
1.42379 -0.48724 1.01499 -0.27233 1.07273 -0.55312 0.95297 -0.89540 1.65960 1.52941 0.80578 -3.82271 1.64358 1
1.17009 -0.48724 1.01499 -0.27233 1.59914 -0.49762 0.68653 -0.93766 1.65960 1.52941 0.80578 -3.15159 2.99212 1
0.47183 -0.48724 1.01499 -0.27233 1.19354 -0.76519 1.07731 -1.02656 1.65960 1.52941 0.80578 0.39899 1.01763 1
4.40801 -0.48724 1.01499 -0.27233 1.19354 -1.07261 0.59772 -1.03891 1.65960 1.52941 0.80578 -0.29809 2.06229 1
1.34437 -0.48724 1.01499 -0.27233 1.59914 -0.18877 1.11639 -0.89321 1.65960 1.52941 0.80578 -3.80475 1.93206 1
0.66562 -0.48724 1.01499 -0.27233 1.07273 0.13573 0.96008 -0.86757 1.65960 1.52941 0.80578 -3.24174 1.60017 1
1.65705 -0.48724 1.01499 -0.27233 1.00369 -0.08772 1.11639 -1.14400 1.65960 1.52941 0.80578 0.40600 1.27809 1
1.24631 -0.48724 1.01499 -0.27233 1.25395 -1.99915 1.11639 -1.04741 1.65960 1.52941 0.80578 0.17795 2.51600 1
1.00374 -0.48724 1.01499 -0.27233 0.25290 -0.63710 -0.31528 -0.85360 1.65960 1.52941 0.80578 -3.63683 0.42528 1
2.14352 -0.48724 1.01499 -0.27233 1.59914 -0.66414 0.84640 -0.91601 1.65960 1.52941 0.80578 0.38092 1.32430 1
1.42543 -0.48724 1.01499 -0.27233 1.00369 0.37057 1.08442 -1.08080 1.65960 1.52941 0.80578 0.44062 1.18007 1
3.95840 -0.48724 1.01499 -0.27233 1.07273 -0.11761 0.35970 -0.91757 1.65960 1.52941 0.80578 -3.70069 0.26144 1
0.43639 -0.48724 1.01499 -0.27233 1.07273 -0.13042 0.33838 -0.88305 1.65960 1.52941 0.80578 -2.84730 1.24168 1
0.64796 -0.48724 1.01499 -0.27233 1.25395 -1.06549 1.11639 -1.05173 1.65960 1.52941 0.80578 0.44062 1.53296 1
0.52760 -0.48724 1.01499 -0.27233 1.25395 -1.27329 1.07731 -0.98159 1.65960 1.52941 0.80578 0.44062 1.14786 1
0.60205 -0.48724 1.01499 -0.27233 0.25290 -1.02422 0.07194 -0.82231 1.65960 1.52941 0.80578 -3.86686 0.63113 1
-0.09693 -0.48724 1.23073 -0.27233 2.72965 -1.96641 1.03823 -1.16310 -0.52248 -0.03107 -1.73470 0.44062 2.32976 1
1.98833 -0.48724 1.01499 -0.27233 0.90013 -3.05520 1.11639 -1.24278 1.65960 1.52941 0.80578 0.14838 1.49655 1
1.32649 -0.48724 1.01499 -0.27233 0.51179 -1.39569 1.02047 -0.80464 1.65960 1.52941 0.80578 -0.07880 1.71640 1
0.50909 -0.48724 1.01499 -0.27233 1.25395 -1.08827 1.11639 -1.07419 1.65960 1.52941 0.80578 0.44062 1.66739 1
0.26257 -0.48724 1.01499 -0.27233 1.19354 0.17131 0.97429 -1.00595 1.65960 1.52941 0.80578 0.44062 0.94061 1
0.73374 -0.48724 1.01499 -0.27233 1.59914 -0.04787 0.99560 -0.75843 1.65960 1.52941 0.80578 0.34883 0.53030 1
-0.28864 -0.48724 -0.43683 -0.27233 -0.14407 -0.81358 0.90679 0.20799 -0.63733 -0.60068 1.17530 0.03829 1.39292 1
0.12269 -0.48724 1.01499 -0.27233 1.36614 -0.43926 0.68653 -0.57674 1.65960 1.52941 0.80578 -3.79204 0.89019 1
0.67164 -0.48724 1.01499 -0.27233 1.59914 -0.93598 0.89968 -0.93928 1.65960 1.52941 0.80578 0.44062 1.43213 2
0.45486 -0.48724 1.01499 -0.27233 1.36614 0.18839 1.05600 -0.76461 1.65960 1.52941 0.80578 -0.57467 0.93221 2
-0.28620 -0.48724 -0.43683 -0.27233 -0.14407 -0.83066 0.93876 -0.00372 -0.63733 -0.60068 1.17530 0.02296 0.79777 2
2.32920 -0.48724 1.01499 -0.27233 1.00369 0.13573 0.98139 -1.14400 1.65960 1.52941 0.80578 0.44062 1.54556 2
-0.39106 -0.48724 1.56744 -0.27233 0.59809 -0.60863 1.05244 -1.00985 -0.63733 0.17066 1.26768 0.38738 1.21368 2
0.72196 -0.48724 1.01499 -0.27233 1.00369 0.72495 1.07376 -1.15735 1.65960 1.52941 0.80578 0.44062 1.20247 2
0.32315 -0.48724 1.01499 -0.27233 0.25290 -0.17454 1.02402 -0.75464 1.65960 1.52941 0.80578 -0.59055 1.60297 2
0.39957 -0.48724 1.01499 -0.27233 0.51179 -0.25851 0.58706 -0.84211 1.65960 1.52941 0.80578 -3.87923 1.48955 2
0.36089 -0.48724 1.01499 -0.27233 1.36614 0.66091 0.85350 -0.69879 1.65960 1.52941 0.80578 -3.90333 0.67034 2
-0.23260 -0.48724 -0.43683 -0.27233 -0.14407 -0.26847 1.00626 -0.01674 -0.63733 -0.60068 1.17530 -1.18697 1.07644 2
-0.40781 -0.48724 2.42017 -0.27233 0.46864 -0.42930 1.07376 -0.91510 -0.63733 1.79642 0.75959 0.36624 0.75856 2
0.87131 -0.48724 1.01499 -0.27233 0.97780 -1.96214 1.11639 -1.24464 1.65960 1.52941 0.80578 0.44062 3.09715 2
1.73047 -0.48724 1.01499 -0.27233 0.97780 -3.05520 1.11639 -1.26230 1.65960 1.52941 0.80578 0.44062 3.54526 2
0.58492 -0.48724 1.01499 -0.27233 1.19354 -0.13042 0.85350 -0.95162 1.65960 1.52941 0.80578 0.44062 0.35246 2
0.51645 -0.48724 1.01499 -0.27233 0.25290 -1.22063 0.95297 -0.64835 1.65960 1.52941 0.80578 -0.04484 0.76836 2
1.35725 -0.48724 1.01499 -0.27233 1.00369 0.51858 0.87837 -1.16357 1.65960 1.52941 0.80578 0.06951 1.48254 2
0.74972 -0.48724 1.01499 -0.27233 0.25290 0.78046 0.91389 -0.81058 1.65960 1.52941 0.80578 -3.01599 0.98542 2
0.13240 -0.48724 1.01499 -0.27233 1.36614 0.34210 0.63680 -0.64550 1.65960 1.52941 0.80578 -3.34908 0.76696 2
-0.31765 -0.48724 1.56744 -0.27233 0.59809 -0.92175 0.92810 -0.86201 -0.63733 0.17066 1.26768 0.44062 0.79637 2
0.22874 -0.48724 1.01499 -0.27233 1.36614 0.21543 0.68653 -0.70249 1.65960 1.52941 0.80578 -2.80940 0.49950 2
-0.23076 -0.48724 1.56744 -0.27233 0.59809 -1.80131 1.11639 -1.11869 -0.63733 0.17066 1.26768 0.44062 3.04674 2
-0.30519 -0.48724 -0.43683 -0.27233 -0.14407 -0.67125 1.11639 0.14254 -0.63733 -0.60068 1.17530 0.41477 1.01203 2
-0.26260 -0.48724 -0.43683 -0.27233 -0.14407 -0.30263 1.11639 0.18044 -0.63733 -0.60068 1.17530 0.21968 0.05418 2
0.76957 -0.48724 1.01499 -0.27233 0.51179 -0.14180 0.99916 -0.77149 1.65960 1.52941 0.80578 0.25222 0.75296 2
0.31094 -0.48724 1.01499 -0.27233 1.59914 0.08022 0.98850 -0.81827 1.65960 1.52941 0.80578 -0.42351 0.71935 2
0.48116 -0.48724 1.01499 -0.27233 1.36614 0.02329 0.53733 -0.48057 1.65960 1.52941 0.80578 -0.92518 0.50090 2
-0.39396 0.04872 -0.47618 -0.27233 -0.26489 0.13146 0.91389 1.21178 -0.52248 -0.57695 -1.50375 0.39264 1.09185 2
1.85962 -0.48724 1.01499 -0.27233 1.00369 1.46362 1.04179 -1.17715 1.65960 1.52941 0.80578 0.44062 0.11020 2
5.52485 -0.48724 1.01499 -0.27233 0.36508 -0.75096 1.11639 -1.13123 1.65960 1.52941 0.80578 -3.87836 -0.35612 2
-0.27682 -0.48724 -0.43683 -0.27233 -0.14407 -0.20300 0.82153 0.08636 -0.63733 -0.60068 1.17530 0.44062 0.84958 2
-0.10226 -0.48724 1.23073 -0.27233 2.72965 -0.97868 0.93521 -1.07771 -0.52248 -0.03107 -1.73470 -0.05284 1.23188 3
0.73859 -0.48724 1.01499 -0.27233 1.59914 0.28517 1.11639 -0.86272 1.65960 1.52941 0.80578 0.32922 0.86779 3
-0.00913 -0.48724 1.23073 3.66477 2.72965 -0.18877 0.49825 -0.97333 -0.52248 -0.03107 -1.73470 -2.94282 0.33145 3
-0.40014 0.58469 -0.87558 -0.27233 -0.87761 -0.45350 0.88192 1.43584 -0.17794 -0.73715 0.57483 0.23447 0.25023 3
-0.11371 -0.48724 -0.18028 -0.27233 -0.09230 -1.86678 -1.09329 -0.60580 -0.63733 -0.61848 -0.02565 -0.06818 -0.00183 3
0.32907 -0.48724 1.01499 -0.27233 0.25290 0.19978 0.22115 -0.75729 1.65960 1.52941 0.80578 -2.83394 -0.08725 3
-0.38997 -0.48724 1.56744 -0.27233 0.59809 -0.84204 0.97429 -0.95300 -0.63733 0.17066 1.26768 0.38815 0.63533 3
0.13935 -0.48724 1.01499 -0.27233 1.36614 0.59259 0.76114 -0.56871 1.65960 1.52941 0.80578 -1.11117 0.52750 3
-0.39345 -0.48724 -0.61612 -0.27233 -0.92076 -0.36241 0.60127 0.89963 -0.75218 -1.03975 -0.25660 0.39505 0.86079 3
0.86890 -0.48724 1.01499 -0.27233 1.40929 0.17985 1.11639 -0.91947 1.65960 1.52941 0.80578 -0.41540 0.33145 3
0.14624 -0.48724 1.01499 -0.27233 0.51179 0.28375 0.88903 -0.70748 1.65960 1.52941 0.80578 0.43306 0.84398 3
0.07079 -0.48724 1.01499 3.66477 1.85804 -0.68549 0.72561 -0.89772 1.65960 1.52941 0.80578 -0.03981 0.27824 3
-0.39402 -0.48724 -0.21089 -0.27233 0.26153 -0.36668 0.39522 -0.61587 -0.40764 -0.10228 0.34387 0.44062 0.23483 3
-0.37914 -0.48724 1.56744 -0.27233 0.59809 0.24105 1.05955 -0.92379 -0.63733 0.17066 1.26768 0.40973 0.27124 3
0.71041 -0.48724 1.01499 -0.27233 1.59914 0.17273 1.01692 -0.82155 1.65960 1.52941 0.80578 0.32078 0.96161 3
1.21341 -0.48724 1.01499 -0.27233 0.36508 0.52997 1.11639 -1.07685 1.65960 1.52941 0.80578 -3.52291 1.19967 3
-0.40262 -0.48724 2.11552 -0.27233 0.22701 -0.61005 1.00981 -0.87887 -0.86702 -1.30676 0.29768 0.14936 1.78642 3
-0.38259 -0.48724 1.56744 -0.27233 0.59809 -0.48765 0.88547 -0.86818 -0.63733 0.17066 1.26768 0.23633 0.59472 3
-0.27973 -0.48724 1.23073 -0.27233 0.43412 -0.58301 0.92455 -0.65020 -0.52248 -0.03107 -1.73470 -0.70523 0.24883 3
-0.39943 -0.48724 -0.21089 -0.27233 0.26153 -1.01853 0.17497 -0.66255 -0.40764 -0.10228 0.34387 0.42824 0.34266 3
-0.39614 0.45606 -0.76917 -0.27233 -1.06746 -0.98437 0.28154 1.97551 -0.29279 -0.46421 0.29768 0.17324 -0.02143 3
-0.35680 -0.48724 1.56744 -0.27233 0.59809 -0.19020 1.04179 -1.00980 -0.63733 0.17066 1.26768 0.44062 0.81318 3
-0.14911 -0.48724 1.23073 -0.27233 2.72965 -1.56363 0.89613 -1.07586 -0.52248 -0.03107 -1.73470 0.00346 2.19392 3
-0.38310 -0.48724 -0.18028 -0.27233 -0.09230 -0.52751 0.51956 0.09667 -0.63733 -0.61848 -0.02565 0.37270 0.79497 3
0.62424 -0.48724 1.01499 3.66477 1.85804 -0.10338 1.02402 -0.79443 1.65960 1.52941 0.80578 0.23064 0.69275 3
0.53881 -0.48724 1.01499 -0.27233 1.36614 1.57748 1.09152 -0.63748 1.65960 1.52941 0.80578 0.21026 0.57232 3
1.76683 -0.48724 1.01499 -0.27233 0.36508 -2.35781 1.11639 -1.06432 1.65960 1.52941 0.80578 -3.59148 3.04114 3
-0.35526 -0.48724 1.56744 -0.27233 0.59809 0.07168 1.05244 -0.79989 -0.63733 0.17066 1.26768 0.41619 0.60312 3
-0.33572 -0.48724 -0.43683 -0.27233 -0.14407 -0.79365 0.03286 0.00069 -0.63733 -0.60068 1.17530 0.37544 -0.19228 3
-0.41510 2.94293 -1.34494 -0.27233 -1.22280 -0.88474 -1.65815 3.22488 -0.63733 -0.44048 1.63721 0.28617 -0.64459 3
-0.38890 -0.48724 -0.21089 -0.27233 0.26153 -0.69830 0.07194 -0.42852 -0.40764 -0.10228 0.34387 0.44062 0.20262 4
-0.33024 -0.48724 -0.43683 -0.27233 -0.14407 0.29940 0.91745 0.31327 -0.63733 -0.60068 1.17530 0.34247 0.02058 4
-0.38176 -0.48724 1.56744 -0.27233 0.59809 -0.65844 0.95297 -0.62931 -0.63733 0.17066 1.26768 0.35069 0.33285 4
0.23866 -0.48724 1.01499 -0.27233 1.59914 -0.09341 1.11639 -0.85018 1.65960 1.52941 0.80578 0.42736 0.55131 4
-0.39351 -0.48724 -0.37560 -0.27233 -0.29941 0.17131 0.59772 -0.51305 -0.52248 -0.14381 1.12911 -3.13133 -0.28330 4
-0.40577 -0.48724 -0.16424 -0.27233 -0.06641 -0.52893 0.86416 -0.68463 -0.40764 0.14099 -0.30279 0.41926 0.49810 4
-0.40865 -0.48724 2.11552 -0.27233 0.22701 -0.57732 0.96718 -0.84947 -0.86702 -1.30676 0.29768 0.24871 0.68994 4
-0.40033 0.04872 -0.47618 -0.27233 -0.26489 -0.39941 0.61548 1.32832 -0.52248 -0.57695 -1.50375 0.32900 0.62273 4
-0.41371 -0.48724 -0.86683 -0.27233 -0.34256 -0.42645 -0.82330 0.48305 -0.52248 -1.09315 0.80578 0.44062 -0.40793 4
0.01877 -0.48724 1.01499 -0.27233 0.86561 -0.47342 0.57285 -0.43859 1.65960 1.52941 0.80578 -3.66575 0.62973 4
-0.15109 -0.48724 1.23073 -0.27233 0.43412 -0.57590 1.02047 -0.66787 -0.52248 -0.03107 -1.73470 -0.09359 -0.08725 4
0.09402 -0.48724 1.01499 -0.27233 0.25290 -0.40084 0.92100 -0.59588 1.65960 1.52941 0.80578 -0.27804 1.21368 4
1.39070 -0.48724 1.01499 -0.27233 0.21838 -0.51043 0.08615 -0.42107 1.65960 1.52941 0.80578 0.13216 0.76696 4
0.24161 -0.48724 1.01499 -0.27233 0.24427 -0.24286 0.39878 -0.11832 1.65960 1.52941 0.80578 0.39439 0.32585 4
-0.40017 -0.48724 -0.61612 -0.27233 -0.92076 -0.85770 -1.23539 0.61991 -0.75218 -1.03975 -0.25660 0.44062 -0.34211 4
-0.39550 -0.48724 -0.37560 -0.27233 -0.29941 -0.21012 0.66877 -0.51305 -0.52248 -0.14381 1.12911 0.41400 0.11020 4
-0.40327 -0.48724 -0.16424 -0.27233 -0.06641 -0.78796 -0.11989 -0.49192 -0.40764 0.14099 -0.30279 0.38147 0.13400 4
-0.37641 -0.48724 -0.07970 3.66477 -0.56693 -1.25336 0.71140 -0.06176 -0.63733 -0.77868 0.06673 0.42243 1.58617 4
-0.41241 -0.48724 -1.15107 -0.27233 -0.81720 -0.59297 -1.51960 0.67415 -0.63733 0.12913 -0.71851 0.28223 -0.37572 4
-0.41501 2.94293 -1.13213 -0.27233 -1.35225 -0.70826 -1.33131 1.33753 -0.63733 -0.42268 -1.08803 0.44062 -0.33791 4
-0.38945 -0.48724 -0.37560 -0.27233 -0.29941 -0.07918 0.80377 -0.59360 -0.52248 -0.14381 1.12911 0.37851 0.40567 4
-0.41607 1.01346 -0.74002 -0.27233 -1.00792 -0.36099 -1.60841 1.35140 -0.98187 -0.61848 -0.71851 0.06108 -0.67540 4
-0.40468 -0.48724 -0.37560 -0.27233 -0.29941 -0.61717 0.99916 -0.80170 -0.52248 -0.14381 1.12911 0.40940 0.53451 4
-0.40020 -0.48724 -0.37560 -0.27233 -0.29941 -0.63852 0.82863 -0.75226 -0.52248 -0.14381 1.12911 0.42714 0.84118 4
-0.32105 -0.48724 -0.43683 -0.27233 -0.14407 -0.45492 0.73272 0.10318 -0.63733 -0.60068 1.17530 0.39275 0.16481 4
-0.40809 0.58469 -0.87558 -0.27233 -0.87761 -0.50900 -0.75935 1.48974 -0.17794 -0.73715 0.57483 0.44062 -0.48075 4
-0.28141 -0.48724 1.56744 -0.27233 0.59809 0.05887 1.03468 -0.72377 -0.63733 0.17066 1.26768 0.44062 -0.05504 4
-0.24614 -0.48724 1.23073 -0.27233 2.72965 -1.25336 1.11639 -1.04641 -0.52248 -0.03107 -1.73470 -0.16511 0.08779 4
0.04940 -0.48724 1.01499 -0.27233 -0.19585 -0.07918 0.78600 -0.33041 1.65960 1.52941 0.80578 0.42342 0.03038 4
-0.40522 -0.48724 -0.37560 -0.27233 -0.29941 0.26951 1.01337 -0.64688 -0.52248 -0.14381 1.12911 0.42243 -0.05364 4
-0.41482 -0.48724 -1.15107 -0.27233 -0.81720 -0.20016 -1.29223 0.98711 -0.63733 0.12913 -0.71851 0.13030 -0.49895 5
0.02596 -0.48724 1.01499 -0.27233 1.85804 -0.04787 0.80021 -0.71213 1.65960 1.52941 0.80578 -0.06598 0.21523 5
-0.05231 -0.48724 1.01499 -0.27233 0.86561 -0.74811 -0.72383 -0.34598 1.65960 1.52941 0.80578 -0.24398 0.20682 5
0.08548 -0.48724 1.01499 -0.27233 0.21838 -0.16742 0.54798 -0.36170 1.65960 1.52941 0.80578 0.44062 0.50930 5
-0.36945 -0.48724 -0.07970 3.66477 -0.56693 -1.33876 1.11639 0.03797 -0.63733 -0.77868 0.06673 0.44062 1.46154 5
0.37059 -0.48724 1.01499 -0.27233 1.36614 -0.28982 0.56219 -0.51172 1.65960 1.52941 0.80578 0.44062 0.28664 5
-0.40776 0.79907 -0.90473 -0.27233 -1.09335 -0.26990 -0.12345 1.20675 -0.40764 -0.64222 -0.85708 0.41564 -0.03544 5
1.09999 -0.48724 1.01499 -0.27233 0.21838 -0.81358 -0.42186 -0.46129 1.65960 1.52941 0.80578 0.44062 0.29505 5
-0.32678 -0.48724 -0.43683 -0.27233 -0.14407 -1.17935 -1.13592 0.00069 -0.63733 -0.60068 1.17530 -0.74138 -0.13486 5
0.25665 -0.48724 1.01499 -0.27233 1.36614 0.32502 0.75758 -0.47179 1.65960 1.52941 0.80578 0.40688 -0.33091 5
-0.41177 -0.48724 2.11552 -0.27233 0.22701 -0.39941 0.55154 -0.75872 -0.86702 -1.30676 0.29768 0.22998 0.22643 5
-0.37948 -0.48724 -0.18028 -0.27233 -0.09230 -0.44496 0.28865 -0.32889 -0.63733 -0.61848 -0.02565 0.43339 -0.37572 5
-0.40485 -0.48724 -0.37560 -0.27233 -0.29941 -0.22435 0.59061 -0.79434 -0.52248 -0.14381 1.12911 0.33973 0.20122 5
-0.40492 -0.48724 -0.16424 -0.27233 -0.06641 -0.58728 0.16076 -0.62570 -0.40764 0.14099 -0.30279 -0.19765 0.38047 5
-0.37928 -0.48724 -0.54761 -0.27233 -0.53242 -0.34675 -0.66343 0.43978 -0.52248 -0.71935 0.52864 0.44062 -0.69360 5
-0.41511 0.71332 0.56895 -0.27233 -0.78268 -0.05072 0.30996 -0.08550 -0.63733 -0.82022 -0.11803 0.44062 -0.28890 5
-0.14357 -0.48724 1.01499 -0.27233 0.24427 -0.58871 -0.94764 -0.03374 1.65960 1.52941 0.80578 0.15396 0.09620 5
0.14208 -0.48724 1.01499 -0.27233 0.24427 -0.54031 -0.54620 -0.30524 1.65960 1.52941 0.80578 0.34554 -0.16847 5
-0.40956 0.37030 -0.60883 3.66477 -0.78268 -0.51897 -0.25134 0.05815 -0.75218 -1.09909 0.06673 0.37971 0.13961 5
-0.40998 -0.48724 0.24681 -0.27233 -1.01568 -0.20585 -0.80909 0.14031 -0.52248 -0.06074 0.11292 0.33174 -0.33371 5
0.98060 -0.48724 1.01499 -0.27233 0.51179 -0.90609 0.67587 -0.87564 1.65960 1.52941 0.80578 -0.71334 0.20262 5
-0.41598 2.94293 -1.09277 -0.27233 -1.40402 -0.58159 -1.75762 2.57645 -0.98187 -0.55321 -0.94946 0.42178 -0.47655 5
-0.30356 -0.48724 -0.43683 -0.27233 -0.14407 0.55416 0.66522 0.21083 -0.63733 -0.60068 1.17530 0.25802 -0.09425 5
-0.41078 -0.48724 -0.75459 -0.27233 -0.48064 -0.61859 -0.96185 0.06609 -0.52248 -0.76682 0.34387 0.44062 -0.54377 5
-0.36482 -0.48724 -0.18028 -0.27233 -0.09230 -0.24428 -0.34726 0.09824 -0.63733 -0.61848 -0.02565 0.43328 0.01077 5
-0.38532 0.37030 -0.60883 -0.27233 -0.78268 -0.61005 -0.94053 0.30107 -0.75218 -1.09909 0.06673 0.35025 0.04858 5
-0.41550 -0.48724 -0.86683 -0.27233 -0.34256 -0.35245 -1.21053 1.04015 -0.52248 -1.09315 0.80578 0.44062 -0.65019 5
-0.41354 -0.48724 0.24681 -0.27233 -1.01568 -0.07491 -0.52844 0.57893 -0.52248 -0.06074 0.11292 0.32560 -0.04384 5
-0.40480 -0.48724 -0.16424 -0.27233 -0.06641 -0.15461 0.13944 -0.50574 -0.40764 0.14099 -0.30279 0.40118 -0.08585 5
0.00699 -0.48724 1.01499 -0.27233 0.24427 0.03895 -0.59238 0.09339 1.65960 1.52941 0.80578 0.34992 -0.29030 5
-0.39230 -0.48724 -0.21089 -0.27233 0.26153 -0.37806 -0.11634 -0.65818 -0.40764 -0.10228 0.34387 0.44062 0.03738 6
-0.40904 -0.48724 0.24681 -0.27233 -1.01568 0.00194 -0.83751 0.33602 -0.52248 -0.06074 0.11292 0.29088 -0.51996 6
-0.40045 -0.48724 2.11552 -0.27233 0.22701 -0.42503 0.70429 -0.85584 -0.86702 -1.30676 0.29768 0.31049 0.30205 6
1.24631 -0.48724 1.01499 -0.27233 0.51179 -0.07918 0.69008 -0.87564 1.65960 1.52941 0.80578 0.29187 0.06399 6
-0.40723 -0.48724 0.40132 3.66477 -0.04052 -0.47485 0.89613 -0.43014 -0.52248 -0.78462 -0.94946 0.44062 0.73756 6
-0.38878 -0.48724 -0.18028 -0.27233 -0.09230 -0.02652 0.50535 -0.25276 -0.63733 -0.61848 -0.02565 0.40217 -0.66560 6
-0.40920 0.04872 -0.47618 -0.27233 -0.26489 -0.56309 -1.05066 0.78637 -0.52248 -0.57695 -1.50375 0.37051 0.42808 6
-0.40755 -0.48724 -0.37560 -0.27233 -0.29941 -0.12757 -0.50357 -0.48309 -0.52248 -0.14381 1.12911 0.40326 0.04858 6
-0.37270 -0.48724 -0.71961 3.66477 -0.41160 -0.17169 0.80732 -0.35477 -0.17794 -0.60068 -0.48756 0.42243 1.23328 6
0.02746 -0.48724 1.01499 3.66477 1.85804 0.15708 0.79666 -0.61255 1.65960 1.52941 0.80578 0.37971 0.08639 6
-0.39995 -0.48724 -0.21089 -0.27233 0.26153 -0.82212 -0.51778 -0.67120 -0.40764 -0.10228 0.34387 0.44062 -0.09005 6
-0.41450 2.94293 -1.09277 -0.27233 -1.40402 -0.25139 -1.29934 2.57645 -0.98187 -0.55321 -0.94946 0.39669 -0.85184 6
-0.01619 -0.48724 1.01499 3.66477 1.40929 3.55153 0.50891 -0.89772 1.65960 1.52941 0.80578 -0.02327 -1.03109 6
0.00970 -0.48724 1.01499 -0.27233 1.40929 -1.88102 0.81087 -0.97010 1.65960 1.52941 0.80578 -0.44520 0.18862 6
-0.41337 0.04872 -0.73856 -0.27233 -1.25732 -0.57874 -1.67591 1.28363 -0.63733 -0.37521 0.20530 0.43306 -0.63759 6
-0.41553 -0.48724 -1.12629 -0.27233 -0.56693 0.17131 0.18918 -0.33383 -0.86702 -0.82022 -0.30279 0.40392 -0.62359 6
-0.41883 1.87100 -1.29538 -0.27233 -1.42991 0.23963 -1.30289 1.66797 -0.98187 -0.64222 -1.45756 0.41674 -0.61938 6
-0.40814 0.79907 -0.90473 -0.27233 -1.09335 0.10442 -0.55686 1.53889 -0.40764 -0.64222 -0.85708 0.17609 -0.20068 6
-0.41419 -0.48724 -0.86683 -0.27233 -0.34256 0.04464 -1.08263 1.26483 -0.52248 -1.09315 0.80578 0.36186 -0.97647 6
-0.13532 -0.48724 1.23073 -0.27233 0.43412 0.16704 0.94587 -0.72780 -0.52248 -0.03107 -1.73470 -0.29174 -0.18668 6
-0.41477 1.76381 -0.84788 -0.27233 -1.29184 0.04322 -0.81619 1.67267 -0.40764 -0.68375 -0.85708 0.44062 -0.70761 6
-0.39485 -0.48724 -0.07970 3.66477 -0.56693 -0.67979 -0.52488 -0.06765 -0.63733 -0.77868 0.06673 0.37533 0.47289 6
-0.41282 -0.48724 0.11562 -0.27233 0.15797 0.43888 0.01865 -0.62518 -0.98187 -0.80242 1.17530 0.38683 -0.41773 6
-0.41407 -0.48724 -0.96887 -0.27233 -0.91213 -0.38376 -0.83396 0.30021 -0.75218 -0.95669 0.02054 0.43065 0.02898 6
-0.41258 2.51416 -1.29684 -0.27233 -1.33499 0.08592 -1.72209 1.91515 -0.52248 -0.29808 -1.68851 0.12669 -1.07590 6
-0.41466 -0.48724 -1.12629 -0.27233 -0.56693 0.18839 -0.08792 -0.33373 -0.86702 -0.82022 -0.30279 0.38892 -0.53816 6
0.07531 -0.48724 1.01499 -0.27233 1.85804 -0.24570 0.45206 -0.61069 1.65960 1.52941 0.80578 0.37314 0.00237 6
-0.15941 -0.48724 1.23073 -0.27233 0.43412 -0.61290 0.82508 -0.65206 -0.52248 -0.03107 -1.73470 0.42101 -0.14186 6
-0.40945 -0.48724 -0.04763 -0.27233 -1.22280 -0.31259 -2.15905 0.70867 -0.63733 -0.61255 0.34387 0.37500 -0.99888 6
-0.40838 -0.48724 -0.16424 -0.27233 -0.06641 0.61252 0.46272 -0.53072 -0.40764 0.14099 -0.30279 0.42627 -0.34912 6
-0.36279 -0.48724 -0.18028 -0.27233 -0.09230 0.49866 0.49469 -0.22678 -0.63733 -0.61848 -0.02565 0.44062 -1.13611 7
-0.40984 0.04872 -0.47618 -0.27233 -0.26489 -0.38803 -0.07016 0.83841 -0.52248 -0.57695 -1.50375 0.42638 -0.03124 7
-0.41522 0.71332 0.56895 -0.27233 -0.78268 0.22397 -0.53199 -0.06133 -0.63733 -0.82022 -0.11803 0.41991 -0.62919 7
-0.35150 -0.48724 1.56744 -0.27233 0.59809 0.12434 1.04179 -0.69698 -0.63733 0.17066 1.26768 0.31859 -0.21468 7
-0.38482 -0.48724 -0.54761 -0.27233 -0.53242 0.03895 -1.40947 0.76974 -0.52248 -0.71935 0.52864 0.44062 -0.91066 7
0.25699 -0.48724 1.01499 -0.27233 -0.19585 -0.06068 -0.13766 -0.17611 1.65960 1.52941 0.80578 0.44062 -0.26790 7
-0.29757 -0.48724 -0.43683 -0.27233 -0.14407 -0.49762 -1.39526 0.33412 -0.63733 -0.60068 1.17530 0.33053 -0.85044 7
-0.40393 -0.48724 -1.03300 -0.27233 -0.38571 -1.01426 0.70785 -0.56938 -0.52248 -0.66595 -0.85708 0.44062 0.28524 7
-0.37336 -0.48724 -0.18028 -0.27233 -0.09230 0.13858 -0.04884 -0.12468 -0.63733 -0.61848 -0.02565 0.42210 -0.32111 7
-0.39899 -0.48724 -0.54761 -0.27233 -0.53242 0.13004 -0.50712 0.35397 -0.52248 -0.71935 0.52864 0.44062 -0.80983 7
-0.41793 3.15732 -1.01843 -0.27233 -1.08472 0.32929 -1.45210 2.25114 -0.63733 -0.33961 -0.25660 0.39165 -0.88125 7
-0.41560 1.76381 -0.84788 -0.27233 -1.29184 -0.10765 -1.32421 1.67267 -0.40764 -0.68375 -0.85708 0.44062 -0.77202 7
0.19526 -0.48724 1.01499 -0.27233 1.25395 -0.33252 0.49469 -0.77278 1.65960 1.52941 0.80578 0.23776 0.85519 7
-0.00521 -0.48724 1.01499 -0.27233 0.21838 0.21685 0.22825 -0.42672 1.65960 1.52941 0.80578 0.40195 0.23903 7
-0.40215 0.58469 -0.87558 -0.27233 -0.87761 -0.19873 -1.39881 1.90898 -0.17794 -0.73715 0.57483 0.37249 -0.81123 7
-0.25443 -0.48724 1.23073 -0.27233 2.72965 0.32075 1.11639 -0.96364 -0.52248 -0.03107 -1.73470 0.08364 -0.73701 7
-0.40935 0.79907 -0.90473 -0.27233 -1.09335 0.45738 -0.93698 1.13732 -0.40764 -0.64222 -0.85708 0.29691 -0.73981 7
-0.39739 -0.48724 -0.04763 -0.27233 -1.22280 -0.05641 -2.21589 0.70867 -0.63733 -0.61255 0.34387 0.22450 -0.71601 7
-0.41593 2.94293 -1.13213 -0.27233 -1.35225 0.00764 -1.80380 1.33753 -0.63733 -0.42268 -1.08803 0.44062 -1.11791 7
-0.41352 -0.48724 -1.12629 -0.27233 -0.56693 1.02811 0.62969 -0.17730 -0.86702 -0.82022 -0.30279 0.44062 -1.00168 7
-0.40943 -0.48724 -1.03300 -0.27233 -0.38571 0.18697 0.55154 -0.54554 -0.52248 -0.66595 -0.85708 0.42528 -0.50596 7
-0.40527 0.79907 -0.90473 -0.27233 -1.09335 0.15423 -2.15905 1.53889 -0.40764 -0.64222 -0.85708 0.19756 -1.04509 7
-0.21080 -0.48724 1.23073 -0.27233 0.43412 -0.58017 0.37746 -0.65020 -0.52248 -0.03107 -1.73470 -1.41371 -0.07185 7
-0.37718 -0.48724 -0.18028 -0.27233 -0.09230 0.40188 0.66522 -0.09153 -0.63733 -0.61848 -0.02565 0.42736 -0.47235 7
-0.40062 -0.48724 -0.54761 -0.27233 -0.53242 0.20120 -0.57817 0.35397 -0.52248 -0.71935 0.52864 0.44062 -0.76362 7
-0.41937 0.28455 -1.28664 -0.27233 -0.14407 0.41326 -0.11989 0.14007 -0.98187 -0.66595 -1.45756 0.44062 -1.07450 7
-0.38168 -0.48724 -0.71961 -0.27233 -0.41160 -0.28271 -0.25134 -0.06798 -0.17794 -0.60068 -0.48756 0.21990 -0.24829 7
-0.41610 3.05012 -1.32745 -0.27233 -1.20554 -0.17454 -1.07198 1.17536 -0.86702 -0.35741 -1.73470 0.40633 -0.73141 7
-0.40984 -0.48724 -0.04763 -0.27233 -1.22280 0.18839 -2.20168 0.70867 -0.63733 -0.61255 0.34387 0.29636 -0.83084 7
-0.26399 -0.48724 1.23073 -0.27233 0.43412 -0.31117 1.11639 -0.96772 -0.52248 -0.03107 -1.73470 -0.03049 -0.87145 7
-0.35767 -0.48724 -0.71961 -0.27233 -0.43749 -0.43215 -0.01687 -0.05867 -0.17794 -0.60068 -0.48756 0.23743 -0.14046 8
-0.38059 0.45606 -0.76917 -0.27233 -1.06746 -0.25139 -1.19631 2.02329 -0.29279 -0.46421 0.29768 0.36701 -0.48915 8
-0.39340 -0.48724 -0.07970 -0.27233 -0.56693 0.05887 -0.57107 0.26588 -0.63733 -0.77868 0.06673 0.41838 -0.23569 8
-0.40431 -0.48724 -0.07970 3.66477 -0.56693 -0.31402 -0.33660 0.21093 -0.63733 -0.77868 0.06673 0.26996 0.28104 8
-0.40678 0.37030 -0.60883 -0.27233 -0.78268 0.36060 -0.35081 0.05815 -0.75218 -1.09909 0.06673 0.41937 -0.68940 8
-0.40099 0.45606 -0.76917 -0.27233 -1.06746 0.21116 -0.69185 1.91454 -0.29279 -0.46421 0.29768 0.19756 -0.43874 8
-0.41836 2.94293 -1.33037 -0.27233 -1.03294 0.49866 -1.38105 2.16030 -0.63733 -0.76088 -0.67232 0.37533 -0.93306 8
-0.38760 -0.48724 -0.21089 -0.27233 0.26153 -0.51043 -0.92277 -0.67120 -0.40764 -0.10228 0.34387 0.44062 0.13120 8
-0.40157 -0.48724 -0.61612 -0.27233 -0.92076 -0.10480 -2.20524 0.91459 -0.75218 -1.03975 -0.25660 0.41389 -0.73001 8
-0.41771 3.15732 -1.51549 -0.27233 -1.24869 0.14000 -1.16789 2.56092 -0.86702 -0.56508 -0.53375 0.44062 -0.96387 8
-0.41585 0.58469 -0.91494 -0.27233 -1.11061 0.02472 -1.29223 0.76253 -0.63733 -0.75495 0.25149 0.44062 -0.83084 8
-0.40540 0.58469 -0.87558 -0.27233 -0.87761 0.67941 -0.89435 1.98786 -0.17794 -0.73715 0.57483 0.42616 -0.44154 8
-0.41676 0.71332 0.56895 -0.27233 -0.78268 -0.10480 -1.40947 -0.06133 -0.63733 -0.82022 -0.11803 0.43437 -0.90226 8
-0.38045 -0.48724 -0.54761 -0.27233 -0.53242 0.18554 -1.01158 0.43978 -0.52248 -0.71935 0.52864 0.44062 -0.91486 8
0.10793 -0.48724 1.01499 -0.27233 1.85804 0.16135 0.69008 -0.60637 1.65960 1.52941 0.80578 0.19591 -0.68100 8
-0.40126 0.37030 -0.60883 -0.27233 -0.78268 -0.06353 -1.85709 0.30107 -0.75218 -1.09909 0.06673 0.44062 -0.84904 8
-0.40365 -0.48724 -0.61612 -0.27233 -0.92076 -0.16458 -2.20168 0.91459 -0.75218 -1.03975 -0.25660 0.29241 -0.95827 8
-0.39793 0.45606 -0.76917 -0.27233 -1.06746 0.61679 -1.81446 1.91454 -0.29279 -0.46421 0.29768 0.40600 -0.85324 8
-0.41044 -0.48724 -1.26477 -0.27233 -0.57556 -0.96871 0.75403 -0.38331 -0.75218 -1.27709 -0.30279 0.37599 0.18582 8
-0.40933 0.97058 -0.73564 -0.27233 -1.05020 0.29940 -1.78248 0.80574 -0.29279 -0.47015 -1.08803 0.29504 -0.55777 8
-0.40529 -0.48724 -0.61612 -0.27233 -0.92076 0.69080 -2.33313 0.91459 -0.75218 -1.03975 -0.25660 0.31476 -1.09410 8
-0.41343 -0.48724 -0.96887 -0.27233 -0.91213 0.49154 -0.44318 0.30520 -0.75218 -0.95669 0.02054 0.39023 -0.85744 8
-0.37847 -0.48724 -0.71961 3.66477 -0.41160 0.94841 0.70785 -0.44324 -0.17794 -0.60068 -0.48756 0.38366 -0.41213 8
-0.27205 -0.48724 1.23073 3.66477 0.43412 -0.04929 0.85350 -0.94820 -0.52248 -0.03107 -1.73470 -0.19447 -1.00168 8
-0.41386 -0.48724 0.40570 -0.27233 -1.01568 0.37626 -0.62436 1.02833 -0.63733 -0.70748 -1.13422 0.39625 -0.73701 8
-0.40282 -0.48724 -0.37560 -0.27233 -0.29941 0.62960 0.40233 -0.48309 -0.52248 -0.14381 1.12911 0.41718 -0.45274 8
-0.34761 -0.48724 -0.71961 3.66477 -0.41160 0.84593 0.32417 -0.24835 -0.17794 -0.60068 -0.48756 0.36931 -0.38132 8
0.10956 -0.48724 1.01499 -0.27233 1.40929 -3.87641 0.68653 -1.03616 1.65960 1.52941 0.80578 -0.02162 -0.77482 8
0.96931 -0.48724 1.01499 -0.27233 0.90013 -0.96302 1.11639 -1.19192 1.65960 1.52941 0.80578 -0.26928 -0.07325 8
-0.41437 0.92771 -1.30559 -0.27233 -0.71364 0.80323 0.06128 -0.29080 -0.29279 -1.10502 -0.02565 0.44062 -0.71741 8
-0.41373 0.92771 -1.30559 -0.27233 -0.71364 0.47162 -0.37213 -0.20185 -0.29279 -1.10502 -0.02565 0.40184 -0.52136 9
-0.40507 -0.48724 0.40570 -0.27233 -1.01568 0.55986 -1.33131 1.02833 -0.63733 -0.70748 -1.13422 0.44062 -0.89385 9
-0.41663 -0.48724 -1.30559 -0.27233 -0.83446 0.20689 -0.35081 1.07667 -0.75218 -1.10502 0.11292 0.41017 -1.04229 9
-0.41195 -0.48724 0.40132 -0.27233 -0.04052 0.50862 0.58706 -0.17759 -0.52248 -0.78462 -0.94946 0.39549 -0.41493 9
-0.36803 -0.48724 -0.71961 3.66477 -0.41160 0.62817 -0.07371 -0.06798 -0.17794 -0.60068 -0.48756 0.03862 -0.64459 9
-0.41364 2.51416 -1.29684 -0.27233 -1.33499 1.07650 -2.08090 1.91515 -0.52248 -0.29808 -1.68851 0.16327 -1.10811 9
-0.41843 2.08539 -1.19626 -0.27233 -1.32636 0.45454 -1.76827 1.15142 -0.98187 -0.84988 -1.31899 0.21935 -1.15852 9
-0.41083 1.22785 -0.68900 -0.27233 -0.92939 0.28090 -1.29579 0.16396 -0.63733 -0.91515 -0.39518 0.44062 -0.76502 9
-0.41054 0.45606 -0.76917 -0.27233 -1.06746 0.95694 -2.19458 2.42752 -0.29279 -0.46421 0.29768 0.32221 -1.27755 9
-0.40548 1.44223 -1.12192 -0.27233 -1.01568 0.38622 -1.40236 0.36646 -0.52248 -0.06074 -1.50375 0.28661 -1.13331 9
-0.41238 -0.48724 -1.03300 -0.27233 -0.38571 0.81889 0.20694 -0.41779 -0.52248 -0.66595 -0.85708 0.37895 -0.80283 9
-0.34864 -0.48724 -0.71961 -0.27233 -0.41160 0.47446 0.43430 -0.24835 -0.17794 -0.60068 -0.48756 0.44062 -0.70761 9
-0.34376 0.37030 -1.04467 -0.27233 0.79657 0.79327 1.11639 -0.84738 -0.52248 -0.85582 -2.51994 0.38618 -0.80563 9
-0.41207 1.44223 -1.12192 -0.27233 -1.01568 0.64668 -1.34197 1.27499 -0.52248 -0.06074 -1.50375 0.36186 -1.11511 9
-0.32876 0.37030 -1.04467 -0.27233 0.79657 1.03807 0.56930 -0.78935 -0.52248 -0.85582 -2.51994 0.30008 0.29925 9
-0.41689 2.72855 -1.19335 -0.27233 -1.09335 0.44173 -1.66170 0.76272 -0.75218 -0.92702 -0.07184 0.42670 -1.16692 9
-0.32416 0.37030 -1.04467 -0.27233 0.79657 1.48355 0.92100 -0.81504 -0.52248 -0.85582 -2.51994 0.40250 -0.19648 9
-0.41656 1.87100 -1.07236 -0.27233 -0.61008 0.83881 -1.43789 1.26815 -0.52248 -0.22688 -0.39518 0.34280 -1.12631 9
-0.36060 -0.48724 -0.71961 -0.27233 -0.41160 1.52767 0.10747 0.16762 -0.17794 -0.60068 -0.48756 0.36580 -1.10951 9
-0.41844 3.80047 -1.43094 -0.27233 -1.24006 0.75627 -0.99737 2.15118 -0.52248 -0.90329 -1.54994 0.39680 -1.21874 9
-0.37216 -0.48724 -0.71961 -0.27233 -0.43749 1.25013 0.40233 -0.27513 -0.17794 -0.60068 -0.48756 0.16875 -0.88125 9
-0.36628 -0.48724 -0.71961 -0.27233 -0.43749 1.60452 0.29575 -0.05867 -0.17794 -0.60068 -0.48756 0.21322 -1.03669 9
-0.40894 1.22785 -0.68900 -0.27233 -0.92939 0.81035 -0.91566 0.22427 -0.63733 -0.91515 -0.39518 0.44062 -1.35457 9
-0.41354 1.22785 -0.68900 3.66477 -0.92939 0.67372 -1.26737 0.13419 -0.63733 -0.91515 -0.39518 0.44062 -1.27755 9
-0.41213 -0.48724 -1.20209 -0.27233 -0.94665 1.61022 -0.21581 -0.14240 -0.86702 -0.78462 -0.21041 0.44062 -0.90506 9
-0.40793 1.22785 -0.68900 3.66477 -0.92939 1.39815 -0.69541 0.47117 -0.63733 -0.91515 -0.39518 0.35682 -0.92466 9
-0.41544 2.94293 -1.40179 -0.27233 -1.30047 1.42662 -1.22474 1.66878 -0.86702 -0.47015 -2.70470 0.44062 -1.20053 9
-0.41138 0.92771 -1.30559 -0.27233 -0.71364 1.61591 0.11813 -0.33046 -0.29279 -1.10502 -0.02565 0.44062 -0.86585 9
-0.35731 0.37030 -1.04467 -0.27233 0.79657 1.30706 0.46983 -0.79923 -0.52248 -0.85582 -2.51994 0.39571 -0.42894 9
-0.41620 2.72855 -1.19335 -0.27233 -1.09335 1.05230 -1.87485 0.76272 -0.75218 -0.92702 -0.07184 0.42660 -1.49460 9
-0.39564 0.37030 -1.13796 -0.27233 -0.96477 0.75057 -1.29223 0.14516 -0.52248 -1.14062 -1.64232 0.44062 -1.09270 10
-0.41579 0.37030 -1.13796 -0.27233 -0.96477 0.97260 -1.11461 0.68844 -0.52248 -1.14062 -1.64232 0.38946 -1.12911 10
-0.34296 0.37030 -1.04467 -0.27233 0.79657 1.49209 1.11639 -0.90252 -0.52248 -0.85582 -2.51994 0.29154 -0.68100 10
-0.41369 0.92771 -1.30559 -0.27233 -0.71364 1.35403 -0.97606 0.10778 -0.29279 -1.10502 -0.02565 0.40535 -0.80143 10
-0.41207 -0.48724 -1.30559 -0.27233 -0.83446 1.22736 -0.51067 1.07667 -0.75218 -1.10502 0.11292 0.44062 -1.02549 10
-0.41209 -0.48724 -1.26477 -0.27233 -0.57556 -0.20016 -0.22647 -0.56852 -0.75218 -1.27709 -0.30279 0.44062 -0.44854 10
-0.41003 1.44223 -1.12192 -0.27233 -1.01568 1.27148 -1.50183 1.27499 -0.52248 -0.06074 -1.50375 0.37040 -1.36997 10
-0.35615 0.37030 -1.04467 -0.27233 0.79657 1.31133 0.81798 -0.88566 -0.52248 -0.85582 -2.51994 0.34192 -0.63759 10
-0.41093 2.94293 -0.90182 -0.27233 -1.24006 1.22879 -1.45210 0.62765 -0.63733 -0.96855 0.34387 0.44062 -1.27335 10
-0.37567 -0.48724 -0.71961 -0.27233 -0.43749 2.49832 0.63680 -0.27513 -0.17794 -0.60068 -0.48756 0.33634 -1.33356 10
-0.40952 -0.48724 -1.26477 -0.27233 -0.57556 1.23875 0.83929 -0.51975 -0.75218 -1.27709 -0.30279 0.41017 -1.09690 10
-0.40605 -0.48724 -1.20209 -0.27233 -0.94665 2.53960 0.26378 -0.14240 -0.86702 -0.78462 -0.21041 0.44062 -1.18233 10
-0.41244 -0.48724 -1.26477 -0.27233 -0.57556 2.10693 0.52312 -0.50056 -0.75218 -1.27709 -0.30279 0.42594 -0.71321 10
-0.27785 -0.48724 1.23073 -0.27233 0.43412 0.93702 1.02402 -0.91073 -0.52248 -0.03107 -1.73470 0.07400 -1.12911 10
-0.37721 0.45606 -0.76917 -0.27233 -1.06746 2.81002 -2.13774 2.42752 -0.29279 -0.46421 0.29768 0.44062 -1.27615 10
-0.41058 -0.48724 -1.20209 -0.27233 -0.94665 2.18521 -1.12526 -0.14240 -0.86702 -0.78462 -0.21041 0.40370 -1.27195 10
-0.41831 3.37170 -1.07673 -0.27233 -1.38676 1.66430 -1.22118 1.20675 -0.75218 -0.97449 -1.18041 0.32495 -1.33636 10
-0.38344 -0.48724 -0.71961 -0.27233 -0.43749 2.81998 0.34549 -0.42771 -0.17794 -0.60068 -0.48756 0.31082 -1.19213 10
-0.41298 0.37030 -1.13796 3.66477 -0.96477 1.93614 -0.67054 0.67286 -0.52248 -1.14062 -1.64232 0.22341 -1.35037 10
-0.38157 -0.48724 -0.71961 -0.27233 -0.41160 2.79294 0.06484 -0.06798 -0.17794 -0.60068 -0.48756 0.24400 -1.21874 10
-0.41602 3.58609 -1.23270 -0.27233 -1.19605 2.23218 -1.25671 0.62827 -0.63733 -1.09315 -1.73470 0.39549 -1.23834 10
-0.24997 -0.48724 1.23073 -0.27233 0.43412 1.71411 0.78956 -0.86628 -0.52248 -0.03107 -1.73470 0.19449 -1.52961 10
-0.20691 -0.48724 1.23073 3.66477 0.43412 2.15959 1.05244 -0.83314 -0.52248 -0.03107 -1.73470 0.36076 -1.50301 10
-0.24350 -0.48724 1.23073 3.66477 0.43412 2.97511 0.89968 -0.77553 -0.52248 -0.03107 -1.73470 0.34806 -1.30696 10
-0.41359 -0.48724 -1.26477 -0.27233 -0.57556 2.20087 -0.53199 -0.28297 -0.75218 -1.27709 -0.30279 0.39384 -1.14872 10
-0.35884 -0.48724 -0.71961 -0.27233 -0.43749 3.47325 0.51246 -0.42771 -0.17794 -0.60068 -0.48756 0.27741 -1.12351 10
0.14936 -0.48724 1.01499 -0.27233 0.65850 -1.87105 1.11639 -1.16946 1.65960 1.52941 0.80578 0.20643 -1.31536 10
0.23908 -0.48724 1.01499 3.66477 0.65850 0.56697 1.00271 -1.15797 1.65960 1.52941 0.80578 0.20435 -1.24954 10
0.34008 -0.48724 1.01499 3.66477 0.65850 1.04092 1.02758 -1.23124 1.65960 1.52941 0.80578 0.38749 -1.35737 10
0.65323 -0.48724 1.01499 -0.27233 0.65850 -0.09768 1.11639 -1.24706 1.65960 1.52941 0.80578 0.10380 -0.43734 10
