4.03861 -0.48724 1.01499 -0.27233 1.19354 -1.18362 1.11639 -1.09485 1.65960 1.52941 0.80578 0.44062 2.51180 1
-0.39878 -0.48724 2.42017 -0.27233 0.46864 -1.23913 1.05600 -0.96862 -0.63733 1.79642 0.75959 -0.13828 1.58477 1
1.53441 -0.48724 1.01499 -0.27233 1.25395 -1.43412 1.04889 -1.12501 1.65960 1.52941 0.80578 0.44062 2.54261 1
1.68238 -0.48724 1.01499 -0.27233 1.07273 0.21258 1.11639 -0.93097 1.65960 1.52941 0.80578 -3.60835 2.29615 1
2.20700 -0.48724 1.01499 -0.27233 1.25395 -1.82836 0.74337 -1.08118 1.65960 1.52941 0.80578 0.44062 2.70785 1
0.83946 -0.48724 1.01499 -0.27233 1.07273 0.70788 0.78956 -0.93818 1.65960 1.52941 0.80578 -3.67057 1.83963 1
-0.39598 -0.48724 2.42017 -0.27233 0.46864 -1.69599 1.04534 -0.93671 -0.63733 1.79642 0.75959 -0.41891 2.38437 1
2.46330 -0.48724 1.01499 -0.27233 1.19354 -1.33164 0.97429 -0.99360 1.65960 1.52941 0.80578 0.44062 0.99662 1
0.95317 -0.48724 1.01499 -0.27233 1.40929 0.76765 0.28154 -0.95029 1.65960 1.52941 0.80578 -3.37614 1.41253 1
4.40801 -0.48724 1.01499 -0.27233 1.19354 -1.07261 0.59772 -1.03891 1.65960 1.52941 0.80578 -0.29809 2.06229 1
1.34437 -0.48724 1.01499 -0.27233 1.59914 -0.18877 1.11639 -0.89321 1.65960 1.52941 0.80578 -3.80475 1.93206 1
8.12884 -0.48724 1.01499 -0.27233 1.07273 -0.46631 1.11639 -0.94621 1.65960 1.52941 0.80578 -3.72665 1.11565 1
0.66562 -0.48724 1.01499 -0.27233 1.07273 0.13573 0.96008 -0.86757 1.65960 1.52941 0.80578 -3.24174 1.60017 1
1.65705 -0.48724 1.01499 -0.27233 1.00369 -0.08772 1.11639 -1.14400 1.65960 1.52941 0.80578 0.40600 1.27809 1
1.24631 -0.48724 1.01499 -0.27233 1.25395 -1.99915 1.11639 -1.04741 1.65960 1.52941 0.80578 0.17795 2.51600 1
1.00374 -0.48724 1.01499 -0.27233 0.25290 -0.63710 -0.31528 -0.85360 1.65960 1.52941 0.80578 -3.63683 0.42528 1
2.59571 -0.48724 1.01499 -0.27233 1.07273 -1.39569 0.72916 -1.01987 1.65960 1.52941 0.80578 -2.51180 1.95866 1
2.41588 -0.48724 1.01499 -0.27233 1.25395 -2.32365 1.11639 -1.10549 1.65960 1.52941 0.80578 0.44062 2.18832 1
1.42543 -0.48724 1.01499 -0.27233 1.00369 0.37057 1.08442 -1.08080 1.65960 1.52941 0.80578 0.44062 1.18007 1
0.43639 -0.48724 1.01499 -0.27233 1.07273 -0.13042 0.33838 -0.88305 1.65960 1.52941 0.80578 -2.84730 1.24168 1
0.64796 -0.48724 1.01499 -0.27233 1.25395 -1.06549 1.11639 -1.05173 1.65960 1.52941 0.80578 0.44062 1.53296 1
0.52760 -0.48724 1.01499 -0.27233 1.25395 -1.27329 1.07731 -0.98159 1.65960 1.52941 0.80578 0.44062 1.14786 1
0.60205 -0.48724 1.01499 -0.27233 0.25290 -1.02422 0.07194 -0.82231 1.65960 1.52941 0.80578 -3.86686 0.63113 1
1.19744 -0.48724 1.01499 -0.27233 1.36614 -0.10907 0.93876 -0.74694 1.65960 1.52941 0.80578 -2.80458 0.35246 1
-0.09693 -0.48724 1.23073 -0.27233 2.72965 -1.96641 1.03823 -1.16310 -0.52248 -0.03107 -1.73470 0.44062 2.32976 1
1.98833 -0.48724 1.01499 -0.27233 0.90013 -3.05520 1.11639 -1.24278 1.65960 1.52941 0.80578 0.14838 1.49655 1
1.32649 -0.48724 1.01499 -0.27233 0.51179 -1.39569 1.02047 -0.80464 1.65960 1.52941 0.80578 -0.07880 1.71640 1
0.50909 -0.48724 1.01499 -0.27233 1.25395 -1.08827 1.11639 -1.07419 1.65960 1.52941 0.80578 0.44062 1.66739 1
0.26257 -0.48724 1.01499 -0.27233 1.19354 0.17131 0.97429 -1.00595 1.65960 1.52941 0.80578 0.44062 0.94061 1
0.73374 -0.48724 1.01499 -0.27233 1.59914 -0.04787 0.99560 -0.75843 1.65960 1.52941 0.80578 0.34883 0.53030 1
0.67164 -0.48724 1.01499 -0.27233 1.59914 -0.93598 0.89968 -0.93928 1.65960 1.52941 0.80578 0.44062 1.43213 2
0.45486 -0.48724 1.01499 -0.27233 1.36614 0.18839 1.05600 -0.76461 1.65960 1.52941 0.80578 -0.57467 0.93221 2
-0.13566 -0.48724 1.23073 -0.27233 2.72965 -1.44123 0.90324 -0.97765 -0.52248 -0.03107 -1.73470 -2.93603 0.48829 2
2.32920 -0.48724 1.01499 -0.27233 1.00369 0.13573 0.98139 -1.14400 1.65960 1.52941 0.80578 0.44062 1.54556 2
0.59329 -0.48724 1.01499 -0.27233 1.19354 0.26524 1.07376 -0.98273 1.65960 1.52941 0.80578 0.38672 0.62553 2
0.72196 -0.48724 1.01499 -0.27233 1.00369 0.72495 1.07376 -1.15735 1.65960 1.52941 0.80578 0.44062 1.20247 2
0.32315 -0.48724 1.01499 -0.27233 0.25290 -0.17454 1.02402 -0.75464 1.65960 1.52941 0.80578 -0.59055 1.60297 2
-0.03400 -0.48724 1.23073 3.66477 2.72965 -1.25479 1.11639 -1.17464 -0.52248 -0.03107 -1.73470 0.44062 1.98387 2
0.39957 -0.48724 1.01499 -0.27233 0.51179 -0.25851 0.58706 -0.84211 1.65960 1.52941 0.80578 -3.87923 1.48955 2
0.87739 -0.48724 1.01499 -0.27233 1.59914 0.49012 0.92455 -0.79324 1.65960 1.52941 0.80578 -2.70359 1.48674 2
0.36089 -0.48724 1.01499 -0.27233 1.36614 0.66091 0.85350 -0.69879 1.65960 1.52941 0.80578 -3.90333 0.67034 2
-0.23260 -0.48724 -0.43683 -0.27233 -0.14407 -0.26847 1.00626 -0.01674 -0.63733 -0.60068 1.17530 -1.18697 1.07644 2
-0.27457 -0.48724 -0.43683 -0.27233 -0.14407 -1.01710 1.04889 0.00136 -0.63733 -0.60068 1.17530 0.21793 1.17167 2
-0.40781 -0.48724 2.42017 -0.27233 0.46864 -0.42930 1.07376 -0.91510 -0.63733 1.79642 0.75959 0.36624 0.75856 2
-0.14348 -0.48724 1.23073 -0.27233 2.72965 -0.22008 1.11639 -1.12833 -0.52248 -0.03107 -1.73470 -2.01286 2.12110 2
0.66448 -0.48724 1.01499 -0.27233 1.36614 -0.14180 1.07021 -0.72823 1.65960 1.52941 0.80578 0.44062 0.76696 2
0.13240 -0.48724 1.01499 -0.27233 1.36614 0.34210 0.63680 -0.64550 1.65960 1.52941 0.80578 -3.34908 0.76696 2
-0.31765 -0.48724 1.56744 -0.27233 0.59809 -0.92175 0.92810 -0.86201 -0.63733 0.17066 1.26768 0.44062 0.79637 2
0.22874 -0.48724 1.01499 -0.27233 1.36614 0.21543 0.68653 -0.70249 1.65960 1.52941 0.80578 -2.80940 0.49950 2
-0.23076 -0.48724 1.56744 -0.27233 0.59809 -1.80131 1.11639 -1.11869 -0.63733 0.17066 1.26768 0.44062 3.04674 2
-0.30519 -0.48724 -0.43683 -0.27233 -0.14407 -0.67125 1.11639 0.14254 -0.63733 -0.60068 1.17530 0.41477 1.01203 2
-0.26260 -0.48724 -0.43683 -0.27233 -0.14407 -0.30263 1.11639 0.18044 -0.63733 -0.60068 1.17530 0.21968 0.05418 2
0.76957 -0.48724 1.01499 -0.27233 0.51179 -0.14180 0.99916 -0.77149 1.65960 1.52941 0.80578 0.25222 0.75296 2
-0.30899 -0.48724 -0.43683 -0.27233 -0.14407 -0.33821 0.71851 0.31265 -0.63733 -0.60068 1.17530 -0.55090 0.64793 2
0.48116 -0.48724 1.01499 -0.27233 1.36614 0.02329 0.53733 -0.48057 1.65960 1.52941 0.80578 -0.92518 0.50090 2
-0.39396 0.04872 -0.47618 -0.27233 -0.26489 0.13146 0.91389 1.21178 -0.52248 -0.57695 -1.50375 0.39264 1.09185 2
5.52485 -0.48724 1.01499 -0.27233 0.36508 -0.75096 1.11639 -1.13123 1.65960 1.52941 0.80578 -3.87836 -0.35612 2
-0.27682 -0.48724 -0.43683 -0.27233 -0.14407 -0.20300 0.82153 0.08636 -0.63733 -0.60068 1.17530 0.44062 0.84958 2
0.21248 -0.48724 1.01499 -0.27233 1.36614 0.52712 1.05244 -0.68378 1.65960 1.52941 0.80578 -0.01516 0.71095 2
-0.40256 -0.48724 2.42017 -0.27233 0.46864 -1.18220 0.85705 -0.93752 -0.63733 1.79642 0.75959 0.42079 0.75716 2
-0.33288 -0.48724 -0.43683 -0.27233 -0.14407 -0.51327 0.90679 0.28710 -0.63733 -0.60068 1.17530 0.41247 0.51070 3
-0.16956 -0.48724 1.23073 -0.27233 2.72965 -0.93456 1.11639 -1.08203 -0.52248 -0.03107 -1.73470 -2.05273 0.55971 3
-0.37507 -0.48724 2.11552 -0.27233 0.22701 -0.95590 0.96008 -0.96777 -0.86702 -1.30676 0.29768 0.02865 2.04549 3
-0.11371 -0.48724 -0.18028 -0.27233 -0.09230 -1.86678 -1.09329 -0.60580 -0.63733 -0.61848 -0.02565 -0.06818 -0.00183 3
0.32907 -0.48724 1.01499 -0.27233 0.25290 0.19978 0.22115 -0.75729 1.65960 1.52941 0.80578 -2.83394 -0.08725 3
0.17167 -0.48724 1.01499 -0.27233 1.36614 0.01760 0.82508 -0.67761 1.65960 1.52941 0.80578 0.31125 0.64653 3
-0.38997 -0.48724 1.56744 -0.27233 0.59809 -0.84204 0.97429 -0.95300 -0.63733 0.17066 1.26768 0.38815 0.63533 3
-0.39554 0.04872 -0.47618 -0.27233 -0.26489 -0.93029 1.11639 1.08612 -0.52248 -0.57695 -1.50375 0.32812 2.41938 3
-0.41720 -0.48724 -1.34786 -0.27233 -0.31667 0.36345 -0.31528 1.17388 -0.98187 0.08166 -1.18041 0.36460 -0.56057 3
-0.34199 -0.48724 -0.43683 -0.27233 -0.14407 -0.67125 0.77179 0.42122 -0.63733 -0.60068 1.17530 0.22133 0.30205 3
-0.39345 -0.48724 -0.61612 -0.27233 -0.92076 -0.36241 0.60127 0.89963 -0.75218 -1.03975 -0.25660 0.39505 0.86079 3
0.86890 -0.48724 1.01499 -0.27233 1.40929 0.17985 1.11639 -0.91947 1.65960 1.52941 0.80578 -0.41540 0.33145 3
0.07079 -0.48724 1.01499 3.66477 1.85804 -0.68549 0.72561 -0.89772 1.65960 1.52941 0.80578 -0.03981 0.27824 3
-0.25573 -0.48724 1.23073 3.66477 2.72965 -0.22151 0.97429 -0.97147 -0.52248 -0.03107 -1.73470 -0.39054 0.34546 3
-0.37914 -0.48724 1.56744 -0.27233 0.59809 0.24105 1.05955 -0.92379 -0.63733 0.17066 1.26768 0.40973 0.27124 3
-0.41426 1.01346 -0.74002 -0.27233 -1.00792 -0.82354 -1.42723 1.35140 -0.98187 -0.61848 -0.71851 0.40907 -0.03124 3
-0.41294 -0.48724 -0.98344 -0.27233 -0.97253 -0.55028 -0.57817 2.00339 -0.75218 -0.33368 0.15911 0.08693 0.00237 3
0.44066 -0.48724 1.01499 -0.27233 0.36508 -0.95021 1.04179 -1.11143 1.65960 1.52941 0.80578 -0.46042 1.92506 3
1.21341 -0.48724 1.01499 -0.27233 0.36508 0.52997 1.11639 -1.07685 1.65960 1.52941 0.80578 -3.52291 1.19967 3
-0.40262 -0.48724 2.11552 -0.27233 0.22701 -0.61005 1.00981 -0.87887 -0.86702 -1.30676 0.29768 0.14936 1.78642 3
-0.40434 0.04872 -0.73856 -0.27233 -1.25732 -0.98295 -1.12882 1.28363 -0.63733 -0.37521 0.20530 0.44062 0.06119 3
-0.27973 -0.48724 1.23073 -0.27233 0.43412 -0.58301 0.92455 -0.65020 -0.52248 -0.03107 -1.73470 -0.70523 0.24883 3
-0.39943 -0.48724 -0.21089 -0.27233 0.26153 -1.01853 0.17497 -0.66255 -0.40764 -0.10228 0.34387 0.42824 0.34266 3
-0.39614 0.45606 -0.76917 -0.27233 -1.06746 -0.98437 0.28154 1.97551 -0.29279 -0.46421 0.29768 0.17324 -0.02143 3
0.00925 -0.48724 1.01499 -0.27233 1.36614 0.13004 0.70429 -0.58315 1.65960 1.52941 0.80578 0.38070 0.27964 3
-0.35680 -0.48724 1.56744 -0.27233 0.59809 -0.19020 1.04179 -1.00980 -0.63733 0.17066 1.26768 0.44062 0.81318 3
-0.38310 -0.48724 -0.18028 -0.27233 -0.09230 -0.52751 0.51956 0.09667 -0.63733 -0.61848 -0.02565 0.37270 0.79497 3
0.62424 -0.48724 1.01499 3.66477 1.85804 -0.10338 1.02402 -0.79443 1.65960 1.52941 0.80578 0.23064 0.69275 3
0.53881 -0.48724 1.01499 -0.27233 1.36614 1.57748 1.09152 -0.63748 1.65960 1.52941 0.80578 0.21026 0.57232 3
1.76683 -0.48724 1.01499 -0.27233 0.36508 -2.35781 1.11639 -1.06432 1.65960 1.52941 0.80578 -3.59148 3.04114 3
-0.38890 -0.48724 -0.21089 -0.27233 0.26153 -0.69830 0.07194 -0.42852 -0.40764 -0.10228 0.34387 0.44062 0.20262 4
-0.33024 -0.48724 -0.43683 -0.27233 -0.14407 0.29940 0.91745 0.31327 -0.63733 -0.60068 1.17530 0.34247 0.02058 4
-0.38176 -0.48724 1.56744 -0.27233 0.59809 -0.65844 0.95297 -0.62931 -0.63733 0.17066 1.26768 0.35069 0.33285 4
0.23866 -0.48724 1.01499 -0.27233 1.59914 -0.09341 1.11639 -0.85018 1.65960 1.52941 0.80578 0.42736 0.55131 4
-0.39351 -0.48724 -0.37560 -0.27233 -0.29941 0.17131 0.59772 -0.51305 -0.52248 -0.14381 1.12911 -3.13133 -0.28330 4
-0.41168 2.08539 -1.37701 -0.27233 -1.24006 -0.57020 -1.77893 3.28405 -0.63733 0.01639 -0.07184 0.39056 -0.68100 4
-0.40274 0.58469 -0.87558 -0.27233 -0.87761 -0.77373 -0.08437 1.62907 -0.17794 -0.73715 0.57483 0.42101 0.06959 4
-0.40577 -0.48724 -0.16424 -0.27233 -0.06641 -0.52893 0.86416 -0.68463 -0.40764 0.14099 -0.30279 0.41926 0.49810 4
-0.40033 0.04872 -0.47618 -0.27233 -0.26489 -0.39941 0.61548 1.32832 -0.52248 -0.57695 -1.50375 0.32900 0.62273 4
-0.40644 0.04872 -0.47618 -0.27233 -0.26489 -0.39230 0.50891 1.15479 -0.52248 -0.57695 -1.50375 0.44062 0.08639 4
-0.41852 2.72855 -1.04029 -0.27233 -1.24869 -0.56451 -0.74514 1.67386 -0.75218 0.36053 1.22149 0.44062 0.30065 4
-0.41371 -0.48724 -0.86683 -0.27233 -0.34256 -0.42645 -0.82330 0.48305 -0.52248 -1.09315 0.80578 0.44062 -0.40793 4
0.01877 -0.48724 1.01499 -0.27233 0.86561 -0.47342 0.57285 -0.43859 1.65960 1.52941 0.80578 -3.66575 0.62973 4
1.39070 -0.48724 1.01499 -0.27233 0.21838 -0.51043 0.08615 -0.42107 1.65960 1.52941 0.80578 0.13216 0.76696 4
-0.40255 -0.48724 -0.16424 -0.27233 -0.06641 -0.37522 0.49825 -0.49752 -0.40764 0.14099 -0.30279 0.41444 -0.32951 4
-0.40017 -0.48724 -0.61612 -0.27233 -0.92076 -0.85770 -1.23539 0.61991 -0.75218 -1.03975 -0.25660 0.44062 -0.34211 4
-0.39550 -0.48724 -0.37560 -0.27233 -0.29941 -0.21012 0.66877 -0.51305 -0.52248 -0.14381 1.12911 0.41400 0.11020 4
-0.37641 -0.48724 -0.07970 3.66477 -0.56693 -1.25336 0.71140 -0.06176 -0.63733 -0.77868 0.06673 0.42243 1.58617 4
-0.41241 -0.48724 -1.15107 -0.27233 -0.81720 -0.59297 -1.51960 0.67415 -0.63733 0.12913 -0.71851 0.28223 -0.37572 4
-0.39455 -0.48724 -0.61612 -0.27233 -0.92076 -0.97156 -0.23358 1.08878 -0.75218 -1.03975 -0.25660 0.44062 0.49670 4
-0.41501 2.94293 -1.13213 -0.27233 -1.35225 -0.70826 -1.33131 1.33753 -0.63733 -0.42268 -1.08803 0.44062 -0.33791 4
-0.38945 -0.48724 -0.37560 -0.27233 -0.29941 -0.07918 0.80377 -0.59360 -0.52248 -0.14381 1.12911 0.37851 0.40567 4
-0.40020 -0.48724 -0.37560 -0.27233 -0.29941 -0.63852 0.82863 -0.75226 -0.52248 -0.14381 1.12911 0.42714 0.84118 4
-0.41612 -0.48724 -0.86683 -0.27233 -0.34256 -0.59155 -0.79133 0.68198 -0.52248 -1.09315 0.80578 0.44062 -0.39953 4
-0.32105 -0.48724 -0.43683 -0.27233 -0.14407 -0.45492 0.73272 0.10318 -0.63733 -0.60068 1.17530 0.39275 0.16481 4
-0.40809 0.58469 -0.87558 -0.27233 -0.87761 -0.50900 -0.75935 1.48974 -0.17794 -0.73715 0.57483 0.44062 -0.48075 4
-0.28141 -0.48724 1.56744 -0.27233 0.59809 0.05887 1.03468 -0.72377 -0.63733 0.17066 1.26768 0.44062 -0.05504 4
-0.40979 0.41318 -0.80124 -0.27233 -0.99842 -0.45777 -0.81264 1.43403 -0.63733 -0.98042 -0.76470 0.42594 0.11160 4
-0.38643 -0.48724 -0.21089 -0.27233 0.26153 -1.27329 0.15365 -0.47321 -0.40764 -0.10228 0.34387 0.44062 1.18847 4
-0.40522 -0.48724 -0.37560 -0.27233 -0.29941 0.26951 1.01337 -0.64688 -0.52248 -0.14381 1.12911 0.42243 -0.05364 4
-0.39159 -0.48724 -0.18028 -0.27233 -0.09230 -0.71537 0.11102 0.11239 -0.63733 -0.61848 -0.02565 0.44062 0.46029 5
-0.34716 -0.48724 -0.43683 -0.27233 -0.14407 -0.64137 -0.42897 0.33412 -0.63733 -0.60068 1.17530 0.42660 -0.58578 5
0.02596 -0.48724 1.01499 -0.27233 1.85804 -0.04787 0.80021 -0.71213 1.65960 1.52941 0.80578 -0.06598 0.21523 5
-0.40877 -0.48724 -0.75459 -0.27233 -0.48064 -0.63140 -0.25489 -0.19810 -0.52248 -0.76682 0.34387 0.22877 -0.17407 5
-0.36945 -0.48724 -0.07970 3.66477 -0.56693 -1.33876 1.11639 0.03797 -0.63733 -0.77868 0.06673 0.44062 1.46154 5
0.37059 -0.48724 1.01499 -0.27233 1.36614 -0.28982 0.56219 -0.51172 1.65960 1.52941 0.80578 0.44062 0.28664 5
-0.40387 -0.48724 -0.37560 -0.27233 -0.29941 -0.16742 0.76114 -0.65253 -0.52248 -0.14381 1.12911 0.39450 -0.04524 5
-0.40776 0.79907 -0.90473 -0.27233 -1.09335 -0.26990 -0.12345 1.20675 -0.40764 -0.64222 -0.85708 0.41564 -0.03544 5
1.09999 -0.48724 1.01499 -0.27233 0.21838 -0.81358 -0.42186 -0.46129 1.65960 1.52941 0.80578 0.44062 0.29505 5
0.25665 -0.48724 1.01499 -0.27233 1.36614 0.32502 0.75758 -0.47179 1.65960 1.52941 0.80578 0.40688 -0.33091 5
-0.40371 -0.48724 0.40570 -0.27233 -1.01568 -0.70399 -0.37568 1.19910 -0.63733 -0.70748 -1.13422 0.44062 0.44628 5
-0.34689 -0.48724 -0.43683 -0.27233 -0.14407 -0.47769 -0.24068 0.43333 -0.63733 -0.60068 1.17530 0.44062 -0.61518 5
-0.40492 -0.48724 -0.16424 -0.27233 -0.06641 -0.58728 0.16076 -0.62570 -0.40764 0.14099 -0.30279 -0.19765 0.38047 5
-0.37928 -0.48724 -0.54761 -0.27233 -0.53242 -0.34675 -0.66343 0.43978 -0.52248 -0.71935 0.52864 0.44062 -0.69360 5
-0.41506 0.41318 -0.80124 -0.27233 -0.99842 -0.24143 -0.19805 1.43403 -0.63733 -0.98042 -0.76470 0.40852 -0.45134 5
-0.41511 0.71332 0.56895 -0.27233 -0.78268 -0.05072 0.30996 -0.08550 -0.63733 -0.82022 -0.11803 0.44062 -0.28890 5
-0.41626 -0.48724 -0.86683 -0.27233 -0.34256 -0.32113 -1.11105 0.48305 -0.52248 -1.09315 0.80578 0.43229 -0.58017 5
-0.14357 -0.48724 1.01499 -0.27233 0.24427 -0.58871 -0.94764 -0.03374 1.65960 1.52941 0.80578 0.15396 0.09620 5
0.14208 -0.48724 1.01499 -0.27233 0.24427 -0.54031 -0.54620 -0.30524 1.65960 1.52941 0.80578 0.34554 -0.16847 5
-0.40956 0.37030 -0.60883 3.66477 -0.78268 -0.51897 -0.25134 0.05815 -0.75218 -1.09909 0.06673 0.37971 0.13961 5
-0.40998 -0.48724 0.24681 -0.27233 -1.01568 -0.20585 -0.80909 0.14031 -0.52248 -0.06074 0.11292 0.33174 -0.33371 5
0.98060 -0.48724 1.01499 -0.27233 0.51179 -0.90609 0.67587 -0.87564 1.65960 1.52941 0.80578 -0.71334 0.20262 5
-0.40520 0.04872 -0.73856 -0.27233 -1.25732 -0.56878 -1.26381 1.28363 -0.63733 -0.37521 0.20530 0.44062 -0.54096 5
-0.41598 2.94293 -1.09277 -0.27233 -1.40402 -0.58159 -1.75762 2.57645 -0.98187 -0.55321 -0.94946 0.42178 -0.47655 5
-0.30356 -0.48724 -0.43683 -0.27233 -0.14407 0.55416 0.66522 0.21083 -0.63733 -0.60068 1.17530 0.25802 -0.09425 5
-0.41078 -0.48724 -0.75459 -0.27233 -0.48064 -0.61859 -0.96185 0.06609 -0.52248 -0.76682 0.34387 0.44062 -0.54377 5
-0.38532 0.37030 -0.60883 -0.27233 -0.78268 -0.61005 -0.94053 0.30107 -0.75218 -1.09909 0.06673 0.35025 0.04858 5
-0.40584 -0.48724 -0.61612 -0.27233 -0.92076 -0.30690 -1.01514 0.91459 -0.75218 -1.03975 -0.25660 0.35835 -0.43454 5
-0.41354 -0.48724 0.24681 -0.27233 -1.01568 -0.07491 -0.52844 0.57893 -0.52248 -0.06074 0.11292 0.32560 -0.04384 5
-0.40480 -0.48724 -0.16424 -0.27233 -0.06641 -0.15461 0.13944 -0.50574 -0.40764 0.14099 -0.30279 0.40118 -0.08585 5
-0.40673 -0.48724 -1.20209 -0.27233 -0.94665 -0.17312 0.03642 -0.14240 -0.86702 -0.78462 -0.21041 0.38508 -0.18388 6
-0.40045 -0.48724 2.11552 -0.27233 0.22701 -0.42503 0.70429 -0.85584 -0.86702 -1.30676 0.29768 0.31049 0.30205 6
0.49128 -0.48724 1.01499 -0.27233 0.86561 -0.10765 -0.11279 -0.39495 1.65960 1.52941 0.80578 0.44062 0.07939 6
1.24631 -0.48724 1.01499 -0.27233 0.51179 -0.07918 0.69008 -0.87564 1.65960 1.52941 0.80578 0.29187 0.06399 6
-0.40723 -0.48724 0.40132 3.66477 -0.04052 -0.47485 0.89613 -0.43014 -0.52248 -0.78462 -0.94946 0.44062 0.73756 6
-0.41693 -0.48724 -0.59279 -0.27233 -0.73953 0.19408 0.36680 0.55661 -0.86702 -0.98635 -0.30279 0.44062 -0.49195 6
-0.40164 -0.48724 -0.04763 -0.27233 -1.22280 -0.46061 -1.81446 0.70867 -0.63733 -0.61255 0.34387 0.22198 -0.38833 6
-0.40755 -0.48724 -0.37560 -0.27233 -0.29941 -0.12757 -0.50357 -0.48309 -0.52248 -0.14381 1.12911 0.40326 0.04858 6
-0.37270 -0.48724 -0.71961 3.66477 -0.41160 -0.17169 0.80732 -0.35477 -0.17794 -0.60068 -0.48756 0.42243 1.23328 6
-0.09244 -0.48724 1.01499 -0.27233 -0.19585 -0.74384 -1.00448 0.14402 1.65960 1.52941 0.80578 0.39702 -0.31271 6
-0.41450 2.94293 -1.09277 -0.27233 -1.40402 -0.25139 -1.29934 2.57645 -0.98187 -0.55321 -0.94946 0.39669 -0.85184 6
-0.01619 -0.48724 1.01499 3.66477 1.40929 3.55153 0.50891 -0.89772 1.65960 1.52941 0.80578 -0.02327 -1.03109 6
-0.41553 -0.48724 -1.12629 -0.27233 -0.56693 0.17131 0.18918 -0.33383 -0.86702 -0.82022 -0.30279 0.40392 -0.62359 6
-0.41208 -0.48724 2.11552 -0.27233 0.22701 -0.59013 0.03997 -0.73008 -0.86702 -1.30676 0.29768 0.35573 0.24043 6
-0.32821 -0.48724 -0.18028 -0.27233 -0.09230 -0.23147 -0.56041 -0.54839 -0.63733 -0.61848 -0.02565 0.44062 -0.93446 6
-0.40728 0.58469 -0.87558 -0.27233 -0.87761 0.24390 -0.02753 1.62912 -0.17794 -0.73715 0.57483 0.44062 -0.82944 6
-0.41179 -0.48724 -0.96887 -0.27233 -0.91213 -0.23289 -0.41831 -0.02253 -0.75218 -0.95669 0.02054 0.42145 -0.58998 6
-0.40814 0.79907 -0.90473 -0.27233 -1.09335 0.10442 -0.55686 1.53889 -0.40764 -0.64222 -0.85708 0.17609 -0.20068 6
-0.39208 -0.48724 -0.54761 -0.27233 -0.53242 -0.28698 -0.88369 0.76974 -0.52248 -0.71935 0.52864 0.44062 0.01918 6
-0.41419 -0.48724 -0.86683 -0.27233 -0.34256 0.04464 -1.08263 1.26483 -0.52248 -1.09315 0.80578 0.36186 -0.97647 6
-0.13532 -0.48724 1.23073 -0.27233 0.43412 0.16704 0.94587 -0.72780 -0.52248 -0.03107 -1.73470 -0.29174 -0.18668 6
-0.39485 -0.48724 -0.07970 3.66477 -0.56693 -0.67979 -0.52488 -0.06765 -0.63733 -0.77868 0.06673 0.37533 0.47289 6
-0.41258 2.51416 -1.29684 -0.27233 -1.33499 0.08592 -1.72209 1.91515 -0.52248 -0.29808 -1.68851 0.12669 -1.07590 6
-0.41028 -0.48724 -1.03300 -0.27233 -0.38571 -0.60578 0.00444 -0.51913 -0.52248 -0.66595 -0.85708 0.40042 -0.42193 6
-0.41228 -0.48724 -1.15107 -0.27233 -0.81720 0.06884 -1.82511 0.67415 -0.63733 0.12913 -0.71851 0.20303 -0.74402 6
0.07531 -0.48724 1.01499 -0.27233 1.85804 -0.24570 0.45206 -0.61069 1.65960 1.52941 0.80578 0.37314 0.00237 6
-0.15941 -0.48724 1.23073 -0.27233 0.43412 -0.61290 0.82508 -0.65206 -0.52248 -0.03107 -1.73470 0.42101 -0.14186 6
0.18465 -0.48724 1.01499 3.66477 1.85804 -0.22435 0.52667 -0.50925 1.65960 1.52941 0.80578 0.42451 -0.16427 6
-0.40945 -0.48724 -0.04763 -0.27233 -1.22280 -0.31259 -2.15905 0.70867 -0.63733 -0.61255 0.34387 0.37500 -0.99888 6
-0.40838 -0.48724 -0.16424 -0.27233 -0.06641 0.61252 0.46272 -0.53072 -0.40764 0.14099 -0.30279 0.42627 -0.34912 6
-0.33156 0.37030 -1.04467 -0.27233 0.79657 -1.03134 -0.20516 -0.85888 -0.52248 -0.85582 -2.51994 0.39133 -0.30851 7
-0.40984 0.04872 -0.47618 -0.27233 -0.26489 -0.38803 -0.07016 0.83841 -0.52248 -0.57695 -1.50375 0.42638 -0.03124 7
-0.41522 0.71332 0.56895 -0.27233 -0.78268 0.22397 -0.53199 -0.06133 -0.63733 -0.82022 -0.11803 0.41991 -0.62919 7
-0.41288 1.22785 -1.44115 -0.27233 -1.08472 0.29229 -0.85882 2.37310 -0.98187 -0.43455 0.57483 0.44062 -0.93446 7
-0.35150 -0.48724 1.56744 -0.27233 0.59809 0.12434 1.04179 -0.69698 -0.63733 0.17066 1.26768 0.31859 -0.21468 7
-0.38482 -0.48724 -0.54761 -0.27233 -0.53242 0.03895 -1.40947 0.76974 -0.52248 -0.71935 0.52864 0.44062 -0.91066 7
-0.29757 -0.48724 -0.43683 -0.27233 -0.14407 -0.49762 -1.39526 0.33412 -0.63733 -0.60068 1.17530 0.33053 -0.85044 7
-0.39899 -0.48724 -0.54761 -0.27233 -0.53242 0.13004 -0.50712 0.35397 -0.52248 -0.71935 0.52864 0.44062 -0.80983 7
-0.41793 3.15732 -1.01843 -0.27233 -1.08472 0.32929 -1.45210 2.25114 -0.63733 -0.33961 -0.25660 0.39165 -0.88125 7
1.15196 -0.48724 1.01499 -0.27233 0.65850 -3.44659 1.11639 -1.08488 1.65960 1.52941 0.80578 -2.46732 0.09479 7
0.19526 -0.48724 1.01499 -0.27233 1.25395 -0.33252 0.49469 -0.77278 1.65960 1.52941 0.80578 0.23776 0.85519 7
-0.25443 -0.48724 1.23073 -0.27233 2.72965 0.32075 1.11639 -0.96364 -0.52248 -0.03107 -1.73470 0.08364 -0.73701 7
-0.41480 -0.48724 0.40132 3.66477 -0.04052 -0.56451 -0.44673 -0.32433 -0.52248 -0.78462 -0.94946 0.39571 0.12000 7
-0.40935 0.79907 -0.90473 -0.27233 -1.09335 0.45738 -0.93698 1.13732 -0.40764 -0.64222 -0.85708 0.29691 -0.73981 7
-0.41431 0.41318 -0.80124 -0.27233 -0.99842 -0.40795 -1.67591 1.43403 -0.63733 -0.98042 -0.76470 0.44062 -0.59138 7
-0.39739 -0.48724 -0.04763 -0.27233 -1.22280 -0.05641 -2.21589 0.70867 -0.63733 -0.61255 0.34387 0.22450 -0.71601 7
-0.41593 2.94293 -1.13213 -0.27233 -1.35225 0.00764 -1.80380 1.33753 -0.63733 -0.42268 -1.08803 0.44062 -1.11791 7
-0.40943 -0.48724 -1.03300 -0.27233 -0.38571 0.18697 0.55154 -0.54554 -0.52248 -0.66595 -0.85708 0.42528 -0.50596 7
-0.40527 0.79907 -0.90473 -0.27233 -1.09335 0.15423 -2.15905 1.53889 -0.40764 -0.64222 -0.85708 0.19756 -1.04509 7
-0.21080 -0.48724 1.23073 -0.27233 0.43412 -0.58017 0.37746 -0.65020 -0.52248 -0.03107 -1.73470 -1.41371 -0.07185 7
-0.37718 -0.48724 -0.18028 -0.27233 -0.09230 0.40188 0.66522 -0.09153 -0.63733 -0.61848 -0.02565 0.42736 -0.47235 7
-0.40062 -0.48724 -0.54761 -0.27233 -0.53242 0.20120 -0.57817 0.35397 -0.52248 -0.71935 0.52864 0.44062 -0.76362 7
-0.41049 -0.48724 0.40570 -0.27233 -1.01568 -0.22435 -1.78248 0.81097 -0.63733 -0.70748 -1.13422 0.44062 -0.57037 7
-0.41715 1.87100 -1.07236 -0.27233 -0.61008 0.58548 -0.43252 0.91991 -0.52248 -0.22688 -0.39518 0.44062 -0.76642 7
-0.41304 -0.48724 0.11562 -0.27233 0.15797 0.98399 0.79666 -0.77292 -0.98187 -0.80242 1.17530 0.44062 -0.98208 7
-0.41937 0.28455 -1.28664 -0.27233 -0.14407 0.41326 -0.11989 0.14007 -0.98187 -0.66595 -1.45756 0.44062 -1.07450 7
-0.38168 -0.48724 -0.71961 -0.27233 -0.41160 -0.28271 -0.25134 -0.06798 -0.17794 -0.60068 -0.48756 0.21990 -0.24829 7
-0.41092 -0.48724 0.24681 -0.27233 -1.01568 -0.01656 -2.22300 0.21677 -0.52248 -0.06074 0.11292 0.41893 -0.82244 7
-0.41086 2.08539 -1.37701 -0.27233 -1.24006 0.41896 -1.16079 3.28405 -0.63733 0.01639 -0.07184 0.15451 -1.00308 7
-0.40984 -0.48724 -0.04763 -0.27233 -1.22280 0.18839 -2.20168 0.70867 -0.63733 -0.61255 0.34387 0.29636 -0.83084 7
-0.35767 -0.48724 -0.71961 -0.27233 -0.43749 -0.43215 -0.01687 -0.05867 -0.17794 -0.60068 -0.48756 0.23743 -0.14046 8
-0.38059 0.45606 -0.76917 -0.27233 -1.06746 -0.25139 -1.19631 2.02329 -0.29279 -0.46421 0.29768 0.36701 -0.48915 8
-0.40431 -0.48724 -0.07970 3.66477 -0.56693 -0.31402 -0.33660 0.21093 -0.63733 -0.77868 0.06673 0.26996 0.28104 8
-0.40379 0.45606 -0.76917 -0.27233 -1.06746 0.28802 -1.97432 1.71042 -0.29279 -0.46421 0.29768 0.43382 -0.94567 8
-0.40678 0.37030 -0.60883 -0.27233 -0.78268 0.36060 -0.35081 0.05815 -0.75218 -1.09909 0.06673 0.41937 -0.68940 8
-0.40099 0.45606 -0.76917 -0.27233 -1.06746 0.21116 -0.69185 1.91454 -0.29279 -0.46421 0.29768 0.19756 -0.43874 8
-0.38760 -0.48724 -0.21089 -0.27233 0.26153 -0.51043 -0.92277 -0.67120 -0.40764 -0.10228 0.34387 0.44062 0.13120 8
-0.41379 -0.48724 -1.03300 -0.27233 -0.38571 0.04322 0.17141 -0.22678 -0.52248 -0.66595 -0.85708 0.42638 -0.89105 8
-0.40157 -0.48724 -0.61612 -0.27233 -0.92076 -0.10480 -2.20524 0.91459 -0.75218 -1.03975 -0.25660 0.41389 -0.73001 8
-0.41771 3.15732 -1.51549 -0.27233 -1.24869 0.14000 -1.16789 2.56092 -0.86702 -0.56508 -0.53375 0.44062 -0.96387 8
-0.41585 0.58469 -0.91494 -0.27233 -1.11061 0.02472 -1.29223 0.76253 -0.63733 -0.75495 0.25149 0.44062 -0.83084 8
-0.41511 1.76381 -0.84788 -0.27233 -1.29184 0.39903 -1.62262 1.67267 -0.40764 -0.68375 -0.85708 0.16481 -0.44014 8
-0.41497 2.51416 -1.29684 -0.27233 -1.33499 0.83454 -0.75225 1.91515 -0.52248 -0.29808 -1.68851 0.37446 -0.92186 8
-0.40540 0.58469 -0.87558 -0.27233 -0.87761 0.67941 -0.89435 1.98786 -0.17794 -0.73715 0.57483 0.42616 -0.44154 8
-0.41676 0.71332 0.56895 -0.27233 -0.78268 -0.10480 -1.40947 -0.06133 -0.63733 -0.82022 -0.11803 0.43437 -0.90226 8
-0.39708 -0.48724 -0.07970 -0.27233 -0.56693 -0.14607 -0.92987 0.07140 -0.63733 -0.77868 0.06673 0.40480 -0.44574 8
-0.38045 -0.48724 -0.54761 -0.27233 -0.53242 0.18554 -1.01158 0.43978 -0.52248 -0.71935 0.52864 0.44062 -0.91486 8
0.10793 -0.48724 1.01499 -0.27233 1.85804 0.16135 0.69008 -0.60637 1.65960 1.52941 0.80578 0.19591 -0.68100 8
0.24619 -0.48724 1.01499 -0.27233 -0.19585 1.10496 0.29931 -0.18257 1.65960 1.52941 0.80578 0.42287 -0.79023 8
-0.40365 -0.48724 -0.61612 -0.27233 -0.92076 -0.16458 -2.20168 0.91459 -0.75218 -1.03975 -0.25660 0.29241 -0.95827 8
-0.39793 0.45606 -0.76917 -0.27233 -1.06746 0.61679 -1.81446 1.91454 -0.29279 -0.46421 0.29768 0.40600 -0.85324 8
-0.40529 -0.48724 -0.61612 -0.27233 -0.92076 0.69080 -2.33313 0.91459 -0.75218 -1.03975 -0.25660 0.31476 -1.09410 8
-0.41673 1.22785 -1.44115 -0.27233 -1.08472 0.93133 -1.21053 2.37310 -0.98187 -0.43455 0.57483 0.36339 -0.94707 8
-0.37847 -0.48724 -0.71961 3.66477 -0.41160 0.94841 0.70785 -0.44324 -0.17794 -0.60068 -0.48756 0.38366 -0.41213 8
-0.40330 0.04872 -0.47618 -0.27233 -0.26489 -0.16031 0.97784 1.02362 -0.52248 -0.57695 -1.50375 0.44062 0.90980 8
-0.34761 -0.48724 -0.71961 3.66477 -0.41160 0.84593 0.32417 -0.24835 -0.17794 -0.60068 -0.48756 0.36931 -0.38132 8
0.96931 -0.48724 1.01499 -0.27233 0.90013 -0.96302 1.11639 -1.19192 1.65960 1.52941 0.80578 -0.26928 -0.07325 8
-0.41532 0.58469 -0.91494 -0.27233 -1.11061 0.62960 -1.24605 0.76253 -0.63733 -0.75495 0.25149 0.44062 -1.03109 8
-0.40377 -0.48724 -0.07970 -0.27233 -0.56693 0.12861 -1.28868 0.07140 -0.63733 -0.77868 0.06673 0.31914 -0.45834 8
-0.41437 0.92771 -1.30559 -0.27233 -0.71364 0.80323 0.06128 -0.29080 -0.29279 -1.10502 -0.02565 0.44062 -0.71741 8
-0.41373 0.92771 -1.30559 -0.27233 -0.71364 0.47162 -0.37213 -0.20185 -0.29279 -1.10502 -0.02565 0.40184 -0.52136 9
-0.41603 2.94293 -0.90182 -0.27233 -1.24006 0.82031 -1.44499 0.62765 -0.63733 -0.96855 0.34387 0.44062 -1.30556 9
-0.41663 -0.48724 -1.30559 -0.27233 -0.83446 0.20689 -0.35081 1.07667 -0.75218 -1.10502 0.11292 0.41017 -1.04229 9
-0.41394 -0.48724 -1.12629 -0.27233 -0.56693 1.13058 -0.19450 -0.18072 -0.86702 -0.82022 -0.30279 0.43141 -0.97367 9
-0.36803 -0.48724 -0.71961 3.66477 -0.41160 0.62817 -0.07371 -0.06798 -0.17794 -0.60068 -0.48756 0.03862 -0.64459 9
-0.41843 2.08539 -1.19626 -0.27233 -1.32636 0.45454 -1.76827 1.15142 -0.98187 -0.84988 -1.31899 0.21935 -1.15852 9
-0.41083 1.22785 -0.68900 -0.27233 -0.92939 0.28090 -1.29579 0.16396 -0.63733 -0.91515 -0.39518 0.44062 -0.76502 9
-0.41054 0.45606 -0.76917 -0.27233 -1.06746 0.95694 -2.19458 2.42752 -0.29279 -0.46421 0.29768 0.32221 -1.27755 9
-0.41238 -0.48724 -1.03300 -0.27233 -0.38571 0.81889 0.20694 -0.41779 -0.52248 -0.66595 -0.85708 0.37895 -0.80283 9
-0.34376 0.37030 -1.04467 -0.27233 0.79657 0.79327 1.11639 -0.84738 -0.52248 -0.85582 -2.51994 0.38618 -0.80563 9
-0.41811 3.37170 -1.32891 -0.27233 -1.24869 0.63102 -1.15368 3.95660 -0.52248 -1.31269 -0.67232 0.30435 -1.14172 9
-0.41207 1.44223 -1.12192 -0.27233 -1.01568 0.64668 -1.34197 1.27499 -0.52248 -0.06074 -1.50375 0.36186 -1.11511 9
-0.41689 2.72855 -1.19335 -0.27233 -1.09335 0.44173 -1.66170 0.76272 -0.75218 -0.92702 -0.07184 0.42670 -1.16692 9
-0.41844 3.80047 -1.43094 -0.27233 -1.24006 0.75627 -0.99737 2.15118 -0.52248 -0.90329 -1.54994 0.39680 -1.21874 9
-0.37216 -0.48724 -0.71961 -0.27233 -0.43749 1.25013 0.40233 -0.27513 -0.17794 -0.60068 -0.48756 0.16875 -0.88125 9
-0.41095 1.44223 -1.12192 -0.27233 -1.01568 0.70788 -0.97606 -0.00306 -0.52248 -0.06074 -1.50375 0.40743 -0.83644 9
-0.40894 1.22785 -0.68900 -0.27233 -0.92939 0.81035 -0.91566 0.22427 -0.63733 -0.91515 -0.39518 0.44062 -1.35457 9
-0.41905 3.37170 -1.19043 -0.27233 -1.33499 1.14339 -1.69722 1.66797 -0.98187 -0.73122 -1.45756 0.41674 -0.67260 9
-0.41354 1.22785 -0.68900 3.66477 -0.92939 0.67372 -1.26737 0.13419 -0.63733 -0.91515 -0.39518 0.44062 -1.27755 9
-0.40847 -0.48724 -1.26477 -0.27233 -0.57556 0.39618 0.96008 -0.45022 -0.75218 -1.27709 -0.30279 0.44062 -0.97647 9
-0.41859 1.01346 -1.40179 -0.27233 -0.97253 1.36115 -0.68475 1.54003 -0.98187 -0.73715 -1.36518 0.41696 -1.00308 9
-0.41803 3.58609 -1.40908 -0.27233 -1.30910 1.21028 -1.94235 1.83233 -0.75218 -0.03701 -0.67232 0.30260 -1.14872 9
-0.41298 1.22785 -0.68900 3.66477 -0.92939 0.77050 -1.45565 0.50708 -0.63733 -0.91515 -0.39518 0.40283 -1.18933 9
-0.40848 0.97058 -0.73564 -0.27233 -1.05020 0.99253 -1.80735 0.80574 -0.29279 -0.47015 -1.08803 0.36975 -1.09130 9
-0.41213 -0.48724 -1.20209 -0.27233 -0.94665 1.61022 -0.21581 -0.14240 -0.86702 -0.78462 -0.21041 0.44062 -0.90506 9
-0.40793 1.22785 -0.68900 3.66477 -0.92939 1.39815 -0.69541 0.47117 -0.63733 -0.91515 -0.39518 0.35682 -0.92466 9
-0.41634 -0.48724 -1.30559 -0.27233 -0.83446 1.01530 -0.80909 1.07667 -0.75218 -1.10502 0.11292 0.41575 -1.36017 9
-0.35731 0.37030 -1.04467 -0.27233 0.79657 1.30706 0.46983 -0.79923 -0.52248 -0.85582 -2.51994 0.39571 -0.42894 9
-0.41572 2.94293 -1.40179 -0.27233 -1.30047 1.40811 -1.07553 1.66878 -0.86702 -0.47015 -2.70470 0.38913 -0.84484 9
-0.41693 -0.48724 -0.59279 -0.27233 -0.73953 1.28145 -0.26555 0.55661 -0.86702 -0.98635 -0.30279 0.39604 -1.20753 9
-0.39564 0.37030 -1.13796 -0.27233 -0.96477 0.75057 -1.29223 0.14516 -0.52248 -1.14062 -1.64232 0.44062 -1.09270 10
-0.34296 0.37030 -1.04467 -0.27233 0.79657 1.49209 1.11639 -0.90252 -0.52248 -0.85582 -2.51994 0.29154 -0.68100 10
-0.41369 0.92771 -1.30559 -0.27233 -0.71364 1.35403 -0.97606 0.10778 -0.29279 -1.10502 -0.02565 0.40535 -0.80143 10
-0.41207 -0.48724 -1.30559 -0.27233 -0.83446 1.22736 -0.51067 1.07667 -0.75218 -1.10502 0.11292 0.44062 -1.02549 10
-0.35615 0.37030 -1.04467 -0.27233 0.79657 1.31133 0.81798 -0.88566 -0.52248 -0.85582 -2.51994 0.34192 -0.63759 10
-0.40956 1.44223 -1.12192 -0.27233 -1.01568 0.94841 -1.67236 1.27499 -0.52248 -0.06074 -1.50375 0.23009 -1.05769 10
-0.41093 2.94293 -0.90182 -0.27233 -1.24006 1.22879 -1.45210 0.62765 -0.63733 -0.96855 0.34387 0.44062 -1.27335 10
-0.40605 -0.48724 -1.20209 -0.27233 -0.94665 2.53960 0.26378 -0.14240 -0.86702 -0.78462 -0.21041 0.44062 -1.18233 10
-0.41244 -0.48724 -1.26477 -0.27233 -0.57556 2.10693 0.52312 -0.50056 -0.75218 -1.27709 -0.30279 0.42594 -0.71321 10
-0.27785 -0.48724 1.23073 -0.27233 0.43412 0.93702 1.02402 -0.91073 -0.52248 -0.03107 -1.73470 0.07400 -1.12911 10
-0.37721 0.45606 -0.76917 -0.27233 -1.06746 2.81002 -2.13774 2.42752 -0.29279 -0.46421 0.29768 0.44062 -1.27615 10
-0.35801 0.37030 -1.04467 -0.27233 0.79657 1.75823 0.73982 -0.78607 -0.52248 -0.85582 -2.51994 0.34718 -0.75522 10
-0.35726 0.37030 -1.04467 -0.27233 0.17523 1.68707 -0.56752 -0.43835 -0.52248 -0.85582 -2.51994 0.36832 -1.32936 10
-0.41058 -0.48724 -1.20209 -0.27233 -0.94665 2.18521 -1.12526 -0.14240 -0.86702 -0.78462 -0.21041 0.40370 -1.27195 10
-0.38344 -0.48724 -0.71961 -0.27233 -0.43749 2.81998 0.34549 -0.42771 -0.17794 -0.60068 -0.48756 0.31082 -1.19213 10
-0.41594 0.37030 -1.13796 -0.27233 -0.96477 2.18521 -0.14476 0.42725 -0.52248 -1.14062 -1.64232 0.33557 -1.24534 10
-0.41298 0.37030 -1.13796 3.66477 -0.96477 1.93614 -0.67054 0.67286 -0.52248 -1.14062 -1.64232 0.22341 -1.35037 10
-0.38543 -0.48724 -0.71961 -0.27233 -0.43749 1.99449 -1.83222 -0.19943 -0.17794 -0.60068 -0.48756 0.22823 -1.22294 10
-0.38157 -0.48724 -0.71961 -0.27233 -0.41160 2.79294 0.06484 -0.06798 -0.17794 -0.60068 -0.48756 0.24400 -1.21874 10
-0.24997 -0.48724 1.23073 -0.27233 0.43412 1.71411 0.78956 -0.86628 -0.52248 -0.03107 -1.73470 0.19449 -1.52961 10
-0.20691 -0.48724 1.23073 3.66477 0.43412 2.15959 1.05244 -0.83314 -0.52248 -0.03107 -1.73470 0.36076 -1.50301 10
-0.24350 -0.48724 1.23073 3.66477 0.43412 2.97511 0.89968 -0.77553 -0.52248 -0.03107 -1.73470 0.34806 -1.30696 10
-0.41359 -0.48724 -1.26477 -0.27233 -0.57556 2.20087 -0.53199 -0.28297 -0.75218 -1.27709 -0.30279 0.39384 -1.14872 10
-0.41850 2.94293 -1.55630 -0.27233 -1.14513 2.26349 -1.29934 0.88016 -0.63733 -0.90922 -1.87327 0.41137 -1.35597 10
-0.41777 3.58609 -1.23270 -0.27233 -1.19605 2.48978 -1.30289 0.62827 -0.63733 -1.09315 -1.73470 0.37106 -1.36857 10
-0.35884 -0.48724 -0.71961 -0.27233 -0.43749 3.47325 0.51246 -0.42771 -0.17794 -0.60068 -0.48756 0.27741 -1.12351 10
-0.34901 0.37030 -1.04467 -0.27233 0.79657 3.44336 0.65101 -0.94697 -0.52248 -0.85582 -2.51994 0.36175 -1.05489 10
-0.41836 3.37170 -1.44698 3.66477 -1.32636 2.33180 -1.55512 0.99252 -0.98187 -1.24742 -2.24280 0.42550 -1.32936 10
0.65323 -0.48724 1.01499 -0.27233 0.65850 -0.09768 1.11639 -1.24706 1.65960 1.52941 0.80578 0.10380 -0.43734 10
0.54103 -0.48724 1.01499 3.66477 0.97780 -0.58301 0.74693 -1.26582 1.65960 1.52941 0.80578 -0.09633 -0.52836 10
