4.03861 -0.48724 1.01499 -0.27233 1.19354 -1.18362 1.11639 -1.09485 1.65960 1.52941 0.80578 0.44062 2.51180 1
7.47625 -0.48724 1.01499 -0.27233 1.19354 -0.85628 1.11639 -1.12534 1.65960 1.52941 0.80578 0.30994 1.44613 1
-0.39878 -0.48724 2.42017 -0.27233 0.46864 -1.23913 1.05600 -0.96862 -0.63733 1.79642 0.75959 -0.13828 1.58477 1
1.23497 -0.48724 1.01499 -0.27233 1.19354 0.08307 1.11639 -1.05472 1.65960 1.52941 0.80578 0.44062 1.07364 1
2.20700 -0.48724 1.01499 -0.27233 1.25395 -1.82836 0.74337 -1.08118 1.65960 1.52941 0.80578 0.44062 2.70785 1
0.83946 -0.48724 1.01499 -0.27233 1.07273 0.70788 0.78956 -0.93818 1.65960 1.52941 0.80578 -3.67057 1.83963 1
-0.39598 -0.48724 2.42017 -0.27233 0.46864 -1.69599 1.04534 -0.93671 -0.63733 1.79642 0.75959 -0.41891 2.38437 1
2.46330 -0.48724 1.01499 -0.27233 1.19354 -1.33164 0.97429 -0.99360 1.65960 1.52941 0.80578 0.44062 0.99662 1
1.42379 -0.48724 1.01499 -0.27233 1.07273 -0.55312 0.95297 -0.89540 1.65960 1.52941 0.80578 -3.82271 1.64358 1
0.95317 -0.48724 1.01499 -0.27233 1.40929 0.76765 0.28154 -0.95029 1.65960 1.52941 0.80578 -3.37614 1.41253 1
0.47183 -0.48724 1.01499 -0.27233 1.19354 -0.76519 1.07731 -1.02656 1.65960 1.52941 0.80578 0.39899 1.01763 1
4.40801 -0.48724 1.01499 -0.27233 1.19354 -1.07261 0.59772 -1.03891 1.65960 1.52941 0.80578 -0.29809 2.06229 1
8.12884 -0.48724 1.01499 -0.27233 1.07273 -0.46631 1.11639 -0.94621 1.65960 1.52941 0.80578 -3.72665 1.11565 1
0.66562 -0.48724 1.01499 -0.27233 1.07273 0.13573 0.96008 -0.86757 1.65960 1.52941 0.80578 -3.24174 1.60017 1
1.25643 -0.48724 1.01499 -0.27233 1.59914 0.25101 0.87837 -0.85123 1.65960 1.52941 0.80578 -3.60572 0.75576 1
0.92592 -0.48724 1.01499 -0.27233 1.25395 -1.77712 1.00981 -0.96169 1.65960 1.52941 0.80578 0.44062 1.82423 1
1.24631 -0.48724 1.01499 -0.27233 1.25395 -1.99915 1.11639 -1.04741 1.65960 1.52941 0.80578 0.17795 2.51600 1
1.00374 -0.48724 1.01499 -0.27233 0.25290 -0.63710 -0.31528 -0.85360 1.65960 1.52941 0.80578 -3.63683 0.42528 1
9.92411 -0.48724 1.01499 -0.27233 1.00369 0.97260 0.82863 -1.12957 1.65960 1.52941 0.80578 0.44062 0.63813 1
2.59571 -0.48724 1.01499 -0.27233 1.07273 -1.39569 0.72916 -1.01987 1.65960 1.52941 0.80578 -2.51180 1.95866 1
2.41588 -0.48724 1.01499 -0.27233 1.25395 -2.32365 1.11639 -1.10549 1.65960 1.52941 0.80578 0.44062 2.18832 1
2.14352 -0.48724 1.01499 -0.27233 1.59914 -0.66414 0.84640 -0.91601 1.65960 1.52941 0.80578 0.38092 1.32430 1
1.06827 -0.48724 1.01499 -0.27233 1.59914 -0.61290 0.99560 -0.90204 1.65960 1.52941 0.80578 -1.27230 1.55956 1
0.64796 -0.48724 1.01499 -0.27233 1.25395 -1.06549 1.11639 -1.05173 1.65960 1.52941 0.80578 0.44062 1.53296 1
0.52760 -0.48724 1.01499 -0.27233 1.25395 -1.27329 1.07731 -0.98159 1.65960 1.52941 0.80578 0.44062 1.14786 1
0.60205 -0.48724 1.01499 -0.27233 0.25290 -1.02422 0.07194 -0.82231 1.65960 1.52941 0.80578 -3.86686 0.63113 1
-0.41459 -0.48724 0.11562 -0.27233 0.15797 -0.36241 0.43430 -0.61264 -0.98187 -0.80242 1.17530 0.44062 -0.66840 1
0.69548 -0.48724 1.01499 -0.27233 1.19354 0.16989 1.11639 -1.02390 1.65960 1.52941 0.80578 0.21289 1.07224 1
0.50909 -0.48724 1.01499 -0.27233 1.25395 -1.08827 1.11639 -1.07419 1.65960 1.52941 0.80578 0.44062 1.66739 1
1.13308 -0.48724 1.01499 -0.27233 1.19354 -0.56593 0.92810 -0.95594 1.65960 1.52941 0.80578 0.44062 0.51770 1
0.67164 -0.48724 1.01499 -0.27233 1.59914 -0.93598 0.89968 -0.93928 1.65960 1.52941 0.80578 0.44062 1.43213 2
0.45486 -0.48724 1.01499 -0.27233 1.36614 0.18839 1.05600 -0.76461 1.65960 1.52941 0.80578 -0.57467 0.93221 2
2.32920 -0.48724 1.01499 -0.27233 1.00369 0.13573 0.98139 -1.14400 1.65960 1.52941 0.80578 0.44062 1.54556 2
0.59329 -0.48724 1.01499 -0.27233 1.19354 0.26524 1.07376 -0.98273 1.65960 1.52941 0.80578 0.38672 0.62553 2
-0.25874 -0.48724 -0.43683 -0.27233 -0.14407 -0.47627 0.47693 0.09259 -0.63733 -0.60068 1.17530 -1.35905 2.10850 2
-0.39106 -0.48724 1.56744 -0.27233 0.59809 -0.60863 1.05244 -1.00985 -0.63733 0.17066 1.26768 0.38738 1.21368 2
0.72196 -0.48724 1.01499 -0.27233 1.00369 0.72495 1.07376 -1.15735 1.65960 1.52941 0.80578 0.44062 1.20247 2
0.32315 -0.48724 1.01499 -0.27233 0.25290 -0.17454 1.02402 -0.75464 1.65960 1.52941 0.80578 -0.59055 1.60297 2
-0.23260 -0.48724 -0.43683 -0.27233 -0.14407 -0.26847 1.00626 -0.01674 -0.63733 -0.60068 1.17530 -1.18697 1.07644 2
-0.40781 -0.48724 2.42017 -0.27233 0.46864 -0.42930 1.07376 -0.91510 -0.63733 1.79642 0.75959 0.36624 0.75856 2
-0.14348 -0.48724 1.23073 -0.27233 2.72965 -0.22008 1.11639 -1.12833 -0.52248 -0.03107 -1.73470 -2.01286 2.12110 2
0.87131 -0.48724 1.01499 -0.27233 0.97780 -1.96214 1.11639 -1.24464 1.65960 1.52941 0.80578 0.44062 3.09715 2
0.51645 -0.48724 1.01499 -0.27233 0.25290 -1.22063 0.95297 -0.64835 1.65960 1.52941 0.80578 -0.04484 0.76836 2
-0.32238 -0.48724 -0.43683 -0.27233 -0.14407 -0.97583 0.60838 0.31322 -0.63733 -0.60068 1.17530 -0.58332 0.54011 2
1.35725 -0.48724 1.01499 -0.27233 1.00369 0.51858 0.87837 -1.16357 1.65960 1.52941 0.80578 0.06951 1.48254 2
-0.38628 -0.48724 1.56744 -0.27233 0.59809 -0.15746 0.88903 -1.03677 -0.63733 0.17066 1.26768 0.34401 1.61138 2
0.66448 -0.48724 1.01499 -0.27233 1.36614 -0.14180 1.07021 -0.72823 1.65960 1.52941 0.80578 0.44062 0.76696 2
0.13240 -0.48724 1.01499 -0.27233 1.36614 0.34210 0.63680 -0.64550 1.65960 1.52941 0.80578 -3.34908 0.76696 2
0.39633 -0.48724 1.01499 -0.27233 1.40929 -0.39657 0.94942 -0.91202 1.65960 1.52941 0.80578 -0.40193 0.42668 2
0.22874 -0.48724 1.01499 -0.27233 1.36614 0.21543 0.68653 -0.70249 1.65960 1.52941 0.80578 -2.80940 0.49950 2
-0.39059 -0.48724 -0.61612 -0.27233 -0.92076 -1.26048 0.94942 0.98540 -0.75218 -1.03975 -0.25660 0.44062 2.54261 2
-0.30519 -0.48724 -0.43683 -0.27233 -0.14407 -0.67125 1.11639 0.14254 -0.63733 -0.60068 1.17530 0.41477 1.01203 2
-0.26260 -0.48724 -0.43683 -0.27233 -0.14407 -0.30263 1.11639 0.18044 -0.63733 -0.60068 1.17530 0.21968 0.05418 2
0.56718 -0.48724 1.01499 -0.27233 0.25290 0.09019 0.62259 -0.82744 1.65960 1.52941 0.80578 -2.99276 0.69835 2
0.68594 -0.48724 1.01499 -0.27233 1.36614 0.63102 0.90679 -0.61687 1.65960 1.52941 0.80578 -3.83367 0.84818 2
0.48116 -0.48724 1.01499 -0.27233 1.36614 0.02329 0.53733 -0.48057 1.65960 1.52941 0.80578 -0.92518 0.50090 2
-0.39396 0.04872 -0.47618 -0.27233 -0.26489 0.13146 0.91389 1.21178 -0.52248 -0.57695 -1.50375 0.39264 1.09185 2
5.52485 -0.48724 1.01499 -0.27233 0.36508 -0.75096 1.11639 -1.13123 1.65960 1.52941 0.80578 -3.87836 -0.35612 2
0.21248 -0.48724 1.01499 -0.27233 1.36614 0.52712 1.05244 -0.68378 1.65960 1.52941 0.80578 -0.01516 0.71095 2
-0.40256 -0.48724 2.42017 -0.27233 0.46864 -1.18220 0.85705 -0.93752 -0.63733 1.79642 0.75959 0.42079 0.75716 2
-0.10226 -0.48724 1.23073 -0.27233 2.72965 -0.97868 0.93521 -1.07771 -0.52248 -0.03107 -1.73470 -0.05284 1.23188 3
0.73859 -0.48724 1.01499 -0.27233 1.59914 0.28517 1.11639 -0.86272 1.65960 1.52941 0.80578 0.32922 0.86779 3
0.05625 -0.48724 1.23073 -0.27233 2.72965 -1.16228 1.11639 -1.13180 -0.52248 -0.03107 -1.73470 0.44062 1.92786 3
-0.16956 -0.48724 1.23073 -0.27233 2.72965 -0.93456 1.11639 -1.08203 -0.52248 -0.03107 -1.73470 -2.05273 0.55971 3
-0.00913 -0.48724 1.23073 3.66477 2.72965 -0.18877 0.49825 -0.97333 -0.52248 -0.03107 -1.73470 -2.94282 0.33145 3
-0.11371 -0.48724 -0.18028 -0.27233 -0.09230 -1.86678 -1.09329 -0.60580 -0.63733 -0.61848 -0.02565 -0.06818 -0.00183 3
0.32907 -0.48724 1.01499 -0.27233 0.25290 0.19978 0.22115 -0.75729 1.65960 1.52941 0.80578 -2.83394 -0.08725 3
0.17167 -0.48724 1.01499 -0.27233 1.36614 0.01760 0.82508 -0.67761 1.65960 1.52941 0.80578 0.31125 0.64653 3
0.13935 -0.48724 1.01499 -0.27233 1.36614 0.59259 0.76114 -0.56871 1.65960 1.52941 0.80578 -1.11117 0.52750 3
-0.41720 -0.48724 -1.34786 -0.27233 -0.31667 0.36345 -0.31528 1.17388 -0.98187 0.08166 -1.18041 0.36460 -0.56057 3
-0.34199 -0.48724 -0.43683 -0.27233 -0.14407 -0.67125 0.77179 0.42122 -0.63733 -0.60068 1.17530 0.22133 0.30205 3
0.86890 -0.48724 1.01499 -0.27233 1.40929 0.17985 1.11639 -0.91947 1.65960 1.52941 0.80578 -0.41540 0.33145 3
-0.39402 -0.48724 -0.21089 -0.27233 0.26153 -0.36668 0.39522 -0.61587 -0.40764 -0.10228 0.34387 0.44062 0.23483 3
-0.25573 -0.48724 1.23073 3.66477 2.72965 -0.22151 0.97429 -0.97147 -0.52248 -0.03107 -1.73470 -0.39054 0.34546 3
-0.41426 1.01346 -0.74002 -0.27233 -1.00792 -0.82354 -1.42723 1.35140 -0.98187 -0.61848 -0.71851 0.40907 -0.03124 3
0.71041 -0.48724 1.01499 -0.27233 1.59914 0.17273 1.01692 -0.82155 1.65960 1.52941 0.80578 0.32078 0.96161 3
-0.41294 -0.48724 -0.98344 -0.27233 -0.97253 -0.55028 -0.57817 2.00339 -0.75218 -0.33368 0.15911 0.08693 0.00237 3
1.21341 -0.48724 1.01499 -0.27233 0.36508 0.52997 1.11639 -1.07685 1.65960 1.52941 0.80578 -3.52291 1.19967 3
-0.40262 -0.48724 2.11552 -0.27233 0.22701 -0.61005 1.00981 -0.87887 -0.86702 -1.30676 0.29768 0.14936 1.78642 3
-0.38259 -0.48724 1.56744 -0.27233 0.59809 -0.48765 0.88547 -0.86818 -0.63733 0.17066 1.26768 0.23633 0.59472 3
-0.39943 -0.48724 -0.21089 -0.27233 0.26153 -1.01853 0.17497 -0.66255 -0.40764 -0.10228 0.34387 0.42824 0.34266 3
-0.39614 0.45606 -0.76917 -0.27233 -1.06746 -0.98437 0.28154 1.97551 -0.29279 -0.46421 0.29768 0.17324 -0.02143 3
0.00925 -0.48724 1.01499 -0.27233 1.36614 0.13004 0.70429 -0.58315 1.65960 1.52941 0.80578 0.38070 0.27964 3
-0.14911 -0.48724 1.23073 -0.27233 2.72965 -1.56363 0.89613 -1.07586 -0.52248 -0.03107 -1.73470 0.00346 2.19392 3
-0.38310 -0.48724 -0.18028 -0.27233 -0.09230 -0.52751 0.51956 0.09667 -0.63733 -0.61848 -0.02565 0.37270 0.79497 3
0.62424 -0.48724 1.01499 3.66477 1.85804 -0.10338 1.02402 -0.79443 1.65960 1.52941 0.80578 0.23064 0.69275 3
1.76683 -0.48724 1.01499 -0.27233 0.36508 -2.35781 1.11639 -1.06432 1.65960 1.52941 0.80578 -3.59148 3.04114 3
-0.35526 -0.48724 1.56744 -0.27233 0.59809 0.07168 1.05244 -0.79989 -0.63733 0.17066 1.26768 0.41619 0.60312 3
-0.33572 -0.48724 -0.43683 -0.27233 -0.14407 -0.79365 0.03286 0.00069 -0.63733 -0.60068 1.17530 0.37544 -0.19228 3
-0.41510 2.94293 -1.34494 -0.27233 -1.22280 -0.88474 -1.65815 3.22488 -0.63733 -0.44048 1.63721 0.28617 -0.64459 3
-0.40018 -0.48724 -0.16424 -0.27233 -0.06641 -0.50758 0.69719 -0.63254 -0.40764 0.14099 -0.30279 -0.12886 0.43508 4
-0.33024 -0.48724 -0.43683 -0.27233 -0.14407 0.29940 0.91745 0.31327 -0.63733 -0.60068 1.17530 0.34247 0.02058 4
0.23866 -0.48724 1.01499 -0.27233 1.59914 -0.09341 1.11639 -0.85018 1.65960 1.52941 0.80578 0.42736 0.55131 4
-0.39786 0.45606 -0.76917 -0.27233 -1.06746 -0.96729 0.05773 1.97551 -0.29279 -0.46421 0.29768 0.35551 0.81318 4
-0.39351 -0.48724 -0.37560 -0.27233 -0.29941 0.17131 0.59772 -0.51305 -0.52248 -0.14381 1.12911 -3.13133 -0.28330 4
-0.41168 2.08539 -1.37701 -0.27233 -1.24006 -0.57020 -1.77893 3.28405 -0.63733 0.01639 -0.07184 0.39056 -0.68100 4
-0.40274 0.58469 -0.87558 -0.27233 -0.87761 -0.77373 -0.08437 1.62907 -0.17794 -0.73715 0.57483 0.42101 0.06959 4
-0.40577 -0.48724 -0.16424 -0.27233 -0.06641 -0.52893 0.86416 -0.68463 -0.40764 0.14099 -0.30279 0.41926 0.49810 4
-0.40865 -0.48724 2.11552 -0.27233 0.22701 -0.57732 0.96718 -0.84947 -0.86702 -1.30676 0.29768 0.24871 0.68994 4
-0.40033 0.04872 -0.47618 -0.27233 -0.26489 -0.39941 0.61548 1.32832 -0.52248 -0.57695 -1.50375 0.32900 0.62273 4
0.01877 -0.48724 1.01499 -0.27233 0.86561 -0.47342 0.57285 -0.43859 1.65960 1.52941 0.80578 -3.66575 0.62973 4
-0.15109 -0.48724 1.23073 -0.27233 0.43412 -0.57590 1.02047 -0.66787 -0.52248 -0.03107 -1.73470 -0.09359 -0.08725 4
0.09402 -0.48724 1.01499 -0.27233 0.25290 -0.40084 0.92100 -0.59588 1.65960 1.52941 0.80578 -0.27804 1.21368 4
0.24161 -0.48724 1.01499 -0.27233 0.24427 -0.24286 0.39878 -0.11832 1.65960 1.52941 0.80578 0.39439 0.32585 4
-0.40255 -0.48724 -0.16424 -0.27233 -0.06641 -0.37522 0.49825 -0.49752 -0.40764 0.14099 -0.30279 0.41444 -0.32951 4
-0.40017 -0.48724 -0.61612 -0.27233 -0.92076 -0.85770 -1.23539 0.61991 -0.75218 -1.03975 -0.25660 0.44062 -0.34211 4
-0.39550 -0.48724 -0.37560 -0.27233 -0.29941 -0.21012 0.66877 -0.51305 -0.52248 -0.14381 1.12911 0.41400 0.11020 4
-0.40327 -0.48724 -0.16424 -0.27233 -0.06641 -0.78796 -0.11989 -0.49192 -0.40764 0.14099 -0.30279 0.38147 0.13400 4
-0.37641 -0.48724 -0.07970 3.66477 -0.56693 -1.25336 0.71140 -0.06176 -0.63733 -0.77868 0.06673 0.42243 1.58617 4
-0.41241 -0.48724 -1.15107 -0.27233 -0.81720 -0.59297 -1.51960 0.67415 -0.63733 0.12913 -0.71851 0.28223 -0.37572 4
-0.38945 -0.48724 -0.37560 -0.27233 -0.29941 -0.07918 0.80377 -0.59360 -0.52248 -0.14381 1.12911 0.37851 0.40567 4
-0.17024 -0.48724 1.23073 -0.27233 2.72965 -0.81927 1.06310 -1.03141 -0.52248 -0.03107 -1.73470 -1.03756 0.43928 4
-0.38968 -0.48724 -0.18028 -0.27233 -0.09230 -0.37237 0.77535 -0.45640 -0.63733 -0.61848 -0.02565 0.43404 -0.13066 4
-0.41607 1.01346 -0.74002 -0.27233 -1.00792 -0.36099 -1.60841 1.35140 -0.98187 -0.61848 -0.71851 0.06108 -0.67540 4
-0.40020 -0.48724 -0.37560 -0.27233 -0.29941 -0.63852 0.82863 -0.75226 -0.52248 -0.14381 1.12911 0.42714 0.84118 4
-0.41612 -0.48724 -0.86683 -0.27233 -0.34256 -0.59155 -0.79133 0.68198 -0.52248 -1.09315 0.80578 0.44062 -0.39953 4
0.35359 -0.48724 1.01499 -0.27233 1.36614 0.04606 0.51246 -0.50370 1.65960 1.52941 0.80578 0.44062 0.18722 4
-0.32105 -0.48724 -0.43683 -0.27233 -0.14407 -0.45492 0.73272 0.10318 -0.63733 -0.60068 1.17530 0.39275 0.16481 4
-0.40809 0.58469 -0.87558 -0.27233 -0.87761 -0.50900 -0.75935 1.48974 -0.17794 -0.73715 0.57483 0.44062 -0.48075 4
0.04940 -0.48724 1.01499 -0.27233 -0.19585 -0.07918 0.78600 -0.33041 1.65960 1.52941 0.80578 0.42342 0.03038 4
-0.41482 -0.48724 -1.15107 -0.27233 -0.81720 -0.20016 -1.29223 0.98711 -0.63733 0.12913 -0.71851 0.13030 -0.49895 5
-0.34716 -0.48724 -0.43683 -0.27233 -0.14407 -0.64137 -0.42897 0.33412 -0.63733 -0.60068 1.17530 0.42660 -0.58578 5
-0.05231 -0.48724 1.01499 -0.27233 0.86561 -0.74811 -0.72383 -0.34598 1.65960 1.52941 0.80578 -0.24398 0.20682 5
0.08548 -0.48724 1.01499 -0.27233 0.21838 -0.16742 0.54798 -0.36170 1.65960 1.52941 0.80578 0.44062 0.50930 5
-0.36945 -0.48724 -0.07970 3.66477 -0.56693 -1.33876 1.11639 0.03797 -0.63733 -0.77868 0.06673 0.44062 1.46154 5
0.37059 -0.48724 1.01499 -0.27233 1.36614 -0.28982 0.56219 -0.51172 1.65960 1.52941 0.80578 0.44062 0.28664 5
-0.40387 -0.48724 -0.37560 -0.27233 -0.29941 -0.16742 0.76114 -0.65253 -0.52248 -0.14381 1.12911 0.39450 -0.04524 5
-0.41782 2.94293 -1.36681 -0.27233 -1.46443 -0.07776 -1.31710 2.51419 -0.98187 -0.99229 -0.11803 -0.16511 0.03878 5
-0.40716 -0.48724 2.42017 -0.27233 0.46864 -0.42930 0.53022 -0.80027 -0.63733 1.79642 0.75959 0.44062 0.09760 5
-0.41035 -0.48724 0.24681 -0.27233 -1.01568 -0.58444 -1.13592 0.33602 -0.52248 -0.06074 0.11292 0.43141 -0.49755 5
-0.41177 -0.48724 2.11552 -0.27233 0.22701 -0.39941 0.55154 -0.75872 -0.86702 -1.30676 0.29768 0.22998 0.22643 5
-0.40371 -0.48724 0.40570 -0.27233 -1.01568 -0.70399 -0.37568 1.19910 -0.63733 -0.70748 -1.13422 0.44062 0.44628 5
-0.34689 -0.48724 -0.43683 -0.27233 -0.14407 -0.47769 -0.24068 0.43333 -0.63733 -0.60068 1.17530 0.44062 -0.61518 5
-0.40492 -0.48724 -0.16424 -0.27233 -0.06641 -0.58728 0.16076 -0.62570 -0.40764 0.14099 -0.30279 -0.19765 0.38047 5
-0.40929 -0.48724 2.11552 -0.27233 0.22701 -0.46061 0.86416 -0.81120 -0.86702 -1.30676 0.29768 0.23458 0.73896 5
-0.41511 0.71332 0.56895 -0.27233 -0.78268 -0.05072 0.30996 -0.08550 -0.63733 -0.82022 -0.11803 0.44062 -0.28890 5
-0.41626 -0.48724 -0.86683 -0.27233 -0.34256 -0.32113 -1.11105 0.48305 -0.52248 -1.09315 0.80578 0.43229 -0.58017 5
-0.40771 2.94293 -1.34494 -0.27233 -1.22280 -0.49619 -1.74341 3.22488 -0.63733 -0.44048 1.63721 0.21213 -0.99188 5
-0.14357 -0.48724 1.01499 -0.27233 0.24427 -0.58871 -0.94764 -0.03374 1.65960 1.52941 0.80578 0.15396 0.09620 5
0.14208 -0.48724 1.01499 -0.27233 0.24427 -0.54031 -0.54620 -0.30524 1.65960 1.52941 0.80578 0.34554 -0.16847 5
-0.41484 -0.48724 0.11562 -0.27233 0.15797 -0.23432 0.28865 -0.71593 -0.98187 -0.80242 1.17530 0.44062 -0.50035 5
-0.40956 0.37030 -0.60883 3.66477 -0.78268 -0.51897 -0.25134 0.05815 -0.75218 -1.09909 0.06673 0.37971 0.13961 5
-0.41576 -0.48724 -0.86683 -0.27233 -0.34256 0.03610 -1.06842 1.26483 -0.52248 -1.09315 0.80578 0.35846 -0.82664 5
-0.40998 -0.48724 0.24681 -0.27233 -1.01568 -0.20585 -0.80909 0.14031 -0.52248 -0.06074 0.11292 0.33174 -0.33371 5
0.00752 -0.48724 1.01499 -0.27233 1.85804 -1.31314 0.98139 -0.80326 1.65960 1.52941 0.80578 0.26415 -0.34492 5
-0.40520 0.04872 -0.73856 -0.27233 -1.25732 -0.56878 -1.26381 1.28363 -0.63733 -0.37521 0.20530 0.44062 -0.54096 5
-0.41598 2.94293 -1.09277 -0.27233 -1.40402 -0.58159 -1.75762 2.57645 -0.98187 -0.55321 -0.94946 0.42178 -0.47655 5
-0.36482 -0.48724 -0.18028 -0.27233 -0.09230 -0.24428 -0.34726 0.09824 -0.63733 -0.61848 -0.02565 0.43328 0.01077 5
-0.40584 -0.48724 -0.61612 -0.27233 -0.92076 -0.30690 -1.01514 0.91459 -0.75218 -1.03975 -0.25660 0.35835 -0.43454 5
-0.41354 -0.48724 0.24681 -0.27233 -1.01568 -0.07491 -0.52844 0.57893 -0.52248 -0.06074 0.11292 0.32560 -0.04384 5
-0.39230 -0.48724 -0.21089 -0.27233 0.26153 -0.37806 -0.11634 -0.65818 -0.40764 -0.10228 0.34387 0.44062 0.03738 6
-0.40904 -0.48724 0.24681 -0.27233 -1.01568 0.00194 -0.83751 0.33602 -0.52248 -0.06074 0.11292 0.29088 -0.51996 6
-0.40045 -0.48724 2.11552 -0.27233 0.22701 -0.42503 0.70429 -0.85584 -0.86702 -1.30676 0.29768 0.31049 0.30205 6
-0.22751 -0.48724 1.23073 -0.27233 2.72965 -0.23147 1.02047 -1.03388 -0.52248 -0.03107 -1.73470 0.17664 0.20262 6
-0.38878 -0.48724 -0.18028 -0.27233 -0.09230 -0.02652 0.50535 -0.25276 -0.63733 -0.61848 -0.02565 0.40217 -0.66560 6
-0.40920 0.04872 -0.47618 -0.27233 -0.26489 -0.56309 -1.05066 0.78637 -0.52248 -0.57695 -1.50375 0.37051 0.42808 6
-0.40164 -0.48724 -0.04763 -0.27233 -1.22280 -0.46061 -1.81446 0.70867 -0.63733 -0.61255 0.34387 0.22198 -0.38833 6
-0.39982 -0.48724 -0.07970 3.66477 -0.56693 -0.46204 0.83574 0.03897 -0.63733 -0.77868 0.06673 0.40064 0.64653 6
-0.37270 -0.48724 -0.71961 3.66477 -0.41160 -0.17169 0.80732 -0.35477 -0.17794 -0.60068 -0.48756 0.42243 1.23328 6
0.02746 -0.48724 1.01499 3.66477 1.85804 0.15708 0.79666 -0.61255 1.65960 1.52941 0.80578 0.37971 0.08639 6
0.00970 -0.48724 1.01499 -0.27233 1.40929 -1.88102 0.81087 -0.97010 1.65960 1.52941 0.80578 -0.44520 0.18862 6
-0.40693 0.79907 -0.90473 -0.27233 -1.09335 0.87155 -0.50712 1.20675 -0.40764 -0.64222 -0.85708 0.37873 -0.17827 6
-0.41599 0.97058 -0.73564 -0.27233 -1.05020 0.43461 -1.00093 0.80574 -0.29279 -0.47015 -1.08803 0.42802 -0.44154 6
-0.32821 -0.48724 -0.18028 -0.27233 -0.09230 -0.23147 -0.56041 -0.54839 -0.63733 -0.61848 -0.02565 0.44062 -0.93446 6
-0.40728 0.58469 -0.87558 -0.27233 -0.87761 0.24390 -0.02753 1.62912 -0.17794 -0.73715 0.57483 0.44062 -0.82944 6
-0.41179 -0.48724 -0.96887 -0.27233 -0.91213 -0.23289 -0.41831 -0.02253 -0.75218 -0.95669 0.02054 0.42145 -0.58998 6
-0.40814 0.79907 -0.90473 -0.27233 -1.09335 0.10442 -0.55686 1.53889 -0.40764 -0.64222 -0.85708 0.17609 -0.20068 6
-0.39208 -0.48724 -0.54761 -0.27233 -0.53242 -0.28698 -0.88369 0.76974 -0.52248 -0.71935 0.52864 0.44062 0.01918 6
-0.41419 -0.48724 -0.86683 -0.27233 -0.34256 0.04464 -1.08263 1.26483 -0.52248 -1.09315 0.80578 0.36186 -0.97647 6
-0.13532 -0.48724 1.23073 -0.27233 0.43412 0.16704 0.94587 -0.72780 -0.52248 -0.03107 -1.73470 -0.29174 -0.18668 6
-0.41477 1.76381 -0.84788 -0.27233 -1.29184 0.04322 -0.81619 1.67267 -0.40764 -0.68375 -0.85708 0.44062 -0.70761 6
-0.39485 -0.48724 -0.07970 3.66477 -0.56693 -0.67979 -0.52488 -0.06765 -0.63733 -0.77868 0.06673 0.37533 0.47289 6
-0.41282 -0.48724 0.11562 -0.27233 0.15797 0.43888 0.01865 -0.62518 -0.98187 -0.80242 1.17530 0.38683 -0.41773 6
-0.41258 2.51416 -1.29684 -0.27233 -1.33499 0.08592 -1.72209 1.91515 -0.52248 -0.29808 -1.68851 0.12669 -1.07590 6
-0.41466 -0.48724 -1.12629 -0.27233 -0.56693 0.18839 -0.08792 -0.33373 -0.86702 -0.82022 -0.30279 0.38892 -0.53816 6
-0.40424 -0.48724 -0.07970 -0.27233 -0.56693 -0.56024 -1.64394 0.07140 -0.63733 -0.77868 0.06673 0.44062 -0.24969 6
-0.41228 -0.48724 -1.15107 -0.27233 -0.81720 0.06884 -1.82511 0.67415 -0.63733 0.12913 -0.71851 0.20303 -0.74402 6
-0.15941 -0.48724 1.23073 -0.27233 0.43412 -0.61290 0.82508 -0.65206 -0.52248 -0.03107 -1.73470 0.42101 -0.14186 6
0.18465 -0.48724 1.01499 3.66477 1.85804 -0.22435 0.52667 -0.50925 1.65960 1.52941 0.80578 0.42451 -0.16427 6
-0.40838 -0.48724 -0.16424 -0.27233 -0.06641 0.61252 0.46272 -0.53072 -0.40764 0.14099 -0.30279 0.42627 -0.34912 6
-0.33156 0.37030 -1.04467 -0.27233 0.79657 -1.03134 -0.20516 -0.85888 -0.52248 -0.85582 -2.51994 0.39133 -0.30851 7
-0.40984 0.04872 -0.47618 -0.27233 -0.26489 -0.38803 -0.07016 0.83841 -0.52248 -0.57695 -1.50375 0.42638 -0.03124 7
-0.41522 0.71332 0.56895 -0.27233 -0.78268 0.22397 -0.53199 -0.06133 -0.63733 -0.82022 -0.11803 0.41991 -0.62919 7
-0.41288 1.22785 -1.44115 -0.27233 -1.08472 0.29229 -0.85882 2.37310 -0.98187 -0.43455 0.57483 0.44062 -0.93446 7
-0.40682 -0.48724 0.40132 3.66477 -0.04052 0.12577 0.84640 -0.20503 -0.52248 -0.78462 -0.94946 0.40600 -0.30150 7
-0.29757 -0.48724 -0.43683 -0.27233 -0.14407 -0.49762 -1.39526 0.33412 -0.63733 -0.60068 1.17530 0.33053 -0.85044 7
-0.40393 -0.48724 -1.03300 -0.27233 -0.38571 -1.01426 0.70785 -0.56938 -0.52248 -0.66595 -0.85708 0.44062 0.28524 7
-0.39899 -0.48724 -0.54761 -0.27233 -0.53242 0.13004 -0.50712 0.35397 -0.52248 -0.71935 0.52864 0.44062 -0.80983 7
1.15196 -0.48724 1.01499 -0.27233 0.65850 -3.44659 1.11639 -1.08488 1.65960 1.52941 0.80578 -2.46732 0.09479 7
-0.25443 -0.48724 1.23073 -0.27233 2.72965 0.32075 1.11639 -0.96364 -0.52248 -0.03107 -1.73470 0.08364 -0.73701 7
-0.41480 -0.48724 0.40132 3.66477 -0.04052 -0.56451 -0.44673 -0.32433 -0.52248 -0.78462 -0.94946 0.39571 0.12000 7
-0.41431 0.41318 -0.80124 -0.27233 -0.99842 -0.40795 -1.67591 1.43403 -0.63733 -0.98042 -0.76470 0.44062 -0.59138 7
-0.39739 -0.48724 -0.04763 -0.27233 -1.22280 -0.05641 -2.21589 0.70867 -0.63733 -0.61255 0.34387 0.22450 -0.71601 7
-0.41352 -0.48724 -1.12629 -0.27233 -0.56693 1.02811 0.62969 -0.17730 -0.86702 -0.82022 -0.30279 0.44062 -1.00168 7
-0.40943 -0.48724 -1.03300 -0.27233 -0.38571 0.18697 0.55154 -0.54554 -0.52248 -0.66595 -0.85708 0.42528 -0.50596 7
-0.38644 -0.48724 -0.07970 -0.27233 -0.56693 -1.24198 -2.08800 -0.09856 -0.63733 -0.77868 0.06673 -0.08482 2.36617 7
-0.41052 0.79907 -0.90473 -0.27233 -1.09335 0.27948 -1.77893 1.13732 -0.40764 -0.64222 -0.85708 0.24904 -0.88125 7
0.24352 -0.48724 1.01499 -0.27233 -0.19585 0.66233 0.22470 -0.22004 1.65960 1.52941 0.80578 0.39866 -0.68800 7
-0.21080 -0.48724 1.23073 -0.27233 0.43412 -0.58017 0.37746 -0.65020 -0.52248 -0.03107 -1.73470 -1.41371 -0.07185 7
-0.15266 -0.48724 1.23073 -0.27233 0.43412 0.04891 0.97784 -0.80497 -0.52248 -0.03107 -1.73470 -0.65265 -0.21748 7
-0.37718 -0.48724 -0.18028 -0.27233 -0.09230 0.40188 0.66522 -0.09153 -0.63733 -0.61848 -0.02565 0.42736 -0.47235 7
-0.40062 -0.48724 -0.54761 -0.27233 -0.53242 0.20120 -0.57817 0.35397 -0.52248 -0.71935 0.52864 0.44062 -0.76362 7
-0.41422 -0.48724 -0.96887 -0.27233 -0.91213 0.14854 -0.73093 0.46747 -0.75218 -0.95669 0.02054 0.44062 -0.42474 7
-0.41049 -0.48724 0.40570 -0.27233 -1.01568 -0.22435 -1.78248 0.81097 -0.63733 -0.70748 -1.13422 0.44062 -0.57037 7
-0.41715 1.87100 -1.07236 -0.27233 -0.61008 0.58548 -0.43252 0.91991 -0.52248 -0.22688 -0.39518 0.44062 -0.76642 7
-0.41937 0.28455 -1.28664 -0.27233 -0.14407 0.41326 -0.11989 0.14007 -0.98187 -0.66595 -1.45756 0.44062 -1.07450 7
-0.38168 -0.48724 -0.71961 -0.27233 -0.41160 -0.28271 -0.25134 -0.06798 -0.17794 -0.60068 -0.48756 0.21990 -0.24829 7
-0.41092 -0.48724 0.24681 -0.27233 -1.01568 -0.01656 -2.22300 0.21677 -0.52248 -0.06074 0.11292 0.41893 -0.82244 7
-0.41086 2.08539 -1.37701 -0.27233 -1.24006 0.41896 -1.16079 3.28405 -0.63733 0.01639 -0.07184 0.15451 -1.00308 7
-0.40984 -0.48724 -0.04763 -0.27233 -1.22280 0.18839 -2.20168 0.70867 -0.63733 -0.61255 0.34387 0.29636 -0.83084 7
-0.35767 -0.48724 -0.71961 -0.27233 -0.43749 -0.43215 -0.01687 -0.05867 -0.17794 -0.60068 -0.48756 0.23743 -0.14046 8
-0.38059 0.45606 -0.76917 -0.27233 -1.06746 -0.25139 -1.19631 2.02329 -0.29279 -0.46421 0.29768 0.36701 -0.48915 8
-0.40379 0.45606 -0.76917 -0.27233 -1.06746 0.28802 -1.97432 1.71042 -0.29279 -0.46421 0.29768 0.43382 -0.94567 8
-0.40678 0.37030 -0.60883 -0.27233 -0.78268 0.36060 -0.35081 0.05815 -0.75218 -1.09909 0.06673 0.41937 -0.68940 8
-0.38760 -0.48724 -0.21089 -0.27233 0.26153 -0.51043 -0.92277 -0.67120 -0.40764 -0.10228 0.34387 0.44062 0.13120 8
-0.39780 -0.48724 -0.54761 -0.27233 -0.53242 0.20831 -1.91393 0.76974 -0.52248 -0.71935 0.52864 0.40535 -1.06050 8
-0.39975 -0.48724 -0.75459 -0.27233 -0.48064 -0.45350 -1.36328 0.02482 -0.52248 -0.76682 0.34387 0.40261 -0.35332 8
-0.40157 -0.48724 -0.61612 -0.27233 -0.92076 -0.10480 -2.20524 0.91459 -0.75218 -1.03975 -0.25660 0.41389 -0.73001 8
-0.41585 0.58469 -0.91494 -0.27233 -1.11061 0.02472 -1.29223 0.76253 -0.63733 -0.75495 0.25149 0.44062 -0.83084 8
-0.39521 0.45606 -0.76917 -0.27233 -1.06746 0.21828 -2.11998 1.71042 -0.29279 -0.46421 0.29768 0.22341 -1.26915 8
-0.41511 1.76381 -0.84788 -0.27233 -1.29184 0.39903 -1.62262 1.67267 -0.40764 -0.68375 -0.85708 0.16481 -0.44014 8
-0.41676 0.71332 0.56895 -0.27233 -0.78268 -0.10480 -1.40947 -0.06133 -0.63733 -0.82022 -0.11803 0.43437 -0.90226 8
-0.39708 -0.48724 -0.07970 -0.27233 -0.56693 -0.14607 -0.92987 0.07140 -0.63733 -0.77868 0.06673 0.40480 -0.44574 8
-0.38045 -0.48724 -0.54761 -0.27233 -0.53242 0.18554 -1.01158 0.43978 -0.52248 -0.71935 0.52864 0.44062 -0.91486 8
0.10793 -0.48724 1.01499 -0.27233 1.85804 0.16135 0.69008 -0.60637 1.65960 1.52941 0.80578 0.19591 -0.68100 8
-0.35958 -0.48724 -0.71961 3.66477 -0.41160 0.49296 0.28154 0.16762 -0.17794 -0.60068 -0.48756 0.34806 -0.43594 8
-0.40365 -0.48724 -0.61612 -0.27233 -0.92076 -0.16458 -2.20168 0.91459 -0.75218 -1.03975 -0.25660 0.29241 -0.95827 8
-0.40933 0.97058 -0.73564 -0.27233 -1.05020 0.29940 -1.78248 0.80574 -0.29279 -0.47015 -1.08803 0.29504 -0.55777 8
-0.41343 -0.48724 -0.96887 -0.27233 -0.91213 0.49154 -0.44318 0.30520 -0.75218 -0.95669 0.02054 0.39023 -0.85744 8
-0.41673 1.22785 -1.44115 -0.27233 -1.08472 0.93133 -1.21053 2.37310 -0.98187 -0.43455 0.57483 0.36339 -0.94707 8
-0.37847 -0.48724 -0.71961 3.66477 -0.41160 0.94841 0.70785 -0.44324 -0.17794 -0.60068 -0.48756 0.38366 -0.41213 8
-0.27205 -0.48724 1.23073 3.66477 0.43412 -0.04929 0.85350 -0.94820 -0.52248 -0.03107 -1.73470 -0.19447 -1.00168 8
-0.40330 0.04872 -0.47618 -0.27233 -0.26489 -0.16031 0.97784 1.02362 -0.52248 -0.57695 -1.50375 0.44062 0.90980 8
-0.41386 -0.48724 0.40570 -0.27233 -1.01568 0.37626 -0.62436 1.02833 -0.63733 -0.70748 -1.13422 0.39625 -0.73701 8
-0.40282 -0.48724 -0.37560 -0.27233 -0.29941 0.62960 0.40233 -0.48309 -0.52248 -0.14381 1.12911 0.41718 -0.45274 8
1.25847 -0.48724 1.01499 -0.27233 0.36508 0.80750 1.11639 -1.10630 1.65960 1.52941 0.80578 -1.94221 0.99802 8
-0.41590 2.94293 -0.90182 -0.27233 -1.24006 0.49154 -1.60486 0.62765 -0.63733 -0.96855 0.34387 0.44062 -1.11371 8
0.96931 -0.48724 1.01499 -0.27233 0.90013 -0.96302 1.11639 -1.19192 1.65960 1.52941 0.80578 -0.26928 -0.07325 8
-0.41532 0.58469 -0.91494 -0.27233 -1.11061 0.62960 -1.24605 0.76253 -0.63733 -0.75495 0.25149 0.44062 -1.03109 8
-0.40591 -0.48724 -1.20209 -0.27233 -0.94665 0.48443 -0.38278 -0.14240 -0.86702 -0.78462 -0.21041 0.01430 -0.84064 8
-0.41373 0.92771 -1.30559 -0.27233 -0.71364 0.47162 -0.37213 -0.20185 -0.29279 -1.10502 -0.02565 0.40184 -0.52136 9
-0.41603 2.94293 -0.90182 -0.27233 -1.24006 0.82031 -1.44499 0.62765 -0.63733 -0.96855 0.34387 0.44062 -1.30556 9
-0.41663 -0.48724 -1.30559 -0.27233 -0.83446 0.20689 -0.35081 1.07667 -0.75218 -1.10502 0.11292 0.41017 -1.04229 9
-0.41195 -0.48724 0.40132 -0.27233 -0.04052 0.50862 0.58706 -0.17759 -0.52248 -0.78462 -0.94946 0.39549 -0.41493 9
-0.41364 2.51416 -1.29684 -0.27233 -1.33499 1.07650 -2.08090 1.91515 -0.52248 -0.29808 -1.68851 0.16327 -1.10811 9
-0.41843 2.08539 -1.19626 -0.27233 -1.32636 0.45454 -1.76827 1.15142 -0.98187 -0.84988 -1.31899 0.21935 -1.15852 9
-0.41235 -0.48724 -1.03300 -0.27233 -0.38571 0.37199 -1.26026 -0.31474 -0.52248 -0.66595 -0.85708 0.37555 -1.02549 9
-0.41054 0.45606 -0.76917 -0.27233 -1.06746 0.95694 -2.19458 2.42752 -0.29279 -0.46421 0.29768 0.32221 -1.27755 9
-0.40548 1.44223 -1.12192 -0.27233 -1.01568 0.38622 -1.40236 0.36646 -0.52248 -0.06074 -1.50375 0.28661 -1.13331 9
0.12014 -0.48724 1.01499 -0.27233 0.51179 0.98968 -0.03463 -0.59939 1.65960 1.52941 0.80578 0.19723 -0.13906 9
-0.34376 0.37030 -1.04467 -0.27233 0.79657 0.79327 1.11639 -0.84738 -0.52248 -0.85582 -2.51994 0.38618 -0.80563 9
-0.41811 3.37170 -1.32891 -0.27233 -1.24869 0.63102 -1.15368 3.95660 -0.52248 -1.31269 -0.67232 0.30435 -1.14172 9
-0.41207 1.44223 -1.12192 -0.27233 -1.01568 0.64668 -1.34197 1.27499 -0.52248 -0.06074 -1.50375 0.36186 -1.11511 9
-0.32876 0.37030 -1.04467 -0.27233 0.79657 1.03807 0.56930 -0.78935 -0.52248 -0.85582 -2.51994 0.30008 0.29925 9
-0.41689 2.72855 -1.19335 -0.27233 -1.09335 0.44173 -1.66170 0.76272 -0.75218 -0.92702 -0.07184 0.42670 -1.16692 9
-0.32416 0.37030 -1.04467 -0.27233 0.79657 1.48355 0.92100 -0.81504 -0.52248 -0.85582 -2.51994 0.40250 -0.19648 9
-0.41756 2.08539 -1.19626 -0.27233 -1.32636 0.73349 -2.08445 1.15142 -0.98187 -0.84988 -1.31899 0.40195 -1.06750 9
-0.36874 -0.48724 -0.71961 -0.27233 -0.43749 0.38053 -1.67591 -0.19943 -0.17794 -0.60068 -0.48756 0.25923 -1.24534 9
-0.36060 -0.48724 -0.71961 -0.27233 -0.41160 1.52767 0.10747 0.16762 -0.17794 -0.60068 -0.48756 0.36580 -1.10951 9
-0.37216 -0.48724 -0.71961 -0.27233 -0.43749 1.25013 0.40233 -0.27513 -0.17794 -0.60068 -0.48756 0.16875 -0.88125 9
-0.41095 1.44223 -1.12192 -0.27233 -1.01568 0.70788 -0.97606 -0.00306 -0.52248 -0.06074 -1.50375 0.40743 -0.83644 9
-0.40894 1.22785 -0.68900 -0.27233 -0.92939 0.81035 -0.91566 0.22427 -0.63733 -0.91515 -0.39518 0.44062 -1.35457 9
-0.41354 1.22785 -0.68900 3.66477 -0.92939 0.67372 -1.26737 0.13419 -0.63733 -0.91515 -0.39518 0.44062 -1.27755 9
-0.40847 -0.48724 -1.26477 -0.27233 -0.57556 0.39618 0.96008 -0.45022 -0.75218 -1.27709 -0.30279 0.44062 -0.97647 9
-0.41298 1.22785 -0.68900 3.66477 -0.92939 0.77050 -1.45565 0.50708 -0.63733 -0.91515 -0.39518 0.40283 -1.18933 9
-0.40848 0.97058 -0.73564 -0.27233 -1.05020 0.99253 -1.80735 0.80574 -0.29279 -0.47015 -1.08803 0.36975 -1.09130 9
-0.40793 1.22785 -0.68900 3.66477 -0.92939 1.39815 -0.69541 0.47117 -0.63733 -0.91515 -0.39518 0.35682 -0.92466 9
-0.41544 2.94293 -1.40179 -0.27233 -1.30047 1.42662 -1.22474 1.66878 -0.86702 -0.47015 -2.70470 0.44062 -1.20053 9
-0.35731 0.37030 -1.04467 -0.27233 0.79657 1.30706 0.46983 -0.79923 -0.52248 -0.85582 -2.51994 0.39571 -0.42894 9
-0.41693 -0.48724 -0.59279 -0.27233 -0.73953 1.28145 -0.26555 0.55661 -0.86702 -0.98635 -0.30279 0.39604 -1.20753 9
-0.41037 1.44223 -1.12192 -0.27233 -1.01568 1.28145 -1.05421 0.36646 -0.52248 -0.06074 -1.50375 0.44062 -1.01708 10
-0.41644 3.58609 -1.40908 -0.27233 -1.30910 0.98256 -1.89261 1.83233 -0.75218 -0.03701 -0.67232 0.44062 -1.13331 10
-0.39564 0.37030 -1.13796 -0.27233 -0.96477 0.75057 -1.29223 0.14516 -0.52248 -1.14062 -1.64232 0.44062 -1.09270 10
-0.41858 3.37170 -1.44552 -0.27233 -1.30910 1.37253 -1.65815 2.32775 -0.52248 -1.08129 -0.25660 0.42999 -1.09830 10
-0.41579 0.37030 -1.13796 -0.27233 -0.96477 0.97260 -1.11461 0.68844 -0.52248 -1.14062 -1.64232 0.38946 -1.12911 10
-0.34296 0.37030 -1.04467 -0.27233 0.79657 1.49209 1.11639 -0.90252 -0.52248 -0.85582 -2.51994 0.29154 -0.68100 10
-0.41003 1.44223 -1.12192 -0.27233 -1.01568 1.27148 -1.50183 1.27499 -0.52248 -0.06074 -1.50375 0.37040 -1.36997 10
-0.35615 0.37030 -1.04467 -0.27233 0.79657 1.31133 0.81798 -0.88566 -0.52248 -0.85582 -2.51994 0.34192 -0.63759 10
-0.40956 1.44223 -1.12192 -0.27233 -1.01568 0.94841 -1.67236 1.27499 -0.52248 -0.06074 -1.50375 0.23009 -1.05769 10
-0.41338 -0.48724 -1.26477 -0.27233 -0.57556 0.98968 -0.36147 -0.45877 -0.75218 -1.27709 -0.30279 0.44062 -1.06610 10
-0.41093 2.94293 -0.90182 -0.27233 -1.24006 1.22879 -1.45210 0.62765 -0.63733 -0.96855 0.34387 0.44062 -1.27335 10
-0.40605 -0.48724 -1.20209 -0.27233 -0.94665 2.53960 0.26378 -0.14240 -0.86702 -0.78462 -0.21041 0.44062 -1.18233 10
-0.35322 -0.48724 -0.71961 -0.27233 -0.41160 2.92103 0.16786 0.02059 -0.17794 -0.60068 -0.48756 0.32024 -1.42599 10
-0.41757 3.05012 -1.32745 -0.27233 -1.20554 1.88633 -1.87840 1.17536 -0.86702 -0.35741 -1.73470 0.42397 -1.33636 10
-0.37721 0.45606 -0.76917 -0.27233 -1.06746 2.81002 -2.13774 2.42752 -0.29279 -0.46421 0.29768 0.44062 -1.27615 10
-0.35726 0.37030 -1.04467 -0.27233 0.17523 1.68707 -0.56752 -0.43835 -0.52248 -0.85582 -2.51994 0.36832 -1.32936 10
-0.41058 -0.48724 -1.20209 -0.27233 -0.94665 2.18521 -1.12526 -0.14240 -0.86702 -0.78462 -0.21041 0.40370 -1.27195 10
-0.41594 0.37030 -1.13796 -0.27233 -0.96477 2.18521 -0.14476 0.42725 -0.52248 -1.14062 -1.64232 0.33557 -1.24534 10
-0.38157 -0.48724 -0.71961 -0.27233 -0.41160 2.79294 0.06484 -0.06798 -0.17794 -0.60068 -0.48756 0.24400 -1.21874 10
-0.41602 3.58609 -1.23270 -0.27233 -1.19605 2.23218 -1.25671 0.62827 -0.63733 -1.09315 -1.73470 0.39549 -1.23834 10
-0.24997 -0.48724 1.23073 -0.27233 0.43412 1.71411 0.78956 -0.86628 -0.52248 -0.03107 -1.73470 0.19449 -1.52961 10
-0.24350 -0.48724 1.23073 3.66477 0.43412 2.97511 0.89968 -0.77553 -0.52248 -0.03107 -1.73470 0.34806 -1.30696 10
-0.18640 -0.48724 1.23073 -0.27233 0.43412 2.34034 0.98139 -0.83067 -0.52248 -0.03107 -1.73470 0.13830 -1.25374 10
-0.41850 2.94293 -1.55630 -0.27233 -1.14513 2.26349 -1.29934 0.88016 -0.63733 -0.90922 -1.87327 0.41137 -1.35597 10
-0.41777 3.58609 -1.23270 -0.27233 -1.19605 2.48978 -1.30289 0.62827 -0.63733 -1.09315 -1.73470 0.37106 -1.36857 10
-0.35884 -0.48724 -0.71961 -0.27233 -0.43749 3.47325 0.51246 -0.42771 -0.17794 -0.60068 -0.48756 0.27741 -1.12351 10
-0.34901 0.37030 -1.04467 -0.27233 0.79657 3.44336 0.65101 -0.94697 -0.52248 -0.85582 -2.51994 0.36175 -1.05489 10
0.14936 -0.48724 1.01499 -0.27233 0.65850 -1.87105 1.11639 -1.16946 1.65960 1.52941 0.80578 0.20643 -1.31536 10
0.23908 -0.48724 1.01499 3.66477 0.65850 0.56697 1.00271 -1.15797 1.65960 1.52941 0.80578 0.20435 -1.24954 10
0.54103 -0.48724 1.01499 3.66477 0.97780 -0.58301 0.74693 -1.26582 1.65960 1.52941 0.80578 -0.09633 -0.52836 10
