0.81582 -0.49855 1.07388 0.99845 -0.93096 -0.88617 0.74910 1.32459 1
-0.17101 1.32540 0.48044 1.11338 -0.83710 -0.76139 -1.18104 1.32459 1
1.31598 0.87095 -1.18651 -1.08299 -0.75146 -0.75037 0.26612 -0.45107 1
1.59155 0.86472 0.31366 1.20206 -0.97603 -0.50512 -1.23342 0.43676 1
-0.00371 -1.27236 1.50303 0.15664 -0.61155 -0.91947 1.00890 -0.45107 1
0.77864 -0.95403 1.29730 0.56026 -0.64507 -0.62001 -1.24515 0.43676 2
-1.61757 -0.57214 -0.29375 0.00046 -0.79140 -0.67767 1.45052 1.32459 2
1.18435 1.09434 0.86504 -0.21686 -0.96633 -0.40342 0.93643 -0.45107 2
0.69446 -0.87162 0.00587 -0.10416 -0.90819 -0.43548 0.85917 -0.45107 2
-0.40342 0.68508 -0.12694 -1.29162 0.01072 -0.98726 -0.98556 -1.33890 2
0.96686 -0.64215 0.25898 1.19966 -0.63558 -0.47279 0.71966 1.32459 3
-1.06208 1.68683 1.16843 -1.19537 -0.36021 -0.65285 -0.23359 1.32459 3
-0.28673 1.66684 1.15791 0.01374 0.24819 -0.87345 -0.95386 1.32459 3
-0.82647 1.61725 0.22749 0.15292 -0.48100 -0.37814 -0.89288 -0.45107 3
0.62226 -0.00248 0.34915 -1.59891 -0.71097 -0.46541 0.29537 -0.45107 3
-0.05786 1.12606 -1.20243 -1.01198 -0.75101 -0.18174 1.12696 0.43676 4
1.40442 0.67351 -0.46783 -0.82587 -0.87700 -0.13533 0.77345 -0.45107 4
1.67577 0.49932 -0.57378 0.69137 -0.83383 0.05608 1.17573 -0.45107 4
1.26160 -1.62749 -0.96318 0.98329 -0.31649 -0.14363 0.18592 1.32459 4
0.13120 0.24534 -0.00479 -0.11297 0.13378 -0.75580 0.19985 1.32459 4
-0.31285 0.06227 0.29847 -0.69570 -0.05844 -0.28632 -1.63745 1.32459 5
-0.79992 1.32319 -1.02433 0.86104 0.51041 -0.81663 -0.65103 -1.33890 5
-1.28789 1.69848 -1.41128 -0.69961 -0.47217 0.18335 -0.03530 0.43676 5
0.58256 -1.46287 0.79500 -1.28672 -0.94453 0.64444 0.71720 -0.45107 5
-0.24906 -1.41053 1.22549 1.18834 -0.18000 -0.21073 -0.89266 -1.33890 5
1.64568 0.65360 -0.99887 0.80342 -0.27039 -0.19725 0.28063 0.43676 6
1.37384 -1.03317 1.50281 -0.02018 0.25789 -0.24475 0.27664 0.43676 6
1.35735 -0.79773 1.22944 0.91707 0.55253 -0.28324 0.42654 0.43676 6
-0.10024 0.89840 1.66125 1.08373 0.48475 -0.49456 -2.34425 0.43676 6
-0.58369 0.44818 1.50299 1.36458 0.54984 -0.40905 1.27270 -0.45107 6
0.01439 -0.86707 -1.65719 -1.17849 -0.24309 0.17516 -1.37371 1.32459 7
-0.80037 -1.17104 1.27983 0.23205 1.03183 -0.68965 0.47120 0.43676 7
-1.33121 -1.20922 -1.25371 1.42260 0.15523 -0.30252 -1.09198 1.32459 7
-0.33744 -0.15192 0.07432 1.46973 0.69088 -0.35880 -1.87914 0.43676 7
0.05804 1.45218 -0.17457 -0.92428 -0.87311 0.36641 -1.99081 0.43676 7
0.16744 -0.29591 0.87261 0.30707 1.71736 -0.90086 -0.83928 -1.33890 8
0.13998 -0.09730 -0.55955 -0.05013 0.02937 0.36977 1.00381 -0.45107 8
-1.19082 -1.18089 -0.15922 -1.68655 -0.94296 0.78834 -0.99956 0.43676 8
-0.45645 0.58076 0.59846 -0.96882 1.54639 -0.78220 0.78991 -1.33890 8
0.86659 0.62958 1.35801 1.16313 -0.42893 0.92191 0.48801 -0.45107 8
0.86400 -0.31158 -0.39178 -0.84143 -0.49507 2.12017 0.16054 0.43676 9
-0.63377 -1.64746 1.61227 -1.32357 -0.15490 1.52560 -0.95377 0.43676 9
1.62612 1.05876 -1.38885 1.30885 0.23521 0.39913 -0.57916 1.32459 9
-0.04668 0.86041 -1.10481 0.22479 -0.43159 0.39379 -1.98229 -0.45107 9
0.49039 0.22624 0.55854 0.48344 2.83906 -0.42558 -0.24275 1.32459 9
-0.53477 0.11917 1.61685 -0.81162 0.68788 1.82489 0.23004 0.43676 10
0.93031 -1.44455 0.34591 0.18148 2.83902 0.12593 -0.94761 0.43676 10
0.93266 1.65115 0.80537 0.77659 2.26419 1.17485 1.64297 -0.45107 10
-1.36912 -0.85978 1.00449 0.63436 1.82820 0.71347 0.24616 0.43676 10
-0.97813 -1.44962 -0.64663 -1.45850 0.34230 4.17868 0.11364 1.32459 10
