-1.64276 -1.65575 -0.63095 -0.48967 -0.83809 -0.98902 0.19496 0.43676 1
-1.06694 0.10490 -1.68003 -0.08578 -0.65713 -0.86078 -0.01040 -0.45107 1
-1.58288 -0.26431 0.06097 -0.26890 -0.64038 -0.49954 -1.79116 1.32459 1
0.76149 1.06375 1.35292 -0.35981 -0.93423 -0.85430 -2.32831 1.32459 1
-0.69492 0.73363 0.62282 -1.22752 -0.50203 -0.84952 0.33369 -0.45107 1
-1.66678 -0.69901 1.70506 0.66178 -0.53445 -0.88826 0.70946 -1.33890 2
1.66071 1.71729 -1.34215 1.74514 -0.92250 -0.61822 -0.39028 -1.33890 2
-1.28470 -1.65547 -0.56001 -0.78858 -0.69725 -0.62750 1.52772 -0.45107 2
-0.90994 -1.48466 -1.67073 1.25832 -0.40983 -0.75799 1.43820 1.32459 2
-0.54743 -1.45694 -0.41971 -0.76035 -0.63153 -0.61539 -2.06077 -1.33890 2
1.13387 -0.40893 -0.10764 -1.37292 -0.66222 -0.64397 -0.98845 -0.45107 3
0.09043 1.39766 -0.90942 0.29872 -0.45192 -0.82507 -1.66035 -0.45107 3
-0.34151 1.39961 0.35925 -0.93765 0.22704 -0.97372 -1.81667 1.32459 3
-0.37302 -1.54004 0.19346 1.15934 -0.43584 -0.67589 -1.59229 -1.33890 3
-0.55602 -0.84311 1.56343 1.76124 -0.60762 -0.26258 -0.32732 1.32459 3
1.22313 1.31617 0.64664 0.81756 -0.81873 0.09013 -0.69970 0.43676 4
0.02610 -1.24038 0.37043 -0.41517 -0.86019 -0.02330 0.73386 -0.45107 4
1.02213 1.38931 0.51056 -0.45862 0.14601 -0.69949 -1.47945 0.43676 4
0.75317 1.11734 -1.13763 1.48575 -0.19472 -0.46273 0.91468 0.43676 4
-0.56827 -0.46095 1.57417 1.13506 -0.12482 -0.55760 1.32538 1.32459 4
0.18228 0.11669 1.48170 -0.85849 -0.45713 -0.27614 1.77779 -0.45107 5
-1.10838 1.68644 -1.63249 1.72271 -0.52668 0.14243 1.04121 1.32459 5
-0.62198 -0.81177 1.31354 0.63957 -0.75006 0.11948 1.57706 -0.45107 5
-0.50681 -1.29861 -0.73155 0.77383 0.00462 -0.32113 -0.47791 0.43676 5
-1.20124 0.40825 1.51814 1.27328 0.28101 -0.29039 1.20534 0.43676 5
0.32307 -1.56241 0.81728 -0.07121 0.40757 -0.52327 -1.49448 -1.33890 6
-1.50161 -0.31548 -1.65367 0.82355 -0.92267 0.28476 -0.28295 1.32459 6
-1.68146 -1.08292 0.10341 -1.08648 -0.68257 0.58495 0.66161 -0.45107 6
1.67716 0.31642 0.06239 -0.26355 -0.48093 0.11999 1.37252 0.43676 6
1.38725 -1.33933 0.51611 -0.41622 0.82035 -0.67111 -0.83585 1.32459 6
-0.89590 -0.54120 -0.02722 -1.09839 -0.52987 0.84760 -0.77308 1.32459 7
1.12413 -0.05146 0.38654 -0.37342 0.15009 0.56478 0.19641 -0.45107 7
0.86134 0.67533 -1.53043 0.92705 -0.09963 -0.34383 -0.97544 0.43676 7
-1.14346 -1.57770 -1.57302 1.13432 0.82280 -0.68248 -1.10204 1.32459 7
1.16851 -0.86702 -0.35532 -0.58927 1.33019 -0.94399 -0.81892 -1.33890 7
-1.66194 -1.60029 0.46175 1.50607 0.09147 0.70616 0.88458 -0.45107 8
-1.44496 -0.22172 -1.02162 1.15784 -0.53216 -0.29092 -2.26791 -0.45107 8
0.35618 -0.77863 0.00251 -0.21458 0.37341 0.50341 -1.65548 1.32459 8
1.15333 1.55189 -0.32549 -0.11313 -0.21889 0.57902 -0.52484 0.43676 8
0.86936 -0.92302 -0.78028 -0.02212 1.48321 -0.31398 1.29843 -1.33890 8
-1.01339 1.35904 -0.59389 0.90570 1.28999 0.23912 -0.08335 -1.33890 9
-1.07079 -0.55487 1.63946 -0.59939 0.38017 0.55393 -0.70741 -1.33890 9
0.86750 0.82960 1.58367 -0.11602 -0.01820 1.06515 0.54603 0.43676 9
1.63165 0.13476 1.50855 -0.75033 1.44996 -0.24929 0.48983 1.32459 9
-0.94876 0.71995 -0.26160 0.09747 0.19168 1.97334 0.62773 0.43676 9
-0.58651 1.46929 -0.11149 1.52995 0.41336 1.73358 -0.47566 0.43676 10
-0.55423 -0.54316 -0.68898 -0.20001 2.29247 -0.19105 0.37990 1.32459 10
-1.31818 -1.57944 -0.01890 1.01513 -0.13274 2.46725 0.78505 0.43676 10
1.06390 0.93600 -1.01191 0.44277 1.80382 1.18593 -0.53470 1.32459 10
1.37651 1.02761 1.27445 -0.85413 -0.61784 3.20522 0.54403 -1.33890 10
