0.23058 -1.67977 0.74887 -0.29446 -0.69179 -0.66551 0.10258 1.32459 1
0.14563 -0.75706 -1.20320 1.19449 -0.79828 -0.92832 1.04412 -0.45107 1
-0.81399 0.30786 0.54127 -0.41967 -0.63577 -0.97349 -0.37926 1.32459 1
-1.51752 -0.94275 -0.69459 1.59716 -0.72134 -0.94757 0.82784 -1.33890 1
0.67843 -0.83981 -0.52388 0.42607 -0.69395 -0.88324 1.02799 1.32459 1
-0.43924 1.45750 0.21252 0.03452 -0.25993 -0.94014 0.27441 1.32459 2
-0.02332 1.27114 0.29183 1.30043 -0.08434 -0.76678 0.55885 1.32459 2
-0.62735 -0.88932 0.78427 -0.32893 -0.34005 -0.97542 0.45819 -1.33890 2
-1.08713 0.04325 1.61027 0.01516 -0.33071 -0.95517 1.07051 -1.33890 2
-0.69162 -0.03525 0.26661 -0.26913 -0.11974 -0.84249 -0.05245 -0.45107 2
-1.47768 0.05688 1.70709 0.71016 -0.83257 -0.35976 1.49812 1.32459 3
1.33077 0.91245 0.07197 -0.60804 -0.59041 -0.46178 0.40520 -0.45107 3
-0.02392 -1.05744 0.19609 -1.05022 0.01706 -0.75218 -1.11567 -0.45107 3
1.35908 1.52501 -1.70558 -1.70266 -0.87531 -0.89044 -1.90645 0.43676 3
-0.71495 -1.16947 -0.38402 -1.03590 0.02886 -0.85809 1.10831 -1.33890 3
0.04577 -0.67332 0.46123 1.40276 -0.32038 -0.49284 0.40134 -1.33890 4
-0.68086 -1.02524 -0.13441 0.15298 -0.48680 -0.42169 0.91915 -1.33890 4
1.12588 -0.58377 -1.64968 -1.06031 -0.57312 -0.36170 0.54931 -1.33890 4
0.28340 -1.24538 1.30922 -1.21083 -0.78237 -0.26561 0.94699 -1.33890 4
0.43102 0.75905 0.89118 -0.24266 0.76441 -0.76774 -2.06227 1.32459 4
1.08124 -1.02342 0.52585 0.89151 -0.56312 -0.15571 -0.27523 -1.33890 5
0.10856 -1.48639 -0.63369 -0.27706 -0.71609 -0.19452 -1.16242 -0.45107 5
0.64609 1.37812 0.85232 -0.41716 0.42860 -0.90875 -0.39654 -1.33890 5
-0.88990 1.02139 -1.09790 0.86182 -0.95245 0.19694 -1.01311 -0.45107 5
1.70086 1.20049 0.66409 1.38961 0.20355 -0.49865 0.22940 0.43676 5
-1.04181 0.51507 0.32411 -1.34178 1.06573 -0.95610 0.65643 -0.45107 6
1.64568 0.65360 -0.99887 0.80342 -0.27039 -0.19725 0.28063 0.43676 6
-0.39303 1.48391 -0.20673 -1.28528 -0.98744 0.31402 0.52193 -1.33890 6
-0.79593 1.66154 0.00204 0.41634 -0.08186 0.11601 -1.21374 1.32459 6
-1.51768 0.84474 -1.10062 -1.57715 -0.84016 -0.07664 -0.91735 1.32459 6
-0.01969 -0.20294 1.11917 -1.43321 -0.54977 0.51454 -0.92897 0.43676 7
1.66266 -0.47099 -0.96489 1.34884 -0.42087 0.46823 0.43925 -0.45107 7
0.94611 -0.01293 -1.67046 1.22028 0.89585 -0.15060 1.08947 0.43676 7
-0.89274 -0.75297 1.06360 1.46719 1.02477 -0.54464 -1.79089 1.32459 7
-0.51367 -1.59878 -0.74350 1.49269 1.05530 -0.66038 -0.46212 -1.33890 7
1.51104 1.14194 -0.11050 0.53398 1.02411 -0.66127 1.50502 1.32459 8
-0.17231 -0.90506 0.73729 1.11166 1.80411 -0.88588 1.02595 -1.33890 8
-1.65182 0.71546 -1.60924 1.50093 0.24825 0.97707 0.65489 -0.45107 8
1.36011 1.31318 -0.47109 -0.25761 0.31330 0.27309 -0.54410 0.43676 8
0.96080 -1.40902 0.32181 0.53316 0.19092 0.17893 -1.36653 -0.45107 8
0.11335 0.18332 -0.92879 -1.02786 1.92396 -0.93293 1.26272 0.43676 9
-1.34598 -0.27033 -1.49895 -0.09599 2.04995 -0.51055 1.41099 -0.45107 9
-0.91806 1.59470 -0.21811 0.80168 1.44724 1.18285 0.64200 1.32459 9
0.32325 1.37268 -1.38658 -1.56534 2.15719 -0.20651 1.38268 1.32459 9
-0.68352 0.24198 -0.53453 -1.11812 2.04562 0.32278 0.71979 -0.45107 9
-0.89999 1.23982 -0.65513 -0.95196 0.09168 1.88097 0.10105 0.43676 10
1.58690 -1.23839 0.82487 -0.07879 -0.91712 1.53422 -1.87303 1.32459 10
1.47932 -0.21266 -1.48236 0.91938 1.97947 1.53753 0.06725 1.32459 10
1.63724 -0.82372 1.69747 -1.45690 2.88118 0.54693 -1.73408 -1.33890 10
-0.78457 0.55636 -0.17120 -0.95132 5.62037 -0.65607 0.43273 -0.45107 10
