0.35465 -0.34439 -0.72920 -0.98942 -0.88705 -0.80932 -1.18319 0.43676 1
0.43879 1.22057 -1.61230 1.58994 -0.74378 -0.91400 1.42386 -0.45107 1
-0.30567 1.55448 0.09609 0.27738 -0.76112 -0.88227 1.22871 1.32459 1
-1.00189 1.33704 -1.28496 -1.60457 -0.78666 -0.78710 0.85573 -0.45107 1
-0.57926 1.31315 -0.04380 0.80008 -0.92655 -0.57317 0.80820 -1.33890 1
-0.56594 1.14649 1.47594 1.27428 -0.49581 -0.71763 0.63261 0.43676 2
0.03474 0.30024 0.26924 -1.31223 -0.24394 -0.59174 0.36545 1.32459 2
-0.45897 0.37905 -1.29732 -0.98904 -0.80842 -0.35781 0.43228 0.43676 2
-0.02667 -1.44437 0.92418 0.55487 -0.89737 -0.17155 -1.05896 -1.33890 2
0.94459 1.34998 0.05182 -1.65382 -0.55239 -0.89947 0.62932 -1.33890 2
0.82417 1.20169 0.19618 -1.51379 0.01311 -0.84471 1.07160 1.32459 3
0.96686 -0.64215 0.25898 1.19966 -0.63558 -0.47279 0.71966 1.32459 3
-0.11670 -1.48156 0.98623 0.21280 -0.40558 -0.74006 0.68329 -1.33890 3
-1.61474 -0.38391 0.94338 -0.27416 -0.31752 -0.67458 -1.37409 -0.45107 3
-1.42566 -0.68738 0.53756 0.19876 -0.41339 -0.17009 0.50302 1.32459 3
-0.79571 0.26672 -1.27616 0.77694 -0.74065 -0.24212 0.74203 -1.33890 4
-1.54133 1.13730 0.69244 -0.93858 -0.94899 0.32809 0.77133 -0.45107 4
1.18875 -0.28079 -0.46421 -1.10363 -0.30265 -0.47825 -1.15381 -1.33890 4
0.34668 -0.12716 -0.54687 0.94296 0.44319 -0.75264 0.62566 0.43676 4
0.59784 0.15410 -1.63771 1.58102 -0.85840 -0.27017 -0.45488 0.43676 4
0.50236 -1.35592 0.43127 1.08041 -0.92216 -0.18326 -0.37678 -1.33890 5
0.36988 -1.21484 1.06078 -1.19989 -0.77688 0.27268 0.86173 0.43676 5
-0.90971 0.40888 -1.44096 0.10490 -0.87707 0.35347 1.32846 -1.33890 5
-1.22609 1.45003 1.35195 0.78346 0.58146 -0.83707 1.14233 0.43676 5
-0.00811 -1.47755 -0.59330 0.17632 0.55835 -0.71299 0.99988 1.32459 5
-0.56452 -0.95549 -0.81562 -1.50452 -0.79288 0.09743 0.95099 0.43676 6
0.14761 -1.16771 1.52779 1.59037 -0.20923 0.24775 0.10329 -1.33890 6
-0.87958 -0.73486 -0.04277 -0.12019 -0.59133 0.29445 1.37891 1.32459 6
-0.06866 -1.58506 0.37826 1.03930 0.72056 -0.34892 -0.73706 1.32459 6
1.03354 0.12243 -1.38066 -0.08900 0.34303 -0.68475 -1.21126 -1.33890 6
0.98047 -0.96065 1.08010 1.01923 -0.07051 0.45484 -1.73790 0.43676 7
0.54731 0.92496 0.51980 -0.36035 -0.79720 1.29370 0.56725 1.32459 7
0.86614 1.17006 1.62463 1.19408 1.54472 -0.79082 1.52122 -0.45107 7
-1.50159 0.74560 -1.34040 -1.23436 -0.06836 0.44055 1.54553 -1.33890 7
-1.30493 -1.42909 -0.36949 1.32645 -0.77415 0.77287 -0.95438 1.32459 7
1.09442 0.53915 0.75116 0.55591 0.20515 0.35219 0.31759 0.43676 8
-1.68016 1.44368 -0.13319 -0.84274 0.48690 -0.09400 -1.26608 0.43676 8
-0.61292 1.16981 0.33427 -1.09900 0.14376 0.20238 -1.04285 -1.33890 8
-0.17231 -0.90506 0.73729 1.11166 1.80411 -0.88588 1.02595 -1.33890 8
1.35019 0.22848 -0.80937 1.61780 -0.91137 1.50168 -0.68751 1.32459 8
-0.08044 0.49895 -1.53085 -0.71375 1.58735 -0.55890 1.37087 0.43676 9
-0.47756 1.55482 -1.39591 -1.10468 0.39566 -0.18113 -2.18830 -1.33890 9
1.21553 -1.04988 -1.50848 1.48053 0.18502 0.66176 0.75832 -0.45107 9
-1.55719 -1.09239 0.88618 -1.51919 -0.88539 1.87124 0.36968 -0.45107 9
0.51880 -0.96470 -0.04163 -0.05709 2.60551 -0.83629 0.79542 1.32459 9
-1.55777 1.19831 -0.35352 0.32787 -0.11976 2.06682 0.26533 -1.33890 10
1.62304 0.00626 -0.09985 -0.08618 1.53083 0.93682 -0.20397 1.32459 10
-1.16313 -0.95172 0.87265 0.16764 -0.02612 2.98364 0.22699 0.43676 10
-1.14049 -0.47245 -0.75715 -0.02128 2.75867 0.10713 -0.62447 1.32459 10
1.20530 1.35896 1.30060 0.06365 1.94693 1.07446 -1.40394 -0.45107 10
