-0.79859 -1.17074 -0.69931 1.43405 -0.98577 -0.97851 1.26924 1.32459 1
1.61774 -1.32603 1.35358 -0.84844 -0.99233 -0.86425 1.60535 -1.33890 1
0.49020 -0.95689 -0.40979 -0.26309 -0.63152 -0.73788 -0.20845 1.32459 1
-1.34957 -0.39710 0.45638 0.09281 -0.68457 -0.91218 0.75980 -1.33890 1
0.72710 -1.68533 -1.51590 1.61685 -0.84419 -0.83103 1.56631 -0.45107 1
0.74294 -1.55464 -0.90440 1.53947 -0.62520 -0.93827 -0.80134 1.32459 2
-0.68701 -0.26747 -0.04326 1.02247 -0.81518 -0.49272 0.71221 -0.45107 2
0.94867 -1.56580 -0.41481 0.66552 -0.40233 -0.65538 1.27617 1.32459 2
-1.53321 0.50186 -0.42733 -0.50951 -0.62376 -0.48714 0.64581 -0.45107 2
-1.30944 0.27836 0.69695 1.38653 -0.31198 -0.65635 -0.06924 -0.45107 2
-0.75846 -0.33897 1.12351 0.50583 -0.72293 -0.23333 0.95972 1.32459 3
-0.62714 0.32134 0.20866 0.94059 -0.88177 0.08863 0.56759 1.32459 3
-0.13473 1.60257 0.35225 -0.73220 -0.86150 -0.25034 1.11570 -0.45107 3
-0.79071 1.46326 -0.54876 0.55329 -0.78886 -0.22987 -1.13343 -1.33890 3
-1.16764 1.00735 -0.98415 -1.66610 -0.35400 -0.44622 0.70576 -0.45107 3
1.09126 0.11059 1.05623 -0.52145 -0.09841 -0.40985 0.02157 0.43676 4
0.06183 -1.56911 1.32743 0.65828 -0.55648 0.08100 0.45154 -0.45107 4
-0.97834 -1.31513 1.72801 1.63586 -0.02287 -0.93575 -0.03676 0.43676 4
0.44051 1.54840 1.20508 -0.71672 -0.13858 -0.24511 -0.17114 0.43676 4
0.00653 0.69555 -0.77432 1.39193 0.28392 -0.68812 1.10000 -1.33890 4
1.08476 -0.89198 0.10645 1.20251 -0.85623 0.09565 1.42672 1.32459 5
-0.74133 1.19309 0.79763 0.97025 -0.22318 -0.32484 -0.37121 0.43676 5
-0.86642 -0.76111 0.31919 0.44978 0.07765 -0.30341 1.10314 1.32459 5
-0.60445 -0.94297 0.26920 0.30939 0.38483 -0.78360 0.41809 -0.45107 5
-0.66821 -1.00973 0.71140 -0.19578 -0.88878 0.55601 0.32154 0.43676 5
1.05877 -0.96628 -0.66905 -0.60686 -0.78602 0.18280 0.22038 -0.45107 6
1.00838 -1.10429 -0.82369 0.18633 0.52480 -0.78858 -0.59054 0.43676 6
1.70833 -0.40663 0.69154 -0.02431 0.57733 -0.87360 0.99080 0.43676 6
0.61435 0.03130 -0.61977 0.03095 -0.05704 0.26568 0.74693 -1.33890 6
0.86267 1.00612 1.40460 0.75759 -0.34107 0.19574 -1.43357 -1.33890 6
1.41816 0.93280 -0.10600 1.21928 -0.33721 0.38541 0.55202 0.43676 7
-0.56864 0.59343 -1.55685 1.61551 -0.59415 0.31262 0.57815 -0.45107 7
-0.65908 1.65222 1.05348 -0.97391 -0.12267 0.28128 -0.79428 -0.45107 7
-0.07661 0.88906 1.44980 -1.17315 -0.61794 0.70769 0.89659 -1.33890 7
-0.06018 -1.14119 1.14245 1.76183 0.85338 -0.47566 1.07642 0.43676 7
1.50599 -0.28143 -0.98426 0.71302 0.27401 0.23409 -0.26369 0.43676 8
1.38407 0.44774 0.37003 -0.53124 0.77946 -0.17656 -0.74037 1.32459 8
0.39437 -0.30572 -0.01306 -0.89725 -0.74829 1.72522 -0.18331 1.32459 8
-0.44852 0.82005 -0.87373 0.58010 0.84010 -0.20103 1.24942 0.43676 8
-1.62493 0.73809 -1.02664 0.99007 -0.61460 0.95951 -2.12269 -0.45107 8
0.06312 0.13130 -0.91285 0.12245 -0.30447 1.25828 1.04684 -1.33890 9
-0.09448 -1.17947 0.38363 0.44320 1.33348 -0.34148 1.73350 0.43676 9
0.50208 -0.53515 -0.06597 -1.61833 1.58056 -0.19522 1.59092 0.43676 9
1.27135 -0.13472 1.58631 -0.39126 2.07103 -0.11523 1.66560 1.32459 9
1.10497 0.75712 -0.38419 -0.46447 -0.55284 2.62599 1.72514 -1.33890 9
-1.38500 0.84306 0.82797 -1.58487 2.55273 -0.13523 0.02798 0.43676 10
0.49488 -0.89091 -1.43259 1.43391 1.72242 0.73294 0.85512 -0.45107 10
-1.11339 0.55553 0.76685 1.64948 3.51872 0.03998 -0.68787 -1.33890 10
-0.29171 0.35598 0.62131 -0.47377 0.25299 4.40211 0.05311 -0.45107 10
1.37466 0.90120 -0.87265 -1.66080 3.14523 1.78331 0.20914 0.43676 10
