-1.31178 -1.54310 1.22008 0.05252 -0.96874 -0.74751 1.29511 1.32459 1
-0.19267 1.64086 -1.32103 0.09404 -0.87146 -0.85973 0.29377 -0.45107 1
-0.15368 -0.79085 1.59255 -1.67653 -0.93313 -0.88939 0.38510 -1.33890 1
-0.90979 -0.17578 -1.70984 -0.72497 -0.78164 -0.98201 -0.96203 -1.33890 1
-0.50967 -1.27949 0.51721 1.31413 -0.87564 -0.73167 0.81100 0.43676 1
1.50084 -0.30657 -0.61375 1.43719 -0.77962 -0.80187 0.84425 -1.33890 2
1.68598 -0.26881 0.85262 0.01913 -0.37159 -0.91533 1.11024 -1.33890 2
-1.66336 0.81400 -1.50845 -0.85320 -0.87656 -0.42197 -0.85698 -1.33890 2
-1.54001 0.24942 -1.64846 0.25525 -0.36618 -0.53732 1.59747 1.32459 2
-1.56977 -0.24887 1.21070 -1.65629 -0.66396 -0.41205 -0.98137 1.32459 2
0.07028 -1.04775 0.53948 0.36852 -0.89770 -0.15036 0.96538 -1.33890 3
0.22278 -0.88605 0.78553 1.61786 -0.48408 -0.24295 0.62471 1.32459 3
0.36347 1.64089 -0.67290 1.06081 -0.74397 -0.20827 -0.50739 -1.33890 3
0.94360 1.51212 0.77340 -1.59348 -0.90911 -0.79359 -1.72209 -1.33890 3
-0.24612 -0.69903 -0.63396 0.18733 -0.51128 -0.20434 1.24052 0.43676 3
1.39407 -1.32726 1.07234 0.34833 0.29108 -0.91694 -1.81197 0.43676 4
1.43572 -0.85481 0.56276 -1.24307 -0.80490 0.30705 1.17380 1.32459 4
-0.28421 0.23282 -0.00760 -0.32755 0.88390 -0.84708 -0.19874 0.43676 4
1.32118 -1.37627 -0.86992 -1.44187 0.44015 -0.73288 -0.40658 -1.33890 4
0.37691 0.55139 -1.28857 -0.27913 0.42649 -0.97153 -0.39115 -1.33890 4
0.89010 -0.90335 1.19799 -0.85840 -0.65284 0.13346 -0.14925 1.32459 5
0.44856 -1.01750 -1.52047 0.30980 -0.47427 0.06832 1.11689 -0.45107 5
-0.36267 0.55940 -0.90527 -0.89582 0.20400 -0.27871 0.75098 1.32459 5
0.77704 -1.15828 -1.64621 0.93027 0.69629 -0.73238 1.15291 1.32459 5
-1.53671 1.23459 1.45585 -1.53030 -0.24639 -0.07911 1.53589 1.32459 5
-1.04181 0.51507 0.32411 -1.34178 1.06573 -0.95610 0.65643 -0.45107 6
1.58540 1.47385 -0.03485 1.20386 -0.57961 0.23790 -0.17210 0.43676 6
1.04617 1.02628 1.19228 -0.88674 0.18450 -0.18583 -0.11305 1.32459 6
1.57826 -0.58514 0.45517 1.34376 0.36819 -0.55643 -0.90820 -1.33890 6
-0.75886 0.68106 -0.99002 -1.30511 -0.74812 0.31016 0.63949 1.32459 6
-0.01319 -0.17598 0.31185 1.01211 -0.81947 0.50546 -0.57265 -1.33890 7
-0.80037 -1.17104 1.27983 0.23205 1.03183 -0.68965 0.47120 0.43676 7
0.76835 -1.50646 1.33370 -1.12044 0.34678 -0.35747 -1.85387 1.32459 7
-0.10316 1.33872 -1.28949 0.59815 0.20537 0.16460 0.14910 0.43676 7
0.02942 0.29253 0.19928 1.29331 0.75653 -0.30939 0.10502 0.43676 7
-1.05327 -1.67736 -1.70669 -1.49729 -0.53825 0.53102 -0.41181 -0.45107 8
0.12935 -0.97577 -1.39419 -0.01876 -0.34089 0.40597 -0.62428 -1.33890 8
0.33007 -0.85910 1.52859 -0.59848 0.27178 0.35336 1.25412 -0.45107 8
-0.96912 0.82503 -0.78220 -0.19526 0.29088 0.63568 1.00228 -0.45107 8
-0.00906 1.67542 -0.97591 1.54781 0.59122 0.17563 -0.18450 -0.45107 8
-0.52003 -0.44881 -0.32922 0.02213 0.71994 0.42441 -0.14336 -0.45107 9
-1.23474 0.19888 -0.14848 -1.28901 0.16843 1.16860 0.90672 0.43676 9
0.72263 0.76809 1.45837 1.68464 0.52430 0.72881 0.22742 -1.33890 9
1.69372 0.21631 -0.37979 0.56349 0.49980 0.67733 -0.92782 1.32459 9
-1.45063 1.69206 0.49017 -0.33991 2.97708 -0.44931 -0.70234 1.32459 9
-1.16733 0.74158 -0.23655 0.79153 0.26775 1.77068 -0.69823 -0.45107 10
-1.18388 0.57420 1.18275 1.65850 2.52860 -0.54621 -0.84687 -0.45107 10
-1.32191 0.14379 -1.22462 0.62166 -0.98402 3.08760 -0.63928 -0.45107 10
-0.78159 0.49290 1.44327 -1.05796 -0.19446 2.83675 0.46722 0.43676 10
1.51807 -0.36645 0.10388 1.65059 1.15852 1.29959 -0.57629 0.43676 10
