-1.35100 0.33736 0.42295 0.86165 -0.95878 -0.70073 0.91551 1.32459 1
1.37973 0.55709 -1.27420 -1.26535 -0.96175 -0.71813 0.92401 0.43676 1
-1.05636 1.62313 1.56500 -0.87978 -0.80283 -0.71934 1.35281 -0.45107 1
-0.46860 -0.51220 0.25069 1.08665 -0.87787 -0.65378 1.18373 0.43676 1
1.25751 0.78939 -0.36351 0.59543 -0.95323 -0.60678 -0.81115 -0.45107 1
0.55551 1.57970 0.52472 0.14803 -0.36428 -0.78375 1.09616 0.43676 2
-1.63949 -0.44824 -0.39094 -0.13077 -0.25484 -0.87710 -0.31651 0.43676 2
-1.53538 1.07015 1.60731 1.25343 -0.78546 -0.46785 -1.17180 -1.33890 2
1.38802 -0.46091 0.89007 -1.55434 -0.52109 -0.50402 1.14925 -0.45107 2
-1.58859 1.72218 0.55640 -0.15222 -0.43054 -0.77743 -1.95232 -1.33890 2
0.69028 -1.62330 -0.84363 0.46456 -0.36178 -0.81336 0.19790 0.43676 3
-1.67179 0.50174 0.82441 -0.85622 -0.26795 -0.64109 -1.42126 -0.45107 3
-0.45690 1.60157 1.10922 -1.41447 -0.77045 -0.34994 1.19396 -1.33890 3
-1.26116 -0.53336 -0.22744 -0.92274 -0.12248 -0.52400 0.59240 1.32459 3
-0.37302 -1.54004 0.19346 1.15934 -0.43584 -0.67589 -1.59229 -1.33890 3
-0.40077 -1.13902 -1.47311 1.35339 -0.25163 -0.75247 1.05124 0.43676 4
1.35328 0.37695 1.64241 0.56365 -0.34755 -0.59429 0.24291 -1.33890 4
0.21964 0.89378 -0.95779 0.96892 -0.97963 0.22014 0.59400 1.32459 4
-0.20570 -0.84553 -1.28806 1.15246 -0.51275 -0.47113 1.25315 -1.33890 4
1.10199 0.28147 1.46231 1.28527 -0.32550 -0.42817 0.43119 0.43676 4
-1.17838 0.61673 -0.02490 -1.13762 0.45195 -0.67399 0.56057 -1.33890 5
-0.20915 0.66072 0.83640 -1.13950 0.02056 -0.30437 0.00730 1.32459 5
1.36856 0.42965 -0.90641 0.27596 0.57903 -0.64938 0.38861 0.43676 5
0.92333 -1.04917 -1.17659 -1.17737 -0.40649 0.11258 1.35186 0.43676 5
0.32964 -0.40772 1.56687 -1.01504 -0.84892 0.45665 -0.00404 -1.33890 5
0.97827 -0.79903 0.48934 1.54435 -0.30334 -0.08007 1.10991 -1.33890 6
0.29001 -0.49056 1.61502 -1.02042 -0.50383 0.41999 0.97727 -0.45107 6
0.49348 -0.71833 0.68976 1.52702 -0.77106 0.41651 1.00892 -1.33890 6
-0.17438 1.05212 1.47855 -1.52395 0.94598 -0.60959 1.23436 -1.33890 6
1.25038 0.45239 0.28181 -0.38313 -0.10501 0.31848 1.07343 1.32459 6
0.00707 0.34718 -1.10645 1.60176 -0.38155 0.88427 0.61911 -0.45107 7
-0.01256 -1.51389 1.01535 0.07346 0.70119 -0.54954 0.28384 -1.33890 7
0.88986 0.73589 -1.41394 -1.48264 0.36440 0.06211 0.82139 0.43676 7
-1.23251 -1.60843 0.82669 1.19811 -0.10663 0.48185 0.65211 -1.33890 7
0.65671 -1.57862 0.79985 1.14175 -0.47440 0.96414 -0.06310 -0.45107 7
1.04244 0.34518 -0.96023 -1.30733 -0.51615 0.47957 -0.68552 0.43676 8
0.04826 1.29951 -0.87060 -1.41863 1.42096 -0.92965 1.30017 0.43676 8
1.28634 0.98539 0.67668 -0.28289 0.24957 0.64801 1.05941 -0.45107 8
1.35818 -0.36026 -1.66155 0.19960 -0.76681 0.85392 -1.13887 -0.45107 8
0.35535 0.41293 -1.67944 -0.11969 -0.01312 1.02566 0.80820 -0.45107 8
0.57315 -1.00115 1.29421 -0.18709 1.92991 -0.68121 -1.77630 -1.33890 9
1.37642 -1.25864 0.95345 1.04850 0.13567 0.98055 0.87730 -1.33890 9
-0.21772 -0.42677 0.61776 -1.22755 1.84049 0.01646 1.35228 -1.33890 9
-1.31917 -0.62597 -0.09311 -0.62108 1.27267 -0.07161 -0.43311 0.43676 9
-0.91806 1.59470 -0.21811 0.80168 1.44724 1.18285 0.64200 1.32459 9
-1.67516 -1.60587 0.78933 -0.17269 0.80902 1.65055 0.92154 -0.45107 10
0.43099 1.61963 1.17235 -1.72320 -0.13902 2.07608 -1.40699 1.32459 10
-1.00618 -1.11414 1.06750 -0.22065 3.55959 -0.24030 1.43835 0.43676 10
0.93031 -1.44455 0.34591 0.18148 2.83902 0.12593 -0.94761 0.43676 10
-0.47897 -0.73631 -0.08308 0.19416 -0.59692 5.15646 1.40664 1.32459 10
