0.74942 -0.52910 1.61330 -1.12998 -0.93787 -0.85446 1.21474 -1.33890 1
0.23824 -1.45741 1.68068 1.36157 -0.97717 -0.76029 -1.42676 -0.45107 1
-0.17550 0.81807 0.02060 -0.65635 -0.98088 -0.94747 -1.85371 1.32459 1
-1.69523 0.27146 1.30508 0.14901 -0.71384 -0.75067 -1.41161 1.32459 1
1.25072 1.05088 -0.77130 -0.26198 -0.98194 -0.51957 0.28622 1.32459 1
-1.38300 -0.38615 0.51255 -0.77798 -0.78814 -0.64810 1.24042 -1.33890 2
0.17432 -1.20418 1.11086 -1.10004 -0.65782 -0.68021 1.39111 0.43676 2
-0.67261 1.10648 -0.73967 -0.88740 -0.78356 -0.66204 -0.81944 -0.45107 2
1.40340 -1.59701 -0.44886 1.67824 -0.87588 -0.50217 0.77916 -0.45107 2
-0.84582 1.35461 -1.32389 -1.16473 -0.51259 -0.87946 -0.33021 0.43676 2
-0.34675 -1.61914 -1.44310 -0.03312 -0.14767 -0.76662 -0.17240 0.43676 3
1.70007 -0.99234 0.79957 -1.07118 -0.84122 -0.20437 -0.19100 -0.45107 3
0.95103 -1.24755 1.07776 -1.62588 -0.48684 -0.65135 -2.04331 -0.45107 3
-1.24854 -0.20586 1.20463 -1.68933 -0.95310 -0.23877 -0.28614 0.43676 3
-1.34856 0.51979 -0.88805 -0.68597 -0.66780 -0.54176 -1.52417 -0.45107 3
-0.48972 1.16720 0.70633 -1.16789 0.14067 -0.69433 1.29828 1.32459 4
0.96416 0.77313 0.82964 -0.11567 0.00641 -0.76149 0.50055 -1.33890 4
1.44249 -1.24228 0.54512 -1.07711 -0.01459 -0.42550 -1.88349 0.43676 4
-1.33308 0.58487 0.82032 0.34727 -0.97390 0.04829 -0.25379 -0.45107 4
1.40442 0.67351 -0.46783 -0.82587 -0.87700 -0.13533 0.77345 -0.45107 4
0.69296 -0.94304 0.01011 1.63202 -0.13930 -0.60368 -1.12235 -0.45107 5
1.58283 -1.58545 0.86410 0.21294 0.17098 -0.84168 -0.50929 -0.45107 5
-0.61883 -0.61252 1.07168 -0.43380 -0.50446 0.19042 0.54724 0.43676 5
0.60667 1.62044 1.65216 1.08055 -0.97973 0.94043 -0.62850 0.43676 5
0.98276 -0.90815 0.21158 -0.98883 -0.65879 0.22897 0.49940 -0.45107 5
-1.65601 -1.32179 1.00062 1.11519 -0.58247 0.37343 -1.13334 -0.45107 6
1.35886 -1.27295 0.28065 -1.33692 0.28249 -0.65576 1.34288 0.43676 6
1.03871 -0.82101 -0.80763 -0.74625 1.22105 -0.93237 -1.77463 0.43676 6
0.40198 1.44815 -0.41483 -0.52152 0.30785 -0.30300 0.11235 -0.45107 6
-1.55350 0.91590 1.61443 -0.95785 -0.11181 0.06569 -0.71295 0.43676 6
-1.46930 -0.98082 1.41372 0.57165 0.57067 -0.33860 -1.14014 -1.33890 7
1.53648 1.34070 0.46876 0.52087 0.72711 -0.40330 -0.60630 -1.33890 7
1.16058 -1.68091 -1.08761 0.62260 0.83265 -0.15197 -0.91850 1.32459 7
0.35412 -0.04981 -1.35850 1.47079 1.42840 -0.67547 0.90207 -0.45107 7
-0.55508 -0.71918 1.00638 0.44017 0.55165 0.06465 -2.38949 -1.33890 7
1.66856 0.87098 0.27981 0.19976 -0.93744 1.03475 -0.41287 -0.45107 8
-0.57016 0.69204 -1.50030 0.49762 -0.57380 1.14384 1.58640 1.32459 8
0.44186 1.05416 0.21870 -1.46318 1.17613 -0.83116 -0.20976 -0.45107 8
0.85778 0.53678 0.18629 -1.49634 -0.99432 1.85182 0.03425 0.43676 8
0.71252 -0.95788 -1.56960 -0.77689 -0.24451 1.24184 -0.25316 -1.33890 8
0.85951 -0.94393 -1.57411 0.10818 -0.54609 1.78692 0.36629 -1.33890 9
-1.15747 -1.03503 -0.59645 -0.16542 1.98068 -0.31827 0.32413 -0.45107 9
1.54028 -0.67725 1.69320 1.06200 0.06539 1.42924 -1.20526 1.32459 9
-0.18931 -0.12897 0.41026 -1.69175 -0.52330 1.74960 -0.91405 0.43676 9
0.85268 -0.57094 0.09195 -1.31891 0.67950 1.80197 1.24917 -0.45107 9
-0.64277 -1.30876 1.01116 1.48864 -0.15966 1.93651 0.18695 -1.33890 10
-0.78159 0.49290 1.44327 -1.05796 -0.19446 2.83675 0.46722 0.43676 10
1.02557 -0.62121 -0.89370 -0.45090 1.93522 0.95661 0.11089 -1.33890 10
-0.83623 -0.97445 1.31158 0.18669 2.01113 1.79961 -0.69461 0.43676 10
1.68772 -1.57499 -0.21088 -1.07244 3.70451 -0.83253 -0.51676 -0.45107 10
