0.02964 -1.55873 1.46074 0.37052 -0.95626 -0.68688 0.43064 1.32459 1
-0.71933 -1.11774 0.35547 0.75690 -0.90642 -0.76380 -2.14858 0.43676 1
-0.17101 1.32540 0.48044 1.11338 -0.83710 -0.76139 -1.18104 1.32459 1
-1.59663 -0.76215 -1.24969 -1.66238 -0.92286 -0.64099 -0.41161 1.32459 1
-1.13409 0.19599 0.62566 -0.91339 -0.68191 -0.79349 0.36333 1.32459 1
-1.24790 -0.92747 -0.29405 0.94554 -0.46239 -0.82391 0.49648 0.43676 2
-0.13682 -1.06177 -0.07720 1.70658 -0.74594 -0.34122 -1.47970 1.32459 2
-1.44805 -0.51419 -1.27780 0.13050 -0.79260 -0.60232 -0.47719 0.43676 2
-0.08402 0.15400 0.93743 0.26439 -0.15157 -0.71667 0.88620 -0.45107 2
1.28664 -0.58405 -0.97775 -1.35036 -0.56058 -0.62608 1.47277 -0.45107 2
-0.56498 -1.55486 0.46846 -1.24955 -0.39295 -0.65356 0.16049 0.43676 3
-0.82647 1.61725 0.22749 0.15292 -0.48100 -0.37814 -0.89288 -0.45107 3
-0.37758 -0.19041 1.58914 -0.32639 -0.98724 -0.05062 -0.63809 0.43676 3
-0.08051 -1.26186 0.52435 -0.86808 0.33575 -0.86767 1.08595 0.43676 3
1.26522 0.76279 -0.32460 -0.42066 -0.53253 -0.47631 -0.48238 -0.45107 3
-0.40077 -1.13902 -1.47311 1.35339 -0.25163 -0.75247 1.05124 0.43676 4
-0.52774 -0.43227 0.74521 0.59090 -0.33052 -0.46929 -0.77534 -1.33890 4
1.05352 0.11030 0.71579 0.38963 -0.60976 -0.01826 -1.00416 1.32459 4
-1.60446 -0.86209 -0.60692 -1.36057 -0.33308 -0.49128 -1.57902 -1.33890 4
0.32880 -0.22455 -0.24011 -0.82894 0.57232 -0.67575 1.21630 0.43676 4
-0.24914 -0.45596 -1.63762 -0.40630 0.03327 -0.77221 -0.24476 -1.33890 5
-0.42973 0.97097 0.98484 1.38081 -0.13677 -0.59893 -1.25650 -0.45107 5
-0.11044 0.89612 1.25243 -0.06696 -0.37520 -0.03477 -1.48694 -0.45107 5
-0.93931 -0.59883 1.12816 0.21523 0.36928 -0.35593 1.02653 -0.45107 5
0.93238 1.21453 -0.65581 1.64979 -0.96657 0.25425 0.25447 -0.45107 5
-0.19948 -1.33621 0.66509 0.76758 0.69529 -0.77190 0.48898 0.43676 6
-0.54740 -0.02531 -1.36747 1.67814 0.55653 -0.71057 0.94076 0.43676 6
0.76113 -0.83563 1.06173 -0.01813 1.35012 -0.50527 -0.08000 -0.45107 6
-1.37265 1.18107 0.04524 -0.06867 -0.46008 0.44697 0.76661 1.32459 6
-1.31265 0.79465 0.81646 1.01042 -0.53704 0.97935 -0.39005 1.32459 6
-0.15609 -0.93555 0.43811 1.30461 0.21396 -0.64335 -1.12674 -0.45107 7
0.75945 0.57681 0.83996 -0.52942 -0.35724 0.35034 -0.73312 -0.45107 7
-1.69384 -0.83039 -0.80566 1.33577 1.42633 -0.88653 0.28337 -0.45107 7
-1.01149 -1.32941 -0.85361 0.95445 -0.30161 0.33312 0.17225 0.43676 7
0.88986 0.73589 -1.41394 -1.48264 0.36440 0.06211 0.82139 0.43676 7
-0.11327 0.73989 0.63507 -0.64740 0.52236 -0.00963 0.79886 0.43676 8
0.80825 1.38319 -0.56541 -0.99327 0.13412 0.61094 0.71552 1.32459 8
1.62383 0.11056 0.88132 -0.86092 1.96681 -0.76334 0.31083 -1.33890 8
-0.56728 0.72776 0.64726 0.73763 1.98196 -0.74473 0.23998 -1.33890 8
-1.48305 0.81963 -1.13491 -1.17389 0.67938 0.29710 1.30025 0.43676 8
0.51210 -1.54926 -1.64021 0.75434 -0.40724 0.53066 -1.34953 1.32459 9
0.53924 0.09390 1.42408 -0.50254 1.23486 0.19633 -0.30517 -0.45107 9
1.68628 -0.38389 -0.85009 0.78239 -0.77209 1.41969 1.11888 1.32459 9
1.49568 0.24932 1.22817 -0.38134 -0.95315 1.86717 0.89738 0.43676 9
0.00832 -1.39833 -0.15624 -1.46304 0.03418 1.22904 -0.94881 -1.33890 9
-0.00206 -0.50709 1.46202 -1.33122 1.29115 1.35559 0.79763 1.32459 10
-0.13795 -0.78015 -0.58383 0.93685 -0.97815 1.97882 -2.15967 0.43676 10
-0.16114 0.56016 1.56036 -1.42212 2.21058 0.43505 -1.76110 -0.45107 10
-1.60861 -0.96219 -1.24783 -0.54178 0.40830 4.15472 1.46967 -1.33890 10
0.05979 1.65350 1.42492 -0.06658 1.83133 3.87991 -1.75933 -1.33890 10
