-0.06793 1.50933 0.35626 1.46143 -0.95363 -0.90668 -1.05264 -1.33890 1
0.24612 -0.28365 -0.44571 -0.73263 -0.59783 -0.95684 -1.50312 1.32459 1
0.99642 -0.87939 -1.24588 -0.31306 -0.57344 -0.92812 -0.45091 1.32459 1
0.54295 -1.44582 -1.12960 -0.60776 -0.95722 -0.70569 0.94100 1.32459 1
-0.43619 0.67576 -1.53745 1.15033 -0.62726 -0.85321 0.09253 1.32459 1
-0.92738 0.31894 -1.20514 -0.19715 -0.05812 -0.92896 0.15311 0.43676 2
0.68370 0.41303 0.76625 1.19128 -0.94741 -0.43462 0.46479 -1.33890 2
0.66754 -1.35982 1.18140 -0.80013 -0.34684 -0.84084 1.23759 -1.33890 2
1.12401 -1.57631 -1.66429 -0.31043 -0.57614 -0.62827 0.47750 1.32459 2
-0.89280 -1.60976 0.25533 1.24600 -0.02112 -0.93511 -1.59904 0.43676 2
-0.55132 0.72682 0.00132 -0.53597 -0.57344 -0.46806 0.49874 -0.45107 3
-0.59330 -1.66712 -0.96119 0.30806 -0.66161 -0.50666 0.22989 -1.33890 3
-1.49023 0.68647 0.25238 0.25071 -0.36311 -0.42837 0.01649 1.32459 3
-1.17224 -0.80572 0.62459 1.73782 -0.31552 -0.70531 1.08131 -1.33890 3
1.05247 1.50783 -1.34459 1.04653 -0.89894 -0.38362 -0.48472 -1.33890 3
-0.89758 0.61083 1.66464 0.05256 -0.50692 -0.24693 0.78712 -0.45107 4
-0.72237 0.97760 -1.65655 -1.39411 -0.89874 -0.16140 -0.06866 -1.33890 4
0.42796 0.53208 0.79766 -0.47938 -0.51106 -0.07105 -0.40095 -0.45107 4
-1.30089 1.28284 0.82936 -0.07302 -0.59767 0.19126 -1.26355 0.43676 4
-0.37851 1.43023 -0.34169 -1.07885 -0.42975 -0.43652 -0.34169 -0.45107 4
1.26316 -1.41304 -0.46424 0.18068 -0.20708 -0.49816 -0.66853 -1.33890 5
-1.14822 0.06609 -1.43620 -1.69726 -0.97571 -0.44990 -1.40521 -0.45107 5
1.38497 -0.17621 0.41122 -1.23980 -0.63317 0.17109 -0.82968 0.43676 5
-0.13243 1.11712 -0.13723 1.09755 -0.93055 0.47188 0.49944 -1.33890 5
-0.86758 0.39777 0.51077 -1.14961 -0.37221 0.02457 -0.09710 -0.45107 5
-1.23970 -1.59241 -0.34691 -1.24810 -0.82621 0.60029 0.82645 -0.45107 6
1.50795 -0.76252 -1.16136 0.15054 -0.70588 -0.02965 0.09876 -0.45107 6
1.50724 1.10523 -0.25317 -0.78675 -0.08313 -0.07584 -0.00515 1.32459 6
-1.21145 -0.52927 -1.21996 0.57367 -0.94098 -0.24249 -2.10676 0.43676 6
0.12624 0.17553 -0.12528 0.35366 1.03112 -0.85221 -1.04856 -0.45107 6
0.01439 -0.86707 -1.65719 -1.17849 -0.24309 0.17516 -1.37371 1.32459 7
-1.52328 1.37987 -0.31314 0.07683 0.82632 -0.32525 0.79034 1.32459 7
0.81506 -0.44244 0.92192 -0.50673 -0.23163 0.48863 0.21573 -0.45107 7
0.76282 0.01724 -0.44599 0.47064 0.17195 -0.07614 -1.22580 -0.45107 7
1.18625 1.06294 -0.81481 1.21002 0.17110 -0.01948 0.90914 -0.45107 7
0.29896 -1.14377 -1.30073 -1.40880 0.92153 -0.31648 -1.57268 1.32459 8
0.99880 -0.58588 0.97574 1.35735 -0.34921 1.12221 -0.87344 1.32459 8
-0.75513 -0.48240 -0.86768 -1.51448 0.21772 -0.03869 -1.59824 -1.33890 8
-0.57340 0.80625 -0.23287 -1.36066 -0.72392 0.60861 -1.23910 -0.45107 8
-1.04243 1.50298 0.35226 -1.63083 2.66193 -0.85627 0.16187 1.32459 8
1.49314 0.27517 -0.62963 -1.20650 -0.46739 1.34165 -0.96759 0.43676 9
-0.93393 -0.53245 1.19601 0.13041 0.07118 0.91128 -0.93197 -1.33890 9
0.34577 -0.53967 1.27315 -0.40258 1.22890 0.63229 0.84907 1.32459 9
-1.46514 -0.78092 -1.47662 -1.19651 -0.91551 3.08899 0.04546 0.43676 9
1.57662 1.44313 1.44237 -0.77101 2.44094 -0.84597 0.69460 0.43676 9
1.68374 1.16764 0.02865 -0.06267 -0.81604 2.39423 1.50357 0.43676 10
-0.81641 0.37871 -0.17879 -1.45696 2.01181 -0.04093 -2.07921 -0.45107 10
0.66333 -0.84091 0.46770 0.64623 0.28214 1.54781 1.13659 -1.33890 10
0.30275 0.35993 -0.44091 -1.72308 1.63582 0.43412 -1.47430 1.32459 10
1.63661 1.69587 -0.52566 -0.31955 3.88639 -0.85266 -2.75791 0.43676 10
