-0.21666 -0.40500 -0.13180 0.13328 0.09311 0.12722 0.23175 -0.28994 -0.07026 6.55603 -0.67542 -3.14705 1
0.06448 -0.23773 2.95215 2.41491 2.28031 2.70033 -0.03875 2.34317 0.12599 -0.13067 -0.64923 -0.59566 1
0.19568 -0.40500 1.95742 0.95246 0.72870 2.69629 3.09413 2.91168 -0.44657 -0.13067 -0.62828 -0.59530 1
0.00825 -0.20428 3.83179 0.27400 0.12426 0.52650 1.18716 -0.08884 -0.39453 -0.12749 -0.31806 0.45769 1
-0.10420 -0.17082 1.00065 0.63584 0.23020 1.57913 2.26534 0.18451 0.50686 -0.14817 -0.61055 -0.53118 1
0.00825 -0.00355 0.46258 0.44487 -0.10006 1.98244 3.49317 -0.08235 -0.46689 -0.14419 -0.66253 -0.50624 1
-0.02923 -0.37155 1.87846 1.68117 1.29576 1.82112 -0.11357 3.63385 -0.16124 -0.12908 -0.60088 -0.58683 1
-0.17918 -0.37155 0.87210 0.55543 0.66639 -0.19542 -0.30542 1.18150 2.87898 -0.13544 -0.59968 -0.62693 1
0.04574 -0.17082 2.64669 -0.04262 -0.21846 0.77251 1.26773 0.34526 -0.61244 -0.10999 -0.37970 0.47695 1
0.21442 0.29753 1.10961 -0.03759 1.02781 1.73642 3.10180 -0.51201 -0.33214 -0.14658 -0.58316 -0.57905 1
-0.27289 -0.43846 1.27060 2.42497 2.03729 0.93787 0.08019 0.67789 3.15427 -0.13544 -0.63311 -0.74783 1
0.12071 0.16372 4.91222 21.30122 27.66681 -0.27609 -0.22868 -0.67114 -0.41851 -0.12908 -0.64278 -0.83860 1
-0.25415 -0.43846 1.90294 1.01276 1.10882 0.53053 -0.15194 0.39245 0.01487 -0.14578 -0.64440 -0.56432 1
-0.14169 -0.37155 -0.30871 -0.64569 -0.49887 2.22039 3.82891 -0.67673 -0.44951 -0.14419 -0.65004 -0.57280 1
-0.27289 -0.43846 0.82925 0.76651 1.37676 0.77655 -0.30542 0.57239 0.31284 -0.14260 -0.55858 -0.68999 1
-0.17918 -0.43846 0.21956 1.43492 1.02158 1.98244 -0.07520 0.07463 -0.59881 -0.12431 -0.52998 0.92645 1
0.73922 1.73606 1.23694 0.42979 0.47945 0.84914 0.91857 -0.14040 -0.05243 -0.14578 -0.64158 -0.63356 1
-0.19792 -0.40500 1.43772 0.97256 -0.06268 0.69185 0.57708 0.84938 -0.28380 -0.14498 -0.33216 -0.66368 1
1.07659 0.79934 1.35324 2.13850 2.71650 0.28855 0.00154 0.00293 -0.22975 -0.11954 -0.52031 0.16082 1
1.73259 3.60949 -0.01672 0.28405 -0.03152 0.60716 0.03799 1.58543 2.96523 -0.14021 0.10457 -0.69507 1
-0.27289 -0.43846 0.33036 1.51533 1.18982 1.17582 -0.15194 0.55676 0.64379 -0.10204 0.74233 0.63498 2
-0.17918 -0.17082 0.42279 -0.11298 -0.19353 0.12319 0.07444 -0.53322 -0.47560 -0.11954 -0.61055 -0.76781 2
-0.17918 -0.40500 0.97249 0.74641 0.27382 0.20788 0.23175 0.66359 0.32600 -0.11158 -0.21009 0.02757 2
0.00825 -0.43846 1.09431 0.73635 0.69132 0.85318 -0.19031 1.00779 0.18784 -0.14658 -0.27294 -0.64055 2
0.32688 0.66553 -0.10916 0.60066 0.85956 0.44987 0.19338 0.38597 0.09814 -0.14021 -0.41878 -0.48637 2
-0.25415 -0.43846 -0.52112 -0.05267 0.23643 0.93384 -0.30542 -0.27539 -0.31805 -0.13862 0.13680 1.04273 2
-0.19792 -0.43846 1.36365 1.43994 0.65393 0.12722 0.03799 -0.38892 -0.46948 -0.11635 3.72730 0.12436 2
-0.31038 -0.43846 -1.05736 -0.58036 -0.56118 0.20788 0.19338 0.57665 1.35362 -0.12908 0.83459 1.13710 2
-0.17918 -0.43846 -0.15996 0.56046 0.82841 1.65979 -0.26705 -0.11987 -0.46951 -0.14498 -0.57107 0.98013 2
-0.21666 -0.43846 0.03470 1.31430 1.23967 0.68782 -0.30542 -0.03803 0.24632 -0.14817 -0.53642 -0.63486 2
-0.29163 -0.40500 -1.08062 -0.75626 -0.76682 0.28855 -0.03683 -0.15397 -0.51990 -0.14339 0.10134 1.13188 2
2.12619 3.94403 0.93148 0.36446 0.46076 -0.51807 -0.42053 0.69822 0.52071 -0.14578 -0.27938 -0.75206 2
-0.29163 -0.40500 -1.06164 -0.68590 -0.74812 0.28855 -0.03683 0.32140 -0.40314 -0.13703 3.73737 1.28886 2
0.42059 1.50188 0.80109 0.09307 -0.10006 -0.35675 -0.30542 -0.73673 -0.47257 -0.13862 -0.64278 -0.46912 2
-0.32912 -0.40500 1.34406 0.22877 0.11803 -0.67939 -0.49727 -0.02302 1.18596 -0.11954 -0.03644 -0.77640 2
-0.21666 -0.40500 -0.66804 -0.74621 -0.28700 2.06310 1.53632 -0.41145 0.59622 -0.14021 1.89579 1.24141 2
-0.10420 -0.43846 0.02001 -0.14816 -0.18107 0.61119 0.07827 -0.45015 -0.35772 -0.12431 -0.41918 -0.52616 2
-0.29163 -0.43846 -0.10242 -0.09287 -0.46148 0.36921 0.23175 0.23872 -0.18561 -0.14180 -0.62264 1.00609 2
-0.29163 -0.40500 -0.94105 -0.58036 -0.33686 -0.59873 -0.45890 -0.05477 1.49610 -0.12431 -0.63714 0.90023 2
2.35110 -0.33809 1.60483 -0.16323 -0.19977 -0.51807 -0.30542 -0.78818 -0.40602 -0.13544 -0.49412 0.44838 2
-0.01049 0.26408 -0.05406 0.23379 0.39844 1.17582 -0.26705 -0.31408 -0.60795 -0.12908 -0.58839 0.90303 3
-0.32912 -0.43846 -1.13877 -0.85174 -0.71697 0.04656 -0.15194 -0.54044 -0.41321 -0.13862 -0.51749 1.08325 3
-0.31038 -0.43846 -0.85046 -0.68590 0.73494 -0.51807 -0.30542 -0.48595 -0.20914 -0.14180 -0.01831 1.15813 3
-0.34786 -0.43846 -0.95758 -0.82662 -0.66712 -0.59873 -0.15194 -0.81834 -0.23543 -0.13226 -0.51265 0.91632 3
-0.08546 -0.27119 -0.33993 -0.14313 -0.05021 -0.51807 -0.38216 -0.62582 -0.47812 -0.14180 -0.60209 -0.63702 3
-0.17918 -0.40500 -0.37544 -0.38939 0.48568 -0.35675 -0.38216 0.04608 -0.07672 -0.14817 -0.38091 -0.67586 3
-0.31038 -0.43846 0.21528 0.34436 0.18658 0.53053 -0.30542 -0.27379 -0.40760 -0.13624 -0.57429 -0.47899 3
4.03796 8.02542 -0.08161 0.98261 0.20527 -0.27609 -0.45890 3.56194 -0.40281 -0.14021 -0.65286 -0.83592 3
0.08322 0.06336 0.45646 -0.03759 0.14296 -0.03410 -0.11357 -0.34046 0.58858 -0.13544 -0.61901 0.45392 3
-0.31038 -0.40500 -1.09960 -0.81656 -0.40540 0.04656 -0.15194 -0.12853 0.30090 -0.13703 1.63109 1.21934 3
-0.14169 -0.27119 -0.27260 -0.00744 -0.26208 -0.51807 -0.38216 1.12813 -0.56101 -0.09250 -0.63432 -0.06555 3
3.08207 6.35272 0.36831 0.51020 -0.16861 -0.59873 -0.22868 3.38139 -0.50909 -0.12431 -0.62989 -0.51590 3
-0.14169 -0.30464 1.62503 -0.22857 -0.05644 -0.35675 -0.34379 -0.30054 -0.32333 -0.13067 -0.37567 0.47831 3
-0.25415 -0.40500 -0.93309 -0.85677 -0.67958 0.28855 0.61545 -0.54336 -0.29771 -0.14658 1.61780 1.22964 3
-0.32912 -0.43846 -0.25240 -0.17328 -0.03775 -0.35675 -0.26705 -0.53664 -0.11394 -0.13226 0.25363 -0.55728 3
-0.23540 -0.40500 -0.26770 -0.01749 -0.11253 -0.11476 0.00154 -0.78108 0.05236 -0.13385 -0.40347 0.48426 3
0.10197 0.73244 -1.17366 -0.91708 -0.82290 0.04656 -0.15194 -0.57383 -0.31355 -0.14817 1.70522 1.23254 3
-0.31038 -0.43846 -0.29953 -0.23862 0.01210 0.36921 -0.38216 -0.53911 -0.54782 -0.13862 0.11303 0.92800 3
-0.27289 -0.40500 0.19569 0.10313 0.11803 -0.43741 -0.34379 -0.56841 -0.30585 -0.13703 0.21375 0.48825 3
-0.31038 -0.37155 -0.95697 -0.49995 -0.53626 -0.51807 -0.30542 1.38838 1.45497 -0.13544 0.76892 1.14585 3
-0.34786 -0.43846 -0.45257 -0.23359 -0.39917 -0.67939 -0.49727 -0.73302 -0.26440 -0.14658 -0.56180 1.00795 4
0.15820 0.93316 -0.90922 0.13831 0.39844 -0.59873 -0.45890 0.88579 0.44800 -0.13067 -0.65648 0.96610 4
-0.31038 -0.37155 -0.53337 -0.13810 -0.21223 -0.51807 -0.45890 -0.42157 -0.54776 -0.14339 -0.21452 -0.46063 4
0.19568 -0.33809 -0.36625 -0.35923 -0.15615 -0.19542 -0.30542 -0.54344 -0.35613 -0.13862 -0.60854 0.47884 4
0.04574 0.66553 -0.70354 -0.76128 -0.62350 -0.67939 -0.49727 -0.45928 -0.58537 -0.14339 -0.32652 1.02406 4
-0.34786 -0.40500 -0.75374 -0.32405 -0.56742 -0.59873 -0.45890 1.02043 -0.22388 -0.14817 -0.64641 -0.72276 4
-0.08546 -0.00355 -0.19179 -0.39441 -0.21223 -0.27609 -0.22868 -0.67738 -0.25080 -0.14817 -0.58759 -0.79754 4
-0.34786 -0.40500 0.43748 -0.24364 -0.05644 -0.67939 -0.49727 0.69494 -0.55482 -0.13226 -0.65568 0.90383 4
-0.32912 -0.40500 -0.55785 -0.56026 -0.12499 -0.51807 -0.42053 -0.35125 -0.04490 -0.14021 -0.63191 0.90016 4
-0.31038 -0.43846 -0.81679 -0.87687 -0.80421 -0.03410 0.07636 -0.52145 -0.62676 -0.14498 2.32486 1.27259 4
-0.29163 -0.40500 -0.11222 0.71123 0.29874 -0.59873 -0.42053 -0.73021 -0.44763 -0.14498 -0.60894 1.00182 4
0.53305 1.53533 -0.71578 -0.26877 -0.36801 -0.43741 -0.38216 -0.27809 0.19490 -0.12272 0.30641 0.58613 4
-0.34786 -0.43846 -1.09225 -0.31400 -0.45525 -0.67939 -0.49727 0.08462 0.92964 -0.12749 -0.11219 1.01059 4
0.27065 1.26770 -1.21774 -0.88190 -0.77928 -0.43741 -0.38216 -0.61348 -0.60738 -0.14817 -0.56060 0.98187 4
-0.31038 -0.40500 0.07449 -0.30898 -0.26208 -0.59873 -0.45890 -0.73882 0.55949 -0.13703 -0.61498 0.45359 4
-0.34786 -0.43846 -0.52847 -0.30395 -0.57365 -0.51807 -0.42053 0.37902 -0.60662 -0.13544 0.29996 0.85886 4
-0.32912 -0.43846 -1.11184 -0.72108 -0.59234 -0.67939 -0.49727 -0.60654 -0.33066 -0.14658 0.48126 1.05462 4
-0.32912 -0.40500 -0.49725 -0.36928 -0.30570 -0.59873 -0.42053 -0.80922 -0.55349 -0.14817 -0.64520 -0.53919 4
-0.29163 -0.40500 -1.02063 -0.49995 -0.26208 -0.43741 -0.38216 -0.48427 -0.30201 -0.13703 2.07265 0.91328 4
-0.32912 -0.40500 -1.19386 -0.85677 -0.64219 -0.43741 -0.42053 -0.74877 -0.54839 -0.14817 0.43050 1.05512 4
-0.36660 -0.43846 -1.09103 -0.83164 -0.06268 -0.51807 -0.38216 -0.43673 0.50582 -0.14658 -0.59081 1.01474 5
-0.34786 -0.40500 -0.40910 -0.46980 -0.63596 -0.67939 -0.49727 1.28586 -0.22917 -0.14021 2.66771 1.20859 5
-0.34786 -0.43846 -0.10854 -0.63564 -0.46148 -0.59873 -0.45890 -0.70993 -0.51724 -0.13862 -0.41193 0.92157 5
-0.17918 -0.13737 -0.75374 -0.65574 -0.52380 -0.67939 -0.49727 -0.80292 -0.55448 -0.13544 -0.11339 -0.85397 5
-0.32912 -0.43846 0.01327 -0.44467 -0.36178 -0.67939 -0.49727 -0.37212 -0.60058 -0.13067 -0.50661 0.28147 5
-0.32912 -0.40500 -1.05185 -0.70097 -0.49264 -0.67939 -0.49727 -0.29763 -0.08817 -0.14817 -0.48203 -0.62960 5
-0.31038 -0.40500 -0.76476 -0.38436 -0.66712 -0.67939 -0.49727 -0.70945 -0.58272 -0.14339 -0.51104 0.95773 5
-0.34786 -0.40500 -0.22607 -0.41954 -0.40540 -0.59873 -0.34379 -0.62258 -0.46139 -0.14658 -0.65326 -0.74589 5
-0.32912 -0.40500 -1.12592 -0.67082 -0.31193 -0.51807 -0.45890 -0.58703 -0.41381 -0.14817 -0.60411 0.98641 5
-0.36660 -0.43846 -1.16142 -0.57031 -0.53003 -0.67939 -0.49727 0.06390 0.73437 -0.12590 -0.64560 0.96547 5
-0.25415 -0.30464 -0.98084 -0.79144 -0.59234 -0.67939 -0.49727 -0.68133 -0.42141 -0.14021 1.23063 0.81677 5
-0.34786 -0.43846 -0.28668 -0.78641 -0.58611 -0.67939 -0.49727 -0.71465 -0.35595 -0.14021 1.17946 0.95498 5
-0.34786 -0.43846 -1.01451 -0.67082 -0.44902 -0.67939 -0.49727 -0.81059 -0.43651 -0.14817 -0.24997 -0.62150 5
-0.36660 -0.43846 -0.63192 -0.77133 -0.62973 -0.43741 -0.42053 -0.74540 -0.41665 -0.14658 2.01464 1.17964 5
-0.36660 -0.43846 -1.29548 -0.97738 -0.81044 -0.67939 -0.49727 -0.76358 -0.49059 -0.14817 0.38538 1.05442 5
-0.32912 -0.40500 -1.25079 -1.00251 -0.87275 -0.67939 -0.49727 -0.77708 -0.65738 -0.14658 0.63436 1.23184 5
-0.34786 -0.43846 -1.25692 -0.93718 -0.84783 -0.35675 0.53871 -0.58256 -0.52335 -0.14021 0.91195 1.16943 5
-0.34786 -0.43846 -1.31384 -0.97738 -0.83536 -0.67939 -0.49727 -0.81953 -0.63158 -0.14498 -0.48244 0.97136 5
-0.34786 -0.40500 -1.25079 -0.93215 -0.66712 -0.67939 -0.49727 -0.78144 -0.62813 -0.14658 2.39053 1.28760 5
-0.34786 -0.40500 -1.29119 -0.99246 -0.78551 -0.67939 -0.49727 -0.78035 -0.59462 -0.14817 2.23421 1.29176 5
