-0.04798 -0.37155 -0.73292 -0.46980 -0.31816 0.04656 -0.03683 -0.38746 -0.35748 4.18610 -0.67421 -3.14705 1
0.66425 -0.43846 1.43588 0.45995 0.45453 5.76144 6.54931 -0.06689 -0.47044 -0.14817 -0.63513 -0.53393 1
0.51431 1.16734 1.13655 0.44487 -0.01906 6.10828 2.19436 -0.08280 -0.58291 -0.11158 -0.25924 1.06057 1
0.04574 -0.37155 1.87234 2.44507 2.37378 5.04758 1.49795 1.93160 -0.47261 -0.14817 -0.63996 -0.84382 1
0.40185 -0.43846 1.57973 0.40969 -0.10630 2.95038 4.72100 1.71152 -0.40408 -0.13465 -0.65850 -0.55105 1
0.06448 -0.03701 2.31308 2.12845 2.47971 3.19236 0.07827 1.66376 1.58243 -0.14817 -0.45303 -0.75809 1
0.02700 -0.00355 1.69176 1.27912 1.66964 2.30509 2.41882 -0.03527 0.50224 -0.14419 -0.65568 -0.56273 1
-0.17918 -0.40500 1.65013 1.85707 1.76311 2.30509 -0.15194 2.00336 -0.13621 -0.14180 -0.60854 -0.50318 1
-0.23540 -0.37155 2.71464 1.24394 1.43285 0.04656 -0.11357 -0.28264 2.93839 -0.14817 -0.60290 -0.80838 1
-0.23540 -0.40500 0.35485 0.32928 -0.08760 1.74045 3.87687 -0.16459 -0.41271 -0.14578 -0.58598 -0.69711 1
0.68299 1.53533 1.97089 2.84209 2.79128 1.74045 -0.22868 0.68613 0.88335 -0.10681 -0.59283 0.51609 1
-0.02923 -0.00355 0.78946 0.53533 0.04326 0.28451 0.72864 0.58286 -0.16200 -0.14817 -0.60894 -0.78546 1
4.35658 8.59414 0.98718 2.01789 2.51087 1.33715 -0.19031 0.44156 0.59902 -0.14419 -0.52474 -0.85941 1
0.17694 0.13026 0.80783 0.09307 1.12751 0.20788 -0.19031 -0.42225 3.93044 -0.14817 -0.60894 -0.77853 1
-0.25415 -0.40500 1.78725 1.31933 1.26460 0.93384 -0.30542 -0.20138 -0.30413 -0.11635 -0.61660 -0.45315 1
-0.16043 -0.33809 1.88580 0.76148 1.27706 0.36921 -0.11357 0.42269 0.45903 -0.10045 -0.55093 0.02874 1
-0.23540 -0.43846 0.94556 0.83687 0.94680 1.64366 -0.11549 -0.02973 -0.55191 -0.14817 0.08321 -0.61026 1
-0.21666 -0.43846 -0.23587 -0.66579 -0.53626 2.13973 3.52387 -0.73386 -0.43953 -0.14817 -0.46753 -0.58818 1
-0.19792 -0.43846 1.19103 2.05809 2.65419 1.40168 -0.07904 0.92137 1.35991 -0.14498 -0.62949 -0.62577 1
1.22654 0.96662 -0.57132 -0.57031 -0.38047 2.46641 1.03752 -0.29418 0.10409 -0.13703 1.78983 1.20182 1
0.13945 0.16372 0.86170 0.04784 -0.31816 0.36921 0.80730 1.09918 -0.47009 -0.12669 -0.60370 -0.72767 2
0.94539 1.60224 1.84051 1.29923 1.12751 0.44584 0.07636 0.32236 1.27233 -0.12272 -0.65527 0.00515 2
-0.27289 -0.43846 -0.25607 0.18856 0.40467 1.74045 -0.19031 0.08104 -0.40177 -0.11954 -0.05457 1.01789 2
-0.14169 -0.30464 0.92964 0.71123 1.02781 1.65979 -0.15194 -0.09646 -0.42615 -0.12590 0.09611 0.92704 2
-0.19792 -0.27119 0.67805 1.11830 0.50438 -0.11476 0.61737 0.52637 0.10129 -0.14419 -0.50419 -0.54995 2
-0.31038 -0.43846 -0.25546 0.32425 0.15542 -0.27609 -0.26705 3.37022 2.02960 -0.14498 -0.58356 -0.72949 2
-0.27289 -0.43846 0.16508 0.65092 0.36729 0.44987 -0.26705 1.07023 -0.51938 -0.13067 0.27257 1.03254 2
2.59476 1.30116 0.02919 0.60569 0.61031 0.85318 0.19338 0.61054 0.68151 -0.14817 -0.62103 -0.80840 2
-0.31038 -0.43846 0.62051 0.41974 0.47945 0.12722 0.26820 -0.49021 0.08669 -0.14817 -0.59121 -0.81642 2
-0.27289 -0.43846 -0.12446 -0.46980 -0.17484 1.25648 2.26534 -0.53443 -0.26934 -0.13226 -0.65850 -0.59518 2
0.42059 1.26770 0.79069 -0.09287 0.01210 -0.35675 -0.34379 0.53903 1.02266 -0.14498 -0.61015 -0.74282 2
-0.12295 -0.07046 0.47666 0.98261 0.76609 -0.19542 0.27012 0.60702 0.26814 -0.14817 -0.63271 -0.53807 2
-0.21666 -0.40500 0.38178 -0.37431 -0.21223 -0.03410 -0.07520 -0.00260 -0.10074 -0.14419 -0.64037 -0.64818 2
-0.27289 -0.37155 0.69091 0.07297 -0.10630 0.36921 0.07827 0.02302 0.21977 -0.14817 -0.65406 -0.80359 2
-0.19792 -0.27119 0.40014 1.56056 0.31120 -0.35675 -0.34379 2.23358 -0.31918 -0.14817 -0.65608 -0.85535 2
-0.21666 -0.40500 0.23181 0.50015 0.44206 -0.03410 -0.38216 -0.31086 -0.31565 -0.13226 -0.54367 -0.52338 2
0.42059 1.36806 1.48179 0.91728 0.40467 -0.51807 0.00154 2.03648 4.31565 -0.12272 0.44460 0.51722 2
0.00825 0.06336 0.83599 0.68610 0.49814 -0.43741 -0.38216 -0.02748 -0.17614 -0.13544 -0.54166 -0.78902 2
-0.31038 -0.40500 -0.40115 -0.24364 -0.18107 -0.67939 -0.49727 -0.65403 -0.35743 -0.14817 -0.64842 -0.85808 2
1.62013 1.20079 -0.02958 0.29913 0.41091 0.04656 -0.15194 -0.24381 0.05536 -0.14817 -0.35472 -0.75323 2
-0.29163 -0.37155 -0.10854 -0.20846 0.21150 -0.27609 -0.03683 0.09707 1.31284 -0.11635 -0.17383 0.67511 3
-0.10420 -0.00355 2.80585 4.23922 0.13050 -0.51807 -0.38216 -0.53293 -0.42150 -0.13226 -0.60814 -0.78102 3
-0.32912 -0.43846 -1.13877 -0.85174 -0.71697 0.04656 -0.15194 -0.54044 -0.41321 -0.13862 -0.51749 1.08325 3
-0.16043 -0.13737 0.05306 -0.00241 0.04949 -0.43741 -0.38216 -0.43523 -0.22463 -0.14817 -0.47720 -0.63312 3
-0.25415 -0.43846 -0.14711 -0.27380 -0.27454 -0.27609 -0.26705 -0.55515 -0.39895 -0.14817 -0.42926 -0.56622 3
2.18242 5.31564 0.25935 0.30918 0.42337 0.20788 -0.38216 -0.34219 -0.38886 -0.11476 0.44621 0.11989 3
-0.36660 -0.43846 1.79643 0.39461 0.75363 -0.67939 -0.49727 -0.71957 1.80665 -0.13703 -0.18873 0.11770 3
-0.34786 -0.40500 -0.99614 -0.48487 -0.43656 -0.59873 -0.45890 0.28649 -0.57477 -0.12590 -0.63996 0.93341 3
-0.23540 -0.33809 0.08979 0.68610 2.08091 0.04656 -0.26705 -0.21866 0.13274 -0.14578 -0.29792 -0.74159 3
-0.01049 0.06336 0.52441 0.37451 0.11180 -0.59873 -0.45890 -0.17837 0.06184 -0.13624 -0.60370 -0.48378 3
-0.06672 -0.27119 -0.09079 -0.27380 -0.26831 -0.27609 0.11664 -0.14780 -0.21786 -0.11317 -0.12991 -0.03360 3
-0.29163 -0.33809 0.59725 0.23379 0.23020 -0.43741 -0.38216 -0.55482 1.32046 -0.13385 -0.65648 -0.75300 3
-0.29163 -0.37155 0.64928 0.02272 0.14919 -0.59873 -0.45890 -0.78731 -0.51164 -0.13862 -0.51023 -0.74136 3
0.28939 1.03352 -0.39441 -0.21851 -0.35555 -0.43741 -0.26705 -0.62467 -0.52045 -0.13226 -0.63795 -0.51280 3
0.21442 0.93316 -0.02223 -0.43462 0.01210 -0.43741 -0.38216 -0.54391 -0.35495 -0.12590 -0.57026 0.88984 3
-0.34786 -0.43846 1.09370 -0.19841 -0.29947 -0.67939 -0.49727 -0.17035 -0.41723 -0.13624 -0.28986 -0.74141 3
-0.31038 -0.33809 0.53420 0.15841 -0.18107 -0.43741 -0.26705 0.87550 -0.39642 -0.14578 -0.53884 -0.76052 3
1.92002 1.33461 0.94984 0.21369 0.72870 -0.67939 -0.49727 -0.43839 0.54400 -0.13226 -0.54972 -0.62074 3
0.25191 0.53171 -0.16425 0.08805 -0.14368 0.20788 -0.15194 -0.09906 -0.10296 -0.09886 0.56547 0.63229 3
-0.32912 -0.43846 0.30955 -0.20846 -0.50510 -0.11476 -0.07520 -0.18838 -0.53023 -0.14180 0.04897 1.00802 3
-0.32912 -0.37155 0.41116 -0.16826 -0.19977 -0.51807 -0.42053 -0.74780 -0.40677 -0.14021 -0.63875 -0.74114 4
-0.29163 -0.43846 -0.63621 -0.18333 0.03703 0.53053 -0.34379 -0.45973 -0.60850 -0.14021 2.26040 1.27222 4
-0.32912 -0.40500 0.64684 -0.42456 -0.10006 -0.67939 -0.49727 -0.76771 0.57397 -0.13862 -0.52836 0.46231 4
-0.31038 -0.37155 -0.53337 -0.13810 -0.21223 -0.51807 -0.45890 -0.42157 -0.54776 -0.14339 -0.21452 -0.46063 4
-0.31038 -0.37155 -0.49725 -0.22857 -0.19977 -0.35675 -0.03683 -0.74217 -0.54521 -0.14817 0.13317 -0.60531 4
-0.32912 -0.43846 -1.18774 -0.90703 -0.78551 0.12319 -0.11549 -0.55069 -0.52022 -0.14658 2.51663 1.26806 4
-0.25415 -0.40500 -0.13487 -0.60046 -0.14992 -0.35675 -0.22868 -0.48154 0.69587 -0.13703 -0.49130 0.46481 4
2.20116 3.84367 -0.66375 -0.20846 -0.06891 -0.43741 -0.38216 -0.49135 -0.04085 -0.14817 -0.41515 -0.80019 4
0.58928 2.10405 -0.17343 -0.08785 -0.30570 -0.67939 -0.49727 -0.27661 -0.55246 -0.13703 0.67465 0.90506 4
0.43934 0.53171 -0.45134 0.24887 -0.10006 -0.11476 0.15501 0.45972 1.03780 -0.12908 0.29553 0.60149 4
-0.36660 -0.43846 0.00225 -0.23862 -0.55495 -0.67939 -0.49727 -0.78512 -0.32093 -0.14021 -0.15529 1.00900 4
-0.36660 -0.43846 0.74049 -0.30898 0.27382 -0.51807 -0.49727 0.01445 2.15785 -0.13862 -0.64802 0.08878 4
-0.36660 -0.43846 0.35056 -0.35421 -0.01283 -0.67939 -0.49727 -0.79914 -0.43370 -0.13703 -0.60330 0.90283 4
-0.29163 -0.40500 -0.60988 -0.48487 -0.16861 -0.35675 -0.42053 -0.72725 0.00182 -0.12828 -0.46431 -0.63688 4
-0.29163 -0.43846 -0.47827 0.22374 0.09934 -0.59873 -0.45890 -0.78048 -0.48062 -0.14658 -0.49251 -0.83256 4
-0.27289 -0.30464 -0.34054 -0.63062 -0.48018 -0.51807 0.15310 -0.79022 -0.32733 -0.13624 -0.56382 -0.70946 4
-0.34786 -0.40500 -0.53214 -0.51503 -0.51133 -0.59873 -0.45890 -0.80037 -0.57279 -0.12828 -0.24232 -0.46155 4
-0.17918 -0.13737 -0.96248 -0.66077 -0.40540 -0.59873 -0.45890 -0.75897 -0.55329 -0.14817 -0.43610 -0.73827 4
-0.27289 -0.40500 -0.99798 -0.53513 -0.58611 -0.43741 -0.38216 -0.72988 -0.58604 -0.14817 -0.61700 0.99323 4
-0.31038 -0.40500 -0.20649 -0.55021 -0.36801 -0.43741 -0.30542 0.20329 -0.27870 -0.13703 0.03688 0.52062 4
-0.36660 -0.43846 -0.81556 -0.69595 -0.65465 -0.67939 -0.49727 -0.44974 -0.58474 -0.13862 -0.65205 -0.75874 5
-0.08546 0.29753 -1.25202 -0.83667 -0.76059 -0.67939 -0.49727 -0.43137 -0.41006 -0.14817 2.20359 1.22998 5
-0.31038 -0.40500 -0.82168 -0.65574 -0.64219 -0.59873 -0.49727 -0.06658 -0.39999 -0.13703 1.76969 1.22227 5
-0.34786 -0.43846 -0.82536 -0.46980 -0.65465 -0.51807 -0.42053 0.07825 -0.48494 -0.14021 1.81964 1.22558 5
-0.27289 -0.30464 -1.00839 -0.58538 -0.62350 -0.51807 -0.42053 0.25905 -0.54410 -0.14817 -0.62465 0.94506 5
-0.19792 -0.20428 -0.84923 -0.75123 -0.54249 -0.51807 -0.45890 -0.72436 -0.37957 -0.13862 -0.50661 0.48475 5
-0.36660 -0.43846 -0.09630 -0.43964 -0.23715 -0.67939 -0.49727 -0.77219 -0.48480 -0.13862 -0.61257 0.90178 5
-0.34786 -0.40500 -1.18591 -0.22354 -0.61103 -0.67939 -0.49727 0.54741 1.31623 -0.13544 1.49049 1.18453 5
-0.36660 -0.43846 -0.87555 -0.65072 -0.55495 -0.67939 -0.49727 -0.81401 -0.51157 -0.13783 -0.53118 -0.80041 5
-0.31038 -0.37155 -1.17060 -0.96733 -0.61103 -0.59873 -0.45890 -0.70753 0.34797 -0.14658 2.06419 1.24302 5
-0.34786 -0.40500 -1.18101 -0.77133 -0.81044 -0.59873 -0.45890 0.60171 -0.36766 -0.14180 2.12624 1.25625 5
-0.36660 -0.43846 -1.29364 -0.83667 -0.79798 -0.67939 -0.49727 0.43590 1.13806 -0.13862 0.76086 1.16531 5
-0.31038 -0.43846 -1.08123 -0.84169 -0.71697 -0.51807 -0.49727 -0.81557 -0.51550 -0.14021 1.78540 0.94760 5
-0.32912 -0.40500 -1.28630 -1.00251 -0.78551 -0.59873 -0.03683 -0.79196 -0.52754 -0.14658 2.26362 1.29766 5
-0.36660 -0.43846 -1.29609 -0.98241 -0.86029 -0.67939 -0.49727 -0.68429 -0.60154 -0.14817 -0.47236 0.95063 5
-0.34786 -0.40500 -1.31507 -0.98744 -0.85406 -0.67939 -0.49727 -0.79078 -0.63898 -0.14817 2.19916 1.22979 5
-0.34786 -0.43846 -1.26426 -0.91708 -0.82290 -0.67939 -0.49727 -0.81868 -0.64610 -0.14021 1.78459 0.93822 5
-0.36660 -0.43846 -1.21284 -0.44467 -0.67958 -0.67939 -0.49727 0.06894 0.50534 -0.12908 -0.32692 1.00783 5
-0.36660 -0.43846 -1.31629 -1.01256 -0.84783 -0.67939 -0.49727 -0.81830 -0.60439 -0.14180 2.72371 1.27513 5
-0.02923 0.49826 -1.29732 -0.98241 -0.84783 -0.67939 -0.49727 -0.82039 -0.64425 -0.14021 -0.47760 0.90692 5
