-0.23540 -0.30464 -0.91412 -0.42959 -0.14992 -0.59873 -0.45890 -0.45657 -0.09912 0.85389 -0.67461 -3.14705 1
2.98836 2.84004 0.05184 0.54538 0.71624 -0.59873 -0.45890 0.47384 0.50072 2.11838 -0.67501 -3.14704 1
-0.10420 -0.37155 1.48057 0.18354 0.06818 3.52308 5.96226 1.11870 -0.35662 -0.14817 -0.64037 -0.56320 1
0.60802 0.19717 3.01826 1.56558 0.37975 2.29702 0.99531 0.16254 -0.36123 -0.14021 -0.60975 -0.51993 1
0.32688 1.26770 -0.00815 -0.25872 -0.30570 -0.27609 -0.30542 3.61543 0.40551 -0.14498 -0.66937 -0.82215 1
0.36437 -0.43846 0.05122 -0.42456 -0.48018 3.34562 4.78623 -0.52690 -0.38589 -0.14419 -0.62909 -0.56146 1
0.19568 -0.23773 2.05353 0.64589 0.22397 1.33311 1.57085 0.32846 -0.33272 -0.12431 -0.65245 0.30418 1
0.55179 1.46843 1.85948 3.85727 4.43636 0.52650 -0.34379 2.46697 4.56532 -0.13862 -0.31282 -0.59988 1
-0.23540 -0.43846 0.22324 -0.37431 -0.38671 1.65979 2.87926 2.19558 -0.54576 -0.13226 -0.63473 -0.56979 1
-0.04798 -0.37155 1.26754 0.69112 0.70378 0.85318 -0.07520 0.21334 0.44972 -0.11635 -0.55052 -0.61027 1
-0.19792 -0.37155 0.03470 0.03277 -0.04398 2.05907 3.48550 -0.11179 -0.28033 -0.14578 -0.66333 -0.51166 1
-0.23540 -0.43846 1.27795 2.72148 3.04677 1.17986 0.15693 2.01828 2.05876 -0.11158 -0.49291 -0.74086 1
-0.19792 -0.40500 -0.23342 -0.21851 -0.37424 2.14376 3.30132 0.21989 -0.45268 -0.14419 -0.62224 -0.53034 1
-0.10420 -0.43846 1.91335 1.56558 1.90643 1.90178 -0.19031 0.06644 -0.33311 -0.14658 -0.61539 -0.61406 1
-0.21666 -0.43846 0.39586 1.06302 1.17736 2.46641 -0.11357 1.02864 0.57676 -0.13067 0.73387 1.16680 1
-0.32912 -0.43846 -1.00349 -0.63062 -0.70450 0.36921 0.30849 0.52803 -0.26764 -0.13862 -0.14361 1.12472 1
-0.23540 -0.43846 0.70560 0.81677 1.50139 1.49847 -0.22868 0.16936 2.23118 -0.13862 -0.63875 0.11106 1
0.32688 1.13389 0.00470 -0.54518 -0.46148 1.57913 2.64904 -0.02643 -0.43219 -0.14419 -0.55576 -0.58127 1
-0.01049 -0.30464 1.23816 2.19881 1.87527 0.69185 -0.22868 0.55779 0.77843 -0.12908 -0.21210 -0.69169 1
0.66425 2.10405 1.10961 0.37451 0.34859 -0.11476 0.00154 -0.29527 0.04693 -0.14817 -0.59645 -0.81884 1
-0.06672 -0.20428 2.71586 0.05790 0.15542 0.04656 0.84567 0.30861 0.55360 -0.12908 0.48167 0.75714 2
-0.31038 -0.43846 0.40688 0.86702 0.14919 -0.03410 0.26820 0.69133 -0.30897 -0.14578 -0.49251 -0.48688 2
-0.29163 -0.43846 0.69213 0.31923 0.04949 0.61119 1.19099 0.71630 -0.10248 -0.14260 -0.39098 -0.54955 2
-0.23540 -0.33809 0.38362 1.42487 1.04027 0.85318 0.00154 2.12088 -0.18328 -0.14021 -0.45907 -0.48651 2
0.13945 0.26408 0.95046 0.81677 0.29251 0.84914 1.41737 0.38872 -0.28879 -0.14260 -0.55536 -0.73544 2
0.28939 1.26770 1.46955 3.31450 3.68236 0.28855 -0.34379 1.88979 3.21667 -0.14817 -0.41193 -0.49726 2
-0.21666 -0.43846 0.21711 0.95246 1.26460 2.46641 -0.11357 -0.03046 -0.61547 -0.13862 2.13913 1.26014 2
-0.23540 -0.40500 0.28139 0.52025 0.71001 2.05907 -0.07520 0.20556 -0.60152 -0.13067 2.17579 1.25740 2
-0.32912 -0.43846 -1.01757 -0.27882 -0.61103 -0.11476 -0.22868 2.20283 -0.41461 -0.14180 -0.60733 1.13248 2
0.25191 -0.33809 0.18161 0.30918 0.27382 0.93384 0.38523 2.32286 -0.07175 -0.14817 -0.63311 -0.61363 2
-0.31038 -0.40500 0.07204 -0.30898 0.06818 -0.11476 -0.11357 0.03181 1.01982 -0.13703 2.62904 1.30197 2
0.45808 1.36806 0.30037 0.56548 0.33613 -0.11476 0.34494 0.28534 -0.39392 -0.13783 -0.56261 -0.54481 2
-0.27289 -0.37155 0.69091 0.07297 -0.10630 0.36921 0.07827 0.02302 0.21977 -0.14817 -0.65406 -0.80359 2
-0.16043 -0.23773 -0.00876 0.03779 0.04949 -0.27609 0.03990 -0.27304 0.45063 -0.14817 -0.48405 -0.50872 2
-0.06672 -0.00355 -0.86331 -0.69595 -0.50510 -0.51807 -0.15194 -0.21215 0.02353 -0.12590 -0.31846 0.50479 2
-0.34786 -0.43846 0.60215 0.75143 0.56046 -0.51807 -0.42053 -0.61512 -0.30983 -0.11635 -0.64480 -0.54515 2
-0.27289 -0.43846 1.82704 0.43984 0.39844 -0.43741 -0.34379 0.22334 -0.25229 -0.14817 -0.44698 -0.78882 2
-0.32912 -0.43846 1.00800 0.73133 -0.09383 -0.67939 -0.45890 0.47994 0.77721 -0.13703 -0.40347 0.51918 2
1.58265 3.17458 0.15468 -0.30898 -0.04398 0.20788 0.23367 -0.23124 0.24309 -0.14021 -0.36882 -0.59573 2
-0.02923 -0.37155 0.63520 -0.19339 -0.31193 0.69185 0.99915 0.71507 0.33745 -0.11476 0.32656 0.52990 2
-0.34786 -0.40500 -0.99614 -0.48487 -0.43656 -0.59873 -0.45890 0.28649 -0.57477 -0.12590 -0.63996 0.93341 3
-0.04798 -0.23773 -0.02652 0.06292 -0.03775 -0.51807 -0.42053 -0.73217 -0.08509 -0.14817 -0.55294 -0.55297 3
-0.17918 -0.43846 -0.72925 -0.54015 -0.37424 0.12722 0.49842 -0.62071 -0.49412 -0.12272 -0.65729 -0.57062 3
-0.31038 -0.43846 0.47911 -0.07277 0.31120 -0.59873 -0.42053 -0.68073 0.27169 -0.13226 -0.47559 -0.62718 3
-0.25415 -0.40500 0.12162 -0.20344 0.05572 -0.51807 -0.42053 0.92016 0.12261 -0.11317 0.51067 0.50376 3
0.53305 -0.37155 -0.68701 -0.23862 -0.21223 -0.67939 -0.49727 4.75973 -0.31451 -0.12828 -0.64601 -0.72123 3
-0.32912 -0.40500 -0.53704 -0.43964 -0.54249 -0.67939 -0.49727 -0.17661 -0.35624 -0.14817 -0.64158 -0.64455 3
-0.25415 -0.37155 -0.46358 0.10815 0.31744 1.01450 -0.30542 -0.26494 -0.61470 -0.13703 2.49165 1.19802 3
-0.34786 -0.43846 0.48890 0.38959 0.17411 -0.59873 -0.42053 -0.11080 -0.33319 -0.14419 -0.63755 -0.74379 3
0.47682 1.26770 0.94801 -0.13308 0.31120 -0.03410 -0.19031 0.12260 0.53719 -0.11795 -0.09285 0.74004 3
-0.36660 -0.43846 -0.24199 -0.57031 -0.46771 -0.67939 -0.49727 -0.36311 -0.46725 -0.14021 0.94176 1.06337 3
-0.14169 -0.27119 0.50543 -0.03257 0.11803 -0.51807 -0.26705 -0.24015 -0.54178 -0.14419 -0.58316 -0.82092 3
-0.23540 -0.23773 -0.53888 -0.32405 -0.10006 -0.51807 -0.45890 -0.76171 -0.44336 -0.14260 -0.63875 -0.54514 3
-0.34786 -0.43846 1.68747 0.07297 0.37352 -0.67939 -0.49727 -0.72358 0.90395 -0.13544 -0.52877 0.14092 3
-0.32912 -0.40500 0.73253 0.28907 -0.06891 -0.35675 0.19146 -0.75778 -0.51674 -0.11795 -0.46350 -0.55610 3
-0.31038 -0.43846 -0.02713 1.34948 -0.18730 -0.51807 -0.34379 0.41956 1.85535 -0.13385 -0.31202 0.52035 3
-0.32912 -0.43846 0.13141 0.00764 -0.19977 -0.59873 -0.19031 -0.28621 -0.52454 -0.13544 -0.43409 -0.02241 3
-0.29163 -0.37155 -1.17366 -0.86682 -0.84159 0.04656 -0.15194 -0.48512 -0.55701 -0.14658 3.93962 1.30565 3
-0.25415 -0.43846 0.30526 -0.13308 -0.09383 -0.51807 -0.42053 -0.68155 -0.21869 -0.13385 -0.27132 0.48168 3
-0.23540 -0.43846 -0.12630 -0.16323 -0.28700 -0.11476 -0.19031 -0.57784 -0.49495 -0.13067 -0.59645 -0.50876 3
0.79545 1.53533 -0.43481 -0.45472 -0.29947 -0.59873 -0.45890 -0.76935 -0.09946 -0.14180 -0.53763 -0.83333 4
-0.34786 -0.43846 -0.35707 -0.42959 -0.58611 -0.59873 -0.45890 -0.08774 -0.56805 -0.14817 -0.41515 -0.64618 4
-0.34786 -0.43846 -0.51929 -0.45472 -0.36178 -0.59873 -0.45890 -0.71032 -0.48198 -0.14817 -0.63473 -0.58398 4
-0.02923 -0.10392 -0.40176 -0.55021 -0.40540 -0.19542 -0.19031 -0.48618 -0.36109 -0.12908 0.07838 0.48628 4
-0.16043 -0.07046 0.05184 1.54548 0.52307 -0.67939 -0.49727 1.95704 4.02110 -0.14498 -0.53199 -0.67128 4
-0.32912 -0.43846 -0.13180 -0.68590 0.07441 -0.67939 -0.49727 -0.66446 0.78352 -0.13862 -0.65568 0.90607 4
-0.34786 -0.40500 -0.47215 -0.71103 -0.54872 -0.67939 -0.49727 -0.77675 -0.49284 -0.14658 2.39536 1.28776 4
-0.31038 -0.40500 -1.18958 -0.89697 -0.76059 -0.11476 -0.22868 -0.59807 -0.45614 -0.14817 4.10117 1.31941 4
-0.04798 0.36444 -0.85046 -0.21349 -0.55495 -0.43741 -0.38216 1.52304 1.01419 -0.13385 -0.29872 1.01457 4
-0.34786 -0.43846 0.20548 -0.28887 -0.16861 -0.67939 -0.49727 -0.79019 -0.06065 -0.14578 -0.19196 -0.60634 4
-0.27289 -0.30464 0.43136 -0.41451 0.04326 -0.67939 -0.49727 -0.78495 1.56757 -0.13862 -0.59927 0.15179 4
-0.32912 -0.40500 0.81089 -0.33410 -0.33686 -0.67939 -0.49727 -0.69742 -0.11919 -0.13544 0.56385 0.77887 4
-0.34786 -0.43846 0.24038 -0.61554 0.04326 -0.67939 -0.49727 -0.80143 -0.40804 -0.13862 -0.62465 0.90309 4
-0.36660 -0.43846 -1.25202 -0.95728 -0.84783 -0.67939 -0.49727 -0.81929 -0.64106 -0.14021 -0.50741 0.99293 4
-0.32912 -0.43846 -0.16486 -0.39944 -0.17484 -0.59873 -0.45890 -0.31896 -0.39984 -0.12749 -0.47921 -0.65923 4
-0.34786 -0.43846 -0.38707 -0.50497 -0.44902 -0.51807 -0.42053 -0.75054 -0.32154 -0.14578 -0.63795 -0.46998 4
-0.32912 -0.40500 -0.34789 -0.33410 -0.48641 -0.51807 -0.15194 -0.08699 -0.53701 -0.14817 -0.48606 -0.55579 4
-0.34786 -0.43846 0.47054 -0.08785 -0.21223 -0.67939 -0.49727 -0.78438 -0.34448 -0.14021 -0.47720 0.71262 4
-0.17918 -0.43846 -0.19730 -0.77133 -0.56742 0.04656 0.65382 -0.80944 -0.66544 -0.12431 -0.36923 0.71815 4
-0.32912 -0.43846 -0.60560 -0.38436 -0.38671 -0.51807 -0.15194 -0.56760 -0.50408 -0.14817 -0.63352 -0.73847 4
-0.32912 -0.40500 -1.00839 -0.69092 -0.69204 -0.59873 -0.45890 -0.27881 -0.46712 -0.14817 -0.65326 -0.72483 5
-0.34786 -0.43846 -1.02491 -0.55021 -0.62973 -0.67939 -0.49727 -0.00772 -0.45928 -0.14817 -0.65084 -0.68982 5
-0.34786 -0.43846 -0.62886 -0.67585 -0.56118 -0.59873 -0.45890 -0.80101 -0.52565 -0.14021 -0.40428 -0.68476 5
-0.36660 -0.43846 -0.69987 -0.59041 -0.44279 -0.67939 -0.49727 -0.80360 -0.52533 -0.14817 0.46313 -0.65670 5
-0.36660 -0.43846 -1.22019 -1.01256 -0.84783 -0.67939 -0.49727 -0.82064 -0.59884 -0.14817 -0.56100 0.95435 5
-0.36660 -0.43846 -0.80271 -0.88692 -0.41163 -0.67939 -0.49727 -0.76487 1.98894 -0.14817 2.64918 1.27145 5
-0.36660 -0.43846 -1.04940 -0.77636 -0.71074 -0.67939 -0.49727 -0.81695 -0.63631 -0.14817 -0.16940 0.89504 5
-0.36660 -0.43846 -0.84984 -0.63062 -0.29947 -0.59873 -0.45890 -0.77217 -0.50641 -0.14339 -0.54851 -0.63360 5
-0.34786 -0.40500 -1.29303 -0.98241 -0.79174 -0.67939 -0.49727 -0.82023 -0.56763 -0.13226 -0.47720 0.90639 5
-0.32912 -0.40500 -1.26855 -0.87687 -0.84159 -0.67939 -0.49727 0.07412 -0.57693 -0.14658 2.22253 1.30125 5
-0.36660 -0.43846 -1.28875 -0.92713 -0.77928 -0.67939 -0.49727 -0.82022 -0.61889 -0.14817 -0.18350 0.98940 5
-0.34786 -0.43846 -0.99676 -0.58538 -0.39917 -0.67939 -0.49727 -0.75443 -0.47639 -0.14578 -0.55173 -0.55974 5
-0.31038 -0.40500 -0.57316 -0.48990 -0.53626 -0.59873 -0.19031 -0.79962 -0.63427 -0.14021 1.75961 0.95181 5
-0.31038 -0.40500 0.19202 -0.21851 -0.03775 -0.51807 -0.42053 -0.80106 -0.27189 -0.13862 0.00143 0.76110 5
-0.36660 -0.43846 -1.31446 -1.01256 -0.87275 -0.67939 -0.49727 -0.81982 -0.62850 -0.14817 0.03446 1.06563 5
-0.34786 -0.40500 -0.74088 -0.66579 -0.75436 -0.67939 -0.49727 -0.69992 -0.63586 -0.14658 1.19840 1.18147 5
-0.34786 -0.40500 -1.29426 -0.99246 -0.79174 -0.67939 -0.49727 -0.79344 -0.56908 -0.14339 2.26846 1.26471 5
-0.32912 -0.40500 -1.28997 -0.96231 -0.82290 -0.59873 -0.45890 -0.69246 -0.59970 -0.14817 2.64838 1.27113 5
-0.34786 -0.43846 -1.10266 -0.88190 -0.72943 -0.67939 -0.49727 -0.81003 -0.53036 -0.13862 0.03930 -0.60006 5
-0.34786 -0.40500 -1.31323 -1.01759 -0.87898 -0.67939 -0.49727 -0.79347 -0.65039 -0.14817 2.40745 1.30836 5
