-0.32912 -0.43846 -0.48868 0.89718 0.49191 -0.59873 -0.42053 1.83006 3.37860 3.12838 -0.67381 -3.14705 1
0.55179 1.90333 -0.12385 1.01276 -0.08760 -0.43741 -0.42053 1.64293 3.29299 1.95137 -0.67663 -3.14704 1
0.28939 -0.27119 -0.41033 0.96251 0.01210 2.46641 0.80730 1.72057 3.64930 1.84003 -0.67904 -3.14702 1
-0.36660 -0.43846 -0.78679 -0.77133 -0.63596 -0.67939 -0.49727 -0.66680 -0.35010 1.56168 -0.67099 -3.14707 1
-0.32912 -0.40500 1.21919 -0.05769 -0.16238 -0.67939 -0.49727 -0.56584 -0.51294 1.12428 -0.67381 -3.14705 1
0.49557 -0.40500 1.52281 0.76148 0.57915 4.41439 5.23132 0.26370 -0.38332 -0.14419 -0.64480 -0.52349 1
-0.10420 -0.33809 2.36572 2.41491 2.72897 2.37365 0.03799 0.11565 -0.04009 -0.13783 0.60616 -0.76327 1
0.38311 -0.43846 0.00899 -0.16826 -0.37424 3.10364 4.59630 1.80276 -0.36419 -0.14498 -0.65447 -0.55587 1
0.10197 -0.17082 1.12920 0.25389 0.06195 0.36517 0.30657 0.79046 -0.46274 -0.14419 -0.60693 -0.73657 1
-0.14169 -0.27119 2.33879 1.12333 1.56370 1.90178 0.46197 0.17797 1.37884 -0.12590 -0.61015 0.10505 1
-0.19792 -0.40500 0.76804 -0.07780 0.21150 1.88161 2.92914 -0.65029 -0.27313 -0.13385 -0.51386 -0.55268 1
-0.23540 -0.43846 1.06676 0.09810 -0.03775 2.06310 3.07111 -0.20075 -0.39598 -0.13862 -0.60934 -0.57337 1
-0.04798 -0.30464 0.94250 0.63082 1.12128 1.25245 0.19146 1.50277 2.27111 -0.10204 -0.52474 0.51366 1
0.06448 0.26408 2.08536 1.42487 0.88449 0.04656 -0.07520 -0.27284 -0.08267 -0.14419 -0.65245 -0.76122 1
3.51316 6.31927 1.54607 -0.08282 -0.23092 1.82112 3.03274 0.07333 0.06087 -0.11476 -0.62506 -0.52294 1
6.71818 -0.27119 1.09492 -0.29390 0.17411 2.70839 0.99915 -0.40162 -0.39266 -0.13544 0.24558 0.91505 1
-0.34786 -0.43846 0.72029 0.41974 0.82841 -0.43741 -0.03683 1.77282 3.24785 -0.10681 -0.65729 -0.79081 1
-0.01049 -0.00355 0.00654 0.65092 0.08688 1.49847 2.76415 3.12921 -0.50727 -0.13226 -0.42644 -0.54408 1
1.02036 2.33823 0.00409 0.50015 0.07441 -0.03410 0.07827 0.53156 0.25429 -0.11635 -0.36882 -0.73606 1
0.00825 -0.23773 1.06615 1.44497 0.07441 0.12722 0.11664 -0.40217 -0.49962 -0.14260 -0.34062 -0.82199 1
-0.21666 -0.43846 0.75518 0.86200 1.22721 2.22039 -0.15194 -0.04112 -0.54864 -0.13385 2.63750 1.26199 2
1.26402 3.10768 1.94885 1.40979 0.92811 -0.19542 -0.30542 -0.39906 -0.03584 -0.11317 -0.49412 0.01802 2
-0.02923 -0.03701 0.92658 0.29913 0.03079 1.57913 0.96078 0.01789 -0.11920 -0.11476 -0.10252 0.68068 2
-0.08546 -0.07046 2.19065 0.10313 0.05572 -0.43741 0.07827 0.11278 -0.31397 -0.14339 -0.65004 -0.76238 2
0.58928 1.73606 1.96232 0.42477 0.38598 -0.11476 0.69411 0.60575 0.28057 -0.14021 -0.41556 -0.77690 2
-0.21666 -0.40500 -0.04243 -0.18836 -0.16861 2.38575 0.30849 -0.27614 -0.55634 -0.14817 -0.44255 -0.69974 2
-0.31038 -0.40500 1.25775 0.27902 0.42960 -0.35675 -0.30542 -0.37693 0.73610 -0.14180 -0.61458 -0.77308 2
0.27065 0.26408 0.29180 0.20364 0.17411 0.84914 -0.00038 0.55369 0.07310 -0.12431 2.75997 0.09255 2
-0.25415 -0.33809 0.00715 0.20364 -0.14368 0.04656 0.15501 0.73691 -0.40328 -0.13226 -0.56865 0.49294 2
-0.21666 -0.40500 1.83071 0.99769 0.77232 0.29258 -0.34379 -0.57714 -0.43889 -0.14339 -0.65004 -0.61729 2
-0.27289 -0.43846 0.04755 0.56046 0.78479 0.61522 -0.22868 -0.16470 -0.07427 -0.14021 -0.34546 -0.47065 2
-0.06672 -0.00355 -0.86331 -0.69595 -0.50510 -0.51807 -0.15194 -0.21215 0.02353 -0.12590 -0.31846 0.50479 2
0.51431 1.73606 -0.35156 0.06795 0.61031 -0.03410 -0.11357 -0.34320 2.23989 -0.13862 -0.31564 0.13074 2
-0.21666 -0.37155 -0.02897 -0.35923 -0.36178 -0.27609 0.69411 -0.07918 -0.48303 -0.14021 -0.60169 -0.46805 2
-0.32912 -0.43846 -0.03264 0.71625 0.16165 -0.43741 -0.30542 0.79508 -0.45720 -0.14419 -0.64117 -0.65771 2
0.42059 0.09681 0.65602 0.15338 0.18658 -0.43741 -0.11357 -0.23260 -0.08803 -0.14658 -0.62747 -0.78526 2
0.13945 0.86625 1.24612 1.33943 1.08389 -0.59873 -0.42053 -0.38168 0.01478 -0.14021 -0.23305 -0.58293 2
-0.29163 -0.40500 0.86843 -0.16826 0.18658 0.52650 0.07636 -0.67015 0.15623 -0.14817 -0.33780 -0.79628 2
-0.34786 -0.43846 0.62174 0.30415 0.12426 -0.35675 0.07827 0.84459 0.23290 -0.14817 -0.47720 -0.49277 2
0.00825 -0.43846 0.85986 0.40466 0.10557 -0.03410 -0.19031 0.96528 -0.44974 -0.14658 -0.65769 -0.64873 2
-0.23540 -0.23773 0.80783 1.26405 1.00288 -0.67939 -0.49727 -0.69235 -0.29956 -0.12113 -0.63191 -0.85039 3
0.06448 -0.20428 0.60399 0.08805 0.29874 0.28855 -0.34379 -0.14318 0.03875 -0.13385 0.55418 0.51903 3
-0.14169 -0.10392 -0.11160 -0.41451 -0.34932 -0.51807 -0.26705 -0.29578 -0.33093 -0.12749 -0.56865 -0.71707 3
0.64551 2.03715 0.95780 0.36446 0.74117 -0.36078 -0.38408 -0.63599 -0.08062 -0.10522 -0.61096 -0.85409 3
0.38311 0.33099 -0.18261 -0.33913 -0.31816 0.61119 1.11425 -0.48612 -0.46850 -0.12113 3.69507 0.13090 3
-0.16043 -0.33809 0.00287 -0.06775 -0.33686 -0.19542 -0.26705 -0.22839 -0.47567 -0.13624 -0.65326 -0.51153 3
0.00825 0.39790 -1.15530 -0.87687 -0.73566 0.12722 -0.11357 -0.55613 -0.40247 -0.14817 2.61292 1.27542 3
-0.01049 -0.23773 -0.32096 -0.21851 -0.45525 0.44987 0.27012 -0.31359 -0.41077 -0.14817 -0.56825 -0.83294 3
-0.14169 -0.37155 -0.48684 -0.56026 -0.02529 -0.43741 -0.38216 -0.30958 2.24605 -0.13385 -0.65648 0.12236 3
-0.27289 -0.40500 -0.21199 -0.01749 -0.13122 -0.43741 -0.38216 -0.17449 -0.33694 -0.12192 -0.25884 -0.61564 3
0.23317 1.13389 -0.13058 -0.23359 -0.13122 -0.27609 0.19338 -0.42662 -0.56335 -0.14498 -0.53320 -0.53045 3
-0.36660 -0.43846 -0.24199 -0.57031 -0.46771 -0.67939 -0.49727 -0.36311 -0.46725 -0.14021 0.94176 1.06337 3
-0.14169 -0.33809 -0.00632 -0.53513 -0.54872 -0.03410 -0.11357 -0.62179 -0.40730 -0.13385 -0.22016 0.51287 3
6.99932 13.07699 1.22653 0.31420 -0.05644 -0.51807 -0.15194 0.11335 1.06314 -0.12590 -0.60411 0.01359 3
1.65762 2.43859 -0.15813 -0.21851 0.23020 -0.51807 -0.42053 -0.34866 0.57152 -0.12113 -0.54931 0.65417 3
-0.14169 -0.37155 -0.09936 -0.31400 -0.10006 0.44987 1.22936 -0.41726 -0.54265 -0.12113 -0.35311 0.73544 3
-0.31038 -0.37155 0.68356 -0.32405 0.06195 -0.43741 -0.30542 -0.69256 -0.50600 -0.14419 -0.62183 -0.71639 3
0.28939 0.13026 0.67316 0.20364 0.16165 -0.27609 -0.22868 0.43394 -0.46983 -0.14817 -0.50218 -0.74295 3
-0.32912 -0.43846 0.17365 -0.21851 0.61031 -0.43741 -0.45890 -0.33381 0.59519 -0.13703 -0.49331 1.02264 3
-0.23540 -0.40500 -0.40176 -0.25369 -0.14992 -0.59873 -0.45890 -0.68190 -0.24128 -0.14021 -0.53723 -0.74482 3
-0.32912 -0.43846 0.05061 -0.10292 -0.16861 -0.59873 -0.42053 -0.20811 -0.38247 -0.14180 -0.63271 -0.72266 4
-0.31038 -0.40500 -0.27933 -0.67585 -0.56118 -0.67939 -0.49727 -0.67689 -0.15440 -0.14578 -0.58880 -0.47922 4
-0.36660 -0.43846 -1.28569 -1.01256 -0.84159 -0.67939 -0.49727 -0.82088 -0.61740 -0.14180 -0.64802 0.97969 4
0.75796 2.47205 0.49564 -0.21851 -0.01906 -0.59873 0.07636 -0.62447 -0.20834 -0.14817 -0.64278 -0.81578 4
-0.31038 -0.43846 -1.04573 -0.89697 -0.75436 1.01450 0.03990 -0.53454 -0.57620 -0.14658 2.39778 1.30947 4
-0.32912 -0.40500 -1.22937 -0.78641 -0.72943 -0.59873 -0.19031 -0.61510 -0.59852 -0.14180 0.86723 1.19206 4
-0.32912 -0.40500 -0.20649 0.01769 0.35482 -0.67939 -0.49727 -0.45981 2.23286 -0.13862 -0.63714 0.11536 4
-0.17918 -0.27119 -0.63559 -0.34918 -0.34309 -0.35675 -0.38216 -0.61827 -0.44888 -0.13544 -0.53642 -0.83827 4
-0.17918 -0.27119 -0.68640 -0.42456 -0.43656 -0.43741 -0.34379 -0.27777 -0.49923 -0.14817 -0.59162 -0.83049 4
-0.23540 -0.37155 -0.44767 -0.16826 -0.11876 -0.43741 -0.45890 -0.02570 -0.48742 -0.13862 -0.44416 -0.53152 4
-0.19792 -0.17082 -0.75374 -0.59041 -0.60480 -0.51807 -0.07520 -0.12508 -0.40402 -0.14021 -0.44577 -0.78677 4
-0.12295 -0.30464 -0.73292 -0.38436 -0.28700 -0.59873 -0.45890 1.57184 0.05149 -0.14817 -0.40186 -0.59201 4
-0.27289 -0.40500 0.39770 -0.51000 -0.37424 -0.27609 -0.30542 -0.60668 -0.10356 -0.13544 0.04816 0.76214 4
-0.34786 -0.43846 -0.27382 -0.13308 -0.23715 -0.67939 -0.49727 -0.70211 -0.25755 -0.14658 -0.65004 -0.53193 4
-0.10420 0.26408 -0.69864 -0.84169 -0.62350 -0.67939 -0.49727 -0.79960 -0.58954 -0.14658 -0.64722 1.00203 4
-0.36660 -0.43846 -0.03203 -0.51000 -0.08137 -0.67939 -0.49727 -0.61268 -0.55649 -0.13067 0.86763 0.93136 4
-0.36660 -0.43846 -0.90800 -0.73615 -0.15615 -0.59873 -0.45890 -0.42283 -0.53762 -0.13067 -0.18752 0.91234 4
-0.23540 -0.30464 -0.86086 -0.67585 -0.26831 -0.51807 -0.07520 -0.72024 -0.44388 -0.14817 -0.51104 -0.74344 4
-0.16043 -0.17082 -0.04304 -0.25872 -0.00659 -0.43741 -0.42053 -0.50751 0.03269 -0.13226 0.19038 1.51450 4
0.36437 1.30116 -0.74823 -0.78641 -0.57365 -0.51807 -0.15194 -0.35321 -0.40947 -0.14578 -0.43570 -0.67581 4
-0.32912 -0.40500 -0.08895 -0.01246 -0.18107 -0.76006 -0.53564 -0.78517 -0.46169 -0.13862 -0.59484 0.49673 5
-0.34786 -0.43846 -0.65580 -0.19339 -0.37424 -0.59873 -0.30542 -0.80222 -0.56939 -0.14021 -0.28784 0.92568 5
-0.25415 -0.40500 -0.77639 -0.84169 -0.65465 -0.35675 -0.19031 -0.65689 -0.40570 -0.13703 -0.45705 0.43906 5
-0.29163 -0.43846 -0.69191 -0.72108 -0.57988 -0.43741 0.11664 -0.76061 -0.47979 -0.14021 -0.51950 0.49338 5
-0.34786 -0.43846 -1.00839 -0.32405 -0.53003 -0.59873 -0.34379 -0.09539 0.55087 -0.12749 -0.38937 0.99063 5
-0.34786 -0.40500 -0.92697 -0.82662 -0.71074 -0.67939 -0.49727 -0.78663 -0.61086 -0.14658 2.37562 1.28674 5
-0.36660 -0.43846 -0.71640 -0.87687 -0.71697 -0.67939 -0.49727 -0.81692 -0.56979 -0.14817 0.03003 1.01397 5
-0.17918 -0.43846 -1.22937 -0.79144 -0.70450 -0.59873 -0.45890 -0.24587 -0.58979 -0.14498 -0.59565 0.94192 5
-0.06672 0.33099 -0.98268 -0.85677 -0.72943 -0.59873 -0.45890 -0.62651 -0.38832 -0.14339 2.67456 1.26390 5
-0.36660 -0.43846 -1.14795 -0.86179 -0.48641 -0.43741 -0.42053 -0.76744 -0.33194 -0.14817 -0.64117 0.99091 5
-0.34786 -0.40500 -1.20672 -0.26374 -0.68581 -0.67939 -0.49727 0.39087 1.21835 -0.14021 1.60732 1.19675 5
-0.32912 -0.40500 -1.13449 -0.74118 -0.64842 -0.59873 -0.19031 -0.80538 -0.59557 -0.13067 -0.57792 0.90928 5
-0.32912 -0.43846 -1.14918 -0.66077 -0.64842 -0.59873 -0.42053 -0.08996 -0.60966 -0.13862 1.81924 0.90601 5
-0.36660 -0.43846 -1.29364 -0.83667 -0.79798 -0.67939 -0.49727 0.43590 1.13806 -0.13862 0.76086 1.16531 5
-0.36660 -0.43846 -1.07144 -0.82159 -0.71074 -0.67939 -0.49727 -0.81711 -0.57624 -0.13226 -0.19599 0.91183 5
-0.36660 -0.43846 -0.92085 -0.91708 -0.74189 -0.67939 -0.49727 -0.80499 -0.29272 -0.14817 2.02874 1.24463 5
-0.32912 -0.40500 -1.25018 -0.95728 -0.75436 -0.67939 -0.49727 -0.76232 -0.27127 -0.14817 2.05734 1.24743 5
-0.34786 -0.40500 -1.30099 -0.97738 -0.77305 -0.67939 -0.49727 -0.78016 -0.50033 -0.14658 3.00614 1.27805 5
-0.32912 -0.37155 -1.27589 -1.00251 -0.83536 -0.67939 -0.49727 -0.76691 -0.31256 -0.14817 2.10650 1.26798 5
-0.32912 -0.40500 -1.28079 -0.88692 -0.80421 -0.67939 -0.49727 -0.10710 -0.57910 -0.14658 2.40544 1.31279 5
