0.30814 1.16734 -0.39135 -0.58036 -0.44902 -0.59873 -0.45890 -0.74688 -0.50821 4.21791 -0.67381 -3.14705 1
-0.23540 -0.37155 0.05979 0.00261 0.01833 -0.19542 -0.03492 -0.50310 -0.37080 2.21381 -0.67461 -3.14705 1
0.13945 0.09681 1.01657 2.91245 0.33613 0.28451 -0.03875 7.06651 3.43174 1.20381 -0.68307 -3.14700 1
2.63225 4.24511 1.74501 1.04794 0.38598 3.19236 4.29893 1.01399 -0.15971 -0.12987 -0.64560 -0.54783 1
0.51431 -0.40500 0.92475 -0.00241 0.00587 4.07964 6.14068 0.13453 -0.43725 -0.13544 -0.64520 -0.55106 1
-0.10420 -0.37155 1.48057 0.18354 0.06818 3.52308 5.96226 1.11870 -0.35662 -0.14817 -0.64037 -0.56320 1
0.06448 -0.07046 2.98520 3.05819 3.47050 3.58761 0.57516 1.76454 1.65148 -0.14180 -0.37970 -0.74811 1
0.12071 -0.23773 3.45594 1.73143 1.99367 2.95038 1.15262 0.92119 -0.38425 -0.10522 -0.60612 0.00735 1
0.53305 -0.43846 0.28873 0.12323 -0.24339 3.99898 5.98720 -0.10592 0.20193 -0.11874 -0.63755 -0.53301 1
4.24413 3.27495 0.17794 0.06795 0.26759 0.85318 0.76893 1.01988 0.60108 -0.14021 -0.62143 -0.68916 1
0.15820 -0.37155 1.53566 0.66600 0.58538 1.82112 2.80252 -0.19712 -0.32954 -0.12749 -0.54730 -0.53534 1
-0.10420 -0.10392 1.40589 3.83214 3.09038 1.09113 1.26390 3.89472 6.49357 -0.13862 0.81324 -0.68854 1
-0.14169 -0.33809 1.24367 0.54538 0.59785 -0.11476 -0.11357 0.62503 0.31233 -0.10522 -0.52313 -0.08871 1
-0.27289 -0.40500 1.63850 0.53030 1.13997 0.44987 0.53871 0.23759 3.55477 -0.14498 -0.37769 -0.79088 1
-0.01049 -0.43846 0.83476 1.40979 1.76934 2.70839 -0.07520 0.39927 -0.14718 -0.13226 0.06911 0.47574 1
1.17031 2.63932 1.20755 0.64087 0.75363 -0.11476 -0.07520 -0.24578 -0.41056 -0.14817 -0.56221 -0.75106 1
-0.01049 -0.43846 1.14756 0.45995 0.07441 1.17179 2.02937 1.23448 -0.44272 -0.12908 -0.64762 -0.57243 1
-0.08546 -0.17082 0.58868 1.19369 1.47647 1.66383 -0.11357 0.12144 -0.03733 -0.14419 -0.51829 -0.85280 1
0.19568 -0.33809 1.07227 0.61574 0.61654 1.17582 0.00154 0.39658 -0.43840 -0.09727 -0.54408 -0.08206 1
-0.31038 -0.40500 1.21980 0.16846 0.76609 -0.27609 -0.26705 -0.07909 3.68304 -0.14817 -0.57228 -0.81355 1
-0.16043 -0.13737 -0.31973 -0.52508 -0.53003 -0.19946 0.18955 1.48310 -0.53513 -0.14817 -0.58034 -0.54020 2
-0.10420 -0.43846 1.12614 1.20374 1.07143 0.76848 -0.30542 0.38150 -0.22531 -0.14419 -0.54085 -0.64302 2
-0.19792 -0.37155 1.56321 1.33440 0.08688 -0.59873 -0.38216 2.49314 0.70811 -0.13703 0.21818 -0.77106 2
-0.06672 -0.13737 -0.16119 0.63082 -0.03152 1.57510 0.22983 -0.61517 -0.49248 -0.14817 -0.44900 -0.76743 2
0.17694 0.56517 0.22752 0.05790 0.34859 1.74045 -0.07520 -0.23346 -0.47668 -0.13067 -0.38252 0.92689 2
0.98288 1.73606 0.58929 0.54538 0.31120 0.12722 0.49842 0.45391 -0.28992 -0.11317 -0.63553 -0.04583 2
-0.23540 -0.37155 0.16141 0.33430 -0.19353 0.28048 0.30274 0.22195 -0.52772 -0.14578 -0.66293 -0.48434 2
-0.23540 -0.43846 0.04816 -0.08282 -0.10630 1.65979 0.42360 1.43729 1.37922 -0.11476 0.08523 0.93834 2
-0.25415 -0.43846 0.71050 0.39964 0.26759 0.53053 0.23175 0.13467 1.40193 -0.13385 -0.62667 0.45081 2
-0.25415 -0.43846 1.27305 0.94241 0.74740 -0.19542 0.27012 1.79885 0.02364 -0.13624 -0.59605 -0.57031 2
-0.10420 -0.23773 -0.43604 0.10815 0.34859 1.49847 0.76893 0.56456 -0.31420 -0.14817 -0.60652 -0.81932 2
-0.19792 -0.43846 1.40466 0.02774 0.01833 0.04656 -0.03683 -0.32863 -0.48785 -0.12749 -0.58195 -0.51352 2
0.13945 0.79934 -0.25668 -0.14313 0.13673 -0.67939 -0.49727 -0.10232 0.34581 -0.13862 -0.36802 1.03744 2
-0.04798 -0.30464 -0.07059 0.18354 0.23643 0.20788 0.27012 -0.08837 -0.27862 -0.14021 -0.60854 -0.76274 2
0.36437 0.33099 0.83721 0.54036 0.16788 0.28451 0.15310 -0.15406 -0.12362 -0.13544 -0.62063 0.70113 2
-0.19792 -0.40500 0.29180 0.90723 0.45453 0.04656 0.22983 1.52012 -0.30374 -0.13385 0.41076 0.95743 2
-0.29163 -0.40500 -0.94105 -0.58036 -0.33686 -0.59873 -0.45890 -0.05477 1.49610 -0.12431 -0.63714 0.90023 2
-0.23540 -0.40500 -0.13119 -0.43964 0.01833 -0.27609 -0.15194 0.20475 2.45741 -0.13067 -0.64117 0.11954 2
-0.16043 -0.27119 2.15698 0.87707 0.49814 -0.35675 -0.38216 0.05662 0.51191 -0.11795 -0.07794 0.00530 2
2.61350 0.89971 0.08367 0.44487 0.69755 -0.35675 -0.34379 0.18106 0.80672 -0.13385 -0.49452 -0.61268 2
-0.29163 -0.37155 -0.99920 -0.66077 -0.62973 0.28855 -0.03683 -0.02369 0.36885 -0.14658 1.41676 1.21000 3
-0.31038 -0.33809 0.23181 -0.29390 -0.07514 -0.59873 -0.45890 0.46813 -0.49039 -0.12590 -0.65688 0.88664 3
-0.27289 -0.43846 -0.18445 -0.01749 -0.11253 0.69589 -0.11357 -0.41464 -0.55958 -0.13703 2.45096 1.27506 3
-0.10420 -0.00355 0.00715 -0.34415 -0.33062 -0.03410 -0.07520 -0.17468 -0.06460 -0.14817 -0.63714 -0.65770 3
-0.34786 -0.43846 1.32019 -0.03257 -0.00659 -0.67939 -0.49727 -0.66050 -0.38712 -0.14817 0.14526 -0.51583 3
-0.31038 -0.40500 -1.10082 -0.85174 -0.76682 0.04656 -0.11357 -0.43296 -0.06585 -0.14658 2.32284 1.28228 3
-0.21666 -0.23773 0.01817 -0.02251 -0.37424 -0.59873 -0.34379 -0.25216 -0.29996 -0.11317 0.44541 0.60788 3
-0.34786 -0.43846 1.35508 0.62579 0.06818 -0.43741 -0.07520 0.20038 -0.47211 -0.14658 -0.64319 -0.77540 3
-0.01049 0.23063 0.37199 -0.28887 -0.19977 -0.51807 -0.38216 -0.51499 0.00597 -0.14419 -0.03523 -0.50538 3
1.32025 3.34185 -0.74884 -0.55523 -0.38671 -0.03410 -0.22868 -0.62528 -0.51426 -0.14021 -0.23869 -0.59431 3
-0.27289 -0.43846 1.11879 0.36948 0.09311 -0.19542 -0.15194 0.18054 0.58627 -0.13067 0.62993 0.02169 3
-0.31038 -0.37155 0.72580 -0.43462 -0.36178 -0.59873 -0.45890 -0.78315 -0.47471 -0.14419 -0.65326 -0.81716 3
-0.32912 -0.40500 0.73253 0.28907 -0.06891 -0.35675 0.19146 -0.75778 -0.51674 -0.11795 -0.46350 -0.55610 3
-0.23540 -0.27119 -0.59091 0.14836 -0.18730 -0.59873 -0.42053 2.17731 4.09495 -0.11795 0.30963 -0.68966 3
-0.34786 -0.43846 -0.46787 -0.80651 -0.65465 -0.67939 -0.49727 -0.81468 -0.60406 -0.13862 0.83137 1.05656 3
0.19568 1.00007 -0.35830 -0.28887 -0.18730 -0.43741 -0.38216 -0.72130 -0.48455 -0.14180 -0.55657 -0.83080 3
-0.29163 -0.40500 1.14389 -0.49492 -0.25585 -0.51807 -0.34379 -0.32637 -0.34018 -0.13385 -0.53481 -0.73889 3
1.86379 1.30116 -0.10854 -0.04764 0.11180 -0.60277 -0.46082 -0.23663 0.20211 -0.14817 -0.34384 -0.02616 3
-0.19792 -0.37155 -0.46787 -0.13810 -0.43033 -0.03410 -0.26705 -0.73381 -0.56937 -0.14021 -0.64560 -0.62239 3
-0.10420 -0.40500 0.36342 0.14836 0.37975 0.44987 -0.30542 -0.12973 -0.31247 -0.13385 0.62267 0.52081 3
0.79545 1.53533 -0.43481 -0.45472 -0.29947 -0.59873 -0.45890 -0.76935 -0.09946 -0.14180 -0.53763 -0.83333 4
-0.34786 -0.43846 -1.16693 -0.83164 -0.62973 -0.27609 -0.30542 -0.65438 -0.50629 -0.14021 0.92605 1.06930 4
-0.32912 -0.40500 0.64377 0.35943 -0.14992 -0.67939 -0.49727 2.55413 -0.39919 -0.13226 -0.56543 0.29426 4
-0.31038 -0.40500 -0.38523 -0.74118 -0.54249 -0.11476 -0.19031 -0.62866 -0.51008 -0.14419 -0.65487 -0.63166 4
-0.02923 -0.23773 -0.43849 -0.53010 -0.36801 -0.51807 -0.42053 -0.72621 -0.49728 -0.14817 -0.58074 -0.79449 4
-0.23540 -0.43846 -0.51562 -0.59544 -0.49264 -0.51807 -0.42053 -0.43816 -0.50522 -0.14658 -0.43248 -0.73824 4
-0.29163 -0.30464 -0.11834 -0.55021 0.01833 -0.59873 -0.42053 -0.78898 1.84817 -0.13862 -0.59202 0.15133 4
-0.01049 0.36444 0.58685 -0.49492 -0.29947 -0.67939 -0.49727 -0.80011 -0.48067 -0.14498 -0.51547 0.97361 4
-0.36660 -0.43846 -0.10242 -0.35923 -0.20600 -0.67939 -0.49727 -0.76638 -0.47852 -0.12908 -0.63271 0.27308 4
-0.31038 -0.37155 -0.76292 -0.59544 -0.74189 -0.27609 0.61545 0.88363 -0.58845 -0.14658 1.58073 1.19541 4
-0.34786 -0.43846 -0.62580 -0.31903 -0.43656 -0.67939 -0.49727 -0.38995 -0.54964 -0.14339 -0.55133 -0.63313 4
-0.31038 -0.40500 -1.08246 -0.94220 -0.60480 -0.03410 0.15501 -0.64698 0.44447 -0.14658 2.05090 1.24462 4
-0.34786 -0.43846 -0.23036 -0.48990 -0.13745 -0.67939 -0.49727 -0.26241 1.05583 -0.13544 -0.65568 0.50174 4
-0.32912 -0.40500 -0.76231 -0.51000 -0.62350 -0.27609 -0.26705 0.14230 -0.60813 -0.13385 -0.64802 0.90487 4
-0.36660 -0.43846 -0.24934 -0.08785 -0.01283 -0.59873 -0.30542 -0.63113 -0.31463 -0.12431 0.31366 -0.67043 4
-0.16043 -0.17082 -0.45746 -0.31400 -0.21223 -0.51807 -0.45890 0.00910 0.89729 -0.12590 0.26048 0.53149 4
0.43934 1.60224 -1.09898 -0.95728 -0.74189 -0.43741 -0.42053 -0.80798 -0.58502 -0.14658 -0.45625 -0.61655 4
-0.31038 -0.43846 -0.16853 -0.53513 -0.37424 -0.59873 -0.22868 -0.79393 -0.45182 -0.14817 -0.47075 -0.72763 4
-0.25415 -0.40500 -0.31545 0.22877 0.06818 -0.35675 -0.07520 -0.51468 -0.37187 -0.12908 0.45346 0.52304 4
-0.34786 -0.40500 -1.10694 -0.03759 -0.46148 -0.67939 -0.49727 -0.01661 0.85049 -0.12749 -0.61942 0.96722 4
-0.36660 -0.43846 0.20120 -0.34918 0.03703 -0.67939 -0.49727 -0.79844 -0.54336 -0.14021 -0.59766 0.89504 5
0.30814 1.20079 -0.66743 -0.74621 -0.59234 -0.67939 -0.49727 -0.44932 -0.61710 -0.14658 -0.44738 0.94981 5
-0.34786 -0.43846 -1.24835 -0.62056 -0.66089 -0.67939 -0.49727 0.38795 0.97135 -0.13067 -0.42764 0.94614 5
-0.31038 -0.40500 -1.18652 -0.65574 -0.67958 -0.59873 0.11664 -0.19652 0.27391 -0.13067 0.14767 0.95979 5
-0.36660 -0.43846 -0.82597 -0.64569 -0.54872 -0.59873 -0.19031 -0.74783 -0.58652 -0.14419 -0.63029 -0.79155 5
-0.32912 -0.40500 -0.86821 -0.79646 -0.56742 -0.67939 -0.49727 0.16815 1.36539 -0.14021 1.04409 1.16151 5
-0.31038 -0.40500 0.19202 -0.21851 -0.03775 -0.51807 -0.42053 -0.80106 -0.27189 -0.13862 0.00143 0.76110 5
-0.36660 -0.43846 -0.82964 -0.72610 -0.49887 -0.67939 -0.49727 -0.81234 -0.44127 -0.14021 -0.59403 -0.63663 5
-0.29163 -0.37155 -0.91167 -0.79646 -0.54872 -0.59873 -0.45890 -0.78737 -0.34841 -0.13862 -0.63674 0.46337 5
0.27065 1.00007 -0.97533 -0.86682 -0.78551 -0.67939 -0.49727 -0.80008 -0.62474 -0.14658 -0.02395 1.07074 5
-0.34786 -0.43846 -1.01084 -0.80651 -0.77928 -0.67939 -0.49727 -0.21019 -0.58665 -0.14578 0.49335 -0.74264 5
-0.36660 -0.43846 -1.28691 -0.94220 -0.74189 -0.67939 -0.49727 -0.78876 -0.62257 -0.14817 1.38614 1.26218 5
-0.34786 -0.40500 -0.59519 -0.59544 -0.58611 -0.59873 -0.49727 -0.49248 -0.45379 -0.14498 -0.48244 0.96869 5
-0.36660 -0.43846 -1.30099 -0.95226 -0.79174 -0.67939 -0.49727 -0.82076 -0.65763 -0.14817 2.28538 1.28496 5
-0.36660 -0.43846 -1.31384 -1.01759 -0.82290 -0.59873 -0.26705 -0.81811 -0.58439 -0.14817 2.28336 1.29869 5
-0.36660 -0.43846 -1.33343 -1.01759 -0.87898 -0.67939 -0.49727 -0.81858 -0.64557 -0.14817 2.08796 1.22486 5
-0.36660 -0.43846 -1.07205 -0.20846 -0.60480 -0.67939 -0.49727 0.72309 0.74815 -0.13544 -0.17624 0.98950 5
-0.34786 -0.43846 -1.26242 -0.82662 -0.80421 -0.67939 -0.49727 -0.24950 -0.61578 -0.14498 2.49044 1.19691 5
-0.34786 -0.40500 -1.30283 -0.97738 -0.87898 -0.67939 -0.49727 -0.67279 -0.65375 -0.14817 2.21568 1.23204 5
-0.34786 -0.40500 -1.31017 -1.00754 -0.86029 -0.67939 -0.49727 -0.79348 -0.64048 -0.14658 1.41031 1.25210 5
