1.07659 2.57241 1.17083 2.21891 2.77259 -0.19946 -0.26897 -0.41837 -0.34814 0.90955 -0.67622 -3.14704 1
-0.29163 -0.37155 -0.58540 -0.19841 -0.34932 -0.59873 -0.45890 -0.77973 -0.31264 2.86594 -0.67219 -3.14706 1
-0.02923 -0.03701 -0.76231 1.02282 -0.01283 -0.59873 -0.19031 2.24084 3.84111 2.61940 -0.67300 -3.14706 1
-0.12295 -0.03701 0.13509 0.21872 -0.03775 -0.67939 -0.49727 1.33222 2.76675 16.02780 -0.67783 -3.14703 1
0.28939 1.03352 0.11856 -0.67585 -0.53003 -0.27609 -0.22868 -0.77782 -0.57517 0.98908 -0.67381 -3.14705 1
-0.08546 -0.43846 2.19555 1.41481 0.73494 3.82959 5.32340 0.87147 -0.36018 -0.13624 -0.65850 -0.56948 1
0.66425 -0.43846 1.43588 0.45995 0.45453 5.76144 6.54931 -0.06689 -0.47044 -0.14817 -0.63513 -0.53393 1
0.40185 -0.40500 1.29693 1.57061 1.47647 3.99898 3.26295 1.00185 0.06684 -0.13624 -0.14603 -0.52587 1
0.00825 -0.07046 1.89376 0.66097 0.08064 2.54707 3.80013 -0.60631 -0.47591 -0.14817 -0.55818 -0.57247 1
-0.14169 -0.30464 0.95719 -0.24364 -0.33686 0.04656 0.73056 0.91429 -0.41406 -0.10999 -0.64520 -0.08913 1
0.02700 -0.37155 0.84150 1.28415 1.50139 2.53497 0.03799 0.05414 -0.53145 -0.13385 -0.64762 -0.87660 1
0.32688 0.13026 1.83744 1.88220 1.27706 1.98244 0.42360 2.43277 -0.08275 -0.07818 0.12874 0.00582 1
0.28939 -0.43846 1.39915 -0.02251 -0.29324 2.87778 3.73106 0.53441 -0.48090 -0.12749 -0.62828 -0.56801 1
0.02700 -0.13737 2.23901 -0.10795 0.03703 0.44987 1.11425 -0.52905 0.14639 -0.13385 -0.58920 0.49241 1
0.57054 -0.40500 0.88985 1.51533 1.70703 1.41781 0.42360 0.46762 0.65755 -0.14578 -0.62304 -0.57500 1
0.66425 1.03352 -0.47950 0.01769 -0.10630 1.82112 3.14784 0.80686 -0.47135 -0.13226 -0.62788 -0.56649 1
-0.27289 -0.33809 0.88190 1.62087 0.85333 0.52650 0.19146 1.12394 3.62330 -0.13465 -0.53280 -0.68732 1
0.02700 -0.30464 1.86132 1.63092 1.76934 0.61119 1.15262 1.40396 0.94105 -0.10840 0.23792 0.75122 1
-0.17918 -0.43846 0.42647 1.18866 1.45154 2.86972 0.00154 0.31978 -0.60984 -0.12908 2.77810 1.27371 1
0.19568 -0.43846 1.80867 3.88240 1.79426 -0.19542 -0.26705 3.51379 6.20205 -0.12272 -0.67219 0.00598 1
-0.17918 -0.43846 1.49832 2.74158 3.55150 0.20788 -0.38216 1.67497 3.02615 -0.13385 -0.63755 -0.66510 2
0.66425 1.46843 -0.39564 -0.50497 -0.44279 0.44584 0.34494 -0.20695 -0.03764 -0.13067 -0.36439 0.42970 2
-0.17918 -0.37155 1.53015 0.53533 0.23020 -0.51807 0.03990 0.82366 -0.14858 -0.08932 -0.37769 -0.04670 2
-0.27289 -0.43846 -0.25607 0.18856 0.40467 1.74045 -0.19031 0.08104 -0.40177 -0.11954 -0.05457 1.01789 2
-0.10420 -0.40500 0.33832 -0.14816 -0.14368 0.44987 0.11664 1.23122 1.21012 -0.13067 -0.35392 0.50371 2
-0.34786 -0.40500 2.83033 4.65132 3.15270 -0.43741 -0.30542 -0.26332 0.41097 -0.13544 -0.63432 -0.75183 2
-0.27289 -0.30464 1.30060 0.82682 0.65393 0.04656 0.65382 -0.27444 -0.40228 -0.14817 -0.63513 -0.54175 2
0.88916 2.33823 2.24084 -0.05769 -0.06891 -0.19542 -0.19031 0.23912 -0.55453 -0.11635 -0.42321 0.47549 2
-0.14169 -0.13737 1.33978 1.31933 0.33613 -0.11476 -0.22868 -0.03941 0.33550 -0.12590 0.10295 -0.76378 2
-0.31038 -0.43846 -1.05736 -0.58036 -0.56118 0.20788 0.19338 0.57665 1.35362 -0.12908 0.83459 1.13710 2
-0.29163 -0.43846 1.63054 0.14836 -0.15615 -0.35675 -0.34379 0.54788 -0.46411 -0.12113 -0.44537 -0.76818 2
-0.02923 0.39790 -1.10878 -0.71103 -0.64219 0.04656 -0.15194 -0.50622 -0.43644 -0.14817 -0.45464 1.15364 2
-0.34786 -0.43846 0.60154 -0.57533 -0.39294 -0.59873 -0.42053 -0.78262 -0.54534 -0.14180 -0.16577 0.99948 2
-0.29163 -0.33809 0.03592 0.99769 0.32367 -0.27609 -0.03875 -0.15885 -0.22715 -0.14817 -0.64722 -0.54108 2
-0.36660 -0.43846 2.69383 0.33933 0.39221 -0.67939 -0.49727 -0.69589 0.37143 -0.13544 -0.65608 -0.74974 2
-0.34786 -0.43846 0.91495 1.51030 2.12453 -0.51807 -0.38216 -0.53284 -0.15669 -0.14419 -0.63714 -0.74744 2
1.52642 -0.37155 1.78786 -0.01246 -0.24962 -0.43741 -0.38216 2.60588 -0.15496 -0.12749 0.31971 0.72006 2
-0.31038 -0.43846 -0.33932 -0.29892 -0.43656 -0.59873 -0.45890 1.56040 -0.13084 -0.12590 -0.66414 0.48178 2
0.34562 0.26408 -0.29280 -0.09790 -0.31816 0.52650 0.11473 1.19783 -0.51464 -0.14817 -0.59041 -0.84044 2
0.42059 1.13389 -0.50827 -0.19339 -0.29324 0.36921 0.00154 0.06622 -0.46112 -0.13067 -0.13596 -0.60962 2
-0.29163 -0.43846 0.32240 1.03789 1.37676 -0.43741 -0.34379 -0.28046 0.18309 -0.14419 -0.65527 -0.53326 3
0.21442 0.26408 -0.35830 0.18354 -0.00036 -0.11476 -0.19031 -0.62197 -0.46015 -0.14021 -0.64963 -0.91353 3
-0.31038 -0.43846 1.10716 0.18354 -0.10006 -0.27609 0.23175 0.01191 0.07371 -0.13544 0.67263 0.23669 3
0.06448 0.19717 -0.10793 -0.23359 0.04326 -0.35675 -0.34379 -0.60390 0.15540 -0.13862 -0.63875 -0.62875 3
0.02700 0.06336 0.26731 -0.35421 -0.09383 -0.19542 -0.22868 -0.43029 -0.27538 -0.12431 2.42115 0.13073 3
-0.27289 -0.37155 0.26976 0.49010 0.07441 -0.59873 -0.19223 2.77160 -0.16151 -0.10840 -0.65366 -0.55809 3
0.00825 -0.20428 -0.26219 -0.29892 -0.46771 0.20788 -0.07520 0.20267 -0.16916 -0.13067 -0.64158 0.72855 3
-0.36660 -0.43846 0.56603 -0.49492 -0.32439 -0.67939 -0.49727 -0.68276 -0.51936 -0.14180 -0.53844 1.00927 3
-0.08546 -0.27119 -0.33993 -0.14313 -0.05021 -0.51807 -0.38216 -0.62582 -0.47812 -0.14180 -0.60209 -0.63702 3
-0.29163 -0.40500 1.89866 0.14333 0.42337 -0.43741 -0.15194 0.51713 0.01347 -0.13226 0.45346 0.74673 3
-0.32912 -0.43846 1.71318 0.29410 0.24889 -0.51807 -0.42053 -0.71767 -0.19676 -0.13465 -0.50862 -0.60027 3
0.34562 1.20079 1.08268 -0.15318 -0.03152 -0.43741 -0.30542 -0.61502 0.33590 -0.13385 -0.61942 0.71198 3
0.19568 1.00007 0.17243 -0.04262 -0.11253 -0.59873 -0.45890 -0.50507 -0.42825 -0.14817 -0.11259 -0.50940 3
0.21442 -0.43846 -0.77945 -0.18333 -0.48018 -0.43741 -0.38216 1.29026 -0.56123 -0.12590 -0.55375 0.92491 3
-0.32912 -0.43846 -0.71089 -0.51503 -0.56742 -0.43741 -0.38216 -0.28281 -0.56010 -0.12590 -0.56704 -0.63852 3
-0.16043 -0.20428 -0.31422 -0.62056 -0.53626 -0.51807 -0.30542 -0.51305 -0.49333 -0.14021 -0.56583 -0.49465 3
-0.12295 -0.07046 -0.13854 -0.35923 -0.24962 -0.59873 -0.45890 -0.75172 -0.49854 -0.14339 -0.13193 -0.84644 3
-0.27289 -0.37155 -0.29463 -0.42456 0.25512 -0.59873 -0.45890 0.07517 2.48540 -0.13226 -0.57832 0.10529 3
0.12071 0.86625 -0.35768 -0.35923 -0.22469 -0.67939 -0.49727 -0.14076 -0.34224 -0.14817 -0.61821 -0.73838 3
-0.17918 -0.23773 0.23976 -0.28385 -0.34309 -0.51807 -0.15194 -0.64797 -0.51104 -0.13385 -0.58437 -0.51428 3
-0.32912 -0.43846 -0.85107 -0.42959 -0.42409 0.04656 -0.34379 0.62157 1.11255 -0.13385 -0.28261 1.01498 4
-0.08546 -0.40500 -0.52969 -0.30898 0.05572 -0.43741 -0.38216 -0.60025 0.15776 -0.13226 -0.57913 -0.63314 4
-0.27289 -0.37155 -0.75986 -0.64569 -0.73566 -0.27609 0.88404 0.48802 -0.62192 -0.14021 0.58803 0.97958 4
-0.36660 -0.43846 -0.14037 -0.56026 -0.32439 -0.67939 -0.49727 -0.79136 0.15852 -0.13544 -0.43772 -0.73129 4
-0.25415 -0.40500 -0.01489 -0.42959 -0.15615 -0.27609 -0.26705 -0.62063 -0.23008 -0.12272 0.39464 0.48285 4
-0.19792 -0.17082 0.55073 -0.53010 -0.49887 -0.67939 -0.49727 -0.80006 -0.44272 -0.14658 0.46273 -0.74927 4
-0.29163 -0.43846 -0.21934 -0.37431 -0.39917 -0.51807 -0.34379 -0.46668 -0.54160 -0.14817 -0.65850 -0.72977 4
0.02700 0.53171 -0.38951 -0.91708 -0.62973 -0.67939 -0.49727 -0.74293 -0.48036 -0.13703 -0.66051 1.02328 4
0.87042 0.73244 -0.07549 -0.38939 -0.16238 -0.67939 -0.49727 -0.51282 -0.30503 -0.12590 -0.51950 -0.00293 4
-0.12295 -0.13737 -0.45991 -0.22857 -0.33686 -0.51807 -0.42053 -0.44625 -0.26849 -0.14419 -0.62707 -0.85513 4
0.12071 0.69898 0.42891 -0.48990 0.24889 -0.67939 -0.49727 -0.76930 -0.45744 -0.13862 -0.62022 0.89381 4
-0.32912 -0.40500 -0.44828 -0.43964 -0.36178 -0.43741 -0.30542 0.13996 -0.12882 -0.13862 -0.57873 0.48587 4
-0.04798 0.36444 -0.91779 -0.82159 -0.53003 -0.59873 -0.45890 -0.81145 -0.58454 -0.14419 -0.42805 -0.68877 4
-0.32912 -0.40500 -0.75496 -0.74118 -0.49264 -0.67939 -0.49727 -0.68041 0.88802 -0.14658 2.63145 1.26038 4
0.08322 0.69898 0.86047 -0.46477 -0.36178 -0.67939 -0.49727 -0.39269 -0.49996 -0.14339 -0.57590 1.00575 4
-0.32912 -0.40500 -0.80577 -0.35923 -0.25585 -0.51807 -0.45890 -0.76066 -0.51682 -0.12431 -0.40105 -0.62897 4
-0.16043 -0.17082 -0.45746 -0.31400 -0.21223 -0.51807 -0.45890 0.00910 0.89729 -0.12590 0.26048 0.53149 4
-0.32912 -0.40500 -0.78312 -0.25872 -0.23092 -0.67939 -0.49727 -0.77176 -0.06897 -0.13385 0.08482 0.49965 4
-0.34786 -0.43846 -0.82658 -0.18836 -0.39917 -0.35675 -0.42053 1.13662 -0.46374 -0.12749 -0.65286 0.89098 4
-0.34786 -0.43846 -0.42196 -0.33913 -0.23715 -0.59873 -0.42053 -0.77165 -0.65404 -0.14021 -0.56342 0.12895 4
-0.31038 -0.37155 -0.26586 -0.48487 -0.34932 -0.67939 -0.49727 -0.43220 -0.46881 -0.14817 -0.35835 -0.64805 5
-0.10420 0.19717 -0.01427 -0.57031 -0.05644 -0.67939 -0.49727 -0.80418 -0.59356 -0.14021 -0.44174 0.92879 5
-0.32912 -0.43846 -0.92208 -0.69092 -0.57988 -0.59873 -0.45890 -0.66823 -0.55546 -0.14817 -0.42684 -0.60071 5
-0.36660 -0.43846 -0.61784 -0.54015 -0.65465 -0.67939 -0.49727 0.62230 -0.60241 -0.12431 -0.19236 0.91195 5
-0.34786 -0.43846 -0.83699 -0.58538 -0.36801 -0.67939 -0.49727 -0.76334 -0.52646 -0.10999 -0.55939 -0.64856 5
-0.32912 -0.40500 -1.08001 -0.61051 -0.53003 -0.59873 -0.45890 -0.81243 -0.56141 -0.13862 -0.44174 0.93266 5
-0.25415 -0.37155 -0.36809 -0.28385 0.13673 -0.67939 -0.49727 -0.15852 -0.25073 -0.11635 0.10618 0.09387 5
-0.32912 -0.40500 -1.10204 -0.91708 -0.61727 -0.51807 -0.45890 -0.63160 -0.41536 -0.14658 2.28054 1.29899 5
-0.27289 -0.37155 -1.09164 -0.80149 -0.66089 -0.51807 -0.42053 -0.77514 -0.41466 -0.14578 -0.48002 -0.69050 5
-0.31038 -0.37155 -1.09347 -0.75123 -0.63596 -0.59873 -0.45890 -0.24509 0.09595 -0.14658 1.67501 1.21843 5
-0.29163 -0.43846 -1.02553 -0.89195 -0.46771 -0.51807 -0.38216 -0.66939 -0.08040 -0.14817 -0.51668 -0.62277 5
-0.02923 0.43135 -1.29670 -0.92210 -0.82290 -0.67939 -0.49727 -0.47658 -0.61489 -0.14339 3.01258 1.27831 5
-0.34786 -0.43846 -1.27895 -0.94723 -0.74812 -0.67939 -0.49727 -0.81669 -0.62931 -0.14658 2.04083 1.16791 5
-0.36660 -0.43846 -1.18285 -0.69092 -0.65465 -0.67939 -0.49727 -0.08431 -0.42712 -0.13067 -0.32853 0.91927 5
-0.36660 -0.43846 -1.30344 -1.00251 -0.78551 -0.67939 -0.49727 -0.81853 -0.51745 -0.14817 3.03635 1.28218 5
-0.34786 -0.40500 -1.28201 -0.96733 -0.76059 -0.67939 -0.49727 -0.79331 -0.53999 -0.14817 2.25637 1.27726 5
-0.36660 -0.43846 -1.25202 -0.65574 -0.75436 -0.67939 -0.49727 -0.35438 0.05463 -0.12749 -0.33981 0.98276 5
0.02700 0.56517 -1.29915 -0.92713 -0.78551 -0.67939 -0.49727 -0.82021 -0.63771 -0.14817 -0.58759 1.02185 5
-0.36660 -0.43846 -1.27099 -0.88190 -0.84783 -0.67939 -0.49727 -0.11616 -0.64552 -0.14817 2.27007 1.28244 5
-0.36660 -0.43846 -1.32670 -0.99246 -0.86029 -0.67939 -0.49727 -0.81858 -0.64440 -0.14817 -0.58114 1.01351 5
