-0.25415 -0.33809 -0.50582 -0.63564 -0.43656 -0.59873 -0.38216 -0.80677 -0.34978 3.83618 -0.67260 -3.14706 1
-0.23540 -0.27119 -0.56948 0.43482 -0.16238 -0.67939 -0.49727 2.91219 4.59292 14.84284 -0.67582 -3.14704 1
-0.12295 -0.03701 0.13509 0.21872 -0.03775 -0.67939 -0.49727 1.33222 2.76675 16.02780 -0.67783 -3.14703 1
1.48893 1.10043 1.93477 3.48537 0.08688 0.60716 0.30657 8.38323 -0.12776 3.43854 -0.67945 -3.14702 1
0.40185 0.86625 -0.47950 1.14343 -0.02529 -0.59873 -0.45890 1.89115 3.89402 5.11658 -0.67340 -3.14705 1
0.75796 2.17096 -0.28606 -0.03759 -0.13122 -0.43741 -0.30542 1.69545 2.60301 22.29460 -0.67945 -3.14702 1
-0.04798 -0.30464 0.05979 0.06292 0.03703 0.93384 0.07827 0.36938 -0.06278 2.03885 -0.67743 -3.14703 1
0.45808 -0.40500 2.56283 1.91235 1.93135 5.04758 3.14784 0.81344 0.00802 -0.11795 -0.63714 -0.54781 1
0.58928 1.66915 2.93011 2.12343 1.28953 2.53900 1.72433 0.37807 1.95958 -0.10204 -0.62143 0.10288 1
0.17694 -0.37155 1.79521 2.49532 2.49218 2.95038 1.88165 1.73974 -0.16522 -0.07341 -0.61579 -0.10271 1
-0.19792 -0.40500 3.96340 7.45562 8.34964 1.73642 0.11473 4.66149 7.47897 -0.14339 -0.56261 -0.56995 1
0.27065 0.36444 1.82092 2.44004 2.94083 2.05907 -0.19031 0.68955 0.54938 -0.14021 -0.60975 -0.70296 1
-0.04798 -0.33809 2.57324 0.89718 1.23967 0.93384 -0.15194 0.63168 0.15237 -0.13465 -0.63392 -0.75344 1
0.00825 -0.30464 0.10142 0.28907 1.03404 -0.03410 -0.15194 1.40145 4.76637 -0.14817 -0.65447 -0.71993 1
-0.01049 -0.20428 2.22248 0.64087 0.21773 0.20788 1.11425 0.47343 -0.39756 -0.10999 0.62066 0.52236 1
-0.27289 -0.40500 3.17191 0.77153 0.79725 0.12722 0.27012 0.76450 0.99873 -0.14817 -0.62264 -0.76805 1
0.23317 1.06698 -0.61539 0.03779 0.87826 0.04656 -0.15194 1.61028 0.39326 -0.13067 -0.63432 1.14082 1
-0.08546 -0.17082 0.58868 1.19369 1.47647 1.66383 -0.11357 0.12144 -0.03733 -0.14419 -0.51829 -0.85280 1
-0.08546 -0.13737 0.67683 1.44497 0.60408 -0.03410 -0.30542 1.00899 0.34508 -0.11476 -0.52836 -0.06908 1
0.10197 -0.20428 0.86108 -0.29892 -0.37424 1.17582 1.38284 0.38969 -0.09906 -0.12908 -0.13394 0.50650 1
-0.23540 -0.43846 0.53787 0.96251 1.20852 2.37768 -0.07520 0.28277 -0.59003 -0.14021 2.44049 1.25756 2
-0.10420 -0.43846 0.21895 0.65092 1.07766 1.74045 1.19099 -0.54128 -0.49589 -0.14817 -0.61498 -0.56443 2
-0.29163 -0.40500 1.12736 1.06805 0.62277 0.61119 -0.11357 0.22386 1.77965 -0.14180 -0.55818 -0.80562 2
-0.21666 -0.43846 0.21711 0.95246 1.26460 2.46641 -0.11357 -0.03046 -0.61547 -0.13862 2.13913 1.26014 2
-0.31038 -0.43846 -0.88902 -0.59544 0.31120 -0.03410 -0.19031 0.04590 0.18796 -0.14658 -0.56382 1.14953 2
-0.29163 -0.43846 1.38079 -0.04764 -0.00659 -0.67939 -0.49727 -0.56629 -0.38550 -0.13385 -0.27697 1.04774 2
-0.10420 -0.13737 0.69887 0.80169 0.69132 0.04656 -0.15194 0.10315 0.39019 -0.13862 -0.64681 -0.71460 2
0.40185 1.23425 0.22630 1.12333 1.40169 0.36921 -0.30542 -0.12068 0.55756 -0.14021 -0.53280 -0.63801 2
-0.14169 -0.33809 0.30526 1.67615 -0.02529 -0.27609 -0.11357 0.34619 1.65677 -0.13226 -0.59524 0.51910 2
-0.27289 -0.33809 1.58892 0.38959 0.42960 -0.11476 -0.11357 0.55987 0.56877 -0.13067 -0.04934 0.20334 2
-0.08546 -0.37155 1.34712 1.33440 2.08091 -0.43741 -0.38216 0.23099 0.26818 -0.14419 -0.65729 -0.72321 2
-0.32912 -0.43846 1.01902 2.44004 2.99068 0.04656 -0.19031 1.22637 2.52270 -0.14021 -0.58275 -0.46917 2
-0.23540 -0.43846 -0.48623 0.32928 -0.21223 0.93384 -0.03683 4.66085 -0.36767 -0.10840 -0.57429 0.88272 2
-0.27289 -0.40500 0.87822 3.22404 0.71624 -0.59873 -0.45890 0.75187 -0.05376 -0.14817 -0.66172 -0.67553 2
-0.27289 -0.37155 0.69091 0.07297 -0.10630 0.36921 0.07827 0.02302 0.21977 -0.14817 -0.65406 -0.80359 2
-0.34786 -0.43846 0.43504 0.70620 0.34859 -0.59873 -0.42053 -0.44651 0.14976 -0.14339 -0.65406 -0.49473 2
-0.31038 -0.40500 0.98106 0.01769 -0.25585 0.12319 0.49650 -0.17190 -0.48707 -0.14419 -0.63835 -0.72095 2
-0.08546 -0.07046 0.17916 0.33430 0.52307 0.69589 -0.11357 -0.26536 0.04360 -0.14021 -0.65447 0.95637 2
-0.01049 0.02990 0.79865 -0.29390 -0.23715 -0.51807 -0.42053 -0.06129 -0.32316 -0.14658 -0.27938 -0.74691 2
-0.23540 -0.40500 -0.26648 -0.07277 0.19281 0.92981 0.11473 -0.28965 0.24603 -0.14817 2.63468 1.19632 2
0.12071 0.29753 0.40688 0.63584 0.76609 0.20788 -0.19031 0.37376 -0.25345 -0.14817 -0.63996 -0.86482 3
-0.14169 -0.10392 -0.11160 -0.41451 -0.34932 -0.51807 -0.26705 -0.29578 -0.33093 -0.12749 -0.56865 -0.71707 3
-0.32912 -0.43846 -0.89208 -0.76128 -0.82913 -0.03410 -0.15194 -0.28110 -0.60871 -0.13862 0.94377 1.07271 3
-0.29163 -0.43846 -0.33626 0.58056 -0.00659 0.52650 -0.34379 4.76385 -0.31619 -0.13544 2.68907 1.26162 3
1.47019 3.07422 0.21834 1.05800 0.01833 -0.51807 -0.45890 1.69556 2.86961 -0.14658 -0.52877 -0.67175 3
-0.32912 -0.37155 0.46870 0.07297 0.53553 -0.67939 -0.49727 -0.47647 2.86105 -0.14339 -0.44497 -0.70224 3
-0.27289 -0.40500 1.83255 0.15841 0.63523 -0.51807 -0.26705 -0.47070 0.81009 -0.13067 0.60454 0.73245 3
-0.27289 -0.40500 -0.38829 0.11820 -0.22469 -0.27609 -0.34379 -0.11288 -0.01839 -0.14817 0.13075 -0.54372 3
1.86379 3.44222 1.05452 1.21882 0.59785 -0.59873 -0.42053 0.72229 0.85098 -0.12749 0.56587 0.00774 3
0.17694 -0.23773 0.04204 -0.32405 -0.16861 0.04656 0.07636 -0.36527 -0.39724 -0.14817 -0.44336 -0.73288 3
-0.31038 -0.37155 0.11244 0.57553 0.47945 -0.51807 -0.11357 0.06161 1.51229 -0.13862 -0.54529 0.12691 3
-0.12295 -0.23773 0.46687 -0.18836 -0.34932 -0.19542 -0.22868 -0.27339 0.06644 -0.12113 0.31648 0.58939 3
-0.32912 -0.40500 0.77783 -0.25369 -0.17484 -0.59873 -0.45890 -0.33054 -0.32823 -0.13703 0.03890 0.48794 3
-0.29163 -0.33809 0.45218 0.09810 0.07441 -0.51807 -0.42053 -0.69496 -0.46168 -0.14817 -0.60814 -0.54461 3
-0.32912 -0.40500 -0.04427 0.46497 0.39844 -0.59873 -0.45890 0.56555 -0.25708 -0.14419 -0.39541 -0.47806 3
-0.27289 -0.37155 0.52563 -0.11298 -0.08760 0.04656 -0.38216 -0.27214 -0.63297 -0.13862 -0.64802 0.12712 3
-0.31038 -0.40500 -0.96982 -0.77133 -0.51133 -0.51807 -0.42053 -0.64195 -0.53859 -0.14817 -0.53562 -0.63014 3
-0.27289 -0.40500 0.19569 0.10313 0.11803 -0.43741 -0.34379 -0.56841 -0.30585 -0.13703 0.21375 0.48825 3
-0.02923 0.09681 -0.57316 -0.26877 -0.32439 -0.19542 -0.19031 1.43174 -0.23115 -0.14021 -0.52313 -0.83683 3
-0.34786 -0.43846 -0.29402 -0.37933 -0.29324 -0.67939 -0.49727 -0.69893 -0.36342 -0.13385 -0.64802 0.92536 3
-0.29163 -0.37155 0.07326 -0.32908 0.97796 -0.35675 -0.45890 -0.65611 -0.38218 -0.14817 -0.60411 -0.64863 4
-0.31038 -0.43846 -0.62580 -0.52005 -0.34309 0.53053 1.30610 -0.51857 -0.50472 -0.13385 -0.65729 1.00706 4
-0.23540 -0.37155 0.00838 -0.26374 0.13673 -0.35675 -0.22868 -0.75584 0.05811 -0.13624 -0.03967 -0.60488 4
-0.25415 -0.43846 0.27466 -0.21349 0.01210 -0.67939 -0.49727 0.43604 -0.52148 -0.13544 0.01915 0.87008 4
0.21442 1.00007 -0.42992 -0.51503 -0.36801 -0.43741 -0.38216 -0.80442 -0.53034 -0.13624 -0.41717 -0.54911 4
-0.32912 -0.40500 -0.30994 -0.59544 -0.63596 -0.67939 -0.49727 -0.63957 -0.57367 -0.14498 1.95783 1.25887 4
-0.36660 -0.43846 -1.05736 -0.74118 -0.69204 -0.76006 -0.53564 -0.81598 -0.55810 -0.14339 -0.61378 1.01338 4
-0.36660 -0.43846 -1.18958 -0.79646 -0.61103 -0.67939 -0.49727 -0.60750 -0.17890 -0.14658 0.12108 1.04097 4
-0.34786 -0.43846 0.74049 0.20364 -0.07514 -0.67939 -0.49727 0.09545 0.76893 -0.12749 0.91396 0.03770 4
-0.25415 -0.37155 -0.63621 -0.28385 -0.54872 0.20788 0.03990 0.46768 0.78276 -0.13385 2.01706 1.20287 4
-0.08546 -0.00355 -0.05774 -0.34415 -0.41786 -0.59873 -0.45890 -0.47085 -0.55635 -0.12749 2.30834 0.10102 4
-0.29163 -0.43846 -0.02529 -0.66579 -0.26208 0.28048 0.03607 -0.71718 -0.55126 -0.13703 -0.25360 0.90344 4
-0.25415 -0.40500 0.13876 -0.53010 -0.13745 -0.19542 -0.30542 -0.58656 0.99848 -0.14021 -0.49533 0.46556 4
-0.16043 -0.33809 -0.79230 -0.44467 -0.40540 -0.51807 -0.38216 -0.00927 -0.48214 -0.14260 -0.62506 -0.71468 4
-0.36660 -0.43846 -0.92330 -0.72108 -0.59234 -0.67939 -0.49727 -0.81690 -0.63201 -0.14339 -0.31282 1.02688 4
-0.25415 -0.37155 -0.66253 -0.40949 -0.36178 -0.67939 -0.49727 -0.21831 -0.10430 -0.13385 -0.07431 0.49732 4
-0.36660 -0.43846 0.13386 -0.45974 -0.16861 -0.67939 -0.49727 -0.51671 -0.57214 -0.13703 -0.65850 0.90385 4
-0.34786 -0.43846 -0.74517 -0.54015 -0.31193 -0.67939 -0.49727 -0.78908 -0.31819 -0.13862 -0.54408 -0.52457 4
-0.34786 -0.43846 -0.23832 -0.12303 -0.37424 -0.43741 -0.34379 2.23941 -0.57899 -0.13385 -0.41838 0.92848 4
-0.36660 -0.43846 -1.17183 -0.73113 -0.71074 -0.59873 -0.42053 1.04386 1.28460 -0.13067 0.93088 1.17310 4
-0.31038 -0.37155 -0.95636 -0.68590 -0.59234 -0.59873 -0.45890 -0.76135 -0.54204 -0.14021 -0.63513 -0.72463 5
-0.36660 -0.43846 -1.00288 -0.55523 -0.14992 -0.67939 -0.49727 -0.64322 0.06611 -0.13226 -0.30758 0.92074 5
-0.36660 -0.43846 -1.16509 -0.23359 -0.58611 -0.67939 -0.49727 -0.00950 0.82680 -0.13862 -0.16134 0.98945 5
-0.32912 -0.40500 -0.04121 -0.54015 -0.49887 -0.67939 -0.49727 -0.23545 -0.40061 -0.13544 0.25162 0.18671 5
-0.34786 -0.40500 -0.85352 -0.82159 -0.69204 -0.59873 -0.19031 -0.78479 -0.57892 -0.13862 -0.25884 0.92569 5
-0.19792 -0.17082 -1.12408 -0.40949 -0.43033 -0.67939 -0.49727 0.39398 -0.31714 -0.14658 -0.18591 1.02451 5
-0.31038 -0.37155 -1.21100 -0.78641 -0.77305 -0.51807 -0.19031 -0.70403 -0.62317 -0.14817 1.97193 1.26796 5
-0.34786 -0.43846 -1.04022 -0.65072 -0.65465 -0.67939 -0.49727 -0.81359 -0.63770 -0.13385 -0.32289 0.90943 5
-0.34786 -0.43846 -1.25018 -0.95728 -0.72943 -0.27609 -0.38216 -0.64375 -0.58285 -0.14658 2.12865 1.22471 5
-0.32912 -0.37155 -0.70905 -0.74621 -0.68581 -0.67939 -0.49727 -0.80803 -0.39872 -0.14817 -0.47357 -0.62139 5
-0.23540 -0.27119 -0.86576 -0.63564 -0.60480 -0.51807 -0.42053 -0.80041 -0.56714 -0.13226 -0.32733 -0.83064 5
-0.34786 -0.40500 -1.25630 -0.97738 -0.66712 -0.51807 -0.42053 -0.81244 -0.53202 -0.14817 1.79547 1.25193 5
-0.08546 0.26408 -1.28140 -0.92713 -0.82913 -0.67939 -0.49727 -0.46921 -0.64677 -0.14817 2.26483 1.27358 5
-0.36660 -0.43846 -1.29242 -1.01256 -0.84159 -0.67939 -0.49727 -0.81916 -0.65934 -0.14817 0.61260 1.23075 5
-0.34786 -0.40500 -1.13388 -0.17328 -0.65465 -0.67939 -0.49727 1.15057 0.81778 -0.13226 2.04123 1.20321 5
-0.36660 -0.43846 -1.32180 -1.01256 -0.84159 -0.67939 -0.49727 -0.82083 -0.60813 -0.14817 2.68302 1.27775 5
-0.36660 -0.43846 -1.33037 -1.01256 -0.87898 -0.67939 -0.49727 -0.81730 -0.65243 -0.14817 2.19997 1.22998 5
-0.36660 -0.43846 -1.25692 -0.83667 -0.71697 -0.67939 -0.49727 -0.81902 -0.62107 -0.14817 -0.15771 0.99078 5
-0.34786 -0.40500 -1.28752 -0.98744 -0.70450 -0.67939 -0.49727 -0.78807 -0.55058 -0.14817 1.42844 1.25621 5
-0.34786 -0.43846 -1.32241 -1.01256 -0.87898 -0.67939 -0.49727 -0.81855 -0.65331 -0.14817 2.19150 1.23062 5
