-0.14169 -0.10392 0.20610 -0.39944 0.06818 -0.59873 -0.19031 -0.46244 -0.26389 3.60555 -0.67421 -3.14705 1
-0.10420 -0.17082 0.01388 -0.32405 -0.36178 -0.35675 -0.34379 -0.20062 -0.17243 4.14634 -0.67501 -3.14704 1
0.51431 0.49826 3.25761 1.10323 1.56370 -0.35675 -0.30542 1.30556 2.98745 12.95803 -0.67864 -3.14702 1
-0.29163 -0.33809 -0.64049 0.13831 0.42960 -0.67939 -0.49727 -0.30707 -0.22521 0.97318 -0.67300 -3.14706 1
-0.21666 -0.30464 0.30404 -0.42959 -0.48641 -0.51807 -0.11357 -0.20770 -0.50244 1.19586 -0.67381 -3.14705 1
0.43934 1.36806 -0.42379 -0.19841 -0.16238 -0.19542 0.53871 0.02765 0.11110 4.90981 -0.67461 -3.14705 1
-0.16043 -0.23773 -0.48623 -0.56528 -0.56742 -0.59873 -0.45890 0.48485 -0.56478 1.14019 -0.67340 -3.14706 1
-0.04798 -0.40500 0.68050 0.86702 0.71624 1.57913 0.07827 0.99606 -0.45877 2.70688 -0.67824 -3.14703 1
0.47682 -0.43846 0.98168 0.35943 0.09934 3.91025 5.74355 -0.38917 -0.45464 -0.14180 -0.65326 -0.53769 1
1.13282 1.16734 3.20619 4.45029 0.91564 0.77251 0.80730 8.39314 0.74078 -0.10522 -0.56503 -0.02647 1
0.43934 1.20079 1.49587 3.81204 1.12751 1.90178 0.30849 1.35841 1.89498 -0.13385 -0.62425 0.11246 1
0.36437 -0.43846 0.27894 -0.05267 -0.30570 3.52308 5.42316 0.86214 -0.25846 -0.13624 -0.31202 -0.51672 1
1.32025 1.20079 1.88580 0.50015 0.72247 2.39381 1.42505 0.41632 0.60177 -0.13226 -0.62103 -0.54432 1
-0.14169 -0.43846 0.64500 1.53040 1.40169 2.46641 -0.11357 3.21449 -0.24990 -0.12749 0.57151 1.04617 1
1.28276 1.97024 2.30879 0.61071 0.44206 0.77251 1.45958 0.67722 0.76586 -0.12113 -0.41354 0.01987 1
-0.19792 -0.43846 1.41323 1.32435 1.56370 2.71646 0.15693 0.35552 -0.20982 -0.13465 -0.61579 -0.49884 1
0.81419 0.63207 0.33954 0.78661 0.32990 2.22442 3.37806 3.31164 0.07605 -0.14817 -0.55697 -0.54526 1
0.23317 -0.10392 0.32852 0.60066 0.21773 2.29702 0.38331 0.19471 0.23746 -0.10681 -0.28825 0.53402 1
-0.14169 -0.27119 0.72886 0.85697 0.14919 1.65979 2.64904 0.15468 -0.50669 -0.14180 -0.64198 -0.50718 1
-0.16043 -0.40500 0.30343 1.11328 1.37676 2.46641 -0.03683 0.07744 -0.56405 -0.14658 -0.08519 1.06617 1
-0.06672 -0.20428 2.71586 0.05790 0.15542 0.04656 0.84567 0.30861 0.55360 -0.12908 0.48167 0.75714 2
-0.04798 -0.20428 1.64095 -0.14313 -0.22469 0.12722 0.88404 0.06821 -0.41583 -0.13067 -0.37164 0.48907 2
0.28939 -0.20428 0.03408 0.25389 0.03703 0.77251 0.19338 -0.18971 -0.16794 -0.14817 -0.63473 -0.61007 2
3.94424 7.15562 1.82092 1.31430 1.80050 -0.59873 -0.19031 1.49934 1.50906 -0.11635 -0.25319 0.01424 2
0.08322 0.56517 -0.80454 -0.80149 -0.73566 0.44584 0.15310 -0.29365 -0.49302 -0.14180 0.21093 1.15610 2
-0.32912 -0.43846 -0.91351 -0.73615 -0.47395 0.20788 0.03990 0.38143 1.85294 -0.14021 -0.56140 1.97539 2
0.64551 1.06698 2.16616 0.75646 4.80400 -0.43741 -0.15194 0.21229 0.44296 -0.13385 -0.65205 -0.66382 2
-0.19792 -0.37155 2.36939 0.10815 0.19904 -0.11476 -0.22868 -0.26626 -0.21752 -0.12908 -0.60612 0.30868 2
-0.29163 -0.37155 0.49931 -0.11298 0.25512 -0.35675 -0.30542 -0.29850 2.47704 -0.13703 -0.56543 0.11989 2
-0.14169 -0.30464 -0.10916 0.29410 0.34859 0.44987 -0.30542 -0.42986 -0.52807 -0.13544 -0.64077 -0.87340 2
-0.19792 -0.20428 0.74233 0.06795 -0.29947 0.04656 1.11425 -0.31643 0.04942 -0.10681 0.91074 0.65848 2
0.34562 0.69898 0.25445 -0.08282 0.07441 0.36921 0.11664 0.17585 -0.11141 -0.13067 -0.50903 0.94175 2
-0.04798 -0.10392 0.78273 0.13328 0.17411 -0.59873 -0.45890 -0.40329 0.10974 -0.14817 -0.60934 -0.82962 2
-0.17918 -0.40500 0.92597 0.78661 0.63523 0.60716 -0.03875 -0.22860 -0.09086 -0.13862 -0.44295 0.46658 2
0.02700 -0.40500 0.51890 -0.21851 -0.03152 3.83766 0.19338 -0.12718 -0.08681 -0.13703 -0.54690 0.91937 2
-0.19792 -0.40500 0.41790 0.10815 0.31120 -0.19542 -0.34379 -0.32629 0.18702 -0.14498 -0.45907 -0.77474 2
-0.31038 -0.43846 -0.96860 -0.84169 -0.85406 0.37324 0.04182 -0.45484 -0.54480 -0.14498 4.03550 1.33300 2
-0.31038 -0.43846 0.07693 -0.14816 -0.33062 -0.03410 -0.15194 0.66618 -0.50061 -0.11635 -0.64883 -0.49781 2
-0.25415 -0.30464 0.58011 0.80169 0.13050 -0.11476 0.11664 -0.56863 -0.41541 -0.14021 -0.63755 -0.61583 2
-0.27289 -0.33809 0.90577 -0.21851 -0.00659 -0.27609 -0.30542 -0.10134 0.46275 -0.14817 -0.42845 -0.80975 2
0.68299 2.43859 -0.53888 -0.45974 -0.49887 -0.59873 -0.45890 1.03464 0.36848 -0.12908 -0.20847 0.91541 3
0.10197 0.09681 -0.18873 0.06795 0.04949 -0.11476 0.42360 -0.41541 0.21797 -0.14419 -0.65044 -0.62250 3
-0.29163 -0.43846 0.03653 0.64087 0.32990 0.77251 -0.30542 0.55195 0.80084 -0.13385 0.07959 1.02283 3
-0.17918 -0.13737 0.35178 0.05790 -0.22469 -0.59873 -0.45890 -0.20197 -0.47688 -0.14419 -0.59645 -0.82743 3
-0.29163 -0.33809 0.59725 0.23379 0.23020 -0.43741 -0.38216 -0.55482 1.32046 -0.13385 -0.65648 -0.75300 3
-0.32912 -0.43846 0.32607 -0.28887 -0.13745 -0.67939 -0.49727 -0.53070 0.27663 -0.13067 0.48328 0.48943 3
-0.01049 0.09681 0.14917 0.49512 0.08064 -0.59873 -0.45890 0.00399 -0.26969 -0.09568 -0.52232 -0.01403 3
-0.31038 -0.40500 -0.05100 -0.26374 -0.26831 -0.59873 -0.45890 -0.60136 -0.35239 -0.13544 -0.60129 -0.57860 3
-0.31038 -0.43846 1.11206 0.09307 -0.21223 -0.43741 -0.38216 0.34080 0.89028 -0.12749 0.71413 0.00325 3
-0.29163 -0.37155 0.08489 -0.27380 -0.01906 -0.51807 -0.15194 -0.61860 -0.09644 -0.14578 -0.58759 -0.75056 3
-0.31038 -0.40500 -0.59152 -0.02754 -0.17484 -0.43741 -0.07520 0.73474 0.65690 -0.11954 -0.18108 0.64010 3
-0.36660 -0.43846 -0.36931 -0.26374 -0.14368 -0.67939 -0.49727 -0.80139 -0.50892 -0.14339 -0.64359 -0.54238 3
-0.32912 -0.43846 0.13141 0.00764 -0.19977 -0.59873 -0.19031 -0.28621 -0.52454 -0.13544 -0.43409 -0.02241 3
-0.32912 -0.43846 -0.16915 0.20866 -0.40540 -0.51807 -0.19031 3.48348 -0.54651 -0.13544 -0.61015 -0.55081 3
-0.29163 -0.40500 -0.01060 -0.06775 -0.06268 -0.59873 -0.45890 -0.46400 0.39006 -0.13544 -0.64601 -0.03640 3
0.36437 0.79934 1.52648 1.22887 0.67885 -0.67939 -0.49727 0.32162 1.00578 -0.13067 0.75079 0.01040 3
-0.34786 -0.43846 -0.15751 -0.32405 -0.24339 -0.35675 -0.30542 0.03703 -0.48508 -0.14817 -0.62667 -0.73702 3
-0.17918 -0.43846 1.16348 -0.32908 -0.05644 -0.43741 -0.11357 0.10842 0.11856 -0.13385 -0.65688 0.46505 3
-0.29163 -0.43846 -0.35707 -0.65072 -0.59234 -0.43741 -0.38216 -0.23318 -0.48229 -0.13385 -0.50218 -0.61566 3
-0.29163 -0.30464 -0.59581 -0.59041 -0.37424 -0.59873 -0.42053 -0.15121 -0.31925 -0.13862 -0.48002 -0.47254 3
-0.25415 -0.27119 0.90944 -0.09790 -0.21846 -0.67939 -0.49727 -0.74679 -0.43158 -0.14419 -0.49251 -0.49338 4
-0.32912 -0.43846 0.00470 -0.25872 0.06195 -0.59873 -0.49727 -0.65728 0.60898 -0.12431 -0.65930 -0.63212 4
-0.34786 -0.40500 -0.58846 0.06292 0.26135 -0.51807 -0.42053 0.00705 1.40441 -0.13544 -0.66172 0.11213 4
-0.16043 -0.10392 0.53175 -0.25872 -0.14368 -0.03410 0.00154 -0.75661 -0.50186 -0.13783 -0.43369 -0.79893 4
-0.34786 -0.43846 1.14879 0.31923 0.28005 -0.67939 -0.49727 -0.78481 -0.31588 -0.13862 -0.60250 -0.62794 4
1.22654 2.90695 -0.68273 -0.25369 -0.26208 -0.19542 -0.30542 -0.67877 -0.40517 -0.14817 -0.16980 -0.84354 4
-0.27289 -0.37155 -0.51623 -0.42959 0.01210 -0.35675 -0.38216 1.27192 -0.49488 -0.14260 -0.41354 -0.66528 4
-0.27289 -0.33809 -0.36258 -0.62056 -0.59857 -0.19542 -0.26705 -0.68348 -0.53848 -0.13624 -0.42482 -0.61682 4
-0.29163 -0.43846 -0.55234 -0.30395 -0.28077 -0.51807 -0.34379 -0.41866 -0.47582 -0.13544 -0.45665 -0.53226 4
-0.16043 -0.27119 -0.54500 -0.19339 -0.26208 0.20788 -0.38216 -0.60504 -0.61216 -0.12908 1.74068 0.93707 4
0.06448 0.66553 1.39793 -0.60046 -0.18730 -0.67939 -0.49727 -0.49182 -0.30279 -0.14817 -0.66253 -0.73913 4
0.55179 1.56879 -0.93554 -0.51000 -0.41163 -0.51807 -0.42053 -0.52724 -0.43590 -0.14817 -0.45101 -0.73525 4
-0.32912 -0.43846 -0.60499 -0.51503 -0.34309 -0.59873 -0.38216 -0.80582 -0.37215 -0.13862 -0.28905 -0.83961 4
-0.16043 -0.33809 -0.79230 -0.44467 -0.40540 -0.51807 -0.38216 -0.00927 -0.48214 -0.14260 -0.62506 -0.71468 4
-0.23540 -0.43846 0.87700 -0.24364 -0.05644 -0.43741 0.08019 -0.43473 -0.02467 -0.11476 -0.61619 -0.83165 4
-0.36660 -0.43846 -1.27467 -0.92210 -0.78551 -0.67939 -0.49727 -0.82019 -0.64154 -0.14658 -0.31161 1.02693 4
0.30814 1.40152 1.08880 -0.27380 -0.08137 -0.67939 -0.49727 -0.78864 -0.63692 -0.13862 -0.39058 0.28362 4
-0.36660 -0.43846 -1.23059 -0.78641 -0.74189 -0.67939 -0.49727 0.27073 -0.60702 -0.13703 0.93088 1.20790 4
-0.32912 -0.43846 0.11917 -0.27882 -0.44902 -0.59873 -0.42053 0.63568 0.96388 -0.11476 0.26532 0.50854 4
-0.19792 -0.40500 -0.65335 -0.58036 -0.48018 -0.51807 -0.38216 -0.63525 -0.54720 -0.13226 -0.57510 -0.63869 4
-0.34786 -0.40500 -0.68395 1.12333 -0.61727 -0.59873 -0.45890 -0.25738 -0.28783 -0.14498 2.59036 1.19701 5
0.51431 1.73606 -0.07671 -0.66579 -0.39917 -0.67939 -0.49727 -0.75538 -0.05159 -0.13703 -0.40428 0.75223 5
-0.32912 -0.40500 -1.17305 -0.95728 -0.76682 -0.35675 -0.38216 -0.61933 -0.17224 -0.14658 2.30069 1.26219 5
-0.02923 0.13026 -0.78679 -0.59544 -0.45525 -0.67939 -0.49727 -0.78308 -0.47829 -0.14658 -0.00824 -0.58946 5
-0.32912 -0.40500 -1.22447 -0.96733 -0.77305 -0.35675 -0.34379 -0.74577 -0.23740 -0.14658 2.32889 1.27279 5
-0.27289 -0.30464 -1.00839 -0.58538 -0.62350 -0.51807 -0.42053 0.25905 -0.54410 -0.14817 -0.62465 0.94506 5
-0.31038 -0.40500 -1.07878 -0.65574 -0.76682 -0.35675 -0.45890 0.71729 -0.64966 -0.13703 -0.36802 0.92034 5
-0.04798 0.39790 -1.27344 -0.92210 -0.74189 -0.67939 -0.49727 -0.42668 -0.48610 -0.14817 2.25838 1.29484 5
0.13945 0.79934 -0.94901 -0.95728 -0.79174 -0.67939 -0.49727 -0.81699 -0.62407 -0.14817 1.15206 1.18545 5
-0.29163 -0.43846 -1.29732 -1.00251 -0.83536 -0.59873 -0.45890 -0.82086 -0.60097 -0.14658 2.60406 1.26242 5
-0.36660 -0.43846 -1.26610 -0.84169 -0.82290 -0.67939 -0.49727 -0.25036 -0.42926 -0.14817 1.96468 1.23349 5
-0.32912 -0.40500 -1.25998 -0.97738 -0.79798 -0.59873 -0.45890 -0.79205 -0.61163 -0.14817 2.33131 1.28455 5
-0.29163 -0.30464 -1.27589 -0.88190 -0.74189 -0.67939 -0.49727 -0.80728 -0.62286 -0.14817 -0.53844 1.00867 5
-0.34786 -0.40500 -1.31201 -0.99749 -0.86029 -0.67939 -0.49727 -0.70858 -0.56994 -0.14021 0.73911 1.16903 5
-0.36660 -0.43846 -0.48011 -0.91708 -0.72320 -0.67939 -0.49727 -0.81459 -0.64587 -0.14817 1.10976 1.18503 5
-0.36660 -0.43846 -1.22141 -0.95226 -0.79798 -0.59873 -0.42053 -0.81280 -0.60662 -0.14658 -0.18148 0.98131 5
-0.32912 -0.40500 -0.94105 -0.90703 -0.79798 -0.67939 -0.49727 -0.77018 -0.64112 -0.14817 1.15126 1.18544 5
-0.32912 -0.43846 -1.26610 -0.94723 -0.71697 -0.67939 -0.49727 -0.80552 -0.46566 -0.14021 1.92802 0.88736 5
-0.32912 -0.40500 -1.30772 -0.98241 -0.83536 -0.67939 -0.49727 -0.77407 -0.61940 -0.14658 2.20923 1.22981 5
-0.34786 -0.40500 -1.13143 -0.95226 -0.82913 -0.67939 -0.49727 -0.78855 -0.63888 -0.14817 2.90259 1.29094 5
