1.07659 2.57241 1.17083 2.21891 2.77259 -0.19946 -0.26897 -0.41837 -0.34814 0.90955 -0.67622 -3.14704 1
-0.23540 -0.23773 -0.28300 -0.54015 -0.48018 -0.67939 -0.49727 -0.70080 -0.49589 1.07656 -0.67219 -3.14706 1
0.13945 -0.27119 2.73668 5.01316 2.39871 2.86972 0.50034 1.77993 0.83578 1.69688 -0.68549 -3.14698 1
0.06448 0.23063 -0.13364 1.29923 0.09934 -0.67939 -0.49727 2.35646 4.63540 5.68918 -0.67260 -3.14706 1
2.08870 1.10043 -0.35524 0.44989 0.82217 -0.35675 -0.30542 0.42035 1.35093 4.01909 -0.67501 -3.14704 1
0.04574 -0.40500 4.28355 8.73715 10.82972 2.61967 0.11473 5.88038 10.14171 -0.14021 -0.39461 -0.64297 1
1.13282 1.16734 3.20619 4.45029 0.91564 0.77251 0.80730 8.39314 0.74078 -0.10522 -0.56503 -0.02647 1
-0.12295 -0.43846 0.99759 0.46497 -0.12499 3.43435 5.37328 -0.07349 -0.29764 -0.14817 -0.62627 -0.59294 1
0.27065 0.23063 1.32998 1.46005 0.24266 3.67633 1.76654 -0.23451 -0.41685 -0.14817 -0.50339 -0.60445 1
0.38311 0.83280 0.22507 0.20364 -0.22469 1.41781 2.57230 1.09258 -0.54569 -0.14021 -0.65648 -0.53370 1
1.07659 2.40514 0.83966 1.38466 0.12426 1.57913 0.61545 1.19439 1.14453 -0.12113 0.18111 0.58582 1
-0.06672 -0.27119 1.42731 0.09307 -0.02529 0.12722 0.19338 0.79543 -0.03304 -0.12590 -0.66132 0.46137 1
3.34447 0.83280 1.17144 1.19369 1.18982 0.28855 -0.30542 0.12959 0.69623 -0.14419 -0.65527 -0.73715 1
0.02700 0.06336 1.57851 0.45492 0.19904 0.36921 1.07588 0.08685 0.76978 -0.12590 0.05904 0.58880 1
0.00825 -0.13737 2.25982 2.25912 0.47322 0.12722 0.38331 -0.01079 -0.05171 -0.13862 -0.26125 -0.73307 1
-0.14169 -0.30464 1.08207 1.50528 -0.13122 1.09516 0.84567 1.01497 -0.42262 -0.12749 -0.42120 -0.74837 1
-0.19792 -0.43846 1.19103 2.05809 2.65419 1.40168 -0.07904 0.92137 1.35991 -0.14498 -0.62949 -0.62577 1
-0.10420 -0.27119 2.10434 1.87215 0.77232 0.60716 -0.03875 0.80219 0.99438 -0.11317 -0.13273 0.68088 1
-0.23540 -0.43846 -0.36931 -0.25369 -0.14368 1.74045 2.87926 -0.34610 -0.41197 -0.14817 -0.64762 -0.53270 1
-0.01049 0.53171 1.38997 -0.35421 -0.40540 -0.67939 -0.49727 1.75867 0.04071 -0.14021 -0.66655 1.02518 1
-0.34786 -0.43846 0.52196 1.25902 0.51061 -0.03410 -0.26705 0.50665 -0.22224 -0.13862 -0.65205 -0.48060 2
-0.21666 -0.40500 0.01266 0.68610 1.04650 2.05907 -0.15194 -0.05637 -0.52928 -0.13385 1.75397 1.24325 2
-0.16043 -0.40500 0.48707 1.56558 0.67262 -0.11476 -0.30542 -0.21022 -0.28569 -0.14817 -0.65729 -0.56585 2
-0.17918 -0.17082 0.42279 -0.11298 -0.19353 0.12319 0.07444 -0.53322 -0.47560 -0.11954 -0.61055 -0.76781 2
-0.34786 -0.40500 0.30894 0.31420 -0.08137 -0.11476 0.27012 3.55076 5.90139 -0.12590 -0.54730 -0.69680 2
-0.10420 -0.10392 0.66153 0.00261 -0.20600 0.61522 3.53921 -0.12165 -0.42517 -0.14419 -0.64399 -0.72949 2
0.85168 1.56879 -0.11650 0.34436 0.25512 1.09113 -0.00038 -0.24482 -0.29269 -0.14021 -0.55576 -0.86294 2
-0.32912 -0.43846 -0.27933 0.24384 0.08064 -0.03410 -0.42053 -0.44868 -0.37492 -0.14021 -0.02677 1.04157 2
-0.23540 -0.37155 -0.21934 0.45995 0.53553 1.49444 -0.11357 0.80990 1.16889 -0.13703 0.68270 1.15520 2
0.23317 1.06698 1.75909 0.21872 0.18035 -0.27609 -0.30542 -0.56139 -0.47169 -0.11158 -0.65366 -0.72430 2
5.91224 7.65743 0.38178 0.31923 2.74143 -0.67939 -0.49727 -0.72090 0.94320 -0.13862 -0.57429 0.91368 2
-0.27289 -0.40500 0.73437 0.70118 0.24266 -0.35675 -0.34379 -0.14283 0.16761 -0.13544 0.23792 0.16390 2
-0.29163 -0.40500 0.62908 0.25892 0.18035 0.44987 -0.03683 0.15305 -0.16402 -0.13624 -0.63996 -0.73352 2
-0.34786 -0.43846 0.43504 0.70620 0.34859 -0.59873 -0.42053 -0.44651 0.14976 -0.14339 -0.65406 -0.49473 2
-0.14169 -0.37155 -0.08589 0.75646 -0.19977 1.58316 0.19530 -0.21349 -0.46877 -0.14419 -0.52957 -0.61567 2
-0.14169 -0.40500 0.12591 0.36948 0.58538 0.37324 0.19530 -0.42937 0.01689 -0.14419 -0.18027 -0.53405 2
0.23317 0.59862 -1.04267 -0.67585 -0.53626 0.04656 -0.19031 -0.35239 -0.29031 -0.14658 -0.50540 1.12478 2
-0.14169 -0.30464 -0.06875 0.07800 0.09311 0.04656 -0.38216 -0.05863 -0.51984 -0.14021 -0.65527 -0.52843 2
-0.12295 -0.37155 0.32240 -0.11298 0.13673 0.36921 0.07827 -0.58411 0.02344 -0.14658 -0.55294 -0.62881 2
-0.16043 -0.07046 2.30389 0.74138 0.59785 -0.67939 -0.49727 3.24627 -0.32269 -0.14817 -0.44577 -0.75343 2
-0.25415 -0.40500 1.04901 1.44497 0.09934 -0.51807 -0.42053 -0.31023 0.62580 -0.14817 -0.52957 -0.75095 3
-0.29163 -0.37155 -0.12507 0.21369 0.21150 -0.19542 0.76893 -0.63833 0.00151 -0.14498 -0.49734 -0.55964 3
0.25191 1.10043 0.24650 -0.26374 -0.31816 -0.27609 0.00154 -0.05960 -0.12807 -0.14021 -0.56583 -0.80598 3
0.57054 1.93678 0.70315 0.72630 0.32367 -0.43741 -0.38216 -0.38911 -0.29783 -0.13703 -0.45021 0.44618 3
-0.34786 -0.43846 0.77171 0.64589 0.95926 -0.51807 -0.11357 -0.70187 -0.42135 -0.14817 -0.60129 -0.53597 3
-0.10420 -0.20428 0.31628 -0.08282 -0.19353 -0.19542 0.15501 -0.00600 0.13564 -0.13703 0.09369 0.52172 3
-0.17918 -0.40500 1.35569 0.01266 0.08688 -0.51807 -0.42053 -0.16266 0.72595 -0.13226 -0.27455 0.12022 3
-0.36660 -0.43846 -0.34483 -0.43964 -0.48641 -0.67939 -0.49727 -0.26879 -0.32051 -0.14021 -0.46914 1.04453 3
-0.17918 -0.37155 -0.49970 0.34436 0.49191 -0.11476 -0.26705 -0.11755 -0.50581 -0.14817 -0.43328 -0.84526 3
0.90791 1.30116 -0.68395 -0.50497 -0.56118 -0.35675 -0.30542 -0.70837 -0.51625 -0.14419 -0.57711 -0.72252 3
-0.14169 -0.27119 0.50543 -0.03257 0.11803 -0.51807 -0.26705 -0.24015 -0.54178 -0.14419 -0.58316 -0.82092 3
-0.34786 -0.43846 0.13141 -0.07277 0.07441 -0.59873 -0.19031 -0.04711 -0.32519 -0.14817 -0.64641 -0.74417 3
-0.21666 -0.30464 -0.25791 -0.32908 -0.44902 -0.35675 -0.34379 -0.11182 -0.46016 -0.13465 -0.66615 -0.72601 3
0.79545 1.53533 -0.06263 0.31923 0.09311 -0.35675 -0.38216 -0.58855 -0.22326 -0.14817 -0.54569 -0.83142 3
-0.10420 0.23063 -1.18897 -0.88190 -0.72320 -0.59873 -0.45890 -0.74500 -0.55440 -0.14021 -0.31564 1.03591 3
-0.23540 -0.37155 0.68540 -0.44969 -0.29324 -0.51807 -0.42053 -0.40404 -0.30143 -0.13544 -0.64641 0.45338 3
-0.31038 -0.37155 0.68356 -0.32405 0.06195 -0.43741 -0.30542 -0.69256 -0.50600 -0.14419 -0.62183 -0.71639 3
0.43934 1.43497 -0.29402 -0.46477 -0.34309 -0.43741 -0.38216 -0.74535 -0.47754 -0.14817 -0.37366 -0.86177 3
-0.34786 -0.40500 -1.04450 -0.26374 -0.67958 -0.51807 -0.34379 1.16621 0.26871 -0.13226 1.70925 1.20342 3
0.47682 1.60224 -0.56520 -0.27882 -0.35555 -0.35675 -0.30542 -0.77452 -0.44348 -0.13544 -0.64359 -0.63766 3
-0.34786 -0.43846 -0.80148 -0.54518 -0.61727 -0.67939 -0.49727 0.95705 -0.38227 -0.14021 -0.37648 1.00190 4
-0.27289 -0.43846 -0.04366 0.15338 -0.28700 -0.11476 -0.42053 -0.59119 -0.43197 -0.13544 -0.65688 0.90884 4
-0.36660 -0.43846 -1.14612 -0.75123 -0.53626 -0.67939 -0.49727 -0.55842 -0.26833 -0.14021 -0.31846 1.02671 4
-0.29163 -0.43846 -0.15017 1.61081 0.56046 -0.67939 -0.49727 -0.58708 -0.03016 -0.14817 -0.60209 -0.62401 4
0.17694 0.76589 -0.58173 0.25892 0.21150 -0.67939 -0.49727 -0.72341 -0.27209 -0.14021 -0.64963 -0.74874 4
0.00825 0.53171 0.63888 0.05287 0.34859 -0.67939 -0.49727 -0.66484 0.03055 -0.14817 -0.57107 -0.61205 4
-0.34786 -0.43846 -1.16693 -0.83164 -0.62973 -0.27609 -0.30542 -0.65438 -0.50629 -0.14021 0.92605 1.06930 4
-0.32912 -0.43846 -1.20366 -0.91708 -0.82290 0.04656 -0.15194 -0.60637 -0.53362 -0.14817 2.54967 1.28033 4
-0.34786 -0.43846 -1.11184 -0.79144 -0.63596 -0.27609 -0.42053 -0.66903 -0.62625 -0.13544 -0.32169 1.02604 4
0.17694 0.96662 0.76253 0.18856 0.35482 -0.67939 -0.49727 -0.78756 0.14813 -0.14817 -0.57792 -0.60635 4
-0.04798 0.36444 -0.85046 -0.21349 -0.55495 -0.43741 -0.38216 1.52304 1.01419 -0.13385 -0.29872 1.01457 4
-0.08546 -0.33809 -0.67538 -0.75123 -0.72320 -0.11476 -0.19031 -0.14171 -0.44207 -0.13703 0.39505 0.50896 4
-0.31038 -0.43846 -0.62519 -0.41451 -0.57988 0.20788 -0.07520 0.26059 0.31041 -0.12749 0.08684 1.03295 4
-0.36660 -0.43846 -0.09140 -0.58538 -0.19353 -0.67939 -0.49727 -0.43981 -0.53240 -0.13067 -0.44215 0.94384 4
-0.32912 -0.43846 -0.90126 -0.71605 -0.48641 -0.19542 -0.22868 -0.79243 -0.55915 -0.12749 -0.47962 -0.66292 4
0.13945 1.00007 -0.82413 -0.61554 -0.33686 -0.59873 -0.45890 -0.78996 -0.57180 -0.14817 0.14083 -0.60992 4
-0.27289 -0.30464 0.02001 -0.39441 -0.21223 -0.59873 -0.45890 -0.72826 -0.32477 -0.13703 -0.62345 0.90595 4
-0.36660 -0.43846 -0.15935 -0.67082 -0.29324 -0.67939 -0.49727 -0.80785 -0.60599 -0.13862 -0.42885 0.92952 4
-0.32912 -0.37155 -0.54010 -0.38939 -0.30570 -0.67939 -0.49727 0.05595 -0.56057 -0.14021 -0.57268 -0.82704 4
-0.25415 -0.33809 -0.09691 -0.17831 -0.30570 -0.51807 -0.42053 -0.70669 -0.22698 -0.13862 0.05582 0.52040 4
-0.34786 -0.40500 -0.99492 -0.66579 -0.62350 -0.51807 -0.42053 -0.43426 -0.53063 -0.14817 0.18071 -0.60454 5
-0.36660 -0.43846 -0.82352 -0.61554 -0.52380 -0.67939 -0.49727 -0.43408 -0.56793 -0.14817 -0.62868 -0.74972 5
-0.34786 -0.43846 -0.85352 -0.84169 -0.67958 -0.51807 -0.26705 -0.81595 -0.62966 -0.14021 0.13921 0.92781 5
-0.34786 -0.40500 -0.92697 -0.82662 -0.71074 -0.67939 -0.49727 -0.78663 -0.61086 -0.14658 2.37562 1.28674 5
-0.16043 -0.10392 -1.06409 -0.77636 -0.58611 -0.51807 -0.30542 -0.77371 -0.52136 -0.14021 -0.44456 -0.75801 5
-0.25415 -0.30464 -0.94350 -0.69595 -0.69827 -0.67939 -0.49727 -0.19868 -0.50803 -0.14498 -0.46592 -0.85974 5
-0.32912 -0.40500 -1.20488 -0.88692 -0.81667 -0.19542 0.88404 -0.40606 -0.43894 -0.14180 1.01871 1.16938 5
-0.36660 -0.43846 -0.87249 -0.58538 -0.65465 -0.67939 -0.49727 -0.81269 -0.55013 -0.14817 -0.43449 0.95511 5
-0.34786 -0.43846 -0.93738 -0.69595 -0.65465 -0.67939 -0.45890 -0.42209 -0.58311 -0.14817 -0.40387 -0.67545 5
-0.34786 -0.43846 -1.22814 -0.86179 -0.59857 -0.59873 -0.49727 -0.70140 -0.56335 -0.14817 -0.52272 0.97430 5
-0.12295 0.16372 -1.27712 -0.93718 -0.80421 -0.67939 -0.49727 -0.58543 -0.53625 -0.14339 3.03232 1.28197 5
-0.36660 -0.43846 -1.27712 -0.89697 -0.77928 -0.67939 -0.49727 -0.43899 -0.65027 -0.14021 1.17342 1.23100 5
-0.31038 -0.43846 -1.08123 -0.84169 -0.71697 -0.51807 -0.49727 -0.81557 -0.51550 -0.14021 1.78540 0.94760 5
-0.36660 -0.43846 -0.56397 -0.77636 -0.61103 -0.67939 -0.49727 -0.77070 -0.53875 -0.14817 -0.65044 1.00201 5
-0.34786 -0.40500 0.22874 -0.54518 -0.36801 -0.67939 -0.49727 -0.81176 -0.64535 -0.13862 0.46877 0.20199 5
-0.34786 -0.40500 -0.92024 -0.94220 -0.81044 -0.67939 -0.49727 -0.78481 -0.60818 -0.14817 2.59922 1.29079 5
-0.14169 0.13026 -1.29303 -0.95728 -0.79798 -0.67939 -0.49727 -0.53725 -0.56777 -0.14817 1.39661 1.25225 5
-0.34786 -0.43846 -0.20893 -0.74621 -0.54872 -0.67939 -0.49727 -0.79212 -0.30537 -0.14021 0.13317 0.74537 5
-0.34786 -0.43846 -0.11038 -0.45472 -0.48641 -0.67939 -0.49727 -0.74744 -0.28772 -0.14021 0.60213 0.78035 5
-0.34786 -0.43846 -1.28569 -0.98241 -0.74812 -0.67939 -0.49727 -0.80881 -0.56886 -0.14021 -0.26206 0.92417 5
