-0.04992 0.30550 -0.18646 -2.02326 -2.09793 -6.17555 8.95988 0.89263 -0.08713 5.20321 -0.88294 -0.05094 -2.76925 3.65262 0.15415 -1.48234 1
-0.11403 0.71380 -0.17854 0.64115 2.41618 -0.28687 -0.35527 -1.06634 -0.70370 -0.60465 0.04833 -0.13572 0.25275 0.00843 0.60829 -1.48234 1
-0.11668 -1.35751 -0.42394 0.89325 0.41261 -0.37679 -0.35527 -1.41567 -0.70370 -1.12498 0.17470 -0.41082 0.32971 -0.35022 -1.19221 -1.48234 1
-0.11529 -1.20377 -0.42394 2.49295 2.74796 -2.18370 2.88608 -1.02521 -0.70370 -0.67403 0.53000 -0.41082 0.32971 -0.20310 0.65830 -1.48234 1
-0.11689 -1.60320 -0.42394 1.26962 1.27032 -0.43499 -0.35527 -0.56683 -0.70370 0.86450 1.51902 -0.41082 0.32971 0.17596 -1.19221 -1.48234 1
-0.11220 -0.04504 -0.42394 0.13349 0.13221 0.33874 -0.35527 0.21128 4.13739 0.12766 -0.49457 -0.41082 0.32971 -0.23685 0.15362 1.53284 1
-0.11611 1.14357 -0.42394 0.29331 -0.54032 0.30111 -0.35527 -0.09670 -0.70370 -0.60465 1.34385 -0.41082 0.32971 0.03994 -0.45200 -1.48234 1
-0.11516 -0.49972 -0.42394 1.64134 0.22785 0.35049 -0.35527 -0.14707 -0.70370 -1.12498 -0.45949 -0.41082 0.32971 -1.66061 2.50881 -1.48234 1
-0.11593 1.28492 -0.42394 -0.23056 0.65269 -0.10135 -0.35527 -1.08771 -0.70370 -0.10009 0.30522 -0.41082 0.17812 -0.82231 -1.19221 1.53284 1
-0.11725 2.58525 -0.42394 0.88731 1.19342 -0.49476 -0.35527 -1.15449 -0.70370 -0.25777 0.56348 -0.41082 0.32971 -0.68827 1.58355 -1.48234 1
-0.11573 0.30100 -0.42394 0.44866 0.10799 -0.03055 -0.35527 -0.56683 -0.70370 -0.22308 -0.34414 -0.41082 0.32971 0.02723 0.82653 -1.48234 1
-0.11337 -0.22662 -0.36565 -0.79782 -0.37009 1.46833 -0.35527 1.85549 -0.70370 -0.71253 -0.01729 -0.41082 0.08569 2.75318 3.85463 -1.48234 1
-0.10559 -1.37545 -0.41618 2.81486 3.01195 -1.53401 0.64089 -1.78917 -0.70370 -0.61766 -0.08877 -0.41082 0.30470 0.40715 -0.60784 1.03031 1
-0.11368 -0.71909 -0.42394 0.64285 0.60916 0.34044 -0.35527 -0.13901 -0.70370 -0.58384 1.20159 -0.41082 0.24967 -0.31939 0.86391 0.86280 1
-0.11173 -0.80708 -0.40919 1.42300 1.76009 -0.36813 -0.35527 -1.12348 0.28154 -0.61511 0.79118 -0.37487 0.32971 -0.01007 -0.92140 1.53284 1
-0.11048 -1.06932 -0.42394 1.49723 0.98676 -0.51958 -0.35527 -1.23530 0.11324 -0.27945 -0.28385 -0.41082 0.24633 -0.18880 -0.24727 -0.87930 1
-0.11450 -0.62400 -0.42394 1.56067 0.19985 -0.01827 -0.35527 -0.44361 -0.70370 -1.12498 0.26776 -0.41082 0.32971 0.21150 -0.91463 1.53284 1
-0.11787 1.26834 -0.42394 -0.05977 -0.46395 0.15809 -0.35527 0.06980 -0.70370 0.75398 3.08684 -0.41082 -0.22611 0.98888 -1.19221 1.53284 1
-0.11173 0.31082 2.42420 -0.48693 0.02239 0.52886 -0.35527 0.15964 0.49916 -0.71000 0.92718 2.44140 0.26833 0.51339 -0.29196 1.53284 1
-0.11432 1.57097 -0.42394 -1.00877 -1.32984 1.60269 -0.35527 2.14400 -0.70370 -1.12498 0.89310 -0.41082 0.32971 2.02936 1.58355 -1.48234 1
-0.03133 -0.15179 -0.35705 -0.55513 -0.61618 1.01994 -0.18623 1.23956 -0.11982 -0.60124 0.25604 -0.33840 -7.73845 1.36139 1.36642 0.61518 1
-0.11698 0.70765 -0.42394 1.58290 0.96906 -0.08074 -0.35527 -0.82148 -0.70370 -1.12498 1.75925 -0.41082 0.32971 -0.17719 1.27514 0.62829 1
-0.11584 1.78905 -0.42394 -0.98968 -1.71377 1.23797 -0.35527 1.26003 -0.70370 -0.38974 0.90979 -0.41082 0.32971 1.45530 -0.08190 -1.48234 1
-0.09140 -0.37454 -0.42024 0.14560 0.53842 0.71289 -0.35527 0.31937 -0.38999 -0.85441 0.68426 -0.39937 -9.11478 0.34807 0.39394 1.53284 1
-0.11537 1.68112 -0.42394 -0.66930 -0.50725 0.54951 -0.35527 0.54728 2.01941 0.75398 -0.20693 -0.41082 0.32971 -0.57572 -0.18284 -1.48234 1
-0.11189 -0.87711 -0.42394 1.42477 0.95603 -0.07963 -0.35527 -0.74872 -0.70370 -0.76708 0.13664 -0.41082 0.32971 -0.30675 -0.10367 -1.48234 1
-0.11280 0.88733 -0.42394 -1.54382 -1.09512 1.07523 -0.35527 0.94007 -0.70370 -0.50441 0.09857 -0.41082 0.23792 1.33493 3.11644 -1.48234 1
-0.11794 2.12391 -0.42394 -0.48347 1.77615 0.61575 -0.35527 -0.02114 -0.70370 -1.12498 2.10344 -0.41082 0.32971 1.27762 -1.19221 1.53284 1
-0.11613 -1.12171 -0.42394 0.30796 0.06107 0.37037 -0.35527 -0.16474 -0.70370 0.06173 1.91387 -0.41082 0.32971 0.78095 0.39394 1.53284 1
-0.11470 0.36936 -0.42394 0.37006 0.33671 0.33220 -0.35527 0.05756 -0.70370 -0.47457 -0.52850 -0.41082 0.32971 -0.10510 1.02840 1.53284 1
-0.11792 2.46823 -0.42394 -0.52136 -0.18394 1.56736 -0.35527 2.48901 -0.70370 -1.12498 2.95068 -0.41082 0.32971 0.02015 -1.19221 1.53284 1
-0.11668 1.44803 -0.42394 -1.32971 -0.92742 1.56736 -0.35527 2.53676 -0.70370 -0.06807 0.44718 -0.41082 0.32971 1.84808 1.98009 1.53284 1
-0.11836 0.55536 -0.42394 0.03438 0.79611 -1.27212 -0.35527 -0.56683 -0.70370 4.51190 -1.04345 -0.41082 0.32971 -2.27610 -1.19221 -1.48234 1
-0.11716 1.41720 -0.42394 -0.53468 -0.91328 1.04450 -0.35527 1.03502 -0.70370 -1.12498 -0.21045 -0.41082 0.32971 -0.30065 2.50881 -1.48234 1
-0.08314 0.77060 -0.42394 -0.87518 -0.85548 1.29145 -0.35527 1.68626 -0.70370 -0.99287 -0.23425 -0.41082 0.29063 -0.01949 0.54500 1.53284 1
-0.10940 -0.27842 -0.42394 0.87395 1.41752 -0.06999 -0.35527 -0.70165 0.06519 -0.72708 0.31880 -0.41082 0.29047 0.07794 0.41693 -0.47728 1
-0.08789 -0.30700 -0.33533 -0.12874 0.02587 0.60889 -0.02030 0.57632 -0.70370 -0.92748 0.49153 -0.26463 -3.01495 0.71632 1.17294 1.10210 1
-0.11616 -0.34381 -0.42394 0.81280 -0.01863 0.43137 -0.35527 0.52454 2.40842 -0.58813 -0.22252 -0.41082 0.17090 -1.19454 2.50881 -1.48234 1
-0.11478 1.06134 -0.42394 1.32065 0.79611 -0.15564 -0.35527 -0.56683 1.01616 -0.82830 0.59841 -0.41082 0.32971 -0.49152 -0.08190 1.53284 1
-0.11437 -0.41429 -0.42394 -0.54561 -0.33162 0.73017 -0.35527 0.47859 -0.70370 -0.41295 -0.31019 -0.41082 0.32971 -0.31983 1.02840 -1.48234 1
-0.11291 0.93587 -0.42394 -0.63003 -1.07194 0.92446 -0.35527 0.92528 -0.70370 -0.59652 -0.17303 -0.41082 0.25154 -0.63534 0.32184 0.52778 2
-0.10714 -0.25920 -0.42394 0.41225 0.89287 0.28225 -0.35527 -0.03663 -0.70370 -0.69821 0.22047 -0.41082 0.32971 0.57852 -0.57537 1.53284 2
-0.11620 0.14794 1.85643 1.67536 2.09870 0.15809 -0.35527 -0.33878 -0.70370 -1.12498 -0.03644 1.83101 0.18038 -0.18652 0.51595 -1.48234 2
-0.11472 -0.19157 -0.42394 0.52757 0.52882 -0.07347 -0.35527 -1.04430 -0.70370 -1.12498 0.28293 -0.41082 0.32971 -0.48750 1.02840 1.53284 2
-0.11443 0.26596 -0.42394 0.07260 -0.61005 0.66684 -0.35527 0.47157 1.19983 -0.79662 0.80043 -0.41082 0.13544 -0.52701 0.39394 0.77905 2
-0.10459 -1.33919 1.73185 0.49194 1.21287 0.16244 -0.29866 -0.57756 -0.70370 -0.93497 -0.44719 1.39740 0.32971 0.15913 -0.46810 -1.48234 2
-0.11288 -0.58005 -0.42394 0.69523 0.67850 0.52465 -0.35527 0.31069 -0.70370 -0.66794 -0.22759 -0.41082 0.32971 0.02723 -0.18284 -1.48234 2
-0.08276 -0.75565 -0.42394 0.72602 1.11614 -0.37904 0.19653 -0.55113 -0.70370 -0.46455 -0.29319 -0.41082 0.27830 -0.37686 -0.79708 0.52778 2
-0.09562 -0.23411 -0.36251 0.34989 0.88138 -0.36777 0.79316 0.15810 1.08521 -0.44609 -0.12582 -0.34556 0.32971 0.47788 -0.64487 0.52778 2
0.16059 -0.18085 -0.01998 0.23412 0.58136 -0.67883 0.78025 -0.46932 -0.00075 -0.14037 0.27109 -0.03437 -0.69329 0.55112 -0.11743 0.68072 2
-0.11557 0.07519 -0.42394 1.26031 0.82522 0.07636 -0.35527 -0.21150 -0.70370 -0.33844 0.87965 -0.41082 0.32971 -0.13400 -0.39913 1.53284 2
-0.11097 -0.67057 -0.42394 0.67780 0.54472 0.15923 -0.35527 -0.30128 3.49019 -0.22067 -0.56422 -0.41082 0.32971 -0.83658 1.37003 0.52778 2
-0.11719 1.43657 -0.42394 0.05766 -1.72401 0.46019 -0.16042 1.28850 -0.70370 1.77398 1.51340 -0.41082 0.32971 0.36698 -1.19221 -1.48234 2
-0.06763 -0.25838 -0.42394 0.64209 0.67610 -0.47472 0.22381 -0.70634 -0.41727 -0.38383 0.00484 -0.41082 0.31509 0.69448 -0.28076 0.11393 2
-0.07939 -0.22922 -0.14904 -0.25878 0.53988 0.04429 -0.35527 -0.30454 0.05478 0.18339 0.01092 -0.15488 0.31036 0.03198 -0.19534 0.83703 2
0.02551 -0.42488 -0.18653 0.22233 0.34759 -1.06885 0.90571 -0.92468 -0.02145 -0.02959 -0.21160 -0.21745 0.21723 -0.00465 -0.33549 0.07236 2
-0.09182 -0.58541 0.03159 -0.10920 0.41613 -0.24237 -0.24689 -0.56683 1.24304 0.74598 -0.42993 0.08631 0.04588 0.07953 -0.06785 0.40215 2
-0.10942 -1.14108 5.83823 -0.40333 -0.02501 0.76443 -0.35527 0.31152 -0.70370 -0.22067 0.40896 6.35919 0.32971 -0.01362 2.21034 1.53284 2
-0.11250 -0.23286 -0.42394 -0.66302 -0.37151 0.70429 -0.35527 0.78703 -0.70370 -0.48281 -0.37705 -0.41082 0.32971 -0.12506 -0.60784 -1.48234 2
-0.10285 -1.11332 1.21013 0.43904 1.18676 -0.04884 0.11432 -0.40117 -0.70370 -0.69359 0.06222 1.14011 0.25314 0.09384 0.39394 0.32677 2
-0.10883 -0.47400 -0.42394 -0.81360 -0.54032 0.39943 -0.35527 0.42408 1.75735 0.43165 -0.05341 -0.41082 0.16226 0.01585 0.50409 0.32677 2
-0.11353 -0.49034 -0.42394 -0.34224 -0.23962 -0.29958 -0.35527 -0.97319 2.07735 -0.16551 0.23075 -0.41082 -0.45081 1.66133 -0.26695 1.53284 2
-0.11097 -0.85917 -0.42394 0.77743 1.09877 -0.42087 -0.35527 -0.94881 2.09721 0.48555 0.53000 -0.41082 0.32971 0.50764 0.28820 -0.27627 2
-0.11113 -0.47320 -0.42394 0.50978 0.36639 -0.13733 -0.35527 -0.60356 -0.70370 0.17584 0.54259 -0.41082 0.18541 0.52991 -0.14475 0.52778 2
-0.11311 -1.19721 -0.16483 0.42783 0.24945 0.53841 -0.35527 0.24982 -0.70370 -1.12498 -0.21219 -0.21351 0.19171 -0.07012 0.23126 1.53284 2
-0.11048 -0.59669 3.25717 0.02268 -0.10141 0.64182 -0.35527 0.77682 1.26680 -0.61511 -0.02741 3.18340 0.22916 -0.77016 1.14528 0.24062 2
-0.11549 -0.30305 -0.42394 -0.55303 1.18443 0.55940 -0.35527 0.28202 -0.70370 -1.12498 -0.81596 -0.41082 0.32971 -0.38792 0.04146 -1.48234 2
-0.11416 0.06688 0.67657 0.54327 0.34226 0.52430 -0.35527 0.25907 -0.70370 -0.82028 0.80364 0.23355 0.23957 -1.24861 -1.19221 -1.48234 2
-0.11630 -1.35234 -0.37917 -0.27353 -1.08133 0.93890 -0.35527 0.96109 -0.70370 -0.44855 1.84120 -0.26777 0.32971 0.41880 -1.19221 0.02525 2
-0.07175 -1.27682 4.45848 0.36640 1.32058 -0.25733 0.71379 -0.16093 -0.51767 -0.54739 -0.33892 4.16977 0.32971 0.28576 0.84543 0.67136 2
-0.10785 -0.15762 -0.39571 -0.27162 -0.61005 0.55139 -0.35527 0.45086 -0.70370 -0.26093 -0.00129 -0.35861 0.29319 0.67994 -0.15937 0.72879 2
-0.11170 0.24235 -0.36518 0.91162 0.92394 0.00460 -0.35527 -0.14241 -0.70370 -0.40919 -0.30661 -0.29729 0.32971 1.32789 -0.49827 0.02525 2
-0.10310 -0.50885 -0.41743 -0.26502 -0.29223 0.40166 -0.35527 0.19907 1.28680 -0.26657 -0.11450 -0.39266 0.30431 -0.72206 -0.61393 -0.35165 2
-0.10910 -0.55423 -0.42394 -0.67828 -0.60774 1.12566 -0.35527 1.06410 -0.70370 -0.55496 1.27672 -0.41082 -0.00753 1.32881 2.13871 1.53284 2
-0.09167 0.18316 -0.41646 -0.30266 -0.19692 0.33844 -0.35527 0.16377 0.77268 0.04654 -0.64838 -0.41082 0.26944 -0.37002 0.18972 -1.48234 2
-0.10237 -1.52132 -0.42394 1.45227 1.92243 -0.43011 -0.35527 -0.91408 -0.31622 -0.59026 -0.01295 -0.41082 0.29016 0.10201 -0.74209 1.53284 2
-0.11464 -0.72634 -0.42394 0.71947 0.90187 0.06237 -0.35527 -0.53079 -0.70370 -0.48684 -0.61819 -0.41082 0.32971 -0.99869 1.98009 -1.48234 2
-0.04086 -0.60642 -0.42135 -0.22267 0.10280 0.11325 0.02090 -0.03830 0.11838 -0.38049 -0.40238 -0.41082 0.31922 0.16654 0.03971 -0.27627 2
-0.11636 -1.40533 -0.42394 -0.82870 -1.70845 1.17512 -0.35527 1.45542 -0.70370 -1.12498 0.98993 -0.41082 -0.06264 1.39790 -0.08190 0.52778 2
0.50328 -0.59154 -0.28289 0.10634 0.22943 -0.94173 0.26411 -1.06873 0.12661 0.57053 -0.12068 -0.26919 0.24554 0.51990 -0.55560 -0.33193 2
0.22502 -0.56122 1.67942 -0.10337 0.33305 -0.12274 0.16809 -0.19143 -0.16283 -0.19198 0.06215 1.58366 0.27106 0.54044 -0.08882 0.10256 3
-0.11538 0.55536 -0.42394 -0.24446 -0.44780 0.84568 -0.35527 0.89368 2.17960 -0.13024 -0.39682 -0.41082 0.32971 -1.35603 3.74248 -1.48234 3
-0.04657 0.09548 -0.42255 0.31706 0.24905 0.07446 -0.35527 -0.37297 0.10858 -0.17918 -0.42229 -0.41082 0.30380 0.07791 -0.46922 0.59060 3
-0.09859 -0.66224 2.94957 -0.60879 0.27286 0.71536 -0.35527 0.48691 -0.70370 -0.46896 -0.50617 2.93421 0.28658 -0.51658 0.73232 -0.47728 3
-0.10866 -1.15535 -0.42394 -0.24244 -1.02010 0.63702 -0.35527 0.55404 -0.70370 -0.73323 -0.59224 -0.41082 0.32971 -0.38296 0.49007 0.02525 3
-0.07295 -0.03487 -0.42174 -0.20773 0.13184 -0.01584 0.04895 -0.04905 -0.20226 -0.08699 0.70167 -0.41082 0.22736 0.47253 -0.03776 0.79580 3
-0.09144 -0.61337 -0.42394 0.90820 0.35769 0.13277 -0.05411 0.16174 -0.16946 -0.43381 -0.52099 -0.41082 0.32971 -0.61450 -0.30985 0.02525 3
-0.10617 -0.96508 0.18581 0.49441 0.97370 0.02121 -0.35527 -0.39467 0.40089 -0.55335 -0.63630 0.15332 0.30152 -0.38526 -0.34537 -0.27627 3
-0.05352 -0.50304 -0.42085 -0.35107 0.00898 -0.02103 0.28850 0.14938 0.61393 0.26151 -0.58469 -0.41082 0.20868 -0.23385 -0.31234 -0.14226 3
-0.07297 -0.58370 -0.41953 0.20688 0.09120 0.50339 -0.14154 0.49993 -0.53365 -0.86098 0.03694 -0.40461 0.19087 -0.05216 0.72684 0.92980 3
-0.06164 -0.90941 -0.41687 0.25434 0.71432 -0.05316 -0.35527 -0.54335 -0.58320 -0.58451 -0.27093 -0.39763 0.32356 0.16237 -0.56297 0.02525 3
-0.10002 -0.55034 -0.40222 -0.85530 -0.38805 1.00777 -0.35527 1.28626 -0.25504 -0.58322 -0.75039 -0.39445 0.30681 -0.72066 0.33925 0.02525 3
-0.09838 -0.36593 -0.42394 0.10613 -0.28710 0.32954 -0.35527 -0.00855 -0.70370 -0.21441 -0.69379 -0.41082 0.32971 0.32206 -0.09561 0.32677 3
-0.09146 -0.44697 -0.42394 1.45324 1.61092 -1.06047 0.60705 -1.02133 0.08266 0.00541 -0.26734 -0.41082 0.18258 0.45263 -0.66542 -0.81230 3
-0.07925 -0.06285 0.83827 -0.71638 -0.75375 0.95033 -0.35527 1.01892 0.19569 -0.62076 -0.37918 0.80314 0.26087 0.11868 0.83061 0.92980 3
-0.11238 -1.22182 -0.26074 -0.13908 -0.11456 0.54135 -0.35527 0.38812 -0.70370 -0.23495 -0.51571 -0.22259 0.19807 -0.79281 -0.33813 -1.48234 3
-0.03083 -1.19834 2.58516 0.23227 0.76132 -0.11439 -0.04314 -0.44296 0.24139 -0.36912 -0.32135 2.43514 0.30340 0.31821 -0.23884 0.56368 3
4.86265 -0.49743 1.60711 -0.19228 0.11477 -1.24293 0.16900 -1.63455 -0.06278 1.25006 -0.07839 1.67544 -0.04750 -0.10740 -0.44225 0.03293 3
0.01154 -0.38369 0.68413 -0.77082 -0.63673 0.36004 -0.09219 0.48780 0.18061 0.12806 -0.66675 0.65837 -0.38262 -0.18476 -0.25478 0.38420 3
-0.04478 -0.28073 -0.39667 0.68193 0.43419 -0.64853 0.30854 -0.70952 -0.50575 -0.03232 -0.39129 -0.39276 0.29940 -0.08425 -0.71309 0.77905 3
-0.06873 -0.37688 -0.39769 0.20168 0.18034 -0.08968 0.31597 0.03549 -0.38823 -0.22707 -0.29519 -0.38780 0.27337 -0.56795 -0.68943 0.47753 3
-0.09527 -0.33482 -0.42394 -0.69121 -0.57596 0.56074 -0.35527 0.45179 0.30176 -0.31558 -0.52490 -0.41082 0.26130 0.00253 -0.29196 0.19276 3
-0.11048 0.34858 -0.42394 -0.65608 -0.76687 0.61812 -0.35527 0.64856 1.27674 -0.10009 -0.72108 -0.41082 0.12759 -0.56512 -0.23505 -0.47728 3
-0.11350 1.02781 -0.42394 -0.95140 -1.26747 1.22987 -0.35527 1.46573 -0.70370 -1.12498 -0.17805 -0.41082 0.32971 -1.15668 2.07339 -1.48234 3
-0.07315 0.17765 -0.39513 0.85186 0.10284 -0.38606 0.61329 -0.06685 -0.01936 -0.21009 0.02985 -0.39209 -1.17188 0.50586 0.04474 0.55494 3
-0.01566 -1.09953 -0.41026 0.39841 0.99232 -1.13422 0.37144 -1.38768 0.40873 0.69801 -0.36889 -0.40067 0.28713 0.51293 -0.64263 0.26329 3
-0.09380 0.24742 -0.42394 -1.44991 -1.10384 0.98637 -0.03611 1.29586 -0.70370 -0.44095 -0.26483 -0.41082 0.21729 0.43205 1.80187 -1.48234 3
-0.11138 -1.23917 -0.42394 -1.14175 -1.07082 0.96772 -0.35527 1.03271 0.52170 -0.70221 0.14309 -0.41082 0.26718 0.08916 0.19567 0.02525 3
-0.07390 -0.17532 -0.40592 0.17736 0.29749 -0.27394 0.03389 -0.46673 -0.37223 -0.06717 -0.27383 -0.40477 -0.42298 0.15163 0.19954 -0.57779 3
-0.09040 -1.01827 -0.40250 0.89914 0.88258 0.02108 0.07499 -0.13028 -0.17019 -0.75686 0.23382 -0.40109 0.15275 -0.36211 0.62583 -0.16320 3
-0.11218 0.21844 -0.42394 -0.52425 0.08168 0.70286 -0.35527 0.59682 -0.70370 -0.22905 -0.68266 -0.41082 0.32971 -1.13529 0.65830 -1.48234 3
-0.08885 0.23459 -0.41717 -0.11811 -0.21733 0.47805 0.02595 0.24511 -0.70370 -0.63481 0.26594 -0.41082 0.02360 -0.50614 0.69321 0.77905 3
-0.08146 -0.05460 -0.40496 -0.38872 -0.08663 0.32364 -0.25589 0.25113 -0.49989 -0.07026 -0.59478 -0.38851 0.31931 -0.28109 -0.36539 0.52778 3
-0.04551 0.15434 -0.41430 0.17689 0.47313 -0.02753 -0.01645 -0.06294 0.75635 -0.06357 -0.51712 -0.40321 0.25520 0.05532 -0.14797 0.42198 3
-0.08991 2.95061 -0.42043 -0.14574 0.70411 -2.15632 2.32959 -0.73911 0.21106 2.08357 -0.56932 -0.41082 0.23635 0.04982 -0.41224 -1.48234 3
-0.09272 -0.02559 2.65728 -0.27614 -0.30394 0.48331 -0.19215 0.48327 0.38154 0.80945 -0.31971 2.54520 0.12666 -1.15732 2.00698 1.53284 3
-0.11189 -0.66224 -0.39369 -0.41962 -0.27530 0.26519 -0.35527 -0.02114 -0.70370 0.97572 -0.33811 -0.41082 0.32971 -0.26029 -0.33813 -1.48234 3
0.00045 -0.93755 -0.42141 0.98207 0.92626 -1.82850 0.22661 -2.01049 0.18573 1.70385 -0.50340 -0.41082 0.28432 1.31267 -0.83197 0.27652 3
-0.07575 0.01563 -0.41924 -0.66588 -0.61951 0.51708 -0.35527 0.56718 -0.36331 -0.27358 -0.75736 -0.39840 0.32102 0.12355 -0.76042 -0.27627 3
-0.08138 -1.45659 3.73084 -0.44793 0.43631 0.11088 -0.14984 -0.19648 0.18047 0.05705 -0.54922 3.54846 0.17180 1.31179 0.22362 -1.48234 3
0.09466 -1.08199 -0.39233 2.05327 1.61161 -1.34829 0.29546 -1.38599 0.71902 0.79662 0.58188 -0.37990 0.18142 1.58121 -0.59836 -0.10923 4
-0.10253 0.03499 -0.41766 -0.47021 -0.94640 0.19225 -0.35527 0.03343 0.69677 0.40503 2.00193 -0.39379 0.30589 0.98587 -0.52603 -0.62086 4
-0.03921 -0.11696 -0.40239 -1.13806 -1.05645 1.00734 -0.35527 1.30311 0.26798 -0.38002 -0.77083 -0.39112 0.31869 -0.60795 0.03081 -0.22601 4
-0.05832 0.51977 -0.40891 -1.15666 -1.07919 0.45934 -0.15856 0.63105 0.58619 0.60564 -0.21267 -0.39513 0.15418 0.10205 0.32547 -0.09072 4
-0.10540 1.71457 -0.41629 -1.14722 -1.35217 0.43554 -0.35527 0.36987 0.54511 0.59840 1.07779 -0.41082 0.26598 1.64878 -0.64616 0.98463 4
-0.01946 -0.09590 -0.36912 0.21178 0.44578 -0.74040 0.50289 -0.77281 0.22919 0.39040 -0.44070 -0.39664 0.16309 0.42203 -0.14097 0.08109 4
-0.07840 -0.90404 -0.35879 0.12526 0.70048 -1.08171 0.64821 -0.93535 -0.52183 0.94571 -0.56933 -0.32456 0.32971 0.75505 -0.50159 -0.27627 4
-0.09252 -0.59772 -0.41235 -0.19524 -0.03480 0.34700 -0.32492 0.18957 -0.14905 -0.45525 -0.24857 -0.41082 0.30140 -0.43940 -0.38177 0.86280 4
0.09003 -1.26562 3.54326 -0.22057 0.24428 -2.74445 3.61558 -0.95378 -0.39056 0.43375 -0.22688 2.80397 0.28405 0.26386 0.19921 -0.09832 4
-0.10989 0.28018 -0.42394 -0.37990 -0.50161 0.72615 -0.35527 0.62909 -0.70370 -0.65085 -0.38670 -0.41082 -0.18456 0.18987 -0.24052 1.03031 4
1.34589 -0.14806 -0.39283 -0.46804 -0.43266 -0.72134 0.07761 -0.90529 0.24129 1.29378 -0.72429 -0.38715 0.25620 0.62159 -0.48100 -0.54365 4
-0.10496 0.60794 -0.41654 0.01818 -0.68056 0.01810 -0.35527 -0.17304 0.30693 0.00821 1.02704 -0.39238 0.27814 1.31265 -0.15130 1.53284 4
-0.04247 -0.23033 -0.41865 -0.40007 -0.52142 0.37991 -0.35527 0.17130 0.34872 0.16397 -0.78709 -0.39930 0.15249 0.22969 -0.27586 -0.11180 4
-0.11299 0.98393 -0.42394 -0.57685 -1.15297 0.43006 -0.35527 0.25590 0.80449 0.69617 -0.56108 -0.41082 0.32971 -0.64191 -0.53909 -1.48234 4
0.12704 0.88212 3.42788 -1.06668 -0.91675 -0.02478 -0.17625 -0.36478 0.42040 1.45211 -0.04706 3.85131 -1.49657 2.85342 0.70893 -1.14732 4
-0.11508 -0.13260 -0.42394 0.57949 0.82081 0.65991 -0.35527 0.28701 -0.70370 -1.12498 1.41934 -0.41082 0.32971 0.25476 -0.26695 0.52778 4
0.15699 0.09214 -0.26879 -1.16326 -0.98283 0.41535 -0.09826 0.52838 0.33903 0.14471 -0.40847 -0.27992 0.15130 -0.00372 0.49702 -0.68043 4
-0.05056 0.67445 -0.40471 -0.83525 -1.17545 0.40720 -0.35527 0.49217 0.24576 1.04515 -0.61259 -0.40216 0.28731 -0.36621 -0.67004 -1.28133 4
0.01012 0.56832 -0.41925 -1.03394 -1.17741 1.22536 -0.29388 1.42414 -0.53726 -0.75174 -0.78998 -0.41082 0.18108 -0.47282 0.86064 0.16230 4
0.35931 0.28876 -0.37805 -0.68192 -0.74652 -3.53431 1.76466 -2.20403 -0.05714 5.77793 -0.66543 -0.36938 0.24589 0.96110 -0.40539 -0.18349 4
-0.11338 -0.09051 -0.42394 -1.30593 -1.24704 1.46714 -0.35527 2.14041 -0.70370 -0.79662 -0.77626 -0.41082 0.32971 -1.36085 -0.18284 -1.48234 4
-0.11124 -0.91210 1.13268 -0.35750 0.00238 0.27821 -0.17501 0.07673 -0.70370 -0.20592 -0.28819 1.02746 0.22096 -0.55966 0.06474 1.53284 4
-0.04455 -0.86065 -0.28528 3.51929 1.29517 -0.18371 -0.35527 -0.30356 -0.70370 -0.15494 0.13133 -0.31896 0.16268 -0.82158 0.09182 -0.26467 4
-0.09290 -0.04829 -0.38471 -0.72721 -0.55495 0.21262 -0.35527 -0.03977 -0.70370 -0.21089 -0.58355 -0.35995 0.31548 0.53129 -0.81962 -0.19012 4
0.25630 0.97335 0.41893 -1.78081 -1.72125 1.17857 -0.34052 1.52074 -0.12048 -0.38874 -0.69197 0.43537 -0.00171 -1.22303 1.83845 -0.41153 4
-0.08241 0.25219 -0.42116 -0.19887 -0.26797 0.20856 -0.35527 -0.07354 0.16193 0.40556 -0.80972 -0.41082 0.28554 -0.52487 -0.64958 0.32677 4
-0.00965 0.37386 -0.10525 -1.24519 -1.06944 0.55662 -0.34318 0.65189 -0.18793 0.37480 -0.66214 -0.06677 0.27707 -0.55371 -0.01401 -0.72854 4
0.00817 0.48959 0.83743 -2.02510 -2.09773 1.82306 -0.35527 3.09819 -0.70370 -1.08077 -0.77177 0.94177 -0.20214 -0.90861 1.00985 -1.48234 4
0.18521 0.61886 -0.31533 -1.75564 -1.69965 1.26922 -0.35527 1.89732 0.14834 -0.20501 -0.57416 -0.31296 -0.24195 -1.78414 1.08807 -0.15935 4
-0.10529 -0.10943 -0.42394 1.18041 0.49240 -1.23968 0.00228 -1.69353 -0.23352 0.25382 -0.10550 -0.41082 0.32971 0.78639 -0.79567 0.02525 4
1.16252 -0.33666 -0.35218 0.28645 0.23271 0.15351 -0.24697 -0.03742 -0.39143 -0.03564 -0.79324 -0.32938 0.29046 -0.40863 -0.77750 -0.25879 4
-0.07144 -0.03607 -0.42394 -1.04370 -0.99354 0.88466 -0.35527 1.06129 -0.34657 -0.26251 -0.54657 -0.41082 0.29326 -1.16215 -0.39241 0.24062 4
-0.07408 -0.03907 -0.40585 -0.69191 -0.29871 -0.19251 -0.22502 -0.60997 -0.19268 0.49115 -0.71872 -0.40460 0.23409 0.43480 -0.77323 -0.87930 4
0.01783 0.21836 -0.05514 -1.49881 -1.43271 1.07432 -0.35527 1.48448 0.07050 -0.29030 -0.54889 -0.03425 -0.23983 -0.75655 -0.13147 -0.40549 4
-0.09853 0.26974 -0.35356 -0.04734 -0.43516 -0.51296 0.02629 -0.62663 0.06368 1.45629 -0.72221 -0.36883 -0.00313 1.13789 0.30820 -1.48234 4
-0.11798 -0.71644 -0.42394 -0.35750 -0.37995 0.85386 -0.35527 1.48999 14.37813 1.47666 4.78755 -0.41082 0.32971 3.65025 -1.19221 -1.48234 4
-0.06362 0.25188 0.51556 -1.18166 -1.49350 1.05336 -0.35527 1.66111 0.51843 0.47121 1.28187 0.45538 -1.60353 -0.42793 0.90051 -0.64204 4
-0.08408 -0.03889 -0.42394 3.01098 0.83604 -0.87015 -0.24832 -0.91048 -0.19487 0.54268 2.27984 -0.41082 0.15661 1.99912 -0.36976 -0.69577 4
-0.02026 0.32277 -0.41268 -1.17697 -1.42981 0.89258 -0.35527 0.92441 0.05697 -0.00963 -0.46334 -0.40388 0.11622 0.54665 0.13186 -0.50684 4
4.14940 0.22518 0.04144 -0.89731 -0.97260 -0.37311 -0.02490 -0.50522 0.27960 0.92238 -0.01321 0.06409 -0.41861 0.51101 -0.41390 0.19657 4
-0.06804 -0.02454 -0.41598 -0.70340 -1.01911 0.79241 -0.35006 0.87229 -0.38043 -0.40004 -0.85280 -0.40492 0.19774 -0.55809 -0.30040 -0.66002 5
0.09246 -0.52691 -0.41298 -0.37382 -0.01165 0.12306 -0.02464 0.06514 -0.09809 0.06333 -0.75715 -0.39701 0.22927 -0.01575 -0.75899 -0.22226 5
0.01428 0.02289 -0.09677 -1.14775 -1.12217 -4.83357 4.70895 -2.06986 0.27907 5.74099 -0.63593 -0.10010 0.13329 0.87367 -0.28089 0.32677 5
-0.11671 -0.35207 -0.42394 -0.18817 -0.76584 -0.10195 -0.35527 -0.56683 -0.70370 0.20134 0.75478 -0.41082 -1.04349 1.51453 -0.74809 -1.48234 5
-0.06133 -0.96367 0.44101 0.81864 1.03934 -0.65017 0.26127 -0.90040 0.45492 0.09640 -0.51669 0.41574 -0.12356 0.58780 -0.42887 0.32677 5
0.19834 -0.45006 -0.39696 0.78518 0.66268 0.31090 0.05263 0.35244 -0.39192 -0.51543 -0.89445 -0.40229 0.18386 -1.06913 -0.69990 -0.51317 5
0.12992 0.28031 -0.38670 -1.13414 -1.38349 0.72779 -0.29170 0.99653 -0.16470 0.24647 -0.83563 -0.37518 0.20250 -1.09605 -0.19083 -0.85418 5
-0.05887 0.26407 -0.37843 0.19510 -0.05568 0.34073 -0.35527 0.09280 0.32619 -0.19228 -0.68562 -0.37325 -1.08922 0.39222 0.35220 -0.87930 5
-0.11337 0.96935 -0.34622 -0.50625 -0.44371 -1.04144 -0.35527 -1.45357 -0.70370 0.48555 0.22180 -0.36824 0.15105 -0.12189 -0.74809 -1.28133 5
-0.09456 -0.93378 -0.41556 0.24414 0.52759 -0.25251 -0.06991 -0.27580 0.54115 1.02240 0.58169 -0.39946 0.31383 0.25400 -0.71208 -0.57779 5
0.05496 0.32342 0.90021 -1.33453 -1.03977 0.62335 -0.34617 0.65703 0.88989 0.66629 -0.58873 1.01443 -0.33658 -0.16409 0.02085 0.28744 5
-0.06933 0.72954 -0.40146 -1.28180 -1.70384 1.51717 -0.35527 2.37821 -0.51661 -0.80226 -0.66305 -0.39034 0.11014 -2.07108 0.72684 0.22189 5
-0.01937 -0.43624 -0.39859 0.29343 0.21790 -0.19087 -0.35261 -0.64965 0.24913 0.56924 -0.46687 -0.40012 0.19880 0.33287 -0.43023 0.52778 5
-0.11780 -1.04521 -0.42394 -2.03701 -2.14403 1.87433 -0.35527 3.25298 -0.70370 -1.12498 -1.04345 -0.41082 0.32971 -2.27610 -1.19221 -1.48234 5
-0.08788 -0.15903 -0.40426 0.59632 0.72929 -1.10389 0.40019 -1.27048 -0.23465 0.61463 -0.58162 -0.39371 0.25790 0.78034 -0.62490 1.53284 5
0.05173 -0.78720 -0.15396 -0.00366 0.35084 -0.78960 -0.14654 -1.17745 0.29260 1.27394 0.21439 -0.11400 0.10093 0.62192 -0.69231 0.97447 5
-0.08914 0.40150 -0.41710 -0.59335 -0.70102 -0.45830 -0.04193 -0.44731 0.03246 1.24547 4.81380 -0.40186 0.19197 0.71611 -0.33151 -0.95025 5
-0.07909 0.34413 -0.37041 -0.57851 -0.91172 0.04385 0.34532 0.58115 -0.28432 0.57513 -0.81679 -0.40317 0.27621 -0.53894 -0.77057 0.52778 5
0.54492 -0.62400 -0.18576 0.04633 0.01386 -0.31113 0.29665 -0.44585 -0.22126 0.25988 -0.44800 -0.18112 -2.01273 0.96630 0.33608 -0.12551 5
-0.09753 0.21535 -0.40479 -0.04345 -0.54713 -0.22633 -0.35527 -0.53254 0.00031 1.18239 -0.44051 -0.39798 0.23990 1.38632 -0.69506 0.71052 5
-0.03561 -1.40569 0.29166 -1.29309 -1.43794 -6.59912 6.77422 -3.46054 0.50823 7.46971 -0.18306 0.09516 -0.19939 2.28916 -0.68646 0.62829 5
0.10994 0.24584 -0.21483 -0.93381 -0.78545 -0.04393 -0.20664 -0.12755 -0.06141 1.01509 -0.66082 -0.15185 0.24691 -0.11195 -0.67976 -0.99007 5
1.09080 0.25883 -0.31640 -0.77580 -0.74351 -0.35554 -0.14607 -0.48847 0.24976 1.51528 -0.38396 -0.30417 0.09708 0.52544 -0.47095 -0.01341 5
-0.07959 0.17636 -0.38521 -1.17487 -0.92233 0.39798 -0.35527 0.46719 0.54511 0.92153 0.36370 -0.34248 0.05357 0.27217 0.03641 0.67136 5
0.04187 0.09965 -0.41203 -0.07284 0.34781 0.15327 -0.35527 -0.06884 -0.03729 0.52544 -0.76323 -0.40213 0.19369 -0.02935 -0.71466 -0.52296 5
-0.03294 -0.18733 -0.38987 -0.21651 -0.16071 0.14013 0.01991 0.14448 0.54207 0.09827 -0.53692 -0.38984 0.26614 -0.60543 -0.07216 0.52778 5
1.08747 0.18002 -0.19341 -1.17125 -1.13083 0.65144 -0.34326 0.75866 0.15273 0.64158 -0.16515 -0.19371 -0.29212 0.27381 -0.15581 -0.40333 5
-0.11589 -0.07206 -0.42394 0.37764 -0.59319 -0.28323 -0.35527 -0.56683 -0.70370 -0.31971 6.59080 -0.41082 0.21060 -0.10016 -1.19221 -1.14732 5
-0.02790 0.06937 -0.03777 -0.00343 -0.73987 0.85204 -0.35527 1.24720 -0.01906 -0.23922 -0.73646 -0.00496 -0.12009 -1.40943 0.36611 -0.32266 5
-0.09510 0.00677 -0.38961 0.55491 -0.99594 0.75758 -0.35527 1.29483 -0.12103 -0.32091 -0.51381 -0.36831 0.03239 -1.85743 -0.65060 -0.47728 5
0.02653 0.23036 -0.39205 -0.62068 -0.31014 0.61259 -0.03407 0.87887 -0.26012 0.03373 -0.73072 -0.37152 0.13569 -0.17486 -0.57005 0.34504 5
-0.11801 1.89983 0.71194 -1.32682 -2.14403 1.15514 -0.35527 1.16945 -0.70370 -1.12498 -1.04345 0.88964 0.32971 -2.27610 -1.19221 -1.48234 5
0.97056 -0.28858 -0.33112 0.56275 0.44975 -0.17716 -0.12515 -0.41873 -0.36613 0.19219 -0.74196 -0.33422 -0.16776 0.21979 -0.56686 0.13724 5
0.06030 0.39426 -0.33339 -0.93142 -0.88715 1.24509 -0.27137 1.92085 -0.48918 -0.38491 -0.84624 -0.32474 0.12447 -1.67052 -0.07533 0.02525 5
1.06736 0.76619 -0.35032 -0.87178 -0.80772 0.39354 -0.27247 0.43119 0.28925 1.26896 -0.76043 -0.32867 -0.98527 0.60747 1.45064 -1.00853 5
-0.07371 0.43319 -0.27809 -1.80974 -1.72909 1.70385 -0.35527 2.79011 -0.70370 -0.83520 -0.90679 -0.25323 0.19500 -2.15908 -0.45200 -0.87930 5
0.25683 -0.50971 -0.16509 0.13633 0.19819 0.23844 -0.15540 -0.06097 -0.53259 -0.32068 -0.71540 -0.13929 -0.07411 0.11511 -0.50900 -0.22601 5
-0.06750 0.23810 -0.23671 -0.28846 -0.31309 -0.54774 -0.29853 -0.44782 0.48818 2.49873 -0.81250 -0.26407 -0.37732 -0.67732 -0.18892 -0.83623 5
0.55549 0.32290 -0.33381 -1.17346 -1.43069 -0.02970 -0.34746 0.06714 -0.10998 2.00662 -0.18393 -0.31918 -0.27913 -0.31401 -0.69403 -0.61834 5
0.15669 0.01030 -0.39653 -0.42468 -0.74480 0.63866 -0.20127 1.00928 -0.45762 0.21747 -0.68303 -0.39623 0.17902 -1.63084 -0.28013 -0.39282 5
