-0.11722 0.73565 -0.42394 0.82008 -0.50302 -0.15097 -0.35527 -0.66735 -0.70370 -0.23495 0.42510 -0.41082 0.32971 -0.28602 -1.19221 1.53284 1
-0.11751 2.86206 -0.42394 -0.20931 0.89749 -0.34669 -0.35527 -1.65820 -0.70370 -1.12498 0.38696 -0.41082 0.32971 -1.14537 4.35932 -1.48234 1
-0.10707 0.22339 -0.42394 -0.83692 -0.77298 1.05858 -0.35527 1.24886 0.17551 -0.21499 2.22341 -0.41082 -8.37398 1.79452 0.70343 0.02525 1
-0.11766 1.09624 -0.42394 0.74866 2.26618 -0.51263 -0.35527 -0.73291 -0.70370 3.28649 2.19335 -0.41082 0.32971 1.13547 -1.19221 -1.48234 1
-0.11658 1.16333 -0.42394 0.08255 -1.00591 0.11817 -0.35527 0.44659 7.29890 0.25548 0.13664 -0.41082 0.32971 0.65571 -1.19221 1.53284 1
-0.11719 -0.32585 -0.42394 1.45410 0.85866 -0.38828 -0.35527 -0.56683 -0.70370 0.48555 2.10344 -0.41082 0.32971 -0.38079 -1.19221 1.53284 1
-0.11692 -0.76399 -0.05239 0.63451 1.20164 -0.47815 -0.35527 -1.01099 3.85592 1.23464 1.01633 0.08819 0.32971 0.70902 0.19567 1.53284 1
-0.11743 4.20816 -0.42394 0.17626 -0.88397 1.01229 -0.35527 1.13086 -0.70370 -1.12498 1.50808 -0.41082 0.32971 -1.46931 -1.19221 0.02525 1
-0.11611 -0.62106 -0.29971 -0.25043 0.31748 0.37977 -0.35527 -0.02114 2.40842 -0.58813 1.14402 -0.41082 0.32971 1.27328 0.39394 1.53284 1
-0.11526 0.84583 -0.42394 1.70300 1.35085 -1.27212 -0.35527 -1.70542 3.06677 0.50104 -0.29153 -0.41082 0.32971 0.43164 -0.53909 1.53284 1
0.07605 -1.09420 5.68461 -1.05674 -0.79662 0.22869 -0.24569 -0.35354 -0.02512 0.20945 -0.14293 5.94292 0.20967 0.80965 0.83686 0.21370 1
-0.11794 -1.01319 -0.42394 1.07008 1.86525 0.30111 -0.35527 0.06980 -0.70370 -1.12498 1.86137 -0.41082 0.32971 0.59421 -1.19221 1.53284 1
-0.11308 -0.31606 -0.42394 0.58675 0.82706 0.16126 -0.35527 -0.48556 0.68683 -0.64525 0.23075 -0.41082 0.32971 -0.35317 0.54264 -1.48234 1
-0.09688 -0.48888 -0.42394 1.64708 1.88948 -0.84215 0.67767 -0.83556 -0.04686 -0.61511 0.47025 -0.41082 0.22916 -0.11388 -0.24052 1.28670 1
-0.11124 -1.10777 5.80256 -0.17663 0.84032 0.09505 -0.35527 -0.83967 -0.70370 -0.56749 -0.10873 6.19149 0.32971 -0.09637 0.65830 0.52778 1
-0.10965 -0.72946 3.85016 -0.19185 0.41584 0.69307 -0.35527 0.41649 0.26692 -0.45525 -0.27103 3.59033 0.32971 0.26804 1.83590 1.53284 1
-0.09140 -0.37454 -0.42024 0.14560 0.53842 0.71289 -0.35527 0.31937 -0.38999 -0.85441 0.68426 -0.39937 -9.11478 0.34807 0.39394 1.53284 1
-0.10892 -0.68167 -0.42394 1.06028 1.10559 -0.28947 -0.08175 -0.95310 -0.70370 -0.99831 -0.32478 -0.41082 0.32971 -0.26192 -0.00260 0.77905 1
-0.11736 -0.24903 -0.42394 1.78710 1.29808 0.42212 -0.35527 0.19713 -0.70370 0.00239 2.24026 -0.41082 0.32971 1.45530 -1.19221 1.53284 1
-0.10401 0.53897 -0.42394 -1.56949 -1.48112 1.34828 -0.35527 1.42989 -0.70370 -0.35631 1.03216 -0.41082 0.32971 1.85226 3.45558 -1.48234 1
-0.09893 0.67677 -0.19316 -0.36322 -0.41022 0.98787 -0.35527 0.96109 -0.70370 -0.64182 0.54558 -0.07022 -4.17243 0.97502 0.84505 0.02525 1
-0.10515 -1.93441 1.82228 0.65439 2.17124 -0.23757 0.39186 -0.33672 0.47741 -0.81937 0.50225 1.67892 0.17903 0.58119 -0.51044 0.02525 1
-0.11334 0.05232 -0.42394 0.39069 0.84594 0.00297 -0.35527 -0.62179 -0.70370 -0.15171 0.34659 -0.41082 0.32971 -0.03268 0.51595 0.32677 1
-0.10278 -1.31844 -0.42394 2.15367 1.59060 -1.50855 1.04807 -1.43497 -0.25810 -0.51005 0.25233 -0.41082 0.30697 -0.43235 -0.84524 1.19782 1
-0.11522 -0.51899 -0.42394 0.06276 0.26839 0.26519 -0.35527 -0.32809 -0.70370 0.14332 -0.18520 -0.41082 0.20465 -0.66481 1.58355 1.53284 1
-0.11200 0.44618 -0.42394 -0.22034 0.13221 0.20985 -0.35527 0.10331 1.58945 0.25952 0.44474 -0.41082 0.27120 -0.87912 -0.24052 1.10210 1
-0.11642 -0.11688 4.16692 -0.43908 -0.21079 1.06524 -0.35527 0.85449 -0.70370 -1.12498 0.59051 4.57930 0.32971 -0.26688 3.74248 -1.48234 1
-0.10084 -0.92441 1.47407 0.78762 0.67629 0.69778 -0.35527 0.61233 -0.70370 -0.90441 0.18795 1.76603 0.30796 0.03751 -0.25722 -0.55459 1
-0.11191 0.37589 -0.42394 -0.58656 -0.94669 0.54951 -0.35527 0.33603 -0.70370 -0.30507 0.79863 -0.41082 0.26907 0.05375 0.65830 1.19782 1
-0.09743 0.11558 -0.41918 -0.12496 -0.26892 0.61665 -0.35527 0.58435 0.44736 -0.06600 -0.12607 -0.41082 0.27097 0.17634 0.57642 0.92980 1
-0.11230 -0.62773 -0.42394 2.37793 2.00675 -2.35155 -0.35527 -3.20233 -0.70370 0.20424 2.78186 -0.41082 0.32971 2.64741 -1.06310 0.98463 1
-0.10978 -1.26601 3.52639 0.52620 1.63615 -0.19785 -0.35527 -1.27048 0.15624 -0.82830 0.45452 3.13406 0.24195 -0.18321 2.00182 -1.48234 1
-0.11827 2.29820 -0.42394 0.72485 -2.14403 0.47591 -0.35527 0.38812 -0.70370 -1.12498 3.36220 -0.41082 0.32971 0.70902 -1.19221 -1.48234 1
-0.11754 -0.87060 0.98157 -0.71885 -0.18394 -2.13024 -0.35527 -3.29526 13.30086 4.91453 0.38696 0.61097 0.32971 1.56837 -0.26695 -1.48234 1
-0.11699 1.47804 -0.42394 0.03438 -0.30644 0.76382 -0.35527 0.67461 -0.70370 -1.12498 0.18795 -0.41082 0.07959 -0.97822 0.04146 -1.48234 1
-0.09920 0.60461 -0.39274 -1.40291 -1.22726 0.11588 -0.19193 0.33044 1.92803 1.82587 -0.52451 -0.37881 0.26256 0.95831 -0.12204 -0.14226 1
-0.11317 0.02365 -0.42394 0.49079 0.36232 0.13223 -0.35527 -0.36579 -0.70370 -0.90247 -0.29964 -0.41082 0.19807 0.98040 -0.39913 1.53284 1
-0.11268 -0.90754 -0.42394 1.15057 1.45102 -0.50588 -0.35527 -1.14424 0.43622 -0.14180 0.35863 -0.41082 0.32971 -0.02248 -0.23505 -0.47728 1
-0.09237 -0.20890 -0.42010 -0.01848 0.13913 0.21715 -0.35527 -0.17987 -0.41995 -0.29291 -0.03108 -0.40047 0.28627 0.21150 -0.00472 1.53284 1
-0.10925 -0.36732 -0.42394 0.19684 0.19719 0.10574 -0.35527 -0.33672 0.08372 -0.58166 0.37426 -0.41082 0.32971 -0.84976 -0.18284 1.53284 1
-0.10517 -0.60192 -0.42394 1.57441 1.54824 -0.82568 0.27461 -0.89509 1.33864 -0.15614 0.08251 -0.41082 0.32971 -0.51310 -0.24439 1.13082 2
-0.10295 -0.77341 0.91158 1.55717 2.79667 -0.95655 0.87736 -1.04075 -0.21718 -0.70536 0.56885 0.70731 0.23040 0.68752 0.27098 1.30090 2
-0.11132 -0.63094 -0.42394 0.41733 1.23253 -0.32025 -0.35527 -0.81145 2.19379 -0.12534 -0.39386 -0.41082 0.32971 -0.70138 0.49007 0.92980 2
-0.11505 1.10094 -0.42394 0.07041 -0.39584 -0.20506 -0.35527 -0.60835 1.42744 0.71313 1.71613 -0.41082 0.32971 1.62752 -0.45200 -1.48234 2
-0.11637 -1.30936 1.19780 1.35254 2.04567 0.02607 -0.35527 -0.02114 -0.70370 -0.05129 -0.61432 1.17863 0.32971 -1.82381 0.04146 -1.48234 2
-0.11019 0.27017 -0.41190 -0.31964 0.18708 0.24962 -0.35527 0.19368 -0.70370 0.71147 -0.40610 -0.41082 0.32971 -0.44976 -0.26695 0.02525 2
-0.10819 0.64736 -0.41423 0.95163 0.45786 -0.74617 -0.35527 -1.25803 1.16358 0.37819 0.44586 -0.38811 0.23442 1.63489 -0.20964 0.52778 2
-0.03722 -0.71248 -0.22604 0.35261 0.75650 -0.00050 0.02024 -0.13108 -0.34296 -0.62715 -0.29939 -0.19039 0.30670 0.34537 -0.16800 0.34504 2
-0.11326 -0.07567 -0.42394 -0.35847 -0.77955 0.21069 -0.35527 -0.15861 2.28965 -0.09227 -0.56457 -0.41082 0.32971 0.37374 0.95049 1.53284 2
-0.11666 0.55536 0.21728 -0.23289 0.70126 -0.86612 -0.35527 -1.77308 2.73603 -0.53162 0.81809 0.09111 0.32971 0.66698 -1.19221 1.53284 2
-0.05427 -0.86723 2.65901 0.13223 0.94254 -0.05188 0.06249 -0.43577 -0.21446 -0.59751 -0.16239 2.48052 0.31722 0.68285 0.18998 0.43641 2
-0.11373 -1.17648 0.57936 0.15854 -0.13939 0.92146 -0.35527 1.09821 -0.70370 -0.54684 0.02936 0.62843 0.24420 -0.35386 -0.60784 0.52778 2
-0.07675 0.34455 5.71106 -0.70073 -0.42421 1.12915 -0.35527 1.16945 0.01890 -0.70949 -0.24699 6.05630 0.32971 0.07439 1.35224 1.53284 2
-0.11327 -0.93635 -0.42394 -0.31782 0.36282 0.67741 -0.35527 0.47238 -0.70370 -1.12498 -0.33700 -0.41082 0.32971 -1.36229 -0.79567 -1.48234 2
-0.08974 -0.08132 0.04410 -0.15015 -0.07074 0.16261 -0.35527 -0.09330 1.18673 0.36576 -0.45798 0.10148 0.27458 -0.28024 0.03139 0.02525 2
-0.11651 0.08713 -0.42394 1.48745 0.41261 0.55940 -0.35527 0.54439 -0.70370 -0.51005 -0.87486 -0.41082 0.14780 -0.81019 -1.19221 -1.48234 2
-0.11232 0.78491 -0.42394 -0.97605 -0.92140 1.01481 -0.35527 1.27127 -0.70370 -0.10780 0.13664 -0.41082 0.25448 -0.45950 0.39394 1.53284 2
-0.11485 -0.41288 -0.42394 -0.24692 0.04398 0.32053 -0.35527 0.11672 -0.70370 -0.05694 -0.14433 -0.41082 0.11908 -0.57032 0.11403 -0.72854 2
-0.02882 -0.99992 4.07187 -0.06656 0.65851 0.15789 0.01738 -0.22696 0.05478 -0.38902 -0.33023 3.94363 0.28133 0.79643 0.75310 1.06897 2
-0.10251 -0.60323 -0.42394 0.31684 0.09607 -0.46167 -0.35527 -0.87951 1.89891 0.44636 0.96311 -0.41082 0.32971 0.76623 -0.43946 0.89807 2
-0.10292 0.35720 -0.42394 0.37861 0.22614 0.28429 -0.35527 -0.06059 -0.23126 -0.47300 0.18364 -0.41082 0.30560 -0.74286 -0.81795 0.52778 2
-0.04634 -0.84961 -0.42255 1.00998 1.19214 -0.05482 -0.34798 -0.56870 -0.70370 -0.47808 -0.29331 -0.41082 0.32480 -0.23773 -0.54558 0.46866 2
-0.09047 -0.62381 -0.35227 0.55083 0.48257 -0.14729 -0.28962 -0.48217 0.31880 0.02150 -0.57551 -0.34554 0.30362 -0.47282 -0.33499 -0.47728 2
-0.11608 0.16806 -0.42394 -0.19577 -0.23117 -0.37868 -0.35527 -0.86525 2.35980 1.51731 0.65103 -0.41082 0.17338 1.16827 0.45269 -1.48234 2
-0.11233 0.67041 -0.42394 0.02932 -0.66672 0.45881 -0.35527 0.12768 0.56944 -0.46612 -0.10490 -0.41082 0.32971 -0.79227 0.25602 -0.47728 2
-0.11595 0.64709 -0.42394 0.14340 -0.48372 1.06472 -0.35527 0.96109 -0.70370 -1.12498 1.65389 -0.41082 0.14780 0.43765 2.72652 1.53284 2
-0.03250 -0.57373 0.98122 0.55479 0.99160 -0.07305 0.06694 -0.20041 -0.18842 -0.66573 0.06915 0.87995 0.27274 0.00484 -0.05746 0.72389 2
-0.10956 -0.39849 2.32943 0.29331 1.50773 -0.16661 0.11341 -0.48590 0.12708 -0.83836 -0.17200 2.16529 0.28731 -0.58262 0.26872 1.53284 2
-0.11126 -0.49034 -0.42394 -0.37990 -0.28347 1.03528 -0.35527 1.16945 -0.70370 -0.71503 -0.30507 -0.41082 0.32971 -0.73351 1.14528 0.32677 2
0.01220 -1.28057 2.71209 0.05266 0.68364 -0.01091 0.01926 -0.37903 -0.21869 -0.42429 0.19214 2.48645 0.29877 0.30509 0.24571 0.06202 2
-0.05202 0.21172 2.44450 0.13838 0.09357 -4.20889 6.39997 -0.49628 -0.35882 -0.20285 -0.25926 2.15578 0.23292 -0.09744 -0.15995 0.62829 2
-0.07947 -0.26121 -0.41879 0.54619 0.70925 -0.28198 0.11633 -0.41447 0.22727 -0.28989 0.30851 -0.41082 0.01617 0.05564 -0.27963 1.08056 2
0.08884 -0.98437 2.78114 0.18192 0.88508 -0.06315 0.12583 -0.25510 -0.17287 -0.49054 0.00642 2.77883 0.29875 0.09819 0.38887 0.36027 2
-0.10693 0.57586 -0.42394 -0.44488 -0.11210 0.57462 -0.35527 0.42791 -0.02292 -0.30293 -0.72664 -0.41082 0.32971 -0.74848 0.11403 0.02525 2
-0.04821 -0.01004 0.05373 0.35316 0.90636 -0.48092 0.53182 -0.28266 0.42700 -0.24726 -0.00202 0.06767 -0.32227 0.39274 0.23926 0.41853 2
-0.11138 -0.30868 -0.42394 -0.45714 0.12306 -0.31218 -0.35527 -0.86999 1.37105 0.30661 -0.84778 -0.41082 0.27677 -0.07206 -0.33813 -1.48234 2
-0.05920 -0.54812 -0.41716 0.73226 0.99287 -0.00919 -0.27542 -0.52642 -0.58169 -0.43045 -0.25224 -0.40637 0.27990 -0.85077 -0.22863 0.86280 2
-0.10286 -1.09975 3.37975 0.35722 0.63648 0.38791 -0.35527 -0.39180 -0.70370 -0.76033 -0.18731 2.94372 0.27577 -0.33724 0.65830 -0.97981 2
-0.11382 -0.20118 -0.40264 -0.35858 -1.06177 0.74120 -0.35527 0.88206 0.98651 0.04127 -0.65334 -0.41082 0.07096 -0.48750 0.86391 -1.48234 2
-0.07667 -1.68543 1.02955 0.58115 1.53860 -1.23789 1.77623 -0.54746 -0.50485 -0.61046 -0.35137 0.85864 0.20795 0.65571 -0.08717 0.92980 2
-0.11018 -0.66874 -0.42394 0.87271 1.41977 -0.43268 -0.35527 -1.03227 1.76769 0.15397 -0.55449 -0.41082 0.28767 -0.19484 0.02456 1.53284 3
-0.11016 0.32803 -0.42394 0.03438 0.50209 -0.15490 -0.35527 -1.00628 -0.70370 -0.37672 0.19110 -0.41082 0.28544 -0.29559 0.06136 1.03031 3
-0.09343 -0.60162 3.43388 0.23225 0.85570 0.18506 -0.35527 -0.20476 0.53525 0.10391 0.07418 3.23888 0.25068 0.07291 0.06237 -0.27627 3
-0.09626 0.27755 -0.42394 -0.53850 -0.72710 0.65690 -0.35527 0.46726 -0.70370 -0.50212 -0.77323 -0.41082 -0.38887 -0.75417 -0.23505 1.53284 3
-0.05484 -0.99226 -0.42236 1.30704 1.59077 -0.68122 0.42583 -0.83732 -0.36507 -0.42402 -0.68276 -0.41082 0.31243 0.03795 -0.56669 -0.24886 3
-0.11290 0.89268 -0.42394 0.00097 -0.01162 0.18269 -0.35527 -0.01030 0.59474 0.21891 -0.79981 -0.41082 0.32971 -0.35022 -0.00260 1.53284 3
-0.10099 0.17543 -0.41248 -0.99415 -0.50510 0.91624 -0.35527 0.78859 -0.70370 -0.48856 0.24890 -0.39159 -1.04191 -0.16366 0.42278 1.53284 3
0.00354 -0.49788 1.57902 0.97658 0.33498 -0.00211 -0.23883 -0.26546 0.22818 0.16100 0.88089 1.25493 -0.12678 1.32916 0.44744 0.24062 3
-0.01569 -0.69717 1.42058 0.23220 0.77842 -0.07809 -0.01484 -0.40284 -0.19575 -0.59926 -0.47845 1.30716 0.28898 -0.14684 -0.25108 0.48408 3
-0.10052 0.14571 -0.36254 0.13036 0.05745 0.69739 -0.35527 0.83776 1.49434 -0.36666 -0.77606 -0.33063 0.26241 -1.07295 0.79048 0.52778 3
-0.11224 0.89553 -0.42394 -0.53962 -0.31912 -0.03628 -0.35527 -0.06233 1.76251 1.21486 0.01138 -0.41082 0.26678 0.97585 1.12093 -1.48234 3
-0.11549 -0.45913 4.42193 -0.36753 0.16411 0.24632 -0.35527 -0.94343 -0.70370 -1.12498 0.94958 3.92098 0.32971 1.86990 -0.13478 -1.48234 3
-0.09529 -0.59136 -0.41962 0.90783 0.90341 -0.49988 0.52764 -0.46683 0.32282 0.05552 -0.57376 -0.41082 0.32971 -0.29592 -0.27391 -0.27627 3
-0.11302 0.72773 -0.42394 -0.36396 0.30608 0.80246 -0.35527 0.47765 -0.70370 -1.12498 0.39454 -0.41082 0.32971 -0.29920 0.58428 1.53284 3
-0.11268 0.47409 -0.33811 -0.62031 -0.14352 0.57010 -0.35527 0.34888 0.63920 -0.43002 -0.11103 -0.36183 0.19266 0.71823 -0.18284 -0.87930 3
-0.11168 0.48595 -0.42394 -0.13976 0.03193 -0.52031 -0.35527 -1.39445 2.56404 0.75398 0.26650 -0.41082 0.27412 1.36603 0.05688 1.53284 3
-0.11362 1.62043 -0.40349 -0.77116 -1.09259 0.47591 -0.35527 0.31466 -0.70370 0.03130 0.27547 -0.41082 -0.01234 0.41270 1.48784 0.77905 3
-0.08803 -0.81810 -0.41405 0.64653 0.71272 0.21501 -0.35527 -0.05930 -0.47518 -0.57312 0.37733 -0.39414 0.28306 0.02185 -0.65762 0.52778 3
-0.06802 1.51685 -0.41399 -0.61791 -0.63067 -0.08085 -0.28753 -0.27701 -0.10866 0.87658 2.13196 -0.39454 0.01848 2.06405 -0.15937 0.79327 3
-0.02324 -0.03428 4.18301 -0.11871 0.45578 -0.80802 1.33521 0.03250 1.04860 0.60471 0.33382 4.73870 0.13100 1.19578 0.38534 1.15063 3
-0.10969 0.04417 0.46255 -0.05444 -0.15138 0.77334 -0.35527 0.78327 -0.70370 -0.97920 -0.15838 0.60656 0.32971 -0.67276 -0.60784 0.77905 3
-0.03787 -0.46594 -0.09227 0.64793 0.64858 -0.97488 1.00879 -0.55008 0.06068 0.27600 -0.65100 -0.11105 0.21269 -0.35202 -0.26879 -1.14732 3
-0.11244 0.55536 -0.42394 -0.42936 -0.03766 0.21501 -0.35527 -0.17755 1.79394 -0.04787 -0.22013 -0.41082 0.32971 0.89125 0.44059 -0.87930 3
-0.09040 0.09850 -0.42037 -0.77675 -0.62773 0.43518 -0.35527 0.15943 -0.13456 0.05312 -0.41663 -0.41082 0.31519 0.32273 -0.45610 0.40215 3
-0.10913 -1.87337 -0.42394 2.13250 3.17778 -2.73369 3.84019 -0.86999 0.33368 0.30661 -0.30661 -0.41082 0.17090 -0.23748 0.14782 0.02525 3
-0.11516 -1.06243 -0.42394 -0.58797 -0.56640 -0.43965 -0.35527 -0.96891 -0.70370 1.01110 -0.22646 -0.41082 0.11908 0.23542 0.79048 -1.48234 3
0.09473 -0.42157 0.70326 0.14717 0.55103 -0.22644 0.07305 -0.29936 0.15865 -0.04798 -0.30970 0.73806 0.27338 0.29465 -0.35618 -0.03059 3
0.11032 -0.00647 -0.40592 0.16326 -0.10612 -0.53664 -0.03205 -0.68414 0.95840 0.81709 -0.52269 -0.39366 0.17928 0.82541 -0.31115 -0.42942 3
-0.05931 0.76439 0.19926 -1.18658 -1.07184 0.92604 -0.35527 1.17255 0.17159 -0.09323 0.18476 0.13733 0.22549 -0.00103 0.51304 0.32677 3
-0.10697 -1.50311 3.32383 0.91513 2.35827 -1.24734 2.60321 0.24343 0.28652 -0.10009 -0.46179 3.67116 0.32971 1.19004 1.43351 -1.48234 3
-0.11443 0.15020 -0.25279 0.07260 0.52113 -1.88747 3.10018 0.29155 1.49928 0.01506 0.54470 -0.33045 0.32971 -0.04424 -1.19221 -1.48234 3
2.81420 -0.34094 0.04735 -0.37181 -0.34718 -0.90216 0.21635 -1.05499 0.27347 1.19262 -0.49529 0.04831 0.15410 0.65637 -0.54711 -0.12360 3
-0.02384 -0.99861 1.07163 -0.03867 0.31066 -0.24213 0.00334 -0.55324 -0.39358 -0.21559 -0.35798 1.08812 0.29015 0.76977 -0.38471 -0.41816 3
0.50117 0.10119 1.24173 -0.62740 -0.48679 0.33710 -0.20531 0.18449 0.02296 -0.08192 -0.15690 1.29187 -0.96740 0.45241 -0.01231 0.61393 3
-0.11596 1.47804 -0.42394 -1.30593 -1.48250 0.91189 -0.35527 0.77010 -0.70370 -1.12498 -0.88868 -0.41082 0.32971 -1.05269 -1.19221 1.53284 3
-0.11214 0.10933 -0.42394 -0.09324 -0.92462 1.24802 -0.35527 1.51670 -0.70370 -0.86876 0.60867 -0.41082 0.25391 -1.20332 -0.49827 0.02525 3
-0.10990 1.74074 -0.42394 -1.92780 -2.07696 -0.00580 -0.32479 -0.19654 0.29662 1.98105 0.45572 -0.41082 0.22762 2.36813 0.61807 0.52778 3
-0.04813 0.40655 -0.40251 -0.90351 -0.89312 0.47953 -0.14589 0.47765 0.18983 -0.02403 -0.46097 -0.39219 -3.36345 0.65979 0.69840 -0.35165 3
-0.08347 0.03930 -0.38379 0.09356 0.47326 -0.28323 -0.35527 -0.76541 -0.10411 0.42646 -0.11500 -0.38165 0.24812 -0.91798 -0.70806 0.02525 3
-0.11072 -0.75431 -0.42394 -0.29945 -0.18394 0.35915 -0.35527 0.05756 0.23892 -0.63717 -0.65190 -0.41082 0.32971 0.37199 -1.03359 -1.48234 3
0.03522 0.36179 -0.33629 -0.36583 -0.11742 -1.25317 -0.10360 -1.85335 0.67110 1.45312 0.02299 -0.31213 -0.49403 2.54687 -0.43995 -0.06612 4
-0.03808 0.12327 0.01112 -0.19386 -0.42076 -0.10615 -0.27020 -0.16823 1.13124 0.86916 0.21607 -0.04934 0.10967 0.82886 0.03287 0.31047 4
-0.11000 0.41606 -0.41217 -1.44098 -0.52903 1.06955 -0.35527 1.30562 0.57776 0.64345 -0.86189 -0.36407 0.32971 0.45069 2.35132 -1.48234 4
-0.11661 1.17290 -0.42394 -1.25412 -0.69806 -0.00858 -0.35527 -1.38536 -0.70370 0.48555 0.30522 -0.41082 0.09150 4.12059 0.28820 -1.48234 4
-0.08381 0.02062 -0.16330 -1.08098 -0.71248 1.07121 -0.35527 1.28292 0.32550 -0.72552 -0.49498 -0.14800 0.19841 -0.44961 0.59511 -1.48234 4
-0.10265 0.45049 -0.41761 -1.26543 -1.27371 0.94873 -0.35527 1.12848 -0.70370 -0.07994 -0.58908 -0.41082 0.27350 -0.93918 0.82653 -1.48234 4
-0.10040 -0.27158 -0.41285 -0.37296 -0.51737 0.55782 -0.35527 0.59715 -0.70370 0.03627 -0.40148 -0.39547 0.24383 -0.15667 -0.00260 0.14122 4
0.03985 0.48320 -0.37568 -1.41405 -1.32611 1.07460 -0.25389 1.53669 -0.25451 -0.52449 -0.31724 -0.36780 0.17213 -1.17138 0.39190 0.57754 4
0.05344 -0.78073 -0.33329 0.50044 0.64544 -0.23978 0.37181 -0.01929 0.04988 -0.07738 -0.64089 -0.31056 0.30935 -0.70439 -0.48370 -0.14226 4
-0.11189 1.05672 -0.42394 -0.81688 -1.31192 0.26519 -0.35527 0.21960 0.44963 0.66556 -0.46970 -0.41082 0.32971 0.11529 -0.26695 1.53284 4
-0.09794 0.59004 -0.41906 -0.83722 -0.76299 0.96541 -0.35527 1.23631 -0.70370 -0.28470 -0.56121 -0.41082 0.30899 -0.35542 0.61204 0.02525 4
0.25588 -0.37443 0.48221 -0.56863 -0.27637 0.11026 0.04128 0.12722 0.18475 0.09360 -0.76301 0.60973 0.28548 -0.55626 0.00324 -0.53640 4
-0.09365 -0.30543 0.05685 -0.07424 0.22167 0.09390 -0.34469 -0.28076 0.16002 -0.23103 -0.44610 0.08282 0.19749 -0.20253 -0.50258 -0.97981 4
-0.11183 1.54901 -0.42394 -0.46238 -0.69527 1.21941 -0.35527 1.47757 -0.70370 -0.88680 -0.97743 -0.41082 0.32971 -1.49329 0.65830 -1.48234 4
-0.06869 0.46938 -0.38157 -0.95842 -0.85115 1.05418 -0.35527 1.32928 -0.34978 -0.45344 -0.04528 -0.35272 -0.13080 0.12115 1.19234 0.52778 4
-0.09946 -0.08105 -0.42394 1.28513 -0.33679 -0.42856 0.14138 -0.08576 0.77047 0.84581 0.96758 -0.41082 0.23568 1.53258 -0.27391 0.02525 4
-0.09645 -0.29630 -0.10517 -0.49094 -0.39605 0.26542 -0.18841 0.29504 1.06584 0.27915 -0.73040 -0.04932 0.32971 -0.97369 -0.41982 0.24062 4
-0.04989 0.25011 -0.38585 -1.10530 -1.04196 0.70259 -0.12901 0.99228 0.02382 -0.41383 -0.76578 -0.37101 0.31115 -0.43952 -0.81197 0.77905 4
-0.10708 0.99165 -0.36251 -0.86825 -0.79814 0.70743 -0.35527 0.68223 0.78729 -0.35339 -0.10585 -0.30203 0.32971 -0.84488 0.14016 -1.48234 4
-0.07485 0.47906 -0.42394 -0.00736 -0.24087 0.70671 -0.35527 0.63031 -0.29943 0.19998 -0.69657 -0.41082 -0.99051 1.11810 1.37362 0.02525 4
-0.08695 0.15587 -0.32842 -0.46630 -0.35845 -0.42389 -0.35527 -0.68896 -0.48754 0.44116 -0.68304 -0.28464 0.30765 0.04267 -0.85864 -0.72854 4
-0.03558 -0.05025 0.22108 -0.48830 -0.26682 0.32442 -0.19661 0.32237 -0.15270 -0.19034 -0.59690 0.12520 0.21724 -0.04492 -0.33969 -0.87930 4
-0.06919 0.28035 -0.08154 -1.32977 -1.29079 1.06134 -0.28059 1.55038 -0.35482 -0.49309 -0.70339 -0.06083 0.16949 -1.21364 0.24905 0.02525 4
-0.09899 0.48229 -0.42394 -0.62821 -0.28997 0.12522 -0.35527 -0.22242 1.30515 0.26114 -0.67177 -0.41082 0.26820 -0.02845 -0.36096 -1.48234 4
-0.09907 -0.04370 -0.40329 2.39961 0.55772 -0.30341 -0.35527 -0.42161 -0.05555 0.10488 2.00840 -0.39899 0.24702 1.71408 0.21163 -0.54010 4
-0.00787 -0.12026 -0.37668 -0.81634 -0.53399 0.54842 -0.33624 0.50186 -0.04280 0.02773 -0.51285 -0.36796 0.18357 -0.07076 -0.44037 -0.63809 4
-0.00907 0.34871 -0.10785 0.03812 -0.95123 0.56705 -0.35527 0.88192 0.98955 0.51801 -0.07681 -0.13028 0.21450 -0.35978 -0.08743 -0.24886 4
-0.07312 0.25130 -0.41508 0.09392 -0.37416 0.72596 -0.27992 0.86091 -0.52879 -0.52157 -0.85364 -0.39806 0.31186 -1.55200 -0.77323 -1.48234 4
-0.10042 0.97574 -0.42394 -2.01619 -1.96185 1.38945 -0.35527 2.03389 0.48818 -0.19978 -0.50243 -0.41082 0.26889 -2.10504 4.72942 0.71052 4
-0.11520 0.98315 -0.36371 -0.56821 -1.15483 0.32971 -0.35527 0.42349 1.71685 0.12766 0.26218 -0.32251 0.20619 -1.16462 0.19567 0.02525 4
-0.08094 0.44771 -0.41057 -0.72243 -0.65864 0.58374 -0.24326 0.57517 0.86840 -0.23393 -0.80111 -0.41082 0.30679 -0.99343 -0.05759 1.53284 4
2.38164 0.65336 1.35847 -0.62169 -0.43044 -2.07954 1.13749 -1.77812 0.29299 2.57048 -0.05059 1.07383 -0.41780 1.64430 -0.46979 -0.66659 4
-0.04734 -0.71554 0.38135 0.28171 0.36117 -0.35301 0.13280 -0.45246 0.15014 0.31109 -0.18393 0.33675 -0.01341 0.26073 -0.26478 0.40215 4
-0.11561 -0.50118 -0.35528 0.53881 0.08248 -0.73412 -0.35527 -1.38229 -0.70370 0.39508 -0.26483 -0.33045 0.32971 -0.42963 -0.36976 -1.48234 4
0.10084 -0.66358 -0.39001 0.75294 0.33207 -0.32651 -0.02767 -0.55628 -0.41715 -0.16933 -0.76377 -0.36436 0.29234 -0.49096 -0.90752 -0.63190 4
-0.10772 1.14934 -0.42394 -0.38106 -1.21827 1.20356 -0.35527 1.75444 -0.70370 -0.60465 -0.86532 -0.41082 0.32971 -1.45942 1.48784 0.02525 4
-0.07938 0.17842 -0.29296 0.06810 -0.48812 0.28403 -0.35527 0.50142 0.03478 0.72213 -0.79250 -0.27612 0.28260 -0.97644 0.21639 -1.48234 4
-0.01657 -0.71265 -0.40915 0.57004 0.32957 -0.47157 -0.35527 -0.98280 0.10454 0.57131 -0.42518 -0.40099 0.10631 -0.27324 -0.62073 -0.47728 4
-0.04994 0.17008 -0.41661 -0.82415 -0.65809 0.38988 -0.17107 0.46274 -0.10992 0.32948 -0.92487 -0.40648 0.26911 -0.33452 -0.54486 -1.48234 4
0.05529 -0.04598 -0.38807 0.64272 -0.06393 -0.19747 -0.00545 -0.12177 0.38810 0.51936 -0.43260 -0.39090 0.20542 0.02613 -0.19234 -0.65057 4
0.08232 -1.27389 -0.40892 6.90078 1.81304 -0.71493 -0.17440 -0.49755 -0.62466 -0.49336 1.40340 -0.39352 0.15227 0.99886 -1.05950 -0.06206 5
0.18656 -0.49825 0.76787 -0.70191 -0.35593 -0.09013 -0.00582 -0.15791 0.22302 0.33536 -0.05060 0.71304 0.25174 0.38724 -0.49514 -0.62336 5
0.68571 0.37239 -0.39205 -1.45921 -1.34816 0.65680 -0.18899 1.09362 0.47612 0.75710 -0.70490 -0.38417 0.25746 -0.72070 -0.28181 -0.09536 5
-0.07724 0.79171 -0.41664 -0.89969 -1.27516 1.28690 -0.35527 1.93023 0.64073 -0.42923 -0.85315 -0.40264 0.31827 -1.82482 -0.06581 -0.47728 5
2.53538 0.10854 0.20178 -0.89968 -0.86345 0.02037 -0.06076 -0.05165 0.48586 0.85447 -0.51445 0.22019 -1.19855 0.57189 0.19780 -0.56103 5
-0.08568 -0.68354 -0.34437 -0.92908 -0.96596 -0.57307 1.02242 -0.10742 -0.17379 0.01763 -0.72300 -0.38182 0.26211 0.45182 -0.36137 -0.72854 5
-0.08906 0.92690 -0.37959 -0.95545 -1.23222 1.40771 -0.35527 2.18184 -0.41280 -0.72354 -0.81119 -0.37898 0.30002 -2.04930 0.92266 -0.72854 5
0.07825 0.56625 -0.36516 -1.10894 -1.26703 0.55196 -0.34323 0.67744 0.34950 0.66274 -0.71831 -0.35242 0.17278 -0.15183 -0.26069 -0.76132 5
0.01147 -0.45200 0.09985 -0.41018 -0.28975 0.29890 -0.35527 0.07922 0.26272 0.15660 -0.71229 0.12463 0.19101 -0.40375 -0.14946 -0.51317 5
0.25173 0.70777 -0.37178 -1.81128 -1.87526 0.77473 -0.35527 1.03411 0.35754 0.70983 -0.51397 -0.35451 -0.13798 -1.33329 -0.05686 0.07300 5
0.62008 0.52409 -0.40474 -1.11718 -1.14026 0.76876 -0.35064 0.95306 -0.28445 0.38770 -0.61827 -0.38575 0.25364 -0.59179 -0.62678 -0.37754 5
0.46950 0.51406 -0.36630 -1.73542 -1.81972 0.96912 -0.35527 1.41760 -0.03090 0.48633 -0.72531 -0.35602 0.26983 -1.55273 -0.38613 -0.55675 5
-0.11229 -0.35836 -0.40786 0.85892 1.01190 -0.81390 0.14981 -0.97919 -0.70370 0.98885 0.33141 -0.41082 0.32971 0.36848 -0.84524 -1.48234 5
-0.03737 0.38815 -0.41775 -0.71910 -0.88397 0.21725 -0.18987 0.37967 0.26023 0.92026 -0.44362 -0.40730 0.26576 -0.26609 -0.75353 -1.35671 5
-0.05896 0.34356 -0.41044 -0.70077 -0.32585 0.23256 -0.07251 0.12548 0.12591 -0.00396 -0.65407 -0.41082 0.24504 0.13077 -0.64715 -0.66002 5
-0.07798 -0.21952 -0.41402 -0.34393 -0.38247 0.48010 -0.35527 0.23734 -0.70370 -0.33384 -0.61313 -0.40385 0.28095 -1.10982 -0.30583 -0.21279 5
-0.06770 0.26029 -0.32898 -0.29652 -0.27241 -0.27529 -0.35527 -0.67548 0.91059 0.79898 -0.18871 -0.33587 0.20989 1.20891 -0.22384 -0.95796 5
0.04247 8.10974 0.80055 -2.03115 -2.09911 -4.39482 8.16819 2.77614 -0.44052 -1.01149 -0.77864 0.81807 -1.02664 0.94172 1.40350 -1.48234 5
-0.03939 -0.11249 -0.39217 -0.56630 -0.42408 -0.27641 -0.35527 -0.61874 0.67446 1.06215 -0.57267 -0.38400 0.28282 0.95025 -0.75903 -0.14226 5
-0.07787 0.18650 -0.41652 0.02278 -0.07242 -0.21625 -0.35527 -1.03121 -0.70370 -0.13569 -0.83253 -0.40428 0.28398 0.27819 -0.95279 -1.48234 5
-0.09358 0.61261 -0.41185 0.92644 -0.65781 -0.86637 -0.35527 -0.90637 -0.46164 1.38030 6.40271 -0.38433 0.24325 1.89715 -0.82884 0.73937 5
-0.10159 -1.14379 0.13366 0.53322 0.62036 -0.90874 -0.07582 -1.41047 -0.30275 0.46580 -0.36271 0.21813 0.26833 0.58440 -0.97365 -0.41816 5
-0.04551 0.01088 -0.06310 -0.28552 -0.08156 -0.37547 0.11692 -0.25888 0.05415 1.17210 -0.65842 -0.13830 0.18055 -0.25229 -0.09214 -0.04030 5
0.00348 0.81685 -0.37696 -1.56387 -1.71997 1.26680 -0.35527 1.97359 0.00241 0.06601 -0.69770 -0.35930 0.16957 -1.73236 0.27098 -0.70063 5
-0.10216 0.39545 -0.39324 -1.00036 -0.81692 0.61458 -0.35527 0.72337 0.86064 0.58407 -0.41094 -0.39179 0.17006 0.02015 0.04146 -1.48234 5
0.06284 -0.29535 0.07905 -0.53912 -0.58666 -2.80478 2.77974 -1.42140 0.03897 2.27796 -0.46245 0.06161 0.10706 1.12618 -0.74710 -0.50970 5
0.25299 0.71943 -0.37954 -1.44033 -1.62394 1.10706 -0.35527 1.72127 0.51580 0.23165 -0.84747 -0.36179 0.16461 -1.58223 0.98590 -1.00626 5
0.81496 -0.06908 -0.23171 0.63230 0.08632 -0.81897 0.17801 -0.73954 -0.28618 1.09230 0.88394 -0.26721 -0.09564 0.40069 -0.73571 -0.43771 5
-0.00373 0.39566 -0.37751 -0.95571 -0.86484 0.71277 -0.24292 0.88238 0.16769 0.20054 -0.49382 -0.37036 -2.07547 0.08655 0.95813 -1.16826 5
0.28941 0.01895 -0.37019 -0.16950 -0.14332 0.76810 -0.06359 1.21229 -0.44838 -0.27716 -0.89223 -0.37123 0.22982 -1.38519 -0.69698 -0.42703 5
-0.00613 0.10417 -0.31567 -0.90747 -0.87041 0.44494 -0.10001 0.65426 0.36769 0.41955 -0.81687 -0.29635 0.23599 -0.32582 -0.50365 -1.14732 5
0.03466 -0.20001 -0.40884 0.16123 -0.24953 0.72574 -0.35527 0.76219 -0.70370 -0.44626 -0.78034 -0.39963 0.27495 -2.10026 -0.48213 -1.05160 5
0.54255 0.37815 -0.27651 -0.95537 -0.93994 0.92927 -0.35248 1.19395 -0.45403 -0.10044 -0.75277 -0.25023 0.09302 -0.78887 -0.40049 -0.09810 5
-0.09658 -0.06252 -0.39647 1.01210 -0.75998 0.70882 -0.35527 1.06139 -0.38594 -0.30274 4.38558 -0.39922 0.26485 -1.56169 -1.19221 -0.90250 5
0.51842 0.90004 -0.29824 -0.51627 -0.63599 -3.99681 0.25641 -3.04524 0.07121 8.01067 -0.55496 -0.29943 -0.41687 1.64128 -0.52469 -1.03437 5
1.30304 0.11600 -0.30804 -0.23148 -0.31335 -0.93856 -0.20434 -1.40607 0.05011 1.78998 -0.59885 -0.28461 -1.26494 1.70843 -0.33108 -0.41816 5
-0.10272 -0.19730 -0.40487 2.37613 1.21613 -0.67423 -0.35527 -0.92024 1.22606 0.20657 4.56053 -0.41082 0.19185 -1.63729 -0.69506 0.25367 5
-0.08255 0.73398 -0.39879 0.76736 -1.15061 0.93477 -0.35527 1.62303 -0.06506 0.08686 -0.23719 -0.38752 -0.05050 -1.18670 0.65830 0.40215 5
-0.06213 -0.60966 0.21262 -1.31459 -1.71980 -5.04852 8.66067 1.51552 -0.70370 -0.03025 -0.51222 -0.33771 0.24449 -1.65220 -0.66349 1.53284 5
-0.02444 0.63380 -0.32454 -1.52977 -1.82371 1.47030 -0.35527 2.39111 -0.70370 -0.40538 -0.50184 -0.29403 0.04258 -2.12643 0.41156 -0.72854 5
