-0.11564 -1.16923 -0.28518 -0.41026 0.35231 0.35876 -0.35527 -0.25878 2.45862 -0.03397 0.48747 -0.29545 0.32971 -0.96507 2.77317 0.02525 1
-0.11564 0.14474 -0.42394 2.51789 1.99616 -0.43197 -0.35527 -1.10658 -0.70370 -1.12498 1.33591 -0.41082 0.32971 0.57554 -1.19221 1.53284 1
-0.11704 0.71380 -0.42394 -0.40501 -0.70396 1.11155 -0.35527 1.82055 5.42330 -0.06807 1.53128 -0.41082 0.32971 -0.58001 0.39394 -1.48234 1
-0.10329 1.16405 3.94064 -0.45410 0.52218 -1.41926 2.71611 0.09864 -0.02055 -0.77145 0.54368 3.90062 0.25999 -0.17786 0.94299 0.77905 1
-0.11403 -0.34246 -0.40163 0.97592 0.77738 0.17927 -0.35527 -0.04734 0.86481 -0.85441 1.24520 -0.41082 0.32971 0.12104 1.02840 0.67136 1
-0.11408 -0.72509 -0.42394 0.71075 1.29538 -0.35173 -0.35527 -1.01099 -0.70370 -0.07626 -0.00172 -0.41082 0.32971 0.76049 -0.45200 1.53284 1
-0.11549 -0.45913 -0.42394 -0.36753 0.16411 -0.19199 -0.35527 -0.91408 -0.70370 -0.24651 2.38952 -0.41082 -0.83968 0.25262 1.58355 -1.48234 1
-0.11780 0.23525 -0.42394 0.75303 -0.73276 0.33321 -0.35527 -0.56683 -0.70370 -1.12498 0.30522 -0.41082 -0.22611 0.21150 -1.19221 1.53284 1
-0.11643 1.57097 -0.42394 0.73478 0.02715 0.15397 -0.35527 -0.70573 -0.70370 -1.12498 0.64742 -0.41082 0.32971 -0.04840 -0.08190 1.53284 1
-0.11540 0.93424 -0.42394 -1.43661 -1.79471 0.71911 -0.35527 -0.07395 -0.70370 -0.57948 1.51109 -0.41082 0.32971 4.65992 1.27514 -1.48234 1
-0.11537 -0.12009 -0.42394 3.01759 1.90203 -0.41399 -0.35527 -1.19047 -0.70370 -1.12498 -0.01356 -0.41082 0.32971 -0.24079 -0.49827 1.53284 1
-0.11725 1.10897 -0.42394 0.88731 1.29808 -0.34669 -0.35527 -1.15449 -0.70370 -1.12498 0.02936 -0.41082 0.32971 0.26804 -1.19221 -1.48234 1
-0.10652 -1.10826 -0.42394 0.64638 0.63500 -0.04850 -0.35527 -0.58930 -0.70370 -0.42866 -0.00547 -0.41082 0.30028 0.94736 -0.25127 1.53284 1
-0.11749 0.78269 -0.42394 0.12444 2.00675 -1.22651 -0.35527 -2.31303 -0.70370 -1.12498 -0.53314 -0.41082 0.32971 -0.66252 -1.19221 -1.48234 1
-0.11441 0.20936 6.03153 0.11054 0.77495 0.43992 -0.35527 -0.19717 -0.70370 -0.03397 1.08070 6.51095 0.32971 -0.16164 2.89839 1.53284 1
-0.10972 0.36638 -0.42394 0.12351 0.37609 0.24966 -0.35527 -0.08153 -0.70370 -0.57053 -0.29532 -0.41082 0.24770 -0.41744 0.91354 1.03031 1
-0.11233 -0.48011 -0.42394 0.60667 1.41650 -0.46435 -0.35527 -1.25354 -0.70370 0.01506 -0.08984 -0.41082 0.32971 0.13612 -0.88379 0.02525 1
-0.11330 -0.30848 -0.42394 1.13312 1.15151 -0.49690 -0.35527 -1.25686 0.56123 -0.47038 -0.16011 -0.41082 0.32971 0.64792 -1.19221 1.53284 1
-0.11586 -0.41945 -0.42394 0.63122 -0.64268 0.38110 -0.35527 0.30131 2.26696 -0.10009 1.06682 -0.41082 0.32971 -0.87134 3.24901 1.53284 1
-0.11283 0.88910 -0.26534 -0.84706 -1.08942 0.76972 -0.35527 1.18511 0.77047 -0.10780 0.45033 -0.24948 -0.34731 -0.10339 0.23126 -1.48234 1
-0.11499 -0.11496 -0.14078 -0.07184 0.16952 0.36834 -0.35527 0.42031 3.70223 -0.36495 0.39513 0.07137 0.32971 0.78009 -1.19221 0.02525 1
-0.11507 0.62386 3.27967 0.13388 0.95085 -0.15918 -0.35527 -0.92634 1.60294 0.06871 0.96707 3.03921 0.32971 0.76430 1.27514 1.53284 1
-0.11447 0.08713 -0.32505 -0.55303 -0.35438 0.79420 -0.35527 0.53580 -0.70370 -1.12498 0.14727 -0.33708 0.32971 -0.25913 0.25602 1.53284 1
-0.11715 -1.83157 -0.42394 -0.14574 -0.14696 0.36951 -0.35527 -0.06422 -0.70370 -1.12498 0.76434 -0.41082 0.06642 0.89956 0.04146 1.53284 1
-0.11712 -3.11573 -0.42394 0.34289 1.50580 -0.66961 -0.35527 -1.61728 -0.70370 0.56608 0.36261 -0.41082 0.32971 -0.84705 2.50881 -1.48234 1
-0.11646 -0.24609 -0.42394 0.04950 -1.40900 1.13939 -0.35527 1.52325 -0.70370 -1.12498 0.19467 -0.41082 0.32971 -0.07396 -1.19221 1.53284 1
-0.11126 0.42465 0.74941 -0.04330 0.84470 -1.82274 2.46268 -0.80408 0.51410 -0.28470 -0.00028 0.43327 0.26757 -0.13209 1.09371 0.67136 1
-0.11602 0.93333 -0.42394 -0.01553 0.03385 0.35797 -0.35527 -0.14904 -0.70370 -0.59652 -0.48811 -0.41082 0.32971 0.79682 2.97144 1.53284 1
-0.11403 -0.44809 -0.40163 1.98024 0.98219 -0.11736 -0.35527 -0.53874 -0.70370 -0.62761 0.61582 -0.41082 0.25614 -0.28602 -0.72958 0.77905 1
-0.11371 0.65401 -0.31976 -0.12195 -0.13432 0.40994 -0.35527 0.15330 -0.70370 -0.01609 0.66728 -0.17631 0.32971 -1.52481 1.02840 0.77905 1
-0.09140 -0.39209 0.30240 1.25080 1.26132 -0.27257 -0.00612 -0.71734 0.09548 -0.80331 1.36450 0.13340 -0.74417 0.72262 0.21770 0.77905 1
-0.11522 0.19724 -0.42394 0.57351 0.37609 0.15025 -0.35527 -0.05752 1.47479 -0.37340 0.53000 -0.41082 0.21854 -1.65420 0.82653 0.02525 1
-0.09503 0.58574 -0.35550 -0.63290 -0.66065 0.79369 -0.35527 0.77088 -0.30680 -0.30341 0.09884 -0.33842 -4.65242 0.79135 1.76861 -0.97981 1
-0.10951 0.21265 -0.42394 -0.57485 -1.04148 0.62633 -0.35527 0.71245 0.22114 0.47036 -0.08338 -0.41082 0.32971 0.56988 0.51595 0.02525 1
-0.11707 -0.90000 -0.42394 -0.24323 -0.14696 0.57682 -0.35527 0.60850 -0.70370 -0.25777 0.39318 -0.41082 0.32971 0.64413 0.65830 -1.48234 1
-0.11320 0.64448 -0.38630 -0.02446 0.37609 0.65866 -0.35527 0.45179 -0.70370 -0.87445 -0.39237 -0.35784 0.18149 -0.47474 -0.05343 0.02525 1
-0.11265 -0.01061 -0.42394 0.30131 0.75222 0.18757 -0.35527 0.02083 0.55313 -0.25777 0.26051 -0.41082 0.32971 0.65130 0.39394 0.77905 1
-0.11630 -0.71644 -0.42394 0.81815 0.50209 0.85386 -0.35527 0.79739 -0.70370 -1.12498 0.84469 -0.41082 0.32971 -0.35709 -0.08190 0.52778 1
-0.11382 -0.20118 -0.42394 0.08100 0.56162 0.49839 -0.35527 0.07516 -0.70370 -0.84077 -0.59029 -0.41082 0.32971 -0.06711 -0.11772 -1.48234 1
-0.11543 0.78491 -0.42394 -1.00637 -1.09606 1.01481 -0.35527 1.12480 -0.70370 -0.64182 -0.53314 -0.41082 0.18678 0.24512 1.47252 1.53284 1
-0.11065 0.49503 -0.42394 -0.10106 0.15401 0.44633 -0.35527 0.34536 1.24718 -0.28366 -0.30725 -0.41082 0.32971 -0.49598 -0.26695 -1.48234 2
-0.11051 -0.30453 -0.41142 -0.29845 -0.37363 0.04237 -0.35527 -0.27718 0.22551 0.63821 -0.41685 -0.37692 0.18746 0.72883 -0.58659 0.02525 2
-0.11060 -0.19443 -0.42394 0.62451 1.39701 -0.31555 -0.35527 -0.90044 0.15248 -0.23883 0.17702 -0.41082 0.32971 0.81685 -0.70237 0.14122 2
0.07636 -0.88504 0.05601 0.46628 0.77555 -0.70086 0.27819 -0.87514 0.31121 0.24966 -0.04339 0.01016 0.26641 0.22088 -0.22916 0.42470 2
-0.10075 -0.97037 -0.42394 1.68514 2.08099 -1.05734 0.72486 -1.28402 -0.30357 -0.84889 0.06222 -0.41082 0.32971 0.18461 -0.51930 0.52778 2
-0.09403 -0.23135 0.03557 -0.56716 -0.27177 0.71316 -0.35527 0.70644 -0.05341 -0.33974 0.69394 0.03992 -0.00213 0.12735 0.75760 0.44738 2
-0.08126 0.21048 0.25053 -0.66564 -0.37292 0.93142 -0.34115 0.91948 0.05921 -0.24765 0.15401 0.26640 0.05720 0.67352 2.69860 0.72879 2
-0.10823 -0.06837 -0.42394 1.56886 1.90387 -0.68361 1.02386 -0.20170 -0.70370 -0.87630 -0.42704 -0.41082 0.25614 -0.78867 -0.01103 -1.48234 2
-0.11088 -0.28327 0.90126 0.99009 1.50351 0.05500 -0.35527 -0.37409 -0.70370 -0.50441 1.02064 0.83595 0.14613 0.77322 -0.08190 1.19782 2
-0.11419 -0.26444 -0.42394 1.94699 1.71125 -0.62529 -0.35527 -1.51481 -0.70370 -1.12498 0.87762 -0.41082 0.32971 0.37059 -0.85575 0.02525 2
-0.10975 0.36572 -0.42394 -0.27686 0.02344 0.35273 -0.35527 -0.26125 -0.70370 -0.97466 0.16408 -0.41082 -1.53785 -0.25131 -0.56373 1.53284 2
-0.10775 -0.65801 1.14169 -0.27152 0.06683 0.70603 -0.35527 0.53304 -0.70370 -0.46698 -0.33030 0.95289 0.32971 -0.10169 0.54945 1.53284 2
-0.11038 -0.08606 -0.42394 1.01233 0.88011 -0.18431 -0.32304 -0.62919 0.09656 -0.71084 1.91833 -0.41082 0.28887 0.79682 -0.10898 -0.47728 2
-0.10992 -0.32833 -0.22563 0.52306 0.56090 0.38974 -0.35527 0.20981 0.10985 -0.84430 -0.49028 -0.23275 0.32971 -0.49786 -0.78846 -0.47728 2
-0.11086 0.80335 -0.42394 -0.21942 -0.16032 -0.11552 -0.35527 -0.22476 0.27174 1.56726 -0.68208 -0.41082 0.18038 -0.20508 -0.69874 -1.48234 2
-0.09280 -1.05389 4.27598 0.16873 0.21437 0.11558 -0.02808 -0.27726 -0.38746 -0.41583 -0.01257 4.14601 0.26516 0.26511 0.84916 0.52778 2
-0.11296 -0.12662 1.55665 -0.38215 0.24483 0.71151 -0.35527 0.58987 -0.70370 -0.88680 -0.48076 1.20101 0.11834 -0.20035 -0.02347 1.53284 2
-0.11174 -0.00484 1.94248 -0.15056 0.13711 0.49776 -0.35527 0.28701 0.44963 -0.32919 -0.18520 1.60871 0.21200 -0.44033 0.25602 1.53284 2
-0.11264 -0.29142 -0.42394 -0.27979 -0.07876 -0.13163 -0.35527 -0.66735 0.58619 0.65509 -0.35267 -0.41082 0.32971 -0.27389 1.02840 1.53284 2
-0.08466 -0.58311 1.23552 0.56893 1.27508 -0.02594 0.25851 -0.06742 -0.47275 -0.76645 0.00442 1.18143 0.30614 0.17764 0.43135 -0.42703 2
-0.08335 -0.14839 0.05343 0.59557 0.66743 -0.28122 -0.35527 -0.79845 0.30382 0.12637 0.15147 0.05229 0.27830 0.14897 -0.32749 0.77905 2
-0.11819 1.23734 -0.42394 -0.95629 -0.54032 -0.86171 -0.35527 -1.04430 23.80427 3.10268 0.84469 -0.41082 0.32971 2.20158 0.65830 -1.48234 2
-0.08599 -0.08845 1.25419 -0.87765 -0.43685 0.88226 -0.35527 0.81939 -0.17664 -0.76131 0.12413 1.06967 0.20868 1.16962 0.46753 1.15594 2
-0.11028 0.15169 -0.42394 -0.32354 -0.56331 0.46305 -0.35527 0.36084 0.22994 -0.15866 -0.22252 -0.41082 0.23442 -0.29684 0.01465 1.53284 2
-0.06671 -0.85055 -0.31137 0.19092 0.47364 -0.14957 0.01553 -0.32599 0.15875 -0.25713 -0.18177 -0.26924 0.27103 -0.37187 -0.18021 -0.91699 2
-0.10332 10.11056 2.17889 -1.35550 -0.16394 -6.53292 10.48516 0.12019 -0.70370 0.09161 -0.59081 -0.35936 0.32971 -0.53819 0.23126 -1.48234 2
-0.11053 0.37712 -0.42394 -0.10685 0.56486 0.65866 -0.35527 0.40210 -0.70370 -1.12498 -0.56267 -0.41082 0.32971 -1.41235 0.25602 0.77905 2
-0.08914 -1.41242 -0.40000 0.87599 1.27085 -0.39332 0.09236 -0.68024 -0.47085 -0.80364 -0.38625 -0.38533 0.30594 0.47813 -0.53502 -1.14732 2
-0.07220 0.46802 -0.42394 -0.93381 -0.81091 0.94266 -0.35527 1.09348 -0.14670 -0.42037 -0.30203 -0.41082 0.24444 0.69990 0.08002 1.53284 2
0.02329 0.29178 -0.34168 -0.71609 -0.38738 0.70371 -0.14739 0.74746 0.10260 -0.07024 -0.41246 -0.32748 -3.59265 1.13431 1.32189 0.45047 2
-0.11100 -0.23365 2.68241 -0.13650 0.69472 0.60815 -0.35527 0.45040 -0.70370 -0.20592 -0.60321 2.23250 0.32971 -0.30407 0.11403 1.53284 2
-0.11438 0.09739 -0.39976 0.72989 -0.01712 0.63412 -0.35527 0.51489 -0.70370 -1.12498 -0.20597 -0.34752 0.32971 -0.77150 -0.68753 -1.48234 2
-0.04315 -0.09531 5.98056 -0.89579 -0.31582 0.68316 -0.35527 0.26971 -0.21989 -0.24867 0.17847 6.44605 0.31736 0.55351 0.34605 0.29130 2
-0.09234 -0.66241 -0.42010 -0.15764 0.79611 0.36491 -0.35527 -0.00644 -0.11668 -0.51741 -0.49751 -0.41082 0.32971 0.33430 -0.60267 -0.35165 2
-0.02166 -0.44250 -0.28067 0.44009 0.82383 -0.12141 0.07677 -0.30565 -0.06531 -0.42295 0.29533 -0.25944 -1.13619 0.45305 0.05047 0.95641 2
-0.05328 -0.06126 -0.42394 -0.10872 0.00382 0.00944 -0.14551 -0.20815 -0.11739 0.18984 -0.56632 -0.41082 0.25192 -0.77591 -0.04362 -0.47728 2
-0.10965 -0.40826 1.88272 0.31717 0.23833 0.19909 -0.35527 -0.07075 0.99382 0.04632 0.22945 1.69468 0.32971 -0.01210 -0.57537 1.10210 2
-0.10745 -1.09688 3.17458 -0.03079 0.86888 -0.05400 -0.35527 -0.79602 -0.05016 -0.44855 -0.10788 3.26080 0.32971 0.21150 0.12510 1.53284 2
-0.06952 -1.31486 -0.41984 1.06142 1.07759 -0.65140 0.24622 -0.72324 0.70481 -0.17740 -0.40479 -0.40568 0.32971 0.34813 -0.36020 0.46866 2
-0.11519 1.05219 -0.42394 -0.18119 -0.49536 0.67839 -0.35527 0.56497 1.71685 -0.70743 -0.59918 -0.41082 0.32971 -0.95914 -1.19221 -1.48234 2
-0.11391 -0.42177 -0.42394 0.28567 -0.83730 0.76018 -0.35527 0.72980 1.09505 -0.81469 0.77476 -0.41082 0.05435 -0.28602 3.12564 0.52778 3
0.13297 0.72577 -0.38195 -1.31237 -1.29794 1.03416 -0.34480 1.24228 0.08072 -0.36466 0.10782 -0.37266 -2.04330 0.81239 0.95343 0.86895 3
-0.11642 -0.34096 2.41577 0.35989 -0.23691 1.06524 -0.35527 1.38205 -0.70370 -0.43475 0.68734 1.92469 0.32971 -0.90792 1.58355 1.53284 3
-0.11036 -0.23037 -0.42394 -0.60740 -1.02200 0.82357 -0.35527 0.88427 1.48696 -0.18025 -0.54394 -0.41082 0.32971 -1.28896 0.39394 0.02525 3
-0.10904 -0.59725 -0.40277 1.79474 1.21613 -1.32238 1.30683 -0.89382 -0.70370 -0.33538 -0.20651 -0.41082 0.32971 0.68785 -0.96090 -1.48234 3
-0.10731 0.38579 2.02051 -0.55904 -0.30448 0.85386 -0.35527 0.78760 0.07744 -0.58599 0.08281 1.75488 0.24999 -0.36458 2.05330 0.32677 3
0.07085 0.14298 0.15124 -0.40028 -0.01677 -0.58714 1.14451 0.05032 0.22663 -0.03371 -0.13460 0.12371 -1.31758 0.84407 0.26293 0.00054 3
-0.07204 0.02790 -0.38717 0.15002 -0.13813 0.06227 -0.33829 -0.20318 1.33537 -0.06976 -0.21024 -0.38221 0.00155 0.75583 0.02073 0.14122 3
-0.07376 -1.01851 -0.41496 0.50343 0.49720 0.02699 -0.35527 -0.46384 -0.22314 -0.37892 -0.35685 -0.40497 0.31336 -0.20687 -0.78331 0.60509 3
-0.11749 0.32803 -0.42394 -0.59604 -0.12794 0.41511 -0.35527 -0.41404 -0.70370 -1.12498 -0.03195 -0.41082 0.32971 0.12266 1.02840 -1.48234 3
0.50442 -0.86810 2.58114 0.01338 0.53599 -0.37808 0.16324 -0.64195 -0.24295 -0.11055 -0.20794 2.46124 0.28145 0.36617 -0.01407 0.05802 3
-0.09852 0.25806 -0.41892 -0.79323 -1.04148 0.94876 -0.35527 1.23218 0.13959 -0.17944 -0.65414 -0.41082 0.30819 -0.72199 -0.11772 1.53284 3
-0.08744 -0.72306 -0.41748 0.86233 1.19945 -0.44136 0.00019 -0.82647 -0.02606 -0.30673 -0.57813 -0.39434 0.27208 0.71556 -0.80934 1.23132 3
-0.02318 -0.65314 1.66237 -0.01112 0.24945 0.40178 -0.08751 0.36883 -0.37362 -0.79759 -0.46880 1.68737 0.29602 -0.26439 0.07208 0.07724 3
-0.10699 -0.12483 1.03883 -0.28953 -0.32218 -0.06067 -0.35527 -0.48966 -0.04355 0.81092 -0.44782 1.27496 0.06022 0.36060 0.23387 -1.48234 3
-0.04335 -0.11918 1.49710 -0.68703 -0.46395 0.62159 -0.05067 0.84047 -0.36721 -0.52517 -0.23820 1.46323 0.27247 -0.49143 0.29216 1.19782 3
-0.00009 0.06688 -0.41205 -0.39009 -0.24533 0.21945 -0.09747 0.12525 0.21218 -0.33503 0.30175 -0.39411 -0.54492 -0.05968 0.02117 0.35299 3
0.01657 -0.70653 0.56698 1.99592 1.49567 -1.32585 0.46113 -1.45157 0.03431 0.28388 0.87150 0.36994 -0.08454 1.61280 -0.44354 0.15986 3
-0.05058 -0.88461 -0.36918 1.14711 0.77926 -0.22564 -0.14998 -0.62997 -0.60243 -0.61836 -0.15148 -0.35909 0.32971 0.27200 -0.43690 0.84757 3
-0.09229 0.05640 -0.42394 0.61543 0.80270 -0.23665 0.46716 -0.16161 -0.09196 -0.43906 -0.60794 -0.41082 0.18923 -0.73246 -0.00963 1.53284 3
-0.09498 -0.45531 -0.42394 1.28629 1.27308 -0.93152 0.41570 -1.15997 -0.39925 0.24048 -0.37592 -0.41082 0.29864 -0.45617 -0.85828 0.43641 3
-0.11472 -0.31606 -0.42394 0.33030 -0.15446 0.92540 -0.35527 1.11221 1.45085 -0.75332 -0.84042 -0.41082 0.10982 -1.47365 -0.60784 -1.48234 3
-0.10913 1.01075 -0.42394 -0.97459 -0.73745 0.71725 -0.35527 0.61256 -0.70370 -0.03397 -0.54874 -0.41082 0.23750 -1.13550 0.95677 0.77905 3
-0.08480 -0.12908 3.33466 0.08190 0.79104 -0.31106 0.59643 -0.08041 -0.45893 -0.06938 -0.30471 3.29491 0.27975 -0.22362 -0.12870 0.40215 3
-0.09358 -1.18112 1.54290 -0.53261 0.07798 0.51929 -0.35527 0.21349 -0.05769 -0.45635 -0.00525 1.29777 0.18137 -0.60190 0.51071 0.58068 3
0.00131 -1.08770 1.33264 0.61710 0.88173 -0.55515 0.33223 -0.62698 -0.10992 -0.33630 -0.39631 1.28525 0.30850 0.51535 -0.50998 -0.56468 3
-0.08349 0.65726 -0.40386 -1.06277 -0.95977 0.78963 -0.35527 0.70644 -0.45038 0.01113 -0.64619 -0.41082 0.21337 -0.77061 0.74524 0.52778 3
-0.10070 -1.05992 -0.42394 0.64963 0.82333 -0.17153 0.76638 0.45537 0.21678 -0.33105 -0.57984 -0.41082 0.30622 -0.57698 0.08400 -0.35165 3
1.37890 -0.07690 -0.27972 -0.05155 -0.10998 -0.25482 0.13434 -0.36480 -0.13070 0.11583 -0.45707 -0.26207 -3.00373 0.62084 -0.15410 0.46350 3
-0.09782 -1.61649 -0.40453 0.93123 1.55668 -0.52296 -0.06307 -1.02264 -0.04467 -0.44287 -0.63364 -0.37475 0.32971 0.56744 -0.65179 0.40215 3
-0.10292 -0.06962 -0.42394 0.31822 -0.09967 0.66345 -0.35527 0.66264 -0.22197 -0.70949 -0.68635 -0.41082 0.32971 -1.18226 0.00812 0.02525 3
0.00254 -0.65999 -0.41647 0.49042 0.56142 -0.71510 0.43613 -0.77159 -0.09968 0.08367 -0.66917 -0.40641 0.29889 0.51031 -0.82178 -0.55459 3
-0.11628 0.45009 -0.42394 -0.70242 -1.67361 1.02964 -0.35527 1.45542 -0.70370 0.20134 0.23664 -0.41082 -0.06264 0.12717 0.47325 -1.48234 3
-0.10084 1.01274 -0.41826 -0.98177 -0.67916 0.48191 -0.35527 0.51954 0.64536 0.27131 -0.32339 -0.39441 0.26087 -0.14161 -0.36362 -0.87930 3
-0.08630 0.57013 -0.25237 -0.20553 -0.54788 0.76626 -0.35527 0.94020 0.82805 -0.33229 -0.75736 -0.27112 0.29063 -1.25845 -0.03564 0.92980 3
0.10486 0.00110 1.52973 0.05240 0.05123 -0.33562 0.63576 0.06648 -0.15521 0.09238 -0.22056 1.45001 0.04050 0.09462 0.18536 -0.21791 3
-0.10801 0.14853 -0.41440 -0.83716 -0.80610 0.82249 -0.35527 0.93268 0.10648 -0.14668 -0.74134 -0.41082 -0.00103 -0.63429 -0.33813 -1.48234 3
-0.06318 -0.26612 -0.41486 0.64836 0.76087 -0.41713 -0.05571 -0.78496 -0.57647 -0.02760 -0.00236 -0.41082 0.28426 -0.35870 -0.69166 -0.47728 3
-0.09826 1.07195 -0.18092 -0.97651 -0.72403 0.47068 -0.35527 0.53827 0.94044 0.78943 0.35580 -0.18590 -0.76096 0.36253 0.42699 1.53284 3
-0.08138 -1.45659 3.73084 -0.44793 0.43631 0.11088 -0.14984 -0.19648 0.18047 0.05705 -0.54922 3.54846 0.17180 1.31179 0.22362 -1.48234 3
-0.09820 -0.35768 -0.40416 -0.54375 -0.50187 -0.05111 -0.35527 -0.26180 1.07546 0.53232 -0.34531 -0.38485 0.25708 0.63377 -0.22204 -0.38591 4
-0.11399 0.34622 -0.42394 0.07581 -0.28710 0.69966 0.16497 1.03502 -0.70370 -0.76131 0.03549 -0.41082 -8.06137 -0.07280 1.42027 -1.48234 4
-0.10304 0.23274 -0.41745 -0.34500 -0.62035 0.27183 -0.35527 0.02456 -0.20607 0.42015 -0.83261 -0.39266 0.30431 -0.25763 -0.17443 -0.47728 4
-0.11552 2.36826 -0.42394 0.58606 -0.33986 0.79916 -0.35527 0.79739 -0.70370 -0.15866 3.71036 -0.41082 0.32971 -1.42926 1.98009 -1.48234 4
-0.10851 0.53163 -0.35377 -0.58923 -0.43857 -0.04876 -0.06669 0.08533 0.09330 0.79981 -0.33362 -0.35267 0.24837 0.08057 -0.52603 0.02525 4
-0.11036 -0.28858 -0.38706 -0.35376 -0.28056 0.77687 -0.35527 0.82219 0.28652 -0.61254 -0.63298 -0.37469 0.27918 -0.87007 -0.70947 0.02525 4
-0.10679 -1.47120 -0.36402 -1.36260 -1.13483 -4.12586 -0.35527 -4.18474 0.95436 2.66471 -0.51582 -0.35033 0.28740 0.61369 -1.09566 0.02525 4
-0.00957 -0.53288 -0.34179 -0.09605 0.15415 -0.33669 0.12791 -0.41173 -0.04576 -0.11488 -0.07408 -0.33881 0.28270 1.09014 -0.55992 -0.04654 4
-0.09797 -0.08132 -0.38482 0.67797 0.30817 0.60182 -0.35527 0.49771 -0.34657 -0.87856 -0.72765 -0.34568 0.32971 -1.09362 -0.00788 -0.97981 4
-0.09513 -1.25529 0.68039 0.03438 0.62517 -1.50473 -0.35527 -2.05203 0.82605 0.98610 -0.64372 0.62160 0.31670 2.50084 -1.05342 -0.19012 4
-0.01870 2.16517 -0.02298 -2.03323 -2.13208 0.32431 1.64331 2.95829 -0.58910 -1.00638 -0.55180 0.00721 0.04904 -1.53189 0.62166 -1.48234 4
0.15049 0.04024 1.46679 -0.48434 -0.32443 -0.41671 -0.31026 -0.79811 0.69130 1.24836 0.19272 1.38629 0.12174 1.23724 -0.10201 -0.21279 4
-0.01499 1.92822 -0.32874 -1.46670 -1.30507 0.62332 -0.30188 1.07412 0.57776 1.82910 -0.64069 -0.26632 -8.64663 2.70335 2.59459 -0.38591 4
-0.10635 1.31717 -0.42394 -1.35601 -1.40515 1.31008 0.01185 2.20526 -0.70370 -0.93171 -0.29813 -0.41082 -0.12765 -1.05849 4.15371 0.92980 4
-0.05984 -0.65746 -0.13265 5.39365 1.77709 -1.51377 0.10662 -1.31523 0.34223 0.44963 1.34153 -0.21657 0.15989 3.16074 -0.82065 -0.67829 4
-0.11730 0.55536 -0.42394 1.14586 0.43755 0.64645 -0.35527 0.55664 -0.70370 -1.12498 -0.51896 -0.41082 0.32971 -1.23960 1.58355 1.53284 4
-0.11296 0.72586 -0.42394 -1.32779 -1.46554 0.26691 -0.35527 0.34265 3.96448 1.29082 -0.41407 -0.41082 0.32971 0.15622 0.58428 -0.47728 4
-0.02617 0.54247 0.18040 -0.57461 -0.53347 0.30033 0.02661 0.63626 0.93659 0.25650 0.44718 0.09253 -2.05824 0.96201 0.93226 0.34831 4
-0.10875 0.92014 -0.42394 -1.01577 -1.13598 0.84015 -0.35527 0.97080 0.12708 -0.26512 -0.84758 -0.41082 0.32971 -1.09940 -0.82211 -1.48234 4
-0.11502 0.82580 -0.36682 -1.23345 -1.52506 0.35535 -0.35527 0.51834 1.52429 0.79668 -0.25672 -0.41082 -0.12505 -0.48814 -0.39913 -1.48234 4
-0.08319 0.75067 -0.42394 -0.37741 -0.70209 0.23153 -0.35527 0.04383 0.16096 0.29201 -0.82981 -0.41082 0.27455 -0.05656 0.04773 0.52778 4
0.07491 0.62552 -0.40834 -0.55259 -0.37522 0.51135 0.14824 0.88312 0.29421 -0.19179 -0.78995 -0.40315 -4.34972 0.93197 1.89765 0.29130 4
-0.08548 0.00802 -0.42394 -0.75880 -1.33008 1.08266 -0.35527 1.19305 -0.11137 -0.30755 -0.51822 -0.41082 0.08790 -0.76438 0.19567 0.47753 4
-0.10080 -0.47782 -0.42394 -0.89943 -0.69992 1.09916 -0.35527 1.47040 -0.70370 -0.54041 -0.49457 -0.41082 -0.01614 -0.85296 0.09884 -0.14226 4
-0.08118 -0.07563 -0.42125 0.68501 0.12998 0.17645 -0.35527 -0.12011 -0.50938 -0.05235 -0.18443 -0.41082 0.29996 0.55439 -0.99742 0.86280 4
-0.07317 -0.44696 -0.42173 -0.29895 -0.09148 -0.09628 -0.25664 -0.34328 0.95928 0.79701 -0.23780 -0.41082 0.29576 0.38712 -0.55854 -0.38591 4
-0.04704 0.19569 1.12634 -1.44858 -1.33851 1.33455 -0.35527 1.87572 -0.44332 -0.72074 -0.64133 1.13747 0.16363 -1.92502 0.95438 0.72106 4
-0.04851 -0.35252 -0.36936 -0.33428 -0.21366 -0.99860 -0.35527 -1.63308 0.33070 1.06489 0.14406 -0.36279 -1.15301 1.68529 -0.61135 -0.40549 4
4.01422 -0.31023 0.06486 -0.32904 -0.30993 -1.40402 0.30701 -1.70512 -0.00836 1.77524 -0.45460 0.03073 0.04240 0.96555 -0.39279 -0.17199 4
0.64047 -0.29232 1.68864 -0.16349 -0.12220 -0.79724 -0.04762 -1.34571 0.03664 1.21581 -0.19790 1.37633 -1.77941 2.79464 -0.41073 -0.46448 4
-0.02142 0.02581 -0.38873 -0.46161 -0.62373 0.11177 -0.30106 0.04273 0.44377 0.59049 -0.80994 -0.37175 0.22821 -0.01852 -0.69524 -0.99991 4
-0.05047 -0.43811 0.83801 0.37438 0.76404 -0.87074 -0.03815 -1.44361 0.34534 0.63032 5.58263 0.81379 -0.13065 1.84993 -0.04756 1.17811 4
0.80095 -0.28344 -0.37614 0.06602 -0.23585 -0.36588 -0.19007 -0.66416 -0.28298 0.28240 -0.69573 -0.36340 0.26147 -0.40021 -0.79639 -0.62697 4
-0.11642 0.33128 -0.42394 -0.35031 -0.40480 -0.10344 -0.35527 -0.28903 -0.70370 1.94968 -0.87486 -0.41082 0.14780 -1.60978 -1.19221 -1.48234 4
-0.07541 -0.91878 5.97582 -0.07717 0.46690 0.43013 -0.35527 -0.01162 -0.32372 -0.17458 -0.64060 6.54069 0.25215 -0.53847 -0.08190 0.60509 4
-0.10552 -0.10277 -0.42394 -1.80525 -1.43366 0.68616 0.12980 0.96109 0.20824 0.76272 0.07860 -0.41082 0.05050 0.17072 2.86576 -1.48234 4
-0.08877 -0.10854 -0.40029 -0.46525 -0.12448 -0.09601 -0.25800 -0.44906 0.61040 1.00585 -0.37331 -0.38205 0.32971 -0.75194 -0.43432 -0.87930 4
-0.07159 0.50972 -0.39181 -1.38204 -1.50710 1.49590 -0.35527 2.25028 -0.70370 -0.80791 -0.91731 -0.38101 0.26718 -2.01533 1.48784 -0.97981 4
-0.11472 0.05741 -0.42394 -1.24791 -1.60124 1.02529 -0.35527 1.65399 -0.70370 0.05483 -0.82888 -0.41082 0.32971 -2.27610 -1.19221 -1.48234 4
-0.09164 -0.36524 -0.39029 0.51599 -0.01886 -0.38429 -0.35527 -0.68019 -0.70370 0.70791 -0.71426 -0.38313 -0.00594 -1.74636 -0.25722 -0.57779 4
-0.11428 6.19322 -0.42394 -1.99278 -2.14403 -8.91987 14.02375 -0.11744 -0.70370 2.85399 -0.04969 -0.41082 0.32971 -1.88332 -0.18284 -1.48234 5
1.21370 0.42417 -0.35931 -1.07668 -1.13413 -2.04548 0.74281 -1.54284 -0.03441 4.17374 -0.59807 -0.35477 -0.22682 0.63582 -0.65875 -0.52671 5
-0.02116 0.45022 -0.33511 -0.80096 -1.04045 0.68736 -0.32824 0.93094 0.24223 0.40291 -0.83689 -0.32612 0.18051 -1.03710 0.12047 -0.55459 5
-0.05644 0.81225 -0.40937 -0.89170 -1.16204 0.68682 -0.27049 0.84489 -0.31131 -0.15479 -0.07170 -0.40127 0.25629 -1.20871 -0.81197 -0.19012 5
-0.07135 0.65122 -0.37492 -1.22151 -1.49320 1.26710 -0.35527 1.89357 -0.31925 -0.32919 -0.83526 -0.36173 0.21200 -1.86111 1.21345 -1.18082 5
-0.03485 0.23385 -0.28933 -0.78358 -1.09047 0.92463 -0.35527 1.26341 -0.19258 0.02121 -0.83173 -0.28403 -1.23516 -1.38604 0.07499 0.32677 5
-0.10802 0.62326 -0.14667 0.07922 -1.12137 -4.62741 7.12673 0.08739 -0.70370 0.18302 5.08566 -0.41082 0.32971 -1.55296 -0.49827 -0.47728 5
-0.10925 0.60662 0.79948 0.39992 -1.04509 1.13399 -0.35527 1.73485 -0.70370 -0.40230 -0.61958 0.50617 0.32971 -1.33183 0.04146 1.53284 5
-0.03808 0.49617 -0.37519 -1.20220 -1.02324 1.28541 -0.35527 1.93630 -0.08480 -0.16415 -0.84506 -0.34760 -4.42634 -0.45883 1.00642 0.17601 5
0.21321 -0.93402 -0.25960 -0.26316 0.21073 -0.78186 0.48668 -0.60500 -0.08141 1.03382 -0.73430 -0.25275 0.24621 0.80236 -0.88705 -0.78653 5
-0.09926 0.50596 -0.39786 -0.05043 -0.64858 -0.50409 -0.34161 -0.82649 -0.00222 0.99263 -0.26835 -0.37243 0.25812 1.19184 -0.83691 -0.72854 5
-0.09907 -0.80169 -0.22253 -0.00275 0.00729 0.22631 0.83415 1.28850 -0.70370 -0.56129 -0.80250 -0.25755 0.28207 -1.72202 0.06950 0.92980 5
-0.07819 0.48455 -0.40899 -0.21811 -0.36013 0.47749 -0.19216 0.06003 -0.47222 0.03301 0.37692 -0.36859 0.05803 2.15517 0.45133 0.52778 5
-0.08448 0.97476 -0.42394 2.21101 -0.49626 -0.27939 -0.12343 -0.16982 0.08768 0.54731 3.59450 -0.41082 -1.06349 1.19479 0.35494 -0.47728 5
-0.09843 -0.37985 -0.41894 -0.23607 -0.41010 -0.09190 -0.00190 -0.10382 0.08848 0.99312 -0.11486 -0.41082 0.28928 0.33384 -0.73502 -0.72854 5
0.10009 0.57932 -0.30708 -1.47868 -1.53801 1.02665 -0.35527 1.57959 0.45645 0.39741 -0.85956 -0.29594 0.13096 -1.56632 0.87668 -0.72854 5
-0.07787 0.18650 -0.41652 0.02278 -0.07242 -0.21625 -0.35527 -1.03121 -0.70370 -0.13569 -0.83253 -0.40428 0.28398 0.27819 -0.95279 -1.48234 5
-0.07385 -0.32908 -0.08634 -0.33149 -0.47638 -0.77193 -0.29637 -1.07185 0.39603 1.69346 -0.53527 -0.09560 0.22549 -0.36372 -0.74897 -0.59552 5
-0.06076 -0.26889 -0.38738 -0.03202 0.14584 -1.52178 -0.35527 -1.93884 0.66818 1.87259 -0.44535 -0.37328 0.27137 0.55659 -0.81274 0.73937 5
0.52962 0.59357 -0.25618 -1.34655 -1.50536 0.85646 -0.32075 1.22908 0.39256 0.37603 -0.74381 -0.24835 0.11574 -0.98424 0.41665 -0.39113 5
-0.09969 -0.05085 -0.41327 0.73485 0.59098 0.28337 -0.35527 0.25061 0.08056 0.09259 -0.52590 -0.39651 0.26968 0.16448 -0.14722 -1.48234 5
-0.09061 0.02683 -0.39513 0.44866 0.02629 0.17114 0.11596 0.31322 -0.06296 0.47766 -0.65872 -0.36407 -0.11168 1.16287 0.52947 0.52778 5
-0.11305 1.33530 -0.40564 0.88125 -0.29790 -1.21996 -0.30737 -1.39820 0.44963 2.45609 0.37265 -0.41082 0.15315 0.93290 -0.65496 -1.48234 5
0.99320 -0.40527 1.09148 -0.49995 -0.48341 -2.40462 1.71929 -1.79992 -0.47926 2.21431 -0.65176 1.00361 0.07452 0.54433 -0.63957 -0.03575 5
-0.05847 0.37698 -0.33185 -1.12616 -1.36822 1.04100 -0.35527 1.39197 -0.41683 -0.30852 -0.85396 -0.32187 0.23456 -1.29711 -0.83405 -1.31483 5
0.09121 -0.09967 -0.40092 -0.45210 -0.34000 0.27845 -0.07916 0.24360 -0.33737 0.37756 -0.78052 -0.38557 0.28194 0.01771 -0.64723 -0.30977 5
-0.08643 0.77043 -0.35815 0.63670 0.29152 -1.37476 0.32526 -1.12307 0.09493 1.69920 1.02193 -0.36712 -0.07782 1.92136 -0.65712 0.17115 5
-0.11593 1.10253 -0.42394 -1.82024 -2.14403 0.70356 -0.35527 0.75274 -0.70370 1.33475 0.02244 -0.41082 0.14780 0.97383 -1.19221 1.53284 5
0.12740 0.20197 -0.19655 -1.15481 -1.33472 1.21633 -0.35527 1.80597 -0.48199 -0.15611 -0.66104 -0.14256 -1.02789 -1.25587 -0.22090 -0.84757 5
-0.10046 0.14709 -0.37944 -0.89957 -1.16238 -0.28142 -0.12231 -0.41605 0.15624 1.32261 -0.35267 -0.36376 -0.10910 0.68172 -0.63706 -1.48234 5
1.57182 0.30518 -0.26780 -0.86023 -0.86374 -0.21991 -0.18178 -0.26108 0.41359 1.67007 -0.66012 -0.25221 -0.52096 0.33208 -0.05283 -0.88657 5
-0.10043 -0.06259 -0.36840 0.79661 0.16066 0.02813 -0.35527 -0.12016 0.48218 0.44335 3.02113 -0.36756 0.26919 -0.99089 -0.56135 0.43641 5
0.02756 -0.08027 -0.38883 -0.21098 0.14255 0.37303 0.25737 1.01456 -0.33778 0.20052 -0.80865 -0.37300 0.12121 -1.37975 -0.31948 -0.40549 5
-0.01805 -0.16494 -0.38391 -0.14647 -0.31982 0.80587 -0.33169 0.95539 -0.45954 -0.45108 -0.57775 -0.38410 -0.07314 -0.42365 -0.31742 -0.13071 5
-0.11016 -0.18345 -0.41194 1.07008 -0.37384 0.64311 -0.35527 0.70065 -0.70370 -0.35631 5.06343 -0.37831 0.32971 0.93422 -0.53909 0.02525 5
-0.07062 0.63982 -0.36727 -0.51742 -1.15525 1.10092 -0.24541 1.75435 -0.70370 -0.09405 -0.87926 -0.36159 -0.04412 -1.76416 0.16182 -0.72854 5
-0.06819 1.86525 -0.35603 -1.26141 -1.30841 -1.76822 -0.34481 -1.64263 1.01741 5.43144 0.97179 -0.34803 -0.20456 0.74681 -0.39514 -1.25040 5
0.13410 0.27826 -0.36900 -0.01690 -0.87534 0.56145 -0.30838 0.89203 -0.39274 0.47355 -0.79558 -0.36657 0.15357 -1.77705 -0.51619 -0.70423 5
0.03134 0.49658 -0.39508 -0.93932 -1.24686 1.41669 -0.35527 2.20883 -0.51159 -0.47329 -0.71893 -0.39447 0.21208 -2.06665 0.43704 -0.92397 5
-0.10629 0.84691 -0.37468 -0.23513 -0.76306 0.34594 -0.07592 0.58800 -0.05231 0.22338 0.18439 -0.38705 0.16352 -1.41335 -0.49827 0.67136 5
