-0.11833 7.27774 -0.42394 -0.26153 6.67638 -1.72161 -0.35527 -1.33079 -0.70370 5.63927 1.65389 -0.41082 0.32971 1.98836 -1.19221 -1.48234 1
-0.11563 -0.26160 -0.42394 1.84685 2.04785 -0.94436 -0.35527 -1.62337 1.38209 -0.40538 1.12326 -0.41082 0.32971 -0.01279 -0.72958 1.03031 1
-0.09815 0.52032 -0.42394 -0.79695 -0.83342 1.25582 -0.35527 1.38393 -0.17946 -0.85369 1.11720 -0.41082 -7.74899 1.77074 1.76861 0.92980 1
-0.11678 -1.06728 -0.42394 -0.00133 0.88799 -0.18714 -0.35527 -0.64810 7.63944 0.31422 -0.13569 -0.41082 0.32971 -1.41501 -1.19221 1.53284 1
-0.11628 1.29226 -0.42394 0.38193 -0.90172 0.35390 -0.35527 0.00614 -0.70370 -0.56129 -0.05711 -0.41082 0.32971 -1.16225 -1.19221 -1.48234 1
-0.11784 1.91932 -0.42394 1.20517 1.21613 -0.58811 -0.35527 -1.33079 -0.70370 0.56608 1.40413 -0.41082 0.32971 0.76430 1.58355 -1.48234 1
-0.11490 0.03251 -0.42394 1.27722 1.55485 -0.43306 -0.35527 -1.24511 -0.70370 -0.49281 0.38015 -0.41082 0.32971 0.15227 0.25602 0.77905 1
-0.11663 1.55127 -0.42394 -0.95200 -0.64905 0.87546 -0.35527 0.96109 -0.70370 -0.37340 0.67304 -0.41082 0.32971 1.25177 2.50881 1.53284 1
-0.11139 -0.27721 -0.42394 0.99751 0.48787 -0.31683 -0.35527 -1.03725 0.26213 -0.45855 -0.31394 -0.41082 0.23114 -1.19060 0.39394 -0.47728 1
-0.09366 -0.33467 -0.41586 0.65492 1.11524 -0.16827 0.21607 -0.24137 -0.41062 -0.72054 0.59993 -0.41082 0.28484 1.01306 -0.54291 1.17811 1
-0.11675 1.35293 -0.31164 0.38547 1.00612 0.91440 -0.35527 1.10434 -0.70370 -1.12498 0.44718 -0.26181 0.32971 -0.70499 -1.19221 1.53284 1
-0.11828 -0.36732 -0.42394 -2.03701 -2.14403 1.87433 -0.35527 3.25298 -0.70370 -1.12498 3.15240 -0.41082 0.32971 -1.44690 -1.19221 -1.48234 1
-0.11765 1.35293 -0.42394 -1.40506 -2.14403 1.23437 -0.35527 1.75827 -0.70370 -1.12498 0.35517 -0.41082 -0.10528 -0.34130 -1.19221 -1.48234 1
-0.11786 0.20679 -0.42394 2.10578 2.45793 -0.36314 -0.35527 -1.11252 -0.70370 -1.12498 0.46706 -0.41082 0.32971 -0.48503 -1.19221 -1.48234 1
-0.10954 -0.58204 -0.42394 1.58880 1.57275 -1.05457 1.10689 -0.82255 -0.70370 -0.70045 -0.28093 -0.41082 0.28785 -0.52521 -0.99742 1.53284 1
-0.10978 -0.66795 3.68716 0.05233 0.40850 0.26021 -0.35527 -0.29276 0.17551 -0.66999 0.04298 3.69465 0.19511 -0.88423 -0.45200 1.53284 1
-0.11502 -1.33772 -0.42394 0.37366 0.16285 -0.13289 -0.35527 -0.68620 -0.70370 -0.06807 -0.31724 -0.41082 0.32971 -0.26688 -0.49827 -1.48234 1
-0.11349 -0.52802 -0.42394 0.98610 1.12646 -0.27999 -0.35527 -0.76526 -0.70370 -0.46612 -0.10490 -0.41082 0.32971 0.77885 -1.19221 1.53284 1
-0.11136 -0.00839 -0.32588 0.48545 0.08807 -0.38739 -0.35527 -0.60410 3.12194 0.52484 0.77778 -0.37593 0.32971 0.89706 -0.53909 0.59060 1
-0.11672 1.86249 -0.42394 1.89864 1.38413 -0.11842 -0.35527 -0.71374 -0.70370 -0.47457 0.60492 -0.41082 0.32971 -0.02541 0.19567 0.02525 1
-0.11812 1.67576 -0.42394 1.07008 0.56994 -3.51957 -0.35527 -3.62267 12.36723 1.12977 0.06722 -0.41082 0.32971 -0.95914 -1.19221 -1.48234 1
-0.11452 -0.68764 1.10129 0.02656 0.81667 0.35454 -0.35527 -0.00612 -0.70370 -0.81469 0.09857 1.29528 0.32971 0.49236 0.26872 -1.48234 1
-0.11092 0.49287 -0.41074 1.25576 0.58610 -0.53251 -0.35527 -1.15064 0.15248 -0.23883 0.53572 -0.41082 0.28602 0.32910 -0.79567 1.53284 1
-0.10887 -1.48844 4.08007 -0.06642 0.40409 0.53079 -0.35527 0.13211 -0.70370 -0.69322 -0.00640 3.91112 0.32971 0.21150 0.41952 0.92980 1
-0.11063 -0.91987 -0.41123 2.32842 2.49829 -0.83125 -0.35527 -1.66447 -0.70370 -1.12498 0.18384 -0.41082 0.32971 -0.23627 -0.71974 0.32677 1
-0.11677 -1.72374 -0.42394 1.46842 2.06870 -1.24522 -0.35527 -2.68136 -0.70370 -1.12498 1.44094 -0.41082 0.32971 0.86613 0.39394 1.53284 1
-0.11712 0.55536 -0.42394 0.21067 1.60934 0.13374 -0.35527 -0.27300 -0.70370 -0.25777 1.93782 -0.41082 0.07318 -0.18128 1.02840 0.77905 1
-0.11455 0.01859 -0.42394 0.79836 -0.06864 0.77367 -0.35527 0.73190 -0.70370 -0.78677 0.39666 -0.41082 0.22966 -0.31553 1.37003 0.02525 1
-0.11812 3.91655 3.12570 -0.26153 1.06339 0.07636 -0.35527 -0.56683 -0.70370 -1.12498 0.30522 3.76147 0.32971 0.38919 -1.19221 1.53284 1
-0.10943 -1.48376 -0.42394 2.25077 2.07104 -1.14626 1.03203 -0.82049 -0.70370 -0.46441 0.34118 -0.41082 0.21246 -0.48503 -0.79567 1.53284 1
-0.11666 0.30237 -0.42394 0.56893 0.65610 0.45335 -0.35527 0.14938 -0.70370 -0.42037 0.96850 -0.41082 0.32971 -0.31864 -1.19221 -1.48234 1
-0.11309 0.07475 -0.42394 0.52482 0.81200 0.43696 -0.35527 0.24982 -0.70370 -0.42523 -0.43437 -0.41082 0.32971 -0.92798 -0.53909 -1.48234 1
-0.10206 -1.40894 -0.35683 1.49924 1.75370 -0.17694 0.13974 -0.44693 -0.70370 -0.97331 0.51232 -0.37874 0.19511 0.11367 0.53493 0.32677 1
-0.11085 0.46255 -0.42394 -0.61523 -0.48372 0.75725 -0.35527 0.71332 1.41591 -0.75934 0.00047 -0.41082 -0.10293 0.95300 1.02840 -1.48234 1
-0.10927 -1.26735 -0.41310 2.35665 2.71884 -1.56565 1.54631 -1.20346 0.07434 -0.99077 0.57140 -0.41082 0.21060 0.49790 -0.87945 0.02525 1
-0.01202 2.29671 0.34375 -2.02461 -2.09313 -0.14887 2.25691 2.85414 -0.58184 -0.85172 0.30019 0.44713 -0.11799 -0.99517 1.39874 -1.48234 1
-0.09818 -1.42142 -0.40912 1.00289 0.77664 -0.18107 -0.35527 -0.77797 -0.37529 -0.72842 0.08442 -0.39884 0.26267 0.50869 -0.46652 0.74627 1
-0.07854 -0.29589 -0.40886 0.30244 0.82786 -0.01712 -0.01963 -0.15359 -0.15036 -0.32956 -0.46017 -0.41082 0.28265 0.77357 -0.25539 0.27652 1
-0.10763 -0.77540 -0.31336 0.57312 0.29854 0.54398 -0.35527 0.45704 -0.02994 -0.66008 -0.40802 -0.33708 0.29533 0.09190 -0.57537 1.53284 1
-0.11566 -0.27020 -0.42394 -0.20546 -0.55636 0.48327 -0.35527 0.22896 -0.70370 -0.18550 0.10785 -0.41082 0.19075 -0.72894 0.82653 1.53284 1
-0.11657 1.27931 -0.01619 -0.50737 0.41673 1.09982 -0.35527 0.96109 -0.70370 -1.12498 1.77219 -0.23200 0.32971 0.08057 3.43406 -1.48234 2
-0.10377 -0.42801 5.93647 -0.47868 0.00563 0.56789 -0.35527 0.17761 1.80192 -0.26054 -0.63926 6.26180 0.32971 0.85052 0.65830 1.53284 2
-0.11033 -0.98130 2.78495 -0.15323 0.52882 0.61808 -0.35527 0.19713 -0.70370 -0.77810 -0.32757 2.96369 0.32971 0.62414 0.27928 -1.48234 2
-0.11458 -0.94709 -0.42394 0.62961 0.81667 -0.53674 0.84068 -0.60704 -0.70370 -1.12498 -0.06375 -0.41082 0.32971 -1.43126 -1.19221 0.02525 2
-0.11584 0.37912 -0.42394 -0.57074 -0.77197 0.81373 -0.35527 0.81081 2.51046 -0.57053 -0.46248 -0.41082 0.32971 -0.78354 0.65830 -1.48234 2
-0.11470 -0.37461 -0.39775 0.41919 1.14717 -0.46374 -0.35527 -1.24894 -0.70370 -0.21905 0.13664 -0.34696 0.24038 -0.29379 -0.26695 1.53284 2
-0.11271 -2.05890 -0.42394 1.26427 2.18742 -0.58383 -0.26495 -1.43801 -0.70370 -0.53162 -0.47286 -0.41082 0.32971 0.38919 -0.88802 1.53284 2
-0.03824 -0.42313 -0.42144 1.09945 1.10163 -0.76178 0.23807 -1.08454 -0.09182 -0.19011 -0.40753 -0.40763 0.30294 -0.14121 -0.82133 -0.21791 2
-0.11215 -0.59963 1.00828 0.50180 0.66601 0.14042 -0.35527 -0.38707 -0.70370 -0.32919 0.37265 0.68309 0.27086 -0.44771 0.95677 1.53284 2
-0.11038 -0.96071 -0.20226 0.48100 0.42734 0.04962 -0.35527 -0.48269 0.16002 -0.67800 -0.03991 -0.19026 0.32971 0.69139 -0.11772 1.53284 2
-0.11353 -0.49034 -0.42394 -0.34224 -0.23962 -0.29958 -0.35527 -0.97319 2.07735 -0.16551 0.23075 -0.41082 -0.45081 1.66133 -0.26695 1.53284 2
-0.11309 -0.88649 -0.42394 -0.34066 0.64610 0.26167 -0.35527 -0.20170 -0.70370 0.11845 -0.04969 -0.41082 0.32971 -1.14686 -1.19221 -1.48234 2
-0.11608 0.36171 -0.42394 -0.65608 -0.42297 1.17512 -0.35527 1.41128 -0.70370 -1.12498 0.95106 -0.41082 0.32971 -1.33011 -0.08190 -1.48234 2
-0.11195 0.33851 -0.42394 0.13938 0.18135 0.22136 -0.35527 0.13347 -0.70370 0.37819 1.00887 -0.41082 -0.11495 1.19573 -0.67579 1.15594 2
-0.11455 -0.81638 -0.42394 -0.47756 0.07649 0.58225 -0.35527 0.47494 1.27674 -0.78335 -0.17733 -0.41082 0.12759 -0.90678 0.08891 1.53284 2
-0.10837 -1.78577 -0.41405 0.80111 2.80457 -0.88703 -0.17409 -1.53143 1.93689 -0.44172 -0.50398 -0.38673 0.29602 0.11673 -0.50441 0.77905 2
-0.10590 -0.78158 1.38170 0.38003 1.25144 0.21234 -0.35527 -0.31144 -0.70370 -0.92834 0.51472 1.37731 0.30062 0.16923 -0.43763 0.32677 2
-0.10969 -0.44012 -0.40121 -0.50212 -0.37995 0.25523 -0.35527 0.17191 0.22114 0.94897 0.35938 -0.34334 0.18813 0.06164 0.59861 0.32677 2
-0.08947 -0.30468 -0.30976 0.88998 1.29680 -0.32736 0.78572 0.31884 0.41189 -0.40333 -0.30106 -0.29890 0.32971 0.40386 -0.05515 1.06897 2
-0.09615 -0.73138 -0.42394 0.78570 1.23823 -0.24179 0.19730 -0.36579 -0.38123 -0.73559 -0.32607 -0.41082 0.29680 0.07162 -0.53044 1.53284 2
-0.09550 -0.51928 -0.41085 0.38644 0.87949 -0.04090 -0.28673 -0.50003 -0.08027 -0.26466 -0.38707 -0.39945 0.28199 -1.03966 -0.54752 -0.47728 2
-0.11514 0.27526 -0.42394 -0.70540 -0.59659 1.31246 -0.35527 1.74516 -0.70370 -1.12498 -0.46069 -0.41082 0.32971 -1.53904 -0.18284 1.53284 2
-0.05147 0.51275 -0.04150 -0.36321 -0.08129 0.45850 -0.03733 0.37242 -0.30082 -0.31420 1.12751 0.04969 -3.26104 1.36477 0.78883 1.03855 2
-0.11233 -0.78692 -0.37534 0.09009 0.23986 0.67422 -0.35527 0.49423 -0.70370 -1.12498 -0.39237 -0.36667 0.32971 -0.81785 0.26872 1.53284 2
-0.09826 -1.32315 -0.40906 1.13520 2.31334 -1.40400 1.28021 -1.19769 -0.34786 -0.81807 0.33240 -0.37187 0.32971 0.44291 -0.51243 -0.47728 2
-0.11669 2.61248 -0.42394 -1.52765 -0.81265 -0.49840 -0.35527 -1.52178 -0.70370 0.98885 1.53128 -0.41082 0.12128 2.69910 0.65830 -1.48234 2
-0.10198 -1.32806 -0.41787 2.14375 2.93745 -1.41343 2.61706 0.21008 -0.14984 -0.83836 -0.26080 -0.41082 0.30144 -0.47807 -0.39913 -0.27627 2
-0.11385 -0.10455 -0.42394 0.01427 -0.93876 0.85606 -0.35527 1.26415 -0.70370 -0.00692 -0.52716 -0.41082 0.32971 -1.45986 -0.13478 0.77905 2
-0.11655 0.43562 -0.42394 0.90405 -0.54032 0.81751 -0.35527 0.81480 -0.70370 -0.40538 -0.47701 -0.41082 0.32971 -0.18652 -1.19221 -1.48234 2
-0.11174 0.13521 -0.40915 0.90363 0.08025 -0.06411 -0.35527 -0.60641 -0.70370 -0.42402 0.67667 -0.41082 0.32971 1.45530 0.04146 0.24062 2
-0.10363 -1.16973 -0.35647 0.32969 0.38071 -0.02251 -0.23166 -0.31347 0.79680 -0.00336 -0.62898 -0.37432 0.30418 -0.20108 -0.96790 0.02525 2
-0.09067 0.60662 0.61904 -0.78470 -0.38959 0.57188 0.28700 1.06221 0.01713 -0.44109 0.85578 0.75935 -2.26344 0.23342 2.02183 -1.48234 2
-0.11047 0.55536 -0.41149 -0.56523 -0.08814 0.57317 -0.35527 0.44542 0.27662 -0.61766 -0.55128 -0.37505 0.27968 -0.75525 -0.65060 0.77905 2
-0.11554 1.66444 -0.42394 0.22269 -0.22655 -0.09617 -0.35527 -0.28388 4.13739 0.54520 0.08533 -0.41082 0.32971 0.31966 0.04146 -1.48234 2
0.04113 -0.46768 0.84796 0.35460 0.95776 -1.00228 1.41216 -0.37423 0.12446 -0.24105 0.45381 0.76742 0.16331 -0.05483 -0.12006 0.63086 2
-0.11543 0.17279 -0.42394 -0.52136 -1.30399 1.01481 -0.35527 1.18652 -0.70370 -0.01609 0.05112 -0.41082 0.16570 -0.65375 2.50881 1.53284 2
-0.10588 -0.38502 -0.42394 0.15360 0.41030 -0.08748 -0.35527 -0.86066 -0.70370 -0.73955 0.52626 -0.41082 0.32971 0.64875 -0.17358 0.52778 2
-0.10108 -0.83588 -0.42394 0.29736 0.44855 -0.41300 -0.35527 -1.18142 0.09493 0.11490 -0.20272 -0.41082 0.22783 0.89455 -0.29451 1.53284 2
-0.11385 0.09850 -0.40250 -1.71524 -1.70024 1.54848 -0.35527 2.44598 2.05776 -0.64862 0.69277 -0.31008 0.04788 1.41241 4.01235 -1.48234 2
0.08433 -1.23338 3.33032 -0.22725 0.34663 0.19610 0.09111 0.03393 -0.08533 -0.61297 -0.24567 3.21656 0.27501 0.57255 0.39952 0.07236 2
-0.09662 -1.33473 0.25976 0.84630 0.93057 -0.49640 1.25396 0.34301 0.06821 -0.59236 0.15691 0.26501 0.32971 1.09627 0.02555 1.13082 3
-0.08956 -0.73465 -0.42394 1.09449 0.60541 -0.22880 0.14435 -0.25209 -0.70370 -0.40717 -0.61586 -0.41082 0.30473 -0.59497 -0.61123 0.02525 3
-0.10878 0.38460 -0.42394 -0.47139 -1.11272 1.20883 -0.35527 1.76059 0.20824 -0.33844 -0.31412 -0.41082 0.23664 -0.64261 1.76861 0.02525 3
-0.09302 0.13546 -0.42000 -0.49918 -0.61094 0.42183 -0.35527 0.42327 2.30341 -0.19126 -0.51062 -0.41082 0.31436 -0.36450 -0.33813 0.16230 3
-0.04350 -0.35537 -0.41456 0.85447 0.92541 -0.60311 0.27621 -0.68235 0.06142 0.01339 -0.56682 -0.40384 0.31019 -0.02931 -0.55720 -0.11180 3
-0.10678 -0.55781 -0.42394 1.45897 2.23430 -1.16250 1.23341 -0.71663 0.57776 -0.35129 -0.22619 -0.41082 0.32971 0.21893 -0.53909 -0.27627 3
-0.10319 -0.20487 -0.42394 -0.38973 -0.57966 0.60455 -0.35527 0.49771 -0.16801 -0.01609 -0.43982 -0.41082 0.30237 0.70139 0.43435 0.92980 3
-0.04924 -0.38955 -0.41959 0.36971 0.34172 0.05745 -0.29829 -0.37718 -0.49208 -0.13936 -0.48276 -0.41082 0.28651 -0.22667 -0.46265 0.25719 3
-0.07570 -0.74529 0.01043 0.08136 0.31506 0.42933 -0.35527 0.22994 -0.53187 -0.50250 -0.63195 0.06560 0.28587 0.32618 -0.26226 1.53284 3
-0.09448 -0.50354 -0.28599 0.51923 0.56673 -0.11081 -0.31151 -0.39477 0.17947 -0.00776 -0.18052 -0.26046 0.17949 0.30992 -0.38103 0.77905 3
-0.11286 0.13596 -0.42394 1.08669 -0.21457 0.86477 -0.35527 0.97627 -0.70370 -1.12498 0.97253 -0.41082 0.32971 0.95001 0.28820 0.02525 3
-0.08745 -0.60880 -0.39806 0.08091 0.79076 -0.03075 -0.35527 -0.43466 0.20086 -0.26677 -0.39446 -0.36957 0.32971 -0.38435 -0.59096 0.67136 3
-0.11340 -0.13869 -0.42394 -0.53388 -0.84838 0.50066 -0.35527 0.52454 -0.70370 0.48555 0.41384 -0.41082 0.17090 -0.97387 0.19567 1.53284 3
-0.10248 -0.36383 -0.40516 0.13619 0.06107 0.53010 -0.35527 0.43692 0.25039 -0.38437 -0.54313 -0.41082 0.30536 -0.69412 -0.95597 0.32677 3
-0.09129 -0.10003 -0.42025 0.09554 -0.21958 0.43696 -0.35527 0.41665 -0.42480 -0.16278 -0.65706 -0.41082 0.30124 -1.32925 -0.20087 1.53284 3
0.24006 -0.88159 -0.25845 0.45582 0.68003 -0.13699 -0.14531 -0.44124 -0.37460 -0.47714 -0.27850 -0.23991 0.31291 -0.08216 -0.56290 0.23798 3
-0.11737 1.16648 -0.42394 -0.74575 -0.71369 0.40326 -0.35527 -0.18485 -0.70370 -1.12498 1.13517 -0.41082 0.32971 4.22994 -1.19221 -1.48234 3
-0.05929 -0.97582 1.78982 0.15379 0.80434 0.19751 -0.03537 0.05697 -0.44017 -0.42037 -0.25818 1.68013 0.28936 0.10574 -0.10898 0.14122 3
-0.07843 0.18727 -0.20826 -0.27296 -0.09550 0.08317 0.00573 0.01626 0.51788 0.13937 -0.49844 -0.12858 0.32971 0.10440 0.00350 -0.14226 3
-0.11277 -0.51786 -0.40651 -0.66335 -0.49292 0.68199 -0.35527 0.87294 2.31267 -0.08433 -0.97138 -0.35580 0.25275 -1.13674 1.02840 -1.48234 3
-0.11282 -0.40158 -0.42394 -0.75132 -0.46815 1.37357 -0.35527 1.40468 -0.70370 -1.12498 -0.84469 -0.41082 -0.42334 -1.09777 5.46962 -1.48234 3
-0.08209 -0.32658 -0.35771 -0.08036 0.17933 0.32797 -0.34805 0.05614 0.34815 -0.43549 -0.24590 -0.35710 0.29750 0.23105 0.21639 0.02525 3
-0.06099 -0.94658 -0.28237 0.46112 0.80319 -0.15746 0.12961 -0.18918 0.03709 -0.61383 -0.45793 -0.26218 0.31081 -0.02800 -0.59837 -0.05410 3
-0.11206 -0.28953 0.87953 -0.37796 -1.04638 1.37325 -0.35527 1.87134 -0.70370 -1.12498 -0.41824 0.70518 0.25875 -0.64516 -0.26695 1.53284 3
-0.06755 -0.37391 -0.25035 -0.59770 -0.25996 0.54044 -0.09198 0.58663 0.13491 -0.48848 -0.16456 -0.22114 0.15854 0.31185 -0.04265 -0.41816 3
-0.10558 0.22475 -0.41618 -0.59625 -0.44468 0.69533 -0.35527 0.68636 0.53329 -0.48483 -0.72684 -0.38825 0.32971 -0.61517 -0.80934 1.53284 3
-0.08821 0.80658 0.66712 0.63776 0.65553 -1.09889 1.05946 -0.71207 0.29029 -0.05333 0.93361 0.31440 0.27899 1.38052 -0.34957 -0.14226 3
-0.11419 0.82863 1.60772 0.08490 0.73355 0.82186 -0.35527 0.78974 -0.70370 -0.80889 -0.23655 1.52771 0.32971 -0.87284 -0.18284 -1.48234 3
0.00855 -1.07840 2.41893 -0.08339 0.65743 -0.23332 0.33656 -0.26192 -0.27238 -0.32781 -0.49041 2.25282 0.30770 0.19457 0.14370 0.42198 3
-0.09190 -1.16960 1.62993 0.13707 1.17042 -0.50657 0.40557 -0.55584 0.42473 -0.58968 0.18538 1.57542 0.32971 0.25509 -0.26695 0.60509 3
-0.11256 0.71460 -0.39031 -0.52290 0.66041 0.24520 -0.35527 0.19239 0.51410 0.13544 -0.49136 -0.36639 0.32971 -0.79227 0.14016 1.53284 3
-0.10732 1.59540 -0.41498 -0.43932 -0.61005 0.17125 -0.35527 0.29828 1.34576 0.64268 0.33332 -0.41082 0.19027 -0.38819 0.60829 -1.48234 3
-0.11236 -2.56633 0.94358 0.92503 3.06146 -1.74369 2.07335 -0.81327 0.56123 -0.25217 -0.21045 0.78896 0.26516 0.53343 -0.69506 -1.48234 3
0.01262 0.49726 -0.26750 0.02000 0.39469 -1.24298 0.95736 -1.07659 0.28476 0.54000 -0.55495 -0.39809 0.27037 0.27166 -0.55654 0.22626 3
-0.10922 -0.41541 -0.39157 -0.68082 -0.52064 -0.17547 -0.35527 -0.33391 1.68732 1.34974 -0.56959 -0.38174 0.24837 0.37478 -0.31565 -1.48234 3
-0.11496 -0.37514 -0.42394 -0.56246 -1.72065 0.48776 -0.35527 0.52454 -0.70370 0.48555 0.13664 -0.41082 0.32971 -0.87683 -0.70947 -1.48234 3
-0.11611 1.33964 -0.42394 -1.72630 -2.14403 1.63834 -0.35527 2.29803 -0.70370 -1.12498 -0.09938 -0.41082 0.32971 2.38815 1.98009 -1.48234 3
-0.11803 6.09143 -0.42394 -0.57485 -0.54032 -0.34669 -0.35527 -1.15449 -0.70370 1.47666 -1.04345 -0.41082 0.32971 -1.70204 -1.19221 -1.48234 3
0.13181 -1.30606 1.02694 1.18331 1.30993 -2.08052 1.40293 -1.74846 0.23119 1.19327 0.19469 0.86386 0.09714 1.30264 -0.32731 0.12804 3
-0.07223 -0.21067 -0.35662 0.31342 0.36979 -1.12877 1.41807 -0.52273 -0.52957 -0.04366 -0.26634 -0.39811 0.24085 0.20542 -0.19150 -0.72854 3
-0.09791 0.03597 -0.37519 -0.52805 -0.20907 0.60556 -0.35527 0.50951 0.54247 0.30812 -0.49698 -0.36536 0.28731 -0.51840 0.34988 1.03031 4
0.18254 -0.68553 -0.17772 -0.10944 0.28919 -0.56883 0.14836 -0.71185 0.09126 0.46656 -0.50117 -0.18760 0.26087 0.69346 -0.70824 -0.54907 4
-0.11690 -1.47795 1.78472 0.26454 0.45871 0.35937 -0.35527 -0.10100 -0.70370 -0.30007 -0.20428 1.50815 0.32971 -0.94938 0.19567 -1.48234 4
0.05907 0.06468 0.67982 -0.43832 -0.50071 -0.66757 1.62637 0.67647 -0.31098 -0.18503 -0.64933 0.75500 0.30466 -0.45874 -0.45653 -0.02043 4
-0.10121 -0.46104 -0.38913 -0.15426 -0.11301 0.35345 -0.35527 -0.01362 -0.70370 -0.19198 0.20023 -0.39437 0.30671 -0.17579 -0.15937 0.52778 4
-0.08725 0.60863 -0.42394 -0.42090 -0.59810 -0.07979 -0.35527 -0.36084 0.67542 0.54031 3.85270 -0.41082 0.22415 -0.06085 -0.15592 0.81494 4
0.12214 -0.47557 1.66951 -0.63692 -0.32733 -3.80570 3.31008 -2.04908 -0.25573 4.49043 -0.21382 1.60746 0.26113 1.06259 -0.39171 -0.51317 4
-0.07543 0.11351 -0.42394 -0.29967 -0.42828 0.57587 -0.35527 0.37702 0.24623 -0.37121 -0.71669 -0.41082 0.32001 -0.61460 -0.45490 0.32677 4
-0.11288 0.76562 -0.42394 -0.83749 -0.80179 1.06452 -0.35527 1.51115 0.86481 -0.31327 -0.89477 -0.41082 0.24967 -1.27714 -0.26695 -1.48234 4
-0.10819 0.50936 -0.42394 -1.25341 -1.26715 1.04389 -0.35527 1.40950 0.14875 -0.38974 -0.61254 -0.41082 0.32971 -0.60394 0.49739 -1.48234 4
-0.00520 -0.12954 -0.06451 -0.07604 -0.10646 0.02001 -0.27165 -0.13954 0.29021 0.60095 -0.69914 -0.07966 0.24180 -0.17893 -0.33382 0.17601 4
-0.09513 -1.25529 0.68039 0.03438 0.62517 -1.50473 -0.35527 -2.05203 0.82605 0.98610 -0.64372 0.62160 0.31670 2.50084 -1.05342 -0.19012 4
-0.10239 0.02465 -0.38658 1.10512 0.93510 -0.51508 -0.33897 -1.11694 0.09170 -0.43895 0.91450 -0.39631 0.22824 0.05153 -0.78846 0.27652 4
-0.11044 0.73160 -0.42394 -0.73366 -1.07489 0.83730 -0.35527 0.96109 -0.70370 0.15474 -0.29195 -0.41082 0.27563 -0.01127 -0.60784 1.53284 4
-0.10987 -0.62586 -0.42394 0.03075 -0.47763 0.30937 -0.35527 0.20680 0.12358 -0.41145 -0.62471 -0.41082 0.32971 -0.83169 -0.76517 -1.48234 4
5.86297 -0.17168 4.02002 -0.63551 -0.08479 -1.60760 0.55273 -1.82479 -0.05918 2.03018 0.35142 3.84724 0.17920 1.29090 -0.18220 0.02782 4
-0.09913 -0.14368 -0.42394 -0.12271 -0.37467 0.55572 -0.35527 0.22374 -0.30192 -0.84776 -0.61852 -0.41082 0.06319 -1.29761 -0.14475 0.02525 4
0.15699 0.09214 -0.26879 -1.16326 -0.98283 0.41535 -0.09826 0.52838 0.33903 0.14471 -0.40847 -0.27992 0.15130 -0.00372 0.49702 -0.68043 4
-0.09987 -0.56686 -0.40778 0.43856 0.45257 -0.45865 -0.35527 -0.91986 -0.34129 0.50044 -0.56313 -0.37115 0.31121 0.52572 -0.71208 0.52778 4
-0.05015 -0.06788 -0.41218 -0.55830 -0.20068 0.54451 -0.00883 0.81803 0.16165 -0.31464 -0.66079 -0.41082 0.31078 -0.93524 -0.19064 0.52778 4
0.06416 -0.50946 0.74435 0.08516 0.63963 -0.25171 0.16922 -0.35907 -0.20963 -0.21588 -0.29674 0.70366 0.23516 0.43712 -0.23770 0.08250 4
-0.03526 1.67045 -0.40945 -0.91560 -1.17475 1.14708 -0.28257 1.79930 0.31444 -0.07120 -0.69929 -0.41082 -5.83049 1.62334 3.89216 0.52778 4
-0.05381 0.31993 -0.41617 -0.76328 -1.03537 0.92685 -0.18039 1.07481 0.04464 -0.66026 -0.34290 -0.40536 -0.17435 -0.24031 0.51864 -0.23468 4
-0.10506 -0.32784 4.98579 -0.76338 -0.71471 -4.16344 -0.35527 -4.48369 -0.34786 1.94410 -0.36003 5.41762 0.32971 3.60369 -1.10338 1.53284 4
-0.06284 0.14067 -0.41491 -0.91578 -0.63571 -0.21816 0.26862 0.00540 1.41591 0.91213 -0.85763 -0.40529 0.16747 0.37345 -0.51147 1.53284 4
-0.04816 1.73279 -0.35820 -1.14161 -1.05793 -4.18237 3.29925 -2.55763 0.25917 5.14513 0.09779 -0.35813 -0.11249 1.65869 -0.74162 -0.14226 4
-0.06093 11.33891 0.27619 -2.02719 -2.05479 -7.72667 12.77745 2.76772 -0.70370 -0.46398 -0.63170 0.42791 -0.51760 2.88509 -0.75103 -1.48234 4
-0.11507 -1.97898 -0.42394 -0.13748 0.11081 1.15985 -0.35527 1.15477 -0.70370 -1.12498 0.22298 -0.41082 0.04788 -0.09187 2.22411 1.53284 4
-0.07686 -0.07297 -0.41429 -1.33096 -1.57577 0.87058 -0.35527 1.19455 0.58478 0.43087 -0.64720 -0.39515 0.24204 -0.60813 0.16045 0.32677 4
-0.09445 -0.00801 -0.31956 -0.19664 -0.01940 0.16926 0.67187 0.78993 -0.70370 -0.94016 -0.79236 -0.38476 0.27504 -0.14576 -0.05343 -1.48234 4
-0.09597 0.50262 1.05543 -0.84182 -0.51237 0.30005 0.30946 0.70065 -0.25810 0.64295 -0.45969 1.11722 -2.14874 -0.81218 1.33121 1.10210 4
-0.00856 1.22435 0.66438 -2.00957 -2.07282 0.88240 0.91092 3.01450 -0.70370 -1.06941 -0.78693 0.74862 -0.05383 -1.43321 1.35170 -1.48234 4
-0.05545 0.44968 -0.42394 -1.03222 -1.11526 0.73870 -0.35527 0.84945 -0.04043 0.08783 -0.52433 -0.41082 0.28909 -0.04776 -0.40798 -0.87930 4
-0.09591 -0.27573 -0.39728 0.78875 0.68749 -0.87749 -0.25059 -1.20627 0.73582 1.10990 -0.68342 -0.38981 0.25625 0.31691 -0.96745 -1.48234 4
-0.09847 0.62655 -0.40389 -1.18150 -1.20569 0.05596 -0.35527 -0.06859 0.51410 1.67595 -0.10995 -0.39601 0.12257 0.38322 -0.77659 -1.48234 4
-0.10392 0.63680 -0.42394 -0.72061 -1.22332 0.92027 -0.35527 1.30520 -0.70370 0.02475 -0.70812 -0.41082 -0.01040 -0.76723 -0.26695 -0.27627 4
-0.09390 -0.53673 -0.36270 0.20668 0.86385 -0.72348 1.05511 -0.10653 2.11737 0.57825 -0.09632 -0.39795 0.22174 -0.11455 0.10925 -0.19012 4
-0.08838 0.07382 -0.41394 -0.31068 -0.30070 0.10079 -0.21563 0.32717 0.07848 1.25870 -0.71623 -0.41082 0.30310 -0.55171 -0.55635 -0.87930 4
-0.11160 0.86426 -0.42394 -0.18772 -0.25394 -0.65935 -0.35527 -0.78798 -0.70370 1.90113 -0.31019 -0.41082 0.27705 -0.35606 -0.56373 1.53284 4
0.15297 -0.66107 1.13318 -0.27821 0.02903 -0.77653 0.47373 -0.74626 0.25684 0.57096 -0.16613 1.07224 -0.07394 0.78081 -0.10135 -0.08642 4
0.71307 -0.34030 0.33651 -0.28574 -0.32597 0.03609 0.33135 0.34285 0.32205 0.32486 -0.64936 0.29099 -1.59038 0.20959 0.19971 0.39377 5
0.28384 0.46896 0.53923 -1.23146 -1.28754 0.30028 -0.35527 0.44087 0.54994 2.05916 -0.34118 0.42894 -0.65411 0.21175 0.43121 -0.39876 5
-0.08697 -0.01776 -0.40483 -0.59102 -0.27849 0.45843 0.28669 1.13637 0.71090 -0.05129 -0.80444 -0.39017 0.27196 -0.91159 -0.83691 0.02525 5
-0.09301 -0.07878 0.24181 -0.58137 -0.10777 0.43018 -0.18000 0.45939 0.27174 0.27723 -0.25433 0.31274 0.24675 -0.98315 -0.55165 0.32677 5
-0.08082 -0.12003 -0.38928 -0.08148 0.40137 -1.92926 -0.10405 -2.41736 0.31217 2.00013 1.60698 -0.36140 0.25195 1.22817 -0.78785 0.60509 5
-0.09699 -1.16784 -0.41461 0.96505 1.03490 -1.08599 0.70719 -1.06680 1.34933 0.46869 0.01040 -0.41082 0.32971 0.92886 -0.82034 1.15594 5
-0.09764 -0.70905 -0.35658 1.41982 1.67341 -1.70855 1.21892 -1.57931 -0.36623 0.03926 -0.20000 -0.38620 0.08863 0.80026 -0.47742 0.02525 5
-0.10001 -0.33105 -0.42394 0.45680 -0.14747 -1.72308 0.36906 -1.59524 -0.34461 1.84832 4.62647 -0.41082 0.12815 0.83022 -0.60219 -0.67829 5
-0.11071 0.85934 -0.42394 -0.15831 -0.12196 -0.07696 -0.35527 -0.47674 -0.70370 0.47036 -0.11947 -0.41082 0.32971 -0.14841 -0.67976 0.02525 5
-0.04086 -0.01787 -0.06008 -0.76916 -0.34137 0.47481 -0.31799 0.30898 0.37954 0.20171 -0.76503 -0.05517 0.23574 -1.01963 -0.15881 -0.78653 5
-0.05163 -1.14557 -0.42244 1.28436 1.04042 -0.70678 0.64398 -0.55020 -0.70370 -0.49934 -0.73538 -0.40693 0.21540 0.39480 -1.11346 0.40215 5
-0.08994 0.33889 -0.38526 -0.12394 -0.33377 -0.64416 -0.35527 -0.92162 -0.46718 1.44527 -0.77782 -0.37631 0.28143 -1.42746 -0.71363 0.02525 5
-0.07956 -0.37307 -0.40330 -0.28020 -0.66532 0.52165 -0.35527 0.45660 -0.70370 -0.11438 -0.78730 -0.39657 0.26992 -0.69966 -0.55020 0.32677 5
-0.08548 -0.15042 -0.41177 1.00446 0.55325 -0.48334 -0.03679 -0.56683 0.13959 0.65700 -0.06118 -0.41082 -0.31576 0.98798 -0.17214 -1.33876 5
-0.11434 0.15897 -0.40002 -1.36400 -1.52287 1.51084 -0.35527 2.39962 -0.70370 -0.76518 -0.38914 -0.41082 0.11684 -1.68499 -1.19221 -1.48234 5
0.41632 -0.57321 0.18933 0.49995 0.59121 -1.30489 1.00268 -0.77174 -0.16617 1.20812 -0.65187 0.16049 0.24520 -0.62612 -0.81724 -0.52704 5
-0.05748 -1.54280 -0.42065 1.13034 1.09012 -1.42388 0.60622 -1.41028 0.20296 0.92775 0.27167 -0.40668 0.27188 0.08898 -0.59204 0.12576 5
-0.08035 0.48055 -0.41868 -0.92063 -0.95774 0.24358 -0.35527 0.20289 0.98651 1.17107 -0.01867 -0.40311 0.24346 0.72766 -0.28404 0.52778 5
-0.11557 -0.08487 -0.35633 -0.89563 -1.27928 0.33321 -0.35527 0.35186 -0.70370 0.58749 -0.17534 -0.32028 -0.30350 1.06929 -0.49827 -1.48234 5
-0.05465 0.11189 -0.21457 -0.24466 -0.29354 0.67526 -0.35527 0.64130 -0.31286 -0.11371 -0.68150 -0.20646 -0.07580 -0.93614 0.11917 0.27652 5
-0.10124 0.36273 -0.25539 -0.23817 -0.67651 0.33975 -0.35527 0.41649 0.75221 1.38650 -0.23180 -0.28689 0.20589 -0.35131 -0.09290 0.52778 5
-0.11397 1.96237 -0.42394 -1.74798 -1.62897 1.53982 -0.35527 2.52539 2.40842 -0.05129 -0.75296 -0.41082 0.32971 -2.16129 2.50881 -1.48234 5
1.55138 0.16066 0.89117 -0.53773 -0.35664 -0.07437 -0.00861 -0.35005 -0.10700 0.46224 -0.53754 0.86654 -3.07694 1.94003 0.09371 0.02525 5
-0.05024 -0.46617 -0.41658 2.02106 0.59486 -0.06431 -0.34756 -0.14975 -0.60682 0.24525 0.61079 -0.40728 0.19624 -0.31765 -0.90382 -0.64479 5
0.07576 0.56149 0.55295 -1.32135 -1.09336 1.20271 -0.29294 1.80447 0.22276 0.10361 -0.83087 0.60312 -2.65458 -0.51597 1.91251 -0.06343 5
-0.03966 0.18707 0.09762 -0.50380 -0.29967 0.70198 0.25548 1.54775 -0.34351 -0.11014 -0.46799 0.08850 -0.12366 -1.55943 0.19567 0.24062 5
-0.11684 -0.56504 -0.06898 0.62621 -1.55600 0.75060 -0.35527 0.90233 -0.70370 0.60944 0.02936 -0.22742 0.32971 -1.76728 2.50881 -1.48234 5
0.64087 -0.52830 0.19781 0.64349 0.54893 0.08650 0.15813 0.21910 -0.57910 -0.20431 -0.82274 0.16685 -0.00834 -0.80701 -0.66665 0.23759 5
0.04928 -0.26049 -0.14104 -0.44510 -0.35416 -0.38439 -0.11527 -0.63230 -0.22979 0.58429 -0.70542 -0.14050 -0.04182 0.97623 -0.57665 0.12576 5
-0.07869 -0.34693 -0.38356 0.78008 -0.02154 -0.05309 0.39784 0.44283 -0.50665 0.23467 4.00570 -0.37487 0.26938 -1.49110 0.25316 0.68482 5
-0.02097 -0.85285 0.09051 -0.18252 -0.56230 -1.75630 -0.13672 -2.14517 -0.38499 1.85472 -0.58499 -0.01320 0.12805 0.62084 -0.80368 0.35504 5
-0.09321 0.45198 -0.40806 -0.65195 -0.77897 1.33138 -0.35527 2.07877 -0.70370 -0.41903 -0.85042 -0.38367 0.13986 -2.12352 0.92266 -0.35165 5
-0.08039 0.34938 -0.41867 -0.11316 -0.70283 0.64229 -0.34837 0.78655 -0.05447 0.29357 -0.44791 -0.40292 -0.64206 -0.36988 0.51110 -0.11180 5
-0.04012 0.17886 -0.41240 0.40247 0.08358 0.99240 -0.35527 1.19941 -0.48681 -0.50767 -0.84410 -0.40686 0.13603 -1.43972 -0.24881 0.40215 5
-0.02882 0.39612 -0.29837 -0.23690 -0.51292 0.34316 -0.27605 0.16049 0.05625 0.51365 -0.54110 -0.29993 -1.62374 0.43173 0.42854 0.57346 5
0.01686 0.35311 -0.39868 -0.11820 -0.79275 -0.65440 -0.35527 -0.58697 0.07168 2.48630 0.57878 -0.38819 -0.03429 -0.60593 -0.51069 -0.47728 5
-0.08396 -0.82177 -0.41813 4.99009 0.68932 -0.16437 -0.35527 0.05675 -0.70370 -0.32037 3.38058 -0.40495 0.24763 -0.33395 -0.95084 0.43884 5
-0.08428 0.81250 -0.41220 -1.31014 -1.49243 1.48956 -0.35527 2.38285 -0.70370 -0.39816 -0.76771 -0.40057 0.18637 -2.14117 -1.19221 -0.57779 5
0.01412 -0.69927 -0.39665 0.16878 -0.07304 -0.57255 -0.16279 -1.15021 -0.54498 0.28956 -0.50535 -0.39345 0.17853 -0.84051 -0.75010 -0.54519 5
-0.07185 0.44317 -0.40456 -0.22286 -0.95962 0.81869 -0.35527 1.34817 -0.00657 0.52850 -0.71148 -0.40446 0.10738 -1.79608 -0.55775 -0.24886 5
