-0.10984 -0.67649 -0.42394 1.82381 1.79518 -0.01464 -0.35527 -0.59667 -0.70370 -1.12498 0.49915 -0.41082 -0.88181 -0.00799 0.39394 1.10210 1
-0.11337 -0.04262 -0.42394 1.09741 0.94560 -0.19254 -0.35527 -0.72274 0.63007 -0.89490 0.72994 -0.41082 0.32971 0.23899 -0.04362 1.19782 1
-0.11250 -0.07521 -0.42394 0.74219 0.15695 0.04022 -0.35527 -0.63504 -0.70370 -0.92366 0.00552 -0.41082 0.32971 0.48790 0.07671 1.53284 1
-0.11789 1.64970 -0.42394 2.29846 -0.37995 -0.17452 -0.35527 -0.75782 -0.70370 -1.12498 1.65389 -0.41082 0.32971 2.25489 -1.19221 -1.48234 1
-0.11666 0.04938 -0.42394 -0.43335 0.33671 0.14886 -0.35527 -0.27300 -0.70370 -0.47457 0.60492 -0.41082 0.13731 0.56687 4.35932 -1.48234 1
-0.11239 -0.33543 -0.42394 1.21584 1.81279 -0.20776 -0.35527 -1.03630 -0.70370 -1.12498 0.42609 -0.41082 0.21792 1.24409 0.54264 -0.47728 1
-0.11403 -0.34246 -0.40163 0.97592 0.77738 0.17927 -0.35527 -0.04734 0.86481 -0.85441 1.24520 -0.41082 0.32971 0.12104 1.02840 0.67136 1
-0.11115 -0.70077 -0.42394 0.99990 0.74021 0.09113 -0.35527 -0.39080 -0.70370 -1.12498 0.83772 -0.41082 0.28360 0.25740 0.16182 0.19276 1
-0.11825 -1.92131 -0.42394 -0.72876 -2.14403 1.21192 -0.35527 1.61592 -0.70370 -1.12498 1.78875 -0.41082 0.32971 -1.52982 -1.19221 -1.48234 1
-0.11724 -0.17420 -0.42394 0.99782 0.20808 -0.46721 -0.35527 -0.93949 -0.70370 -0.30007 -0.81867 -0.41082 0.32971 1.98836 1.27514 1.53284 1
-0.11790 2.04922 -0.42394 -1.44519 -1.21557 0.07636 -0.35527 -0.56683 -0.70370 1.12977 1.65389 -0.41082 0.32971 5.18671 -1.19221 -1.48234 1
-0.09366 -0.33467 -0.41586 0.65492 1.11524 -0.16827 0.21607 -0.24137 -0.41062 -0.72054 0.59993 -0.41082 0.28484 1.01306 -0.54291 1.17811 1
-0.11526 0.41012 -0.42394 0.72485 -0.04008 0.12630 -0.35527 0.13900 1.42744 0.34551 -0.11789 -0.41082 0.22096 -0.66648 0.51595 -1.48234 1
-0.10919 -0.56504 -0.41319 -1.43173 -0.96798 1.28182 -0.35527 1.18391 -0.70370 -0.42037 1.46122 -0.36115 0.32971 3.47331 1.79707 -1.48234 1
-0.11082 0.77107 -0.42394 0.64888 -0.38698 0.21765 -0.35527 -0.04595 0.28652 0.24153 -0.50398 -0.41082 0.07706 -0.71247 0.19567 -1.48234 1
-0.11710 0.72047 -0.42394 -0.33629 -1.01802 0.94695 -0.35527 0.89368 -0.70370 -1.12498 1.71008 -0.41082 0.32971 0.67793 -0.08190 1.53284 1
-0.11548 0.71066 -0.32554 -0.06816 -0.02713 0.69052 -0.35527 0.21960 -0.70370 -0.62761 0.84469 -0.20045 -3.64277 0.18223 2.50881 -1.48234 1
-0.11596 0.00175 -0.42394 1.47217 1.06339 -0.86493 -0.35527 -1.55715 -0.70370 -0.28989 -0.09938 -0.41082 0.32971 -0.78354 -1.19221 1.53284 1
-0.11147 0.35340 -0.42394 0.38999 0.47219 0.52392 -0.35527 0.15070 -0.70370 -0.93812 -0.32095 -0.41082 0.32971 0.69379 1.76861 0.02525 1
-0.11321 -0.02559 -0.42394 0.05209 -0.01162 0.79862 -0.35527 0.79132 -0.70370 -0.87445 -0.15640 -0.41082 0.18149 1.63060 1.45137 0.52778 1
-0.10980 -0.80623 0.04770 0.42277 0.84307 0.27926 -0.35527 -0.18485 -0.70370 -0.98406 0.55722 -0.08299 0.12128 0.40948 -0.21826 1.53284 1
-0.11491 0.22721 4.20594 -0.11296 -0.11967 1.18975 -0.35527 1.12480 -0.70370 -1.12498 0.80128 3.88068 0.32971 -0.64629 1.42027 -1.48234 1
-0.10760 0.62062 -0.42394 0.42797 -0.03106 0.47785 -0.35527 0.31573 1.41973 -0.75869 -0.17676 -0.41082 0.14912 0.24412 0.68966 -1.48234 1
-0.11576 -0.73034 -0.42394 -0.33915 -0.00575 0.29251 -0.35527 -0.02114 -0.70370 0.32450 0.88760 -0.41082 0.04386 -0.07118 -1.19221 1.53284 1
-0.10479 0.34761 -0.41663 0.36361 0.27726 -0.18163 -0.35527 -0.79152 -0.20226 -0.34649 1.85236 -0.39252 0.22736 0.85986 -0.26695 1.03031 1
-0.11748 0.55536 -0.42394 0.62621 2.39218 0.25616 -0.35527 -0.71374 -0.70370 -1.12498 2.26078 -0.41082 0.32971 -0.59697 3.24901 1.53284 1
-0.11712 0.55536 -0.42394 0.21067 1.60934 0.13374 -0.35527 -0.27300 -0.70370 -0.25777 1.93782 -0.41082 0.07318 -0.18128 1.02840 0.77905 1
-0.11371 0.65401 -0.31976 -0.12195 -0.13432 0.40994 -0.35527 0.15330 -0.70370 -0.01609 0.66728 -0.17631 0.32971 -1.52481 1.02840 0.77905 1
-0.11680 2.32851 -0.42394 -0.84821 -0.41454 -0.20506 -0.35527 -0.83967 3.96448 0.48555 -1.04345 -0.41082 0.32971 -0.32156 0.19567 -1.48234 1
-0.11411 -1.27104 -0.42394 -0.07912 -0.19596 -0.15146 -0.35527 -0.62844 0.87746 -0.03397 0.74596 -0.41082 0.24902 0.26028 -1.19221 1.53284 1
-0.11716 1.41720 -0.42394 -0.53468 -0.91328 1.04450 -0.35527 1.03502 -0.70370 -1.12498 -0.21045 -0.41082 0.32971 -0.30065 2.50881 -1.48234 1
-0.11642 -0.11688 4.16692 -0.43908 -0.21079 1.06524 -0.35527 0.85449 -0.70370 -1.12498 0.59051 4.57930 0.32971 -0.26688 3.74248 -1.48234 1
-0.11038 0.49705 -0.42394 -0.07342 0.46942 0.21338 -0.35527 -0.15242 -0.70370 -0.00824 -0.11947 -0.41082 0.28251 0.86780 0.00812 1.53284 1
-0.11381 -0.45012 2.80411 -0.40380 0.40645 0.94653 -0.35527 0.64341 -0.70370 -1.12498 0.10585 2.35104 0.32971 0.90370 0.65830 1.53284 1
-0.11552 -0.15404 -0.42394 0.39870 0.73957 -0.14952 -0.35527 -0.79974 -0.70370 0.11238 -0.10975 -0.41082 0.32971 -1.37401 -0.26695 1.53284 1
-0.07051 -1.19960 0.33206 0.75976 1.12539 -0.38109 -0.14700 -0.91175 -0.41107 -0.26683 0.18795 0.35247 0.29984 0.48431 -0.28697 0.10460 1
-0.11085 0.46255 -0.42394 -0.61523 -0.48372 0.75725 -0.35527 0.71332 1.41591 -0.75934 0.00047 -0.41082 -0.10293 0.95300 1.02840 -1.48234 1
-0.11338 -0.36732 -0.42394 0.11967 0.69810 -0.05056 -0.35527 -0.59599 0.79298 0.42408 0.46948 -0.41082 -0.58676 0.54637 1.35224 0.52778 1
-0.11330 0.96455 -0.42394 -1.92894 -1.61901 1.50952 -0.35527 1.99524 -0.70370 -0.71253 1.89189 -0.41082 0.20770 1.92565 3.98922 -1.48234 1
-0.11003 -0.92652 -0.41213 0.42208 0.95892 -0.12235 -0.35527 -0.72467 -0.70370 -0.42619 -0.92785 -0.38126 0.20568 -0.44848 -0.65496 -1.48234 1
0.02804 -0.71170 1.33068 0.82295 1.08460 -0.32975 -0.20621 -0.82599 -0.22861 -0.18254 0.06496 1.37427 0.28365 0.51208 -0.37703 0.94926 2
-0.11273 1.00586 -0.42394 0.26694 -0.15233 0.39558 -0.35527 -0.04357 -0.70370 -0.66168 -0.38200 -0.41082 0.26118 0.76606 0.04146 -1.48234 2
-0.11456 0.19615 -0.42394 -0.32930 -0.43261 0.67340 -0.35527 0.79739 1.29696 -0.43475 0.55667 -0.41082 0.22762 -0.06256 1.02840 0.02525 2
-0.08109 -0.67176 2.08733 -0.29896 0.32303 0.15507 0.08758 0.17018 -0.27136 -0.41649 -0.14837 1.91552 0.20837 0.54666 0.31166 0.67136 2
-0.11215 -0.45060 -0.31377 0.05898 1.47864 0.34969 -0.35527 -0.16474 -0.70370 -1.12498 -0.32902 -0.41082 0.21269 -1.06592 -0.74809 1.53284 2
-0.09976 -1.33401 -0.34360 0.54511 1.11430 0.14467 -0.35527 -0.40140 -0.31774 -0.65894 0.08551 -0.34042 0.32971 0.27186 -0.19043 1.53284 2
-0.11510 1.03906 -0.42394 -0.44925 0.10116 0.54367 -0.35527 0.59922 1.36013 -0.76897 0.16912 -0.41082 0.32971 -0.01672 -0.45200 0.92980 2
-0.09585 -1.00795 -0.42394 1.76216 1.91207 -0.82804 0.22470 -1.09720 0.16512 -0.72532 0.26576 -0.41082 0.28537 -0.02587 -0.35424 0.40215 2
-0.10951 0.10720 -0.40167 0.57399 0.79611 0.03405 -0.35527 -0.47695 0.06519 -0.72708 -0.04969 -0.38277 0.29047 0.02820 -0.13478 -1.48234 2
-0.11069 -0.74924 1.83171 0.75156 0.88011 -0.21924 -0.35527 -0.92816 1.06264 -0.51559 -0.01976 1.87669 0.32971 -0.38792 -0.32864 1.53284 2
-0.11759 0.30638 -0.42394 0.33030 1.71490 0.47591 -0.35527 -0.08935 -0.70370 -1.12498 1.08832 -0.41082 0.32971 -0.59095 4.35932 -1.48234 2
-0.09592 -0.11838 0.67446 -0.28536 0.53501 -0.06844 -0.35527 -0.51284 0.33552 0.90669 0.04813 0.66332 0.17062 1.22209 0.12628 0.86280 2
-0.10013 0.46484 -0.42394 -0.09028 -0.26427 0.67074 -0.35527 0.46418 -0.26992 -0.75085 -0.18866 -0.41082 0.26330 -0.83459 0.82653 0.42198 2
-0.11156 0.00978 -0.40954 -0.49698 -0.95809 0.99880 -0.35527 1.03054 -0.70370 -1.12498 -0.40340 -0.36747 0.32971 -1.17987 0.26872 -1.48234 2
-0.10685 -1.64469 -0.35510 1.46553 1.87438 -0.85531 1.04104 -0.48301 -0.70370 -1.01896 -0.08608 -0.38840 0.26698 -0.08982 -0.83973 1.03031 2
-0.10321 0.30688 -0.42394 -0.47424 -0.21833 0.60329 -0.35527 0.39556 -0.70370 -0.59790 -0.46780 -0.41082 0.25175 -0.36490 -0.24727 0.02525 2
-0.11388 -0.31322 -0.20811 -0.25575 -0.72841 -0.33946 -0.35527 -0.93741 -0.70370 0.13701 1.04228 -0.09056 0.32971 1.75902 -0.08190 1.53284 2
-0.06767 -0.61953 1.56524 0.14008 0.45165 0.13538 0.37440 0.44091 -0.21107 -0.38850 -0.36806 1.48214 0.25429 0.24245 -0.07937 -0.27627 2
-0.11157 -0.57236 -0.42394 -0.43947 0.29413 0.64043 -0.35527 0.52137 -0.70370 -0.33844 -0.19429 -0.41082 0.27154 -0.93359 0.58428 1.53284 2
-0.10625 -0.45161 -0.39940 -0.47196 0.06619 0.81774 -0.35527 0.87232 -0.01334 -0.29136 -0.36471 -0.36045 0.29448 -0.93475 0.25602 -0.27627 2
-0.11028 0.15169 -0.42394 -0.32354 -0.56331 0.46305 -0.35527 0.36084 0.22994 -0.15866 -0.22252 -0.41082 0.23442 -0.29684 0.01465 1.53284 2
0.00105 -0.96182 -0.42058 0.98410 1.13504 -0.83518 0.53182 -0.84438 -0.11009 -0.22390 -0.49936 -0.40865 0.27519 -0.06813 -0.60285 0.80504 2
-0.10860 0.14825 -0.22162 0.29686 0.79611 0.22184 -0.35527 -0.14392 -0.00347 -0.88340 0.11074 -0.23200 0.32971 0.41425 -0.72307 0.02525 2
-0.11221 -0.68594 -0.09026 0.52615 1.30573 0.06342 -0.35527 -0.43950 -0.70370 -0.74919 -0.40755 -0.13266 0.32971 -0.03339 0.00812 1.53284 2
-0.10714 -0.63515 -0.42394 0.29641 0.95621 -0.08644 -0.35527 -0.64029 -0.70370 0.06744 -0.09122 -0.41082 0.26557 0.99291 -0.48565 0.32677 2
-0.11470 1.23734 0.28318 0.27181 -0.10294 0.77991 -0.35527 0.66537 -0.70370 -0.76131 0.11437 0.43518 0.32971 -0.23439 -0.13478 1.53284 2
-0.10544 -1.35308 -0.42394 1.98096 3.03158 -2.17995 1.71442 -1.90693 -0.16209 -0.09726 0.90266 -0.41082 0.32971 1.56986 -0.57106 -0.27627 2
-0.10757 0.09976 -0.41478 0.55868 0.74869 -0.28423 -0.33128 -0.60253 1.12868 0.24473 2.04407 -0.38853 0.14270 1.35361 -0.06785 -0.30977 2
0.46903 -0.52222 0.18430 0.02769 0.17089 -0.72867 0.36204 -0.70732 0.30311 0.33390 -0.28393 0.19200 0.27962 0.16598 -0.35581 0.15410 2
-0.11730 1.32051 -0.42394 -1.73388 -0.33472 -2.42325 -0.35527 -3.34487 5.23762 6.04922 -0.50398 -0.41082 0.02653 2.62803 0.19567 -1.48234 2
-0.11642 1.00352 -0.42394 -1.14927 -0.84691 0.79555 -0.35527 0.60850 -0.70370 -1.12498 0.07663 -0.41082 0.32971 0.00069 -1.19221 -1.48234 2
-0.11308 0.90393 -0.38713 -0.62156 -0.64055 1.07024 -0.35527 1.35743 -0.70370 -0.87068 0.08193 -0.41082 0.25448 -0.15093 0.04146 0.67136 2
-0.10386 -0.82341 -0.41709 0.68772 1.31035 -0.67667 0.48758 -0.89989 0.36477 -0.11126 -0.67274 -0.39133 0.32971 -0.32249 -0.89213 -0.47728 2
-0.11579 0.46870 -0.42394 1.12158 -0.01162 0.06643 -0.35527 -0.00093 -0.70370 0.12766 -0.00601 -0.41082 0.32971 0.43019 -0.53909 -1.48234 2
-0.11561 0.47409 -0.42394 -0.36273 -1.05285 0.04841 -0.35527 -0.36579 -0.70370 0.65509 -0.68494 -0.41082 0.32971 1.21914 -1.19221 -1.48234 2
-0.11416 -1.23572 -0.42394 0.45726 0.37609 0.21945 -0.35527 -0.07711 -0.70370 -0.54684 0.15425 -0.41082 0.15869 -0.15978 1.33121 1.53284 2
-0.11376 0.30638 -0.33980 -0.81390 -0.49020 0.51586 -0.35527 0.36405 0.94391 -0.27234 -0.37965 -0.35071 0.07749 1.16379 -0.18284 -1.48234 2
-0.01389 -0.70968 0.27576 0.08306 0.39435 0.07792 0.01701 -0.09061 -0.18832 -0.50266 -0.33515 0.30363 0.23954 0.05165 0.01414 0.17601 2
-0.08630 0.54059 -0.40523 0.26844 -0.11940 0.13223 -0.02053 0.12147 -0.00179 -0.39851 -0.63392 -0.41082 0.32971 -0.70005 -0.16078 0.14122 2
-0.11397 0.39903 -0.11576 -0.30282 -0.05498 0.70356 -0.35527 0.51489 -0.70370 -0.82567 0.61039 -0.09433 0.32971 0.01177 0.39394 0.02525 2
-0.11018 -0.66874 -0.42394 0.87271 1.41977 -0.43268 -0.35527 -1.03227 1.76769 0.15397 -0.55449 -0.41082 0.28767 -0.19484 0.02456 1.53284 3
-0.09944 0.72992 -0.41341 0.00804 0.18161 0.56373 -0.35527 0.35847 -0.70370 -0.49477 0.48083 -0.39601 -0.39528 0.62610 0.44059 1.23132 3
-0.10930 0.06599 -0.42394 -0.15949 0.10321 0.86168 -0.35527 0.95170 -0.70370 -1.12498 -0.53116 -0.41082 0.28870 -0.97445 -0.31565 1.53284 3
-0.09374 -0.59658 0.17621 0.23721 1.13471 -0.22073 0.13292 -0.36579 -0.40886 -0.61639 0.04876 0.20225 0.25448 1.13774 -0.53090 0.02525 3
-0.11286 0.30372 -0.42394 0.85408 0.26998 -0.44765 -0.35527 -1.09870 1.77812 0.15937 -0.22489 -0.41082 0.32971 0.09647 0.69321 0.77905 3
-0.09264 -0.41924 0.38392 -0.26673 0.36774 0.40623 0.18347 0.75035 0.58407 -0.56962 -0.28762 0.47003 0.31328 -0.34840 0.00167 1.00075 3
0.05180 -0.75165 -0.13755 0.58689 0.57843 0.00906 -0.32436 -0.41355 -0.49665 -0.35355 -0.26755 -0.13892 0.30224 -0.20029 -0.47942 0.49637 3
-0.10989 0.17010 0.27353 -0.37990 0.09128 0.43911 -0.17273 0.38812 -0.70370 -0.82300 -0.02792 0.25973 0.32971 0.07275 0.19567 -0.47728 3
-0.10852 -1.63111 -0.42394 0.71229 -1.11186 -1.17677 2.48239 0.69221 -0.70370 0.19764 -0.09464 -0.41082 0.32971 0.31150 1.27514 -1.48234 3
-0.10767 -0.67144 -0.42394 0.49726 0.87228 0.08138 -0.35527 -0.43601 -0.03224 -0.31420 -0.85336 -0.41082 0.32971 -0.44797 -0.77057 -1.48234 3
-0.09586 0.30338 1.48314 -0.11536 0.57531 0.12209 0.56170 0.58435 0.06368 -0.59549 0.00734 1.31082 0.29055 -0.47205 0.85944 1.53284 3
-0.11038 -0.49423 1.05397 0.13449 0.06876 0.04962 0.03152 -0.04510 0.25270 -0.30007 0.83731 1.05457 0.28090 0.43500 0.45269 -1.48234 3
-0.11693 2.33108 -0.23641 -0.39553 -1.01802 0.92446 -0.35527 0.82219 -0.70370 -0.10009 0.79863 -0.19407 -2.09569 -0.09187 2.50881 1.53284 3
-0.03430 0.86347 -0.39290 -0.78499 -0.91177 0.40912 -0.34277 0.34045 1.17487 0.51236 0.93277 -0.38196 -0.26563 1.00599 0.67193 0.02525 3
-0.10503 0.52011 -0.42394 -0.22163 -0.36413 0.55918 -0.35527 0.56879 -0.11492 -0.21089 -0.07648 -0.41082 0.11940 -0.14387 0.54264 0.02525 3
0.26572 -0.60717 2.22468 -0.29541 0.45525 0.07039 -0.06821 -0.16074 -0.28118 -0.22956 -0.11099 2.22339 0.26913 0.58810 -0.03522 0.17770 3
-0.11239 0.98139 -0.42394 -0.47196 -0.44263 0.07192 -0.35527 -0.26724 1.85923 0.64345 -0.30412 -0.41082 0.13354 0.82591 0.16182 -0.47728 3
-0.10426 3.40576 -0.42394 -1.53512 -1.54837 0.09547 -0.15256 0.66991 3.31400 2.34031 -0.26264 -0.41082 -5.12370 2.10058 3.57799 -1.48234 3
-0.08566 -0.09639 -0.41782 0.67703 1.01505 -0.95544 0.20516 -1.27048 -0.05874 0.46966 -0.47895 -0.40297 0.31874 0.49360 -0.63706 -0.47728 3
-0.07689 -0.26779 -0.33460 0.54921 0.37260 0.51209 -0.35527 0.42171 -0.70370 -0.57603 -0.75461 -0.31407 0.30264 -0.68439 -0.76241 -0.27627 3
-0.11569 1.55657 -0.42394 0.21067 -0.13939 0.87014 -0.35527 0.68744 -0.70370 -1.12498 -0.90461 -0.41082 0.32971 -1.28838 -0.26695 -1.48234 3
-0.09671 0.14086 -0.37787 -0.34302 -0.01661 -0.01616 0.57329 0.28373 -0.30680 -0.50880 -0.62345 -0.39634 0.08668 -0.52949 -0.18284 0.40215 3
-0.11127 -0.45978 -0.39628 4.08636 6.71097 -7.05920 10.75904 -0.79152 2.17960 2.35662 -0.39682 -0.41082 0.18258 -0.23150 -1.19221 -1.48234 3
-0.09380 0.24742 -0.42394 -1.44991 -1.10384 0.98637 -0.03611 1.29586 -0.70370 -0.44095 -0.26483 -0.41082 0.21729 0.43205 1.80187 -1.48234 3
-0.11221 -0.30979 -0.40805 -0.09974 -0.37995 0.90851 -0.35527 0.91432 -0.70370 -0.66483 -0.61432 -0.41082 0.32971 -1.50075 0.76715 -1.48234 3
-0.10734 -0.59236 -0.42394 -0.48768 -0.49577 0.61234 -0.16729 0.58062 -0.70370 -0.32290 -0.48192 -0.41082 0.29016 -0.13991 0.10555 0.02525 3
-0.08012 -0.43002 -0.42394 0.24635 0.78081 0.02947 0.34359 0.32203 -0.31039 -0.68398 -0.58402 -0.41082 0.30964 -0.31071 -0.62617 0.24062 3
-0.08912 -1.09575 2.10611 0.61155 1.79262 -0.46359 0.85271 -0.35960 -0.70370 -0.62907 0.18480 1.86498 0.32971 0.31304 0.65830 0.27652 3
-0.05311 -0.33264 -0.40857 0.23527 0.13371 0.27994 0.12755 0.51974 -0.45691 -0.31616 -0.80034 -0.41082 0.29823 -1.42962 0.13054 1.53284 3
-0.11800 6.65529 -0.42394 -1.00132 -2.14403 -2.67053 -0.35527 -3.98455 -0.70370 0.65509 1.75379 -0.41082 0.32971 2.42270 -0.39913 -1.48234 3
-0.10295 0.72336 -0.38523 -0.59692 -0.06047 0.07286 -0.35527 -0.08601 -0.24667 0.45177 -0.50398 -0.37747 0.32971 0.57781 -0.78699 1.53284 3
6.48735 -0.20940 1.53682 -0.43283 -0.34973 -0.77127 0.00427 -1.17782 0.15626 0.96610 0.08790 1.46467 0.03425 0.23750 -0.39263 -0.14946 3
0.02290 -0.77969 1.09725 0.10530 0.43492 -0.08979 0.10632 -0.15646 -0.04888 -0.10837 -0.51042 1.02048 0.27959 0.40290 -0.20072 -0.21791 3
-0.02884 -0.53565 -0.32527 0.37336 0.85379 -2.64113 3.13411 -1.25696 -0.15450 -0.06708 0.16690 -0.35405 0.30635 0.14468 -0.59763 0.49056 3
-0.07907 -0.25305 -0.41375 -0.45479 -0.37608 0.02035 0.23167 0.27454 1.23967 0.55118 -0.48581 -0.41082 0.21952 0.61622 -0.03564 0.02525 3
-0.10558 -0.10586 -0.42394 -0.93097 -1.31154 0.94587 -0.35527 1.20525 -0.02994 0.03726 -0.66956 -0.41082 0.19218 -0.52739 0.27731 0.32677 3
0.03245 -0.27733 0.55470 -0.50627 -0.11956 0.46972 -0.33260 0.28235 -0.19391 -0.43906 -0.41560 0.54880 0.28548 -0.07349 -0.32812 -0.74530 3
-0.04944 -0.02354 -0.14155 0.33290 0.03865 0.09927 -0.07717 0.03298 -0.60243 -0.72318 -0.42805 -0.15590 0.28837 -0.27977 -0.82138 0.32677 3
0.30538 3.78796 1.34639 -1.15267 -0.63696 -4.92807 5.64228 -2.26587 -0.10449 4.07332 0.28234 1.05010 -0.39902 1.92663 -0.41137 0.61915 3
-0.08472 0.14703 -0.41502 -0.63129 -0.87846 0.21355 -0.35527 0.17351 1.39448 0.84558 0.15257 -0.39381 -0.76475 0.48273 -0.24052 0.59369 3
-0.10083 0.75697 -0.42394 -0.35434 -0.45958 0.59094 -0.35527 0.46920 -0.24128 -0.24754 -0.95521 -0.41082 0.14094 -0.30578 -0.63003 1.53284 4
0.46584 2.57763 0.62499 -0.83308 -0.69834 -1.74561 3.01792 0.10725 -0.10568 -0.11403 -0.22242 0.50109 0.07250 -0.20614 0.43204 0.06527 4
-0.11173 1.00951 -0.27637 -0.34853 -0.76837 -0.08782 -0.35527 -0.45448 1.60294 0.86450 0.49124 -0.36874 0.27086 1.03253 0.39394 0.52778 4
-0.07786 0.29783 -0.40911 -0.94721 -0.99129 0.96796 -0.35527 1.17893 -0.70370 -0.68041 -0.64133 -0.39635 0.30948 -0.47723 -0.37837 0.32677 4
-0.11176 0.30972 -0.42394 -1.25850 -1.36690 0.52283 -0.35527 0.55664 1.85923 0.64345 -0.86189 -0.41082 0.32971 -1.41501 -0.47588 -1.48234 4
-0.08800 -0.76996 0.03052 -0.16535 -0.10668 -0.23373 -0.35527 -0.67486 -0.03831 0.02280 -0.73358 -0.00626 0.32971 0.64697 -0.74913 1.53284 4
-0.01023 -0.14593 0.19826 -0.34041 0.22733 -0.11188 -0.10007 -0.35594 0.11324 -0.12678 -0.34807 0.22248 0.29149 0.75799 -0.26695 0.48408 4
-0.11529 0.99514 -0.42394 -0.99164 -1.46554 1.63908 -0.35527 2.62506 -0.70370 -1.12498 -0.79169 -0.41082 0.32971 -1.77858 4.35932 -1.48234 4
-0.09369 0.56494 -0.41990 -0.91337 -1.02261 1.15163 -0.35527 1.25287 -0.30110 -0.63884 -0.14851 -0.41082 0.00101 -0.29249 1.55090 0.59060 4
-0.07443 -0.15713 -0.31906 -0.38617 -0.26265 0.45377 -0.30156 0.48726 0.51410 -0.13465 -0.74336 -0.31562 0.29420 -0.10907 -0.28076 0.02525 4
0.72477 -0.05144 0.38738 -0.51700 -0.38973 -1.23977 0.51412 -1.42781 0.38816 1.69386 -0.50603 0.25316 -1.11843 0.55317 0.16441 -0.13879 4
-0.08774 0.26932 -0.41741 -0.85482 -0.94862 0.67716 -0.35527 0.67912 0.13777 0.18142 -0.89718 -0.41082 0.30108 -0.61537 -0.15511 0.52778 4
-0.10951 0.31810 -0.42394 -1.01350 -1.26783 1.21860 -0.35527 1.55529 -0.70370 -0.58813 -0.89593 -0.41082 0.32971 -1.38212 -0.76517 -1.48234 4
-0.07637 0.51019 -0.11626 -0.72617 -0.48506 0.03041 -0.35527 -0.21003 0.55313 0.82625 -0.61432 -0.11607 0.21060 0.07886 -0.44804 0.32677 4
-0.03749 -0.02928 -0.42270 -0.01179 0.13673 0.49293 -0.34228 0.33776 -0.32076 -0.39835 -0.69708 -0.41082 0.31017 -0.53501 -0.46014 1.03031 4
-0.10875 0.92014 -0.42394 -1.01577 -1.13598 0.84015 -0.35527 0.97080 0.12708 -0.26512 -0.84758 -0.41082 0.32971 -1.09940 -0.82211 -1.48234 4
-0.07086 0.61029 -0.41972 -0.97263 -0.64484 0.43584 -0.24485 0.33318 0.19157 0.26493 -0.71073 -0.40429 0.21093 -0.55999 -0.38058 0.02525 4
-0.09228 0.21082 1.23064 -1.31143 -1.04647 -0.38820 -0.02448 -0.71056 -0.13621 0.58811 0.79407 1.37989 -0.17705 1.95108 -0.26695 -0.47728 4
-0.11572 -0.45661 0.18166 -0.50017 -1.07489 1.13001 -0.35527 1.66629 -0.70370 -0.08433 -0.00885 0.46949 0.02187 -0.84488 -1.19221 -1.48234 4
-0.09642 -0.05828 -0.41485 -0.16039 -0.18653 0.62180 -0.35527 0.77358 0.00927 0.28936 -0.92480 -0.41082 0.29333 -1.12386 -0.85232 -1.48234 4
-0.11683 0.41655 -0.42394 0.38267 0.02239 -0.13049 -0.35527 -0.48379 -0.70370 1.08075 0.04586 -0.41082 0.32971 -1.55853 -1.19221 -1.48234 4
-0.11801 4.58878 -0.42394 1.51395 -0.78704 -1.72161 -0.35527 -2.77830 -0.70370 -1.12498 1.49827 -0.41082 0.32971 1.45530 4.35932 -1.48234 4
-0.10493 -1.52555 -0.40178 0.92806 1.91892 -0.74946 1.17199 -0.48379 -0.70370 -0.80987 -0.70426 -0.41082 0.32971 -0.39923 -0.55410 -1.48234 4
0.11895 0.32676 -0.41928 -0.66023 -0.91477 0.88639 -0.19675 0.97923 -0.18658 -0.62408 -0.54456 -0.40646 -0.09655 -0.60543 0.38753 0.37809 4
-0.06986 0.71676 0.21655 -1.81612 -1.82167 0.74408 -0.35527 0.99816 -0.17523 0.60710 0.02474 0.26395 -0.87482 -0.64677 0.05466 0.08807 4
-0.09623 0.98218 -0.40591 -1.17464 -1.05844 -5.77987 6.62841 -2.40114 -0.70370 6.01407 -0.24532 -0.39194 0.32971 1.50938 -1.03728 -1.48234 4
-0.09773 -0.11965 -0.06147 -0.97639 -1.08311 0.54323 0.18862 1.07923 -0.70370 -0.42763 -0.16114 -0.04213 0.22657 -0.65800 0.17854 -0.72854 4
-0.07317 -0.44696 -0.42173 -0.29895 -0.09148 -0.09628 -0.25664 -0.34328 0.95928 0.79701 -0.23780 -0.41082 0.29576 0.38712 -0.55854 -0.38591 4
-0.06304 0.72698 -0.37682 -1.40811 -1.70496 1.36139 -0.35527 2.03605 -0.18317 -0.43658 -0.77557 -0.35385 -0.01559 -1.73067 0.68677 -0.40549 4
-0.10445 0.69058 -0.42394 -0.64418 -0.49500 0.36892 -0.35527 0.02687 0.44624 0.26358 -0.82704 -0.41082 0.12433 -0.50128 -0.65841 1.53284 4
-0.05799 0.44133 -0.41896 -0.12711 -0.16833 0.19580 -0.03792 0.22744 0.23506 0.05483 2.38578 -0.41082 0.22022 -0.15687 -0.11112 1.11695 4
5.32452 0.02593 1.39093 0.02014 -0.05445 -0.42324 0.00505 -0.81279 0.17238 1.09226 -0.10963 1.30625 -6.00418 3.40090 0.33992 -0.59445 4
-0.11516 1.61044 -0.42394 -1.03383 -0.78704 0.40693 -0.35527 -0.10845 -0.70370 0.67882 -0.68034 -0.41082 0.32971 -1.31933 0.65830 -1.48234 4
0.10084 -0.66358 -0.39001 0.75294 0.33207 -0.32651 -0.02767 -0.55628 -0.41715 -0.16933 -0.76377 -0.36436 0.29234 -0.49096 -0.90752 -0.63190 4
-0.08434 0.92435 -0.41806 0.65497 -0.49221 -0.12554 -0.27060 -0.05305 0.25178 0.22655 6.19482 -0.41082 0.24195 1.46039 -0.51044 -0.24534 4
0.45104 0.40653 -0.39163 -0.95781 -0.95636 0.25616 -0.08073 0.41332 0.47126 0.70177 -0.69120 -0.38799 -0.30956 -0.12007 0.50455 -0.82356 4
-0.11734 -0.43740 -0.42394 -0.62112 -0.46395 0.28119 -0.35527 0.09176 -0.70370 1.20752 -0.72876 -0.41082 0.32971 -0.53478 1.58355 -1.48234 4
-0.10140 0.18024 -0.38873 -0.56190 -0.80113 0.57004 -0.35527 0.65839 -0.24128 0.39059 -0.89012 -0.39395 0.23532 -1.18525 -0.27963 1.53284 4
-0.09488 0.40444 -0.41969 -0.57813 -0.73187 0.58265 -0.35527 0.73464 0.63234 0.25783 -0.88531 -0.39863 0.29562 -0.63854 -0.61915 -1.48234 4
-0.06602 -0.29692 -0.30138 -0.08655 0.00304 -0.84653 -0.16983 -1.36273 0.85752 0.76021 -0.15785 -0.27792 0.07743 1.22419 -0.60146 -0.55459 4
0.23136 0.59143 -0.13388 -1.39696 -1.25570 1.07000 -0.35527 1.44875 0.51745 0.21239 -0.69194 -0.14249 -0.88321 -0.86492 1.12165 0.07388 5
-0.11247 -0.07206 -0.42394 -0.57668 -0.36299 0.26964 -0.35527 -0.13101 -0.70370 0.46394 -0.79663 -0.41082 0.32971 -0.76403 -0.86565 -1.48234 5
0.13645 -0.50454 -0.33755 0.04511 0.13633 -1.46449 0.76179 -1.19520 0.21359 1.21280 -0.25476 -0.33957 0.21948 0.22801 -0.46264 0.14122 5
0.43797 0.22033 -0.41762 -0.69142 -0.99913 1.01328 -0.17599 1.35095 -0.29933 -0.51540 -0.76733 -0.40633 0.21308 -0.70728 0.13340 -0.41332 5
-0.08350 0.36507 -0.41533 -1.01926 -0.98106 0.35291 -0.35527 0.45699 0.47457 1.11080 -0.84352 -0.39362 0.26958 -0.81866 -0.76699 -1.48234 5
0.22963 0.66000 -0.34681 -1.72434 -1.75841 1.39087 -0.35527 2.16152 0.01123 -0.32582 -0.71259 -0.34301 0.19399 -1.75512 1.11782 -0.47728 5
0.31815 0.60662 -0.40897 -1.49177 -1.64567 1.01241 -0.35527 1.30399 0.04439 0.34925 -0.57458 -0.39262 0.14231 -1.16501 0.15465 -0.28353 5
-0.08650 -1.16106 -0.37058 0.60056 0.37178 -0.06928 -0.35527 -0.61933 -0.02994 -0.31141 -0.66956 -0.36166 0.29533 -0.61770 -0.96406 -1.48234 5
0.02363 -0.54506 -0.39210 -0.04104 0.19001 0.10573 0.17432 0.25226 -0.01069 -0.09889 -0.69270 -0.37711 0.29434 -0.82206 -0.53262 0.27652 5
-0.05264 -0.36604 0.51630 -0.19895 -0.19417 -0.40740 -0.17950 -0.83233 0.17551 0.63812 -0.48109 0.59951 0.15025 0.24953 -0.67750 -0.06343 5
0.05576 0.85863 -0.39682 -1.44818 -1.48602 0.74202 -0.35527 1.00574 -0.10058 0.68703 -0.41964 -0.39065 0.28354 -0.81463 -0.19436 0.10460 5
0.33574 -0.58784 4.23584 -0.48331 -0.04841 -0.48469 -0.20924 -1.32287 -0.17883 0.48138 -0.47783 4.29760 -0.53772 2.19383 -0.04201 -0.00320 5
-0.11434 0.15897 -0.40002 -1.36400 -1.52287 1.51084 -0.35527 2.39962 -0.70370 -0.76518 -0.38914 -0.41082 0.11684 -1.68499 -1.19221 -1.48234 5
-0.05638 -0.30648 -0.26699 -0.14013 0.19991 -0.19410 -0.20705 -0.68031 -0.33190 0.43567 -0.62158 -0.26614 0.14631 -0.26169 -0.58878 0.09704 5
-0.01868 -0.58922 -0.39272 5.30135 0.40037 0.43552 -0.35527 0.95328 -0.70370 -0.68275 0.77273 -0.38032 0.26714 -1.12653 -0.92574 -0.30039 5
0.25137 0.68861 0.21698 -1.16177 -1.05170 0.66518 -0.14533 0.85359 0.62916 0.31432 -0.42342 0.26116 -2.22623 0.64474 1.80041 -0.55038 5
-0.10159 -1.14379 0.13366 0.53322 0.62036 -0.90874 -0.07582 -1.41047 -0.30275 0.46580 -0.36271 0.21813 0.26833 0.58440 -0.97365 -0.41816 5
-0.04948 -0.29633 -0.39335 0.12135 0.03349 0.25857 -0.35527 -0.07019 -0.14952 0.00303 -0.79911 -0.37443 0.30143 -0.53779 -1.01637 0.12576 5
-0.03435 0.32344 -0.07030 -0.86499 -0.95920 -0.37686 -0.35527 -0.64042 0.92730 1.40717 -0.11877 -0.06948 0.21144 -0.42809 -0.52043 -0.29780 5
-0.07831 0.03448 -0.31393 -0.65348 -0.77812 -0.82805 -0.11969 -1.20176 -0.35327 1.38366 -0.61652 -0.32133 0.13301 1.30248 -0.89662 -1.48234 5
-0.04390 0.73081 -0.36061 -1.03607 -0.96846 -1.50952 -0.35527 -1.60308 0.05076 4.08079 0.21924 -0.35233 0.26234 1.69473 -0.61316 -0.63809 5
0.05851 0.64278 -0.41258 -1.39657 -1.45653 1.06499 -0.35527 1.45791 -0.45071 -0.04270 -0.80594 -0.39790 0.16963 -1.49321 -0.51519 -0.64479 5
0.12705 0.17335 -0.38340 -0.70260 -0.73890 -0.20904 -0.18269 -0.41092 0.10277 1.15438 -0.28523 -0.37121 0.26165 0.82716 -0.65746 0.28038 5
0.47735 0.18333 -0.36149 -0.92472 -0.86127 -0.00618 -0.26515 -0.24729 -0.35447 0.80505 -0.63070 -0.34570 0.08616 -0.11320 -0.73008 -1.03715 5
-0.08791 0.27554 -0.40753 -0.38031 -0.82140 0.36503 -0.35527 0.54378 0.44792 1.75554 -0.51969 -0.36881 -0.40486 0.57032 0.79184 -1.48234 5
0.02912 0.48925 -0.22367 -0.59702 -1.06044 0.15085 -0.22869 0.10110 -0.49304 0.71915 -0.70602 -0.18604 0.27865 -0.62930 -0.97177 -1.14732 5
0.09121 -0.09967 -0.40092 -0.45210 -0.34000 0.27845 -0.07916 0.24360 -0.33737 0.37756 -0.78052 -0.38557 0.28194 0.01771 -0.64723 -0.30977 5
-0.05360 -1.16792 -0.38677 0.04019 -0.18972 -1.39421 -0.35527 -2.14990 -0.70370 1.28229 -0.75247 -0.37471 0.18830 0.06059 -1.00056 -1.48234 5
-0.10146 0.42988 -0.00577 -1.48464 -1.83291 1.21427 -0.35527 2.19860 -0.70370 -0.06039 -0.11587 -0.06445 -0.56660 3.57357 -1.02698 -1.48234 5
0.17254 0.06289 -0.38904 -0.84240 -0.73105 0.54447 -0.08575 0.70950 -0.43834 -0.05694 -0.70271 -0.37317 0.14616 -1.05051 -0.54473 -1.25781 5
0.31288 0.19274 -0.41368 -0.76483 -0.57021 1.11659 -0.15512 1.80668 -0.10184 -0.27446 -0.83952 -0.40153 0.07102 -1.73215 0.76126 0.35122 5
0.02243 -0.04260 0.08410 0.19008 0.76195 -0.95429 1.36279 -0.09905 -0.33047 0.90301 -0.62005 -0.01825 -0.06706 -0.16843 -0.46191 -0.25165 5
-0.05009 0.96237 -0.38280 -1.12466 -1.13185 -0.12700 -0.35527 -0.28574 1.22861 2.83046 -0.31636 -0.37322 -0.47882 1.51187 0.25444 -1.48234 5
0.18488 0.07742 -0.34140 0.00816 -0.24770 0.52111 -0.35527 0.58364 0.01743 0.38617 -0.87917 -0.34067 -0.91595 -1.03546 0.46571 -0.90250 5
0.02958 0.34155 -0.38795 -0.51356 -0.58864 0.87851 -0.33039 1.26470 -0.17123 0.02825 -0.82907 -0.37197 0.07310 -1.54985 -0.12972 -0.24534 5
0.06443 -0.72650 -0.27551 0.53156 0.56745 -0.33416 1.04751 0.59428 -0.51495 -0.11563 -0.89363 -0.35917 0.11781 -0.86556 -0.88993 0.10460 5
0.04004 -0.49575 0.01246 0.04390 0.27118 -0.14619 -0.20420 -0.44171 -0.32029 0.53673 -0.66892 -0.01919 0.07537 0.15194 -0.88852 -1.20823 5
-0.00564 -0.18916 -0.04796 0.45133 0.15222 0.93509 -0.35527 1.08659 -0.62533 -0.31392 -0.92791 -0.07921 0.02980 -1.31269 -0.34931 0.02525 5
-0.00180 0.30243 -0.22921 -0.82327 -0.62693 1.00200 -0.24477 1.38007 -0.62456 -0.27877 -0.80214 -0.23186 0.06324 -1.21670 -0.56322 0.60509 5
-0.09249 0.33598 -0.35444 -0.92165 -1.10991 1.33892 -0.35527 2.13708 -0.70370 -0.30161 -0.26483 -0.38403 0.08615 -2.00683 0.46144 0.46866 5
