-0.11681 -0.82056 -0.42394 0.47046 0.41673 0.10790 -0.35527 -0.65364 -0.70370 -0.35631 0.40896 -0.41082 -0.12505 -1.12798 1.02840 -1.48234 1
-0.11592 -0.62332 -0.42394 1.12396 0.70126 -0.23543 -0.35527 -0.71962 1.91048 -0.22308 0.06722 -0.41082 0.32971 0.62122 -0.53909 0.02525 1
-0.11786 0.20679 -0.12945 1.00103 1.69093 -0.08346 -0.35527 -0.56683 -0.70370 -1.12498 2.00193 -0.07022 0.32971 -0.10948 -1.19221 -1.48234 1
-0.11601 1.58854 -0.42394 -0.54859 -0.56088 0.29169 -0.35527 0.34536 -0.70370 0.38940 0.07453 -0.41082 0.32971 0.27696 -0.08190 1.53284 1
-0.09447 -1.40286 2.84728 0.38440 1.57399 -0.54601 1.18642 0.29571 1.27274 0.03422 0.47409 3.12217 0.24902 0.57770 1.01078 -0.40549 1
-0.11625 -1.41832 -0.42394 0.26759 0.13890 0.45739 -0.35527 -0.08067 -0.70370 -0.51005 0.64742 -0.41082 0.32971 -0.82810 1.02840 1.53284 1
-0.11441 0.20936 1.50052 0.15623 0.90187 0.71755 -0.35527 0.47157 -0.70370 -1.12498 0.22589 1.32523 0.32971 -0.33201 -0.70947 -0.47728 1
-0.11273 -0.79613 -0.42394 -0.02511 -0.27817 0.55989 -0.35527 0.42847 0.67704 -0.41044 0.64823 -0.41082 0.32971 0.22588 0.04146 -0.47728 1
-0.11441 0.44002 -0.42394 2.02962 2.62028 -0.99449 -0.35527 -1.65820 -0.70370 0.14650 0.02650 -0.41082 0.32971 0.95778 -0.68753 -0.72854 1
-0.11428 -1.39836 -0.42394 1.10325 1.20549 0.08276 -0.35527 -0.35119 -0.70370 -0.85223 0.43366 -0.41082 0.32971 -0.19464 1.22150 1.53284 1
-0.11277 0.30769 -0.42394 0.18701 0.32386 0.25142 -0.35527 -0.11744 0.57776 -0.46182 0.58953 -0.41082 0.32971 -0.13811 0.32184 1.53284 1
-0.11449 0.37912 -0.42394 0.80243 1.38413 -0.81252 -0.35527 -1.79694 0.95787 -0.26512 0.32477 -0.41082 0.32971 -0.00481 -0.22673 -1.48234 1
-0.11842 -11.20880 -0.42394 1.07008 5.41632 -1.27212 -0.35527 -2.47673 -0.70370 -1.12498 -1.04345 -0.41082 0.32971 -2.27610 -1.19221 -1.48234 1
-0.09557 -0.61613 3.94667 -0.06556 1.02394 0.33542 -0.35527 -0.42307 -0.35233 -0.82192 -0.11311 3.88324 0.32971 0.81029 0.07829 1.53284 1
-0.11437 -0.41429 -0.42394 0.62944 -0.45245 -0.13940 -0.35527 -0.41028 0.90338 -0.29331 -0.19801 -0.41082 0.32971 -0.10409 -0.82211 1.53284 1
-0.10881 -0.69263 -0.41361 0.32845 1.06803 -0.30511 -0.35527 -1.09658 -0.70370 -0.50780 1.17168 -0.38471 0.25668 1.20515 -0.39913 0.02525 1
-0.11611 0.75143 -0.42394 1.45847 0.08899 -0.40684 -0.35527 -1.26623 -0.70370 -0.64862 0.60318 -0.41082 0.32971 -0.28024 -0.60784 1.53284 1
-0.08171 -0.36276 -0.42394 0.27345 0.67246 -0.18007 0.12365 -0.33401 -0.50114 -0.32138 0.14197 -0.41082 -0.04237 0.81149 0.23220 0.60509 1
-0.09566 -0.72488 -0.38877 1.54223 1.73046 -0.58103 0.04748 -0.94824 -0.41150 -0.62094 0.54755 -0.38950 0.32971 -0.30637 -0.16279 1.22093 1
-0.11323 -2.04396 -0.42394 3.46698 3.90920 -2.76443 2.56796 -1.36377 0.70683 0.57825 0.24658 -0.41082 0.32971 -0.05117 -0.85575 1.53284 1
-0.11687 1.69613 -0.42394 -0.34224 -0.06864 0.61575 -0.35527 0.52454 -0.70370 -0.31971 1.67674 -0.41082 0.32971 0.75962 1.98009 -1.48234 1
-0.11731 -1.57477 -0.42394 -1.42327 -0.61005 1.40819 -0.35527 1.97971 -0.70370 -1.12498 -0.09938 -0.41082 0.32971 -1.77858 -1.19221 1.53284 1
-0.11346 0.97676 0.88148 -0.14493 -0.19596 0.93509 -0.35527 1.29410 2.64782 -0.25777 -0.51050 0.87296 0.32971 -0.22985 0.56090 1.53284 1
-0.11611 0.94750 -0.42394 -0.63882 -0.56088 0.61575 -0.35527 0.43838 -0.70370 0.06173 0.81809 -0.41082 0.32971 -0.90967 3.24901 0.52778 1
-0.11053 1.38717 0.02783 -0.13039 -0.45051 0.01507 -0.35527 -0.38050 1.20912 0.19487 0.16175 0.07765 0.28090 0.67726 -0.46810 1.53284 1
-0.11323 1.00352 -0.42394 -0.36806 0.76152 0.14828 -0.35527 -0.19346 0.77047 0.14650 -0.14433 -0.41082 0.32971 0.56687 1.76861 -1.48234 1
-0.11765 -2.36906 -0.42394 -0.98376 -1.13598 1.44769 -0.35527 1.82055 -0.70370 -1.12498 1.53128 -0.41082 0.32971 1.79452 4.35932 -1.48234 1
-0.11119 0.62018 -0.42394 2.12289 1.66229 -0.54401 -0.35527 -1.08848 0.16002 -0.52901 0.93021 -0.41082 0.19749 -0.48191 0.39394 1.10210 1
-0.11517 0.13143 -0.42394 -0.24554 0.17713 0.28693 -0.35527 0.22348 1.54992 0.81877 0.01622 -0.41082 0.21471 0.84609 0.65830 -1.48234 1
-0.11519 -0.08342 -0.42394 1.16849 0.31034 -0.51754 -0.35527 -1.28541 -0.70370 -0.79012 -0.19294 -0.41082 0.32971 -0.72976 -1.19221 -1.48234 1
-0.10723 -0.18154 5.73067 -0.23532 0.34378 0.94518 -0.35527 0.60850 -0.70370 -0.98044 0.18489 5.97752 0.32971 -0.02894 0.39394 -1.48234 1
-0.11736 0.15317 -0.42394 0.83107 -0.37995 0.74483 -0.35527 0.96109 -0.70370 0.00239 0.94406 -0.41082 -0.00378 -0.50860 -1.19221 -1.48234 1
-0.11337 0.32537 -0.42394 1.24320 1.32295 -0.04491 -0.35527 -0.31386 -0.70370 -0.00507 -0.08814 -0.41082 0.32971 -0.45482 -0.63706 1.53284 1
-0.10277 -0.81845 -0.41119 0.78599 0.91579 -0.71793 -0.35527 -1.52987 -0.70370 0.02150 0.53832 -0.39566 0.28731 0.77746 -0.47798 0.32677 1
-0.10295 0.41790 -0.33362 -1.23831 -1.49697 1.05325 -0.35527 1.29325 -0.70370 -0.34072 5.10396 -0.28643 0.06871 -1.31779 0.63488 0.43641 1
-0.11772 -0.60653 -0.42394 2.33593 2.11410 0.47591 -0.35527 0.38812 -0.70370 -1.12498 -0.66582 -0.41082 0.32971 -1.38057 -1.19221 -1.48234 1
-0.11696 -0.65122 -0.10539 2.98214 1.95116 -0.54601 -0.35527 -1.10160 -0.70370 -0.44855 -0.18520 -0.26777 0.12961 -0.64785 -1.19221 -1.48234 1
-0.10096 -0.31155 -0.42394 0.17391 0.28122 0.50489 -0.35527 0.33603 0.18751 -0.20258 -0.32945 -0.41082 0.26149 -1.24134 0.41693 0.92980 1
-0.10421 -0.80716 -0.42394 2.20232 2.12003 -0.93880 0.85715 -0.75926 -0.70370 -0.61383 -0.61226 -0.41082 0.32971 -0.48216 -0.37581 1.53284 1
-0.11382 -0.20118 -0.42394 0.08100 0.56162 0.49839 -0.35527 0.07516 -0.70370 -0.84077 -0.59029 -0.41082 0.32971 -0.06711 -0.11772 -1.48234 1
-0.09457 -0.38835 -0.41975 0.13539 0.15328 0.30409 -0.11366 0.16045 -0.05447 -0.50903 -0.30837 -0.41082 0.31314 0.39000 0.49007 1.19782 2
-0.09386 -0.77588 -0.41172 1.81532 1.03612 -0.54839 0.38061 -0.71245 -0.41621 -0.77784 -0.22197 -0.41082 0.31504 -0.27803 -0.59607 0.14122 2
-0.11154 0.86159 -0.40957 -1.49782 -1.67569 1.49211 -0.35527 1.89146 -0.70370 -0.45525 -0.35055 -0.41082 0.32971 4.09125 2.34058 -1.48234 2
-0.07321 -0.31664 -0.41950 -0.73424 -0.58815 0.09563 -0.35527 -0.19182 0.48870 0.63807 1.03030 -0.40460 0.30363 0.73432 0.32478 -0.17139 2
-0.08596 -1.27194 -0.08122 0.32009 1.05134 -0.25458 0.42856 -0.18343 -0.21779 -0.32869 0.12511 -0.09175 0.28012 0.91646 0.05368 -0.20669 2
-0.02055 -0.83216 2.23261 0.51412 1.23047 -0.35816 0.35396 -0.34920 0.29782 -0.40736 -0.12584 2.20286 0.24715 0.11178 -0.37601 0.07388 2
-0.10678 -1.28643 -0.41539 1.29860 2.17451 -0.85394 1.03203 -0.59147 -0.70370 -0.90678 -0.06118 -0.38774 0.32971 0.46314 -0.04362 1.53284 2
-0.11177 0.90706 -0.42394 0.27589 0.28361 0.06830 -0.35527 -0.61048 -0.70370 -0.15866 0.09513 -0.41082 0.32971 0.42401 -0.89213 0.02525 2
-0.11371 -0.33250 0.15948 0.19071 0.27108 0.40994 -0.35527 0.08533 -0.70370 -0.30007 0.80766 0.05439 -0.23967 -0.08116 0.11403 0.32677 2
-0.05779 0.59456 1.43372 -0.54635 0.03898 -0.91832 1.21766 -0.20475 0.43126 1.00414 -0.18633 1.36437 0.27179 1.62223 0.30203 0.71052 2
-0.11519 0.20048 -0.42394 -0.74356 -1.05124 0.56450 -0.35527 0.52454 1.63040 0.08292 -0.61432 -0.41082 0.32971 0.60725 -0.18284 -1.48234 2
-0.11601 1.77639 -0.42394 0.19563 -0.08212 0.29169 -0.35527 -0.11744 -0.70370 -0.62761 1.26427 -0.41082 0.18258 0.87486 0.25602 0.92980 2
-0.11666 0.55536 0.21728 -0.23289 0.70126 -0.86612 -0.35527 -1.77308 2.73603 -0.53162 0.81809 0.09111 0.32971 0.66698 -1.19221 1.53284 2
-0.07380 -0.82318 -0.42394 1.11752 1.03638 -0.06884 0.00368 -0.15988 -0.38721 -0.57903 0.35253 -0.41082 0.30548 0.18755 0.23723 0.55115 2
-0.09875 -0.76781 -0.42394 1.16539 1.42406 -0.69302 0.74850 -0.68414 -0.70370 -0.86532 0.29411 -0.41082 0.31050 0.29346 -0.45200 0.62829 2
-0.09337 -1.41243 -0.42394 2.65548 2.65851 -1.38218 1.06717 -1.24952 0.13061 -0.78916 0.81673 -0.41082 -0.56433 0.41833 0.14297 0.12576 2
-0.11460 1.27931 -0.42394 0.16185 -0.29459 -0.01354 -0.35527 -0.86351 -0.70370 -0.46826 -0.52378 -0.41082 0.32971 0.12021 1.76861 -1.48234 2
-0.09451 -0.68323 -0.40720 1.13485 1.22301 -0.47109 0.43347 -0.69477 -0.70370 -0.74739 -0.58502 -0.39941 0.32971 -0.67936 -0.68367 -1.48234 2
-0.07675 0.34455 5.71106 -0.70073 -0.42421 1.12915 -0.35527 1.16945 0.01890 -0.70949 -0.24699 6.05630 0.32971 0.07439 1.35224 1.53284 2
-0.11463 0.79855 -0.42394 -0.44734 -0.89389 -0.61356 -0.35527 -1.33079 1.00122 -0.24268 4.98314 -0.41082 0.06871 0.18803 0.33925 1.25873 2
-0.11400 1.02750 -0.42394 0.37384 0.16753 0.44317 -0.35527 -0.02114 -0.70370 -1.12498 -0.37965 -0.41082 0.16156 -0.70192 0.51595 -1.48234 2
-0.11719 -0.67833 -0.42394 0.47659 -0.30644 0.88443 -0.35527 1.28850 -0.70370 -0.15866 -0.29813 -0.41082 0.32971 -0.50860 -1.19221 1.53284 2
-0.11075 -1.24863 -0.42394 0.65217 1.00171 -0.01477 -0.35527 -0.54970 0.17551 -0.82165 -0.12613 -0.41082 0.32971 -0.40285 -0.72958 1.53284 2
-0.11048 -0.59669 3.25717 0.02268 -0.10141 0.64182 -0.35527 0.77682 1.26680 -0.61511 -0.02741 3.18340 0.22916 -0.77016 1.14528 0.24062 2
-0.09216 -0.09444 -0.42013 0.17978 0.17559 0.06395 0.02388 -0.19360 -0.10503 -0.50535 0.26086 -0.39990 -0.86170 0.28678 0.71613 0.62829 2
-0.09134 -0.56504 -0.41655 1.11863 1.25550 -0.50657 0.17697 -0.74381 -0.70370 -0.60264 0.16445 -0.41082 0.23957 -0.21566 -0.60005 0.42198 2
-0.10452 -0.63294 -0.42394 1.02973 1.79587 -1.25849 1.08983 -1.15938 -0.16058 -0.09442 -0.57141 -0.41082 0.30199 0.17877 -0.20726 -0.47728 2
-0.06436 -0.82026 1.54213 0.71401 1.46411 -0.39316 0.38814 -0.62087 -0.26573 -0.49540 0.23839 1.47983 -0.43015 0.75896 0.60387 0.47753 2
-0.08554 -0.42589 -0.39651 -0.36198 -0.03630 0.17230 -0.35527 -0.18485 1.47479 0.16941 -0.42278 -0.39316 -0.42374 -0.18445 -0.13895 -0.47728 2
-0.10241 -1.43669 -0.42394 2.21880 2.21464 -1.03828 1.11294 -0.71784 -0.70370 -0.57440 -0.68440 -0.41082 0.30644 -0.74013 -0.49827 1.19782 2
-0.10104 0.16084 -0.41245 -0.29079 -0.23369 0.68452 -0.35527 0.54036 -0.23010 -0.63481 -0.54657 -0.41082 0.01555 -0.41467 0.35494 -0.72854 2
-0.11669 0.04108 3.59510 -0.71268 -0.18394 0.94587 -0.35527 1.12099 3.85592 -0.33844 -0.06004 3.58127 0.32971 -0.25493 -0.18284 -1.48234 2
-0.04082 -0.79262 1.10055 0.64285 1.25088 -0.55433 0.28148 -0.74271 -0.32755 -0.20037 0.41191 1.04370 0.23854 0.05811 0.18309 0.64311 2
0.00257 -0.97427 1.07766 0.70944 1.45425 -0.46362 0.30769 -0.64818 0.03315 -0.43648 -0.30990 1.00042 0.10097 0.31928 -0.01159 0.02525 2
-0.11162 1.17452 -0.42394 0.22517 -0.61355 0.52191 -0.35527 0.41893 -0.70370 -0.57948 1.42911 -0.41082 0.27592 1.30723 0.56090 1.53284 2
0.09378 0.12245 -0.01367 -0.57166 -0.49435 0.29773 0.33039 0.63164 -0.19740 -0.41900 0.09779 -0.02756 -2.21508 0.46704 0.60806 -0.15989 2
-0.10401 -1.00172 -0.41702 1.30059 1.54512 -0.69017 0.71383 -0.48512 -0.17946 -0.31110 -0.54154 -0.41082 0.30296 -0.40568 -0.93697 1.53284 2
-0.09014 -0.57641 -0.39915 -0.19036 -0.10382 0.05138 0.18230 0.05057 -0.11137 -0.15428 -0.39282 -0.41082 -0.62241 -0.26083 0.57419 -1.48234 2
-0.10851 -0.08535 -0.42394 -0.70204 -0.55430 0.88422 -0.35527 1.11647 0.95787 -0.69505 0.49652 -0.41082 0.28731 -0.26485 0.36916 0.86280 2
-0.10907 0.00234 -0.42394 -0.30421 -0.12325 0.48263 -0.35527 0.09176 -0.70370 -0.39607 -0.47013 -0.41082 0.28658 -0.22156 -0.18284 0.52778 2
-0.09248 -0.65965 -0.42394 0.54710 0.90736 -0.09747 0.35171 0.28010 1.07064 -0.00271 -0.54444 -0.41082 0.32971 0.52778 -0.71974 1.53284 3
-0.10250 -0.76537 5.99519 -0.24977 0.62678 0.58836 -0.35527 0.19107 -0.70370 -0.49866 0.05944 6.40108 0.25030 -0.63707 0.55125 1.53284 3
-0.08930 -0.82914 1.73656 0.30541 0.78488 0.37789 -0.31926 -0.12669 -0.43476 -0.70743 -0.40361 1.57108 0.28854 -0.07162 0.68436 0.02525 3
1.45404 -0.13844 1.10939 -0.18338 0.02854 -1.49816 0.78558 -1.27919 0.05113 1.82523 0.13036 1.06979 -0.86634 0.99152 -0.06923 0.23489 3
0.10530 0.12666 -0.29093 -0.59315 -0.43212 0.68702 -0.08007 0.79636 -0.05016 -0.51901 0.01173 -0.26032 -3.72222 0.66400 1.13772 -0.00374 3
-0.11396 1.38638 -0.42394 -0.10280 0.44658 0.79078 -0.35527 0.73995 -0.70370 -0.82830 -0.72342 -0.41082 0.32971 -1.07446 -0.18284 1.53284 3
-0.06292 -0.21522 -0.41490 -0.08321 0.27906 -0.04583 -0.02397 -0.29150 -0.01767 -0.17827 -0.57267 -0.40081 0.18968 -0.54437 -0.00016 -0.06343 3
-0.11335 1.01400 -0.05583 0.07072 0.93780 0.36551 -0.35527 -0.05752 -0.70370 -0.62392 -0.64171 0.01303 0.25560 -0.21192 -0.26695 0.02525 3
-0.02527 -0.91005 -0.38296 0.09507 0.73921 -0.00002 -0.31858 -0.49025 -0.16421 -0.42037 -0.11947 -0.36302 0.32184 -0.33366 -0.08682 0.40717 3
-0.11229 2.23052 -0.42394 -0.70971 -0.51417 0.86624 -0.35527 0.51640 -0.70370 -0.87258 -0.83672 -0.41082 0.32971 -1.13217 -0.26695 -1.48234 3
-0.11481 0.04526 -0.42394 -0.72344 -1.03280 0.95342 -0.35527 0.96109 -0.70370 -1.12498 -0.73891 -0.41082 0.10738 -1.23292 1.14528 -1.48234 3
-0.11080 -0.05976 -0.38497 -0.25805 -0.14696 0.56639 -0.35527 0.37401 -0.70370 -0.79177 0.13664 -0.37558 -2.47951 -0.31390 0.65830 0.77905 3
-0.09700 -0.20736 2.18163 -0.24151 -0.10490 0.41086 -0.35527 0.07569 0.02113 -0.37479 -0.30363 2.07471 0.25573 0.67342 0.06474 0.52778 3
-0.10110 -0.27738 -0.37204 1.88944 1.06339 -1.37891 -0.35527 -1.96116 0.29494 0.25313 1.49827 -0.32581 0.19382 2.50158 -0.50097 0.40215 3
-0.10855 -0.54120 1.20738 0.85287 1.71490 -0.26793 -0.35527 -0.79833 -0.70370 -0.32785 -0.42001 1.15454 0.29602 -0.35173 -0.12461 -1.48234 3
-0.11484 0.04108 -0.42394 0.86634 -0.18394 -0.29208 -0.35527 -0.63692 -0.70370 0.42646 0.16496 -0.41082 -0.12923 1.06724 -0.11772 -0.47728 3
-0.11611 -0.03285 -0.42394 -0.56114 -0.23117 0.61575 -0.35527 0.52454 -0.70370 -0.58813 -0.89593 -0.41082 0.32971 -1.34325 0.65830 -1.48234 3
-0.09808 0.15973 -0.41411 -0.57106 -0.51015 0.31511 -0.00793 0.19095 0.09009 -0.71420 -0.31996 -0.41082 -1.10822 0.22080 0.65830 1.53284 3
-0.10594 -0.20057 -0.40798 -0.46475 -0.40022 0.99484 -0.35527 1.12369 -0.70370 -0.78220 -0.61709 -0.38665 0.29591 -1.28909 0.21770 -0.47728 3
-0.08599 0.26272 -0.35286 -0.94141 -0.36702 0.17783 0.46164 0.67766 0.33919 -0.40538 -0.30300 -0.29668 0.30310 -0.30980 -0.05018 0.92980 3
-0.10984 -0.40274 -0.42394 -0.49702 -0.63528 0.71020 -0.35527 0.52719 -0.70370 -0.46826 -0.48304 -0.41082 0.18401 -0.47004 -0.43946 0.02525 3
-0.11513 0.48565 -0.42394 -0.43513 -0.89512 1.03528 -0.35527 1.59438 1.87609 -0.23495 -0.92084 -0.41082 0.32971 -1.30691 -0.33813 1.53284 3
-0.11123 0.49027 -0.42394 0.28364 -0.68611 0.90820 -0.35527 0.98628 -0.70370 -0.93915 -0.64594 -0.41082 0.32971 -1.05849 -1.19221 1.53284 3
-0.02138 -0.45440 0.92921 0.52828 0.43528 0.16738 -0.35527 -0.08013 -0.26671 -0.28322 -0.39056 0.91766 0.26653 -0.13945 -0.31225 -0.19012 3
-0.09236 0.18254 -0.42010 -0.10611 -0.60570 0.79450 -0.35527 0.56497 -0.35790 -0.46883 -0.00601 -0.39820 -0.88780 0.31304 0.96672 0.32677 3
-0.06580 -0.41991 -0.27327 0.53881 0.58097 -0.19794 0.36853 -0.06535 0.03172 -0.18621 -0.68899 -0.26594 0.29968 0.15941 -0.38358 -0.81230 3
-0.08038 -0.16840 -0.40813 2.84238 0.40483 -1.42481 1.68650 -0.24913 0.43400 0.15068 3.02777 -0.40390 0.18457 2.93719 -0.45578 -0.14775 3
-0.06049 -0.06812 -0.40315 1.09608 0.29622 -0.16296 -0.08771 -0.35555 0.40540 -0.25341 0.37366 -0.39733 -1.43103 1.47125 0.04686 0.17601 3
-0.09658 1.19492 -0.32320 -1.07504 -0.82224 1.03064 -0.31932 1.26962 -0.28475 -0.33003 -0.36911 -0.33440 -0.37576 -0.72135 1.15064 1.21545 3
-0.11497 0.22163 -0.42394 -0.92639 -1.40900 0.48186 -0.20769 0.54907 -0.70370 0.01506 -0.17645 -0.41082 0.32971 -0.06772 0.28820 0.52778 3
-0.10989 0.99566 -0.42394 -0.40170 -0.61558 1.07944 -0.35527 1.13548 -0.70370 -0.75736 -0.20220 -0.41082 -0.32278 -0.05943 1.27514 -1.48234 3
-0.09486 0.15317 -0.42394 0.27339 -0.09328 0.16395 0.21166 0.28795 -0.36092 -0.41544 -0.45534 -0.41082 0.27723 -0.50216 -0.46584 -0.87930 3
-0.06802 5.49480 -0.14122 -1.31626 -0.95250 -3.25755 6.13206 1.19911 -0.70370 -0.84172 -0.16825 -0.37487 -6.80936 0.71809 1.56541 1.19782 3
-0.08905 0.40198 -0.42394 -0.30357 -0.95719 0.69542 -0.33742 0.43623 0.19432 -0.35045 0.42862 -0.41082 0.26861 -0.11227 0.82653 0.77905 3
-0.09538 0.69927 -0.40658 -0.46514 -0.48729 0.73616 -0.32118 0.79909 0.11154 0.28131 -0.72117 -0.41082 -1.27189 -0.01328 2.37071 -0.47728 3
-0.10890 -0.80323 -0.42394 1.23155 1.79320 -0.60319 0.98287 -0.14241 -0.70370 -0.70743 -0.13096 -0.41082 0.32971 -0.91671 -0.05343 1.53284 3
0.02231 -0.92900 -0.20969 0.82963 0.84706 -0.75596 -0.31789 -1.40632 -0.37831 0.13389 -0.49531 -0.22429 0.28227 0.63369 -0.86876 0.25976 3
-0.07151 -0.38638 -0.41967 0.17747 0.71374 0.08681 0.26046 0.34219 -0.04188 -0.49707 -0.34960 -0.41082 0.26216 -0.12303 -0.04871 0.32677 3
-0.10001 -0.69075 -0.42394 0.91485 0.66672 -0.71292 0.45427 -0.67115 0.94391 0.15397 -0.37965 -0.41082 0.16156 0.72651 0.11070 -0.22601 3
-0.11663 2.79615 -0.42394 0.23166 -0.18394 0.47591 -0.35527 -0.05752 -0.70370 -0.37340 3.62385 -0.41082 0.10738 -0.34751 -1.19221 -1.48234 3
0.00843 0.43534 -0.40493 -0.98200 -0.91328 0.80144 -0.05671 1.22256 -0.07461 -0.44976 -0.71219 -0.40317 0.19774 -0.89496 0.50743 -0.11180 4
-0.11525 -0.52889 -0.39341 -0.03244 -0.77535 0.25036 -0.35527 0.35664 -0.70370 0.73333 2.59248 -0.33222 0.21976 1.00148 -1.19221 0.52778 4
-0.10178 -0.60969 -0.41794 -0.46095 -0.21038 -0.77051 0.10025 -0.98649 0.61513 0.92249 0.25305 -0.41082 0.32971 0.07678 -0.35424 0.02525 4
-0.05419 -2.13475 1.14541 -0.91995 -0.87230 -3.65997 4.41878 -1.32713 0.23666 2.79515 -0.63204 1.09858 0.26573 0.49678 -0.69958 -0.72854 4
-0.05762 0.13713 -0.30506 -1.17914 -1.00508 0.54769 -0.35527 0.63368 0.63007 0.37052 -0.12721 -0.30377 0.15956 1.38654 -0.30808 -0.85851 4
0.00869 -0.29246 0.54454 -0.76467 -0.53451 0.68798 -0.35527 0.64025 0.76196 -0.12517 -0.37848 0.55889 0.25152 -0.45872 0.21204 0.16230 4
-0.03681 -1.04116 -0.38825 0.12826 0.28857 -3.53494 4.06378 -1.32559 -0.48114 1.67746 -0.64816 -0.39052 0.22182 -0.11315 -0.63838 0.12576 4
-0.10070 0.08813 -0.38447 -0.41868 -0.36537 0.86747 -0.35527 0.91961 -0.70370 -0.81890 -0.11865 -0.37845 0.32971 -0.96630 -0.47588 0.59060 4
2.75255 -0.22558 0.80483 -0.41314 -0.43043 -0.85996 0.51763 -0.72891 0.26486 1.43896 -0.44319 0.72730 -0.01596 -0.21319 -0.08431 -0.23694 4
-0.10596 -0.48530 -0.20015 0.49664 0.56994 0.50796 -0.35527 0.35442 -0.12703 -0.72708 -0.39682 -0.24252 0.32971 -1.15157 -0.65712 0.02525 4
-0.11508 1.51851 -0.39488 0.25242 -0.00075 -0.83051 -0.35527 -0.79833 -0.70370 2.97456 -0.09938 -0.41082 0.22865 -0.37648 -1.19221 1.53284 4
-0.07503 0.20509 -0.27136 -0.73173 -0.74721 -0.47068 0.54628 -0.37546 1.26086 0.67114 0.33752 -0.26748 0.14926 0.43068 0.10935 0.58285 4
0.56772 0.15078 1.70709 -0.03884 0.14990 -1.25137 0.27154 -1.49399 0.50657 1.96561 0.38846 1.29452 -0.19468 1.90960 -0.07797 -0.15761 4
-0.10527 -0.05483 -0.42394 -0.48702 -0.35663 0.66471 -0.35527 0.58033 -0.07729 -0.15248 -0.83693 -0.41082 0.32971 -0.92347 -0.68753 -1.48234 4
-0.08287 0.72890 -0.02920 -0.75187 -0.92952 0.98529 -0.35527 1.29615 0.25976 -0.46019 1.61460 -0.08570 -0.24796 -1.54497 0.81783 0.52778 4
0.01452 -0.06920 1.06908 -0.18233 0.10511 -0.55954 0.06219 -0.66606 0.24780 1.07635 1.01043 0.88982 0.23260 0.08426 -0.28198 -0.02138 4
0.93647 -0.59573 1.57636 -0.28460 0.06190 -0.30250 0.10786 -0.33982 -0.04847 0.34439 -0.44024 1.48403 0.26574 0.48768 -0.32451 -0.36099 4
7.70479 -0.08431 -0.19626 -0.95137 -0.92197 0.73515 -0.14718 0.84046 -0.04300 -0.06365 -0.59108 -0.13037 -5.60235 0.63016 0.86675 -0.31227 4
-0.10936 0.21832 -0.42394 1.88665 1.62391 -1.24611 1.16388 -0.72085 -0.70370 0.23878 1.91166 -0.41082 0.16834 -0.41557 -0.16731 1.53284 4
-0.11393 -2.33408 2.82367 0.53860 -0.77197 -1.76892 3.46664 0.74132 1.98210 0.72824 -0.67079 4.09623 0.19266 -2.17791 -1.19221 1.53284 4
0.06135 -0.68889 3.85024 -0.45961 -0.12478 -0.14683 -0.12113 -0.31250 -0.03426 0.60722 -0.65886 3.66455 0.28487 -0.44592 -0.50977 -0.22601 4
-0.02967 0.13737 0.41138 -1.34702 -1.33977 0.88750 -0.35527 1.19206 0.41089 0.36071 0.21644 0.45044 -0.78193 -0.09708 1.01794 0.63279 4
-0.09160 0.12235 -0.37541 -0.51760 -0.17104 -0.29539 -0.35527 -0.72481 1.32354 1.47281 -0.20484 -0.37912 0.25582 0.24498 -0.41645 0.40215 4
-0.07285 0.50325 -0.11796 -0.71160 -0.52014 -1.62544 0.72784 -1.61613 1.50104 1.42859 -0.08916 -0.08335 0.09666 2.34168 -0.67043 -1.48234 4
-0.11551 1.33964 -0.42394 -0.98060 -1.77265 -0.20232 -0.35527 -0.06422 1.87609 2.88017 3.30863 -0.41082 0.32971 1.27005 0.45269 1.53284 4
-0.05566 -1.82284 -0.32796 1.57267 1.90189 -2.42525 1.93066 -1.58922 1.27439 1.24351 -0.54964 -0.33441 0.11002 -0.20683 -0.72743 -0.57779 4
-0.04022 0.57056 -0.39697 -0.99630 -1.03506 0.87410 -0.35527 0.87616 -0.00053 -0.11418 -0.40180 -0.39372 -3.30621 0.43462 0.63614 -0.02674 4
-0.09876 -0.22711 -0.39852 -0.29151 0.04818 -0.13476 -0.19557 -0.60293 -0.33306 -0.03810 -0.71612 -0.39730 0.21623 0.22966 -0.71208 -0.47728 4
-0.10993 1.02565 -0.42394 -0.30537 -0.54032 0.38712 -0.35527 0.13728 -0.70370 0.12189 -0.54874 -0.41082 0.09918 0.00511 -0.24727 -0.87930 4
-0.01360 0.29442 -0.34247 -0.66168 -0.69321 0.41239 -0.35527 0.31760 -0.42391 -0.22002 -0.62808 -0.31640 0.28331 0.11138 -0.54473 -0.30977 4
-0.11438 0.89884 -0.32721 -1.62878 -1.88073 0.86379 -0.35527 1.16945 3.75230 0.41235 -0.34782 -0.24826 0.21602 1.65169 -0.26695 -1.48234 4
0.35090 0.29007 -0.05668 -1.45745 -1.32723 0.50639 -0.17189 0.63644 0.42800 0.46239 -0.13077 -0.01827 -1.13863 0.00376 0.13121 -0.10823 4
0.02812 0.42385 -0.33958 -0.55503 -0.76782 0.30192 -0.35527 0.32260 0.32282 0.82284 -0.75591 -0.32804 0.18359 -0.60928 -0.04078 -0.27627 4
0.34497 -0.06265 -0.40919 -0.07627 -0.22408 0.65297 -0.29109 0.73090 -0.50102 -0.36751 -0.86708 -0.39726 0.29265 -1.35697 -0.74136 -0.58125 4
-0.04668 -0.29949 -0.39735 -0.78472 -0.41246 0.35893 -0.06222 0.43283 0.23778 0.27578 -0.77371 -0.37647 0.31169 -0.12211 -0.57862 -1.48234 4
-0.09812 0.96354 -0.42394 -1.48259 -1.68618 1.02280 -0.35527 1.41128 0.17159 0.00743 -0.26962 -0.41082 0.10639 -1.05269 0.88036 0.14122 4
-0.07831 0.49617 -0.42394 0.18133 0.00470 0.13132 0.41691 0.47725 -0.26800 -0.26066 -0.69005 -0.41082 0.31859 -1.03895 -0.66033 0.40215 4
-0.11464 -1.21460 0.09170 0.13916 0.32322 -1.16193 -0.15284 -1.61728 -0.70370 1.12977 -0.73891 0.00641 0.32971 0.55254 -1.02893 1.53284 4
-0.06362 0.25188 0.51556 -1.18166 -1.49350 1.05336 -0.35527 1.66111 0.51843 0.47121 1.28187 0.45538 -1.60353 -0.42793 0.90051 -0.64204 4
-0.05481 0.03226 -0.29136 -1.03635 -0.99726 -1.25862 -0.35527 -1.76052 0.81539 1.77498 -0.32695 -0.27412 0.22118 1.31459 -0.97674 -0.64479 4
-0.07935 0.11796 -0.32899 -0.73256 -0.92100 0.78245 -0.35527 0.86961 -0.70370 -0.30787 -0.78308 -0.28309 0.07749 -1.84922 -0.75850 -0.16320 5
-0.01741 -0.10860 -0.37521 -0.55016 -0.40129 0.19484 -0.23293 0.03480 -0.01061 0.30970 -0.75933 -0.36025 0.16466 -0.57316 -0.48414 0.17601 5
0.21463 -0.12575 0.23995 -0.14277 0.16700 -1.20516 0.41275 -1.27453 0.65606 1.20945 -0.34656 0.17656 0.25371 0.47223 -0.42471 -0.55833 5
0.23136 0.59143 -0.13388 -1.39696 -1.25570 1.07000 -0.35527 1.44875 0.51745 0.21239 -0.69194 -0.14249 -0.88321 -0.86492 1.12165 0.07388 5
-0.11649 1.60106 -0.42394 -0.10371 -1.02398 0.94205 -0.35527 1.30244 -0.70370 0.31422 -0.65811 -0.41082 0.32971 -1.51459 0.39394 -1.48234 5
0.00070 1.09252 -0.31428 -0.74117 -0.99526 -0.58194 0.30703 -0.27965 0.46812 1.11984 1.46767 -0.35007 0.14088 1.17357 -0.50459 -0.43708 5
-0.08810 -0.23478 -0.42064 -0.61131 -0.33472 -0.12182 0.21556 0.17408 0.98651 1.49908 -0.72876 -0.40054 0.28658 0.30478 -0.87627 -1.48234 5
-0.09864 -0.77271 -0.37846 0.11496 0.38672 -0.19930 -0.26268 -0.46706 -0.33790 1.02040 0.08819 -0.38413 0.29238 -0.18063 -0.60092 0.92980 5
0.40070 -0.09308 -0.37842 -0.43132 -0.42244 0.43118 -0.21686 0.34670 -0.42487 -0.11224 -0.73744 -0.35487 0.23722 -0.84755 -0.75442 -0.11180 5
-0.04205 0.38416 -0.41737 -1.09237 -0.93889 0.81032 -0.35527 1.02676 0.19516 0.15422 -0.73975 -0.41082 0.30677 -0.34728 -0.60886 -0.62086 5
0.18395 0.54749 -0.37639 -1.15070 -1.07864 0.28074 -0.22473 0.14552 -0.33357 0.23407 -0.69170 -0.36549 0.03966 0.14110 -0.82374 -0.78317 5
-0.07819 0.48455 -0.40899 -0.21811 -0.36013 0.47749 -0.19216 0.06003 -0.47222 0.03301 0.37692 -0.36859 0.05803 2.15517 0.45133 0.52778 5
-0.10086 0.21876 2.49377 -0.50080 -0.45407 -0.01624 -0.35527 -0.32809 0.14140 0.69729 -0.65334 2.48718 0.28658 -1.04258 -0.92993 -0.27627 5
0.05365 -0.48039 -0.40642 2.04442 1.07427 -0.91622 -0.35527 -1.25372 -0.56267 0.68742 0.65507 -0.40181 0.16239 1.01893 -0.97852 -0.49164 5
-0.01416 0.51886 -0.35842 -1.54718 -1.65259 0.81270 -0.35527 1.29388 1.29872 0.94755 -0.71177 -0.34094 0.13423 -1.05468 0.65830 -1.05160 5
0.03562 0.69901 -0.37631 -1.37612 -1.53391 0.41311 -0.35527 0.68195 0.49847 1.58977 -0.37138 -0.35500 0.17635 -0.46594 -0.25423 -1.28781 5
-0.11426 -0.44585 0.30445 -1.06742 -1.43840 0.26763 -0.35527 0.23186 -0.70370 1.02728 -0.95839 0.43448 0.23875 -0.99869 -1.19221 -1.48234 5
0.22693 1.73469 -0.00671 -1.58318 -1.39133 1.18688 -0.31564 1.48064 0.70853 0.27578 -0.62811 0.27753 -7.32098 3.69072 4.21471 -0.79707 5
-0.03294 -0.18733 -0.38987 -0.21651 -0.16071 0.14013 0.01991 0.14448 0.54207 0.09827 -0.53692 -0.38984 0.26614 -0.60543 -0.07216 0.52778 5
-0.04375 0.37389 -0.39570 -1.24999 -1.68390 1.13865 -0.35527 1.51081 -0.46618 -0.48993 -0.59156 -0.37183 0.28729 -1.41104 -0.70947 -0.29454 5
-0.09436 0.30920 -0.29916 -0.18797 -1.64250 0.79984 -0.35527 1.20458 -0.04243 0.35791 1.06958 -0.22989 -0.05834 -1.27976 1.37003 -0.68887 5
0.39090 0.60771 -0.25512 -1.03372 -0.96151 0.54592 -0.26225 0.60385 0.22345 0.62221 -0.29433 -0.23660 -1.61269 0.19617 0.63227 -0.52098 5
-0.05433 0.22163 -0.39418 -0.61201 -0.69030 0.49971 -0.11339 0.83053 -0.16542 0.68563 -0.48847 -0.38627 0.13744 -1.24442 -0.37510 -1.15928 5
-0.08507 0.24947 -0.37887 -1.05627 -1.01401 0.67568 -0.35527 0.72017 -0.43946 0.65269 1.64869 -0.35298 0.27577 -0.95322 -0.00645 0.43641 5
-0.06734 0.93204 -0.33358 -0.60368 -0.96512 1.29970 -0.30900 1.89077 1.21849 0.24279 -0.78464 -0.29687 -0.32011 2.33145 2.87104 0.92980 5
0.82027 0.08461 -0.39855 -0.18689 -0.26745 -0.38998 -0.01092 -0.46364 0.32115 1.06999 -0.66161 -0.39048 -0.62458 0.57074 0.04017 -0.19012 5
0.24055 0.67870 -0.38221 -1.53261 -1.68700 1.00757 -0.35527 1.49706 0.24006 0.55727 -0.71333 -0.36587 0.15714 -1.19761 -0.24439 -1.05160 5
0.13694 0.19838 0.42257 -1.48387 -1.34665 0.88341 -0.33981 1.10703 -0.26045 0.61451 -0.46885 0.56746 -0.53167 -0.32986 0.97264 -1.06817 5
-0.08615 -0.42958 0.20947 0.90410 0.64054 -1.06864 -0.34714 -1.59658 0.09413 1.24905 3.06072 0.26587 0.19740 -0.58957 -0.72141 0.41292 5
0.60753 0.15984 -0.34955 -0.71721 -0.70640 0.39729 -0.07862 0.64764 0.30503 0.62958 -0.73633 -0.33722 -0.81312 -0.38741 0.12846 -0.76822 5
-0.03575 -0.15788 -0.39114 -0.17526 -0.45482 0.53129 -0.35527 0.34705 -0.50987 -0.20547 -0.70596 -0.37193 0.27036 -1.13427 -0.69063 -0.72854 5
0.50780 0.64242 -0.30109 -1.13996 -1.12677 0.41683 -0.24263 0.68406 0.30823 1.49845 -0.79322 -0.28242 -1.37280 0.13017 0.95392 -0.75286 5
-0.07371 0.43319 -0.27809 -1.80974 -1.72909 1.70385 -0.35527 2.79011 -0.70370 -0.83520 -0.90679 -0.25323 0.19500 -2.15908 -0.45200 -0.87930 5
0.21937 -0.72082 -0.35101 -0.61433 -0.72221 -2.19559 1.83936 -1.51817 -0.44852 1.40801 -0.48539 -0.37443 0.16162 -0.66275 -0.88774 -0.51631 5
-0.10360 0.01338 -0.41048 -0.20560 -1.17361 0.69761 -0.35527 0.74718 -0.70370 -0.22308 -0.32261 -0.37267 0.27635 -1.63276 0.27193 1.15594 5
-0.11034 0.67155 -0.41167 -0.63307 -1.41997 1.01197 -0.35527 1.27941 -0.70370 -0.18550 0.06722 -0.37108 0.21854 -2.05661 -1.19221 1.53284 5
0.83688 -0.55571 -0.22507 0.25845 -0.30859 -1.03894 0.05087 -1.18353 -0.49277 1.15352 -0.61006 -0.26196 -0.12235 -0.07527 -0.65225 -0.03256 5
0.90556 0.86135 -0.09097 -0.81942 -0.81372 -1.92081 -0.19332 -2.31090 0.15928 3.44015 -0.59460 -0.06881 -0.71580 2.32099 -0.38036 -1.03467 5
-0.11787 -3.00954 -0.27335 1.63500 3.73624 -1.84419 -0.35527 -1.65820 -0.70370 3.70663 1.78875 -0.41082 -1.57596 -2.27610 -1.19221 -1.48234 5
-0.11021 -0.78748 -0.36360 3.32824 0.51985 0.01741 -0.35527 0.51998 -0.70370 1.13920 3.34952 -0.41082 0.32971 -1.85872 -1.19221 -0.30568 5
