-0.11778 -1.32691 -0.42394 1.44293 -0.88397 0.61575 -0.35527 0.38812 -0.70370 -1.12498 1.40413 -0.41082 0.32971 -0.89410 6.20983 1.53284 1
-0.11168 -1.94322 2.83042 1.75749 2.50184 -1.74547 2.86744 -0.26670 -0.70370 -0.40024 -0.29813 2.70563 0.04386 0.42426 0.78167 -1.48234 1
-0.11683 0.69417 3.27020 2.80235 1.32113 -1.02151 -0.35527 -1.88400 -0.70370 -1.12498 1.19250 3.16543 0.32971 0.17877 -1.19221 1.53284 1
-0.11818 -2.05890 -0.42394 2.10578 2.89621 -1.27212 -0.35527 -2.47673 -0.70370 -1.12498 3.24776 -0.41082 0.32971 1.11608 -1.19221 -1.48234 1
-0.11789 0.19058 -0.42394 0.27524 1.06339 -0.75990 -0.35527 -2.17517 -0.70370 -1.12498 2.21195 -0.41082 0.32971 -0.73207 2.50881 -1.48234 1
-0.11674 1.21442 -0.42394 3.39387 2.49829 -1.61584 -0.35527 -2.38858 -0.70370 -0.60465 0.62958 -0.41082 0.32971 -0.00892 -1.19221 0.52778 1
-0.08683 0.39768 -0.41760 -1.64435 -1.54207 1.75986 -0.35527 2.75474 -0.70370 -0.95198 1.01462 -0.41082 -9.36799 2.76876 5.12129 0.02525 1
-0.10077 -0.85112 -0.42394 2.79211 2.05880 -1.16732 1.05158 -0.94503 -0.31545 -0.99103 0.01842 -0.41082 0.29008 0.36014 -0.67976 0.77905 1
-0.11332 -0.81257 -0.42394 1.50363 1.34640 -0.17452 -0.35527 -0.94132 -0.70370 -1.12498 1.64758 -0.41082 -0.38959 1.14144 1.43746 1.10210 1
-0.11693 2.03513 -0.42394 -0.63003 -2.14403 0.68699 -0.35527 -0.02114 -0.70370 -1.12498 2.16282 -0.41082 0.32971 2.51136 -1.19221 1.53284 1
-0.11756 -0.16859 -0.42394 1.02228 2.52560 -0.64283 -0.35527 -1.65820 -0.70370 0.08292 0.62255 -0.41082 0.32971 -1.39813 -1.19221 -1.48234 1
-0.11405 0.87331 -0.42394 -0.56744 -0.80576 0.13103 -0.35527 0.14715 2.96105 1.40371 0.38015 -0.41082 0.14270 -0.73616 -0.53909 1.03031 1
-0.11821 -0.87060 -0.42394 -0.34224 2.26618 -1.55816 -0.35527 -3.62267 -0.70370 -1.12498 2.10344 -0.41082 0.32971 1.20654 2.50881 -1.48234 1
-0.11789 -0.53898 -0.42394 0.27524 -0.61005 0.11817 -0.35527 -0.79152 -0.70370 -1.12498 2.66538 -0.41082 0.32971 0.38919 -1.19221 -1.48234 1
-0.11444 1.02012 -0.42394 -1.02433 -0.79740 0.66236 -0.35527 0.47494 -0.70370 -0.44172 -0.09938 -0.41082 0.32971 -0.58001 -0.13478 -1.48234 1
-0.11224 -1.44785 3.75922 0.08929 0.87150 0.57026 -0.35527 0.06559 -0.70370 -0.90100 -0.03793 3.66279 0.32971 0.37342 0.96672 -0.47728 1
-0.11631 0.23525 -0.42394 1.34486 -0.26234 0.67568 -0.35527 0.57911 -0.70370 -1.12498 -0.73891 -0.41082 0.32971 -1.19279 -0.33813 1.53284 1
-0.11630 -0.08054 -0.42394 -0.94533 0.14699 -0.50676 -0.35527 -1.02003 5.94253 0.02150 -0.58664 -0.41082 0.16013 -0.59095 4.35932 -1.48234 1
-0.11654 0.31770 -0.42394 -0.81301 -1.61744 0.06274 -0.35527 -0.13276 8.20828 1.94968 -0.25672 -0.41082 0.32971 -0.25493 0.04146 -1.48234 1
-0.11554 -1.02904 -0.35701 2.04301 1.25466 -0.41399 -0.35527 -1.10658 -0.70370 -0.75736 1.86683 -0.33307 0.32971 0.36113 -1.19221 1.53284 1
-0.11423 -0.32833 4.56888 0.28237 0.56090 0.63348 -0.35527 0.16775 -0.70370 -1.12498 0.84469 4.54091 0.32971 0.30718 0.58428 -1.48234 1
-0.08704 -1.03965 1.03537 0.95777 1.06620 -0.27890 -0.34691 -0.75593 0.37477 -0.19480 0.32425 0.91110 0.28568 0.17406 -0.50950 0.32677 1
-0.11666 0.30237 -0.42394 0.56893 0.65610 0.45335 -0.35527 0.14938 -0.70370 -0.42037 0.96850 -0.41082 0.32971 -0.31864 -1.19221 -1.48234 1
-0.11642 -0.11688 4.16692 -0.43908 -0.21079 1.06524 -0.35527 0.85449 -0.70370 -1.12498 0.59051 4.57930 0.32971 -0.26688 3.74248 -1.48234 1
-0.11678 0.55536 -0.42394 0.21295 0.59334 0.13836 -0.35527 0.00974 -0.70370 -0.48684 0.19467 -0.41082 0.14094 0.53774 -1.19221 1.53284 1
-0.11302 -0.47885 -0.38754 -0.91027 -0.32539 0.83704 -0.35527 0.84047 -0.70370 -0.61639 -0.14433 -0.35704 0.32971 0.46534 0.00812 1.53284 1
-0.11768 -0.27020 -0.42394 1.01557 -0.37995 0.32871 -0.35527 0.38812 -0.70370 0.28424 0.58425 -0.41082 -0.92089 -0.98941 4.35932 -1.48234 1
-0.10916 -1.01827 -0.42394 1.38179 1.48791 -1.28230 1.01968 -1.01434 0.93700 0.57316 0.13231 -0.41082 0.28785 -0.00719 -0.08190 0.27652 1
-0.06567 -0.82720 1.57356 0.37515 0.83489 -0.22511 0.15257 -0.41142 -0.56375 -0.49732 -0.16908 1.31477 0.25115 1.31997 -0.06555 0.63945 1
-0.10435 -0.13245 -0.40268 1.11328 1.00095 -0.69667 0.92446 -0.64323 -0.70370 -0.83508 -0.03195 -0.39038 0.32971 -0.44848 -0.46174 0.77905 1
-0.10980 -0.53391 -0.40094 1.58793 1.75070 -0.92251 -0.11442 -1.16135 0.05921 -0.33538 0.14466 -0.41082 0.32971 -0.47386 -0.45200 1.53284 1
-0.10025 -0.34282 2.75983 -0.32489 0.07146 0.28674 -0.35527 -0.26090 0.19363 -0.42843 0.46343 2.64986 0.21524 0.75208 0.60543 0.67136 1
-0.02855 -1.02695 0.53173 1.49568 1.52145 -0.34432 -0.15635 -0.83871 -0.16695 -0.46363 0.23361 0.53464 0.05973 0.41424 -0.45708 1.23723 1
-0.10670 0.39448 -0.42394 0.03438 0.00511 0.05100 -0.35527 -0.36775 1.21224 -0.02331 -0.10215 -0.41082 0.32971 0.52519 -0.18284 0.32677 1
-0.10737 -0.21187 -0.41494 0.44528 0.55236 0.13010 -0.35527 -0.41404 -0.70370 -0.44855 -0.26394 -0.38698 0.32971 0.05175 -0.35107 0.02525 1
-0.11283 -0.19554 -0.42394 1.10313 0.54239 -0.10057 -0.35527 -0.61458 -0.70370 -0.06807 -0.33403 -0.41082 0.32971 -0.16236 -0.41758 -1.48234 1
-0.10562 -0.12662 -0.22150 0.73783 0.71664 -0.31450 -0.06999 -0.61887 -0.70370 -0.29557 0.16747 -0.23541 0.27519 0.61330 -0.77057 0.19276 1
-0.11555 0.79423 -0.35667 -0.20746 0.94766 0.08549 -0.35527 -0.47133 -0.70370 -0.27945 0.44718 -0.41082 0.07959 0.63046 -0.57537 0.02525 1
-0.08791 0.22890 -0.37469 -0.01078 -0.20868 0.12180 -0.23496 -0.37832 0.06019 -0.37828 0.52147 -0.36437 -5.15341 0.77209 0.94874 1.19782 1
-0.09626 0.51262 0.89855 -0.39457 0.20488 0.81980 -0.35527 0.68643 -0.31851 -0.72630 0.29385 0.92413 0.29040 -0.52681 0.28820 1.30090 1
-0.11066 -0.13976 -0.42394 0.47740 -0.51665 0.46782 -0.35527 0.24905 -0.70370 -0.46826 -0.48304 -0.41082 0.32971 -0.84488 0.87348 1.53284 2
-0.10553 -0.26827 -0.42394 1.40000 1.45454 -0.43135 0.95999 0.25874 -0.07123 -0.57948 -0.11036 -0.41082 0.32971 -0.84428 -0.49827 0.02525 2
-0.10116 -0.52687 -0.42394 1.18676 0.62316 -0.00529 -0.35527 -0.48125 -0.70370 -0.50504 -0.38188 -0.41082 0.30933 -0.42453 -0.43518 0.43641 2
-0.10866 -0.72165 2.23256 0.13938 0.96316 -0.13630 -0.35527 -1.00467 0.07127 -0.05553 -0.41639 2.30317 0.32971 0.22986 0.19567 1.53284 2
-0.11646 -0.01711 -0.18212 0.59381 0.58906 -0.33048 -0.35527 -0.62844 2.45862 -0.03397 -0.21045 -0.18009 0.32971 0.02859 -1.19221 -1.48234 2
-0.09891 -0.74267 -0.42394 3.13426 2.34178 -1.37675 1.02613 -1.22428 -0.36623 -0.95034 -0.37882 -0.41082 0.26083 0.18364 -0.47588 0.40215 2
-0.10772 -0.47861 -0.42394 -0.20675 0.08428 0.62105 -0.35527 0.49582 0.03339 -0.36209 -0.00150 -0.41082 0.32971 -0.72863 0.14016 1.53284 2
-0.04851 -0.67894 -0.40958 1.41965 1.33734 -0.69030 0.31763 -0.88097 -0.11017 -0.44241 -0.05800 -0.39999 0.28932 -0.10437 -0.51044 0.46866 2
-0.09307 -0.67854 -0.42394 1.77741 2.14435 -1.03585 0.49216 -1.21193 -0.70370 -0.67523 0.30215 -0.41082 0.31640 0.36183 -0.67249 0.71052 2
-0.07968 -0.59655 2.00645 -0.47376 0.17983 0.52726 -0.29430 0.29688 -0.49555 -0.44281 -0.26209 1.86705 0.29784 0.27448 0.37489 0.52778 2
0.23203 0.49762 -0.08508 -0.06617 0.18342 -0.56075 1.02344 0.00364 -0.01500 -0.27699 0.50514 -0.07468 -1.94487 0.42610 0.25976 0.41976 2
-0.07370 -0.42167 0.46207 0.84920 1.10530 -0.95470 1.16517 -0.50025 -0.34394 0.08514 -0.39793 0.56035 0.29299 0.03928 0.02050 0.52778 2
-0.07725 -0.03285 -0.19983 -0.15905 -0.26868 0.85636 -0.35527 0.80979 0.56944 -0.61254 -0.03912 -0.19407 -2.70204 0.17782 1.67478 0.24062 2
-0.10584 -0.21299 -0.42394 -0.25517 0.06609 0.31050 -0.35527 -0.06606 -0.10594 -0.30007 -0.37484 -0.41082 0.32971 0.95849 -0.55775 1.23132 2
-0.06079 -0.62394 -0.42394 0.57347 0.97870 -0.21999 0.17810 -0.44628 -0.44589 -0.63578 -0.10441 -0.41082 0.26393 0.42359 -0.01251 -0.56103 2
-0.08527 -0.17453 -0.42394 -0.05256 0.19372 0.27240 -0.35527 -0.02304 0.20400 -0.10721 -0.54657 -0.41082 0.29497 -0.35312 0.02791 0.83703 2
0.02261 0.05939 0.04924 0.24201 0.26521 -0.17502 0.48960 0.09739 0.34352 -0.20167 0.31618 0.03701 -0.50452 0.26963 0.52094 0.88007 2
-0.11274 -0.67649 -0.42394 0.07776 -0.43133 0.58939 -0.35527 0.57911 0.60340 -0.44855 -0.39843 -0.41082 0.26301 -0.83916 -1.19221 -1.48234 2
-0.05352 -0.44444 -0.41002 0.71679 0.80643 -0.54997 0.26825 -0.71596 -0.26630 -0.37046 -0.40981 -0.39885 0.32413 -0.03571 -0.79342 0.26841 2
-0.09750 -0.32738 -0.42394 0.72485 0.65151 0.46683 -0.35527 0.26091 -0.35545 -0.76454 -0.40261 -0.41082 0.32971 -1.89308 -0.82211 0.46866 2
-0.10963 -0.96777 0.26462 0.90599 1.74572 -0.11967 0.67870 0.29397 -0.70370 -0.64862 -0.12338 0.42868 0.28274 -0.03094 0.73876 -1.48234 2
-0.06825 -0.19743 1.69206 0.23633 0.56916 0.57130 -0.35004 0.45158 -0.70370 -0.32226 -0.44859 1.80170 0.31388 -0.53902 -0.07123 0.64602 2
-0.10004 0.92852 -0.13042 -0.08966 -0.39477 0.58374 0.18531 1.12523 0.33642 -0.04844 0.96688 -0.10726 -2.45676 1.12033 1.81879 0.52778 2
-0.11630 -1.35234 -0.37917 -0.27353 -1.08133 0.93890 -0.35527 0.96109 -0.70370 -0.44855 1.84120 -0.26777 0.32971 0.41880 -1.19221 0.02525 2
-0.10887 0.13675 -0.42394 -1.23707 -0.95719 1.69651 -0.35527 2.53175 -0.70370 -1.12498 0.31330 -0.41082 0.25974 1.70108 5.46962 -1.48234 2
-0.09846 -1.68543 -0.41893 0.15181 0.84278 -0.11390 0.61469 0.29342 0.10648 -0.63583 -0.32278 -0.41082 0.32971 -0.45313 -0.07172 -0.72854 2
-0.09085 -1.49133 -0.33676 1.20635 2.35601 -0.93401 1.28949 -0.28153 -0.43252 -0.75075 -0.41001 -0.32178 0.31587 -0.61984 -0.31209 0.32677 2
-0.10520 0.14493 -0.42394 -0.83518 -0.93147 0.82909 -0.35527 0.98983 -0.08908 -0.27680 -0.30675 -0.41082 0.29834 -0.46432 -0.08190 -1.48234 2
-0.09069 -0.13702 -0.40950 -0.39118 -0.74455 0.86609 -0.35527 1.04999 1.61072 -0.15540 0.39963 -0.36257 -7.88667 0.71968 0.72439 0.82339 2
-0.05319 -1.07331 2.14642 0.55836 1.43462 -0.40602 0.27715 -0.64810 0.10744 -0.56529 0.28467 2.09171 0.28832 0.08137 0.23760 1.03031 2
-0.05446 -0.82330 3.68414 0.19485 1.00612 0.09127 0.18292 -0.09097 -0.03998 -0.48382 -0.42801 3.50683 0.31616 -0.41040 1.06746 0.18121 2
-0.10527 -0.84449 -0.42394 2.00150 1.74733 -0.83291 0.75584 -0.76245 -0.70370 -0.94266 -0.25090 -0.41082 0.32971 0.02723 -0.52335 1.53284 2
-0.11438 0.09739 -0.39976 0.72989 -0.01712 0.63412 -0.35527 0.51489 -0.70370 -1.12498 -0.20597 -0.34752 0.32971 -0.77150 -0.68753 -1.48234 2
-0.10977 0.22971 -0.42394 -0.31682 0.24795 0.69849 -0.35527 0.90104 1.00865 -0.68191 -0.49954 -0.41082 0.28602 0.02723 0.24708 0.77905 2
-0.08624 -1.47904 2.88905 0.61453 1.61308 -0.14839 0.13368 -0.50421 0.28527 -0.35728 -0.47298 2.65583 0.31709 0.04939 0.60586 0.52778 2
-0.07244 -0.48277 -0.36067 0.09099 0.44925 -0.23090 0.11866 -0.49244 -0.37166 -0.38040 -0.44451 -0.35025 0.32124 -0.25209 -0.01217 0.37316 2
-0.11417 -0.09820 -0.42394 -0.52662 -1.08558 1.30622 -0.35527 1.47950 -0.70370 -1.12498 -0.03912 -0.41082 0.09150 -0.68827 2.13871 1.53284 2
-0.11399 -0.90863 0.06196 1.19436 0.65269 0.07037 -0.35527 -0.31218 -0.70370 -0.87445 -0.21420 -0.03995 0.18149 -0.35998 -0.66349 1.53284 2
-0.11077 -0.67007 -0.42394 0.24476 0.47653 0.05529 -0.35527 -0.43828 -0.70370 0.01323 0.28293 -0.41082 0.28161 -0.39498 1.64261 1.53284 2
-0.08267 -1.60198 -0.38749 0.60329 1.11112 -0.14430 -0.26721 -0.45448 -0.14564 -0.48321 -0.19558 -0.37010 0.30123 0.30817 -0.76517 0.71052 2
-0.07901 -0.51685 -0.09315 -0.27585 0.07534 0.56935 -0.35527 0.41348 -0.12533 -0.59289 -0.51750 -0.08730 0.31987 0.23922 -0.23314 1.03031 3
-0.10936 0.06276 -0.42394 -0.31142 -0.50434 0.02287 -0.03997 0.05614 0.13777 0.32658 -0.80644 -0.41082 0.32971 -0.43382 -0.31893 -1.48234 3
-0.10239 -0.83039 -0.42394 0.63789 0.93321 0.43122 -0.35527 0.05626 -0.70370 -0.80516 -0.26526 -0.41082 0.28240 -0.39826 -0.13478 0.77905 3
-0.09641 0.21110 -0.41940 -0.69018 -0.81801 0.50180 -0.35527 0.32398 -0.70370 0.07391 -0.49592 -0.41082 0.23638 -0.17760 0.13750 -0.19012 3
-0.07997 0.53684 -0.17622 0.46236 0.26910 0.55681 -0.35527 0.47424 -0.31078 -0.44720 -0.78581 -0.14564 0.32971 -0.93047 -0.28378 0.67136 3
-0.08735 -1.22310 0.53368 0.09788 0.70873 0.10436 -0.35527 -0.31218 0.21357 -0.37340 -0.32902 0.59304 0.31801 0.30563 -0.30551 0.77905 3
-0.09928 0.14746 -0.42394 -0.64629 -0.62654 0.83295 -0.35527 0.91635 0.14691 -0.68479 -0.20386 -0.41082 0.32971 0.45239 0.44979 -0.47728 3
-0.08352 -0.17214 -0.34927 -0.19996 -0.31710 0.49955 -0.27258 0.60951 1.10542 0.00630 -0.33817 -0.32832 0.32971 -0.22921 -0.20358 0.16230 3
-0.08224 -0.26467 -0.41840 0.00579 0.15573 -0.03644 -0.29725 -0.46294 -0.29351 0.07787 -0.42514 -0.41082 0.32971 -0.72226 0.01003 0.02525 3
0.07085 0.14298 0.15124 -0.40028 -0.01677 -0.58714 1.14451 0.05032 0.22663 -0.03371 -0.13460 0.12371 -1.31758 0.84407 0.26293 0.00054 3
-0.11130 2.03513 -0.42394 -0.39553 -1.32733 1.05638 -0.35527 1.02062 -0.70370 -0.90536 0.32020 -0.41082 0.26474 -0.32748 1.27514 -1.48234 3
-0.10385 0.84703 -0.41710 -0.27804 -0.32424 0.57414 -0.35527 0.42780 0.38254 -0.37548 -0.73972 -0.41082 0.32971 -1.05564 0.49433 -0.47728 3
-0.03365 -0.31980 -0.42039 0.07883 0.16266 -0.10627 0.04167 -0.19629 0.69477 0.19378 -0.34891 -0.41082 -0.22215 0.52820 0.25927 0.13043 3
-0.09554 -0.24186 -0.42394 -0.18301 0.38242 0.64483 -0.35527 0.51900 -0.70370 -0.72439 -0.60187 -0.41082 0.32971 -1.03631 -0.49096 -1.48234 3
0.56402 -0.53239 0.16568 -0.34864 -0.07762 -0.36475 -0.08683 -0.71337 0.14720 0.09638 -0.26554 0.16287 0.20802 0.25626 -0.42582 -0.09903 3
-0.03430 0.86347 -0.39290 -0.78499 -0.91177 0.40912 -0.34277 0.34045 1.17487 0.51236 0.93277 -0.38196 -0.26563 1.00599 0.67193 0.02525 3
-0.10092 -0.21473 -0.36116 0.06114 0.31815 0.13985 -0.10135 -0.14241 -0.70370 -0.60919 -0.39237 -0.31732 0.19893 0.29728 -0.53479 0.19276 3
-0.10924 -1.05669 2.06216 -0.13119 -0.00417 0.51925 -0.35527 0.40021 0.12358 -0.55416 -0.14262 1.82245 0.32971 0.11655 0.08191 0.02525 3
-0.11780 -1.04521 -0.28872 1.26031 -0.18394 -0.43735 -0.35527 -1.43497 -0.70370 -1.12498 -0.63298 -0.08570 0.32971 -2.27610 4.35932 -1.48234 3
-0.10398 -0.08253 -0.32721 0.64565 0.18922 -0.17299 -0.35527 -0.69569 0.24119 -0.39151 -0.30917 -0.30741 0.28149 0.01249 -0.69654 1.03031 3
-0.10360 0.04526 0.02722 -0.63503 -0.51191 0.85109 -0.35527 0.77526 -0.11492 -0.41402 -0.12241 0.14764 -2.70477 0.17105 1.71167 0.77905 3
-0.10734 -1.82510 -0.38803 0.94377 1.63318 -1.51940 -0.35527 -2.46059 1.50547 0.30409 -0.04468 -0.39067 0.30152 1.40831 -1.01872 1.53284 3
-0.05129 -0.13863 -0.37907 -0.26394 -0.06954 -1.44968 1.69201 -0.74367 0.02247 0.19029 -0.45853 -0.40199 0.29883 -0.12412 -0.66235 -0.62086 3
-0.08691 -0.19730 -0.42076 0.68840 0.76380 -0.11862 0.12736 -0.34047 -0.46164 -0.41515 -0.63104 -0.40199 0.30500 -0.25841 -0.71208 -0.81230 3
-0.11778 0.55536 -0.42394 0.44866 1.38413 0.36403 -0.35527 -0.18485 -0.70370 -1.12498 -0.59389 -0.41082 0.32971 -0.14387 4.35932 -1.48234 3
-0.10930 -0.44913 -0.42394 1.61599 1.66726 -1.65961 1.95120 -0.56683 0.97206 0.32037 -0.58293 -0.41082 0.32971 -0.03119 -0.70947 -1.48234 3
-0.09847 -0.34638 -0.42394 -0.30719 -0.07458 0.67478 -0.35527 0.73858 -0.32300 -0.33691 -0.28482 -0.41082 0.27143 -0.63695 -0.58878 0.86280 3
-0.10344 0.41348 -0.41062 0.42368 -0.00043 0.39439 -0.35527 0.08144 0.83205 -0.59514 -0.11049 -0.39214 -0.11437 -0.39723 0.39394 0.02525 3
-0.10588 0.02875 0.44204 -0.85975 0.10712 0.12379 -0.35527 0.26521 3.82583 1.33069 -0.16722 0.43898 0.09857 0.09233 -0.17513 0.02525 3
-0.10694 -0.47118 -0.42394 0.02896 0.10983 0.32582 -0.35527 0.11750 -0.06506 -0.46398 -0.77457 -0.41082 0.32971 -0.43402 -0.72958 1.53284 3
-0.04917 -0.87933 0.70552 0.26645 1.04603 0.03190 -0.12759 -0.26969 -0.07259 -0.61693 -0.52641 0.69429 0.31361 -0.10387 -0.24613 0.59060 3
-0.11030 0.46870 -0.42394 -0.41194 -0.07624 0.25185 -0.35527 -0.02858 -0.70370 -0.20258 -0.25672 -0.41082 0.32971 1.36202 0.18008 -1.48234 3
-0.00054 -0.51617 -0.41627 -0.11832 0.31600 -0.19982 0.05746 -0.38698 0.20641 0.15341 -0.60469 -0.40370 0.27000 -0.09129 -0.32407 -0.43358 3
-0.08313 -0.51365 -0.27058 0.63724 0.78667 0.23435 -0.35527 0.07174 -0.10776 -0.26831 -0.43495 -0.24414 0.26889 0.11483 -0.31565 -0.87930 3
-0.05352 -0.32725 -0.42240 0.43241 0.42956 -0.54703 0.12654 -0.80038 -0.36758 0.30518 -0.61596 -0.41082 0.30684 0.38250 -0.82211 0.82339 3
0.02826 -0.84287 1.84411 0.77126 0.90107 -0.41896 0.22935 -0.53054 -0.08274 0.19609 -0.04922 1.76193 0.04718 1.49495 0.01108 0.08555 3
-0.11277 0.72047 -0.42394 -1.05583 -0.92419 0.01958 -0.35527 -0.38975 -0.70370 0.66687 0.10919 -0.41082 0.19719 1.49869 0.00812 1.53284 3
-0.06167 0.99921 -0.29836 -0.85589 -0.88397 1.02766 -0.35527 0.93977 0.02584 -0.30698 -0.03895 -0.27775 -4.81692 1.36535 2.83157 0.14122 3
0.00429 0.46812 -0.41575 -0.96791 -0.87778 0.07303 -0.07879 -0.04947 0.92746 0.05680 0.42610 -0.40368 -0.21964 0.58405 -0.25557 0.37998 3
-0.11324 1.04975 -0.42394 0.24211 -0.26513 0.64821 -0.35527 0.62868 0.79298 -0.09227 -0.69636 -0.41082 0.25333 -0.73964 0.65830 -1.48234 3
-0.08701 -1.09853 2.45360 0.59586 1.45175 -0.58587 0.78857 -0.35273 0.54511 -0.47871 0.33310 2.45018 0.25324 0.12759 0.04146 1.31747 4
3.78982 0.18853 -0.10617 -0.78511 -0.69567 0.27337 -0.06954 0.20150 0.14440 0.26464 -0.03188 -0.06266 -3.87032 0.72779 0.26933 0.18035 4
0.02578 -0.17224 -0.38352 -0.56109 -0.45939 0.42075 -0.17651 0.42533 0.01590 -0.16057 -0.46545 -0.37043 0.29581 0.40995 -0.49669 -0.77289 4
1.12333 -0.75099 -0.31946 0.68688 0.86585 -0.93007 0.56516 -1.02995 -0.40333 0.03151 -0.31718 -0.32600 0.27913 -0.02715 -0.43815 0.10581 4
-0.06178 -0.09488 -0.42394 -0.23542 -0.38629 0.99578 -0.35527 1.21464 -0.56192 -0.80706 -0.54555 -0.41082 0.32247 -1.28447 0.21324 -0.19012 4
0.21273 0.10252 -0.40937 -0.30335 -0.26461 0.41977 -0.19554 0.41119 0.04919 -0.07762 -0.78304 -0.39930 -0.04208 -0.50254 -0.34181 -0.14226 4
-0.04233 0.05542 -0.41074 0.04263 -0.41400 0.27227 -0.24473 0.22630 0.42428 0.21938 -0.49468 -0.40334 0.09424 0.64652 0.28596 -0.87930 4
0.33404 -0.89308 2.69292 -0.26236 0.21992 -0.43825 0.41311 -0.41747 -0.10172 0.35016 -0.47012 2.45044 0.27550 0.02351 -0.00402 -0.14226 4
-0.09838 0.53174 -0.42394 -0.68000 -1.16251 0.86974 -0.35527 1.26537 0.97565 0.32347 0.68954 -0.41082 0.24401 -0.21470 0.90271 0.32677 4
-0.10326 0.22825 -0.42394 -0.23508 -0.94281 0.72448 -0.35527 0.85664 -0.17805 -0.12757 -0.91857 -0.41082 0.06148 -1.05204 0.35705 1.53284 4
-0.11573 1.31844 -0.42394 -1.02931 -0.94125 0.64977 -0.35527 0.03630 -0.70370 0.06173 1.99105 -0.41082 0.32971 2.96563 2.50881 -1.48234 4
-0.07862 -0.05298 -0.41387 -0.21292 -0.07776 0.01757 -0.35527 -0.46183 0.03968 0.06117 -0.63261 -0.39048 0.31074 -0.11778 -0.62490 0.02525 4
-0.11426 2.33528 -0.42394 -0.49448 -1.01502 1.24950 -0.35527 1.43624 -0.70370 -0.71253 1.54647 -0.41082 0.32971 -0.95525 1.58355 1.53284 4
-0.03737 -0.40390 -0.20956 1.96321 0.69765 -0.23938 -0.35527 -0.36998 0.33877 0.23064 0.80681 -0.22652 0.16603 0.98044 -0.53409 0.16513 4
-0.10874 -0.75582 -0.42394 0.27166 -0.22874 0.47158 -0.35527 0.46437 -0.70370 -0.22479 -0.66444 -0.41082 0.25362 -1.29559 -0.82817 1.53284 4
-0.09623 0.66207 -0.40591 -0.38835 -0.54911 -0.17193 -0.33168 -0.33399 0.26531 0.99233 3.14471 -0.38725 0.28026 1.71865 -0.67445 0.02525 4
-0.10160 -0.00684 -0.42394 0.27939 -0.00760 0.39697 -0.35527 0.49659 1.04298 0.15556 -0.83777 -0.41082 0.28514 -0.71525 -0.55165 -1.48234 4
-0.08882 -0.77447 -0.12953 -0.22163 -0.74871 -0.24044 -0.35527 -0.51602 0.71877 0.91984 -0.89734 -0.16000 0.25712 0.26481 -0.56570 -1.48234 4
-0.10289 1.20956 -0.39824 -1.60304 -1.67980 1.23954 -0.35527 1.90266 0.54511 0.16755 -0.69594 -0.41082 0.23412 -1.79537 1.58355 0.02525 4
-0.09254 -2.78686 -0.42007 2.51207 3.32310 -2.31358 2.65135 -1.28755 0.22114 -0.43366 -0.53770 -0.41082 0.31398 0.50024 -0.92420 -0.72854 4
-0.07376 0.51282 -0.38576 -1.23654 -1.38067 0.89733 0.07385 1.59047 -0.29735 -0.73945 -0.64072 -0.39599 0.26750 -1.01009 -0.32864 0.32677 4
-0.04824 -0.10512 -0.38531 0.19317 0.21003 0.11053 -0.29161 -0.38017 0.32282 0.11454 -0.56880 -0.39417 -1.45124 1.17081 0.17687 0.10460 4
2.30942 0.32606 -0.30993 -0.23480 -0.35749 -1.31846 0.12159 -1.78726 0.13754 1.63320 -0.13409 -0.29740 -0.38293 1.42110 -0.48443 0.17452 4
-0.10260 -0.46047 -0.42394 0.24744 0.63306 -0.47502 0.70172 -0.22314 -0.70370 0.00529 -0.73815 -0.41082 0.32971 0.11868 -0.76102 0.02525 4
-0.07271 -0.55131 -0.40858 0.43713 0.54139 -0.53527 0.32253 -0.49965 -0.37529 0.43295 -0.59174 -0.41082 0.32133 0.20555 -0.84272 0.16230 4
-0.11507 1.30882 -0.42394 -0.08321 0.28361 0.94001 -0.35527 0.81785 -0.70370 -1.12498 -0.70222 -0.41082 0.32971 -0.65766 -0.45200 0.02525 4
-0.02111 -0.30004 -0.36303 0.13379 0.07671 -0.07100 -0.33095 -0.30232 0.20647 0.81140 -0.66484 -0.34718 0.24456 -0.45266 -0.40699 -0.72854 4
0.20334 0.31493 0.50669 -0.34828 -0.16263 -0.09162 -0.29802 -0.71030 0.40834 0.49063 -0.31234 0.62050 -1.22888 0.86262 -0.29920 -0.36561 4
-0.10649 -0.07680 -0.40725 -0.69087 -0.60633 0.78060 -0.13687 1.13086 0.02247 -0.12287 -0.51530 -0.41082 0.29265 -0.11032 -0.33813 -1.48234 4
-0.08256 -0.31827 -0.42394 0.10780 0.25320 -0.38792 -0.35527 -1.11414 -0.70370 0.08653 -0.57900 -0.41082 0.29984 -0.01679 -0.45067 1.53284 4
-0.11783 -2.44826 -0.42394 4.04495 2.26618 -2.14241 -0.35527 -1.84010 -0.70370 2.63294 6.69789 -0.41082 0.32971 -0.48503 -1.19221 -1.48234 4
-0.09277 0.62926 -0.31078 -0.66828 -0.72441 0.52532 -0.35527 0.73190 -0.10043 0.43600 1.08323 -0.31178 0.22196 -0.55049 -0.87498 0.24062 4
-0.01624 -0.14524 -0.41116 -0.03047 -0.23962 0.49230 -0.35527 0.33978 -0.04206 -0.54164 -0.68257 -0.39741 0.23217 -1.06235 -0.64794 -0.08506 4
0.21311 -0.18200 0.71158 -0.99653 -0.86073 0.14952 0.45833 0.70372 -0.28481 -0.03659 -0.53420 0.70470 0.29097 -0.44245 -0.25800 -0.40081 4
-0.04009 0.03332 0.32481 -0.88989 -0.77637 -0.51473 -0.35527 -0.88848 0.63493 1.16877 -0.15583 0.26634 0.16577 0.64439 -0.50135 -0.20669 4
-0.03660 0.21247 -0.39817 -0.71083 -0.76244 0.16296 -0.12076 0.05473 -0.20983 0.37440 -0.71300 -0.40001 -0.11383 0.23085 -0.23582 -0.72854 4
1.72892 -0.26786 0.14040 0.83282 0.81025 -0.82139 -0.19112 -1.28171 -0.05884 0.95976 0.50740 0.02438 -0.58521 1.87434 -0.47740 -0.22633 4
-0.10074 0.27454 -0.41265 -0.19342 -0.22334 -0.04626 -0.35527 -0.28212 0.51410 0.69562 -0.00028 -0.41082 0.30899 0.81622 -0.53909 -0.47728 4
-0.11375 0.45608 -0.08845 -0.46380 -1.36739 0.12188 -0.35527 -0.12849 -0.70370 0.81558 0.66728 -0.17631 0.00168 0.92940 -0.08190 -1.48234 4
0.59771 -0.37385 1.31720 1.89873 0.79705 -0.92447 -0.23214 -1.16793 -0.19956 1.16614 1.06130 0.77759 -0.06038 1.42074 -0.20636 -0.45944 4
-0.03739 0.36758 -0.26282 -1.63947 -1.62883 1.19160 -0.35527 1.84925 0.41859 -0.02148 -0.32454 -0.26343 -0.03108 -1.20660 0.13112 -0.07526 5
-0.09776 0.84180 -0.38522 -0.35750 -0.43770 0.45854 0.11341 0.83798 -0.29861 -0.35631 -0.79651 -0.39604 0.30904 -1.49529 -0.78600 -1.48234 5
-0.09612 0.65094 -0.41497 -1.01885 -1.75949 0.76658 -0.35527 0.95659 -0.31851 0.46974 2.04100 -0.41082 -0.06341 0.86302 -0.05924 0.67136 5
0.28891 0.32510 -0.40543 -0.58812 -0.64902 0.63357 -0.20344 0.86234 -0.20440 -0.12933 -0.83100 -0.39697 0.28894 -0.91254 -0.62097 -0.03273 5
-0.06553 0.75300 -0.41825 -1.41773 -1.61194 1.63645 -0.35527 2.38868 -0.44873 -0.94905 -0.76928 -0.41082 0.30369 -1.72016 3.36289 0.24062 5
-0.05550 -0.47574 -0.40958 0.55161 0.35103 -1.75321 0.25854 -1.92111 0.40287 1.30446 -0.43189 -0.40348 -0.39922 1.78117 -0.80213 0.16230 5
0.09724 -0.09793 -0.34330 0.59486 -0.50219 0.10609 -0.35527 0.16336 -0.33982 0.75810 0.60298 -0.34927 -0.14462 0.35080 -0.41601 -0.07754 5
0.01733 -0.53825 5.11154 -1.28159 -0.96847 0.88575 -0.21770 1.36287 1.32850 0.82595 -0.47189 5.63609 -0.82902 -0.71214 3.04298 -0.19012 5
0.32456 0.51989 -0.31861 -1.64740 -1.71830 0.75235 -0.35527 0.96012 0.34130 0.91562 0.08536 -0.29035 -0.65680 0.04084 -0.05295 -0.25422 5
-0.09519 -0.40332 -0.37655 -0.12185 -0.09026 0.22132 -0.25379 0.00902 -0.70370 0.17802 -0.15525 -0.37487 0.19564 0.05673 -0.26695 1.23132 5
0.52860 -0.52238 -0.11090 -0.09560 -0.35122 -0.10466 -0.14414 -0.13793 -0.26022 0.58158 -0.55488 -0.07688 0.23106 -0.60074 -0.69719 -0.45590 5
0.40669 0.53450 -0.36362 -1.71479 -1.70102 0.88596 -0.25603 1.30143 -0.07039 0.34379 -0.72188 -0.34279 0.25430 -1.12544 -0.18140 -0.72108 5
0.41632 -0.57321 0.18933 0.49995 0.59121 -1.30489 1.00268 -0.77174 -0.16617 1.20812 -0.65187 0.16049 0.24520 -0.62612 -0.81724 -0.52704 5
3.35085 0.12070 1.54364 -0.66185 -0.27728 -0.31216 -0.04849 -0.75527 -0.22056 1.00863 -0.17537 1.46506 -1.69211 1.98361 0.22657 -0.28912 5
-0.08830 0.03566 -0.41396 -0.15279 -0.22394 0.28847 -0.35527 0.04744 0.35611 0.33756 -0.25965 -0.38182 0.27563 -0.26013 0.04621 1.29163 5
-0.03373 -0.04825 -0.40497 0.29205 -0.36840 0.87413 -0.35527 0.95880 -0.70370 -0.41580 -0.16306 -0.39296 0.23480 -1.38759 0.81739 -0.07872 5
1.14621 0.70937 -0.34059 -1.06258 -1.04060 -3.79812 1.22166 -2.96295 0.19518 5.93944 -0.62985 -0.32626 -0.04128 1.23432 -0.77720 -0.64601 5
-0.04659 0.54874 0.70415 -1.37889 -1.13960 -0.07726 -0.32966 -0.14942 0.65495 1.36294 0.32857 0.82448 0.00973 1.45360 -0.70084 -0.27627 5
-0.10464 0.69235 -0.37331 -0.88372 -0.78406 0.48659 -0.35527 0.34322 0.52555 0.14729 -0.64654 -0.36597 0.26698 -1.08833 0.14551 -1.48234 5
-0.02646 -0.38588 -0.40210 0.38678 -0.20711 -0.60922 -0.12371 -0.82941 -0.33137 0.73757 -0.76844 -0.38637 0.17772 -0.01965 -0.84524 -0.97981 5
-0.11361 -0.36164 -0.09774 -1.65460 -1.83634 1.71942 -0.35527 2.78525 -0.70370 -1.12498 -0.76303 -0.11888 0.22762 -2.27610 -1.19221 -1.48234 5
-0.06401 1.00077 -0.39443 -0.71875 -0.96124 0.56740 -0.35527 0.71639 0.48767 1.22372 -0.67338 -0.37977 -0.59955 0.79865 0.43263 0.02525 5
-0.04375 0.37389 -0.39570 -1.24999 -1.68390 1.13865 -0.35527 1.51081 -0.46618 -0.48993 -0.59156 -0.37183 0.28729 -1.41104 -0.70947 -0.29454 5
-0.07976 -0.48216 -0.41098 0.60432 0.26507 -0.45564 0.21485 -0.26337 0.07511 0.75584 0.94679 -0.40371 0.30984 -0.66189 -0.74986 0.44738 5
-0.04476 -0.14823 -0.38304 -0.31596 0.15574 0.01495 0.30484 0.31188 -0.23991 0.43508 -0.70436 -0.38121 -0.57551 0.25121 -0.30084 1.17811 5
0.12916 -0.35691 -0.39064 -0.27829 -0.18644 -0.80295 -0.01624 -1.12617 -0.21020 1.34877 -0.21930 -0.37587 0.28527 0.28445 -0.77503 -0.12689 5
-0.07950 -0.23746 -0.32862 -0.11864 -0.43348 0.31823 -0.35527 0.25501 -0.50565 0.65149 0.05235 -0.33134 0.19833 -1.29661 -0.34991 -0.09072 5
0.31027 0.12167 0.41958 -0.71133 -0.59071 0.39373 -0.25336 0.46429 -0.02910 0.80393 -0.68639 0.36402 -0.51628 -0.37896 0.43860 0.29130 5
-0.09094 -0.89413 -0.40936 1.64774 0.00556 -0.80482 -0.06911 -0.89046 -0.46973 0.81227 4.15979 -0.40228 0.30583 -0.89307 -0.65784 -1.48234 5
-0.09084 -0.29553 -0.37311 0.18988 -0.12689 -0.89799 0.88950 -0.32168 -0.11843 1.09612 -0.36351 -0.35744 -0.49158 0.54571 -0.10072 -0.81230 5
-0.11655 1.87247 -0.42394 0.52456 -0.37995 -1.29613 -0.35527 -1.71277 -0.70370 1.69346 7.41038 -0.41082 -0.00378 -0.68993 -1.19221 0.02525 5
0.06443 -0.72650 -0.27551 0.53156 0.56745 -0.33416 1.04751 0.59428 -0.51495 -0.11563 -0.89363 -0.35917 0.11781 -0.86556 -0.88993 0.10460 5
1.61426 0.60016 -0.28004 -0.76656 -0.78817 -0.45893 -0.05735 -0.46253 0.26051 2.25698 -0.58543 -0.24614 -1.09664 0.98657 0.21761 -0.81071 5
-0.08568 -0.74151 -0.40252 0.85624 1.03192 -1.13114 -0.16303 -1.77573 -0.30722 0.58489 1.58699 -0.38912 0.22855 0.45101 -0.66096 -0.47728 5
0.01576 0.02524 -0.37676 0.26688 -0.70900 0.93114 -0.29843 1.21359 -0.52567 -0.71552 -0.82026 -0.38484 0.28126 -2.18569 0.09341 -0.39352 5
-0.04836 0.35518 -0.38094 -0.77348 -0.89312 1.21005 -0.35527 1.82443 -0.43803 -0.11676 -0.82477 -0.37690 0.16703 -1.84641 -0.45200 0.29130 5
-0.01121 -0.73143 -0.28805 -0.63421 -0.76505 -1.34243 2.91920 1.07446 -0.60860 -0.19006 -0.45126 -0.35185 0.16474 -1.26184 -0.56570 -0.84580 5
1.20075 -0.32742 -0.12507 0.01534 -0.01320 -3.13753 0.15755 -3.58436 -0.28412 2.28202 -0.47151 -0.15571 -0.54208 2.90862 -0.86103 -0.18890 5
-0.10693 -0.08026 -0.38064 -0.42864 -1.08026 0.68978 -0.08325 1.36406 -0.70370 0.11389 0.46706 -0.35842 0.21976 -2.04648 -0.22673 -0.72854 5
-0.00030 0.11031 -0.37205 -0.43819 -1.15297 1.07449 -0.35527 1.58138 -0.56349 -0.15762 -0.79371 -0.35712 0.03640 -1.85530 -0.18741 -0.87930 5
