-0.11617 4.37620 -0.42394 -2.03701 -2.14403 -1.35279 3.98004 2.91593 -0.70370 -1.12498 -0.04969 -0.41082 0.32971 0.86613 1.16298 -1.48234 1
-0.11692 0.40877 -0.42394 0.63451 0.46942 -0.24291 -0.35527 -1.33079 -0.70370 -1.12498 1.54512 -0.41082 0.32971 0.01089 -1.19221 0.02525 1
-0.11684 0.83546 -0.42394 -1.48217 -0.21958 1.76195 -0.35527 2.84371 -0.70370 -1.12498 -0.71790 -0.41082 0.32971 2.87066 2.50881 -1.48234 1
-0.10344 -0.59544 1.80692 -0.10094 0.39968 0.53353 -0.35527 0.48154 0.89465 -0.38974 0.33651 1.37731 0.32971 0.51163 0.20538 0.96749 1
-0.11532 1.44322 -0.20516 0.24934 -0.20354 0.44952 -0.35527 0.14054 -0.70370 -0.70743 0.51378 0.11900 0.32971 0.18585 3.56624 0.02525 1
-0.10332 -1.14925 -0.42394 3.01859 2.45655 -1.23761 0.82041 -1.17800 -0.70370 -0.67403 0.25871 -0.41082 0.32971 -0.07443 -0.51243 0.43641 1
-0.11107 -0.97494 -0.42394 1.67634 1.84149 -0.78608 -0.35527 -1.48885 0.14140 -0.25029 0.65787 -0.41082 0.32971 -0.43018 -0.90752 0.37316 1
-0.08352 -0.79766 0.98053 0.39263 1.12227 0.16677 -0.35527 -0.39264 -0.27792 -0.57415 -0.20303 0.69972 0.32971 1.09729 0.66518 1.10210 1
-0.11370 -2.05070 6.16051 -0.12795 1.27032 0.41453 -0.35527 -0.31458 1.14597 -0.80591 -0.01211 6.74168 0.32971 0.29512 2.92003 1.53284 1
-0.11560 0.71707 -0.42394 1.16617 2.08242 -0.46118 -0.35527 -1.12478 -0.70370 -0.74496 -0.26483 -0.41082 0.32971 -0.12189 -1.19221 -1.48234 1
-0.11440 -0.99596 -0.42394 0.64897 1.26653 -0.47686 -0.35527 -1.20346 -0.70370 -0.58813 0.24980 -0.41082 0.32971 0.33077 -0.72958 1.53284 1
-0.11318 0.24432 -0.42394 2.54001 1.77615 -0.44317 -0.35527 -1.06116 -0.70370 -0.92603 0.03830 -0.41082 0.21200 -0.17719 -0.62282 -1.48234 1
-0.11170 0.03367 -0.42394 0.25025 -0.17553 -0.07912 -0.35527 -0.60704 -0.70370 -0.41295 0.35360 -0.41082 -0.77608 -0.80362 0.33174 -1.48234 1
-0.11461 -0.47419 -0.42394 1.22603 1.94660 -0.21520 -0.35527 -0.72869 -0.70370 -0.55174 -0.65968 -0.41082 0.32971 -0.27389 -0.33813 1.53284 1
-0.11484 0.81250 -0.42394 -0.05051 -0.23294 0.58480 -0.35527 0.50749 -0.70370 -0.42037 1.26097 -0.41082 0.12128 0.42696 -0.53909 0.67136 1
-0.11666 -2.48055 -0.37051 -1.43564 -1.42886 1.16384 -0.35527 1.16945 -0.70370 -0.10009 0.79863 -0.41082 0.02653 2.27439 2.07339 -1.48234 1
-0.11173 0.31082 2.42420 -0.48693 0.02239 0.52886 -0.35527 0.15964 0.49916 -0.71000 0.92718 2.44140 0.26833 0.51339 -0.29196 1.53284 1
-0.11759 2.79615 -0.42394 1.31667 2.42952 -1.12228 -0.35527 -1.71277 -0.70370 1.12977 1.65389 -0.41082 0.32971 0.03381 -1.19221 0.77905 1
-0.11458 -0.94709 -0.42394 0.39152 1.18676 -0.77785 -0.35527 -1.55589 1.04688 0.38490 1.10512 -0.41082 0.32971 0.45168 0.58428 -0.47728 1
-0.11297 0.42714 -0.40589 -0.24218 -0.71369 0.81122 -0.35527 0.71616 -0.70370 -0.60862 0.80994 -0.41082 0.25333 -0.21582 2.74758 1.53284 1
-0.11611 -1.01319 -0.21688 -0.01740 0.46200 0.53709 -0.35527 0.47494 -0.70370 -0.61254 0.08943 -0.30245 0.17812 -0.68404 -0.26695 0.02525 1
-0.11754 1.50600 4.79654 0.41100 0.70126 -0.60469 -0.35527 -1.04430 -0.70370 -0.06807 1.37161 6.07113 0.32971 1.02142 -1.19221 -1.48234 1
-0.11716 -0.65122 -0.42394 1.92368 3.25622 -1.16839 -0.35527 -1.99926 -0.70370 -1.12498 1.42565 -0.41082 0.32971 0.36458 -1.19221 -1.48234 1
-0.11496 1.22000 -0.42394 0.59612 1.44658 -0.63216 -0.35527 -1.80265 -0.70370 -0.46182 1.61589 -0.41082 0.23162 0.24654 0.82653 1.10210 1
-0.11092 0.49287 -0.41074 1.25576 0.58610 -0.53251 -0.35527 -1.15064 0.15248 -0.23883 0.53572 -0.41082 0.28602 0.32910 -0.79567 1.53284 1
-0.11774 -2.10822 -0.42394 2.18394 1.83938 -1.68768 -0.35527 -2.27916 -0.70370 0.04127 2.69348 -0.41082 0.32971 1.29983 -1.19221 -1.48234 1
-0.11622 -1.18748 -0.42394 0.15623 0.13890 0.31139 -0.35527 -0.12849 -0.70370 -0.57053 0.28623 -0.41082 0.00168 -0.48923 1.98009 -1.48234 1
-0.11394 1.12480 -0.42394 0.91626 0.63500 -0.07792 -0.35527 -0.95478 -0.70370 -1.12498 0.23232 -0.41082 0.25154 -0.10785 -0.49827 0.92980 1
-0.11350 1.21680 -0.42394 0.32138 -0.03601 -0.13485 -0.35527 -0.42742 0.72743 0.84998 -0.05619 -0.41082 0.32971 0.50416 -0.04362 0.52778 1
-0.11806 0.55536 -0.42394 0.68169 1.16362 -2.45203 -0.35527 -2.85871 12.36723 3.38452 -0.45340 -0.41082 0.32971 -0.87683 -1.19221 -1.48234 1
-0.09498 -0.29360 -0.40687 2.13514 2.68671 -1.53972 0.58330 -1.94709 -0.42909 -0.65129 0.10616 -0.39078 0.21761 0.28493 -1.06235 1.53284 1
-0.10849 0.69752 -0.42394 0.92927 1.13673 -0.52115 -0.35527 -1.12521 -0.05231 -0.11371 -0.31947 -0.41082 0.22999 0.40227 -0.87945 0.02525 1
-0.11156 -0.05842 -0.42394 1.63746 1.32509 -0.12298 -0.35527 -0.67755 -0.70370 -0.79821 -0.13648 -0.41082 0.32971 -0.51631 -0.83405 -0.72854 1
-0.10978 -1.10290 3.26227 0.24619 1.61640 0.74008 -0.35527 0.45939 0.27174 -0.62018 -0.26750 2.82738 0.32971 -1.32195 1.98009 0.32677 1
-0.11312 -0.10370 -0.42394 -0.26153 -0.15233 0.74619 -0.35527 0.62868 0.79298 -0.86680 -0.19116 -0.41082 0.25333 0.26333 0.08891 -1.48234 1
-0.10562 -0.08976 -0.40058 -0.06542 -0.03350 0.54328 -0.35527 0.25590 -0.70370 -0.60465 -0.17322 -0.38881 0.32971 -0.08729 -0.94547 1.53284 1
-0.10980 -0.53391 -0.40094 1.58793 1.75070 -0.92251 -0.11442 -1.16135 0.05921 -0.33538 0.14466 -0.41082 0.32971 -0.47386 -0.45200 1.53284 1
-0.11332 0.46416 -0.42394 0.78105 0.09931 -0.10135 -0.35527 -0.67148 -0.70370 -0.19837 0.14370 -0.41082 0.26118 0.09233 1.02840 -1.48234 1
-0.06750 -0.71367 -0.09875 1.24567 1.31229 -0.14718 0.10379 -0.33121 -0.13456 -0.78137 0.37673 -0.04748 -1.02072 0.40167 0.18783 0.27067 1
-0.10263 -0.25287 -0.28485 1.29540 1.50580 -0.04717 -0.35527 -0.64173 -0.70370 -0.83024 -0.39237 -0.28615 0.32971 0.46379 -0.49827 0.77905 1
-0.10512 0.30694 -0.42394 -0.36396 -0.65104 0.77805 -0.35527 0.72251 -0.70370 -0.48483 -0.35334 -0.41082 0.23503 -1.16323 0.17432 1.53284 2
-0.05832 -0.70597 0.04875 0.67925 0.95114 -0.53369 0.27858 -0.70778 -0.46254 -0.20977 -0.09311 0.06866 0.27433 0.61739 -0.01331 1.13082 2
-0.11563 -0.26160 0.88745 0.87589 0.47589 0.49776 -0.35527 0.12768 -0.70370 -1.12498 0.74531 0.79675 0.32971 0.00202 0.28820 1.53284 2
-0.09708 -0.97548 0.19461 0.42405 1.10679 -1.06295 1.54564 -0.50497 -0.30680 -0.37188 0.49266 0.31312 0.26895 1.32881 0.86592 0.02525 2
-0.09311 -1.32691 -0.42394 2.31106 2.03109 -0.99598 0.40050 -1.17901 0.07536 -0.58742 -0.23196 -0.41082 0.31646 0.00069 -0.74360 1.03031 2
-0.11617 0.35426 -0.42394 -0.04529 -0.58092 0.90619 -0.35527 0.91865 -0.70370 -0.49866 2.18019 -0.41082 0.32971 -0.81994 0.19567 -1.48234 2
-0.11245 -0.89194 -0.42394 0.16352 0.35307 -0.16576 -0.35527 -0.72987 0.49182 0.31861 -0.39976 -0.41082 0.32971 0.14083 -0.30396 -1.48234 2
-0.11179 0.52011 5.66602 -0.55678 0.30828 1.22383 -0.35527 1.47040 -0.70370 -0.87445 -0.45340 6.05292 0.32971 -0.66953 -0.66349 -1.48234 2
-0.08566 -1.24058 -0.41782 0.91229 1.17367 -0.53126 0.31724 -0.51556 0.39285 -0.10353 0.11463 -0.41082 0.32971 0.75589 -0.16731 -1.00626 2
-0.10309 0.37046 -0.42394 0.50238 0.39077 0.48965 -0.35527 0.22124 -0.70370 -0.87871 0.13914 -0.41082 0.25686 0.13228 -0.03865 0.02525 2
-0.08566 0.61329 -0.41171 -0.47629 -0.11673 0.29384 -0.01901 0.12899 -0.21107 -0.74258 0.44508 -0.41082 -0.13534 -0.04911 0.18660 0.61518 2
-0.10927 -0.44585 -0.42394 -0.26734 0.08143 0.70020 -0.35527 0.80766 0.11665 -0.27591 -0.05341 -0.41082 0.28785 0.54691 0.04146 0.52778 2
-0.11519 -0.22537 0.05577 0.15623 0.44126 0.67839 -0.35527 0.61863 -0.70370 -0.73623 0.26516 0.00025 0.09971 -1.09388 0.88961 -1.48234 2
-0.11434 -0.06753 1.80067 0.47558 0.55110 0.05689 -0.35527 -0.28124 -0.70370 0.13937 0.56659 1.99563 -0.23131 -0.30916 1.47252 1.53284 2
-0.11121 -0.77613 2.36090 0.43322 1.35720 -0.07998 -0.24756 -0.78798 0.32823 -0.41295 0.13120 2.26196 0.22439 -0.17826 0.47325 -0.72854 2
-0.10854 -0.42052 0.08884 -0.07563 0.27528 0.40376 -0.35527 0.12768 0.03897 -0.61254 -0.02283 0.10395 0.32971 -0.05743 -0.52934 0.52778 2
-0.10925 -1.13622 2.59673 0.09530 1.18639 -0.38782 -0.24193 -1.07711 -0.70370 -0.35045 -0.43655 2.67404 0.32971 0.62906 -0.28952 0.02525 2
-0.10489 -0.54385 -0.42394 0.05051 0.05649 0.06836 -0.35527 -0.36579 0.92563 -0.28179 -0.43200 -0.41082 0.19114 -0.59407 0.19567 -1.10544 2
-0.11217 -0.63973 1.61118 0.44866 -0.19261 0.79555 -0.35527 0.73046 -0.70370 -0.91227 -0.18030 1.52351 0.32971 -0.22916 0.33925 -1.48234 2
-0.03118 -1.45337 2.80443 0.22191 1.06240 -0.29292 0.58486 -0.33651 0.39834 -0.34728 -0.05447 2.47650 0.27347 0.32188 1.12340 0.68647 2
-0.11555 0.79423 -0.28940 -0.01819 -0.68912 0.85213 -0.35527 1.07714 -0.70370 -0.69686 -0.27502 -0.32028 0.32971 -0.19346 -0.18284 -1.48234 2
-0.11466 -0.17990 -0.42394 -0.09508 -0.16931 0.30111 -0.35527 -0.02114 1.29696 -0.08964 -0.49879 -0.41082 0.32971 -0.91271 0.04146 1.53284 2
-0.11338 -0.09051 -0.34599 0.30244 0.84594 -0.01354 -0.35527 -0.62427 -0.70370 0.40079 -0.44509 -0.24948 0.32971 -1.17245 1.76861 -1.48234 2
-0.11403 0.39692 -0.42394 1.51993 1.03132 -0.15974 -0.35527 -0.41762 0.82805 -0.06807 -0.17303 -0.41082 0.32971 0.63492 -0.76517 1.53284 2
-0.11118 -0.44722 -0.42394 -0.24323 -0.50302 0.23947 -0.35527 -0.08411 1.45085 0.36167 -0.41407 -0.41082 0.32971 0.09669 0.86391 -1.48234 2
-0.10875 -0.19852 -0.42394 0.35232 -0.10855 0.48892 -0.35527 0.22769 0.86481 -0.85441 -0.61105 -0.41082 0.32971 -0.96584 0.46144 0.02525 2
-0.10561 -1.02792 -0.42394 0.15108 0.63938 0.44144 -0.35527 0.09059 -0.12190 -0.82390 0.26038 -0.41082 0.32971 0.24331 -0.24052 1.53284 2
-0.11381 -0.14848 -0.42394 -0.76231 0.45339 0.82551 -0.35527 0.77526 -0.70370 -0.51559 0.33634 -0.41082 0.14944 0.13496 0.92266 0.77905 2
-0.10318 -0.12662 -0.41740 -0.05977 -0.03916 0.08347 -0.35527 -0.34213 0.73794 -0.21313 -0.49837 -0.41082 0.28066 -0.50089 -0.35424 0.92980 2
-0.11110 -0.27693 -0.35633 1.36177 2.23199 -0.43735 -0.14293 -0.83607 -0.70370 -0.67800 -0.07326 -0.34780 0.32971 -0.35878 -0.55775 1.53284 2
-0.03397 -0.97349 -0.03145 1.08179 1.16254 -0.57234 0.24238 -0.73123 0.04086 -0.42572 -0.17862 -0.03961 0.30860 0.14952 -0.61376 0.75972 2
-0.10959 -1.62466 4.15810 0.00630 0.48109 0.29577 -0.35527 -0.22115 -0.70370 -0.35979 0.21531 3.82890 0.19390 0.03590 0.65830 0.02525 2
-0.09457 -1.42148 -0.41975 2.68561 2.43981 -1.27411 0.76494 -1.19992 -0.43062 -0.55972 0.13088 -0.41082 0.31577 0.45419 -0.44369 0.45599 2
-0.06634 -0.98172 0.23500 0.64092 0.69644 -0.23367 0.34564 -0.14735 -0.41852 -0.53465 0.08145 0.26542 0.30788 -0.17734 -0.27480 0.60509 2
-0.11567 -0.35755 -0.42394 -0.72184 0.14928 0.74227 -0.35527 0.05937 -0.70370 -1.12498 -0.32824 -0.41082 0.32971 -1.14537 1.89197 -1.48234 2
-0.04086 -0.60642 -0.42135 -0.22267 0.10280 0.11325 0.02090 -0.03830 0.11838 -0.38049 -0.40238 -0.41082 0.31922 0.16654 0.03971 -0.27627 2
-0.11224 0.29079 4.11047 -0.41983 -0.22110 0.87353 -0.35527 0.62868 -0.70370 -0.35045 -0.37389 3.57492 0.17696 -0.74120 1.18702 -1.48234 2
-0.09861 0.06556 -0.40880 0.27260 0.17507 0.30230 -0.35527 -0.11337 -0.30920 -0.24032 -0.19621 -0.39643 -0.01251 0.75823 0.60289 -0.52296 2
-0.11654 0.55536 1.48354 -0.15393 -0.54032 0.53947 -0.35527 0.50272 3.21758 -0.44855 0.39666 1.30578 0.32971 0.75962 -1.19221 -1.48234 2
-0.10574 0.05298 -0.28246 -0.37105 -0.64355 0.48586 -0.35527 0.32071 -0.70370 -0.52813 0.29160 -0.26356 0.30028 0.64495 0.37160 1.53284 2
-0.09020 -0.52843 -0.40265 -0.31954 -0.11127 0.24296 -0.35527 0.09063 1.52747 0.17399 -0.65706 -0.39047 0.25855 0.08593 -0.24727 0.02525 3
-0.09944 0.72992 -0.41341 0.00804 0.18161 0.56373 -0.35527 0.35847 -0.70370 -0.49477 0.48083 -0.39601 -0.39528 0.62610 0.44059 1.23132 3
-0.11538 0.55536 -0.42394 -0.24446 -0.44780 0.84568 -0.35527 0.89368 2.17960 -0.13024 -0.39682 -0.41082 0.32971 -1.35603 3.74248 -1.48234 3
-0.10866 0.00119 -0.41376 -0.70063 -0.57363 0.63702 -0.35527 0.63091 0.12708 -0.26512 0.23606 -0.38051 -0.09422 1.03159 0.39394 0.77905 3
-0.08903 -1.57477 -0.42053 0.55862 1.56310 -1.19443 1.14336 -1.03253 -0.43511 0.26493 -0.24981 -0.41082 0.27489 0.26144 -0.17358 -0.87930 3
-0.10280 -0.51858 -0.42394 0.31203 -0.07426 0.51501 -0.35527 0.36084 -0.70370 -0.64182 -0.69700 -0.41082 0.32971 0.39408 -0.53909 0.52778 3
-0.09744 -0.93420 -0.42394 0.63643 1.61131 -0.47985 0.39327 -0.40825 0.00411 -0.14819 -0.49756 -0.41082 0.31165 -0.14387 -0.43830 1.53284 3
-0.09653 -0.39659 2.15791 -0.59704 -0.35471 0.36403 -0.35527 0.06008 0.41881 0.29500 0.19339 2.29184 0.29152 0.59516 0.61671 0.02525 3
-0.09198 0.64499 -0.41258 0.17169 -0.44078 0.24896 -0.35527 0.23734 -0.14589 0.22210 1.90964 -0.39047 -0.16840 2.23952 -0.38177 -0.72854 3
-0.10230 -0.38284 -0.42394 -0.07403 -0.21505 0.50989 -0.35527 0.58668 0.75221 0.13076 -0.55590 -0.41082 0.30494 -0.71697 0.34236 -1.48234 3
-0.10190 0.09739 -0.42394 -0.44945 -0.48629 0.77192 -0.02300 1.04689 -0.17946 -0.94412 0.80408 -0.41082 -1.89060 -0.10948 0.98013 1.10210 3
-0.10439 0.25242 -0.38129 -0.73017 -0.69563 0.51042 -0.35527 0.20853 -0.11843 -0.11539 -0.56205 -0.36812 0.29984 -0.41569 -0.04362 0.02525 3
-0.11132 -0.69685 -0.42394 -0.10487 -0.22207 0.63161 -0.35527 0.50016 -0.70370 -0.36920 -0.13752 -0.41082 0.32971 -0.73077 -0.43946 0.02525 3
-0.08991 -0.17652 -0.42394 1.50171 1.50210 -1.00852 0.68373 -1.02938 0.31746 0.02001 -0.19334 -0.41082 0.21246 0.64182 -0.69691 -0.55459 3
-0.11038 -0.02775 -0.33773 -0.97436 -0.62654 0.93858 -0.35527 0.91180 -0.70370 -0.76131 -0.74842 -0.37236 0.32971 -0.17719 1.37003 -1.48234 3
-0.11611 -0.03285 -0.42394 -0.48347 0.19391 0.06512 -0.35527 -0.74872 -0.70370 -0.58813 2.56622 -0.41082 0.17090 -0.37382 0.39394 -1.48234 3
-0.08906 -0.04234 -0.41371 -0.63546 -0.49895 0.79851 -0.35527 0.76540 -0.41995 -0.43974 -0.57596 -0.41082 0.24283 -0.42837 -0.03564 0.52778 3
-0.11135 -0.17266 -0.42394 -0.07050 0.20334 0.04222 -0.35527 -0.15547 0.30176 0.60944 -0.28641 -0.41082 0.32971 -1.14964 -0.96090 -0.87930 3
-0.06873 -0.37688 -0.39769 0.20168 0.18034 -0.08968 0.31597 0.03549 -0.38823 -0.22707 -0.29519 -0.38780 0.27337 -0.56795 -0.68943 0.47753 3
-0.09069 -0.61571 -0.42394 0.40802 0.59334 -0.08727 -0.35527 -0.50982 0.02788 -0.36779 -0.37769 -0.41082 0.31726 -0.29177 -0.78928 -0.47728 3
-0.09726 1.11476 -0.40504 0.24123 -0.52608 -0.11857 -0.35527 -0.18485 0.31042 1.09089 -0.11847 -0.41082 0.20896 1.12452 -0.23269 0.02525 3
-0.11110 -0.02084 -0.42394 -0.79418 -0.47718 0.07636 -0.35527 -0.14904 1.33864 0.10809 -0.53188 -0.41082 0.32971 -0.62179 -0.55165 -1.48234 3
-0.10966 -0.38309 -0.33333 0.21497 0.41673 0.08865 -0.35527 -0.03496 0.95085 0.30208 -0.69805 -0.35046 0.32971 -0.66826 0.47325 -0.72854 3
-0.08480 -0.12908 3.33466 0.08190 0.79104 -0.31106 0.59643 -0.08041 -0.45893 -0.06938 -0.30471 3.29491 0.27975 -0.22362 -0.12870 0.40215 3
-0.11265 0.47451 -0.40687 -0.59558 -0.69658 0.54439 -0.35527 0.62686 0.65785 0.51911 -0.72664 -0.41082 0.26023 -0.12241 0.19567 0.77905 3
-0.08221 -0.86702 2.02931 0.24299 1.01915 0.00198 0.25345 0.08017 -0.70370 -0.64759 -0.45701 2.08207 0.26453 -0.23181 -0.05707 -0.32266 3
-0.11725 2.21618 -0.42394 -0.57485 -2.14403 0.39365 -0.35527 1.13086 6.55792 1.38030 -0.70628 -0.41082 0.32971 -2.00957 2.50881 -1.48234 3
-0.03263 -0.42863 -0.38062 0.46008 0.64846 -0.66329 0.41389 -0.78792 0.16926 -0.01065 -0.46351 -0.41082 0.30298 0.22501 -0.55947 -0.05410 3
-0.05449 -0.28115 -0.37997 -0.12813 -0.00840 -0.02890 -0.21963 -0.29146 0.74594 0.58379 -0.14358 -0.38437 0.28656 -0.53312 -0.30032 0.02525 3
-0.10403 -0.42909 -0.42394 -0.09996 -0.30355 0.42617 -0.35527 0.39564 1.35472 -0.23728 -0.48400 -0.41082 0.32971 0.04566 -0.75850 1.53284 3
-0.10526 -0.64570 2.08258 0.20719 0.70247 -0.45584 -0.35527 -1.19171 -0.18638 0.21359 0.63580 1.77834 0.27691 1.22057 -0.58215 -0.87930 3
-0.11683 0.97179 -0.42394 -0.71719 -1.50255 0.76054 -0.35527 1.24758 -0.70370 1.41161 -0.59389 -0.41082 0.32971 -1.38767 -1.19221 1.53284 3
-0.09204 -1.78040 -0.24558 0.93127 1.05700 -0.67743 0.78691 -0.17168 0.42310 -0.20170 -0.64089 -0.26695 0.30096 0.55710 -0.66096 -0.35165 3
-0.02884 -0.53565 -0.32527 0.37336 0.85379 -2.64113 3.13411 -1.25696 -0.15450 -0.06708 0.16690 -0.35405 0.30635 0.14468 -0.59763 0.49056 3
-0.09011 -1.32892 2.46984 0.24561 0.76528 -0.49096 0.37615 -0.57818 0.46161 0.88520 -0.33021 2.07608 0.25538 1.18877 0.49739 -0.14226 3
0.01593 -0.23087 0.17522 0.09004 0.03310 0.16506 -0.11056 0.26033 0.39681 0.34377 0.12900 0.15335 0.11986 0.60089 0.04351 -0.59552 3
0.11108 1.65250 -0.31881 -0.33865 -0.35587 -1.63947 1.53064 -0.98992 0.32550 1.02916 -0.34017 -0.36826 0.10388 0.68243 -0.42248 0.15088 3
0.02688 -0.51392 -0.42048 0.21927 0.28348 -0.36454 0.28921 -0.47196 -0.54316 0.00116 -0.75615 -0.40691 0.29694 -0.20848 -0.63808 -0.83623 3
-0.06318 -0.26612 -0.41486 0.64836 0.76087 -0.41713 -0.05571 -0.78496 -0.57647 -0.02760 -0.00236 -0.41082 0.28426 -0.35870 -0.69166 -0.47728 3
-0.09938 -1.30901 -0.39244 0.61214 0.62953 -0.72859 -0.08045 -1.19523 0.38354 0.31289 -0.36333 -0.39760 0.31121 0.29684 -0.33813 -0.27627 3
-0.06933 -0.35423 0.11562 0.16728 0.54067 -0.46270 -0.31248 -1.12110 0.13718 0.03543 -0.39605 0.14645 0.30825 1.21184 -0.68044 -0.12551 4
-0.11405 1.19126 -0.28963 0.14635 -1.15018 0.98142 -0.35527 1.44918 -0.70370 0.12766 -0.24339 -0.27836 0.23707 -0.44202 0.76715 1.53284 4
0.16369 0.32165 -0.37654 -0.10835 -0.43492 0.21031 -0.25360 0.17881 0.48555 0.25976 -0.65653 -0.37039 0.06628 0.05528 0.02687 -0.51317 4
-0.11399 0.97364 -0.13682 -0.71132 -0.57327 0.65770 0.28058 1.32416 -0.70370 -0.79012 0.76916 -0.05673 0.32971 -0.66414 -0.02347 1.10210 4
-0.02676 -0.90786 0.74432 0.54281 1.24536 -1.35018 0.50520 -1.46787 0.02925 0.44281 0.52018 0.66674 0.26613 1.17131 -0.56093 0.05875 4
0.31537 -0.52956 0.94099 -0.16643 0.19615 -0.06574 0.02634 -0.10948 0.13157 -0.08636 -0.36311 0.97880 0.27732 0.20330 -0.34694 -0.28883 4
-0.09897 0.34849 -0.31599 -0.43646 -0.60417 0.70265 -0.35527 0.72762 -0.29608 -0.21089 0.73961 -0.30673 -0.52309 0.51773 0.35379 -0.06705 4
-0.10877 0.06823 -0.42394 -0.41592 -0.44371 0.68220 -0.35527 0.72723 0.09656 -0.71084 -0.67322 -0.41082 0.28887 -1.25180 -0.33813 -1.48234 4
0.54526 0.03736 1.22930 -1.01605 -0.76776 0.23224 -0.24819 0.05317 -0.00016 0.13717 -0.33093 1.12654 0.18790 0.22979 -0.05716 -0.07069 4
0.02243 1.24454 -0.35116 -1.10415 -0.87233 1.02588 -0.15545 1.32145 0.11838 -0.25995 -0.79298 -0.31185 -5.85772 2.13457 2.52704 -0.57779 4
-0.02258 -0.51913 -0.42394 -0.08261 0.19101 0.29737 -0.17695 0.23338 -0.47677 -0.62914 -0.51724 -0.41082 0.29497 -0.57420 -0.53404 -0.50970 4
0.29641 -0.31689 -0.34055 0.19595 0.04961 0.13385 0.11801 0.17405 -0.15456 -0.18108 -0.13223 -0.32568 -2.24429 0.67800 0.17192 -0.17139 4
-0.08344 -0.38089 -0.41535 0.90881 0.93771 -0.31947 0.18477 -0.53811 -0.49310 -0.39842 -0.79657 -0.40313 0.28672 -0.34014 -0.91041 -0.47728 4
-0.10020 -0.06791 0.28912 -0.74068 -0.99232 0.85330 -0.35527 0.88554 -0.70370 -0.82765 -0.51461 0.26513 0.28573 -0.65039 -0.36362 0.02525 4
-0.10239 0.02465 -0.38658 1.10512 0.93510 -0.51508 -0.33897 -1.11694 0.09170 -0.43895 0.91450 -0.39631 0.22824 0.05153 -0.78846 0.27652 4
-0.08030 -0.19810 -0.38975 -0.71968 -0.74078 0.50533 -0.35527 0.41348 1.03139 0.33412 -0.75982 -0.37917 0.14156 0.35029 0.14160 -0.62086 4
-0.11359 1.51766 -0.42394 -0.81705 -1.79813 0.79334 -0.35527 0.91659 1.19983 -0.13990 2.77647 -0.41082 0.13544 1.47687 0.39394 1.53284 4
-0.07282 0.57619 -0.32055 -0.15955 -0.58404 -1.33897 2.44282 0.24106 -0.50240 -0.29160 -0.67103 -0.33738 0.16536 0.24830 -0.57209 -1.48234 4
-0.10708 0.45148 -0.42394 -1.24686 -0.98345 0.84079 -0.35527 0.93534 -0.70370 -0.23828 -0.57309 -0.41082 0.32971 -0.44360 0.01465 0.02525 4
-0.07100 -0.55645 0.42652 0.77643 0.45423 -0.22330 -0.35527 -0.60641 0.02194 0.32701 1.76814 0.33567 0.27787 0.27615 -0.23420 0.02525 4
0.26048 0.33736 0.69919 -1.10266 -0.96352 -0.05082 -0.07605 -0.08930 1.00929 0.83768 -0.08794 0.63610 0.20776 -0.04341 -0.43677 0.02525 4
-0.11595 1.19746 -0.42394 -1.81897 -1.71377 -2.24733 -0.35527 -2.80603 1.54992 2.37377 2.73282 -0.41082 0.32971 4.00295 -0.71974 -1.48234 4
-0.09828 -0.34935 0.90126 0.13213 0.15477 0.05481 -0.35527 -0.02731 0.40401 0.27628 -0.09938 0.69371 0.19782 -0.41673 0.30820 -0.47728 4
0.19591 -0.73498 -0.32734 0.87778 0.74548 -0.51110 -0.13593 -0.95407 -0.01136 0.21570 -0.33430 -0.32934 -0.50108 -0.57000 -0.33892 0.47194 4
-0.10089 -0.07854 0.14009 0.07891 0.27612 0.28352 -0.35527 0.19713 0.56123 0.03876 -0.78669 0.14293 0.30819 -0.55872 0.41305 0.98463 4
-0.00470 0.56582 -0.11822 -1.32767 -1.24951 0.82873 -0.29977 1.17429 0.58819 0.09416 -0.27072 -0.08369 0.24827 -0.49140 0.03361 -0.89531 4
-0.06245 0.33886 -0.41856 -1.11540 -1.58834 1.19650 -0.29895 1.82055 0.60340 -0.36400 -0.61535 -0.40486 0.30470 -1.21338 -0.46810 -0.72854 4
-0.07552 0.10151 -0.40992 -0.49333 -0.72841 0.20896 -0.35527 -0.03735 0.17869 0.27536 -0.70745 -0.39794 0.29369 -0.09945 -0.76399 -0.62086 4
-0.07074 -0.03739 -0.42184 0.19291 0.05837 -0.23995 0.64148 0.09429 0.19404 0.08292 -0.59860 -0.40427 0.31138 -0.17271 -0.52335 -0.19012 4
0.18521 0.61886 -0.31533 -1.75564 -1.69965 1.26922 -0.35527 1.89732 0.14834 -0.20501 -0.57416 -0.31296 -0.24195 -1.78414 1.08807 -0.15935 4
-0.04999 -0.63946 -0.29336 0.63250 0.22986 -0.12947 -0.35527 -0.46294 -0.60115 0.55547 -0.71922 -0.26118 0.24075 -0.37271 -0.84182 0.98463 4
-0.10503 0.80210 -0.31971 -0.45903 -0.93575 -2.11352 3.32731 0.18917 -0.02292 0.51911 0.28106 -0.41082 0.01706 -0.24889 0.02219 1.03031 4
-0.06517 0.92118 -0.35045 -0.76802 -1.00359 -1.60144 2.45602 -0.07161 1.60711 0.83745 -0.76920 -0.37839 0.22086 -0.04909 -0.32530 0.52778 4
-0.07898 0.30256 -0.38072 -0.59197 -0.85161 0.92291 -0.31534 1.21604 0.19569 0.11617 -0.87334 -0.35340 -0.27838 -0.13307 0.99713 -1.48234 4
-0.03055 0.12236 -0.31077 -1.13426 -1.19624 0.59751 -0.27150 0.81348 0.54941 0.38816 -0.89272 -0.32642 0.12312 -0.75249 0.12455 -0.35165 4
-0.09195 0.26887 -0.32939 0.38907 -0.81899 0.59564 -0.15731 1.15879 -0.13041 0.11118 0.02184 -0.33762 0.09568 0.07599 0.27423 -0.10038 4
0.07181 0.38898 -0.41020 -0.57106 -0.90784 0.48115 -0.03718 0.88522 0.29819 0.14491 -0.80825 -0.40287 0.05408 -0.66584 -0.15620 -0.07526 4
-0.11596 -0.55185 -0.38497 -0.57485 -1.95018 1.28206 -0.35527 1.58615 -0.70370 -1.12498 -0.71219 -0.28077 0.14780 -1.49054 0.88961 1.53284 4
0.49387 -0.40542 0.98220 -0.52648 -0.35078 -2.96705 0.64374 -2.31675 0.12910 4.95731 -0.60699 0.93935 0.22347 0.66901 -0.31143 -0.46024 4
-0.02319 -0.01652 -0.40706 -0.21659 -0.32304 -0.28976 -0.16753 -0.55470 0.77515 0.67417 -0.73528 -0.39946 0.12318 1.05694 -0.40836 -0.78653 4
-0.09547 -1.54981 -0.34984 -0.40988 -0.56823 -3.79755 5.22358 -1.04430 0.71022 0.98885 -0.58978 -0.39362 0.28161 -0.27805 -0.45691 -0.47728 5
0.01954 0.60709 -0.36640 0.24207 -0.34998 0.35645 0.37872 0.99407 -0.64368 -0.48313 -0.73593 -0.37798 0.26846 -1.70374 -0.36831 -0.41028 5
-0.08056 0.11652 0.00508 -1.09818 -1.51302 1.00912 -0.35527 1.54434 0.17551 0.01251 0.54174 0.03020 0.23998 -0.02751 -0.32206 -0.41816 5
-0.03488 -0.01104 -0.41312 -0.74704 -0.44483 0.43785 -0.27346 0.37522 0.17904 0.14395 -0.55529 -0.40724 0.23962 -0.31481 -0.35207 -0.91190 5
-0.07831 0.23573 -0.40894 -0.57844 -1.04800 0.93396 -0.35527 1.17178 0.39532 -0.13916 -0.79609 -0.40280 0.16147 -0.74443 0.80834 0.32677 5
-0.09538 0.80205 -0.39355 0.75652 -0.80511 0.56297 -0.35527 0.79078 -0.38695 0.18634 2.70708 -0.38771 0.24889 0.16548 -0.04362 0.92980 5
0.64439 -0.15439 -0.39691 0.83910 -0.24394 0.02313 -0.04092 0.30640 -0.17964 0.52359 0.28715 -0.38440 0.14786 0.06652 -0.67171 -0.35846 5
-0.09082 -0.83624 -0.41669 -0.59407 -0.42254 -0.25547 -0.35527 -0.57232 2.11737 1.40553 0.13366 -0.41082 0.27213 1.19213 -0.15130 0.52778 5
-0.11654 0.55536 -0.42394 -0.24808 -0.80760 -0.79538 -0.35527 -0.97819 -0.70370 0.43600 7.83424 -0.41082 0.32971 0.81857 -0.49827 0.02525 5
-0.01838 0.78834 -0.38879 -1.35701 -1.49811 0.80803 -0.29482 0.92291 0.25694 0.36640 0.04507 -0.37227 -0.01833 0.44117 0.92584 -0.03505 5
-0.01934 -0.04710 0.60722 -1.27819 -1.06780 0.83434 -0.35527 0.89957 0.08581 -0.11110 -0.67020 0.62926 -0.00155 -0.33904 0.04146 -0.27627 5
-0.07122 0.17794 -0.37718 -0.78102 -0.75133 0.32382 -0.35527 0.05548 1.06105 0.67111 -0.84382 -0.37863 0.23966 -0.65861 0.15199 -1.05160 5
-0.00537 0.39756 -0.39995 -0.91338 -1.18819 0.57439 -0.06916 1.25726 0.62158 0.98633 -0.05234 -0.38522 -0.11981 -0.78089 0.14236 -0.82277 5
-0.11042 0.70195 -0.34963 -0.94517 -1.01236 1.28621 -0.35527 2.01412 0.35611 -0.57653 -0.79501 -0.29483 0.27563 -2.04044 -1.19221 0.02525 5
-0.06579 -0.45122 -0.40869 0.84208 0.99487 -1.78370 0.14875 -2.16656 0.34603 0.56508 -0.52339 -0.40656 -0.42020 2.67393 -0.66883 -0.77289 5
-0.05724 0.76512 -0.39605 -1.39682 -1.54184 1.17616 -0.35098 1.79263 0.17816 -0.13620 -0.74200 -0.37865 0.08971 -1.45834 0.03015 -0.91699 5
-0.09129 -0.15246 -0.27629 -0.13295 -0.48903 0.28270 -0.35527 0.13080 0.47033 0.44457 2.76150 -0.29304 0.10505 -0.02192 -0.00444 -0.13409 5
-0.10820 1.17725 -0.39475 1.30277 -0.79534 -0.45432 -0.35527 -0.34556 -0.70370 1.04041 6.35059 -0.38901 0.23820 4.85623 -0.26695 1.53284 5
-0.10904 -0.04600 -0.42394 0.56381 -0.62421 0.02466 -0.35527 0.08656 -0.05874 -0.34620 6.63000 -0.41082 0.26389 0.17321 -0.98272 -0.99602 5
1.17831 -0.23473 -0.37174 0.04968 0.05198 -0.02517 -0.12710 -0.23348 -0.22287 0.21626 -0.58566 -0.36162 0.25401 -0.03923 -0.74450 0.00626 5
-0.08769 -0.38639 -0.41090 0.02419 0.42757 -2.14544 -0.08218 -2.44698 -0.29651 2.66806 2.53182 -0.41082 0.27776 1.28197 -0.92590 -0.79707 5
-0.00195 -0.65782 -0.41963 0.78526 0.95601 -0.26099 -0.35527 -0.81718 -0.28918 -0.07285 -0.78552 -0.40650 0.10006 0.98833 -1.02662 -1.23108 5
-0.06372 0.95933 -0.41844 -0.35397 -0.98068 1.08663 -0.17278 1.63245 0.61660 0.27949 -0.87691 -0.40279 -0.55736 1.06447 2.26207 -1.48234 5
-0.04522 -1.32820 0.78602 0.27626 0.66676 -1.14574 0.66797 -0.88041 1.10705 1.02681 -0.34380 0.67178 0.26297 -0.25530 -0.34557 -0.42438 5
-0.07897 -0.37723 -0.31719 0.14165 0.35966 -0.66986 -0.15572 -1.03369 0.93016 0.97319 3.29671 -0.31148 0.27412 0.96811 -0.38796 0.43641 5
-0.08841 0.43683 -0.35051 -1.10410 -0.99738 -0.52870 -0.35527 -0.98544 1.98210 1.78121 -0.62761 -0.33065 0.26741 0.84228 -0.72958 1.53284 5
0.21433 1.16269 0.17831 -1.00259 -1.03928 -4.69149 4.56152 -1.56836 -0.19134 5.99280 -0.81867 0.08637 0.06826 -0.11468 0.06047 -0.60291 5
-0.06702 0.59233 -0.27167 -1.20211 -1.36254 1.39596 -0.35527 2.21301 -0.53424 -0.54034 -0.66739 -0.28100 0.13947 -2.22036 -0.01103 -0.90250 5
0.55981 0.01724 -0.36359 -0.63689 -0.64629 0.06497 -0.08284 0.18627 0.40614 0.90764 -0.41562 -0.35310 -0.56497 0.01782 -0.17372 -1.09859 5
-0.08712 -0.32364 -0.42394 1.33125 0.24466 -0.63067 -0.35527 -0.60145 -0.50626 1.08890 2.49754 -0.41082 0.14835 0.55591 -0.90002 -0.64479 5
-0.08971 -4.26016 -0.24250 -1.55925 -1.80287 -5.70099 8.86781 -0.27037 -0.11843 1.39900 -0.74331 -0.34676 0.09079 -0.50746 -1.01736 1.53284 5
-0.05061 0.12423 -0.15002 -0.05681 0.05052 -1.41344 -0.31652 -2.01185 -0.11813 2.10731 2.32217 -0.15448 -0.26789 1.44813 -0.53629 0.84646 5
-0.04375 0.37389 -0.39570 -1.24999 -1.68390 1.13865 -0.35527 1.51081 -0.46618 -0.48993 -0.59156 -0.37183 0.28729 -1.41104 -0.70947 -0.29454 5
-0.04977 0.33375 -0.35812 -0.28662 -0.43908 0.74355 -0.35527 0.92440 0.02068 0.10375 -0.75600 -0.34475 0.16953 -1.47858 -0.10010 -0.30977 5
-0.08565 0.43231 -0.34139 -0.56304 -0.69012 0.19003 0.03685 0.48742 0.55474 0.61167 -0.60434 -0.36491 0.22696 -0.65018 -0.69431 0.02525 5
-0.09532 0.84241 -0.33733 -1.07036 -1.25142 0.74737 -0.35527 1.19161 0.43400 0.64131 -0.74290 -0.34164 0.29100 -1.87082 0.46144 -0.32266 5
0.41739 0.47049 -0.29050 -1.50190 -1.56054 0.20837 -0.34397 0.25363 0.04423 1.63707 -0.56482 -0.26493 -0.14775 -0.35401 -0.59795 -1.24351 5
-0.11326 1.09624 -0.42394 -1.14417 -1.19899 0.28302 -0.35527 0.77010 0.93016 1.12977 -0.25072 -0.41082 0.32971 -1.87733 0.11403 -1.48234 5
-0.07793 -0.36525 -0.34468 -0.37835 -1.04771 0.51930 -0.35527 0.96109 -0.50363 0.63511 -0.80860 -0.36703 0.18678 -2.20927 0.02913 -1.05160 5
-0.11444 -1.65224 -0.32578 2.42799 4.38537 -3.39305 6.38854 1.77434 -0.70370 -1.12498 -0.21045 -0.41082 0.16834 -1.61762 -1.19221 1.53284 5
