-0.10854 0.34114 -0.42394 2.13092 1.02498 -0.51296 0.09208 -0.74449 -0.05231 -0.90025 1.53335 -0.41082 0.32971 0.82439 -0.10010 0.92980 1
-0.11775 -3.06438 -0.42394 2.74313 3.36873 -1.03008 -0.35527 -1.84010 -0.70370 -1.12498 0.17470 -0.41082 0.32971 -0.10948 -1.19221 1.53284 1
-0.10693 -0.53135 -0.42394 2.41445 2.03974 -1.10348 0.57413 -1.05655 -0.70370 -0.45048 0.41246 -0.41082 0.32971 0.52919 -0.80934 0.92980 1
-0.11757 1.53571 -0.42394 -1.26024 -0.96798 1.08772 -0.35527 1.16945 -0.70370 -1.12498 -0.25672 -0.41082 0.32971 1.14435 -1.19221 -1.48234 1
-0.11340 -0.32377 -0.42394 -0.02061 -0.37009 0.16652 -0.35527 -0.11744 -0.70370 0.36713 -0.33700 -0.41082 0.25614 -1.15922 -0.49827 1.53284 1
-0.11601 1.58854 -0.42394 2.57711 1.70076 -1.21559 -0.35527 -1.71737 1.65852 0.09748 0.71511 -0.41082 0.20917 -0.08116 -1.19221 1.53284 1
-0.11535 -0.34096 -0.42394 -0.02480 1.19342 -0.46303 -0.35527 -1.71277 -0.70370 -1.12498 -0.18520 -0.41082 0.32971 -0.76846 -0.45200 -1.48234 1
-0.11440 -0.99596 -0.42394 0.64897 1.26653 -0.47686 -0.35527 -1.20346 -0.70370 -0.58813 0.24980 -0.41082 0.32971 0.33077 -0.72958 1.53284 1
-0.11787 0.55536 -0.42394 -0.62470 -2.14403 1.58829 -0.35527 2.37148 -0.70370 -1.12498 -0.36911 -0.41082 0.32971 -2.27610 -1.19221 -1.48234 1
-0.11549 1.72592 -0.42394 -0.12020 -0.81623 0.74724 -0.35527 0.74132 -0.70370 -0.19837 0.19283 -0.41082 0.32971 0.56687 1.02840 1.53284 1
-0.11557 0.07519 -0.42394 0.11893 -0.04809 0.26900 -0.35527 0.20680 1.77812 -0.26874 0.20148 -0.41082 0.20306 -0.14387 0.11403 0.32677 1
-0.11414 0.33901 -0.42394 -0.45132 0.01607 0.39875 -0.35527 0.02350 1.07870 -0.51005 0.97955 -0.41082 0.14780 0.06935 -0.66349 -1.48234 1
-0.11687 1.69613 -0.42394 -0.34224 -0.06864 0.61575 -0.35527 0.52454 -0.70370 -0.31971 1.67674 -0.41082 0.32971 0.75962 1.98009 -1.48234 1
-0.11586 -0.95116 -0.42394 -0.70289 -0.68912 0.30999 -0.35527 0.05108 2.17960 -0.13024 -0.04969 -0.41082 0.32971 1.16072 -1.19221 -1.48234 1
-0.11397 -0.43476 -0.42394 1.26621 0.72260 0.11817 -0.35527 -0.38916 -0.70370 -0.86280 0.54015 -0.41082 0.32971 0.08311 -0.86565 1.53284 1
-0.11156 -0.87680 5.62588 -0.65908 -0.24641 1.29976 -0.35527 1.26003 -0.70370 -0.83088 -0.21926 5.74655 0.32971 0.32996 3.24901 -1.48234 1
-0.11727 0.92883 -0.42394 2.25373 1.72835 -1.12228 -0.35527 -1.81049 -0.70370 -0.33844 0.87965 -0.41082 0.32971 0.21150 1.58355 1.53284 1
-0.11702 0.86907 -0.42394 -0.79418 -1.06398 0.86747 -0.35527 0.89368 -0.70370 -0.13024 0.56837 -0.41082 0.32971 0.09015 1.58355 -1.48234 1
-0.11241 -0.68706 -0.40754 1.31619 0.28361 0.06746 -0.35527 -0.47800 -0.70370 -0.73171 -0.14907 -0.36923 0.32971 -0.50860 0.26872 0.40215 1
-0.10980 -0.80623 0.04770 0.42277 0.84307 0.27926 -0.35527 -0.18485 -0.70370 -0.98406 0.55722 -0.08299 0.12128 0.40948 -0.21826 1.53284 1
-0.09615 0.35331 -0.41945 -0.70570 -0.46733 1.08932 -0.35527 1.08360 -0.70370 -0.67303 -0.09749 -0.39489 -6.97888 0.92438 1.87885 1.23132 1
-0.11684 -1.12523 -0.42394 -0.70540 -0.15233 0.30111 -0.35527 0.25170 -0.70370 0.48555 0.46706 -0.41082 0.32971 -0.78354 -0.26695 1.53284 1
-0.10417 -1.25005 -0.41695 1.86080 2.23277 -0.99634 0.10253 -1.48885 0.19775 -0.65848 1.92999 -0.41082 -0.03828 0.37995 -0.41758 0.77905 1
-0.10901 -0.19395 -0.42394 1.28777 1.77020 -0.81117 0.72165 -0.81755 -0.70370 -0.73323 0.65946 -0.41082 0.32971 0.46341 -0.32704 1.53284 1
-0.11244 -0.14698 -0.25912 -0.46028 -0.12794 0.80986 -0.35527 0.88470 0.60340 -0.89950 -0.39843 -0.26777 0.32971 -1.11728 -0.49827 -0.72854 1
-0.09908 -1.15757 -0.42394 0.65806 0.70927 -0.04986 -0.35527 -0.47504 0.02113 -0.24975 0.09250 -0.41082 0.32971 -0.38310 -0.48725 1.23132 1
-0.11170 0.24235 -0.42394 0.66361 0.61714 -0.30237 -0.35527 -0.97196 -0.70370 -0.27091 0.89018 -0.41082 0.22865 1.02072 -0.69874 0.92980 1
0.25321 -0.52331 -0.35657 0.53311 0.56424 -0.47651 0.11353 -0.59507 0.07827 0.04626 -0.49666 -0.34750 0.27715 0.41644 -0.59172 0.24062 1
-0.08514 -0.74226 -0.42093 0.14360 0.90720 -0.00782 -0.35527 -0.55009 0.58478 -0.49523 0.34177 -0.41082 0.30779 0.67415 -0.24052 0.49906 1
-0.10848 -0.32000 -0.42394 1.14975 1.03132 -0.30873 -0.35527 -0.97097 -0.70370 -0.66326 0.77707 -0.41082 0.32971 -0.03520 -0.23505 1.19782 1
-0.09475 -0.07526 0.21455 -0.07005 0.04213 0.13947 0.05419 0.03002 -0.02292 -0.18550 0.35310 0.23489 0.26023 0.16366 -0.47006 1.23132 1
-0.11478 1.06134 -0.42394 1.32065 0.79611 -0.15564 -0.35527 -0.56683 1.01616 -0.82830 0.59841 -0.41082 0.32971 -0.49152 -0.08190 1.53284 1
-0.08678 -0.29940 2.22392 -0.26662 0.46291 0.21989 0.41564 0.54616 -0.14905 -0.50309 0.19753 2.09812 0.21650 0.39181 0.90450 1.28158 1
-0.11705 -1.04521 -0.42394 0.75303 1.44947 0.20479 -0.35527 -0.02114 -0.70370 -0.31971 0.30522 -0.41082 0.32971 0.61764 0.39394 1.53284 1
-0.11361 -1.23038 -0.42394 0.98404 1.94942 0.05423 -0.35527 -0.59471 -0.70370 -0.87811 0.36386 -0.41082 0.32971 -0.23658 0.32184 -1.48234 1
-0.10477 -0.43039 2.14025 0.82686 1.07670 -0.77604 1.51842 0.15175 0.59046 -0.45525 -0.09098 1.78450 0.26367 0.07125 0.15816 -1.48234 1
-0.11774 2.03513 -0.42394 -1.09902 -1.40900 -0.02541 -0.35527 -0.79152 -0.70370 2.85399 6.46358 -0.41082 0.32971 1.68009 -1.19221 -1.48234 1
-0.11261 -0.68825 -0.39005 0.44230 0.28054 0.29708 -0.35527 -0.00002 -0.70370 -0.03397 -0.31292 -0.36467 0.32971 -0.18829 -0.60784 0.67136 1
-0.10011 0.89129 1.25712 -0.21473 -0.42153 -0.18874 0.30181 -0.00636 -0.26112 0.55463 0.30783 1.09072 0.12645 2.41522 0.33647 -1.10544 1
-0.11271 0.06519 -0.42394 0.42277 0.70701 -0.02665 -0.35527 -0.79152 0.57776 -0.68287 -0.51896 -0.41082 0.26432 -0.61770 -0.01103 0.77905 1
-0.10817 -0.84554 -0.29783 0.31037 0.51158 0.17903 -0.35527 -0.22729 -0.70370 -0.12287 -0.15640 -0.30485 0.32971 0.15307 0.12958 0.77905 2
-0.10514 0.21784 -0.42394 0.00389 -0.07094 0.33496 -0.35527 0.09513 -0.14670 -0.35631 -0.23425 -0.41082 0.30128 -0.47340 -0.43173 0.52778 2
-0.11663 -1.93441 -0.42394 1.11940 -0.21079 0.27613 -0.35527 -0.20647 -0.70370 -1.12498 0.81608 -0.41082 0.32971 0.43765 1.98009 1.53284 2
-0.09641 0.08200 -0.16945 -0.33216 0.32240 0.59676 -0.35527 0.45696 -0.70370 -0.18724 -0.14358 -0.13318 0.18176 -0.04225 0.08891 0.02525 2
-0.11335 0.37190 -0.40457 -0.25634 -0.51251 0.73351 -0.35527 0.57295 -0.70370 -0.57948 0.43366 -0.41082 0.32971 1.02378 0.76715 1.10210 2
-0.10470 -0.78617 1.19623 0.23880 0.67137 0.54951 -0.35527 0.33727 -0.12362 -0.32448 0.08747 1.00699 -0.02549 -0.04115 0.93391 1.53284 2
-0.11218 -0.75489 -0.42394 0.42493 0.26507 0.07207 -0.35527 -0.41661 -0.70370 -0.55496 0.11920 -0.41082 0.32971 -1.35704 -0.43518 -1.48234 2
-0.11592 1.37137 -0.42394 -0.24101 -0.63811 1.29233 -0.35527 1.77434 -0.70370 -1.12498 -0.21045 -0.41082 0.16834 -0.41040 -1.19221 1.53284 2
-0.10397 -1.14391 -0.42394 1.26427 2.19986 -0.97058 0.62017 -1.07614 0.26453 -0.54041 -0.35214 -0.41082 0.30500 -0.90991 -0.09561 0.19276 2
-0.11200 0.59175 -0.42394 -0.33568 -0.42097 0.35586 0.77131 1.38552 -0.70370 -0.87445 -0.04311 -0.41082 0.32971 -1.28765 1.02840 1.53284 2
-0.11742 0.55536 -0.42394 -1.02931 -0.71369 0.17355 -0.35527 -0.02114 -0.70370 1.29082 -0.41407 -0.41082 0.32971 0.95778 4.35932 -1.48234 2
-0.09220 -0.14077 -0.41631 0.87846 1.08817 -0.75164 0.15447 -0.99411 0.61748 -0.12219 -0.13503 -0.40118 0.18139 -0.04908 -0.29339 0.77905 2
-0.08419 -1.11508 -0.42394 1.57122 1.77302 -1.01767 0.54896 -1.15358 -0.09731 -0.60197 -0.24188 -0.41082 0.32971 0.55413 -0.81985 0.13294 2
-0.01250 -0.97839 0.57304 0.36503 0.74549 0.11935 0.07671 0.16275 -0.34500 -0.55572 -0.49366 0.45282 0.30774 -0.29339 0.10664 0.82339 2
-0.04564 -0.07833 -0.42394 0.27163 0.47596 -0.61819 0.16475 -0.95836 -0.11550 -0.14416 0.50038 -0.41082 0.28469 0.50802 -0.37628 0.80696 2
-0.11572 1.39867 -0.42394 -1.16836 -1.54264 0.85934 -0.35527 1.04151 2.73603 0.65509 -0.88067 -0.41082 -0.02134 -1.76143 0.39394 -1.48234 2
-0.11145 -0.08281 -0.42394 1.36948 0.46942 -0.03914 -0.35527 -0.70052 -0.70370 -0.78677 -0.85833 -0.41082 0.32971 -1.03230 -1.19221 -1.48234 2
-0.11460 -0.16859 -0.42394 -0.50737 -0.97662 0.90619 -0.35527 1.06410 -0.70370 0.01506 -0.17645 -0.41082 0.32971 -1.81920 1.37003 1.53284 2
-0.08936 -0.81570 -0.41360 1.78461 1.63735 -1.03965 0.52894 -1.12856 0.49768 0.07700 0.04192 -0.41082 0.26840 -0.50348 -0.57847 0.77905 2
-0.10775 -0.48152 2.42775 0.49760 0.69526 0.28119 -0.35527 0.10164 1.39699 -0.15866 -0.24130 2.32246 0.32971 -0.05677 -0.03865 0.52778 2
-0.03380 0.02708 -0.03341 -0.50740 -0.11396 -1.28226 0.56740 -1.30957 0.67947 1.43995 -0.49088 0.04016 0.21060 1.29886 -0.50164 -0.27627 2
-0.10884 -0.40197 -0.42394 -0.79223 -0.32271 0.79104 -0.35527 0.62041 -0.70370 -0.51559 -0.37193 -0.41082 0.23957 -1.68283 0.24044 -0.47728 2
-0.10855 -0.77958 -0.35345 1.13619 1.51261 -0.34444 -0.35527 -0.83967 -0.06712 -0.57593 -0.36099 -0.31793 0.32971 -0.09570 -0.89213 1.53284 2
-0.08609 -1.99776 0.84671 0.63119 1.37562 -0.43915 0.89382 -0.10206 -0.20669 -0.82492 -0.23393 0.60449 0.24094 0.34410 -0.00843 0.26329 2
-0.09550 -0.51928 -0.41085 0.38644 0.87949 -0.04090 -0.28673 -0.50003 -0.08027 -0.26466 -0.38707 -0.39945 0.28199 -1.03966 -0.54752 -0.47728 2
-0.09617 -1.25369 -0.41046 1.87531 2.25545 -1.14831 1.23297 -0.82319 -0.70370 -0.72775 -0.01330 -0.41082 0.32971 0.72464 -0.14938 0.82339 2
-0.11362 0.16806 -0.42394 0.37961 0.30018 0.67013 -0.35527 0.58800 -0.70370 -0.86280 -0.55753 -0.41082 0.25215 -0.13603 0.25602 -1.48234 2
-0.11623 -0.88936 -0.42394 0.66125 1.25661 -0.11290 -0.35527 -0.62844 -0.70370 0.51153 -0.08570 -0.41082 0.32971 -1.41085 -1.19221 1.53284 2
-0.11660 -1.40533 -0.42394 -0.19218 -0.18394 1.28437 -0.35527 1.72505 -0.70370 -1.12498 0.22741 -0.41082 0.32971 -1.41501 -1.19221 -1.48234 2
-0.09768 0.05306 2.14640 -1.03297 -0.35258 0.93085 -0.35527 0.97135 0.61217 -0.51968 -0.21498 1.86134 0.21780 1.42484 0.86979 1.53284 2
0.24097 -0.71103 2.33591 0.13042 0.60334 -0.44332 0.67062 -0.27443 0.00125 -0.32083 -0.00900 2.30517 0.17074 -0.04258 0.35887 0.56020 2
-0.04951 -0.17941 -0.33359 0.91223 1.28036 -2.54052 1.59738 -2.17785 -0.37729 1.57772 -0.07493 -0.38303 0.27974 0.25486 -0.70131 0.87327 2
-0.10890 -0.25980 -0.42394 0.35080 0.17991 0.64548 -0.35527 0.06980 -0.70370 -0.81182 0.36894 -0.41082 0.09812 -0.19004 -0.39913 -1.48234 2
0.27642 -0.70650 -0.19779 0.21535 0.54194 -0.78292 0.55055 -0.72240 -0.02088 0.17395 0.11581 -0.21016 0.19130 0.19440 -0.23183 0.41226 2
-0.11375 0.85319 -0.42394 -0.54246 -1.23354 0.32102 -0.35527 0.03298 0.91667 -0.00692 -0.66882 -0.41082 0.32971 -0.61770 -0.76517 0.02525 2
-0.09437 -0.56785 -0.42394 1.31209 1.72330 -1.16144 0.74490 -1.34462 -0.40797 -0.35979 0.12884 -0.41082 0.31462 0.81943 -0.73902 1.53284 2
-0.07948 -0.80409 -0.42394 2.03010 1.56584 -1.12904 0.79722 -1.12949 -0.16556 -0.44422 0.05555 -0.41082 0.32971 0.56544 -0.65405 0.46866 2
-0.11270 -0.30021 -0.42394 -0.55207 -0.92742 1.15514 -0.35527 1.16945 -0.70370 -1.12498 -0.32278 -0.41082 0.08166 -0.96584 0.65830 -1.48234 2
-0.11654 0.55536 1.48354 -0.15393 -0.54032 0.53947 -0.35527 0.50272 3.21758 -0.44855 0.39666 1.30578 0.32971 0.75962 -1.19221 -1.48234 2
-0.11198 0.77321 -0.42394 0.29331 -0.15633 0.35937 -0.35527 0.20680 0.53721 0.58749 -0.64293 -0.41082 0.32971 -1.05492 0.04146 1.53284 2
-0.11602 0.74434 -0.42394 -0.46475 -0.42297 0.81288 -0.35527 0.81081 -0.70370 -0.57053 -0.32824 -0.41082 0.32971 -0.80616 0.39394 -1.48234 3
-0.08446 -0.75119 2.81970 -0.11601 0.40925 0.19809 -0.07719 -0.21872 -0.70370 -0.45855 0.05574 2.61050 0.28042 -0.05919 1.04706 0.71052 3
-0.10606 0.17372 -0.42394 0.07974 0.07679 0.38914 -0.35527 0.00047 1.23753 -0.45525 -0.77112 -0.41082 0.26367 -0.93662 -0.26695 0.32677 3
-0.08956 -0.73465 -0.42394 1.09449 0.60541 -0.22880 0.14435 -0.25209 -0.70370 -0.40717 -0.61586 -0.41082 0.30473 -0.59497 -0.61123 0.02525 3
-0.08949 0.34228 -0.40663 -0.07601 -0.03441 0.02000 -0.35527 -0.45064 -0.45520 -0.01046 -0.47026 -0.40175 0.30435 0.24704 -0.58023 0.77905 3
-0.04235 -0.75411 1.01242 0.31048 0.89883 -0.23208 0.20100 -0.47507 0.21774 -0.38321 0.22043 0.89643 -0.16661 0.65029 0.23025 0.40954 3
0.03815 -1.05240 1.33366 0.35185 0.80437 -0.27411 -0.01422 -0.53962 0.08764 -0.04096 -0.42552 1.22957 0.25845 0.92130 -0.16370 -0.50970 3
-0.06634 -0.86313 -0.40468 0.74934 0.82904 -0.73505 -0.05272 -1.21132 0.50657 0.31324 -0.42617 -0.40591 0.30912 0.33588 -0.41377 0.58068 3
-0.11065 0.85701 -0.42394 -1.00928 -0.89880 1.00300 -0.35527 1.10852 0.44288 -0.72941 -0.72342 -0.41082 0.27120 -1.05338 0.65830 1.53284 3
-0.11578 -0.13411 -0.42394 1.51395 0.45567 0.69873 -0.35527 0.83197 -0.70370 -0.17227 3.11936 -0.41082 0.32971 -0.86581 -0.60784 -1.48234 3
-0.11403 -0.23684 -0.29008 -0.61424 -0.44780 0.51828 -0.35527 0.52454 1.16358 0.80766 0.13664 -0.34270 0.23442 -0.22383 2.04618 -1.48234 3
-0.08059 -0.59910 -0.41334 1.18442 1.03710 -0.62772 0.14416 -0.87836 0.56827 -0.34135 -0.30174 -0.41082 0.28335 0.14565 -0.75103 0.12576 3
0.12739 -0.62203 0.43662 0.21314 0.56651 -0.21942 0.21421 -0.22415 -0.25346 -0.36385 -0.23228 0.41700 0.27916 0.26998 -0.44319 0.01142 3
-0.10374 -0.42599 -0.38996 -0.07397 -0.44125 0.75129 -0.35527 0.65269 -0.70370 -1.03574 0.13391 -0.37307 0.25051 -0.03554 0.28820 -1.48234 3
-0.10647 -0.52980 0.00112 -0.09850 0.13890 0.27538 -0.35527 0.01819 -0.11492 -0.82028 -0.35972 -0.04567 0.29966 0.05213 -0.45200 0.86280 3
-0.04236 -0.75750 -0.41734 0.85584 0.95074 -1.02757 -0.03042 -1.40617 0.28154 0.66728 -0.62707 -0.40755 0.30686 0.64710 -0.69506 0.14122 3
-0.09664 -0.12946 -0.14384 -0.03883 -0.01214 0.51370 -0.35527 0.38292 0.71963 -0.32702 -0.25803 -0.11226 0.27524 -0.55010 -0.58659 0.24062 3
-0.04478 -0.28073 -0.39667 0.68193 0.43419 -0.64853 0.30854 -0.70952 -0.50575 -0.03232 -0.39129 -0.39276 0.29940 -0.08425 -0.71309 0.77905 3
-0.10350 0.79278 -0.42394 -0.50698 -0.73421 0.74402 -0.35527 0.74623 0.41030 -0.35631 -0.55996 -0.41082 0.32971 -1.10941 -0.27963 0.77905 3
-0.03455 0.46748 -0.42035 0.31703 0.29094 -0.29344 0.07097 -0.44837 0.51235 0.37568 -0.39338 -0.41082 -0.85883 1.04586 0.58803 -0.68420 3
-0.10699 -0.12483 1.03883 -0.28953 -0.32218 -0.06067 -0.35527 -0.48966 -0.04355 0.81092 -0.44782 1.27496 0.06022 0.36060 0.23387 -1.48234 3
-0.00299 -0.52853 0.00955 0.09860 0.27080 -0.28833 -0.35527 -0.62798 0.02068 0.41614 -0.40901 0.01419 0.24038 0.77375 -0.38024 0.18121 3
-0.11036 -0.81240 -0.39936 1.02973 1.16739 -1.16120 2.34726 0.45323 -0.70370 -0.54848 -0.30203 -0.32954 0.32971 0.49803 -0.13478 1.53284 3
-0.11230 0.28821 -0.42394 0.04950 0.55696 0.58819 -0.35527 0.42349 -0.70370 -0.70743 -0.14685 -0.41082 0.32971 0.18371 -0.08190 -1.48234 3
-0.09768 -1.45385 -0.42394 1.99723 2.52225 -1.99117 1.19711 -1.95921 -0.07123 -0.41583 0.10655 -0.41082 0.23289 1.37074 -0.67750 0.43641 3
-0.06418 -0.39515 -0.41099 0.68744 0.68928 -0.17820 -0.07924 -0.55333 -0.28802 -0.24061 -0.51442 -0.40576 0.30850 -0.09053 -0.49064 0.75113 3
-0.10546 0.19143 -0.37782 1.27914 1.09612 -1.03120 1.67659 0.11088 -0.70370 0.29333 -0.89359 -0.38774 0.32971 -0.40448 -0.20087 -1.48234 3
-0.10655 -0.79479 -0.42394 0.18121 0.44658 0.42457 -0.35527 0.28331 -0.10594 -0.60941 -0.57825 -0.41082 0.29920 1.18491 -0.08190 -1.48234 3
-0.11086 1.36134 -0.42394 -1.02997 -0.89447 1.05352 -0.35527 1.48999 0.45645 -0.12435 -0.56611 -0.41082 0.21131 -0.59907 0.19567 0.52778 3
-0.05826 0.36181 -0.03015 0.07246 -0.14298 -0.01148 -0.35527 -0.35963 -0.07810 0.77436 0.47353 -0.08218 -0.58968 1.49727 0.57838 -0.50065 3
-0.10697 -1.50311 3.32383 0.91513 2.35827 -1.24734 2.60321 0.24343 0.28652 -0.10009 -0.46179 3.67116 0.32971 1.19004 1.43351 -1.48234 3
-0.09395 0.03251 -0.42394 0.21083 0.15328 0.71675 -0.18400 0.95730 -0.37909 -0.62102 -0.54034 -0.41082 0.32971 -0.61510 1.37902 0.02525 3
-0.07947 -0.90716 0.54138 -0.20221 0.01249 0.68127 -0.35527 0.58499 -0.30151 -0.60465 -0.60048 0.40347 0.10396 -0.24809 -0.08743 0.62829 3
-0.11431 -0.96260 -0.42394 -0.74517 -0.29924 1.24278 -0.35527 1.70118 -0.70370 -0.77267 0.08251 -0.41082 0.32971 -0.56445 0.04146 1.53284 3
-0.10104 -0.02962 -0.41245 0.08648 -0.04955 0.10599 0.09593 0.05854 -0.70370 -0.67603 -0.49274 -0.41082 0.30757 -0.78354 -0.87193 -0.27627 3
-0.11124 -0.65122 -0.38262 -0.38334 -0.30503 0.17355 -0.35527 -0.24516 -0.70370 0.12107 -0.18520 -0.37317 0.32971 -0.41933 -0.18284 0.92980 3
-0.09656 0.66368 -0.42394 -1.32461 -1.01541 1.25721 -0.35527 1.76939 0.17159 -0.29455 -0.34125 -0.41082 -0.07227 -0.28705 1.06604 1.53284 3
-0.10930 -0.29460 -0.42394 -0.22072 -0.22058 0.32436 -0.35527 -0.07230 1.04688 -0.06807 -0.41407 -0.41082 0.24038 -0.72135 -0.52603 1.53284 3
-0.08669 0.19649 -0.42394 -0.27761 -0.12183 -0.06933 -0.03291 -0.42242 -0.46460 -0.30007 0.88864 -0.41082 0.13449 0.66269 0.14016 1.24105 3
-0.10614 0.53616 -0.41583 0.04706 0.18508 0.45708 -0.35527 0.08413 -0.70370 -0.79873 -0.74934 -0.41082 0.29754 -0.43946 -0.45200 -1.48234 3
0.01576 -0.01731 2.62879 -0.94407 -0.60118 0.90127 -0.34939 0.87521 0.04464 -0.39739 0.21436 2.44075 0.12489 0.10526 0.93350 0.92166 4
-0.11405 1.19126 -0.28963 0.14635 -1.15018 0.98142 -0.35527 1.44918 -0.70370 0.12766 -0.24339 -0.27836 0.23707 -0.44202 0.76715 1.53284 4
-0.10957 -0.42665 2.65922 -0.33363 -0.17770 0.63918 -0.35527 0.61282 0.25741 0.53292 0.40595 2.35902 0.32971 -1.06843 -0.24727 1.53284 4
-0.02676 -2.76543 1.21886 -0.26506 0.04723 -4.62256 6.30472 -1.44723 -0.09631 1.01242 -0.11996 1.68087 0.25532 0.13085 -0.25235 0.77905 4
0.57574 -0.60526 1.53876 -0.76494 -0.54509 -4.33985 2.48097 -3.04526 -0.24269 5.72794 -0.28458 1.60098 0.17739 1.72014 -0.60041 -0.02043 4
-0.10831 0.64845 -0.42394 -0.21148 -0.56426 0.24975 -0.35527 0.15330 2.51046 0.53836 -0.49669 -0.41082 0.24770 0.37478 -0.52934 -0.72854 4
-0.09932 0.15889 0.21981 -0.73135 -0.54032 0.93984 -0.35527 1.06074 -0.70370 -0.75736 -0.23639 0.22669 0.19921 0.12743 0.23533 -0.19012 4
-0.11601 -0.28997 1.83762 0.19563 -0.13939 0.74387 -0.35527 0.52454 -0.70370 -1.12498 0.77207 1.51922 0.32971 0.02015 1.18702 1.53284 4
-0.08432 0.16566 -0.41806 -0.77433 -0.55559 0.59565 -0.35527 0.47575 -0.24238 -0.28940 -0.56878 -0.40240 0.31794 0.14201 -0.35058 -1.48234 4
0.03671 -0.26826 -0.41552 -0.10841 -0.07577 -0.04916 -0.17214 -0.26791 0.27982 0.35104 -0.84184 -0.40544 0.26948 -0.30507 -0.50143 -0.95025 4
0.14002 0.06357 -0.40916 0.16962 0.00910 -0.83170 0.48064 -0.70774 0.83578 0.71890 -0.63915 -0.40128 0.14147 0.74204 -0.24200 -0.36803 4
0.00158 0.20450 -0.23303 -0.74125 -0.56094 0.02455 -0.05284 -0.03228 -0.06857 0.10210 -0.19456 -0.21851 -0.08189 0.08023 -0.40923 0.00751 4
-0.06630 0.09496 0.78148 -0.63923 -0.44071 0.03456 -0.35527 -0.12849 -0.11931 0.94159 -0.38266 0.68178 0.27007 0.18564 -0.40289 -0.27627 4
-0.08976 1.08483 -0.42045 -1.60438 -1.48924 1.07112 -0.32783 1.16945 0.36573 -0.38706 0.46994 -0.41082 0.16599 -0.56706 0.83531 0.86280 4
-0.02928 -0.72509 -0.37999 0.02593 0.45217 -0.09059 0.39382 0.19946 -0.53269 -0.41699 -0.61504 -0.37650 0.28608 0.08205 -0.63184 0.19276 4
0.41708 -0.28887 -0.40760 0.30050 0.21206 0.41004 -0.34396 0.24640 -0.09113 -0.04063 -0.87718 -0.39539 0.26942 -1.00267 -0.23505 -0.37148 4
-0.09416 0.36002 -0.41982 -0.33450 -0.84213 0.62045 -0.35527 0.46661 0.30348 -0.37211 -0.73084 -0.41082 0.32971 -0.55867 -0.35248 -1.48234 4
-0.05336 -0.02910 -0.39000 -0.28882 -0.20330 -1.98582 2.86340 -0.32555 0.27037 0.48327 -0.82740 -0.39559 0.23740 -0.16457 -0.64065 -0.72854 4
-0.10574 0.83446 -0.36892 -0.78386 -1.12137 0.73967 -0.35527 0.80884 2.03845 -0.17893 -0.63298 -0.33579 0.25974 -0.87839 0.35705 -1.48234 4
-0.04839 -0.35774 -0.42251 0.10386 0.30188 0.13122 0.01625 0.13969 -0.48848 -0.36391 -0.78639 -0.41082 0.31323 -0.24804 -0.65823 -0.22601 4
-0.10245 -0.09574 -0.42394 -0.07896 -0.67396 0.65137 -0.35527 0.61927 -0.22432 -0.54613 -0.70946 -0.41082 0.28078 -1.14964 -0.62282 1.53284 4
-0.11616 0.65527 0.16691 -0.37462 -0.56088 0.59170 -0.35527 0.75274 2.86110 0.10488 -0.40340 0.36946 0.32971 -0.88473 -0.18284 1.53284 4
0.03926 -0.26098 0.76931 -0.04871 -0.06636 0.75922 -0.35527 0.83121 -0.31555 -0.64792 -0.77339 0.63347 0.30495 -1.39528 -0.52288 -0.22601 4
-0.11525 1.06134 -0.39341 -1.63610 -1.64001 -0.32963 -0.35527 -0.52485 1.45085 1.47666 -0.36911 -0.41082 0.32971 0.61764 -1.19221 -1.48234 4
-0.05721 0.12051 -0.34358 -0.61267 -0.55500 0.09238 -0.35527 -0.14846 0.69404 0.76007 -0.61140 -0.33201 0.16761 -0.25464 -0.50478 -0.27627 4
0.01353 0.40391 -0.06751 -0.97560 -0.89487 0.13257 -0.18385 0.29907 1.51241 1.13685 -0.40762 -0.06049 -0.11320 0.78769 0.13170 -0.00981 4
-0.10562 -0.79017 -0.26043 -1.52586 -1.76220 -6.74789 10.62818 -0.42430 -0.70370 -0.87258 -0.32726 -0.35744 0.32971 0.50315 -0.39913 1.53284 4
0.03984 -0.33619 -0.39473 -0.15721 0.03187 0.10583 -0.07935 0.04379 0.09752 -0.22254 -0.72971 -0.38331 0.28882 -0.15502 -0.71820 -0.68887 4
-0.06838 -0.30868 -0.38584 -1.01009 -1.02060 0.22873 -0.14533 0.26475 0.39075 0.30447 -0.62610 -0.36519 0.25790 0.44282 -0.43240 -0.22601 4
-0.11438 0.89884 -0.32721 -1.62878 -1.88073 0.86379 -0.35527 1.16945 3.75230 0.41235 -0.34782 -0.24826 0.21602 1.65169 -0.26695 -1.48234 4
-0.04753 1.10526 -0.06276 -1.06729 -0.51048 -2.91192 0.88657 -3.07132 0.40610 2.41668 1.35492 -0.07681 -0.87369 3.42473 -0.48023 -0.47728 4
-0.11469 0.80238 -0.42394 -0.76482 -1.43840 1.08152 -0.35527 1.34307 -0.70370 -0.74919 -0.83821 -0.41082 0.10738 -1.30269 1.76861 -1.48234 4
-0.08549 0.70667 0.72959 -1.51179 -1.52218 0.70073 -0.35527 0.85847 0.89248 0.61886 -0.04668 0.75377 -0.06397 0.77604 1.41298 0.52778 4
-0.07027 0.24954 -0.07389 -0.93097 -0.76193 0.80572 -0.35527 1.02336 0.15548 0.03105 -0.25483 -0.13500 0.21572 0.10360 -0.28584 -0.12551 4
-0.08932 -0.82171 -0.41706 0.06128 0.14742 -0.25708 -0.35527 -0.73835 -0.70370 0.35265 -0.83067 -0.41082 0.32971 0.14068 -0.73770 -0.97981 4
-0.06643 0.84321 0.03928 0.85558 2.09605 -3.52586 4.77688 -1.17699 0.03756 0.08977 -0.72445 -0.28237 0.23514 0.23876 -0.81370 -1.14732 4
-0.05865 0.77404 -0.41219 -1.17065 -1.63612 1.32559 -0.35527 2.00800 -0.05821 -0.34556 -0.82337 -0.39904 0.32147 -1.43624 0.28165 1.53284 4
-0.00218 -0.13018 -0.40752 0.32381 -0.11975 -0.17322 -0.35527 -0.46181 -0.11137 0.33618 -0.76659 -0.39569 0.28437 -0.69819 -0.76704 -0.27627 4
-0.09887 1.01528 -0.42394 -0.30126 -1.16243 0.98089 -0.35527 1.45727 0.91332 -0.42763 1.55309 -0.41082 0.30908 -1.55102 -0.00260 -0.47728 4
-0.11112 0.58744 -0.42394 -0.28332 -0.77036 1.10219 -0.35527 1.65250 -0.70370 -0.18025 -0.93913 -0.41082 0.27381 -1.57518 -0.92140 -1.48234 4
1.03107 -0.43804 1.50563 0.07191 0.04190 -0.70256 -0.18673 -1.16064 -0.23355 0.97621 -0.25111 1.47732 0.20041 0.57115 -0.91831 -0.73222 5
-0.11545 -1.44378 1.88216 0.15623 0.15695 0.27026 -0.35527 -0.18485 -0.70370 -0.27945 0.53000 2.27137 0.32971 0.52245 0.04146 -1.48234 5
-0.02283 0.01551 -0.38296 1.41652 -0.31557 -0.16575 -0.35527 -0.03746 -0.50822 0.47111 4.23258 -0.36090 0.26986 1.63856 -0.69987 0.18121 5
-0.10696 4.52300 -0.31973 -1.58093 -1.33936 -2.26595 4.09936 0.57415 1.84258 1.51044 0.18331 -0.41082 0.26474 -0.29445 0.39394 -1.48234 5
-0.10751 -1.10597 1.35332 1.09145 2.11259 -1.74386 1.48142 -1.57411 -0.03224 -0.31420 -0.73084 1.25483 0.22692 0.63983 -0.88163 -0.47728 5
-0.02116 0.45022 -0.33511 -0.80096 -1.04045 0.68736 -0.32824 0.93094 0.24223 0.40291 -0.83689 -0.32612 0.18051 -1.03710 0.12047 -0.55459 5
0.00752 -0.24176 -0.41197 -0.11828 0.07977 -0.19905 0.05195 -0.32376 0.66869 0.43534 0.47200 -0.39944 0.28514 0.67195 -0.22825 0.25367 5
-0.10312 -0.03130 -0.39786 -0.32444 -0.43685 0.11529 -0.35527 -0.14770 0.27417 0.14015 -0.70304 -0.37514 0.25486 -0.01573 -0.49827 -1.48234 5
0.73737 0.30970 -0.09664 -1.62414 -1.60800 0.13472 -0.33805 0.10566 0.47927 1.67217 -0.65321 -0.06909 0.23401 0.15137 -0.67696 -0.16218 5
-0.11261 0.11408 -0.42394 0.09266 0.57669 0.45803 -0.35527 0.17662 -0.70370 -0.44402 -0.91840 -0.41082 0.32971 -2.27610 -1.19221 -1.48234 5
-0.10034 -0.53046 -0.40736 3.16652 0.16771 0.33128 -0.35527 0.56718 -0.70370 -0.59652 0.30522 -0.39840 -0.24348 -1.07672 -1.00402 -0.72854 5
-0.09474 -0.04485 -0.40704 -0.53895 -0.17190 0.23689 0.17558 0.49502 0.39367 0.07391 -0.37262 -0.39747 0.31104 -0.29723 0.54682 -1.05160 5
-0.00124 -0.98538 -0.37421 0.85495 0.45865 -0.87184 -0.02088 -1.09450 -0.41980 0.64787 -0.42992 -0.37353 0.26596 0.49643 -0.98865 -0.53018 5
0.19585 -0.53225 -0.40379 -0.11845 -0.20199 -0.59421 0.38828 -0.38102 0.03560 1.08131 0.09870 -0.39733 0.28066 0.40361 -0.44601 -0.13344 5
-0.02995 -0.10582 -0.35014 -0.53990 -0.13689 0.16848 -0.24533 -0.14537 -0.33859 0.41807 -0.55974 -0.34089 0.04559 0.23897 -0.19432 0.52778 5
0.12045 -0.28058 -0.41553 -0.13364 -0.04185 -0.61996 0.11948 -0.72516 0.59789 1.19147 1.28765 -0.40503 0.28921 0.51301 -0.33526 0.61606 5
-0.09548 0.17329 -0.40213 -0.81790 -0.80623 0.27521 0.02147 0.55789 0.74863 0.56608 -0.78829 -0.37108 0.27412 -0.83733 -0.54668 -1.48234 5
-0.03203 1.38932 -0.00887 -1.53761 -1.35288 0.41236 -0.34918 0.73475 1.32386 1.70803 -0.32626 0.02928 -0.01689 0.06650 0.32699 -0.89606 5
-0.07268 0.83054 -0.40420 0.51366 -0.43225 0.05791 -0.35527 0.11560 0.05448 0.78449 0.12704 -0.39422 0.17495 -0.99691 -0.61292 -0.64479 5
-0.10464 0.69235 -0.37331 -0.88372 -0.78406 0.48659 -0.35527 0.34322 0.52555 0.14729 -0.64654 -0.36597 0.26698 -1.08833 0.14551 -1.48234 5
0.11401 -0.09893 -0.31192 -1.37823 -1.20882 0.06932 -0.35527 -0.20629 -0.07016 0.98022 -0.76757 -0.30012 0.04726 0.06488 -0.64971 -1.13174 5
-0.04815 2.35157 0.18621 -0.61648 -0.28801 -1.68128 2.98433 0.52532 -0.28326 0.63982 -0.37269 -0.34435 0.12232 -0.98770 -0.09507 0.64602 5
0.03935 0.67450 -0.33730 -1.03567 -1.03315 0.82037 -0.28524 1.12874 0.27547 0.24615 -0.64245 -0.31416 -1.91284 -0.19155 0.82210 -1.37270 5
0.18804 -0.14134 -0.28516 -0.12306 0.08073 0.18916 0.10756 0.35450 -0.01069 0.24260 -0.57052 -0.27228 -0.08757 0.21250 -0.60148 -0.04030 5
-0.02220 -0.24548 -0.30805 -0.37428 -0.84808 -0.01572 0.49458 0.60579 -0.35927 0.22668 -0.87646 -0.31030 0.21107 -1.32313 -0.60784 -1.20823 5
1.08747 0.18002 -0.19341 -1.17125 -1.13083 0.65144 -0.34326 0.75866 0.15273 0.64158 -0.16515 -0.19371 -0.29212 0.27381 -0.15581 -0.40333 5
-0.11270 0.02572 -0.33789 -0.84260 -0.99162 -0.93704 -0.35527 -1.22230 -0.70370 2.27716 -0.71977 -0.36849 0.32971 0.23993 -0.99394 1.53284 5
-0.09878 0.62764 0.65494 0.03438 0.36053 -0.40696 -0.02230 -0.41404 0.08056 1.17487 1.50622 0.54762 0.02956 -0.73996 0.00518 0.71052 5
0.02086 -0.21499 0.38636 -0.50766 -0.09320 0.16388 0.06018 0.18116 -0.08245 0.27888 -0.68377 0.36200 -1.10951 0.80364 -0.14341 -0.90802 5
-0.11743 1.62971 -0.42394 -1.35601 -2.14403 0.83988 -0.35527 1.41947 7.13885 0.22787 0.78378 -0.41082 0.32971 -1.31316 1.42027 -1.48234 5
-0.01302 -0.45785 -0.18373 0.42863 0.82154 -0.85612 0.92455 -0.37508 -0.00624 0.82676 -0.52837 -0.31752 -0.28719 0.70512 -0.44200 -0.37148 5
-0.03564 0.35143 -0.37420 -1.27005 -1.33406 1.27972 0.00673 2.33881 -0.70370 -0.82756 -0.59712 -0.37038 0.14746 -1.97688 0.79048 0.08555 5
0.07388 0.66550 -0.02821 -0.93194 -1.05917 0.36701 -0.35527 0.67725 -0.07353 1.14330 -0.70600 -0.04147 -0.01114 -1.30625 0.09911 -0.91190 5
0.75295 -0.50069 -0.15432 0.05109 -0.07799 -0.67760 0.20689 -0.60655 -0.31747 1.45627 -0.70125 -0.15426 0.18625 -0.40299 -0.52228 -0.08782 5
0.44456 0.14306 -0.37303 -0.44782 -0.66856 0.61450 -0.14770 0.80278 -0.55680 -0.21027 -0.75878 -0.36902 0.14832 -1.21820 -0.44023 -0.76929 5
0.10270 -0.14422 0.45625 0.06082 -0.05828 0.91403 -0.14347 1.28802 -0.53869 -0.59130 -0.61493 0.32956 -0.34177 -1.18344 0.08047 -0.23319 5
-0.06082 -1.14439 -0.41174 5.61549 1.56498 -0.61502 -0.35527 -0.55559 -0.41536 0.00239 0.11736 -0.40380 0.13844 -0.46655 -1.01940 0.25522 5
0.12932 -0.50815 -0.02542 -0.42552 -0.46029 -1.17441 -0.30854 -1.42990 0.00509 2.30793 -0.69454 -0.02793 -0.31715 1.57922 -0.73326 -0.92853 5
0.31973 -0.07706 -0.12030 -0.37014 -0.54641 0.62011 -0.21111 0.87400 -0.37976 0.07153 -0.77685 -0.10703 0.16440 -1.24634 -0.56384 0.11526 5
1.28683 0.37423 -0.31293 -0.48681 -0.63434 -0.57363 0.05103 -0.55723 0.60864 1.80076 -0.55426 -0.31628 -0.89291 0.75235 -0.12709 -0.89158 5
