0.19819 0.75346 0.12612 0.63533 1.52034 -0.91162 -0.77794 1.03080 1.23857 -0.93222 -1.09781 -0.72706 1.43103 -0.10076 -0.67709 -0.58157 -1.71565 -0.46358 1.64305 -0.89022 -1.03510 0.64034 0.22797 -1.51863 -1.08874 0.61570 -1.24279 -1.29216 0.38620 -1.22821 1.54309 -0.70570 1
1.68520 1.53436 -0.60198 -0.82463 1.32104 -0.70907 -1.29167 -1.54890 0.07816 -0.87932 1.63532 -0.59149 0.50774 0.04357 -0.76848 0.15230 0.42142 -0.52617 1.44046 1.51748 0.80821 0.64034 1.39489 1.40411 0.24800 1.84053 0.03886 -1.09568 0.18411 1.21494 -0.23913 0.70158 1
0.95928 -1.10533 -0.96244 -0.52613 1.03558 -0.34076 1.22783 0.48063 1.41200 -0.68194 0.68366 -0.69867 -1.63166 -0.21723 -0.41276 -0.11317 -0.05725 0.61590 -0.22737 1.24335 0.05624 -0.59947 -1.28264 0.92912 0.58789 1.22812 1.74616 -0.54524 -0.21830 -0.61743 0.54740 -0.00206 1
-0.40653 -0.91530 -0.22005 -0.86043 -0.73472 -0.31209 1.59738 -0.74760 0.14520 -0.86626 0.48617 -0.60687 0.49551 0.34942 -0.67359 -0.73756 0.17697 -0.49235 1.44357 -1.30257 0.63842 1.88014 -0.78699 -0.22500 -0.80183 -1.22154 0.95355 0.88201 -1.07104 2.43652 -1.65020 1.40521 1
-1.42522 -0.88241 -0.63550 -0.79276 -0.28747 -0.88640 0.93347 1.10639 -0.88681 -0.62240 -0.43174 -0.60408 1.47184 -0.48575 -0.94127 -0.78157 1.15120 0.41702 -1.48085 1.57604 0.22099 0.02043 0.35326 0.16899 -0.45723 0.61570 -1.26187 0.60243 -1.31861 -0.00664 0.16003 -0.70570 1
-0.78538 0.35742 -0.94585 1.66235 -0.71073 -0.72612 -0.39459 -0.61003 0.64607 1.25511 -1.59751 -0.92225 0.20865 -1.05930 -0.98127 -0.31350 1.45605 -0.49648 0.30219 -1.41090 1.17432 0.02043 1.72682 0.85156 -1.06365 0.00329 -0.16324 -0.36529 0.46531 -0.61743 -0.57797 -0.70570 1
0.00057 1.70389 -0.89570 0.18429 0.16376 -0.32666 -1.39691 0.31170 -0.40010 -0.94087 -1.16022 -0.89413 -0.66184 0.72870 -0.53918 -0.29952 -0.00702 -0.80385 0.24140 -0.87889 -1.16153 0.02043 -0.37815 -0.62721 -1.22005 0.00329 -1.49801 0.28190 0.22622 0.60415 0.05839 -0.70570 1
-1.39922 -0.68427 -0.07546 -0.81433 -1.09665 -0.46743 1.72986 1.52754 -0.61546 1.36264 0.54207 -0.62466 1.00969 -0.19214 -0.90525 0.07120 1.60811 -0.91706 1.14006 -0.36609 1.30600 -1.21938 0.78818 0.41079 -1.00302 0.00329 -0.22683 0.20303 1.71760 -0.00664 1.19867 -0.00206 1
-0.76810 -0.76791 -0.29855 0.56213 -1.37393 -0.78607 -0.80272 -1.36051 -0.86423 -0.40243 -0.40789 -0.98768 0.72940 0.80127 -0.81805 -0.82266 0.66476 -0.49481 -1.24696 0.68709 -0.24726 -1.21938 1.19658 1.11310 0.02367 -0.60912 -1.12039 0.77153 -1.49714 -0.61743 -0.82284 -0.70570 1
-1.08174 1.44792 -0.28640 -0.29621 1.05408 0.83874 1.14643 -0.08631 -0.95986 1.32817 0.65283 -0.73653 1.57684 1.65242 -0.44816 -0.97440 1.68455 -0.76494 -0.47341 1.70690 1.50773 0.02043 0.47780 0.28571 -0.76217 -0.60912 0.11525 -0.78036 0.11650 -0.00664 0.55095 -1.40934 1
-1.18794 0.80534 0.86450 -0.69523 0.64374 -0.83894 -1.30538 -0.96211 0.45784 -0.68833 1.53269 -0.84318 1.58641 1.36328 -0.40226 0.32589 -1.04547 0.84092 -1.84540 -1.29319 1.46390 -0.59947 -1.36205 -1.60104 0.19774 -1.22154 -1.21540 -0.16767 0.26006 -0.61743 -0.23271 -0.70570 1
-0.96707 0.21951 -0.85637 -0.76429 -0.35609 -0.86059 -0.92865 -1.00809 0.43729 -0.98094 -0.48590 -0.48147 0.83950 -0.17037 -0.09719 -0.66779 -0.80013 -0.92580 -1.26475 -0.46332 -1.19898 0.02043 0.28426 -0.12239 -1.28139 -1.22154 1.65247 0.99055 -1.15163 -1.22821 -0.74101 -1.40934 1
-1.19281 1.06542 0.25333 0.28260 1.28401 -0.48430 0.37503 -0.68151 0.37367 -0.01225 -0.76335 -0.89026 0.89534 0.86378 1.23355 -0.25345 0.09392 0.93646 -0.44244 0.20342 -1.42764 1.88014 1.41606 -1.14784 1.15577 -0.60912 -0.59769 -1.25761 -0.31184 -0.00664 -1.45502 0.70158 1
1.23599 -1.49694 -0.48824 -0.40856 -0.13675 -0.04389 -0.03515 -0.69154 -0.49115 0.21029 -0.54632 -0.93052 0.59393 1.58028 -0.57115 0.04876 0.06556 -0.49090 1.06442 -0.36203 -0.01922 -1.21938 0.63983 1.28690 1.70836 -1.22154 -0.78705 1.34885 -0.57467 -0.61743 -1.00989 -1.40934 1
1.66102 0.54595 1.26987 0.26066 1.32793 -0.49462 -0.10864 -1.59592 0.40836 0.52548 -1.25254 -0.76048 0.30592 -0.77892 -0.06241 -0.73551 1.73885 -0.81269 -0.93926 1.55287 1.59481 -1.21938 -1.72990 -1.26381 1.47814 0.61570 -1.68216 -0.47287 0.08486 -0.00664 0.03840 -0.70570 1
-0.77218 0.91639 -0.93168 0.19704 -1.29586 -0.70045 -1.70533 0.72773 -0.71219 -0.58019 -0.10476 -0.57234 0.41076 0.95319 -0.16398 -0.95799 -0.29107 -0.27115 0.61066 -1.55946 0.49035 0.64034 -1.00330 -0.63603 0.22502 1.22812 0.80286 0.99162 0.86977 2.43652 1.18722 1.40521 2
-0.72215 -0.08895 -0.67775 -0.99413 -1.10597 -0.59611 1.26485 0.22607 -0.80484 -0.46732 -0.89565 0.04047 1.31589 0.40863 -0.26195 -0.91792 0.32126 -0.19970 0.99831 0.68744 0.45977 0.64034 -0.57345 -0.62532 1.00774 -1.22154 -1.47175 0.73492 -0.15881 1.21494 -0.63165 1.40521 2
0.76510 -0.77418 -0.94565 1.01817 1.56401 -0.71388 -1.21917 -0.24056 0.31810 -0.72400 0.30723 -0.14720 0.52135 0.01344 -0.58742 -0.13800 -0.29836 -0.96415 0.82432 1.29889 0.28175 0.64034 -1.25088 -0.85252 0.03238 -1.22154 1.26794 -0.69430 1.50051 -1.22821 1.55512 -0.00206 2
-0.99135 -1.49230 -0.80401 0.59883 -0.11657 -0.97886 -0.44385 -0.39298 -0.83290 -0.40146 1.38874 -0.72156 -0.80722 0.36538 3.70026 -0.79864 1.32595 2.51225 -0.67722 1.05717 1.69920 -1.21938 -1.39496 -0.00823 0.03886 0.00329 -0.36745 0.12052 0.16216 -0.61743 -0.36718 -0.70570 2
1.65920 -0.51804 -0.67572 1.17804 1.54328 -0.66295 -1.07885 1.71732 -0.51940 0.02535 0.82974 -0.29168 -0.43052 1.04494 0.15147 -0.26048 -1.29871 -0.15188 -1.22724 -0.86335 0.66305 -0.59947 0.22091 1.27492 0.92038 -0.60912 -0.53864 0.98534 1.18091 -0.61743 -0.05843 -1.40934 2
-0.29679 0.98961 0.38947 0.92452 0.75971 -0.97335 1.60979 0.50805 -0.18464 -0.00415 0.26294 -0.39652 -1.46880 -0.30193 -0.07711 -0.09329 0.86056 -0.10712 1.24087 -0.70416 -0.82007 0.02043 0.28286 -1.55099 1.29172 -0.60912 -0.54835 1.17499 -0.34746 -0.61743 1.34792 -1.40934 2
0.24216 -1.25150 -0.58122 1.40182 0.84991 -0.60838 -1.48992 -1.06431 -0.18536 -0.15629 0.17719 -0.11815 1.21809 1.06484 0.23569 0.54485 0.22941 0.03436 -1.63076 1.23170 -1.60233 1.88014 -0.07937 0.93607 -0.41063 0.00329 0.97022 0.89132 -0.20739 1.21494 -0.27173 0.70158 2
1.54047 -1.03609 0.45136 -0.78064 -0.03854 0.87234 1.56617 0.29935 -0.23852 4.17821 -1.42357 -0.31757 0.93070 -1.56598 -0.77760 0.98398 -0.59907 -0.80608 0.19562 -0.20098 -1.49562 0.02043 0.89586 1.44504 1.29242 0.00329 -1.52233 -1.39781 1.64681 -0.61743 0.07143 -1.40934 2
-0.45353 0.07350 -0.48051 -0.97609 -1.56659 0.85276 -1.20417 -0.68122 0.46617 -0.90111 0.82510 -0.87857 0.17813 0.57719 -0.63543 -0.29146 1.26227 -0.44670 -0.08326 -0.33579 1.02653 1.88014 0.54726 -1.35083 0.19084 0.00329 -0.99368 1.43584 1.37006 2.43652 -1.22956 1.40521 2
1.42002 -0.35241 -0.38346 0.58687 1.71316 -0.26791 1.33919 0.08847 -0.51791 -0.95433 1.17317 -0.49841 -1.52620 -1.63357 0.01690 2.72257 -1.59472 -0.94801 0.47773 -0.28751 0.36926 0.02043 0.42644 -1.36914 -1.56795 -1.22154 -1.18059 1.23346 1.44320 -0.00664 -1.70907 -1.40934 2
-0.78579 -0.21865 1.59845 2.28738 -0.21251 -0.24852 -0.76450 1.32551 -0.08825 -0.18048 1.15407 -0.94101 0.71314 -1.01937 -0.49306 -0.50096 1.50713 -0.59075 -1.40811 0.88067 0.27092 -1.21938 1.54635 1.32086 -0.82294 0.00329 1.10993 0.88228 -0.91936 -0.00664 -0.10806 -0.70570 2
0.83647 -1.12107 0.10328 1.18536 1.56472 -0.23440 1.69395 1.50109 -0.13848 0.99544 -0.43529 0.50544 0.93225 -0.40429 -0.98391 -0.67623 -0.76606 0.26568 -1.77640 1.23536 -1.66010 -0.59947 1.10770 -0.63704 0.08689 -0.60912 0.55585 0.28166 1.11798 -0.61743 -1.24691 -0.70570 2
1.52543 0.13909 -0.68436 1.55483 -0.27843 0.12760 -1.58380 -1.11871 -1.01517 -0.61121 -0.94495 -0.22879 -0.16159 -0.33670 -0.22887 0.16275 -1.06984 0.15144 -1.56134 -0.60607 0.87892 -0.59947 -0.39518 1.11649 1.55221 1.22812 0.08675 -0.44588 1.22414 0.60415 -1.70532 1.40521 2
1.49096 -0.12881 -0.87823 -0.82307 0.36754 0.19493 -1.03356 -0.99147 -0.87504 3.14557 1.61466 0.03787 1.44406 0.90617 -0.07143 1.18965 -0.46200 -0.63193 1.66985 1.13151 0.22222 1.26024 0.87463 0.27888 -1.71916 -1.22154 -1.20204 0.40800 -1.22389 -0.00664 -1.50965 -0.00206 2
-0.30409 -0.99340 0.09069 0.09500 -0.04146 -0.54153 -0.32910 -0.26087 -0.87902 -0.74088 -1.07558 0.23921 -0.63303 0.58353 0.43736 -0.88821 1.52100 -0.91013 -0.69436 -0.38766 -0.06262 -0.59947 0.40013 1.74177 -1.47873 -1.22154 0.15250 -1.41353 -0.67160 -0.00664 -1.02593 -0.00206 2
1.27458 0.12559 0.45874 3.31006 -1.01399 -0.80105 0.06302 -1.54502 -0.80026 0.80829 1.09739 -0.53405 0.36290 -1.13981 -0.68577 -0.75670 0.79507 -0.45944 1.05700 0.88834 -1.32414 0.64034 0.45457 -0.78912 0.64134 1.22812 0.51198 -0.54343 -0.24006 0.60415 -0.17642 -0.00206 3
1.11050 -0.91588 -0.45794 0.29491 -1.11853 0.07456 -0.80942 0.65721 0.02797 -0.69478 0.90981 0.16303 -0.26223 0.18870 1.75839 0.18798 -0.08391 -0.05182 1.41014 1.60443 0.67686 -1.21938 -1.05475 -0.62923 -1.52382 1.84053 0.15877 -0.73499 -0.01408 1.21494 -1.41094 0.70158 3
0.71372 1.50353 -0.55246 -0.70421 0.77371 -0.98575 -0.26793 -0.49910 0.48300 -0.98278 1.03625 -0.55812 0.63408 -1.22591 -0.93468 0.18021 -0.99302 -0.36549 -1.11439 -1.27108 1.58113 2.50005 1.24640 0.50968 1.58281 1.84053 -1.60396 -1.40955 -0.36933 1.21494 0.00107 1.40521 3
-0.13054 0.56927 0.52055 -0.82145 1.22234 -0.57416 1.63997 -1.17170 -0.30964 -0.44605 1.24753 -0.89672 -0.62580 1.05714 -0.78240 -0.67848 0.11089 0.81561 -1.67646 1.56376 -1.53180 1.88014 -1.50990 0.00034 -1.50763 -0.60912 0.18211 -0.66314 1.54302 -0.61743 0.69440 0.70158 3
0.17980 0.38112 0.72345 0.05896 1.73230 -0.22563 0.69321 -0.58539 0.99277 -0.77090 -1.67369 0.96186 -1.15091 0.75056 1.27847 -0.04080 -0.22327 0.21987 -1.14989 -0.44421 -0.67305 1.26024 1.29875 -0.82468 -1.54125 -0.60912 0.07683 1.57576 -0.49741 -0.00664 0.93589 -0.00206 3
0.06203 0.95294 -0.88188 3.19816 -0.89520 3.29311 1.44091 -0.49022 0.47271 0.01010 -0.26135 0.18883 -0.78302 0.41460 0.19938 -0.91032 -0.75930 -0.73336 -1.60634 0.39116 1.02779 -1.21938 0.50630 0.23755 -0.56493 0.00329 1.64729 0.86715 0.95153 -1.22821 -0.65608 -0.70570 3
0.14252 -0.58231 1.30234 -0.83640 -1.26995 -0.16848 -1.63148 -1.70039 0.11188 -0.50705 0.69472 -0.18709 -0.54665 0.80156 0.09354 -0.47370 1.65261 0.27910 0.34673 -0.93257 -0.53658 -1.21938 1.43890 -1.65042 -1.66921 2.45294 -0.09474 -0.24157 1.32182 1.82573 -0.85858 1.40521 3
-1.50311 -1.60339 0.15353 -0.79166 -1.54180 -0.69647 -0.15126 -0.13077 -1.01224 -0.76007 -1.53194 -0.99269 1.34440 -1.34682 -0.15716 -0.29111 -1.08427 -0.39943 1.58367 -0.46900 0.98653 -0.59947 -1.01443 -1.09675 1.72029 -1.22154 -0.21083 -1.07546 -1.69587 -0.00664 -0.42224 -1.40934 3
-0.57525 1.00408 -0.86725 -0.38619 -1.62187 0.05379 0.56402 -1.01052 0.21822 -0.59245 -1.34648 0.68162 1.20764 0.07245 0.84039 1.57685 -1.05487 -0.58147 -0.51411 1.43798 0.57323 -0.59947 1.05877 -0.69141 0.78071 -1.22154 0.07050 -0.32380 -0.79822 1.21494 -1.44991 1.40521 3
-1.00870 -0.03142 -0.95792 -0.74171 0.67004 -0.15628 -1.21161 0.75353 -0.10913 0.81032 0.72735 -0.90870 -0.02717 -0.58787 1.45257 0.00049 -1.00968 -0.33893 0.44097 -1.52320 0.40546 -0.59947 -1.02533 -1.55226 -0.00482 -1.22154 1.59175 -0.53833 1.60705 -1.22821 1.35784 -1.40934 3
0.99004 1.70619 1.46411 1.09610 -1.69120 -0.72690 1.20716 -1.48969 -0.10328 0.32631 -0.58410 0.05884 0.68990 -1.00037 -0.89005 0.28089 -0.57494 -0.77475 1.11787 -0.22493 -1.17730 -0.59947 -0.89768 -0.82095 0.16621 -0.60912 -0.41035 0.89349 1.49314 -0.00664 1.51046 -1.40934 3
-0.84039 -1.35517 0.05832 -0.80981 0.08716 -0.74332 -0.68046 -1.25946 2.71115 -0.35866 -0.46363 1.06216 -0.60291 -1.66746 -0.81969 1.69753 -0.99001 -0.92699 0.98599 0.87283 -0.40598 -1.21938 0.46071 0.86631 1.10149 1.84053 -0.32734 0.45922 -1.57708 1.21494 0.58418 0.70158 3
-0.42620 1.66160 3.56619 4.48025 0.84359 -0.53047 0.99976 -1.00368 -0.08473 3.14157 0.81565 0.20744 -0.74341 -0.25969 1.97682 -0.64586 -1.21791 -0.79522 0.30442 0.73165 0.06649 -1.21938 -1.21780 -0.31215 -0.40592 -0.60912 -0.75005 1.16444 0.34785 -0.61743 0.49936 -1.40934 3
1.54643 0.70835 -0.62948 1.31839 1.28589 -0.29136 1.48414 1.57680 -0.82391 0.31024 1.73816 1.41356 -1.30642 0.73567 0.75982 -0.47195 -0.40108 0.21484 0.75694 -1.21702 -0.61738 1.26024 0.36390 1.27755 0.09052 -1.22154 1.55461 1.66471 0.20130 -0.00664 0.77150 -0.00206 3
-1.17725 1.46572 -0.88198 0.39142 -1.39090 0.14585 -0.26206 -0.51774 -0.86585 -0.33217 -1.61622 -0.87815 0.65046 0.51021 0.10217 -0.23506 1.65276 -0.85935 -1.04711 -1.62026 -1.72473 -0.59947 1.25334 -0.48745 -1.40981 -0.60912 -0.48382 0.15692 -0.80793 -0.00664 -0.66542 -1.40934 3
0.93854 -0.49924 0.41827 -0.57559 0.44523 1.88028 -0.71097 1.38934 0.32276 0.85469 -1.72172 -0.85514 1.04560 0.36687 1.15150 0.14379 1.07164 -0.90574 -0.61444 0.06466 1.34452 0.02043 1.47130 1.52960 -0.90410 0.61570 0.30107 0.60865 -0.96106 -1.22821 -1.55078 -0.70570 4
1.50718 -0.22520 -0.38463 -0.05173 1.68166 -0.62158 1.14998 -1.20974 0.57938 -0.91176 1.64226 -0.12841 0.24851 -0.46358 -0.85170 0.46003 0.83569 -0.59851 0.39073 1.56913 0.51942 0.64034 -0.86894 1.59815 -1.25465 0.61570 0.02715 0.13099 0.81790 -0.61743 -1.58080 -0.70570 4
-0.29504 1.48245 0.44507 0.39676 1.31601 0.39706 -1.28493 -0.46080 1.79595 -0.25362 -1.72640 -0.20442 -0.02861 -0.79296 -0.65947 2.79591 0.92451 0.70080 0.03431 0.11628 -1.53926 -1.21938 -1.09142 1.64330 1.26860 -0.60912 -0.83096 0.67863 -1.61897 -0.00664 -1.04933 -1.40934 4
0.88306 0.10788 -0.87776 1.97221 1.13588 0.41930 -0.38848 0.71154 -0.49206 -0.77483 -0.31968 0.01938 0.70681 1.14718 -0.88380 -0.61470 0.34832 -0.81558 0.53357 -0.86807 -0.12310 -0.59947 -0.36712 1.06205 -0.31184 1.22812 1.73191 -1.36508 1.59692 -1.22821 -0.42595 -0.00206 4
-0.42972 -1.64067 -0.97211 1.12747 -1.42092 0.22088 1.33538 -1.20558 0.17951 -0.76596 1.36475 0.18859 0.97176 1.25208 0.08563 2.93417 0.06439 0.75407 -0.25767 -0.45819 -0.61715 -0.59947 1.57200 -1.29104 0.31158 2.45294 1.48880 -1.48343 0.98181 2.43652 -0.61664 1.40521 4
-0.79462 -0.77016 -0.89404 0.80132 0.02811 -0.48781 0.83027 0.46384 0.30565 1.49565 1.02345 -0.19415 -0.52827 -1.28701 -0.75344 -0.72571 0.23743 0.27969 -0.09116 0.62879 -1.40779 -0.59947 0.18602 0.48991 -1.32733 -0.60912 -1.11956 -1.30206 -1.44206 -0.00664 -1.52800 -0.70570 4
0.81210 0.30939 -0.53918 -0.78843 1.07739 0.56478 -1.17413 1.48966 1.07979 0.11800 -1.29956 -0.65869 0.00150 -0.52489 -0.76968 1.74601 1.01665 -0.80726 0.52895 -0.81281 -0.30966 -0.59947 -1.69091 0.11936 -1.69334 -1.22154 0.92115 0.53390 -0.66777 -1.22821 -1.46066 -0.70570 4
1.63970 0.56053 0.01413 -0.69872 -0.49943 0.41535 1.32764 1.28030 -0.49034 0.88532 -0.73684 0.26213 0.70257 -1.13130 0.95573 -0.38620 -1.55461 -0.62495 -1.05300 -1.32618 -1.01528 -1.21938 1.14252 1.63449 -1.37357 -1.22154 -0.77818 0.87741 -1.48152 -0.61743 -1.60967 -1.40934 4
-0.08792 1.56346 2.25593 -0.72934 0.63950 -0.28083 0.40969 -0.38411 -0.44876 -0.56209 -1.49414 4.07405 -1.20374 -1.39219 0.27325 -0.01510 -1.06689 -0.90049 -1.45929 -1.51004 -1.26373 -1.21938 -0.74184 1.38744 0.52597 1.22812 0.98218 -0.15311 -1.65431 -1.22821 1.41332 -0.00206 4
0.87101 0.40670 -0.26797 -0.08124 -0.78110 0.97049 1.41465 -0.44189 0.75801 -0.83913 -1.05472 0.40172 -0.17886 0.08040 -0.22679 0.68338 0.80538 -0.34258 -0.80985 -0.78591 1.17870 0.02043 -0.60799 -0.72756 1.31765 -1.22154 1.28546 0.76636 0.39963 -1.22821 -0.24806 -1.40934 4
0.09485 0.57674 0.68672 -0.78139 0.50402 -0.18741 1.00814 0.17713 0.03866 -0.90645 0.81530 -0.40428 0.24709 0.87940 1.09481 0.66341 0.02086 -0.10371 -1.50530 1.39911 -0.51775 0.64034 -0.71651 -1.36139 -0.61184 0.00329 -1.17184 -1.38240 -0.23728 0.60415 -1.13836 -0.70570 4
0.44053 1.46522 -0.08465 0.40401 -1.09346 0.00919 0.01549 0.83144 -0.26907 2.43707 -0.00960 -0.53612 0.86953 -1.34255 -0.95996 0.43500 0.92934 -0.07632 0.12085 -1.35346 -1.45190 0.64034 -0.75849 -1.53934 -0.40673 1.84053 -0.25415 -1.50866 1.44273 -0.00664 -1.48833 0.70158 4
0.87338 -0.59541 -0.64492 -0.32972 -0.39357 0.45766 1.22107 0.76748 -0.54398 -0.39454 0.53391 0.83337 -1.46966 0.79487 0.79865 -0.16962 0.02230 -0.58620 -0.04024 1.14609 -0.16871 -1.21938 -1.62885 1.25080 0.23982 -1.22154 0.85353 -0.17853 0.12306 -1.22821 -1.56682 -1.40934 4
-0.19115 -1.41059 0.05493 0.58259 -0.42936 -0.51453 -0.24024 0.49106 -0.99589 -0.28603 -0.23809 0.90891 -0.55221 -1.56140 -0.75011 -0.89397 0.34927 -0.47244 -0.62971 -0.27349 0.68497 0.02043 -0.28567 -0.01319 -0.99789 -1.22154 0.61713 0.54770 0.91125 -1.22821 -1.66162 -1.40934 4
1.17830 -1.15001 -0.46475 0.61258 -0.04173 2.09916 1.54715 1.64109 -0.65221 -0.97570 -0.62171 0.40409 0.03204 0.52593 1.25347 -0.50300 -0.64505 -0.35950 -0.83567 -1.28042 -0.57074 0.02043 0.71198 0.39501 -0.33065 -0.60912 0.53050 -1.39477 0.70507 -0.00664 -0.55397 -1.40934 4
1.16800 0.28904 -0.85763 -0.32068 -1.49803 0.57501 0.23414 -0.69305 -0.39810 -0.23692 -1.38133 0.53688 -0.75775 0.55609 -0.43244 -0.26178 1.30712 -0.86735 -0.95454 1.57507 1.18965 -0.59947 -0.55087 1.24050 -0.26659 -1.22154 1.67901 -0.68630 1.64584 -0.61743 0.52164 -1.40934 5
-1.67257 1.56012 0.74974 -0.57957 -0.67651 0.71761 0.94834 0.11751 0.43182 -0.40221 -1.44646 0.03581 -0.00579 1.35282 0.33082 0.80173 0.04793 1.45178 -0.84263 1.64180 0.27715 -0.59947 0.25021 1.59490 -0.93997 -1.22154 -1.64981 -0.34431 -0.24865 -1.22821 0.82537 -1.40934 5
1.66252 -0.34901 -0.96638 -0.22823 -1.65578 1.03119 -1.00641 -0.66020 -0.97411 -0.46701 -1.21236 -0.53723 -0.45539 -1.30353 -0.51177 -0.32423 -0.62428 0.81126 0.39767 1.68654 0.17685 0.02043 -0.00730 -0.42254 0.45149 -0.60912 -0.34313 -0.43165 -1.63343 -1.22821 -0.54518 -0.70570 5
1.18399 0.32700 -0.45032 -0.31729 -0.27550 0.12007 0.04188 -1.49828 2.61559 -0.19850 0.40652 0.56698 0.79072 -1.52492 0.36760 -0.37880 0.22881 -0.49053 -0.63873 0.73482 0.30125 -0.59947 -0.54053 0.68502 0.93215 0.61570 0.96512 -0.23401 1.21007 -0.61743 1.50507 -0.70570 5
0.54293 1.39381 0.70400 -0.46731 0.42267 0.31394 0.69953 0.67740 -0.71678 -0.87309 0.45617 1.41607 0.47170 -0.15365 2.15182 -0.92780 -0.55519 -0.79382 -0.52297 -0.50510 -0.29902 1.26024 -1.10255 0.93650 -1.30450 -1.22154 1.64601 1.31696 0.66444 -1.22821 -1.61019 -0.00206 5
-1.17888 0.30367 2.03011 -0.60978 -0.38878 2.18121 -1.24159 1.51255 0.84746 0.13347 -1.52792 -0.39578 0.73741 -0.03562 -0.12574 0.46957 0.62845 0.03060 -1.43186 -1.20898 0.31295 -1.21938 -0.78357 0.50817 -0.31002 -1.22154 0.71668 -0.39894 -0.12283 1.21494 0.95258 -0.00206 5
0.47572 1.02054 1.39237 0.06493 1.49023 -0.35144 -0.30707 1.55893 -0.08351 -0.17207 0.50729 1.04904 0.24182 -1.04932 1.04971 -0.41360 -0.51146 0.20675 -0.16625 -1.59400 -0.87053 1.88014 0.91970 -0.28815 -0.40422 1.22812 -0.96924 1.52686 -1.05997 -0.61743 -1.16932 1.40521 5
1.13931 -0.18328 -0.95935 -0.75984 -1.69129 -0.04286 1.17381 1.12851 -0.56054 -0.54875 -0.48790 1.53711 1.64005 0.25708 -0.14611 -0.80165 1.06316 4.96061 0.14917 0.30790 0.76665 1.26024 -0.34627 -0.34312 0.66165 0.00329 0.46295 -0.91752 1.69221 -0.61743 0.72946 1.40521 5
1.43031 1.17037 0.57049 -0.62409 -0.18008 0.76658 1.53438 1.52042 -0.98642 1.67061 1.13933 -0.69355 -1.69986 -1.33738 0.90607 -0.19446 -0.48915 2.63780 -0.08741 0.16124 0.61168 -1.21938 1.21235 -0.58197 0.84355 -1.22154 1.48567 0.98770 -0.09835 -0.00664 0.78705 -1.40934 5
-0.49323 1.62693 -0.86171 -0.84198 0.77687 0.13218 -1.12568 0.11178 0.47094 -0.71809 -1.08163 -0.95433 -0.22498 1.25000 -0.01791 -0.99278 -1.11457 1.48114 -1.25438 1.57586 1.18322 -1.21938 -1.72709 0.47611 -1.02900 -1.22154 -0.28344 1.48412 -0.77810 -1.22821 -0.44857 0.70158 5
-1.17057 0.20233 0.09155 -0.44459 -0.17161 0.49548 0.11898 -1.21787 0.33883 0.05263 -0.72617 0.87151 0.98068 1.48077 0.26765 -0.96192 0.83669 1.73918 -0.83583 -0.04145 -0.93731 -1.21938 1.66664 1.47852 0.65649 1.84053 0.86341 -0.42853 -0.88715 1.82573 -1.25976 0.70158 5
-1.47054 -1.25558 -0.23977 -0.68079 1.02187 3.35953 1.01134 0.27943 -0.03146 0.06801 -0.07924 -0.99146 -0.55041 -0.84434 -0.64277 -0.84666 -0.97891 -0.73741 -0.02923 0.38591 0.96575 0.64034 1.28127 0.28187 -1.03557 -0.60912 0.68024 0.86532 0.50439 -0.00664 0.26813 -0.70570 5
1.02007 -1.50397 -0.11983 -0.37623 0.94557 2.48000 0.41481 -1.40164 1.56592 -0.93227 0.24144 0.90394 -0.10978 0.92543 0.82017 0.42469 -1.67911 -0.58669 -0.65867 -0.27969 -1.20765 0.64034 1.06938 -0.46585 0.89634 1.84053 -0.42362 -1.07390 1.66126 1.82573 -1.18266 1.40521 5
-1.14624 1.67112 1.10733 2.28414 -0.78358 1.91670 0.60233 -0.42887 1.02988 -0.95967 0.07832 2.95902 1.59985 1.72610 -0.18372 -0.70685 1.06586 -0.69904 -0.98181 -0.21242 -0.85758 0.02043 -1.36434 0.86680 1.35674 -1.22154 0.45872 0.93859 -0.27987 -0.00664 -0.44171 -1.40934 5
-0.35977 -0.69658 0.90462 -0.95267 -1.33290 -0.07183 -0.79055 1.43332 -0.89383 3.09916 -0.07714 -0.34692 -0.09205 0.05647 -0.96747 -0.04889 -0.07624 -0.34223 -1.58973 0.53515 1.22185 -0.59947 -1.58129 1.61800 1.72006 0.61570 -0.32822 1.72482 0.63295 0.60415 0.10333 -0.70570 5
