0.61440 -0.92717 -0.55486 0.61850 1.51325 1.63151 -0.59892 -1.04907 -0.88224 -0.97314 1.47796 -0.85438 1.45848 -1.60689 1.27299 0.24642 -0.99615 -0.55715 1.67028 -1.46233 -1.02480 0.02043 1.34562 0.81665 -0.09143 -1.22154 1.02016 -0.34150 1.11437 -0.61743 -1.26365 -0.00206 1
0.57596 0.60426 1.15638 -0.18153 -0.48263 -0.60584 1.38825 -1.62475 -0.91221 0.06534 -0.09553 -0.98250 0.85895 -0.64196 -0.56264 0.20627 -0.17642 -0.88167 -1.14555 0.36501 1.07487 1.88014 1.00496 -0.45057 0.11177 1.22812 1.28299 -1.57276 0.68900 1.21494 -0.76080 1.40521 1
-1.11532 1.33517 -0.75911 -0.76593 0.56131 -0.99333 -1.71650 0.33653 -0.32454 -0.47255 1.12127 -0.78511 -0.36656 1.53869 -0.29528 -0.57739 -1.24580 -0.79184 -1.43711 0.30460 1.12567 1.26024 -1.47119 1.40835 1.56510 -1.22154 1.01110 1.60700 -0.54003 -1.22821 0.21032 1.40521 1
-0.89282 0.69523 1.09650 -0.79707 -0.37176 -0.89470 1.58660 0.57159 1.94580 -0.65801 -1.04748 -0.81827 1.05166 1.55640 -0.77054 -0.69922 -0.20519 -0.63193 -0.80841 -0.64084 1.50557 1.88014 -0.17399 0.85944 0.28066 0.61570 1.28228 1.02624 -0.62735 -0.00664 1.68864 0.70158 1
-1.57740 -1.11913 -0.00294 1.38644 -1.40774 -0.27358 0.09340 -0.15591 0.46942 -0.80072 1.51373 -0.43703 0.20690 -1.54741 -0.73466 2.95916 -0.84891 0.20408 -2.25332 0.09776 1.44979 0.64034 1.08141 -1.04786 1.34846 0.61570 -1.46835 1.08899 1.67100 -1.22821 1.38596 1.40521 1
-0.16167 -1.39570 0.70469 -0.96988 1.64341 0.23007 -0.22789 0.61283 0.14843 0.54202 1.22047 -0.82349 -1.10472 -0.26808 1.59777 -0.65151 -0.68714 -0.60117 -0.91459 -1.50502 0.14204 0.02043 -0.90835 0.78493 1.20949 -0.60912 1.34807 0.79514 -0.85933 -0.61743 0.18748 -0.00206 1
1.67957 0.16343 0.14134 -0.38223 0.57154 -0.81779 -0.46466 -0.24850 1.24788 -0.62475 0.41594 0.05314 0.89607 -1.10305 -0.28577 1.61781 -0.01863 -0.52551 -0.04472 -0.98005 -1.57517 0.02043 0.16736 -1.57892 -1.27896 -0.60912 0.16767 -0.88416 0.43948 -1.22821 -0.63383 1.40521 1
0.29041 -1.67654 -0.30557 -1.00351 -0.18806 -0.84662 1.16495 0.98671 -0.33387 0.23260 1.13024 -0.98096 1.18413 0.03678 0.38609 -0.56255 1.63976 -0.52792 1.53815 0.52732 0.64512 1.26024 -0.97649 0.72905 -0.34518 -1.22154 0.20476 0.10442 -0.80400 1.21494 -1.21314 -0.00206 1
0.71282 -1.63781 -0.15671 -0.06265 1.23066 0.07298 -1.25625 0.79591 0.00146 2.40388 1.41662 -0.00184 -0.42975 0.66377 -0.94757 -0.39609 0.98676 -0.57293 -1.77884 0.20955 -1.58458 2.50005 -0.01876 0.63748 1.12879 2.45294 -1.62315 0.08765 1.45937 -0.61743 -1.54973 1.40521 1
-0.39692 0.09751 0.09600 3.10249 -1.66859 -0.47302 -1.68402 -1.72926 0.99227 -0.78891 1.58015 -0.98380 0.15608 0.19077 0.43191 0.68686 -1.31566 -0.86334 -0.79565 -0.05563 1.27600 0.02043 -0.21239 -0.59419 -0.87624 -0.60912 0.60897 1.03144 -0.40983 -0.61743 -1.17723 -1.40934 1
-0.78799 -0.09668 -0.47810 0.71935 -0.32906 -0.67901 -0.71593 -1.69613 -0.59211 -0.97321 0.02086 -0.82758 1.13563 0.76540 -0.37387 0.69517 1.37807 -0.16065 0.05410 -1.19299 -1.36973 -1.21938 0.17737 -0.85350 0.16467 0.00329 -0.68010 -0.82383 -0.10474 -0.00664 -1.59981 1.40521 1
-1.03365 -0.98774 -0.94274 -0.52710 1.65075 -0.58295 1.19852 0.21982 -0.53618 -0.70732 -1.00505 -0.95805 0.53639 -0.28018 -0.90321 -0.79428 0.56692 -0.91115 1.34523 1.65296 0.88741 1.26024 1.38779 1.37493 -1.41535 -0.60912 -1.60642 0.16516 1.27154 -0.00664 -1.48673 1.40521 1
-1.26336 0.04265 -0.59779 0.41331 0.91909 0.49165 0.50699 0.58593 0.39805 -0.08376 0.18725 -0.60238 -1.67345 -1.26525 1.96983 -0.70479 -1.59848 0.63434 -0.60734 1.31326 1.29946 -0.59947 0.96245 0.43640 -1.00440 -1.22154 1.19268 0.44246 0.01401 0.60415 1.47870 -0.00206 1
-0.03541 1.06455 -0.19291 -0.66241 0.91192 -0.13986 0.77537 -1.30027 -0.66346 -0.81778 1.18008 -0.97015 0.73291 1.62934 -0.30875 -0.89452 0.04631 -0.24208 -0.74837 -1.25819 -1.43648 1.88014 -0.30165 -0.35913 1.15214 -0.60912 0.78185 -0.55836 -1.44954 -1.22821 0.25519 1.40521 1
1.55489 0.74545 0.10717 -0.39224 1.72153 -0.36712 1.70223 -0.90927 -0.71681 -0.91858 -0.16361 -0.66901 -0.51232 -0.34207 0.18995 -0.43400 -0.69549 -0.80046 -0.37422 -1.37671 -1.68121 1.26024 -0.14752 -1.12840 0.25827 -0.60912 1.67258 -0.16610 0.68567 1.21494 -0.68455 1.40521 1
1.66756 -1.58746 -0.96419 -0.73941 -1.26405 -0.97185 -0.77699 -0.94411 2.20316 -0.52007 -0.08254 -0.42055 0.02356 -0.96553 -0.11267 -0.87831 -0.74554 0.35407 0.29022 -1.06474 -0.67962 -1.21938 0.52853 0.19731 -1.25160 1.22812 0.44827 -0.55545 1.49396 1.21494 0.21766 1.40521 2
-0.81979 -1.18256 -0.66589 0.34437 -1.43071 -0.82051 -1.03119 -1.33880 -0.44850 -0.81472 0.06994 -0.88755 -0.73923 1.37598 -0.74660 -0.67422 -0.61029 -0.37093 -0.00567 0.25265 -0.74173 -1.21938 0.27251 -1.41968 -0.87151 -1.22154 -0.50034 -1.55806 -0.33036 1.21494 -0.54865 -0.00206 2
-0.73020 0.75983 1.89202 -0.97577 0.95556 -0.36423 -0.22600 -0.15983 1.34759 1.27804 -1.61809 -0.49596 1.60164 1.04487 -0.73687 0.10008 -1.20152 0.73872 -0.42056 -1.35386 0.94546 -1.21938 -1.35436 1.15979 -1.43954 -0.60912 -0.62433 0.15605 1.71185 -1.22821 1.15673 -1.40934 2
1.11431 1.45498 -0.65169 -0.60812 -1.43052 3.63412 0.17437 1.26376 1.06614 -0.01439 0.31680 -0.75374 -1.28668 0.84775 -0.45327 4.94504 1.53069 -0.84739 -0.38735 0.95519 0.54494 -0.59947 -0.57529 -0.06674 -0.05134 0.00329 0.65384 1.14401 -1.55781 -1.22821 -0.35471 -1.40934 2
-0.45823 -0.36570 -0.58802 -0.50813 0.65689 -0.35031 -0.20064 -1.19403 -0.33166 -0.30780 0.42441 -0.45948 1.17717 0.88753 -0.98812 -0.50552 -1.06437 -0.86085 -0.80808 -1.58760 -1.63384 -0.59947 -1.19372 0.44224 1.40127 -1.22154 0.57050 -0.71859 -0.49343 1.21494 -0.00468 -0.00206 2
1.23357 1.19523 0.17724 -0.64069 1.18190 -0.80061 -0.75079 -1.44248 1.63101 1.86008 1.10513 0.76926 1.62166 1.26347 -0.91853 -0.42595 0.60342 -0.85123 -0.57484 0.23018 0.35473 0.64034 -0.54197 -0.08582 -0.16096 0.00329 0.30879 -1.30840 1.02297 -0.61743 0.00254 -0.70570 2
-0.21987 1.30590 -0.82307 -0.73715 -0.03540 -0.52042 1.49097 -0.65019 -0.99867 -0.87410 -0.68909 -0.94091 -0.35347 -0.36039 -0.08581 -0.38678 0.14518 -0.32656 -0.06333 1.67504 0.24293 -0.59947 -1.00865 -1.18232 -1.05231 -1.22154 0.22449 -0.40822 0.76285 -0.61743 -0.71770 -1.40934 2
0.98915 -0.61307 -0.68903 -0.06441 1.46223 -0.72775 -1.37494 -0.50389 -0.78169 -0.64755 -0.05827 -0.04694 1.21683 -1.39745 0.56226 -0.81219 -0.57276 -0.61706 -1.04465 -0.29231 -1.27598 1.26024 -1.32021 0.64500 0.06636 1.22812 0.39311 0.67205 1.36601 -1.22821 -0.83699 0.70158 2
0.97992 1.26362 -0.75802 -0.15867 1.66453 -0.67903 -1.45936 0.82675 0.94647 0.82371 -0.52027 -0.46744 -1.18462 0.63466 -0.74714 0.86802 1.21158 -0.65093 -0.88489 -1.67777 -0.68683 1.26024 1.71177 -0.52547 -0.18982 0.61570 -0.91185 -0.86848 -0.96075 0.60415 0.90770 0.70158 2
-0.40224 -0.92133 -0.61485 1.31514 1.05399 -0.64751 0.66324 1.51815 -0.48290 -0.96537 -0.06433 -0.76498 1.41995 1.07057 -0.11665 -0.45623 -1.40817 -0.22585 -0.66788 -1.66808 1.23415 -0.59947 -0.71296 -0.16173 -1.32885 -0.60912 1.65448 -1.53326 -1.37295 -0.00664 0.94408 -0.70570 2
-0.42316 1.65121 0.26022 -0.71716 -1.54045 -0.48378 -0.05117 -1.68613 -0.33107 -0.66629 -1.13769 -0.94147 -0.49902 -0.04466 -0.50070 1.59759 0.01497 -0.09021 -1.09245 0.13682 -0.13919 -1.21938 -0.89183 0.41839 0.07535 1.84053 1.11403 0.94169 0.56134 1.21494 -0.02989 0.70158 2
-0.52532 -0.78792 -0.68612 0.25502 0.95433 -0.89198 0.87526 -0.04988 -0.90227 -0.31690 -1.07124 0.55687 0.00406 0.81026 -0.25557 1.30892 -0.77431 -0.66951 1.45035 -0.94371 0.94640 0.64034 1.34753 1.09894 0.04923 1.22812 -0.86817 0.95484 0.86283 -0.61743 -0.21188 0.70158 2
1.26638 1.21682 -0.60913 -0.79572 -1.65169 -0.44562 -1.09038 0.50052 2.11528 1.56632 -1.36614 0.69578 -0.53065 0.42421 -0.98237 -0.85084 1.48196 0.01283 0.64859 1.57659 0.91359 -1.21938 0.18483 -0.07808 0.83356 -0.60912 0.96253 1.10133 0.03124 0.60415 -0.25970 -0.00206 2
0.92338 0.42707 -0.74514 -0.92942 0.72892 -0.05884 0.21988 -0.48374 -0.68874 -0.96266 -0.12003 -0.73994 -0.36555 0.07617 -0.53156 -0.77553 -0.62916 -0.84130 -1.91361 -1.06140 0.18438 -1.21938 1.53550 -0.70704 1.33828 -0.60912 -1.53016 -1.04238 0.93431 -1.22821 1.55840 -0.00206 2
0.60525 -0.89552 1.48073 1.99312 0.72007 1.49522 1.28582 0.86515 0.88889 0.16248 -0.65985 -0.31149 -1.26073 -1.48748 -0.44104 0.33506 1.58257 -0.63878 1.30309 -1.11092 -0.87728 0.64034 0.94486 0.74627 -0.69377 0.00329 0.83016 0.51367 1.52642 0.60415 1.51834 1.40521 2
0.50211 -0.15304 2.43464 -0.19417 -0.94529 0.75783 -0.25929 1.17448 -0.36661 -0.10689 -0.39258 -0.48451 0.28948 0.40778 -0.59582 0.85075 -1.29861 -0.95670 -0.39849 -0.82968 1.13151 -1.21938 1.61552 -0.86744 -0.42024 -1.22154 -0.42471 0.16325 0.51317 -0.61743 -0.67889 -1.40934 3
0.36851 1.68052 0.27716 1.04047 -1.08852 -0.95723 -0.20588 -0.22649 -0.40573 -0.95839 1.12898 -0.18285 0.15560 0.74146 -0.49572 -0.20796 1.24676 -0.44329 1.06537 -1.19843 1.53091 0.02043 0.61272 0.87112 0.13092 -1.22154 -1.05678 -0.91737 0.37478 -0.61743 0.27162 -1.40934 3
-1.16785 0.25641 0.53933 -0.37601 -0.43340 -0.33552 1.52532 -0.75180 -0.75728 -0.91612 0.22829 0.02876 0.42066 -0.78568 3.09282 1.29710 1.73328 -0.49599 -0.34570 -0.49161 -1.03748 0.02043 -0.17404 1.62599 -1.49549 0.00329 1.39408 -1.63901 1.35840 2.43652 -0.98455 1.40521 3
-0.88189 -0.83252 -0.41249 -0.57451 -1.14401 -0.43336 -1.64169 -1.62817 0.92992 0.26087 0.89600 -0.04114 -0.69894 1.01596 -0.94252 1.07977 -1.06301 -0.13728 0.55276 0.96990 1.64734 -1.21938 0.32701 0.53326 -1.13705 -0.60912 1.27527 1.16367 -0.66552 0.60415 1.44930 -0.70570 3
0.68895 1.11066 -0.86401 -0.83633 1.33237 -0.54967 0.00673 -1.10502 -0.04427 -0.54675 -1.26795 -0.72362 1.22673 0.05416 0.56666 -0.10892 -1.29971 0.53151 0.23175 -0.56276 0.10044 -0.59947 -0.79896 -1.05453 -1.19213 1.84053 0.05566 -0.55785 0.93859 1.21494 1.75231 0.70158 3
1.38172 -0.77465 -0.07663 -0.66332 1.25802 -0.18551 -1.39515 -1.36323 0.57964 -0.49868 0.29965 0.37239 1.40575 0.97180 -0.01384 -0.66974 0.12434 0.47246 -1.52466 0.77649 0.29386 -0.59947 1.21036 -1.35858 -1.69036 -0.60912 0.87838 1.03385 1.50784 1.21494 -0.38279 1.40521 3
0.30500 -0.37289 2.31013 0.24818 -1.41014 -0.18062 1.48100 1.46094 -0.50607 -0.83566 -1.68975 -0.62641 1.21134 -1.27555 1.90641 3.32747 -0.36766 -0.82945 0.92219 1.44700 1.33386 -0.59947 0.54151 -1.43500 -1.42690 -1.22154 0.09950 1.00075 0.52892 -0.61743 1.05423 -1.40934 3
1.61846 -1.21634 -0.61237 0.37210 0.43093 -0.02165 -0.53398 -1.09560 -0.98693 -0.82469 1.52041 -0.40690 1.17447 0.20704 -0.07403 -0.98209 0.48251 -0.59874 0.42493 1.53466 -1.60552 -0.59947 1.29517 0.28762 -1.59254 1.22812 -1.10757 1.04460 -0.05295 0.60415 -1.17094 -0.00206 3
1.58454 -0.73514 -0.33433 -0.22322 1.14324 0.12761 1.02591 -1.54854 0.30699 -0.50166 0.99759 -0.55910 -0.57700 -0.67069 -0.21879 -0.30548 -1.56189 0.55722 -0.63278 -1.55510 0.11101 -1.21938 -1.43660 0.88579 -0.37042 0.00329 1.38047 -1.51879 0.20246 0.60415 -0.84047 -0.00206 3
1.22262 0.30173 0.88908 1.74528 -0.36514 -0.73825 1.59999 1.42616 -0.92927 0.29326 -1.62537 -0.85527 0.20201 -0.30783 -0.98144 -0.19284 0.88875 0.72525 -1.68984 1.38063 -1.69922 0.02043 0.38228 -1.54437 -1.14059 0.00329 -0.74451 0.78832 0.25761 -1.22821 -0.39811 -1.40934 3
-0.24551 0.27257 -0.84650 -0.51731 1.18450 -0.52317 0.48149 -0.20253 0.02292 -0.66323 1.21633 1.49340 1.45861 -1.23561 -0.12157 -0.32288 1.71023 -0.90169 1.52251 -0.08422 1.47914 1.88014 1.03264 -0.43223 1.45724 1.84053 1.08684 -1.23769 0.10173 -0.00664 1.70845 0.70158 3
-1.04881 0.24329 1.34775 -0.91474 1.28115 0.34197 -0.89770 0.71017 0.37963 0.68360 1.40789 -0.12598 -0.29909 -0.27892 -0.00892 -0.57710 -1.39433 -0.74225 -1.42306 -0.83597 -1.05625 1.26024 1.02939 1.51534 -0.75762 1.22812 1.54768 -0.75779 -0.11394 -0.61743 -0.68744 0.70158 3
-0.70800 -0.40170 -0.62486 -0.47851 -0.19644 -0.75750 0.08336 0.00429 -0.06947 -0.28584 0.50001 -0.66541 1.35278 0.84561 0.89919 -0.75682 0.15246 -0.41678 0.56194 1.17436 1.34769 0.64034 0.10535 -1.18388 -0.42368 0.61570 -1.28170 -1.23098 0.54643 0.60415 0.89110 -0.70570 3
-0.69752 0.81845 -0.71848 0.57298 -0.85844 0.17558 -1.67125 -0.32002 1.45830 -0.89581 -0.70267 -0.76189 -0.79393 0.93327 -0.72771 -0.85346 0.33519 -0.79004 -0.30874 -0.33657 -0.84472 -1.21938 0.63346 -1.15734 0.11011 0.61570 -0.53791 0.51611 1.30203 0.60415 0.26980 -0.70570 3
0.10519 0.03928 -0.39356 -0.30049 1.52164 1.64468 1.43028 -0.68068 1.67889 -0.17033 -1.43773 1.88070 -0.86128 1.02859 -0.19495 1.34878 0.50284 -0.90450 -0.96973 1.22956 1.62886 2.50005 0.05782 0.98274 -0.52565 0.00329 0.28526 1.04420 -0.53319 2.43652 0.48958 1.40521 3
1.17782 0.48282 0.76136 -0.79910 0.95599 -0.70062 0.58772 1.17853 1.11573 0.92040 -1.32256 1.35859 1.05799 -0.82919 -0.24085 0.39672 1.19744 2.20961 0.87872 -0.91905 0.27421 0.02043 -0.19484 -0.91408 -0.91029 0.61570 0.83315 1.71701 -0.02895 1.82573 0.98146 1.40521 4
-0.50109 -1.04099 0.02060 -0.29402 -0.17595 -0.56870 0.81703 -0.10216 -0.38368 -0.83400 -0.42833 0.05023 -0.21186 -0.69216 -0.83580 2.21842 0.24578 -0.81021 -0.05887 1.68481 -0.95889 -0.59947 1.21432 -0.01559 -1.37114 -1.22154 -1.14376 1.29555 -0.32491 -0.00664 -0.46490 -1.40934 4
1.02005 0.17346 -0.30410 0.82539 0.56020 0.70178 -0.96437 -1.28533 -0.61086 0.07315 -1.70206 -0.28290 0.94432 -1.56781 -0.93348 -0.89161 1.12785 0.02229 0.38248 -0.46642 -0.76930 0.64034 0.19935 -0.52426 0.62633 0.00329 -1.49336 1.63599 -1.43999 -0.61743 -0.33847 -0.70570 4
0.33718 0.46699 -0.35329 -0.88681 -1.24587 0.35419 -0.31068 -1.07616 0.11011 -0.95972 0.03224 -0.45011 0.14680 -1.15162 -0.64012 -0.15345 1.32889 -0.17445 0.84583 -0.69785 -0.94930 1.26024 0.20183 -1.58682 -0.49333 -0.60912 -0.24493 0.56619 -1.25515 1.21494 0.07758 -0.00206 4
-1.66743 1.58680 -0.36441 -0.07707 -0.17177 1.65164 0.52156 -1.37098 2.01020 0.05769 -0.52548 -0.25345 0.13631 -1.12631 -0.89907 -0.72784 -0.91596 -0.77436 -1.02865 -0.07661 -0.55018 -0.59947 0.86123 0.75784 -0.12022 -0.60912 0.49157 0.58636 0.07164 0.60415 0.46654 -0.00206 4
-0.72135 1.45195 0.63059 -0.93869 1.16747 0.16672 -0.82710 -0.35077 1.02705 0.51756 0.70784 1.23774 -1.45625 0.78253 1.93107 -0.79923 1.69624 -0.28880 1.48163 -1.63060 -1.52035 -0.59947 1.20762 0.81492 -1.19970 -1.22154 -0.53152 1.36144 -1.12916 1.21494 0.06096 0.70158 4
1.42084 -1.18766 -0.39166 0.01624 0.60605 -0.75522 1.63388 0.34065 1.55817 2.53788 -1.09267 2.28501 -0.71912 1.02214 0.79079 -0.68159 -0.32987 -0.42420 -0.31371 -0.08353 1.23514 0.02043 0.99931 0.67997 1.33871 -0.60912 -1.23467 0.21781 0.31471 -0.00664 -0.32901 -0.00206 4
-0.08792 1.56346 2.25593 -0.72934 0.63950 -0.28083 0.40969 -0.38411 -0.44876 -0.56209 -1.49414 4.07405 -1.20374 -1.39219 0.27325 -0.01510 -1.06689 -0.90049 -1.45929 -1.51004 -1.26373 -1.21938 -0.74184 1.38744 0.52597 1.22812 0.98218 -0.15311 -1.65431 -1.22821 1.41332 -0.00206 4
-0.33799 -1.55684 -0.43361 -0.92366 -0.53669 0.58906 -1.05420 -1.33060 0.45097 1.32761 -0.57349 0.72137 -1.62375 -0.98091 -0.85936 -0.59065 0.91161 -0.31323 -1.99698 -1.59638 0.21116 -1.21938 0.40772 0.62671 1.73635 1.22812 -0.64849 0.72175 -1.42625 1.21494 -1.00408 -0.00206 4
1.44069 -1.31568 -0.64751 -0.94332 0.65462 -0.53492 0.88953 -0.56661 -0.44177 0.53724 0.79730 1.43940 -0.50307 -0.25759 0.76536 -0.95010 -1.59866 -0.56591 1.02497 1.07268 -0.02364 0.64034 0.78635 -1.23994 1.69469 -0.60912 -0.97266 1.31501 0.22482 -1.22821 -0.17061 -0.70570 4
0.21211 0.86511 -0.81503 0.23855 -0.20753 1.69764 -1.10723 1.11665 1.64037 -0.45990 -1.15215 1.46211 -0.02030 1.22714 0.79456 -0.95861 -0.13613 -0.68065 -1.44517 -0.37774 1.59104 1.88014 -1.27653 -1.20908 0.60484 -1.22154 0.46692 0.51638 0.69166 -0.61743 -1.55356 0.70158 4
1.46301 -0.63102 -0.50201 -0.77358 -0.72797 0.53163 0.71974 1.73098 0.11671 1.00272 0.43066 -0.39016 0.87274 0.69471 1.40493 0.32906 -0.48679 0.16170 0.64234 -0.30048 -1.09908 -0.59947 0.97135 0.13302 0.76575 0.00329 -0.33932 -1.42037 -1.56123 -0.61743 0.54724 -1.40934 4
1.14484 0.94769 -0.19850 -0.37392 -0.62849 1.90115 1.10548 -0.04639 0.09807 -0.32283 0.88333 -0.68884 0.77432 1.01630 -0.88573 0.69489 1.35792 -0.74721 -1.44250 0.93365 0.87970 -1.21938 1.12872 -1.07310 -0.80484 -0.60912 -0.39896 0.71417 1.13202 -0.00664 1.42641 -1.40934 4
0.84254 -0.26405 0.63494 -0.55678 -1.21007 -0.16443 -0.65279 -1.69257 -0.78015 -0.37837 1.34834 0.62380 -1.06582 -0.25920 0.56187 1.62757 0.90998 0.21552 0.24488 0.84966 1.64410 0.64034 0.39787 0.12384 0.71288 -0.60912 0.14135 -1.51528 0.73035 -0.00664 -0.73417 -0.70570 4
-1.59852 0.16271 -0.31184 -0.32079 0.36751 1.26238 0.51413 -1.36167 2.64925 -0.69556 -1.13131 -0.90780 -0.30157 -0.18533 -0.89963 2.02993 -0.84829 -0.53910 0.18277 -0.74981 -1.09648 -1.21938 -1.06470 -1.67428 0.54827 -1.22154 0.09254 1.06738 -0.56475 0.60415 0.94476 -0.70570 4
-0.83010 -0.15779 1.36795 -0.79926 -1.36417 0.95708 0.34231 0.39921 1.37927 0.68205 -0.13120 -0.86383 0.93987 0.40257 -0.73388 -0.02156 -0.58371 0.37381 0.48730 -0.16215 1.33034 -0.59947 -1.52411 -1.04333 1.16438 -1.22154 0.24194 0.01303 -1.04389 -0.00664 1.68963 -1.40934 5
-1.35845 -1.19445 -0.86453 -0.29119 -1.35591 -0.72616 0.13655 -0.28025 3.93780 -0.91219 -0.10131 1.19095 0.05107 -0.72780 2.65635 -0.20028 -1.39929 -0.30535 1.29928 1.50912 -0.67805 1.26024 -1.60806 -0.50740 1.16604 0.61570 1.41291 -1.08747 -1.47008 1.21494 1.46551 -0.00206 5
1.08591 -1.48069 0.81604 0.19658 -0.93020 0.92176 0.39874 -0.15438 3.49304 -0.26398 0.86780 0.20077 1.29112 1.44776 -0.51882 -0.73381 -0.43172 -0.06881 0.91783 -0.61185 1.30648 1.26024 -1.56988 -1.47032 -0.00719 0.61570 -0.81756 -1.59723 -1.06610 -1.22821 -1.03420 0.70158 5
-0.79366 -1.45321 -0.14920 0.16713 -0.07791 4.72375 0.32644 -0.51559 0.52204 -0.40322 -1.63925 0.17484 -0.61767 -1.05025 -0.15891 -0.48623 0.02329 -0.71799 0.77027 -1.04433 -0.84929 -0.59947 0.77380 -1.32793 -0.09640 0.61570 0.04316 -1.41859 -1.41323 1.21494 0.71112 -0.00206 5
1.54157 0.06270 -0.26602 0.56248 1.65361 -0.72970 0.48803 -1.13936 -0.83866 -0.87866 1.07051 1.23458 -0.78117 1.60966 -0.97999 0.59297 1.18885 0.06824 -0.74400 0.91708 0.17700 -1.21938 -0.36478 -1.46138 -1.67925 -0.60912 0.62070 -0.90444 -0.85829 -0.00664 0.27463 -1.40934 5
1.08895 -1.17239 -0.90317 -0.79531 -1.06733 0.68561 -0.57109 0.25761 -0.50323 -0.30204 0.44141 -0.59125 -1.21531 -0.26114 -0.36350 -0.80763 1.54108 0.76174 -1.91942 -1.42813 -1.38207 0.02043 0.59717 -0.18361 0.49432 -0.60912 -0.53288 0.53344 -1.65345 -0.61743 -1.15211 -1.40934 5
1.41547 -0.39744 0.13927 -0.23846 0.31826 1.04284 0.92354 -1.33285 0.60374 -0.79320 0.91604 -0.48719 1.19865 -1.48810 0.53837 -0.10498 1.42490 -0.15679 0.80720 0.59657 -1.19345 0.02043 -0.51779 -1.38778 -1.12842 1.84053 -1.63585 0.51857 1.08224 -0.00664 -0.72431 0.70158 5
-1.06942 -0.88526 -0.52973 -0.05116 1.23517 0.25595 -0.23476 1.32188 -0.73097 -0.05112 -0.46477 2.64723 -1.41038 -0.78612 -0.67568 0.05199 -1.52038 0.78338 -0.04738 0.22524 1.10868 1.26024 -1.72020 -0.97929 -1.66144 0.00329 -0.80943 -0.53768 0.69840 -0.00664 1.59172 -0.00206 5
-0.49413 1.02440 -0.38308 0.15699 1.34428 0.37830 -1.65600 -1.54142 -0.66062 -0.53589 -0.18716 -0.05927 -0.06831 -0.04792 -0.88152 1.54724 -1.54402 -0.56201 -0.43122 -1.11930 1.61488 -1.21938 0.24969 0.61656 1.38540 0.00329 -0.37071 1.45423 1.70990 -0.00664 -0.64866 -1.40934 5
-0.32478 1.62738 -0.33396 1.98385 0.26481 0.64715 -0.73019 0.15372 -0.69204 -0.38807 -1.51531 4.91147 -0.49410 -0.23393 3.25378 -0.73726 0.52278 -0.88322 -1.00268 -0.62790 -0.94888 -0.59947 1.63648 0.72304 0.60362 0.61570 -0.07110 -0.33912 0.71102 -0.61743 1.19360 -0.70570 5
-0.16581 0.05649 0.46832 1.08334 -0.73700 -0.82692 -1.50083 -0.48740 0.25023 -0.66877 0.49681 3.15122 0.12839 -1.65232 0.38621 -0.93719 -0.41758 -0.59834 0.67235 -0.43843 0.05761 0.02043 -0.79494 0.14597 -0.70479 -1.22154 -1.39795 -0.38828 -1.26977 -0.00664 -0.46016 -1.40934 5
-1.55031 -0.28443 1.78004 -0.72113 -1.21285 2.19521 0.30581 -0.84808 -0.95411 -0.44337 -0.41065 2.35256 -0.08606 1.14652 -0.41858 -0.59813 -0.02934 -0.86862 0.74718 -0.28996 -1.19997 0.02043 -0.78338 0.03470 0.96708 -0.60912 1.70423 1.20406 -0.79828 -1.22821 0.01237 -1.40934 5
-1.41525 -1.44718 -0.84079 0.29476 0.93452 -0.90748 -0.02637 -0.17727 -0.73078 -0.61398 -0.77308 3.21154 -0.19888 -0.08480 1.01661 -0.65324 -0.23174 -0.56572 -1.01523 -1.54639 -1.17617 -1.21938 0.58640 0.48042 -1.58532 -0.60912 -1.11958 1.65951 0.83419 0.60415 1.31873 -0.70570 5
0.70755 0.77221 0.79187 0.20437 1.64894 0.36642 -0.85178 -0.09827 -0.10479 -0.81992 -0.26192 0.39468 0.64591 -0.74994 -0.37713 -0.40431 -0.81037 4.30491 -0.07916 -0.72044 -0.69135 0.02043 -0.71460 -0.88717 -1.58094 -1.22154 -1.23829 -1.22810 -0.19355 -0.61743 0.05328 -1.40934 5
0.70405 0.81875 -0.91513 -0.54537 0.62816 -0.87994 -1.19929 0.77489 0.11848 0.06636 1.39072 3.20793 1.11877 -1.54012 -0.98375 -0.48282 -1.18019 -0.81658 -1.24542 -0.19600 -0.91583 0.64034 -0.01349 1.26197 1.09023 -1.22154 -1.14690 1.50742 -0.29815 1.82573 -0.37724 1.40521 5
