-0.62038 0.11963 0.80709 -0.80869 -1.19056 -0.45166 -1.71092 1.21167 -0.95308 0.63101 0.98143 -0.79468 0.02821 1.20082 -0.11641 -0.98633 -0.53824 -0.88101 -0.87431 0.83864 1.65563 1.88014 0.32909 -0.96957 0.72785 -0.60912 -1.57536 -1.67214 0.99483 -0.00664 -0.95588 0.70158 1
-0.84883 -0.87104 -0.51737 -0.72802 -1.18906 -0.98016 -0.97257 -1.34652 -0.35894 0.77625 -0.25330 -0.47334 0.42721 0.70991 1.47393 -0.85673 1.59644 -0.29623 -1.16539 -0.07757 -0.90554 1.26024 1.23742 -1.36816 0.05093 0.00329 -1.27853 0.40800 -0.75315 -0.61743 -1.58510 -0.00206 1
0.11380 -0.02156 -0.75968 -0.92071 1.67919 -0.90650 0.23898 -0.75595 -0.77177 -0.08658 -0.57558 -0.84785 -1.11319 1.20358 -0.65600 0.18448 -0.81810 -0.74200 -0.32560 1.49813 0.17151 1.26024 -0.32268 -0.68213 1.31933 -1.22154 -1.61249 -1.02005 1.05772 -0.00664 1.08555 -0.00206 1
0.31177 1.08977 0.08459 -0.47566 -1.46334 -0.94695 -1.67990 -1.67491 -0.70944 -0.33450 -0.34973 0.47475 -1.07035 1.29575 0.25464 -0.79423 1.69980 -0.78187 -0.08958 1.42143 0.92326 -0.59947 -0.18446 -0.13105 0.71423 -1.22154 0.96410 0.73594 0.85348 -0.00664 0.41074 1.40521 1
-0.66813 1.65904 0.80432 -0.40300 -0.45482 -0.68028 -0.32649 -1.12949 -0.38743 0.92009 -0.41828 -0.83846 1.33621 -0.31245 1.10793 -0.69059 -0.76868 -0.62679 -1.90361 1.03457 -0.28550 1.88014 -0.78264 1.26579 0.18191 2.45294 0.20797 -1.46572 1.39498 -1.22821 0.17696 1.40521 1
-1.05184 -0.65406 0.90124 1.35444 1.35182 -0.54305 1.28597 -1.57677 -0.57842 -0.41822 0.43006 -0.24583 0.58225 1.13643 0.48948 -0.55679 0.78051 -0.05768 0.17854 -0.63071 -0.34437 1.26024 -0.93301 0.98294 -0.23127 -1.22154 -0.00593 -0.46842 -0.67556 -0.61743 -0.87814 0.70158 1
-1.39099 -1.08934 2.15759 0.51092 0.71935 -0.89933 1.42693 0.56963 -0.36512 -0.73058 1.21255 -0.78099 -0.18933 -0.86466 -0.97861 -0.84828 0.61843 -0.30802 -1.80373 1.52245 0.60681 -0.59947 -0.81921 0.40165 -1.54310 -1.22154 -1.58860 -0.69039 -1.32325 -0.00664 0.27722 -1.40934 1
-1.11168 -1.11257 -0.56589 -0.70648 -1.21049 -0.54656 1.62003 1.06715 -0.45822 0.55876 1.66271 -0.79499 -0.02575 -1.43249 -0.86559 0.17853 0.37541 -0.29581 -0.65139 -0.97998 0.08413 0.02043 -0.61052 1.64606 0.77795 -1.22154 0.79521 0.58517 1.28105 1.21494 -1.39870 0.70158 1
1.18802 -1.32011 -0.95367 0.49703 0.59410 -0.71830 0.93744 -0.18709 0.38890 -0.39428 -0.67873 -0.81260 -0.12095 1.26174 -0.69690 -0.59912 0.51893 -0.70642 0.53128 -1.00600 -1.40015 0.02043 -1.52622 1.12924 -1.49400 1.84053 1.17294 -0.58755 0.02442 -0.61743 -1.08574 1.40521 1
0.72417 1.01989 2.48704 -0.19882 -1.21429 -0.92636 -1.16507 1.24232 -0.23409 0.29697 -0.08984 -0.57849 -0.31936 -1.40418 -0.98472 2.26264 0.10599 -0.08404 0.27946 1.53836 -0.25907 -1.21938 0.47375 -0.04882 -1.63390 -0.60912 0.80523 1.03916 -0.96852 -0.61743 -1.22721 -1.40934 1
0.19392 -0.46917 0.42828 0.09234 -0.87447 -0.78157 -0.49861 0.38300 1.14990 -0.22666 1.11036 -0.86132 -0.00409 0.58016 -0.87041 -0.91994 -0.17268 -0.04162 -0.90537 1.32210 0.42417 -1.21938 -0.94263 -1.61407 1.00040 -1.22154 1.15487 0.93291 -0.60512 -1.22821 0.14789 -0.00206 1
0.08501 0.73902 -0.79479 -0.72532 -1.07976 -0.57193 -0.82792 1.70637 0.24522 -0.39360 -1.56138 -0.61504 -1.42405 0.53372 -0.86837 -0.52143 1.40719 -0.89808 -0.60352 -1.68096 1.45762 0.64034 -1.30183 1.53814 -0.55518 1.22812 -1.40262 0.24720 0.00377 1.21494 -0.22900 -0.00206 1
0.26466 1.04852 -0.43615 -0.62345 -0.78491 -0.51243 -1.16356 -1.27039 -0.95766 0.24233 0.38815 -0.81848 -1.27947 0.23124 -0.18140 0.08414 -0.11471 -0.47919 -0.55509 0.28051 0.19935 2.50005 -0.68218 0.04944 0.74697 1.22812 -0.27249 1.49086 -1.47516 -0.61743 -0.27826 1.40521 1
-0.04116 -1.10279 0.72752 -0.38721 -0.17170 -0.92532 1.28888 -0.08710 -0.56673 0.91455 0.92636 -0.64560 -1.18749 -1.54606 2.85932 -0.06433 -0.15685 -0.67950 1.10059 -1.64130 -0.46389 0.64034 -1.51519 1.29685 -1.57148 0.00329 0.59590 -1.29650 -0.39380 -1.22821 0.51923 0.70158 1
-0.73342 -1.68873 1.27047 -0.36275 -1.61939 1.46835 1.65668 1.43575 -0.73998 -0.75292 1.11965 -0.94964 1.13660 -0.80912 -0.99606 -0.97613 -0.65735 -0.67749 -0.53833 0.11676 -0.38376 1.88014 -0.85947 -0.45990 0.08100 -1.22154 -1.42479 1.65289 -1.03483 -0.61743 -0.24704 0.70158 1
0.02352 1.01465 -0.81077 -0.80136 -0.70832 -0.80280 -0.43694 -1.65343 -0.72031 1.48319 1.51811 -0.31078 -1.70077 0.73724 0.53467 1.58293 -1.33953 -0.47470 -1.36711 -0.68642 -0.31482 0.02043 -1.27509 -0.42248 0.89973 -0.60912 1.07691 -0.12726 1.62302 -0.61743 0.53605 -0.70570 2
1.39862 -1.03400 -0.49568 -0.64919 0.88304 -0.72980 0.68416 -0.74492 0.32484 -0.43012 0.75844 -0.78040 -0.14043 -0.00596 -0.98885 0.99682 1.33789 -0.29748 -0.38883 0.27575 0.55677 -1.21938 0.28669 -1.19905 0.27296 0.00329 1.38775 -1.48880 0.97431 0.60415 -1.21157 -0.70570 2
-0.49539 -0.99962 0.32694 -0.46285 0.66457 -0.71179 -0.05232 0.89039 0.30803 -0.65690 0.11450 -0.00341 -0.52526 -1.35747 0.34792 0.57593 0.20132 -0.36988 0.20347 -1.22549 -0.64718 -1.21938 -0.10178 0.52368 -0.69387 0.00329 0.52331 1.56401 -1.28913 -0.00664 0.63149 -0.00206 2
1.56802 -1.55310 -0.24062 -0.81872 0.51726 0.12546 0.78497 -1.20369 1.29629 -0.10847 -0.31752 0.13487 0.45437 1.32307 0.07481 -0.25743 0.91437 -0.63757 1.06629 0.29964 -0.17486 0.64034 0.22464 -1.32804 0.98097 0.00329 0.66541 -0.58473 -1.49762 -0.61743 1.02078 -0.00206 2
1.08152 1.11807 -0.07161 3.04985 -0.71892 -0.72500 1.22331 -0.52686 -0.68806 2.04273 0.08980 -0.48246 0.26268 1.11099 -0.63990 -0.02777 0.31671 1.08423 1.18868 -1.40776 0.49118 -1.21938 0.53096 -0.96110 -0.43035 0.61570 -0.07771 1.13776 1.29710 0.60415 0.69124 0.70158 2
-0.99451 0.17568 -0.29610 0.41318 -0.87438 0.49571 0.92033 1.59530 -0.26378 -0.79763 0.08784 -0.61630 -0.93961 0.60565 1.37979 -0.41259 1.25940 -0.85644 1.05398 -0.48913 -1.55005 0.64034 -0.64328 -0.44630 1.22117 -1.22154 -0.78611 0.51385 0.20772 -0.00664 1.02676 -0.00206 2
0.29906 -0.74073 -0.55045 -0.63018 -0.95680 -0.85277 0.67469 1.02327 -1.01478 -0.48125 -1.22201 0.27221 1.61513 1.64463 -0.94574 -0.83259 1.26954 -0.96652 0.95926 -0.45577 1.09856 0.02043 -1.45930 0.47510 0.85596 -1.22154 -0.97851 1.19108 0.31986 -0.00664 1.50063 -0.70570 2
-0.84231 0.76130 -0.68393 -0.47937 0.00498 1.13574 0.98209 0.29285 3.50982 -0.97811 0.88565 -0.36258 1.53213 0.20966 -0.68382 -0.70381 -1.08222 -0.74715 -1.56381 0.25894 -0.63925 -0.59947 1.40372 0.60510 0.84223 0.00329 -0.17400 -0.88804 -0.51380 1.82573 0.46572 1.40521 2
1.03559 0.06280 -0.97905 -0.72309 -0.99404 -0.46672 -0.57576 -0.92343 -0.45684 0.23369 -0.40723 -0.93977 -0.71557 -1.54601 -0.93645 -0.15268 -1.63042 0.18665 -1.52013 -0.17138 -1.64929 0.64034 0.32129 -1.45952 0.83636 0.61570 -1.11427 1.67174 -0.93660 1.82573 -1.25742 0.70158 2
-1.29211 -0.05776 -0.04801 0.23201 -1.21102 -0.98118 0.32605 -0.88027 -0.77117 -0.93539 -0.85854 0.14527 -0.76239 -1.38153 -0.44959 -0.31102 1.43491 -0.28079 0.01626 -0.89586 0.17059 -1.21938 1.62312 -1.11544 1.16130 1.22812 -0.74491 0.99886 -1.00199 -1.22821 1.35112 -0.00206 2
1.14315 -0.43048 -0.52209 -0.74056 -0.77179 -0.69122 -1.69334 -0.89268 0.68971 -0.25783 -1.47036 1.21062 0.08845 -1.25537 0.73304 -0.96944 1.22247 -0.68044 -0.68611 0.37380 1.35476 1.26024 -1.17556 0.55753 0.33361 0.00329 1.45868 -0.26065 1.06274 0.60415 -1.35473 -0.00206 2
1.69554 -1.01963 -0.45310 0.61980 0.97791 0.77878 -0.56566 -1.64755 -0.74545 1.78640 0.73108 -0.29501 1.32836 -1.64666 -0.02030 0.72309 -1.69075 -0.92276 0.66045 -1.16227 -1.03558 0.02043 0.57392 0.11805 -0.70498 0.00329 -0.04147 0.99278 1.15930 0.60415 -0.30929 0.70158 2
1.09609 -1.37796 0.43926 -0.23902 -1.55179 -0.91315 -0.68339 -1.60574 1.11300 2.47824 0.04513 -0.56122 0.59414 1.17180 -0.40767 0.68094 1.44719 -0.22298 -0.12365 -1.61185 0.16879 0.02043 -1.57307 -0.05965 -1.16925 -0.60912 -0.47816 1.01712 -0.78533 0.60415 -0.47403 -0.00206 2
1.05694 -0.97213 0.22094 0.04905 -0.45830 -0.35498 -0.17349 1.25870 -0.56131 1.74590 0.98597 -0.11246 -0.98127 0.52140 -0.13072 -0.89314 -0.27473 -0.92513 -1.11646 0.54203 -0.75524 -0.59947 -0.72543 -0.87545 -0.05140 1.22812 -0.88322 -0.35921 -1.45398 2.43652 -0.87745 1.40521 2
-0.13791 -0.36262 3.08056 0.03934 1.49647 -0.94366 -0.31173 -1.43979 -0.07342 0.88863 -0.09937 -0.88296 0.85091 1.30072 2.97133 2.27083 -0.45265 0.63289 -0.11975 -0.12883 -0.37193 0.02043 -0.85653 1.17591 -0.39359 0.00329 -0.47574 -0.67048 -0.08999 1.21494 0.07046 -0.00206 2
0.54162 -0.26290 0.31772 0.03482 1.18964 -0.91994 -1.65930 0.90185 -0.25525 -0.78042 1.43303 1.26040 -1.54309 1.57314 -0.98895 0.49568 1.64132 1.12068 1.55462 0.99332 -1.02596 -1.21938 1.62769 1.58111 0.77229 1.22812 -1.41846 0.08246 -0.34571 1.21494 0.84170 1.40521 3
-1.54846 1.24621 0.10416 1.02857 -0.92439 -0.33838 -0.84448 -1.51179 -0.52224 -0.93367 0.06109 -0.11237 -1.27377 0.44540 -0.57118 0.16817 0.91731 -0.77548 0.61629 -1.24595 1.24629 0.02043 -0.66145 -0.57189 1.69708 -1.22154 -1.72405 0.54626 1.42586 1.82573 1.37486 1.40521 3
-0.61914 0.95713 -0.79807 0.59785 -1.69413 0.67797 1.67614 -1.46272 1.41908 -0.24121 -1.39468 -0.90765 0.61825 1.36185 -0.52825 -0.40338 -0.23043 -0.06543 0.35485 1.34304 -1.61520 -0.59947 -1.64942 1.44413 1.55866 0.00329 1.52600 0.41989 0.10724 0.60415 -0.88568 -0.70570 3
-0.59069 -1.62499 -0.53688 -0.86322 -0.75395 -0.24531 0.87557 -0.78950 -0.71642 -0.74245 1.51740 -0.81001 0.84679 -1.08444 -0.35284 1.53031 1.08434 2.51971 -1.45479 -1.53706 1.35536 0.64034 0.24440 0.85564 0.54323 -1.22154 0.04244 -0.93716 0.60355 1.21494 1.53601 0.70158 3
0.97347 -0.28738 -0.05501 -0.53804 -0.35228 -0.33261 1.73111 0.40373 -0.14810 0.00862 1.26396 0.26261 -0.24950 1.67790 -0.87419 -0.87898 -1.62840 -0.77195 1.02697 1.06758 0.85207 0.02043 -1.08496 -1.56294 1.01996 -0.60912 0.47343 0.79452 0.00145 0.60415 0.71480 0.70158 3
-0.88871 0.32611 2.78018 2.24172 1.24253 -0.79829 -1.72191 0.05476 -0.26344 -0.96301 -0.35759 0.18117 0.38910 0.41791 -0.60988 -0.97142 0.45545 -0.79314 1.59017 0.43984 0.62095 -1.21938 -0.24903 0.24939 1.55091 -0.60912 -1.59831 -1.38506 -0.93052 -1.22821 0.61100 -1.40934 3
0.41169 -0.05113 -0.90151 0.26030 1.35833 -0.42258 -0.71273 1.07149 2.68949 -0.50993 -1.41069 -0.81073 0.53956 0.91976 0.84350 3.42606 0.53892 -0.26452 2.17039 -0.29368 1.32180 0.02043 0.48893 -0.41280 -0.53564 -1.22154 0.43338 1.66976 0.86714 -0.61743 -0.78256 -1.40934 3
-1.31014 1.29228 -0.87347 -0.56515 -0.09886 -0.68145 0.33663 -0.92032 -0.59048 -0.29737 -1.24912 0.44884 0.99457 -0.47260 0.86952 0.36928 -0.81363 -0.90279 -0.49645 -0.16307 0.45292 -1.21938 -0.70099 0.81276 0.52779 0.00329 -0.86231 -0.09730 -0.91266 0.60415 0.05981 -0.70570 3
-1.20096 0.71040 -0.29665 0.29762 0.47462 -0.91270 -1.06493 -0.16389 2.89714 -0.68768 -0.95072 0.03985 1.34251 0.92437 1.24231 -0.36586 -0.14153 -0.58989 1.39172 1.34935 -1.34154 1.26024 -0.60653 0.45097 1.54948 -0.60912 0.34802 1.33553 0.89797 -1.22821 -1.29648 1.40521 3
0.74187 -1.51579 -0.42552 -0.47429 -0.51665 -0.54526 0.32502 -1.49338 1.01393 -0.07771 0.26546 0.23034 0.41303 -0.23916 0.25283 0.92299 0.17102 -0.76047 1.87202 -1.72760 0.68686 -1.21938 -0.44633 1.46570 -1.25646 1.22812 -1.71622 -0.39115 -1.61901 0.60415 0.83037 -0.00206 3
1.66352 1.40465 -0.87062 -0.14659 1.28304 -0.70089 -0.87439 0.97149 -0.33441 1.61998 -0.14705 0.25331 0.86800 0.33019 -0.96773 3.63440 -1.53883 -0.11471 0.77483 1.39102 -0.30365 -0.59947 -0.87438 -1.25175 1.61526 -1.22154 1.26680 1.52757 -0.56612 -0.00664 -1.66014 -0.70570 3
0.22415 -1.35802 -0.52915 -0.78928 -0.10960 0.12133 1.08889 -1.34699 -0.32344 1.51322 -1.24601 -0.50834 1.57340 0.49098 -0.47532 -0.85346 -1.39125 1.44781 0.13829 -1.22808 -0.88069 0.64034 -0.74597 0.95068 1.15750 -0.60912 -1.64069 -0.07260 -1.36798 -0.61743 1.17639 -0.00206 3
-0.39888 1.49460 0.67758 1.14849 0.47823 -0.48024 -0.64670 -0.48288 -0.69893 -0.45933 -0.34763 -0.01801 1.05003 0.30755 -0.50061 0.04240 1.36400 1.47470 -0.57736 -0.19048 0.06750 1.26024 -1.07959 0.13319 0.44173 -1.22154 -1.57253 -0.38012 1.70809 -0.00664 0.13451 -0.00206 3
0.15034 1.59965 -0.35414 0.97239 0.62859 -0.17864 0.65004 -0.39262 -0.72627 0.22976 -1.40936 0.10838 1.45428 0.88132 -0.65660 1.61875 -1.52061 -0.37193 -0.59584 0.40277 1.50088 -0.59947 0.28293 -1.39773 1.30053 -1.22154 -0.63320 -0.73000 0.83119 -0.00664 0.79651 -0.00206 3
-0.93869 -1.57946 0.84724 0.08999 -0.85532 -0.00401 1.27597 -1.16761 -0.80604 1.71403 0.00268 0.23690 1.70298 1.17822 -0.70611 0.15861 -1.49683 -0.38087 -0.92169 -0.23587 -0.27932 0.02043 -0.53325 0.01863 0.47968 -1.22154 -1.18086 1.37215 -1.46204 -1.22821 0.37613 -1.40934 3
-1.28262 0.03434 -0.54932 1.50816 -0.20175 -0.02800 1.10850 -0.32670 0.57884 -0.35299 -0.85760 -0.23735 0.60190 1.52149 2.75749 1.75483 -0.07604 2.07513 0.08299 1.29228 1.40929 0.02043 0.36114 0.75159 1.53722 -1.22154 -0.99820 -1.35097 0.08446 -0.61743 1.18413 -1.40934 4
1.39400 -1.10087 -0.42440 0.33010 1.63817 -0.16880 -0.91878 1.73051 -0.97942 0.40217 -0.10318 0.50007 0.37350 -0.46265 0.25167 -0.34213 -0.29815 -0.20500 1.34504 -1.09050 -1.63977 -1.21938 -0.64787 1.45521 1.56081 -0.60912 -0.43861 -1.53355 0.30159 -0.61743 1.08177 -1.40934 4
-1.58141 -0.64807 1.28884 -0.31598 0.94424 -0.78423 -1.53079 0.73153 -0.04780 -0.21425 0.81855 -0.17870 1.15958 -0.10146 -0.93252 -0.71298 -0.23276 -0.13037 -1.00324 1.13526 1.02108 0.02043 0.20153 1.36275 -0.74499 -0.60912 -1.47490 -0.73269 0.79869 -1.22821 -1.17468 -1.40934 4
0.67845 -0.66725 -0.35628 1.12292 -1.45869 0.35887 -0.94169 0.83710 -0.54836 -0.88191 1.20993 0.58889 -1.21870 1.41418 -0.27632 0.00842 -1.60378 0.36202 1.04708 0.93531 -0.64029 1.88014 -0.10681 -0.88619 1.14050 1.22812 -0.49793 -0.24654 0.15741 0.60415 0.37356 0.70158 4
-1.70963 -0.96014 -0.23819 -0.73604 0.39353 0.47843 0.08926 0.87218 0.57096 -0.53112 0.47265 -0.27357 -1.48472 -0.34005 -0.82127 -0.87824 -0.16434 -0.64868 -1.40776 -1.42921 -1.08060 -1.21938 -0.17688 1.52163 -1.68935 -1.22154 0.46976 0.80077 0.99029 -0.00664 1.69844 -1.40934 4
1.43353 0.49421 0.10968 -0.41570 -1.57642 0.54480 0.75405 0.85369 -0.51003 0.61093 0.37877 -0.28600 -0.67122 1.41501 -0.54534 -0.90509 -0.22693 -0.52173 0.91466 0.53107 -0.42132 0.02043 1.14799 1.72176 0.06503 -1.22154 -0.93732 0.23059 -0.05222 -1.22821 -0.69162 -1.40934 4
1.29740 1.32358 1.33632 -0.19682 0.64846 0.90529 -1.55014 -0.36178 -0.75341 0.28276 0.61128 0.66020 -1.53670 0.08069 -0.92535 0.46419 -0.56545 -0.67300 -1.94590 1.47240 -1.15998 -1.21938 1.03078 -0.51863 -1.03960 -1.22154 0.77126 -0.27108 -0.86605 -1.22821 -0.28505 -0.70570 4
-0.03279 -0.33904 -0.41915 -0.04113 -0.52829 -0.76801 -0.14622 -1.49125 -0.08796 -0.51330 -0.01631 0.82924 -1.63383 -1.61783 -0.09657 -0.07266 -0.15938 -0.50372 0.03320 0.88440 0.44593 -0.59947 -1.68264 -0.29302 -1.50167 0.00329 0.54085 -1.20367 1.25341 -1.22821 0.31962 -1.40934 4
-0.01647 -0.12417 0.07074 0.00331 -1.60090 -0.30357 1.05189 0.23580 2.75132 -0.87044 -0.57801 -0.03797 1.41146 1.66541 -0.26806 1.57989 -1.03064 0.23997 -1.86064 -0.40630 -1.02518 -1.21938 1.17298 1.00960 0.19935 1.84053 0.24508 -0.89943 -0.12776 0.60415 0.52954 1.40521 4
0.44157 0.47598 0.59953 -0.99479 0.93198 -0.84185 -0.49197 0.45719 -0.92054 -0.90666 0.90689 -0.06136 0.36351 1.25364 0.31005 -0.83125 0.72935 0.14064 -1.32090 -1.61631 -0.47444 0.02043 1.72082 -0.97678 1.23941 -0.60912 1.09234 0.17839 0.43835 -0.61743 0.79333 -1.40934 4
-1.43729 1.39465 -0.45454 -0.59862 -1.32932 -0.14767 -1.17870 -1.35224 0.33225 -0.12237 -1.23794 1.20537 1.60535 -0.17650 -0.23055 -0.95927 0.37085 -0.34782 -1.76659 -1.47948 -1.23107 -0.59947 1.43403 -1.12099 -0.85961 0.00329 0.27980 1.39403 -0.67322 0.60415 1.40915 -0.70570 4
-0.62684 0.45816 3.72730 2.71820 -0.33953 -0.69520 -1.54479 0.32248 0.00773 -0.88974 -1.13907 1.38729 1.49647 1.23892 -0.35138 -0.60562 -0.90944 -0.44849 1.02763 -0.75417 0.36191 0.64034 -1.35301 1.67510 -0.85176 2.45294 -1.03101 -0.05961 -0.36639 -1.22821 -0.10700 1.40521 4
-0.19760 1.31883 -0.76273 -0.55194 1.45867 0.31008 1.53882 -0.11526 2.96325 -0.97481 -1.37016 1.85160 -0.70050 0.73897 2.82884 0.00404 1.11733 -0.88659 1.46232 -1.41626 1.51417 1.26024 0.00080 -0.80908 1.45850 1.22812 -0.41995 1.46987 -0.84303 0.60415 0.56504 1.40521 4
1.05171 -0.83286 -0.69951 -0.99188 -0.28691 1.16866 0.55448 -0.70108 -0.43309 -0.19498 0.81256 -0.77189 0.27063 1.67441 -0.19576 -0.09573 0.73877 2.30246 0.00758 -0.57850 -0.22886 -1.21938 0.42168 1.73311 1.39122 0.00329 -0.91295 -1.44097 -1.20839 -0.61743 -0.51237 -1.40934 4
1.55104 -0.77430 2.40792 -0.68750 1.10500 0.25174 -1.55276 -1.44114 -0.54899 0.56807 -0.26710 1.39393 0.75881 0.27273 0.62989 0.27248 1.44134 -0.35002 0.81514 -0.38508 1.24008 1.26024 -0.97962 -0.52400 -1.55803 -1.22154 -0.57037 1.05485 0.70342 1.21494 -0.24937 -0.00206 4
-1.67049 -0.90455 -0.06870 -0.74604 1.60271 -0.87491 0.17975 -0.99123 -0.76479 -0.35776 -1.55691 0.17182 -1.38721 -1.21347 0.12374 -0.50656 -1.43331 -0.17881 0.27136 0.32871 -1.02019 -0.59947 -0.00231 0.43526 1.65483 -0.60912 0.33974 1.46657 -1.29287 0.60415 0.83117 -0.00206 5
1.22207 0.24956 -0.98293 -0.72185 0.15220 -0.91122 -0.65282 -1.55681 -0.32423 -0.75158 0.48905 -0.54645 -0.92388 -1.17036 -0.24972 2.30383 1.05049 1.92930 0.69611 -0.80199 -0.60265 -0.59947 -1.16633 0.47378 0.09033 -1.22154 -0.21209 -0.70751 0.49702 -0.00664 0.09042 -1.40934 5
0.41630 -0.76671 -0.88805 -0.85396 0.54167 -0.43170 -0.56447 1.11510 0.69934 -0.75142 0.01001 -0.27722 -0.50128 -1.56503 -0.76953 -0.10627 -1.20379 0.27086 -0.73708 0.81146 -0.70933 -1.21938 0.18395 -1.63942 1.69374 -1.22154 0.49180 0.81290 -0.10818 -0.61743 -1.59575 -0.00206 5
0.07516 0.26192 -0.89439 -0.64058 0.80865 6.94042 0.91537 0.68270 -0.78254 0.22608 -1.02203 -0.55632 1.44717 1.09981 -0.71681 1.25938 -0.01558 -0.72572 1.40870 -0.54110 -0.70114 -0.59947 1.15735 -0.73840 1.08454 -1.22154 -0.46063 0.69017 0.13511 -0.61743 -0.05825 -1.40934 5
0.89841 1.16707 -0.31014 -0.81799 1.56711 0.53696 1.11606 1.06622 0.01879 1.24520 -0.69633 -0.61666 1.46678 0.33141 0.62918 -0.61427 -1.18189 -0.18147 1.14225 1.66742 0.28288 0.64034 -0.86794 1.47267 1.16360 1.84053 1.18433 -0.74008 -0.61347 1.82573 -0.95921 0.70158 5
0.90161 0.79544 -0.51227 -0.50156 0.76865 1.63474 0.14373 -0.02956 1.14842 0.91833 0.92938 0.74189 -0.26109 -0.38093 -0.20565 1.17286 0.89501 -0.83629 -0.78794 1.29390 -1.51936 0.64034 0.64224 -0.69229 -1.06793 -1.22154 -0.45016 -0.93654 -1.64322 0.60415 -1.23979 -0.00206 5
0.22889 -1.32428 -0.67264 -0.79227 -0.75522 -0.89201 0.75944 0.89433 0.13379 -0.09236 0.09497 -0.49763 -1.52023 1.15215 -0.39774 -0.09680 0.08872 0.47463 -1.29945 1.34828 0.83558 1.88014 -0.37153 -1.66993 -1.44016 2.45294 0.78119 -1.44193 0.96462 1.21494 -1.38734 1.40521 5
-1.17888 0.30367 2.03011 -0.60978 -0.38878 2.18121 -1.24159 1.51255 0.84746 0.13347 -1.52792 -0.39578 0.73741 -0.03562 -0.12574 0.46957 0.62845 0.03060 -1.43186 -1.20898 0.31295 -1.21938 -0.78357 0.50817 -0.31002 -1.22154 0.71668 -0.39894 -0.12283 1.21494 0.95258 -0.00206 5
0.63131 1.32824 -0.55460 0.27148 -1.32596 -0.33381 1.36994 -1.31849 -0.92643 0.26720 1.34919 0.05763 0.19715 -1.51219 -0.67379 0.32894 -1.14128 1.24612 -0.55986 -0.54615 -0.03955 -1.21938 -1.50951 -1.20866 0.71608 -0.60912 1.63403 -1.70116 -0.03412 -0.61743 0.89102 -1.40934 5
-1.66483 -1.11207 -0.46820 0.44371 -0.41847 1.76636 1.48195 -0.21943 -0.89027 -0.91035 -1.25983 -0.38873 1.10012 1.51281 0.23391 -0.81849 1.14651 0.40894 0.80588 0.38337 -0.62267 0.64034 -1.41397 -1.22103 -1.05185 1.22812 1.01861 0.39610 -0.83772 0.60415 0.68547 -0.00206 5
-0.63491 0.18686 -0.32575 -0.09669 -0.33694 1.78955 -0.02142 -0.40980 -0.67148 -0.86704 0.04192 -0.98302 -0.17147 0.01777 -0.25409 0.73738 -0.56846 1.86820 0.00476 -0.35168 1.61803 -0.59947 -0.84708 -1.21274 0.07422 -0.60912 1.59038 0.51806 -0.75615 -0.00664 -0.88407 -0.70570 5
1.10355 -0.12053 0.18952 0.06234 0.56558 -0.93265 -0.45272 0.32533 0.47575 -0.79575 -0.85734 3.65068 0.27798 0.06336 -0.85352 -0.24750 1.14560 -0.51843 -0.70957 0.49679 0.83165 -0.59947 -0.61693 1.42626 1.66507 -1.22154 0.39832 0.01582 -1.55468 -0.00664 -1.68148 -1.40934 5
1.08530 1.30445 -0.45921 0.51470 0.98972 -0.35806 0.01348 -1.30903 -0.84941 -0.37156 -0.12614 1.97126 -0.10061 -0.09636 1.78394 -0.90348 0.78480 0.50744 -0.93461 1.26556 1.36031 -0.59947 -1.67260 -1.30987 -1.27815 1.84053 0.07012 0.85155 -1.60904 1.82573 -1.50773 0.70158 5
-1.29946 -0.91137 -0.49052 0.28288 0.46468 -0.45441 1.08824 -1.68096 0.44132 -0.29197 0.15019 -0.90783 1.47728 -0.80388 -0.98120 -0.97254 -1.22178 1.48415 -1.18205 -1.33745 -0.75658 -1.21938 1.58068 -1.34572 -1.65583 1.22812 -0.04117 -1.11497 1.20375 0.60415 -0.92733 -0.00206 5
1.13852 0.30722 -0.57408 -0.38860 -0.81011 -0.50186 1.58901 0.37257 0.30183 -0.17844 0.46424 3.43314 0.49981 -0.55723 -0.43362 0.42770 1.42173 9.44812 1.16679 0.89418 -1.00911 0.64034 -1.26952 0.34230 -0.26713 0.61570 -1.56694 -0.18392 -0.34434 -0.00664 -0.54979 0.70158 5
