1.70268 -1.40097 0.02343 0.02332 1.45425 -0.42857 0.93557 0.13196 -0.42153 0.09974 -1.09166 -0.94960 0.95147 1.02420 0.38581 -0.31919 -0.70527 -0.68736 -0.18463 1.07199 0.21717 -1.21938 -1.58475 1.38669 0.49487 -0.60912 0.30190 0.57997 1.57625 2.43652 1.03219 1.40521 1
0.25999 0.43832 -0.61528 -0.42436 1.70084 -0.30269 0.22590 0.17432 -0.98096 -0.97248 -0.31460 -0.86073 0.71287 -0.18355 -0.51044 1.00324 -1.47823 -0.43555 0.45519 -0.87912 1.21805 -1.21938 0.70926 1.13891 1.40598 -0.60912 0.32847 0.04641 -0.29819 1.82573 0.59671 0.70158 1
-1.18770 1.37448 -0.37820 -0.67788 -1.18432 -0.81651 -0.82483 -0.61712 -0.96702 1.71178 0.46372 -0.32933 1.31022 -1.05977 0.23574 -0.29719 0.61613 -0.37725 0.23054 0.05229 0.65270 0.02043 0.39604 -1.16981 1.34181 1.22812 -1.57551 -0.72509 0.41066 -0.00664 1.68570 -0.00206 1
-0.95569 -0.48531 -0.11979 -0.66383 -1.02617 -0.66143 1.13666 1.59175 -0.53201 -0.78979 -0.82877 -0.75954 0.60759 1.65855 0.02900 -0.96621 0.59252 -0.74402 -0.64903 0.81308 1.19455 -0.59947 -1.15990 -1.65791 -0.31888 2.45294 1.66875 1.38599 0.80439 1.82573 1.52629 1.40521 1
-0.79627 0.81304 -0.91023 1.48807 -1.58604 -0.86149 1.41068 -1.49649 1.34323 0.04353 -1.69694 -0.48952 0.35740 -1.71243 0.45170 0.08787 -1.49535 -0.31932 -0.33162 -1.61753 -1.40704 0.64034 -1.41987 0.36684 -1.18111 -0.60912 -0.38394 -0.41445 0.65800 -0.00664 1.11152 1.40521 1
0.45871 0.24661 -0.49456 -0.69564 -0.42386 -0.43817 -0.94143 0.57799 -0.73603 1.97540 -1.61519 -0.69084 1.40206 -0.71283 -0.90309 1.58581 1.44785 -0.75216 1.09335 -0.98481 -0.81863 2.50005 1.11524 -0.81574 1.01518 -1.22154 1.73133 -0.05892 0.99186 2.43652 0.66504 1.40521 1
-0.16017 -0.77175 0.36606 1.20056 1.35709 -0.94673 -0.18747 1.34970 -0.36691 -0.25613 -0.48402 -0.82940 0.68741 0.16648 -0.89208 0.24261 1.38286 -0.54527 0.01400 -1.01264 -1.43111 -1.21938 -1.31458 -1.62717 1.24787 -0.60912 1.29298 0.85363 1.17451 -0.61743 -0.54859 -1.40934 1
0.75461 -0.09686 0.97801 -0.64470 -1.17485 -0.86328 0.60620 -0.55508 -0.96170 -0.79898 0.44461 -0.85797 1.62839 -1.32279 0.63030 -0.94297 1.53467 0.00598 -0.57883 -1.35339 -1.08346 -1.21938 -0.21389 -0.23685 -1.63475 1.22812 0.26027 0.27510 -0.07434 -0.61743 -0.48048 0.70158 1
0.07870 1.63674 -0.28020 -0.51417 0.04483 -0.44872 -1.12000 1.70052 0.05398 -0.48334 1.09555 -0.43462 0.69120 -1.15643 1.06377 1.00577 0.78561 -0.64279 0.77075 1.55355 0.03243 1.88014 -1.43241 0.44481 -0.53357 -1.22154 0.30893 -0.83129 0.01614 -0.00664 -0.33918 0.70158 1
-0.96052 -0.91849 -0.13041 -0.87289 0.17417 -0.23267 -1.26567 -0.27592 -0.23532 0.00355 -0.99661 -0.99604 -1.31796 0.67463 -0.79737 0.07894 -1.30169 -0.79037 -1.09916 1.13569 -0.82894 -0.59947 -0.14278 0.86691 -0.80684 -1.22154 -0.85670 -1.00809 0.60099 -1.22821 -1.46630 -1.40934 1
-0.39532 0.01397 -0.48079 -0.80509 0.31026 0.35751 -1.18925 0.84109 1.33152 3.43824 -0.83595 -0.63522 -0.91777 -0.13794 1.92284 0.72812 1.39385 -0.62664 -1.51695 -1.07496 0.35236 0.64034 -1.71075 -1.63069 -1.55505 1.84053 -0.63355 0.92625 -0.00646 -1.22821 -1.01743 1.40521 1
-1.65086 0.17269 -0.59221 0.73958 1.48544 -0.85709 0.83971 -0.99166 -0.37985 0.03297 -0.52043 0.13823 -0.14278 0.40022 -0.61302 -0.49171 -1.66202 0.94794 -0.22042 -0.66042 0.39175 0.64034 1.19894 -0.32357 -0.27302 -0.60912 -0.25510 -0.50104 -0.18545 -0.00664 -1.37999 1.40521 1
0.18494 -0.97437 1.35863 1.23878 -1.54344 -0.78888 0.42571 0.55364 -0.54307 -0.23260 -1.53821 -0.70806 -1.24702 0.89933 0.29779 -0.77766 -1.44676 -0.43889 0.36681 0.04347 0.10687 -1.21938 -1.48793 -0.68693 -0.05014 0.61570 0.26814 -0.21908 -0.29401 1.21494 -0.59521 -0.00206 1
1.24756 -0.78676 0.59404 0.47664 1.44636 -0.86525 -1.18727 0.48900 -0.47598 -0.50117 -1.61462 -0.69583 0.00534 1.48465 -0.98696 -0.56958 -1.30933 1.49440 -0.36835 -0.51066 -0.98095 0.02043 -1.56358 0.40625 1.71261 0.61570 -0.21976 1.50577 1.46953 -0.61743 -1.03609 -0.00206 1
-0.52163 1.71893 -0.38862 -0.75742 -1.40631 -0.48780 -0.66692 -0.06421 -0.32385 1.32899 -0.47206 -0.80516 0.98436 1.56673 0.57607 1.55647 -0.36556 -0.80254 0.43461 0.61893 0.03791 -1.21938 -0.69667 -1.56675 -1.68918 -1.22154 0.01966 1.64040 -1.50086 -1.22821 -1.44132 -0.70570 1
1.34216 -1.67141 -0.64162 1.29420 0.92435 -0.76199 -0.01746 0.33052 -0.81681 4.52330 1.42104 -0.17369 0.92702 0.18486 -0.54868 0.53049 -0.85956 -0.42318 -0.40901 0.64419 0.01077 1.26024 1.71237 0.67022 -0.21591 2.45294 1.46273 0.47460 0.95224 0.60415 0.52035 1.40521 2
0.86111 1.13271 -0.43111 -0.97804 1.61098 -0.50142 0.66270 -1.39832 -0.18715 0.02217 1.69011 0.22326 -0.77052 0.86700 1.35955 -0.83212 0.00949 -0.95872 -0.53924 1.04772 -0.86489 1.26024 1.64150 -0.80645 1.60504 -0.60912 -0.11541 1.04399 -1.10216 -1.22821 -0.28654 -0.00206 2
-0.90039 1.17838 -0.77131 -0.90555 -0.62871 0.41658 0.24506 -0.63458 3.75414 -0.53433 -0.76902 -0.35851 0.92263 -1.51151 -0.62757 -0.82741 0.58051 -0.50947 1.17980 -1.47154 -0.45466 -0.59947 1.67341 -0.25772 -1.55541 -1.22154 -1.41085 -0.21955 0.48390 -1.22821 0.72357 -0.00206 2
1.44270 1.19142 0.06699 -0.40180 1.00114 0.38794 -1.06349 -1.00397 1.03837 -0.51490 0.34940 -0.65539 1.28070 -0.46720 -0.62389 -0.20516 -0.35895 -0.85684 -0.02592 -0.52918 1.08114 -1.21938 0.35569 -0.72268 1.46956 0.00329 -0.93884 1.10348 -0.68306 -0.61743 1.06606 -1.40934 2
1.15439 0.14443 1.02807 -0.68520 1.48604 0.30110 -1.53887 1.38863 0.74664 -0.65735 0.32599 -0.23512 0.48679 -1.26086 -0.15134 2.25510 1.25673 -0.82226 -1.10670 -0.94050 -1.71097 0.02043 0.82670 0.19523 0.59093 1.84053 1.59528 0.95045 -1.32254 0.60415 0.19053 1.40521 2
0.80002 -0.33548 -0.04081 1.24767 1.68056 0.04922 0.53753 0.82796 -0.12347 -0.46195 0.87258 0.68067 1.30749 -1.64988 1.40694 0.03436 0.53030 -0.78202 0.47258 0.60640 -1.10401 -1.21938 1.50670 1.31772 1.06305 -0.60912 0.97890 -1.51839 0.70998 -1.22821 -0.37437 -0.70570 2
1.55249 -1.39062 0.14409 1.05200 1.11995 -0.62329 0.27740 -0.68831 -0.14529 0.47600 0.20635 -0.12262 -1.60022 -0.83402 -0.42334 0.92519 -0.98663 -0.00279 0.87656 -0.31143 -0.47264 0.02043 0.32449 0.60440 1.27226 -1.22154 1.67909 1.20169 -0.81539 0.60415 1.18614 1.40521 2
-0.99661 -0.07241 -0.50701 -0.69420 -0.14221 -0.99788 -0.37069 -0.66429 -0.75951 -0.35156 0.37833 -0.24429 -1.66564 -0.71332 0.45643 -0.81191 0.80282 -0.90201 -1.00284 0.59239 0.00169 0.02043 -0.37332 1.63890 -0.02390 0.00329 0.49320 1.54336 -1.30567 -1.22821 1.27993 -1.40934 2
1.11461 0.32222 4.32362 0.14397 0.28044 1.17025 0.69078 0.07331 0.39995 -0.45549 -1.17178 0.34243 -1.17871 0.14242 0.68477 -0.96098 -0.80046 -0.26862 0.73383 1.26794 -0.69949 -0.59947 0.19491 0.33072 0.71752 -0.60912 1.67449 1.07648 -0.07110 -0.00664 -1.38238 1.40521 2
0.40574 1.03791 -0.44533 -0.28830 1.15509 -0.39124 -0.13733 1.26183 -0.43968 -0.81638 0.97291 -0.66749 0.06006 0.81426 2.07361 -0.11527 -1.25117 0.33962 -1.30327 -1.68373 -1.41393 1.88014 0.99024 1.51771 0.81576 -0.60912 1.12795 -0.57770 1.10145 -0.00664 -0.03094 1.40521 2
-0.78204 -1.37537 -0.55656 0.56757 -0.11061 -0.81243 0.60402 0.51888 -0.46264 -0.13800 0.18913 -0.69962 0.98031 0.35112 -0.47080 0.04040 -1.09660 0.30562 -0.14199 -1.71691 -0.01724 1.26024 1.60720 -0.78754 -0.61605 0.00329 -1.60783 1.62593 -0.40767 1.21494 -1.43899 1.40521 2
1.05373 -1.15755 0.02340 -0.08095 0.33668 -0.59811 -0.34714 -0.06721 -0.63050 -0.08888 -0.71447 0.11831 0.35694 0.02940 -0.54819 5.40784 0.04747 -0.94827 0.92895 0.07763 -0.84642 -0.59947 -1.73168 0.90276 -1.08077 0.61570 0.10326 -1.50585 -0.13685 -0.00664 -1.20388 -0.00206 2
0.05490 0.41289 -0.24876 -0.71638 0.80406 1.70793 -1.05743 -1.43936 1.30082 -0.35008 0.34946 -0.45516 -0.70697 0.21736 -0.64172 -0.66126 0.76304 -0.64223 -1.26259 -0.96117 -1.65543 0.02043 -0.02552 1.38211 -1.43774 -1.22154 -1.66307 0.66766 0.11559 -0.61743 0.07548 -0.00206 2
0.27269 -1.23431 0.65496 -0.36624 -0.66196 2.73285 -1.47731 -1.68894 -0.11999 -0.21938 -1.54376 -0.90343 -0.98824 -0.77657 -0.47839 1.81773 -1.57465 -0.59649 -1.04865 -1.71627 0.85453 0.64034 -0.40330 1.29182 0.27390 0.00329 1.43697 -1.25031 -1.34395 -0.00664 -0.27300 1.40521 2
-1.28229 0.26549 -0.72454 -0.87157 -0.46436 -0.63868 0.37222 0.60522 0.31487 -0.92524 1.01785 0.87164 -1.11959 0.60776 -0.88979 -0.53473 1.30385 -0.87812 -0.30999 -1.61859 1.52589 0.64034 -0.00267 -0.84978 0.29914 -1.22154 0.20199 1.04397 1.12324 -0.00664 -1.58730 -0.70570 2
-0.81587 1.50321 -0.48202 -0.68168 -0.42803 -0.91302 -1.72474 0.90676 -0.03790 -0.67883 -1.54022 -0.20430 -0.50379 0.33794 -0.70733 -0.84169 0.03785 -0.70603 -1.89923 -0.83140 1.63307 -1.21938 -0.78647 -0.08291 0.45778 1.22812 0.66462 -0.75733 -0.63749 1.21494 -0.73297 -0.00206 3
-0.53938 0.86387 -0.12146 0.74849 1.08592 0.03337 -0.37661 -0.53910 1.22933 -0.83706 0.00476 -0.85233 0.10041 1.72265 -0.08423 -0.59427 0.31879 -0.88496 0.58298 1.45347 -0.09672 -0.59947 -1.69434 -1.03438 0.85313 0.61570 -1.25864 1.50693 -0.55921 -0.00664 0.32098 -0.00206 3
-1.59438 1.40532 0.02231 -0.25903 -0.42045 2.58985 0.70634 0.60032 -0.57640 -0.59680 -0.89013 0.54408 -0.10378 -0.68524 0.48215 -0.21348 1.46498 -0.44251 0.11285 -1.06342 -1.00994 -1.21938 -1.41053 0.37525 -1.55150 -0.60912 -0.46151 0.62516 -1.42969 -0.61743 -0.66944 -0.70570 3
-0.73949 -0.77222 0.59018 -0.32829 -1.59334 -0.91826 0.35266 1.60285 -0.70539 -0.73630 -1.63439 -0.26609 0.05770 -1.28343 -0.80772 -0.21585 1.56913 -0.75125 -1.83015 -0.65954 -1.54439 0.64034 1.62916 -0.88896 0.49917 0.61570 0.60807 -1.13747 -0.69918 -1.22821 1.43214 0.70158 3
-1.16785 0.25641 0.53933 -0.37601 -0.43340 -0.33552 1.52532 -0.75180 -0.75728 -0.91612 0.22829 0.02876 0.42066 -0.78568 3.09282 1.29710 1.73328 -0.49599 -0.34570 -0.49161 -1.03748 0.02043 -0.17404 1.62599 -1.49549 0.00329 1.39408 -1.63901 1.35840 2.43652 -0.98455 1.40521 3
0.69248 0.40287 -0.46442 -0.20711 -1.44991 -0.17171 0.50256 -1.15675 1.19562 -0.03501 0.83178 -0.36238 0.36468 -0.59819 -0.01412 -0.84183 -0.88964 -0.22233 -0.28327 0.19991 -0.98786 -0.59947 0.42626 -1.07623 -0.34758 0.61570 -1.13010 0.84733 1.07274 -1.22821 -1.16662 -0.70570 3
0.58375 1.64075 -0.57058 -0.03377 1.63490 -0.76172 0.48444 1.57539 -0.92699 -0.49861 0.87817 1.79734 -1.06899 0.18229 -0.40646 -0.51065 1.08055 -0.77556 0.84796 1.27385 -1.70792 0.64034 -0.31618 0.71137 1.22941 0.61570 -1.23909 1.02236 0.13405 -1.22821 -0.68659 0.70158 3
0.40912 -0.12295 -0.25091 -0.66821 -1.03058 -0.47421 0.25904 -1.18238 -0.90570 -0.94758 1.63247 0.09253 1.00671 -1.52657 -0.13989 3.47523 1.53081 0.46472 -0.96299 -1.70792 1.37949 -0.59947 -1.72817 -0.05383 -1.61006 -0.60912 -0.32829 -0.12691 0.82902 0.60415 1.18479 0.70158 3
1.24518 -1.40697 -0.46058 -0.88692 1.27001 -0.62496 0.65421 -0.17754 -0.99434 -0.75424 0.23460 0.59064 1.72789 0.25297 1.11159 2.39371 1.11859 -0.31830 1.06328 0.33304 -0.37790 0.64034 -0.32726 0.80321 0.88764 -1.22154 -0.16875 -0.17220 -0.34361 0.60415 -0.35058 -0.00206 3
-0.93909 1.66880 -0.50965 0.16326 1.19835 2.41797 -0.31446 -0.84998 -0.63898 -0.62325 -1.08031 -0.85748 0.23155 -0.30017 0.09772 -0.42721 0.10896 -0.50004 0.48050 0.68059 0.13171 -0.59947 0.53018 -0.28473 -1.11537 -1.22154 -0.18632 1.17487 0.89206 0.60415 1.49027 -0.00206 3
0.24101 0.03906 -0.84242 -0.98100 -0.55442 0.81986 0.75873 -0.05628 -0.39695 -0.32526 -1.51763 -0.55874 0.23962 -0.07406 -0.13082 -0.86252 0.46761 -0.53732 1.31847 1.37888 -0.14272 0.02043 -0.67538 -0.71647 -0.08327 0.61570 -0.42654 -1.67161 1.44665 -0.61743 1.28677 -0.70570 3
-0.40281 -0.78569 0.14789 1.29169 1.05274 -0.21612 -0.47157 -0.25786 -0.52336 0.91622 -0.91323 -0.63480 -0.76043 -0.23471 0.67005 -0.35914 0.82135 0.53593 -0.94469 0.56250 -1.07609 0.02043 0.38835 0.60746 -1.61932 0.00329 1.22417 1.13251 1.27892 -0.61743 1.12107 -1.40934 3
0.58649 0.05701 -0.82825 -0.78920 1.67247 -0.20264 0.39494 1.10835 -0.26028 -0.77684 -1.68255 -0.49085 -0.09114 0.98668 -0.51164 -0.99343 1.21416 0.54856 -0.80157 -1.25913 -1.38653 1.26024 -0.38174 0.36622 0.84073 0.61570 0.03004 0.75402 1.05006 0.60415 0.89039 -0.00206 3
0.15034 1.59965 -0.35414 0.97239 0.62859 -0.17864 0.65004 -0.39262 -0.72627 0.22976 -1.40936 0.10838 1.45428 0.88132 -0.65660 1.61875 -1.52061 -0.37193 -0.59584 0.40277 1.50088 -0.59947 0.28293 -1.39773 1.30053 -1.22154 -0.63320 -0.73000 0.83119 -0.00664 0.79651 -0.00206 3
0.06822 -1.04560 0.08034 -0.93172 -0.53055 1.13294 -1.57021 1.31713 0.83113 0.19142 -0.09556 0.11772 1.20303 -0.03886 -0.69861 0.10445 -0.78233 -0.49809 0.07698 1.23623 -0.25432 -1.21938 -1.33115 -0.85856 0.50970 -1.22154 -0.46094 1.08806 0.33849 -0.00664 -1.04524 -0.00206 3
0.23940 1.41821 -0.66759 -0.30318 0.14322 -0.50556 0.96625 1.69425 -0.72322 -0.82315 1.24813 1.09383 -1.23105 1.60213 -0.49661 -0.54895 0.25356 -0.71237 -0.56829 0.96178 -1.14295 -1.21938 -1.53531 -0.26617 1.49758 -0.60912 1.67453 1.46803 -0.94691 1.82573 1.53216 0.70158 4
0.52047 -0.47365 -0.88266 0.57513 0.79486 0.27484 0.87177 -1.53710 -0.61967 -0.41556 0.19963 -0.27146 -0.52986 1.23346 0.29789 0.99404 -0.39916 -0.50658 -0.56657 1.03859 -0.77870 1.26024 0.20183 1.39663 0.88031 -0.60912 0.01703 -0.48751 0.50111 -1.22821 -0.90461 -0.00206 4
0.18898 0.34902 -0.17948 -0.25460 -1.64719 0.09310 -0.55009 1.68927 0.12770 0.77840 1.62473 0.02872 1.49562 -1.25740 0.67941 -0.73869 1.23855 0.84765 -0.56489 -1.27508 -0.12739 -0.59947 -0.21846 -0.59400 -0.28552 0.61570 -0.18513 -0.00960 -0.35523 -0.61743 -0.33815 -0.70570 4
-0.96311 -1.17652 -0.22005 0.57300 -0.70425 0.43945 -1.68444 1.57336 2.15825 -0.70251 -0.24842 -0.28524 -0.96989 1.17756 -0.85192 -0.16297 1.46170 -0.68396 -1.63033 -0.07526 -0.50968 -0.59947 -1.52031 -1.62165 -0.55736 -1.22154 -0.66352 -1.71080 -1.25047 -0.61743 1.74954 -0.70570 4
0.86066 0.05863 -0.94916 1.42008 -1.56095 0.09844 0.00185 1.14992 -0.87907 -0.69158 0.59873 -0.80447 -1.46360 -1.35168 -0.15886 -0.76256 -0.34852 0.56066 1.20984 -0.60284 0.04866 -1.21938 -0.61142 -1.34573 1.61789 -1.22154 0.98582 0.16830 0.91680 0.60415 0.78000 -0.70570 4
-0.37200 1.44274 -0.76958 0.42424 -0.48376 -0.80090 0.06115 0.91623 -0.82049 -0.20953 -0.77164 -0.32335 -0.62605 -1.71364 0.27662 2.84194 0.42722 0.27111 0.68336 1.49420 -1.02153 0.02043 1.19538 1.48342 0.82872 -1.22154 0.99568 0.03693 1.65897 1.21494 1.28263 -0.00206 4
1.19511 1.17423 -0.85889 -0.83567 0.60662 -0.30154 -1.73337 1.20314 -0.95024 -0.93586 0.49500 -0.70723 -0.96782 0.13783 0.98731 0.07421 -1.01425 1.20239 0.62778 -1.31882 -1.14498 0.64034 0.70066 1.05230 1.38995 -0.60912 1.43686 -1.43930 1.64102 -0.61743 -0.36534 -0.70570 4
-0.11411 1.72880 -0.93310 0.31585 1.73946 1.49078 -0.78351 -0.34818 -0.85399 -0.21426 -1.14821 -0.97061 -0.06451 -1.09342 -0.63449 -0.69486 -0.25185 1.22640 0.30995 0.50521 0.86090 0.64034 0.16359 -0.86809 -0.77036 0.00329 -0.63980 0.10144 -1.36943 -0.00664 0.64019 -0.70570 4
-0.24616 1.02788 1.31339 -0.09875 0.78682 -0.38232 1.31521 -0.67772 -0.92814 2.93199 1.55881 -0.75905 -0.66791 -0.93665 1.33511 -0.85159 -0.36133 1.54656 1.40090 0.60254 -1.56212 -1.21938 -1.23157 -0.88007 -0.34671 -0.60912 -0.56090 -1.30627 0.88484 -0.61743 -0.26499 -0.00206 4
-0.76731 -1.55553 -0.88548 -0.64927 -0.97418 -0.88519 1.55944 -0.39380 -0.21343 0.07901 0.75791 1.81247 -1.32771 -0.87273 -0.57537 0.09449 -0.08167 -0.78326 1.62883 -1.15638 0.27255 0.64034 -1.08537 -0.11548 -1.66938 0.61570 -1.58122 -0.15526 0.94572 0.60415 1.06415 -0.00206 4
0.99687 -1.71805 -0.85910 0.62605 1.27511 -0.99412 -1.69844 1.34122 -0.26920 -0.36387 0.65011 1.04513 -0.42486 -0.69419 2.24233 -0.09228 0.19993 -0.83374 -1.03250 -1.14299 -1.36750 -1.21938 -0.26145 -1.51737 -1.53158 1.22812 -1.13757 1.17438 0.38306 0.60415 0.19640 -0.00206 4
-0.73713 1.72534 0.68322 -0.85827 0.29495 -0.74041 -1.26517 1.10872 0.15857 1.32479 1.32769 2.67461 -0.76554 1.51756 0.14271 -0.71725 -1.38014 -0.88653 1.21906 -1.69968 -0.93168 -1.21938 0.39568 -0.17191 -0.52036 0.00329 -1.68592 -1.11900 1.35105 -0.61743 0.64869 0.70158 4
-1.61566 -0.38149 -0.85411 0.42308 0.47902 -0.28195 -0.70486 1.45566 -0.21229 -0.86140 0.38105 -0.06908 -1.49359 -0.27904 0.87152 0.22356 1.61260 3.22659 1.33722 -0.05563 0.92423 0.64034 0.98999 0.24984 -1.71998 0.61570 1.60696 -1.11565 -0.23777 -0.61743 -0.90242 -0.70570 4
1.01231 0.38014 0.93844 0.96128 -1.21091 -0.17320 -1.08168 1.11036 -0.69333 -0.44068 -1.44696 -0.40370 0.90029 1.49787 -0.22909 -0.23398 -0.46698 -0.88981 -0.16497 0.02438 1.55786 0.02043 -1.39845 1.15662 -1.02812 -0.60912 -0.32323 -0.48924 -1.29891 -0.61743 1.23273 -0.70570 4
-0.19760 1.31883 -0.76273 -0.55194 1.45867 0.31008 1.53882 -0.11526 2.96325 -0.97481 -1.37016 1.85160 -0.70050 0.73897 2.82884 0.00404 1.11733 -0.88659 1.46232 -1.41626 1.51417 1.26024 0.00080 -0.80908 1.45850 1.22812 -0.41995 1.46987 -0.84303 0.60415 0.56504 1.40521 4
-0.83010 -0.15779 1.36795 -0.79926 -1.36417 0.95708 0.34231 0.39921 1.37927 0.68205 -0.13120 -0.86383 0.93987 0.40257 -0.73388 -0.02156 -0.58371 0.37381 0.48730 -0.16215 1.33034 -0.59947 -1.52411 -1.04333 1.16438 -1.22154 0.24194 0.01303 -1.04389 -0.00664 1.68963 -1.40934 5
1.23936 0.00407 -0.31566 1.28071 1.13611 -0.96082 0.29982 -1.09895 -0.93815 4.01176 0.82886 3.86657 0.47790 0.53920 -0.96039 -0.67639 -1.08830 -0.19108 1.22743 -0.86610 1.47683 -0.59947 -0.55576 1.11449 -1.56957 0.61570 1.13616 0.27584 -1.07847 2.43652 -0.49530 1.40521 5
-0.36054 0.98160 0.66473 0.77222 -1.65176 0.32349 1.43993 -1.23186 -0.60648 -0.81795 -1.35425 0.38972 0.55253 -1.05221 0.44243 -0.82113 1.48768 -0.64318 0.25450 -1.67312 0.05664 -0.59947 0.37640 0.05147 -0.05508 -0.60912 -0.81986 0.79099 0.60100 -1.22821 -0.39405 -1.40934 5
0.81047 -0.81557 1.39850 -0.74668 -1.49781 -0.41797 1.32585 -1.49277 -0.45861 -0.23514 0.79322 -0.57980 1.19327 -0.16672 0.39596 1.03591 0.62720 1.39031 1.69567 0.92333 -0.55139 -1.21938 -1.58068 0.86713 0.80642 -0.60912 0.93865 -1.02154 -0.65869 0.60415 0.83896 -0.70570 5
0.03995 -1.42741 -0.86249 -0.81533 0.33901 -0.68031 -1.38225 1.62709 -0.87483 -0.37793 0.15925 2.97834 -1.22528 -1.65801 -0.29655 -0.96280 -0.74813 -0.01111 1.70339 1.69484 -1.41535 0.02043 -0.07248 0.49377 0.29824 -0.60912 0.89818 0.07586 -0.56882 -1.22821 0.40633 -1.40934 5
-0.95542 -0.32705 -0.58035 2.11309 1.08524 1.49210 1.72133 1.27148 2.29309 -0.29291 0.23681 2.34129 -1.56533 -0.68318 -0.84192 -0.76187 -0.58859 1.13129 0.72952 0.01373 -0.49339 -1.21938 -0.96073 1.73036 -0.12076 0.00329 0.92492 -1.20042 1.32747 0.60415 -1.40133 -0.70570 5
-1.67257 1.56012 0.74974 -0.57957 -0.67651 0.71761 0.94834 0.11751 0.43182 -0.40221 -1.44646 0.03581 -0.00579 1.35282 0.33082 0.80173 0.04793 1.45178 -0.84263 1.64180 0.27715 -0.59947 0.25021 1.59490 -0.93997 -1.22154 -1.64981 -0.34431 -0.24865 -1.22821 0.82537 -1.40934 5
-1.06942 -0.88526 -0.52973 -0.05116 1.23517 0.25595 -0.23476 1.32188 -0.73097 -0.05112 -0.46477 2.64723 -1.41038 -0.78612 -0.67568 0.05199 -1.52038 0.78338 -0.04738 0.22524 1.10868 1.26024 -1.72020 -0.97929 -1.66144 0.00329 -0.80943 -0.53768 0.69840 -0.00664 1.59172 -0.00206 5
0.29324 1.66094 -0.89094 -0.70596 -0.39438 0.60907 1.50787 1.07082 0.00370 -0.85133 0.52405 1.64383 1.43006 1.53966 -0.81916 -0.53339 0.27007 -0.42288 -0.93788 -0.87425 0.19737 1.26024 0.50721 -0.20901 0.91728 0.61570 0.95619 -0.04395 -0.93901 0.60415 -1.34437 1.40521 5
-1.15033 0.18212 -0.77624 -0.52071 1.13023 -0.40867 -0.26663 1.56929 2.34507 0.15001 -1.10863 0.42279 -1.01819 0.98423 1.35505 -0.36706 -1.06440 3.20004 0.27574 0.96396 0.73127 -1.21938 1.35572 0.21694 0.93806 0.00329 0.26797 0.12972 1.50775 -0.00664 -1.27032 -1.40934 5
0.88361 1.59742 -0.47094 -0.94034 -0.00089 1.80800 -0.49725 0.49826 0.04833 -0.07228 -1.71253 1.64143 0.06471 0.38615 -0.16624 -0.30556 -0.42095 -0.38365 0.58680 -1.50067 -1.07023 0.64034 -1.52601 1.59251 0.63098 1.22812 0.53729 0.15721 -0.15834 0.60415 -1.58803 -0.00206 5
-0.34234 0.59266 0.34035 -0.78856 0.84299 -0.84761 -0.32729 -0.95442 -0.63721 -0.86592 -1.19506 0.51108 0.92811 0.82597 -0.70427 2.86769 0.42888 -0.26725 -0.49803 -0.41241 0.70720 0.02043 -0.94096 1.48266 1.63436 0.00329 -1.38922 0.43035 0.50742 -0.61743 0.47035 -1.40934 5
-0.11084 0.50921 0.05072 -0.79858 -0.32112 -0.91349 1.31002 1.71277 -0.81662 -0.88869 -0.84862 1.84444 0.37569 -1.27102 -0.93377 -0.43005 0.26875 0.17534 1.32788 -0.73117 -0.66424 -0.59947 -1.06545 1.33356 1.05125 -1.22154 -1.53117 -0.50170 -1.36496 -0.00664 0.00588 -1.40934 5
1.42746 -0.34083 1.38738 -0.59060 -1.48887 -0.23218 1.40356 1.50004 0.45038 -0.15806 0.48083 2.98775 -0.06903 0.77031 -0.16246 2.07848 -1.30940 0.14071 -0.30105 0.72853 -0.38926 0.02043 -1.22296 -0.76773 -1.35845 0.00329 -0.25061 1.32240 -0.18678 -1.22821 0.89353 -0.70570 5
0.69597 -0.47139 -0.47281 -0.72088 1.20304 1.13563 -0.32885 -0.60361 -0.91376 -0.05767 1.63841 -0.62825 -0.53809 -1.41064 0.36365 -0.72543 1.72474 0.72068 -2.19299 0.90643 -0.85336 -0.59947 -1.61935 0.44334 0.67266 1.84053 -1.23594 1.51167 -0.15922 -0.00664 0.38470 0.70158 5
