0.78862 -1.19357 2.75294 -0.73099 -1.07951 -0.73699 1.10683 -1.34873 -0.10295 0.07109 0.44710 -0.89385 -0.29598 -1.14027 2.36778 -0.55717 0.31926 -0.66616 1.21576 -0.04109 -1.41379 0.02043 -0.25260 0.91943 -0.75328 -1.22154 -0.83886 -0.04965 -1.54325 -0.00664 -1.29081 -0.70570 1
0.54255 1.62906 0.66455 -0.89697 0.48194 0.20121 -1.10515 -0.60077 -0.66160 0.12393 0.97496 -0.62246 -0.64191 0.35998 -0.92170 -0.14020 1.72780 -0.73147 0.38657 0.11988 1.66728 1.88014 1.70042 1.37853 -0.82034 1.84053 -0.69328 -1.47480 0.53140 -0.61743 -0.76636 0.70158 1
-0.14070 -1.36540 2.08312 -0.79837 -1.18390 -0.57408 1.65440 0.12163 2.24149 -0.92587 0.49431 -0.81465 0.02822 0.43078 -0.65900 -0.68285 0.03330 -0.03902 0.59252 -0.86397 1.11899 1.88014 -1.56399 0.22838 -1.49888 1.22812 1.69730 1.11733 -0.07316 0.60415 0.78524 0.70158 1
1.46420 -0.00859 -0.85590 -0.98785 -0.85650 0.47092 -1.01406 0.60707 2.34520 -0.18600 -0.72050 -0.98227 -0.46894 0.15024 0.36546 0.63563 -0.16291 -0.75491 0.26530 0.27395 1.48164 0.64034 -0.69678 -0.82373 0.90262 -0.60912 0.96594 0.11109 0.22633 -0.00664 1.16687 0.70158 1
-1.16573 -1.20848 0.26042 -0.60348 -0.59008 -0.96984 0.20485 -0.83001 -0.15052 -0.10833 1.03362 -0.72700 -0.83137 -1.31757 -0.15884 -0.48340 -0.84631 0.23970 -0.94313 -1.38263 0.44280 -0.59947 -1.70301 1.34160 0.58525 0.00329 0.76942 1.08574 1.35180 -1.22821 -1.38704 -0.00206 1
1.35892 0.44906 -0.92171 -0.79588 -0.54496 0.30785 -0.70049 1.37028 -0.34378 -0.40405 0.85199 -0.25104 0.03560 -0.49281 1.20749 -0.57981 -0.53291 0.09676 -0.99008 -1.48056 1.68148 -0.59947 1.33479 0.68841 1.64247 0.61570 -0.78619 0.24462 -0.31096 -1.22821 -0.50510 0.70158 1
-0.32568 0.01307 -0.18978 -0.63680 1.10199 0.15027 0.93225 1.55220 0.02414 -0.83783 1.41005 -0.95499 -0.73683 -0.94558 -0.64364 -0.32706 -0.33532 -0.63826 0.70460 -0.23560 -1.68237 0.02043 -0.98751 1.25633 -1.05807 1.22812 0.81608 0.42590 0.62981 1.21494 -1.20750 -0.00206 1
-1.63052 -1.09953 -0.72684 -0.07675 1.07348 0.07270 0.75372 -0.44190 0.34090 -0.26859 0.36526 -0.22088 0.37567 0.64659 -0.31881 -0.36516 0.99920 0.12415 -0.03998 0.41314 1.16702 1.26024 1.20831 1.03440 -0.36995 0.00329 0.26052 0.93629 1.56119 0.60415 -1.14120 0.70158 1
0.11455 0.22904 -0.90010 -0.99668 1.73265 -0.93800 -1.17140 1.28582 1.20974 -0.61550 1.26620 -0.96519 0.38963 1.28579 -0.50838 1.19510 -0.88968 -0.75803 0.25580 -1.23283 0.07307 -1.21938 0.76063 -0.31310 0.22959 0.61570 1.68816 -1.02335 0.12103 -0.00664 1.37528 1.40521 1
0.48959 -1.48150 -0.72962 0.35337 -1.10049 -0.98838 -1.32791 -0.50302 1.16377 0.03874 -0.00542 -0.50341 -1.30083 -1.27784 -0.90084 -0.99311 -0.79235 -0.79025 -0.24908 -0.76617 -0.16636 -1.21938 -0.05949 0.50054 1.58076 0.61570 -0.17990 -1.42592 -0.44754 -0.61743 -0.32367 -0.70570 1
-0.67941 1.54013 0.16426 0.48819 -0.83533 -0.22150 -0.62437 0.47536 2.49414 -0.50081 -0.54322 -0.76711 -1.70365 -0.01228 0.49171 -0.70844 -0.18200 0.92075 -0.43624 1.30549 -0.60642 -1.21938 0.29288 0.63394 -0.37323 0.00329 -1.21602 0.63816 -1.34833 0.60415 -0.82626 1.40521 1
0.64092 0.70063 -0.24028 -0.41002 0.62685 0.89504 0.66829 -1.51853 -0.63388 0.10847 -0.71709 -0.43839 -0.47496 0.09868 -0.51084 0.27548 -0.15574 -0.82991 -0.59676 -1.43384 -0.02719 0.02043 -1.44923 0.85882 1.52751 0.00329 1.24545 -1.29449 0.38391 -1.22821 -1.12767 -0.70570 1
0.53962 -0.68481 1.05652 -0.89265 0.14403 0.28690 0.54172 1.31637 -0.27347 -0.22483 1.06137 -0.59748 0.74314 1.24439 -0.90956 -0.62260 1.62343 -0.33664 0.44074 -0.47790 1.15423 -0.59947 -0.60597 1.16885 -0.08824 1.22812 0.39810 0.92288 -0.25430 0.60415 0.28752 0.70158 1
-1.65013 -0.08942 -0.84338 1.20242 0.10977 -0.69829 -1.38609 -1.40728 -0.77208 4.65274 -1.13647 -0.91369 -0.15576 -0.50814 -0.68413 1.02808 1.57786 -0.44038 1.27089 0.03284 0.61520 1.26024 -1.52872 0.52527 1.64410 -1.22154 0.64709 -1.72554 -1.27904 0.60415 1.08813 0.70158 1
0.42392 -0.36894 -0.75873 -0.32885 -1.35809 -0.90385 0.63423 0.56072 -0.33586 -0.74441 1.39701 -0.37609 -0.14082 -0.63701 -0.52089 0.63981 -1.29851 -0.86531 -1.06142 1.42533 0.47810 0.64034 1.26154 -0.51046 -0.67520 -1.22154 0.69365 1.65124 1.52395 1.21494 -0.25298 0.70158 1
0.76434 -0.10345 -0.87310 -0.98468 0.74549 -0.57542 0.66165 0.40992 0.38092 -0.71112 1.55053 0.53620 -1.62677 -1.21335 -0.46103 -0.70588 -0.82747 -0.45349 0.05478 0.61500 0.78292 0.64034 0.76843 1.54174 -0.86122 0.61570 0.43901 -0.09231 -0.36314 0.60415 0.62790 1.40521 2
-0.72917 -0.11517 -0.12782 2.73220 -0.02798 -0.33744 -0.80709 1.08836 -0.85521 -0.84986 -1.48126 -0.76569 0.82711 0.07009 -0.05613 0.60293 0.24649 -0.37756 0.62583 -1.05443 1.51110 0.02043 0.31304 -0.40805 -1.17492 1.22812 -1.52225 -1.44523 -0.58968 1.21494 0.27972 0.70158 2
0.28641 -0.45034 0.10848 1.09951 1.64309 0.45079 -0.30490 0.25195 -0.96342 0.01695 0.06549 -0.47263 -1.02206 1.65072 -0.20422 0.84280 1.67870 -0.89022 -1.15020 0.69913 1.54498 -0.59947 -0.22732 0.30246 -1.41341 0.61570 1.41131 -0.13216 0.58411 1.21494 -0.42237 -0.00206 2
1.28286 0.61541 -0.17723 -0.51965 1.45676 -0.77295 1.28720 -0.29739 1.78842 -0.45318 1.74558 -0.19539 0.25339 -1.48740 -0.99437 -0.87371 1.68236 -0.74396 1.03627 -1.65825 0.88199 -0.59947 1.14507 -1.59352 0.04505 0.00329 1.06305 1.28486 1.31519 -1.22821 0.86547 -0.00206 2
-1.16176 -1.49071 0.37885 -0.94606 0.81491 1.53458 -0.70720 0.79773 1.74660 -0.87814 1.74475 -0.88420 -0.30498 1.27773 -0.86184 -0.78149 0.15157 -0.87901 1.23510 1.30662 0.85519 0.02043 1.50981 0.94802 1.71395 0.00329 -0.64807 1.67352 -0.87664 1.21494 1.72941 0.70158 2
1.40902 -1.37749 1.06008 -0.58732 1.53654 -0.81165 -0.17885 0.57194 -0.84441 0.45433 -0.90198 -0.98523 -1.22437 1.69534 -0.04577 1.65459 0.65357 0.09067 -0.17497 -1.58644 -0.65494 0.02043 1.57547 0.28329 -0.81229 0.61570 1.66392 0.17473 -0.97108 0.60415 1.52347 -0.00206 2
1.38617 -0.83513 -0.31997 0.44983 1.27981 -0.50316 1.22524 1.70879 -0.76486 -0.55536 0.26041 0.84357 0.88143 -1.34972 -0.81496 -0.77513 1.36751 -0.94459 1.88775 -0.98156 0.06144 -1.21938 0.72296 -1.54326 -0.85754 -0.60912 -0.63748 -0.63926 -0.11207 -0.61743 0.80395 0.70158 2
0.70298 -0.15695 -0.44395 -0.38639 -1.66662 -0.76162 0.85477 -1.72360 -0.43896 1.40006 -0.33937 -0.09116 -1.41684 -1.07555 0.53744 -0.88027 1.12016 -0.62209 0.27764 -1.69425 -0.03858 -1.21938 1.70344 1.35711 -1.45979 -0.60912 0.70104 1.11479 -0.35151 -0.61743 -0.61877 -0.70570 2
-0.62729 -1.28795 3.09658 0.48980 1.11525 0.19209 0.78119 0.20823 -0.32207 1.92136 1.47556 -0.54477 1.27746 -1.01620 -0.92261 -0.81879 -0.35530 -0.76111 0.56748 0.38001 -0.65128 -1.21938 0.06793 0.43167 1.42193 1.84053 0.30387 -0.15465 -1.01746 2.43652 -0.00613 1.40521 2
-1.50540 -0.90273 -0.82454 0.34635 -0.94575 -0.27245 -0.82909 0.59871 -0.45815 0.67919 0.72210 -0.78348 0.29513 0.13218 -0.16674 1.46470 -0.71240 0.53926 1.72982 -0.32787 0.91645 -1.21938 0.48659 -1.68220 0.05736 1.22812 -0.73049 -0.41123 0.71668 0.60415 0.97173 0.70158 2
0.44773 0.83898 1.32902 0.81752 -1.29740 -0.05232 0.46667 0.20440 0.46630 0.62034 -1.66972 -0.56880 -1.49221 -1.60619 -0.37124 0.39011 -0.20652 -0.64558 -1.23619 0.71973 1.46755 -0.59947 1.20428 1.44721 -0.95618 0.00329 0.69733 0.83367 0.55905 -0.61743 -0.89703 -0.70570 2
-1.07889 0.88917 0.73584 -0.24229 -0.80810 -0.97173 -1.35409 0.59113 -0.84980 1.93720 -0.51638 1.25767 0.32884 1.36467 -0.60027 -0.04659 1.29304 0.76452 1.58726 1.56264 0.98987 -0.59947 1.47001 1.40807 -0.56860 -0.60912 -1.17186 0.04219 -1.45276 -0.61743 0.23835 0.70158 2
0.19063 0.45681 2.04290 -0.77096 0.11399 1.54077 -1.11696 0.91126 1.11234 0.40272 0.38079 -0.56671 -1.14665 0.13734 0.04376 -0.17319 -0.54276 0.75953 0.54900 0.16318 0.07084 -1.21938 0.47571 -0.75942 -0.59852 -0.60912 1.43870 0.81980 1.19985 -1.22821 0.64460 -0.70570 2
-1.56996 0.54054 -0.83292 -0.80704 -0.40946 0.50583 1.39049 -1.51554 2.13718 -0.50207 -1.26323 -0.90198 -0.58625 -0.26480 -0.98706 -0.53534 0.11696 0.24807 -1.99716 0.88359 -1.60204 -1.21938 1.12477 1.36766 1.67897 -1.22154 -1.36013 1.01483 -1.32797 0.60415 0.68806 0.70158 2
-0.89931 0.39585 -0.71602 -0.20120 0.62085 -0.90241 0.64601 -1.28833 -0.40811 -0.68593 0.04396 0.29349 1.31289 -0.96120 1.31293 0.04936 -1.16553 2.58904 0.65609 -0.37623 -0.00426 -1.21938 -0.81997 1.26422 -0.59614 0.61570 0.69478 -0.91317 1.64871 1.82573 -0.29667 0.70158 2
1.07333 0.11736 -0.60949 3.66871 1.52473 -0.89316 -1.47899 0.75332 -0.07140 -0.65331 -0.28219 -0.86161 -1.25319 0.12899 -0.95572 -0.18777 -0.64051 0.33926 -1.76813 -0.35888 -0.43297 0.02043 0.50462 0.15827 -1.61072 -0.60912 -1.24313 0.26663 -0.94818 -1.22821 -0.99774 -0.00206 3
-0.56173 0.74906 0.83631 -0.80854 -1.56976 -0.58724 0.12994 -0.40229 -0.02955 -0.08955 -1.45201 0.06994 0.75644 -1.63971 -0.12188 -0.87715 -0.45379 -0.93855 0.28644 0.81911 -0.85323 1.26024 -0.52877 -1.60053 0.32042 -0.60912 -1.13113 0.31757 0.53797 -1.22821 1.26836 -0.00206 3
-0.37610 1.66415 0.20144 1.21473 -0.94640 -0.93279 -1.25837 -1.10173 0.30700 0.14463 -0.73185 -0.69802 -0.64840 -0.91165 1.96883 -0.93277 -1.48156 1.57723 0.08645 1.03172 -0.01116 0.02043 1.03518 1.36553 1.70888 -1.22154 1.68852 0.55053 1.44480 -0.61743 0.90100 -1.40934 3
-0.10012 0.87554 0.97509 -0.22434 0.70309 -0.42690 -0.83173 -1.14751 0.37327 -0.93167 0.48303 -0.59801 -0.17924 0.19663 -0.99237 -0.47542 1.39364 -0.07239 -0.57689 -1.37078 1.51040 0.64034 0.87310 -1.05791 0.52084 -0.60912 -0.96100 0.75299 0.00977 -0.00664 -1.46131 -0.70570 3
-0.38416 0.24384 0.06384 0.66783 1.45317 -0.91071 0.97518 -0.27905 -0.51546 0.88549 -1.71553 0.51833 -1.56217 1.33038 -0.39745 -0.54918 0.13608 -0.73316 1.04152 -1.64993 -0.78322 -1.21938 0.75730 -1.19920 1.35050 -1.22154 0.68086 1.69541 1.70362 -0.61743 0.10375 -1.40934 3
0.02810 -0.62582 -0.45735 -0.91818 -0.54532 -0.85203 -1.50758 0.91098 3.18138 -0.38359 0.90006 1.36731 -1.14917 0.82487 0.32236 -0.57770 0.53733 -0.27151 1.04735 0.46593 1.65966 0.02043 -1.16486 1.52599 0.43541 -0.60912 -0.17101 0.15923 0.87797 -0.00664 0.32521 0.70158 3
0.85488 0.03977 -0.67879 -0.86242 0.54416 -0.72797 -0.71509 0.51412 0.24876 0.64263 1.54444 0.85890 -0.38184 1.02849 1.68348 -0.98763 -1.15409 0.17807 -1.22437 -1.54357 -0.36641 1.26024 1.11467 -1.30732 0.93214 0.00329 -1.44679 1.36443 -1.26296 -0.61743 -0.00631 1.40521 3
0.80650 1.02345 -0.34455 1.49253 0.41300 -0.97707 -0.63719 0.60815 -0.41929 1.12969 0.89676 0.06886 -1.55456 1.15415 -0.30216 -0.58972 0.89646 -0.70359 -0.18580 1.62196 -0.94142 -0.59947 0.77306 -0.90694 0.94677 0.61570 1.29779 -0.00897 1.51910 -0.00664 -1.59756 -0.70570 3
-0.03293 1.21511 -0.51686 0.47972 -0.27532 0.36857 -1.08666 1.15827 -0.74828 -0.48979 -0.09861 -0.57047 -0.61762 -1.68197 -0.48131 0.95090 -0.39491 -0.22219 0.66016 -1.39676 -0.16139 0.02043 0.22204 1.48085 -0.35289 0.00329 -0.00947 -0.40034 1.42320 -1.22821 -1.56398 -1.40934 3
1.19129 -1.59803 -0.76289 -0.69996 1.43207 0.25403 -0.33475 -0.07947 -0.64483 -0.18423 -0.64618 -0.63927 0.37696 -0.69074 -0.71912 -0.26951 -0.09888 0.20020 0.70775 -1.08879 0.94003 1.88014 1.03870 0.86695 0.75136 -0.60912 0.65797 -1.55961 -0.10487 0.60415 0.41179 0.70158 3
-0.50063 0.80055 -0.24699 0.77778 -0.80858 -0.90418 1.33806 -0.08168 -0.97921 -0.57231 0.19756 0.21187 -1.52558 1.66325 0.05546 4.85449 -0.27670 1.36589 1.74820 -1.34707 0.57534 0.02043 -0.48280 1.39886 1.30608 -1.22154 1.32489 -1.30471 0.42347 1.21494 -1.45017 0.70158 3
1.23615 0.39271 -0.09471 -0.88387 1.25440 -0.01522 -0.13954 0.85553 0.35171 0.09075 1.43030 -0.10620 0.48460 -1.41541 0.91886 -0.73563 0.88470 -0.88744 -1.59823 0.94985 -1.20773 -1.21938 -1.60969 0.90420 0.58772 0.00329 -1.01194 0.60119 -0.94927 -1.22821 -1.01408 -1.40934 3
-0.46764 -1.68636 -0.88818 0.95469 0.04367 -0.06554 -1.12893 -0.18642 0.99443 0.09394 1.17753 -0.79906 -1.45473 0.98769 -0.80896 -0.94584 -1.48464 0.67277 -0.79954 -0.50206 0.52882 -0.59947 -0.56823 -0.00810 0.78448 -1.22154 -0.98716 -1.14269 -0.12611 -1.22821 1.51981 -1.40934 3
-0.69752 0.81845 -0.71848 0.57298 -0.85844 0.17558 -1.67125 -0.32002 1.45830 -0.89581 -0.70267 -0.76189 -0.79393 0.93327 -0.72771 -0.85346 0.33519 -0.79004 -0.30874 -0.33657 -0.84472 -1.21938 0.63346 -1.15734 0.11011 0.61570 -0.53791 0.51611 1.30203 0.60415 0.26980 -0.70570 3
1.48165 0.36176 -0.63373 -0.30996 -0.53333 -0.91867 -1.33609 -1.37079 1.38283 -0.96861 -1.20843 -0.21314 -1.44448 0.15411 0.89932 -0.43247 -1.68223 1.62273 -0.36489 0.55231 1.22785 1.88014 -0.92153 0.59466 -0.37228 2.45294 0.11363 -1.12894 1.65402 2.43652 0.40028 1.40521 3
-1.03474 -0.46613 -0.64412 -1.00051 1.22456 -0.61134 0.97700 -0.44835 2.69769 0.59072 0.62247 0.82076 0.87867 -1.36490 -0.94372 0.73514 0.71327 2.00675 0.55832 -0.27569 1.33070 -1.21938 0.51373 1.19548 0.83955 1.22812 0.11377 0.43575 -0.44846 2.43652 -0.30288 1.40521 4
-1.56001 -0.11861 -0.00519 -0.91984 -0.23469 -0.80338 0.90888 0.88793 -0.95494 -0.70351 1.20122 0.76723 1.64725 1.43982 -0.87005 -0.28253 -1.23935 0.98754 0.22315 -0.76470 -0.66698 0.02043 0.79430 0.08688 -1.28697 -1.22154 -0.21391 0.10291 -0.15705 0.60415 0.39235 -0.00206 4
-0.27922 -0.62643 2.03135 0.12309 1.71263 0.05964 -0.82021 0.36577 -1.00592 0.08704 0.98971 0.14476 -0.71416 -1.28505 0.55097 -0.47314 -0.67735 -0.05744 -0.66957 1.61899 -1.14665 -1.21938 -0.83600 -1.69663 1.31965 0.61570 -1.23235 -1.64133 -0.06229 1.82573 0.68954 0.70158 4
0.14044 -1.01806 1.91186 -0.74651 0.85103 0.13120 1.68016 0.20956 -0.32659 0.23286 -0.01210 0.12021 -1.62102 0.54916 1.15915 4.84171 -0.40644 -0.73110 0.47818 -0.98246 -1.23330 1.88014 -0.34927 0.18249 -0.95768 1.84053 0.97411 -1.40830 -0.08826 -0.00664 1.25916 0.70158 4
-1.70891 -0.17327 0.14338 -0.00407 -0.60632 1.12722 -0.22542 0.14476 -1.01750 -0.26491 0.00833 2.47781 -1.32004 0.81288 -0.81907 -0.53116 1.26291 0.76673 -0.32868 -1.30915 0.61392 0.64034 1.35990 -1.40768 0.66651 2.45294 -1.35060 -1.47237 1.52194 1.82573 0.98714 1.40521 4
-0.27657 -0.25972 -0.46982 -0.67862 1.55136 0.54662 1.43573 -1.60050 0.38892 2.87353 -0.91778 0.62797 -0.59962 -1.59424 0.51256 1.04349 -0.37102 0.30999 0.24832 -0.09048 -1.06689 -1.21938 1.71965 -1.30495 0.18649 -1.22154 1.34762 0.61147 -0.84089 1.21494 1.48711 -0.00206 4
0.69717 1.28478 0.97303 0.26103 -0.13385 -0.33480 -0.82527 -0.24916 0.31414 -0.80560 1.70052 0.31481 1.56944 1.34249 1.76201 -0.94186 0.86597 1.15284 0.08097 0.72193 -0.90178 0.02043 0.67561 1.17770 -1.24076 0.00329 1.73344 0.35211 -0.70250 0.60415 -0.15208 -0.70570 4
0.78451 1.17070 1.51367 3.30486 1.19397 -0.29921 -0.77886 -1.13631 -0.45209 -0.63763 0.52193 0.26143 1.20765 0.03031 -0.08862 -0.79378 0.16084 1.45153 -0.70828 -0.58748 0.86701 0.64034 -0.62601 0.36792 0.60664 0.00329 1.27214 -1.33622 -1.04036 1.21494 -0.41617 -0.00206 4
0.41753 -1.04752 -0.67135 -0.62896 -0.85225 1.97302 0.29245 1.20612 0.39842 -0.47632 0.84173 -0.62398 -0.23073 -0.36376 -0.07864 0.01840 0.25834 1.21553 0.63745 1.14549 0.44458 0.02043 -1.25949 1.27416 0.15085 0.00329 -1.46159 -1.17805 0.68957 -0.00664 -1.20901 -1.40934 4
-1.16684 -0.48605 3.64463 2.95897 0.50064 -0.63721 -0.38764 1.73250 1.19134 -0.61280 0.70553 1.08779 1.62425 0.41484 -1.00569 0.95843 -1.59046 -0.41382 -0.09643 -1.47287 0.72187 -1.21938 0.84107 0.13239 1.38611 0.00329 0.18312 0.27304 -0.82646 -1.22821 0.61140 -1.40934 4
0.01139 -0.58421 1.32844 -0.16174 0.49664 0.90049 -0.09269 1.37954 -0.58120 2.66337 -0.92869 3.46911 -0.19561 -1.65405 -0.62428 2.43831 0.12956 0.37966 1.53598 0.44026 -0.12954 0.64034 0.56029 -1.01836 1.12772 1.84053 1.53125 -1.30939 -1.41808 1.82573 0.52324 0.70158 4
0.82540 -1.01650 -0.71144 1.36478 0.93370 0.30491 -1.66484 -1.55921 0.64058 -0.76575 -0.64010 -0.83117 1.61176 1.25168 -0.23959 -0.04366 1.18126 2.23736 0.51363 -1.55489 1.08179 2.50005 -1.01698 -0.66594 -1.05292 1.84053 -1.27948 0.65447 -1.22258 -0.61743 0.96115 1.40521 4
-0.83512 -1.14544 -0.42587 -0.12965 0.88769 -0.56024 -1.27385 0.44043 -0.46703 1.35831 -0.63443 1.07277 -0.16842 -0.86081 -0.66839 0.70492 -1.45028 -0.74088 1.79957 -1.63163 0.79667 -0.59947 -1.46918 -0.33454 1.43574 -1.22154 1.01770 -0.72064 0.84483 -0.61743 0.81000 -1.40934 4
-0.59454 -0.42695 0.47737 1.48980 1.38395 -0.48126 1.40818 -0.48904 -0.60879 0.24904 -0.59114 1.16792 -0.55692 0.45578 -0.52483 -0.92947 -0.29499 0.29441 0.75608 1.25671 1.25876 0.64034 1.35926 -1.12846 1.38297 1.22812 0.66876 -1.67269 0.72203 0.60415 0.25734 -0.00206 4
-0.84730 1.39184 -0.03775 0.12072 1.42368 1.69201 1.28315 1.62648 -0.28914 1.13821 -0.49435 -0.96559 0.72620 -1.58005 -0.85096 2.91697 1.64563 0.36269 -1.80287 -0.24901 -1.54706 0.02043 -0.72896 -1.34673 -0.61448 1.22812 0.74746 0.27050 -0.28410 0.60415 -1.01645 -0.00206 4
-0.35394 -1.04956 -0.67494 -0.72798 -0.03011 -0.42620 -0.37375 0.95999 -0.06373 0.30783 -1.27965 2.37428 0.53522 -0.62146 -0.77453 -0.41714 -0.60172 -0.22393 1.07005 1.21289 -0.40530 -0.59947 -1.37835 1.20062 -0.04849 1.22812 1.24824 0.66984 -0.44883 0.60415 -1.12363 0.70158 5
0.16873 0.03878 -0.37515 -0.91307 -1.30649 1.01000 1.58573 -0.82596 -0.87799 -0.65915 -1.72185 0.08261 0.79369 0.64121 0.28400 -0.91886 -0.05551 0.55209 0.02179 -0.71794 -1.09778 0.02043 0.07798 -0.10217 1.43256 -1.22154 -0.93072 -0.16807 -1.43742 0.60415 0.85729 -0.00206 5
-0.49938 -1.10573 0.27035 -0.56894 0.88256 2.22595 0.05084 -1.05733 0.64810 0.54514 1.47366 0.39604 0.63019 -0.88540 -0.89982 0.25766 0.72826 -0.47632 -0.17685 -0.00366 -0.72707 0.64034 0.58678 0.69909 0.31857 0.61570 0.74020 -0.98121 0.82095 1.82573 0.09395 0.70158 5
1.62544 -1.27824 -0.54384 2.03380 -0.16935 3.29014 1.66513 -0.61083 -0.54871 -0.92931 1.47172 -0.91457 -0.34629 1.67315 -1.00654 -0.50514 -0.66938 0.35621 -1.11967 1.13539 0.87455 0.02043 -0.59004 1.00995 -0.91295 1.84053 1.28972 0.98318 -0.17121 -0.00664 -1.69841 0.70158 5
0.55702 0.90501 -0.56479 -0.07008 1.12242 1.31166 1.67626 0.93289 -0.35298 -0.90090 0.92966 0.35416 1.07785 -0.29979 0.88956 0.83686 -0.23146 -0.35072 0.51174 -1.46248 -1.13283 0.64034 0.67160 -1.53905 0.40669 0.61570 -1.01716 -1.53952 1.35332 -0.00664 0.07869 -0.00206 5
-0.66084 -1.11900 0.75389 0.80859 1.50340 4.62159 -1.30257 0.06228 -0.24788 0.57453 -0.22947 3.16841 0.94741 1.56687 0.83968 -0.80596 -0.81458 2.16616 -1.47900 -0.65290 -1.33918 -0.59947 1.59946 0.95350 -0.32295 -0.60912 0.87407 0.72256 1.37932 -0.61743 0.02042 -0.70570 5
-0.12410 0.50599 0.19136 0.51223 -0.84826 0.68076 1.15356 1.61500 -0.82365 -0.87825 0.48239 -0.44570 -1.11730 0.95353 -0.94587 0.73007 0.31546 -0.23004 -1.71592 -0.34168 -1.00475 -1.21938 -1.56963 -0.51426 1.62755 -1.22154 -0.21748 1.22956 0.11995 0.60415 1.46836 -0.70570 5
-0.39820 0.39909 -0.68928 0.53455 -0.95063 1.23773 -1.51533 1.02100 -0.45546 1.06722 -0.75511 1.77963 1.37884 1.54574 -0.37057 1.89777 -0.70875 -0.83686 -0.41640 -0.70203 -0.45900 -1.21938 -0.03815 0.32877 0.98026 -0.60912 -0.94939 -0.16082 -0.05510 -0.61743 0.22797 -0.00206 5
0.40979 -1.05729 -0.58098 0.02246 0.48992 0.79681 0.01741 -1.06744 0.26981 0.77129 1.55171 3.17552 -0.78351 -1.51906 0.17926 0.35429 1.14748 1.45473 -1.44046 0.51339 1.38837 0.02043 -0.46955 -1.38535 0.84004 -0.60912 1.06827 -0.78581 -1.45698 -0.61743 0.99434 -0.70570 5
-1.71635 0.41701 -0.65717 -0.44698 0.41791 0.14142 -1.58928 -0.13792 -0.69142 -0.29753 -0.67303 0.80536 1.29038 0.07548 -0.11997 -0.49388 -0.81973 -0.77484 -1.41940 0.98349 1.04468 1.88014 1.10246 0.38034 0.43372 0.61570 0.80819 -0.48995 0.40754 -0.00664 -0.46769 0.70158 5
0.34617 -0.53422 -0.84534 -0.07766 -1.29677 2.59334 -0.64053 0.00620 0.13549 -0.43300 1.11023 0.22131 -0.35643 0.79015 -0.66896 -0.46407 -1.18473 -0.26361 1.71166 0.17057 0.41686 0.02043 -1.65331 -0.65295 -1.23801 0.00329 -1.55558 0.69126 -1.37028 -0.61743 1.09927 -0.70570 5
-0.35678 -0.15845 2.80896 -0.92213 0.75204 3.90486 -0.80112 1.38607 -0.57308 1.24255 -1.45736 -0.37322 -1.16474 0.96770 -0.14238 -0.76374 0.94198 0.42969 1.05845 1.58733 -1.16756 1.88014 -1.60332 -1.52850 0.37856 1.84053 -1.73177 0.50378 -0.54845 1.21494 1.46157 0.70158 5
-0.98801 1.00582 1.13319 0.77795 0.18631 1.10553 -0.96494 0.24823 0.11945 -0.89900 1.16496 2.69317 -0.39669 -0.98240 -0.92570 0.53473 1.01043 -0.72259 1.16981 -0.86928 1.55439 1.26024 -0.62308 0.48503 1.70361 -1.22154 -1.22675 1.47871 1.15319 1.82573 0.66074 0.70158 5
-0.63624 0.60602 1.93716 -0.63273 -0.78180 4.54061 -0.20554 1.48925 0.21620 -0.74505 0.97245 0.92251 -0.90336 -0.90853 1.04488 -0.87964 -0.38776 -0.74658 -0.89180 1.22370 1.05612 1.26024 -0.29243 -0.16994 0.57987 1.22812 -1.13721 0.92176 -0.83373 -0.61743 -0.65266 -0.00206 5
1.52173 1.27729 -0.48966 -0.96192 0.35256 2.53506 1.24131 -1.27534 1.06212 -0.09174 -1.31647 -0.92228 0.92560 0.06679 0.59252 -0.86720 0.79971 1.84815 -1.36626 -0.06883 -0.16398 -1.21938 -1.62336 1.70247 0.95350 1.22812 -1.17558 -1.40340 -1.35605 -1.22821 0.28070 -0.00206 5
