-1.25473 -0.00734 -0.89520 -0.24030 1.33076 -0.54385 1.15742 1.24539 0.84956 -0.59522 -1.62659 -0.87080 -0.31537 1.31900 0.26813 -0.96395 -0.75260 0.18231 0.70787 -1.22591 0.17123 0.64034 0.05740 0.67845 0.73482 -1.22154 1.66149 1.27408 1.71307 0.60415 -1.23685 -0.70570 1
0.76964 -0.93096 -0.02252 -0.27424 -0.23599 -0.99118 1.12828 -0.66741 -0.78908 0.74905 0.66217 0.23955 -1.65176 0.81791 0.60685 -0.77399 -1.48013 -0.80764 1.02261 0.25700 -0.30623 1.26024 1.65990 0.05187 0.99178 0.00329 -1.43606 0.24961 0.21983 1.21494 -0.28174 0.70158 1
-0.87972 -1.64288 -0.80870 0.22925 0.19039 -0.75623 0.17884 -1.22233 0.37263 -0.82107 0.85898 -0.98368 0.94933 1.09783 -0.51622 1.05091 -0.20496 -0.70612 -0.94690 0.49799 0.51686 0.02043 1.35124 1.16694 0.05481 1.22812 1.58279 0.68588 0.86776 1.21494 1.60154 0.70158 1
-0.68179 1.59440 0.47973 -0.80511 -0.01616 -0.05816 -0.39206 1.43607 -0.33898 -0.74696 0.96802 -0.69955 -0.61207 -1.01597 -0.43911 -0.47332 0.61536 0.53932 -0.53636 0.55779 1.05392 0.64034 1.51710 0.93892 0.12673 0.00329 -1.31384 -1.29063 -1.19129 -1.22821 -1.54958 1.40521 1
0.19392 -0.46917 0.42828 0.09234 -0.87447 -0.78157 -0.49861 0.38300 1.14990 -0.22666 1.11036 -0.86132 -0.00409 0.58016 -0.87041 -0.91994 -0.17268 -0.04162 -0.90537 1.32210 0.42417 -1.21938 -0.94263 -1.61407 1.00040 -1.22154 1.15487 0.93291 -0.60512 -1.22821 0.14789 -0.00206 1
-1.00260 1.61974 0.51249 -0.19822 1.36342 -0.68373 1.37978 0.26356 -0.99672 -0.55529 -0.82609 -0.41252 0.84864 -0.57522 2.52364 -0.67793 1.03380 -0.52731 0.52976 -1.29433 0.41301 1.26024 0.00283 1.58775 1.17159 -0.60912 -0.35215 -1.22847 0.30420 0.60415 -0.61863 -0.00206 1
0.08592 -0.21489 -0.87065 -0.89572 1.20608 -0.79694 1.13655 -1.08937 1.74090 0.18335 -1.04589 -0.36902 -1.30740 0.51237 2.52801 -0.54481 1.57484 0.47427 -0.25680 -0.57717 1.52947 -1.21938 -0.54801 0.01110 0.51504 -1.22154 1.35444 -0.81147 1.39325 -0.00664 -1.24817 1.40521 1
0.16902 -0.99111 -0.02111 1.68270 -1.03798 -0.84334 0.89089 -0.52032 -0.57312 -0.25645 1.50463 -0.71529 -1.06982 1.42556 -0.45368 1.64026 -1.28368 -0.68804 0.15798 -0.35467 0.61777 -1.21938 -1.43368 -1.14213 -0.90374 -1.22154 -0.76793 -0.54567 1.18785 -0.61743 -1.11379 -0.70570 1
-0.89648 -1.08658 -0.93728 -0.03205 -0.84208 -0.13570 -1.09934 -0.66437 -0.79031 1.00563 0.65150 -0.54748 -1.19349 0.03002 -0.51347 -0.64762 -1.01784 -0.77357 -1.37206 -0.86331 1.09129 0.02043 -1.58472 0.35351 -0.50856 0.61570 -1.29264 -1.16905 1.14834 -1.22821 1.21218 -0.70570 1
0.91910 1.40742 -0.53079 0.67412 0.83666 -0.74198 1.65072 -1.25552 -0.12721 -0.43961 1.28693 -0.74859 -1.06988 0.49130 0.06667 0.56433 1.55891 -0.46874 -0.10961 -0.68298 0.10387 -0.59947 0.53154 -0.22750 1.38349 1.84053 1.03557 0.57728 -0.25468 0.60415 -0.77788 1.40521 1
1.24516 0.80902 -0.83478 -0.96550 -1.16156 0.47045 1.40098 1.27418 -0.39398 1.09132 1.01705 -0.98116 0.32213 1.33885 -0.63465 -0.58651 -1.16379 -0.75586 1.02521 0.35757 -1.10271 0.64034 -1.52337 1.08648 1.25646 0.00329 0.93243 -0.09413 0.49459 1.21494 0.61773 1.40521 1
-0.27902 1.38899 -0.09253 0.81141 1.51721 -0.81225 0.60551 1.26535 0.71459 -0.57986 0.88798 -0.49722 -0.03438 -1.37722 -0.37801 -0.56214 1.64410 -0.89808 0.08256 0.52753 1.19672 -1.21938 1.09473 -0.27886 -1.18833 -0.60912 -1.71679 0.95348 0.00059 -0.61743 0.59144 -0.00206 1
-0.33666 -0.89341 2.13473 -0.91156 0.95169 -0.84921 1.16706 0.55050 -0.81605 -0.18065 -0.23340 -0.66079 -1.33502 1.05251 0.32923 -0.39369 0.22625 -0.24212 1.74019 -1.65837 -1.49550 -1.21938 0.60561 1.10350 1.22237 -1.22154 1.62652 0.22212 -1.58474 -1.22821 1.38369 -1.40934 1
1.07299 0.38045 -0.06827 -0.40677 0.02126 0.65220 1.72292 0.69527 -0.46946 -0.92538 0.73097 -0.75067 1.39129 -0.16601 -0.94273 -0.24750 1.52966 -0.48798 -0.28361 -1.72745 -0.08612 1.26024 1.01584 -0.72783 -1.15898 -0.60912 -0.17064 -0.12585 -1.56516 -1.22821 -1.30821 0.70158 1
-1.15004 1.10445 3.33914 -0.79752 -0.37504 -0.32368 1.09973 1.39585 0.89054 -0.39189 -1.48203 -0.53096 0.91062 -0.85939 0.00377 0.59372 0.98751 1.05189 -0.50175 1.59410 -1.42961 1.26024 1.55064 1.44383 -0.25969 -1.22154 -0.83513 0.92320 0.30521 -1.22821 0.03186 0.70158 1
1.06947 -1.01613 -0.74655 -0.44302 0.79103 -0.60597 -0.90009 0.40264 -0.92165 -0.20187 0.23795 0.40726 -0.47908 -0.91922 -0.87423 -0.85699 -0.51884 1.58820 -0.45013 1.45259 0.38319 0.64034 0.51500 -1.13560 -1.06221 -1.22154 -1.46648 1.17093 1.05178 -0.61743 1.63976 1.40521 2
-1.47717 0.80982 0.13965 -0.95780 -0.71490 -0.92498 1.45336 -1.30502 -0.42295 -0.86575 1.41486 -0.52179 -0.78357 0.51277 -0.77309 -0.65989 -0.57453 -0.25358 1.03817 -1.21371 0.18649 1.88014 0.25948 -0.74140 0.47154 1.22812 0.47720 0.19670 0.06276 -0.00664 -0.50612 1.40521 2
0.12457 -1.36886 -0.93843 -0.47867 -0.59426 0.68470 -1.13801 0.41271 0.17314 -0.92549 -0.62956 -0.40225 -1.34818 0.45048 -0.52903 -0.85160 0.14200 -0.95185 1.05833 -1.10115 -0.11044 1.88014 1.30901 0.65195 -1.25309 -1.22154 -1.29670 -1.46947 1.54422 2.43652 -1.36284 1.40521 2
-0.68840 -1.16382 -0.50103 2.85457 0.03897 -0.18981 -0.06215 -0.72886 1.41678 -0.57815 0.47945 -0.34791 -1.05478 -0.90535 0.25944 2.70051 0.22932 -0.88302 0.61037 1.39347 -1.05031 0.64034 -1.20617 -0.59696 0.46423 -0.60912 0.74987 0.00541 1.54499 1.21494 -0.45463 -0.00206 2
0.82354 -0.99408 0.31490 -0.81745 -1.45892 0.38054 -1.16570 -1.55253 -0.00727 -0.46821 -1.60942 -0.69524 -0.07468 -0.86421 -0.52326 1.13339 -0.90559 -0.69862 -0.56304 -0.33356 -0.98768 1.88014 0.20046 0.53942 -0.28503 0.61570 -1.05391 -0.28814 1.45851 -1.22821 0.93218 1.40521 2
1.55624 -0.48459 0.64007 0.13462 1.12008 -0.14183 0.67165 0.83050 -0.81377 0.33051 -0.97959 0.01267 -1.51138 0.30544 -0.96730 -0.44974 1.19924 -0.84582 1.53004 -0.05588 -1.19747 -1.21938 1.68611 -1.39069 -1.20570 -0.60912 -0.99620 -1.58425 -1.53369 -1.22821 -0.77247 -0.00206 2
-1.47100 -1.07941 -0.42668 -0.84618 -0.56636 0.00602 -1.42053 1.69620 1.07837 0.80890 -1.66094 -0.68175 -1.01418 -1.64749 0.37854 -0.64638 1.16508 -0.10578 0.79755 0.18939 1.17051 -0.59947 -1.00365 -0.60141 0.47383 1.22812 0.05233 -0.83278 1.20792 -0.00664 0.92283 1.40521 2
-1.04185 -0.68857 4.30036 -0.49035 0.12139 0.66095 0.81064 -0.29062 -0.70667 -0.14529 0.19573 -0.64392 -1.03078 -0.54355 -0.44280 1.01288 1.03907 -0.66274 -0.48306 1.63660 1.34237 -1.21938 -0.15316 0.36461 0.36048 0.61570 -1.32874 0.47473 -0.10238 0.60415 -0.63242 -0.00206 2
0.51087 -0.71535 1.15426 -0.76102 -0.30000 -0.88300 1.55072 0.09603 0.10646 3.17936 1.41423 -0.85066 -0.53061 0.08654 -0.45175 -0.29723 -0.18900 -0.13581 -0.41134 -0.90052 0.94379 -0.59947 -0.33980 1.24328 -0.21216 -1.22154 -0.36910 0.89980 0.12780 -0.61743 1.71720 -1.40934 2
1.25895 1.31388 1.74111 0.29450 1.47328 -0.96549 -0.60982 0.39049 0.45494 0.64582 -1.04020 1.05739 -0.99484 -1.53950 0.56808 -0.50291 1.16077 -0.92674 -1.45283 0.21015 0.67902 1.26024 1.19086 -0.81632 0.05037 -0.60912 -0.08442 0.92463 0.94977 -1.22821 0.93263 -0.00206 2
-0.02271 -0.69880 -0.64099 -0.92971 1.49125 -0.60878 -0.90372 -0.56384 -0.09902 0.85186 0.67091 -0.10022 1.12416 1.02436 -0.92264 -0.79811 0.81956 -0.72091 -1.29164 0.12567 0.30779 -0.59947 0.32393 0.60696 0.28324 -1.22154 0.12072 0.27501 -0.27078 -1.22821 -0.48026 -1.40934 2
0.59869 -0.66683 -0.72223 1.78749 0.91979 -0.64986 -1.49364 -1.48638 -0.40241 0.00884 -0.41707 1.14585 -0.34857 1.65583 -0.98038 0.20872 -1.33427 -0.37979 -0.08280 0.88226 -0.71168 -0.59947 1.51909 -1.34576 -0.05613 -1.22154 0.85852 1.24561 -1.20180 -1.22821 1.10233 -0.00206 2
-0.55239 1.60009 -0.89877 -0.86779 -0.60528 -0.44781 -1.72234 -1.00919 -0.98048 0.97036 -1.34385 -0.91203 0.55652 -0.50273 -0.34302 -0.21001 -0.68813 0.24646 0.94412 -0.98188 0.81955 -1.21938 -0.59664 0.22250 0.00129 0.00329 -0.37697 -1.37287 1.70777 -0.61743 -0.23745 -0.70570 2
0.48228 -0.60770 -0.26679 -0.22152 1.22385 0.52101 0.58398 0.39001 0.44037 0.41542 0.14520 -0.20075 -0.99600 0.87948 -0.24519 0.63464 1.46513 0.97900 1.18807 -1.01293 -1.00401 -1.21938 0.73054 1.71302 1.41704 -1.22154 -1.30721 -0.27305 -1.10877 -0.61743 -0.02400 -0.70570 2
-0.72257 0.42353 -0.09961 -0.66591 0.81052 -0.77764 0.95482 0.26561 -0.71955 -0.41283 0.55725 -0.66488 -0.46290 1.33209 0.71645 1.55090 0.69652 -0.43715 1.01151 -0.33399 -0.88346 0.02043 -0.17351 -1.22828 0.07063 -1.22154 1.05757 0.67739 -0.75651 0.60415 -1.26845 -0.70570 2
-0.90827 1.04368 -0.42124 -0.45850 0.35797 -0.36502 1.41502 1.38218 -0.44765 -0.79774 -1.66536 -0.21978 -0.74156 0.24623 0.58203 1.54703 -1.01834 -0.71010 0.49952 1.19601 1.03503 0.64034 0.31695 -0.60682 -0.53074 0.61570 1.17114 -1.68557 -0.14557 -0.61743 -0.33340 -0.00206 3
-1.30829 1.30241 0.43213 -0.40078 -1.67108 -0.68238 1.19962 -0.49763 1.00575 0.07484 -0.19399 0.48030 1.67645 0.16630 -0.74837 0.70025 -1.37296 -0.81045 -0.66579 0.59361 0.64670 0.02043 0.34884 -0.53474 1.42879 -1.22154 0.30543 1.50433 -1.40732 0.60415 -1.49649 -0.00206 3
-0.53210 -1.68543 2.07730 -0.53649 -0.06842 0.10238 1.01434 0.19912 -0.48828 2.26294 0.27987 -0.47176 1.12605 -1.36766 2.02850 -0.29770 1.70120 -0.41531 0.98433 -0.07970 -0.93152 0.02043 1.53118 0.13484 1.26059 -0.60912 -0.99778 0.14532 1.01171 -1.22821 -0.71540 -0.70570 3
-1.39335 -0.59361 1.98204 1.30967 -0.89378 -0.28307 0.38042 -1.49799 2.47649 -0.92260 0.75630 -0.82317 -1.62271 -0.28589 -0.30244 -0.41521 -0.79531 -0.71383 -0.46649 1.56812 -0.07797 -0.59947 -0.67257 -0.13752 0.67447 0.61570 -0.45894 -1.38253 -0.05321 -0.00664 0.03692 -0.70570 3
-1.45231 -1.58837 -0.89071 -0.32049 0.25209 -0.09321 -0.73517 0.17661 -0.68889 0.00739 1.23346 -0.70560 0.68720 1.16041 -0.49964 -0.51611 0.61268 -0.66490 1.33329 -1.55122 -1.32138 1.26024 1.21806 0.27893 -0.82694 -1.22154 -0.95400 -1.46687 -0.36841 -0.00664 0.60026 -0.00206 3
1.21196 -1.67348 0.82299 -0.97762 0.19249 -0.86607 0.56312 0.46256 -0.71331 -0.36492 1.56515 1.76491 0.17635 0.54207 -0.63419 -0.37811 -0.44230 -0.56657 -0.59073 -1.01784 -1.31665 1.88014 -0.80654 -0.67288 0.45818 -1.22154 -0.95071 0.18385 -1.13178 0.60415 0.25554 0.70158 3
-0.13279 1.11662 -0.41118 0.42465 1.27395 -0.27089 -1.55775 1.27156 -0.87225 -0.90588 -1.37220 -0.05913 -1.30525 1.44574 3.54245 -0.18133 -1.59503 -0.72476 0.52188 0.05888 -1.25734 -1.21938 -0.51346 -0.21043 -0.70702 -1.22154 0.21721 -0.16654 0.71126 -0.00664 1.58095 -1.40934 3
1.38900 0.87989 -0.20264 -1.00171 1.31653 -0.31523 -1.31811 -0.22685 -0.38501 -0.06427 0.07754 -0.28222 0.77601 1.25712 -0.01928 -0.99281 -1.44223 0.08489 0.44476 0.97940 1.71197 -1.21938 -0.44762 -1.26511 -1.57343 0.00329 -1.64647 -0.86347 1.70248 1.21494 -1.30999 -0.00206 3
0.92106 0.79356 2.30284 -0.18519 -1.69977 -0.61379 1.39209 -0.54235 -0.61597 0.61226 0.23182 0.07243 -0.41783 1.19363 -0.11095 -0.81378 -0.01571 -0.13639 0.01594 1.08940 1.43412 -0.59947 1.21187 -1.26526 -1.36517 1.22812 0.29927 -1.10455 1.66799 1.82573 -1.57053 0.70158 3
-1.57272 0.12984 1.32383 -0.83889 -0.33622 -0.57931 -0.63935 -0.57975 -0.60421 0.83027 -0.33941 0.35105 0.43015 0.43474 -0.11424 0.33322 1.29066 -0.89235 -0.15390 -0.37018 -0.86112 0.02043 1.73752 0.80839 1.70885 -1.22154 -1.21566 1.39829 0.41266 -1.22821 0.00660 -1.40934 3
0.13103 0.43187 -0.89841 -0.06898 -0.15143 -0.08672 0.14158 -0.19593 -0.61375 -0.59166 0.02259 -0.86452 -0.16472 0.39432 -0.75693 -0.88622 -0.53903 -0.75221 -1.80846 -0.77103 -1.58866 2.50005 -1.69163 -1.32561 1.19464 2.45294 -0.39736 1.46458 0.02071 -0.00664 0.71902 1.40521 3
0.54820 1.01495 -0.66949 0.78269 -0.64374 2.04560 -1.60628 0.82675 -0.89458 1.09368 -0.92511 -0.49288 -0.78723 -1.15158 -0.63907 -0.86399 -1.71380 -0.61241 0.65028 0.10591 -1.12600 0.64034 -0.07795 0.37571 1.01061 -1.22154 -0.15825 1.33898 1.34930 -1.22821 1.09796 -0.70570 3
1.10828 -1.11829 -0.69876 -0.40991 1.45009 -0.30633 0.89138 0.77761 0.09693 -0.53940 -0.10644 -0.12022 -1.07495 -0.80526 0.92528 -0.49778 -0.81850 -0.07067 1.85712 -1.58219 0.25670 -0.59947 1.01280 -0.56687 1.30428 0.61570 -1.28106 -0.53391 -0.68291 -1.22821 0.89628 -0.70570 3
0.24747 -0.43650 -0.94876 0.06811 1.16575 -0.91281 -1.66331 0.04364 -0.87153 3.01351 -1.21363 0.14809 -0.39885 0.66048 -0.21028 1.06226 -0.44484 -0.96427 1.85845 1.21080 1.59982 -1.21938 0.43016 0.34944 0.91162 -1.22154 -0.09899 -0.41830 -1.26280 -0.00664 0.83644 -1.40934 3
-1.29628 -0.50690 3.28573 4.23365 0.08535 -0.73151 -1.62138 -0.71157 0.90356 0.00976 -1.24973 0.34624 0.05928 -0.67856 0.37750 0.59441 -0.10992 -0.53209 1.46678 1.46708 -0.49517 -1.21938 -1.00022 0.24925 -1.28323 1.22812 -0.80102 0.66362 -0.88381 -0.61743 0.25347 -0.00206 3
-1.50153 1.28723 -0.82885 -0.74534 0.90239 -0.32055 1.72440 1.51420 -0.10083 0.10746 -0.28303 -0.87057 -0.16403 1.17367 -0.67500 -0.82118 -1.26822 0.20739 0.99239 -0.12239 -1.31808 -0.59947 1.38650 -1.63201 -1.68557 -1.22154 -1.22058 -1.03834 0.50146 1.82573 -1.20067 0.70158 4
1.01350 -0.23112 0.43352 -0.85116 0.46847 -0.06464 -0.73184 -0.69820 -0.55804 0.30289 -1.18689 0.71946 -1.17149 0.19324 -0.95742 -0.33544 -1.20705 -0.84546 0.58480 0.00855 -0.85033 1.26024 1.20814 0.64737 -1.68676 -0.60912 -1.01906 -0.03611 -1.15119 -1.22821 0.01001 -0.00206 4
0.35733 -1.43884 -0.88166 1.61655 -1.63801 0.24992 -1.57617 -0.26383 -0.63201 -0.33689 -0.42385 -0.03513 -0.03970 -1.10985 -0.77463 -0.90730 -1.42536 -0.96228 -0.42231 0.33969 1.58024 -1.21938 -0.01303 0.74466 -0.48848 0.00329 0.91845 -0.43820 -0.59172 -0.00664 0.59988 -1.40934 4
0.69717 1.28478 0.97303 0.26103 -0.13385 -0.33480 -0.82527 -0.24916 0.31414 -0.80560 1.70052 0.31481 1.56944 1.34249 1.76201 -0.94186 0.86597 1.15284 0.08097 0.72193 -0.90178 0.02043 0.67561 1.17770 -1.24076 0.00329 1.73344 0.35211 -0.70250 0.60415 -0.15208 -0.70570 4
-1.51986 -0.33218 -0.72183 -0.89797 1.72879 -0.72617 0.43419 -1.15756 -0.71274 0.53499 -0.59000 -0.00040 1.09306 -1.68297 -0.97683 -0.37398 1.21299 0.90560 0.96818 -1.14444 1.52221 -1.21938 1.18693 -0.65276 0.56266 1.84053 1.46823 1.10286 -0.50670 -1.22821 1.02810 0.70158 4
-0.88100 -0.69897 0.16536 -0.64896 -1.17320 0.72833 -1.67400 0.10668 0.47862 -0.82162 0.75117 -0.59319 0.22929 -0.54793 1.93220 -0.68809 -0.39350 -0.08850 1.08502 0.39281 -1.43544 -0.59947 -1.62324 1.56860 0.29424 1.22812 0.89841 -1.17092 -0.68382 1.21494 1.66920 -0.00206 4
-0.06679 -0.65607 1.39250 0.98343 -1.27825 -0.69305 -1.00649 -0.00698 -0.63721 2.14360 -1.29565 -0.92238 -0.63522 -0.24183 0.39799 -0.95106 0.72726 0.15803 -0.30766 1.45005 0.05938 -1.21938 -0.52404 1.20938 1.45723 2.45294 -0.41665 0.37681 0.00093 -1.22821 -1.28860 1.40521 4
1.52477 0.62593 -0.95925 -0.65146 0.91043 -0.93075 1.16258 0.75670 -1.00388 0.01299 0.35964 2.13987 0.74848 0.76039 0.15825 0.59379 1.10661 -0.58378 -0.07558 0.38250 0.90929 1.26024 1.62188 0.52143 -0.00478 0.61570 -1.10239 1.69261 -0.75347 -0.61743 -1.55224 -0.00206 4
0.59862 1.57680 -0.93109 -0.86237 1.13739 -0.63032 0.67714 -0.93138 -0.41613 -0.69182 -1.25577 0.14471 -0.62970 1.62627 -0.11874 0.24894 -0.31099 -0.52603 -0.80027 0.97062 0.81065 0.02043 -1.30505 1.11216 0.22811 2.45294 0.74738 -1.71704 0.10958 -0.61743 0.07350 1.40521 4
-0.92006 1.67168 -0.78235 -0.36589 0.04981 -0.24289 -0.60437 -0.72917 0.06910 -0.88609 -0.84107 0.35322 1.15886 1.29549 0.16347 -0.52733 0.79503 0.00254 0.47382 0.54380 -0.34719 0.64034 0.37594 1.11401 -0.96649 -1.22154 -1.17972 1.00244 0.94411 -0.61743 -0.31437 -0.70570 4
-1.48577 0.90830 -0.11946 1.76832 -0.57364 0.50553 -1.26040 1.33044 -0.31182 -0.73653 1.32769 0.77173 -0.56018 0.24841 -0.95547 1.88189 -0.27560 -0.86207 1.10429 -1.09557 -0.15390 0.64034 -0.46165 -0.03518 1.12887 0.00329 0.76339 1.50406 0.15351 0.60415 1.14301 -0.70570 4
-1.07015 0.15386 -0.48115 -0.77184 0.87817 0.12729 -0.47143 -0.13001 1.08998 -0.94036 0.17333 1.10903 0.45221 1.71686 -0.58750 -0.01946 0.75185 -0.68695 1.55828 0.69368 -0.66620 0.64034 -0.47779 0.90476 -0.50471 -1.22154 1.10322 -0.08531 0.82588 0.60415 0.27862 -0.70570 4
-1.22337 0.56224 -0.83152 0.05028 0.14429 0.97660 0.92558 1.62387 -0.62140 -0.94333 0.29762 -0.54006 -0.50996 0.87292 0.10273 -0.50474 0.43836 0.19737 1.59548 -0.37451 0.94101 -1.21938 -0.15529 1.61648 -0.84532 -0.60912 -1.39495 -0.66082 0.39818 0.60415 0.59088 1.40521 4
0.75846 1.68599 -0.35830 -0.07895 -1.41029 -0.35517 1.58684 -1.45241 -0.66045 1.91815 -0.47974 1.81588 -1.70932 -1.35617 -0.53598 -0.49143 -0.04431 -0.90783 -1.31045 -1.02215 1.62743 -0.59947 0.11413 1.28747 -0.27139 -1.22154 -1.54453 -0.74290 -1.29636 -0.61743 -0.37030 -1.40934 4
0.90120 -0.08958 -0.91709 -0.10494 -0.14378 -0.71646 1.13863 1.06207 -0.50892 -0.68055 -0.04310 0.21081 1.16983 0.42867 -0.78013 -0.78492 -0.47531 2.03319 -0.82926 1.44744 0.70788 0.64034 0.51369 0.91507 0.62506 1.84053 -1.48250 1.14406 1.10092 -0.00664 -0.00307 1.40521 4
0.55053 0.82672 4.89222 -0.74033 -1.65292 4.99262 -0.99867 -0.41390 -0.51545 -0.19633 -1.07496 -0.51442 0.88340 0.41711 -0.83424 -0.80919 -0.15887 3.25380 -1.83842 1.14358 -1.36070 -1.21938 1.67195 1.67460 -1.72885 0.61570 -0.33396 -0.86073 1.34696 -0.61743 0.69771 -0.00206 5
0.09852 0.31275 -0.67259 -0.59614 1.49801 -0.76763 -1.19803 -0.46242 0.70002 1.35772 0.84460 3.16218 -1.69556 -0.87845 0.06082 0.10566 0.50447 1.72289 0.24225 0.02376 -0.40228 0.64034 -0.84062 -0.55898 0.68881 1.84053 -1.13106 -1.21471 -0.39850 -1.22821 1.41348 0.70158 5
0.80363 -1.70563 0.35809 -0.80050 1.38779 -0.47674 1.48991 0.25469 -0.56740 -0.87928 -1.71970 -0.61019 0.18264 0.95980 -0.72572 -0.54527 1.64659 0.64461 -1.34383 0.72090 -0.30471 -1.21938 -1.31443 1.17522 -0.82298 -1.22154 1.15799 -0.26385 -0.54913 0.60415 -1.42686 0.70158 5
0.95400 1.06415 -0.07201 1.15695 0.58992 0.14148 -0.96488 -1.32998 -0.21279 -0.91294 -0.05467 -0.60806 0.71787 -0.31906 -0.26430 -0.49593 -0.69482 0.46023 -0.64835 0.63422 0.78215 -0.59947 -1.54222 0.07685 -0.75482 0.00329 -0.63074 -0.28375 1.01402 -0.61743 -0.74093 -1.40934 5
-1.12033 0.16089 -0.46442 -0.50685 0.55616 0.37109 -1.40231 -1.53462 -0.76744 1.35390 0.69002 0.52823 1.42894 0.07329 0.62361 -0.89929 -1.31696 3.50145 1.38069 1.19754 -1.38427 -0.59947 -0.62427 -0.14249 1.71652 -0.60912 -1.03146 1.39339 0.14533 0.60415 0.23640 0.70158 5
0.75466 -0.13751 -0.34003 0.85535 0.86726 -0.51529 0.74424 0.55821 -0.15241 -0.74659 0.62276 2.10869 1.07225 1.71850 0.31768 -0.16703 0.65099 1.23573 0.14550 0.96688 1.02374 1.88014 -0.31085 0.33766 -0.44164 -1.22154 -1.00087 -1.52953 0.40090 0.60415 -0.64200 0.70158 5
-0.26449 0.01325 0.91588 -0.57414 -1.43904 -0.05000 -0.68589 0.33817 0.94568 -0.40780 0.90832 -0.46991 0.42027 -1.24370 1.30423 0.04238 -0.29778 1.42218 0.87559 1.09140 0.67213 0.02043 0.63489 -0.79358 -1.00741 1.22812 -1.45912 1.53738 1.01082 -0.00664 1.21790 -0.00206 5
-1.04453 1.03124 0.66215 -0.77090 1.13664 -0.58555 1.66322 -0.74431 0.12750 -0.94248 -0.85927 -0.98093 -1.46749 0.67352 -0.69787 -0.03959 -0.50861 1.77911 0.65733 -0.16022 -0.39745 2.50005 -1.41770 1.60114 0.93675 0.61570 -1.36788 0.81395 -1.10245 -1.22821 0.29933 1.40521 5
1.29694 1.51762 -0.77033 1.77141 0.53588 1.27094 -0.94343 -0.15191 0.26087 -0.34150 -1.19346 0.18480 -0.58855 0.67282 -0.76064 -0.95804 -0.00659 0.37816 0.35431 0.11907 -1.05125 -1.21938 1.25968 -1.43122 0.16694 0.00329 1.13135 -1.56995 -1.29100 -0.00664 -0.69977 -1.40934 5
-1.59629 -0.61498 -0.97983 -0.20804 -1.00831 0.42119 -0.42331 0.07640 0.77456 -0.75125 -1.53195 1.46724 0.53851 -0.82133 -0.72847 -0.32484 0.16896 2.11248 -2.05895 -0.94727 -1.00778 -0.59947 -0.28360 1.57051 0.27638 0.00329 -0.27169 -0.89099 0.45047 -0.00664 0.62881 -1.40934 5
0.33197 -0.27182 1.03893 -0.07615 1.41223 -0.83492 -0.60958 -1.19269 -0.79497 0.41223 1.46415 0.17044 -1.53347 -0.70006 -0.56702 0.22790 -1.07595 4.34006 -1.14346 -0.96070 1.02334 2.50005 0.97390 -1.16543 -1.02680 2.45294 0.69635 0.95523 0.02316 1.82573 0.76885 1.40521 5
1.33418 0.05184 -0.67730 -0.73647 -1.52764 0.49772 -0.59426 -1.16783 -0.79483 -0.79080 -0.94863 0.49352 -0.12535 -0.78858 -0.86971 -0.30434 0.71476 -0.63753 -1.17883 0.71029 -1.14722 1.26024 -1.02457 0.25931 0.61824 -1.22154 -1.47526 1.49586 1.60346 2.43652 0.92716 1.40521 5
-0.63624 0.60602 1.93716 -0.63273 -0.78180 4.54061 -0.20554 1.48925 0.21620 -0.74505 0.97245 0.92251 -0.90336 -0.90853 1.04488 -0.87964 -0.38776 -0.74658 -0.89180 1.22370 1.05612 1.26024 -0.29243 -0.16994 0.57987 1.22812 -1.13721 0.92176 -0.83373 -0.61743 -0.65266 -0.00206 5
0.99173 -0.91051 0.57610 -0.23785 -0.36070 0.01881 -0.60955 -0.30820 0.80936 0.12753 0.97276 6.16306 0.57848 -1.51686 0.14479 0.07620 -1.50262 -0.55933 -0.60056 -0.15052 -0.77678 0.02043 -1.25131 -1.22625 1.22958 1.22812 -1.60407 0.75767 -0.24415 -1.22821 1.58206 -0.00206 5
1.49639 0.15754 3.57282 0.52596 -0.89642 -0.81468 0.02510 0.29512 -0.60027 -0.73244 0.86032 3.89270 0.40860 -0.31692 1.98844 0.09173 0.04565 -0.52000 -0.74525 -1.18805 0.10898 0.64034 -0.60381 -1.34100 -0.80612 0.00329 1.03470 1.17936 1.42972 1.21494 1.61807 -0.00206 5
