-1.28256 -0.21564 1.63948 -0.88599 -1.61837 -0.51740 1.59342 -1.45188 -0.55653 0.93690 1.51212 -0.22432 0.56950 -0.97377 0.44281 -0.90408 0.34989 -0.24999 1.05845 1.08366 -1.38960 0.02043 -0.74978 0.90411 -1.09895 -0.60912 1.72441 1.18042 -1.07679 -0.61743 -1.55979 0.70158 1
0.43356 0.55667 0.08919 -0.84060 0.67125 -0.67654 -0.21462 1.48608 -0.81090 0.45611 -0.20274 -0.90560 1.43285 -0.14128 0.87297 1.99214 0.71396 -0.85766 1.87763 -0.25096 0.70892 -0.59947 -1.02798 -1.51396 -0.43351 1.84053 0.53072 -0.69321 -0.32325 -1.22821 -1.26656 0.70158 1
-1.38291 0.04457 0.64340 -0.58736 1.44896 -0.56968 -0.53500 1.02118 2.08950 -0.35006 0.51971 -0.68924 0.35700 1.23887 -0.53371 -0.03736 -1.42462 -0.47847 1.92065 -0.84731 1.25361 1.26024 -1.20348 -1.04635 0.46955 -1.22154 -0.01175 0.85172 0.44594 2.43652 0.27952 1.40521 1
-1.64488 -0.01152 -0.10201 -0.98809 -0.73994 -0.71198 0.49467 1.35619 -0.63284 0.52159 -1.56698 -0.73279 -1.55753 1.18913 -0.76175 -0.92971 -0.30385 -0.32184 -1.06579 1.67389 0.13176 -0.59947 1.01581 1.31581 -0.66051 -1.22154 -0.62884 1.21327 0.05988 -0.61743 -1.20992 -1.40934 1
-0.42073 -0.99973 -0.49227 0.45137 -0.51219 -0.43346 0.73804 0.81114 1.87695 1.16873 -1.68406 -0.53307 0.01972 -1.14994 -0.81535 -0.62238 -0.72849 -0.89120 -0.08366 -1.12158 -0.83207 0.64034 -0.41341 -1.58702 1.14679 1.84053 -0.47136 -0.19537 -1.57481 1.21494 0.68259 0.70158 1
-0.72851 0.74638 -0.53873 -0.66173 -0.59762 -0.98185 1.72121 -0.89181 -0.93297 0.13064 1.38197 0.60037 0.28160 -1.02275 0.15470 0.53931 0.92201 -0.90603 0.56374 1.01564 0.77341 1.26024 -1.71966 1.20136 -1.18843 -0.60912 -0.69578 -0.04085 -0.23790 2.43652 -0.37479 1.40521 1
-0.12173 0.11221 3.40222 -0.10726 -1.55147 0.34487 -1.12709 0.24684 -0.09315 0.90780 -0.31221 -0.76482 0.98027 0.03039 0.56473 -0.46681 1.32129 -0.71023 -0.64009 0.34566 0.64717 -0.59947 -1.20711 1.41597 -1.31372 -0.60912 -0.02196 -1.67909 0.62853 -0.61743 -0.26025 -1.40934 1
1.20558 0.37012 -0.70327 -0.17955 0.81607 -0.77694 1.40101 1.24255 0.72168 0.78954 -0.26765 -0.76902 1.47444 1.07279 -0.93313 -0.81719 1.66998 -0.86335 1.53070 0.26813 -1.36697 -0.59947 0.73015 -0.81642 -1.30574 0.00329 -1.46355 -1.46194 -1.44166 -0.00664 1.61162 -1.40934 1
-0.41942 -0.39219 0.87348 -0.27972 0.72447 -0.35422 0.18224 0.85498 -0.99313 1.04096 0.61146 -0.99057 0.93493 1.04035 -0.42529 0.47181 -1.29070 -0.79028 -1.36200 -0.80052 0.18833 -0.59947 1.41693 -0.84531 -0.44143 -1.22154 -1.67821 1.44111 1.48464 -1.22821 -0.11384 -1.40934 1
-1.02112 -0.54095 -0.49206 -0.95850 0.55987 -0.17343 0.41508 0.43424 0.30169 -0.07973 -0.65052 -0.86744 0.03303 1.45345 5.96148 0.91461 1.16899 -0.29708 -0.65692 0.01547 -0.36224 0.64034 1.46369 -0.93434 1.68430 1.84053 0.80050 -1.43495 0.46126 -1.22821 -0.94935 0.70158 1
1.66440 -1.15681 -0.88828 -0.79157 -1.10836 0.86779 0.97613 -1.31690 0.14379 0.20622 1.55357 -0.83643 -1.61186 -0.63739 -0.01976 0.49502 1.47658 -0.61119 -0.06234 -0.57688 0.20933 -1.21938 1.59412 -1.00095 -1.32163 1.22812 0.90060 1.03018 -0.64605 1.21494 -0.73818 -0.00206 1
-1.05220 -1.25742 2.53992 1.53309 -0.70831 -0.92868 -1.19922 -0.37292 0.05897 -0.62460 0.39773 -0.36991 0.78436 0.76935 -0.75456 -0.57046 0.98767 -0.72086 0.74974 -0.85274 -0.70178 0.02043 0.40036 1.25971 -0.12936 1.84053 -1.66639 -1.60682 0.67836 -1.22821 0.44842 0.70158 1
-0.79741 -0.04511 -0.75308 0.68870 -0.61423 -0.95860 1.34479 0.41958 1.68978 -0.13703 0.51969 -0.21028 1.55038 -1.16494 -0.76091 0.31305 -1.17068 -0.96695 -0.62477 0.71550 -1.72583 -1.21938 -0.59432 -0.99486 0.21151 0.00329 0.08092 1.25966 0.48173 -1.22821 0.97725 -0.70570 1
1.50870 0.51732 2.68609 -0.37920 1.35081 -0.52674 1.54585 -0.65210 2.84941 0.03309 -0.99614 -0.82792 0.52986 0.77056 -0.61041 0.60766 -1.06525 -0.93926 0.74129 1.14590 -0.18686 0.64034 0.60153 -0.53808 -0.54023 1.22812 -1.43205 0.64690 -0.39483 -0.61743 0.93551 1.40521 1
-1.02803 0.66983 -0.62213 -0.20167 0.97234 -0.73088 0.19086 1.72076 2.99283 3.02254 1.35856 -0.88837 0.25264 1.36120 3.92629 -0.86153 -1.43959 -0.83273 1.69724 -1.23479 -0.04986 1.26024 -0.82660 0.69375 -0.20034 0.61570 -0.81047 -1.25323 -0.41032 1.82573 -1.66607 0.70158 1
1.22718 -0.76109 -0.89031 0.26742 1.41720 -0.89599 0.17360 -1.38434 1.18550 -0.81277 -0.61600 0.20718 1.34202 -0.56031 -0.26572 0.72445 -0.40640 -0.47625 -1.41063 -0.17000 0.82574 1.26024 1.15817 0.88082 -1.18538 -0.60912 -1.21711 -0.01605 0.08542 -0.00664 -1.42601 -0.00206 2
-0.20321 0.18282 0.05054 -0.95734 0.27322 -0.80448 0.49243 0.76096 -0.93591 -0.92039 -0.27903 -0.10670 -0.33498 -0.09869 -0.45564 -0.26947 -1.16867 -0.78863 0.49194 -1.17881 0.32960 0.64034 -1.05661 0.12275 -1.71714 0.00329 -1.26456 -0.26118 -0.45890 -1.22821 -0.01392 1.40521 2
-1.01888 0.74914 0.14782 -0.87388 0.46069 -0.15306 -0.86959 0.60718 -0.74565 0.16997 -1.20784 -0.30864 1.35123 0.10216 -0.58313 1.22824 0.22667 -0.72469 -0.11943 -1.32940 -0.74517 1.88014 -0.92346 -1.12215 -1.46278 1.22812 0.25253 0.69869 0.97416 -1.22821 0.76168 1.40521 2
1.71281 0.19115 -0.06509 -0.58319 -0.94006 0.68843 1.03468 1.35456 -0.88734 -0.31416 -0.80350 -0.70932 1.14537 -0.29136 1.09274 0.20659 -1.51882 -0.81455 -0.93128 0.42500 -0.44783 0.64034 -0.06380 0.25774 1.35991 -1.22154 -0.29772 -1.71312 0.24136 1.21494 0.15025 -0.00206 2
1.65469 0.34747 0.87779 -0.94527 -1.23567 -0.76831 1.46485 0.80297 -0.79284 0.81834 -1.49250 -0.36530 -1.16949 -0.49877 2.49782 -0.69311 1.09028 -0.54693 0.56609 1.53827 -1.21398 1.88014 0.16136 0.52537 -0.01083 0.61570 -1.48808 -0.89663 1.37478 1.21494 -0.28993 1.40521 2
-1.09757 1.66732 1.52753 -0.53111 -0.00471 -0.83435 0.89486 -1.59418 -0.80573 -0.69203 1.48864 0.09949 -0.73139 -0.49391 1.35766 -0.32399 -0.69671 0.54804 0.09967 -1.07761 -1.16249 -0.59947 0.68620 0.91328 -0.25974 -1.22154 -0.62884 0.28997 0.76055 -0.00664 0.16716 -0.00206 2
-1.05823 0.23348 -0.41175 0.12725 -0.22749 1.49699 -1.31406 -0.92534 -0.44004 -0.70963 0.56039 -0.39765 1.27840 1.71657 -0.83551 2.83565 -0.50315 1.01882 -1.16417 -1.49637 0.17219 1.26024 1.07838 0.35437 -1.02356 1.22812 -0.32027 0.59417 -0.01104 -0.61743 -0.39567 1.40521 2
-0.23886 0.75138 0.34017 -0.46463 -1.20206 -0.58021 0.72836 0.77325 0.66182 0.11640 1.16973 -0.78051 -0.69952 -0.10551 -0.74345 -0.74792 -1.30106 -0.11963 -0.63389 0.35085 -0.17557 1.88014 0.09838 -0.53799 1.31774 -0.60912 -1.63107 -0.42210 -1.20868 1.82573 1.69207 0.70158 2
0.77307 -1.43240 -0.24787 -0.99118 0.07315 -0.83738 1.30035 0.77746 -0.44879 0.25474 0.16312 -0.28715 -1.10376 -1.62171 0.38786 -0.25041 1.42022 -0.80228 -1.28494 1.21262 -1.46088 -0.59947 -1.45660 1.66190 -1.34253 1.22812 -1.26022 -0.98482 1.68811 -0.00664 -0.38314 -0.00206 2
1.64581 -0.20388 -0.20983 -0.80552 0.47525 -0.27841 0.12827 -0.71022 -0.73061 3.51411 -1.16808 -0.52180 -0.46684 -1.13761 -0.51929 -0.83519 -0.25991 0.30731 -0.83783 -0.28872 -0.81937 1.26024 -1.32028 0.12202 0.22340 1.84053 1.07719 -0.98282 -1.13592 -0.00664 -0.76045 0.70158 2
-1.16127 0.32843 0.03747 -0.28544 0.17699 -0.45559 0.12017 -1.38796 0.10403 -0.11833 -0.40393 -0.55169 -0.93145 0.56465 -0.92592 3.48701 0.28626 0.01691 0.09287 -0.35447 0.72853 -0.59947 1.31138 0.28820 -0.04878 -1.22154 -0.85847 0.05560 -1.68490 -0.00664 -1.19543 -0.00206 2
-0.98177 0.76857 -0.47212 -0.71585 -1.71104 -0.41707 0.19201 0.54954 0.63335 -0.13929 -0.07470 -0.86116 -0.26822 -0.90457 0.51868 -0.60731 -0.86038 -0.53361 -1.17498 1.67432 -0.12185 0.64034 1.65260 -1.53308 -0.96304 0.61570 0.69883 -1.03739 0.17689 1.21494 0.14184 -0.00206 2
-1.04505 -1.20306 0.29695 -0.24268 0.59364 0.35473 0.07917 -0.41884 0.45949 -0.75900 -1.72029 -0.92536 -1.30966 1.50544 0.17934 -0.24211 -0.12533 -0.50543 1.09169 -1.55634 -0.27057 0.64034 -0.70155 -1.24438 -1.07844 -0.60912 -0.17517 1.06782 -1.32604 -0.00664 -1.10082 -0.70570 2
-1.35435 -0.22270 -0.96168 -0.93281 1.37962 -0.96768 -0.73981 0.21886 0.07975 -0.65388 1.60117 0.07819 -0.63621 -1.46365 -0.75835 -0.99057 1.32007 -0.79753 -0.22813 -0.93979 1.71525 2.50005 -1.54703 -1.37778 1.13948 0.00329 -1.40037 1.46868 1.30451 1.21494 -0.86717 1.40521 2
-1.48944 -0.06054 0.43000 -0.61559 1.15718 0.08099 -1.28647 0.00303 0.19248 -0.50972 -1.45443 -0.94462 1.41963 1.28716 0.35107 -0.45234 0.05893 -0.77858 -1.01229 1.40319 1.60778 0.02043 1.31378 -1.69435 0.30161 -0.60912 -1.11423 0.10227 0.61670 -0.00664 -1.09906 -0.70570 2
0.28569 -1.63993 1.50113 1.10461 -1.54929 0.19917 -1.01118 -1.37590 -0.66653 -0.04023 0.32396 -0.25146 -0.81160 0.33938 -0.85312 0.12483 -1.38331 -0.07278 0.09210 0.02799 -0.43347 0.64034 -1.19262 -1.63926 0.86538 2.45294 -0.28359 0.04637 -0.28524 1.82573 0.54983 1.40521 3
-0.20089 0.30274 0.10059 -0.87586 0.03063 -0.95641 0.12364 0.81008 0.02973 4.12872 -1.56847 1.68991 -0.25079 -1.43106 -0.62225 3.94960 0.11282 -0.67167 0.12757 -0.35830 -0.84647 1.26024 1.23300 1.15050 1.23363 0.00329 -1.40771 1.19368 -0.52382 -0.00664 1.20170 1.40521 3
-0.17633 1.31343 -0.37497 0.95232 0.27356 -0.84812 1.19818 -1.27834 -0.39711 -0.94689 0.92101 0.36078 -0.01066 -1.41833 -0.33884 -0.53725 1.71564 -0.54479 0.92561 -1.37526 0.20093 0.02043 -1.50632 0.71063 0.71501 0.00329 -0.06129 -1.29948 0.66052 -1.22821 1.43018 -0.70570 3
1.52673 -0.87290 -0.48860 1.18709 -0.51901 0.59664 -1.31519 -1.47675 -0.39515 -0.07606 -1.03516 -0.16070 0.16010 -0.81160 0.23467 0.31924 1.43854 -0.70727 -0.87802 -0.42479 -0.60617 0.02043 0.10822 -1.25818 -1.02849 0.61570 -0.82870 0.92238 -0.34989 1.82573 0.05692 1.40521 3
1.15765 -0.20381 0.10459 -0.32280 1.02847 -0.86416 -1.24745 0.34225 -0.75168 0.26753 -0.75756 0.50776 -0.93680 0.16749 -0.07991 0.58602 0.98590 -0.90847 -1.04938 0.03467 1.47538 -1.21938 0.18421 0.32483 0.64990 0.00329 1.46166 -1.26608 0.34866 -0.61743 -0.65496 -1.40934 3
0.96936 0.83830 -0.72448 0.41941 -0.72416 -0.26932 1.42908 -1.19313 -0.81707 0.25775 0.01086 -0.94707 0.92243 1.11957 -0.67683 0.30839 -1.00592 0.52378 -0.31851 -0.78209 -0.83260 0.02043 0.85029 0.68406 1.46629 -0.60912 -0.58993 -0.21150 -0.13477 -1.22821 0.03840 -1.40934 3
1.30474 0.58763 1.25218 -0.42045 -1.65532 -0.21338 -1.73170 0.33872 -0.16017 4.23551 0.02068 0.28550 0.41931 1.24549 0.39757 -0.76955 -0.52624 0.13415 -0.13412 1.33411 -1.12167 1.88014 0.04179 -1.53775 -0.62548 0.00329 1.66719 -0.29145 -1.55673 1.82573 -0.05599 0.70158 3
1.71726 0.45513 0.57988 -0.30879 -1.59597 0.71398 0.57380 -1.08164 -0.82330 -0.84949 1.07285 -0.37650 0.30237 -0.41784 -0.90865 1.41769 0.23665 -0.40422 0.09508 1.10132 1.34879 0.02043 1.52890 1.08267 0.58055 -0.60912 -0.99042 0.61362 -1.12349 1.21494 1.01025 0.70158 3
0.92106 0.79356 2.30284 -0.18519 -1.69977 -0.61379 1.39209 -0.54235 -0.61597 0.61226 0.23182 0.07243 -0.41783 1.19363 -0.11095 -0.81378 -0.01571 -0.13639 0.01594 1.08940 1.43412 -0.59947 1.21187 -1.26526 -1.36517 1.22812 0.29927 -1.10455 1.66799 1.82573 -1.57053 0.70158 3
0.13095 0.93892 -0.22929 0.77929 1.29187 -0.57504 -0.96103 -1.26896 0.76903 1.38311 -0.38119 -0.08709 -0.89366 0.61460 -0.83877 -0.87371 0.91792 -0.90827 0.35423 1.31870 -0.37953 -0.59947 0.46223 -1.38473 -0.15945 0.00329 1.41564 0.82228 0.68486 -1.22821 0.73177 -1.40934 3
0.52783 -0.30336 0.65167 0.01070 1.55350 -0.87727 0.42871 0.80535 -0.20084 -0.50596 0.96571 -0.39042 0.82435 -1.41455 -0.30757 -0.84089 0.40861 0.47537 -0.02863 1.60741 1.57677 1.26024 -1.17590 -1.60055 -1.57038 0.61570 1.73975 -1.47303 1.22848 0.60415 0.16625 1.40521 3
0.47245 -0.21632 -0.78838 -0.92525 -1.70971 3.08870 0.22423 1.04966 0.83953 -0.82034 1.51343 -0.33800 -1.10229 1.22634 0.33162 -0.57875 1.19561 -0.23548 0.25321 0.18143 0.53782 0.02043 -0.21280 1.33149 -0.27591 -0.60912 0.42395 -0.05104 -0.69630 1.21494 1.00711 0.70158 3
0.02975 0.74143 -0.62799 -0.80589 0.96357 -0.28895 1.49800 -1.03559 -0.79361 -0.55869 -0.10018 -0.98841 0.43191 1.49526 -0.76482 1.28073 -0.97306 0.19332 0.13530 1.26560 0.76969 -0.59947 0.99123 0.83456 0.80283 0.00329 -1.25917 -0.80365 1.34347 -0.00664 -0.72333 -1.40934 3
0.08699 -1.63730 -0.17711 -0.77094 0.66640 0.49726 1.20974 -1.44323 1.29614 1.37427 0.47645 0.34765 1.21022 -0.52691 0.33978 1.11034 -1.56844 -0.04041 0.27658 -1.22824 -1.63337 -0.59947 -0.08169 -1.37006 0.91431 -1.22154 0.74846 -1.20763 1.02925 -1.22821 -1.05865 -1.40934 3
-1.31460 -0.26347 -0.10612 -0.35260 -0.04648 0.55952 0.67206 0.15276 -0.42492 -0.59306 0.26959 0.17753 0.49695 -1.59404 0.06449 4.17226 -0.00271 -0.59104 1.52859 0.93372 -1.44908 -0.59947 0.58538 0.34711 -0.92292 0.61570 -0.04796 -1.60538 1.07741 0.60415 1.63976 0.70158 3
-0.25912 -1.23964 0.35510 -0.92644 -0.89457 -0.96493 -0.95204 -1.03164 0.01690 1.51602 0.52102 1.21878 -0.98714 0.74751 -0.91723 -0.14806 0.14772 -0.02231 0.82193 -0.29819 0.40818 -0.59947 -0.21645 -1.68369 -1.13421 0.00329 -1.06735 1.28207 -1.32951 -1.22821 -0.83195 -1.40934 4
1.33989 -1.52569 0.14645 2.72176 -0.08655 -0.81330 0.21537 -1.09755 1.54466 -0.73356 1.56387 0.80449 1.19543 0.94102 0.46892 -0.69693 0.26318 -0.62821 1.09172 -0.83518 1.63803 1.26024 -1.11017 -1.28459 -0.22427 1.22812 -0.70987 -1.59174 -0.68200 0.60415 -1.27548 0.70158 4
0.88943 -1.02005 -0.91070 -0.72702 0.75342 0.84622 -1.13357 0.14985 0.97934 -0.78621 0.96853 1.01661 -0.19241 -1.20824 -0.47473 0.48365 -0.09136 -0.76708 0.45222 -0.33051 0.85946 2.50005 -1.29863 1.21920 0.15495 1.84053 1.19100 1.08913 -1.56888 0.60415 0.89499 1.40521 4
1.26802 1.00535 -0.74248 -0.78253 -1.68655 1.70106 0.96049 1.35912 -0.84080 2.92657 0.57861 -0.51041 0.79956 -0.81187 -0.48759 2.98104 0.77438 -0.74618 1.05447 1.05756 1.32330 -1.21938 0.46440 -0.11365 -0.08861 -0.60912 -0.47055 -0.33987 0.15150 -0.61743 -0.97434 -1.40934 4
-0.53496 0.05431 -0.19119 0.14988 0.36718 -0.34925 0.93203 -0.58705 -0.13231 -0.60886 -0.14731 -0.08455 -0.95672 1.39446 -0.91732 -0.80049 0.63706 1.28746 1.83702 1.39737 1.62107 -0.59947 -1.43570 0.83917 0.01963 0.00329 -1.12104 1.33439 1.37948 -0.61743 -0.38958 -1.40934 4
1.46190 -1.27749 -0.66133 0.68998 -0.22909 3.00697 -0.66490 -0.03330 -0.46889 -0.94789 -0.80892 -0.85283 -0.17751 -1.20081 0.01358 -0.35065 -1.40372 -0.68166 -1.54541 0.08432 -0.76152 -1.21938 0.41678 -0.33799 -0.47503 0.00329 -1.19588 1.69572 -0.32461 -0.00664 -0.21115 -1.40934 4
-1.19034 0.85802 -0.51588 1.71463 -0.37410 0.23653 1.62421 1.67231 4.69357 -0.25997 0.58789 -0.94988 -1.07689 1.02847 -0.95356 0.44958 1.40970 -0.42331 -0.34254 0.50991 0.57860 0.02043 -0.72314 1.47805 0.90326 -1.22154 0.82185 0.31582 0.12704 -0.00664 1.27150 -1.40934 4
-0.78615 1.23378 0.23672 -0.71840 -1.22663 -0.69429 0.38153 -1.32917 -0.56709 0.14041 0.14328 -0.12064 -1.57278 -0.88770 0.80718 -0.71213 -0.75086 -0.09860 -0.68809 -0.52559 -1.57029 1.26024 0.47712 0.48232 -0.55898 1.22812 0.79362 0.24280 1.14201 0.60415 -0.42511 -0.00206 4
-1.62716 1.40268 1.31759 -0.25368 -0.91308 -0.99059 -1.26108 -0.31777 -0.94448 -0.30841 -1.57598 -0.19603 1.69286 0.39620 0.20573 -0.77820 1.63551 1.31586 -1.46377 -0.05422 -1.61563 -0.59947 0.41958 0.78982 -0.05369 0.00329 -0.23210 0.85605 1.62310 -0.61743 0.64813 0.70158 4
1.43353 0.49421 0.10968 -0.41570 -1.57642 0.54480 0.75405 0.85369 -0.51003 0.61093 0.37877 -0.28600 -0.67122 1.41501 -0.54534 -0.90509 -0.22693 -0.52173 0.91466 0.53107 -0.42132 0.02043 1.14799 1.72176 0.06503 -1.22154 -0.93732 0.23059 -0.05222 -1.22821 -0.69162 -1.40934 4
0.94840 -1.01270 -0.10930 -0.73258 1.11219 0.93935 1.39162 0.07934 0.16422 0.44290 0.36239 -0.87235 1.70410 -0.42053 1.46321 0.90736 -0.08595 1.19509 1.24237 -1.57648 1.05951 0.64034 0.57551 0.56097 -0.67499 0.61570 -0.82045 0.00899 -0.35318 -0.00664 0.44701 -0.70570 4
1.62278 1.44242 -0.77691 -0.02114 0.67683 1.04176 -0.24277 0.86071 -0.56554 -0.07702 0.43905 -0.38942 -0.39319 0.91419 -0.37106 1.06477 0.19017 -0.62035 0.86905 0.44132 1.10805 0.64034 1.42528 -0.34808 -1.11833 -1.22154 0.89906 0.81906 0.17658 -1.22821 -1.25902 -0.70570 4
-0.12085 -1.37043 -0.91556 -0.98790 -1.49149 -0.25782 -1.32671 -0.32194 1.62299 0.03692 -1.67441 0.65190 0.15616 -0.93354 -0.05912 -0.40133 0.41853 1.39226 -0.91275 -0.80997 0.81424 0.64034 -1.44656 1.08395 0.21853 0.00329 0.56006 -0.19341 1.52483 -0.00664 -0.34029 -0.70570 4
-1.53838 1.14964 -0.55414 -0.72988 -0.36685 -0.70401 -0.42725 -1.42511 -0.83891 -0.74645 -0.04887 -0.61434 -1.12545 0.28901 0.41616 -0.89049 0.31951 1.27351 -0.63651 0.71229 -1.72663 -0.59947 -0.94470 -1.35159 -0.40598 0.00329 1.37367 0.98384 -1.25576 -0.00664 1.35959 -1.40934 4
-1.21953 -0.33906 -0.36311 -0.94400 -0.25915 0.27527 -1.41592 0.12108 -0.34691 1.58259 1.58224 -0.23931 0.78534 0.89589 0.43298 1.07120 -1.18997 0.10669 0.06216 1.52562 -0.07904 0.64034 -0.80266 1.54955 1.24795 -1.22154 1.13860 0.80793 1.08417 0.60415 -0.23682 -0.00206 4
-0.50272 1.47708 -0.92227 1.48545 0.24714 1.84217 -0.29206 0.54775 -0.80746 -0.41234 0.51575 -0.65857 -1.24589 -1.00729 -0.92848 1.01620 -0.76126 0.23949 -0.92098 -0.12862 -0.59564 1.88014 -0.03612 -1.52626 0.41421 -1.22154 -0.79373 -0.06703 1.07976 -0.61743 1.40546 0.70158 5
-0.07603 1.00774 -0.68838 -0.50841 0.53264 -0.32169 -1.53401 0.46600 2.19837 0.51593 0.71118 0.71954 -1.41559 0.71372 0.07324 1.88266 -0.76506 -0.01859 -0.68286 -1.17266 0.12282 0.64034 -0.34565 0.54941 -0.52440 -1.22154 -0.62724 -0.30100 -1.60790 1.21494 -0.36488 0.70158 5
1.41047 0.11775 -0.51983 -0.94890 -1.23356 0.04006 -0.72648 -0.70635 1.16339 -0.72518 0.96239 1.43980 -0.15618 -0.99182 0.21172 -0.45583 1.34267 1.77342 0.04901 -0.41773 1.10385 -0.59947 1.54213 0.46166 0.57051 -1.22154 0.92268 -0.64806 1.32690 -1.22821 0.38191 -1.40934 5
-0.03305 -1.67157 0.07729 -0.79172 0.40259 0.94779 -1.35119 -0.97225 0.41565 -0.23540 1.24838 0.93519 0.66066 0.39372 -0.09254 0.07062 0.24515 7.87461 -0.31890 -1.20037 -0.31715 0.02043 -0.55388 -0.69661 1.00891 -0.60912 -1.08771 -0.15233 1.02711 -0.61743 0.20150 -0.00206 5
-0.00953 0.38217 -0.72355 -0.59054 -0.58591 0.07508 1.01903 1.16201 -0.80039 0.00053 -1.19215 -0.60404 -1.56751 -1.38165 1.39122 -0.98674 -1.71923 -0.50800 0.81544 -0.98597 -0.39463 -0.59947 -1.34160 -1.22079 -1.61012 1.84053 0.61384 1.37703 1.32788 1.21494 -1.00024 1.40521 5
-0.13901 -1.62704 -0.84668 -0.91611 0.20957 -0.37079 -0.08278 1.28871 -0.91264 -0.33487 -1.63683 1.49693 -0.54629 1.36005 -0.38922 -0.42013 0.40283 0.35434 -1.62782 -1.21481 -0.85372 0.02043 -0.99065 -1.36546 1.42586 0.61570 -0.85280 0.51013 1.41329 -1.22821 -0.75012 -0.70570 5
-1.62243 1.70236 0.19690 -0.44825 -1.33509 -0.49379 0.18258 -1.32759 -0.59565 -0.27439 1.23744 -0.76356 -1.10731 -0.75593 1.70465 -0.98058 -0.06557 2.84239 0.93546 1.27873 -0.90128 0.64034 -1.58018 -0.42034 0.76434 -0.60912 0.52660 1.21512 -1.08608 1.21494 1.09484 0.70158 5
0.75564 -0.25481 -0.81748 1.63569 1.35639 0.30784 -1.38911 -0.77864 -0.31579 0.95119 -0.87071 0.02409 -0.48125 1.11721 -0.63678 -0.84531 -0.65626 1.53616 0.48911 -0.62084 0.77016 -0.59947 1.64335 0.84121 -1.26929 0.00329 -0.37733 -0.97116 1.05234 0.60415 1.36493 -0.70570 5
-1.34388 1.59180 -0.46760 0.03092 -1.43316 -0.41679 -0.92909 1.21858 0.23800 -0.58987 1.51238 2.28024 -0.12872 -0.40267 -0.05868 0.67496 -1.62841 0.11251 0.04084 -0.08196 0.75770 1.26024 -0.19181 -0.39255 -0.28250 1.84053 -0.44369 0.30654 0.15683 1.82573 -1.67449 0.70158 5
-0.12885 0.73295 -0.83453 1.16991 1.25117 1.57197 -0.18629 -0.50160 -0.92277 2.38329 -0.84916 2.19511 -0.45986 -0.56782 1.14025 1.83678 -1.62992 2.25953 0.30127 -0.26092 -1.09974 -0.59947 0.04107 -0.89661 -0.63822 -0.60912 1.52226 0.60152 1.67748 -0.61743 -1.27182 -1.40934 5
-1.06242 -1.11211 1.17114 1.39327 -0.70661 2.02084 0.43477 -1.42274 0.59016 -0.02386 -0.01187 0.32173 -1.04741 1.62963 -0.96552 0.28697 1.63981 -0.52042 0.00702 -1.03712 0.78083 -1.21938 1.57797 0.89742 1.00189 0.00329 1.54547 -0.37934 -0.12790 -0.61743 -1.66463 -1.40934 5
-0.79371 -0.12493 -0.67361 -0.18355 1.22591 0.06481 1.26407 -0.89542 -0.27003 0.66160 1.30826 0.75978 -0.45208 -1.04132 -0.73040 -0.53149 0.27358 0.56144 0.21245 -0.83656 0.46394 -0.59947 -1.31699 -1.06629 -0.99791 -0.60912 -1.48304 -1.60179 -0.13241 0.60415 0.40658 -0.70570 5
1.51900 -1.61932 -0.91101 -0.59704 -1.06586 -0.32063 0.42856 1.23880 -0.50994 0.26643 0.70896 -0.17742 1.57250 -1.24827 -0.78355 0.28607 -0.94851 3.31380 2.10572 1.15575 -0.40584 -0.59947 -1.41184 -0.72592 -0.25229 1.22812 0.39936 -0.25119 -1.12551 0.60415 -0.48013 0.70158 5
-0.12327 0.60153 0.18274 0.27949 1.11542 1.20102 0.08653 0.26204 0.12308 1.84260 -0.86917 1.97521 0.31658 0.93786 -0.73547 0.24437 0.18460 -0.91140 -1.51322 -0.51518 1.71585 0.64034 -0.06604 1.60694 1.14474 0.61570 1.73040 1.48119 -0.15103 0.60415 0.39879 -0.00206 5
1.06524 -1.03618 -0.63424 -0.70031 -0.44033 -0.46619 0.81687 -1.71872 -0.92756 -0.72900 1.35907 -0.62090 -1.24709 -1.00225 -0.57621 0.56993 -0.44983 0.43612 -1.18144 1.29138 -0.66611 -1.21938 -1.70861 0.75797 1.19294 0.00329 -1.01399 1.59915 -0.17741 -0.61743 -1.41397 -0.70570 5
