1.58886 -0.79921 0.46873 1.92188 -1.46227 -0.57382 1.54267 -0.92694 -0.96128 -0.09300 0.69623 -0.75667 1.55243 0.19253 -0.51764 -0.44672 0.58949 -0.77699 0.63981 0.07171 0.42756 -0.59947 0.79531 0.39778 -1.27145 -0.60912 1.48196 -0.65757 -0.15364 -1.22821 -1.22842 -0.00206 1
-0.30665 -1.46449 1.67250 -0.35190 -0.30613 -0.81921 -0.14643 1.04871 1.35784 -0.71446 -1.32098 -0.40811 0.92802 -0.35871 0.23131 -0.93052 1.25144 -0.16891 0.20821 -1.30391 0.59314 -0.59947 -0.54662 0.48473 1.62505 -1.22154 0.20442 0.62630 0.13704 -0.00664 0.10727 -0.00206 1
-1.53622 -0.98980 -0.70487 -0.60511 -0.55051 -0.95287 -1.73640 0.50865 0.20898 0.06103 -0.49420 -0.76264 -0.53102 -0.40948 4.17780 -0.94686 1.63318 -0.78460 0.74949 1.60522 1.00759 -1.21938 0.05983 -0.19788 -0.35192 -1.22154 -0.92008 0.41137 0.66739 -0.61743 1.29257 0.70158 1
-1.61345 0.79506 -0.33278 0.06702 -0.91495 -0.52489 0.84905 1.29731 -0.42962 -0.49375 0.17598 -0.90465 0.19779 -0.00848 -0.80497 0.39681 -0.84125 0.11806 -1.75338 -1.11845 1.71884 0.02043 0.90713 -0.17160 -1.45191 -0.60912 -0.63436 1.72630 -0.31864 0.60415 1.04808 0.70158 1
-0.19649 -0.79866 -0.01276 1.51868 -1.43614 -0.61899 -1.69016 0.02963 0.54982 0.87847 -0.49066 -0.96123 -1.43827 0.65960 0.65116 0.85358 1.03296 -0.83064 -0.87598 -0.46940 -0.27868 -1.21938 0.72912 -0.27105 -1.28931 -0.60912 -0.17752 -1.37880 -1.05630 -0.00664 0.18110 -0.00206 1
1.08237 1.07296 -0.26739 1.22856 -1.35448 -0.27008 0.32932 -1.20030 0.12257 -0.39734 0.36399 -0.85862 -1.72331 -0.88161 1.54781 -0.53816 1.02795 -0.23588 1.95392 -0.80831 0.82468 1.26024 -0.44790 0.62529 0.62515 0.61570 0.28746 -1.63072 0.99983 1.21494 -0.14321 -0.00206 1
0.68921 -1.59644 -0.82267 3.50977 1.54876 -0.99313 0.81913 -1.10804 0.45947 2.27909 -1.05327 -0.25325 -1.17410 0.04111 -0.54017 -0.19940 -0.93072 -0.64064 1.12397 -1.51430 1.37561 -1.21938 -0.14813 1.46585 -1.15897 1.22812 1.01527 -1.14752 -0.49931 0.60415 -1.45985 1.40521 1
0.27673 -0.51370 -0.88940 -0.73286 0.94187 -0.87151 -1.11629 -1.47802 -0.46444 1.26116 0.76730 -0.44913 0.12771 -1.39349 -0.80534 0.60315 -1.02217 -0.35000 0.82434 0.64400 0.09806 0.64034 -0.85449 -0.19185 -0.76003 -1.22154 1.28296 -0.99773 -1.22564 -0.00664 0.74825 -0.70570 1
0.67900 -0.00586 0.74341 -0.22235 0.20830 -0.93722 -0.59860 -1.24305 1.17708 -0.88915 -1.59015 -0.45428 0.90271 -0.92750 -0.26573 1.36204 -0.65693 -0.31720 -0.90332 0.93951 -1.01883 1.26024 1.58495 0.17856 0.67649 -0.60912 -0.32270 0.65544 -0.92258 0.60415 0.74558 0.70158 1
-1.61743 -0.72892 -0.64772 -0.76225 0.85143 0.14486 -0.83634 -0.69598 0.73633 -0.89078 -0.68005 -0.80451 -0.64757 -1.39043 2.37016 -0.10547 1.66943 -0.58546 -0.42096 0.68796 -1.05484 -1.21938 0.48161 -1.06444 0.80357 0.61570 -0.82552 0.61795 1.71813 -0.00664 -0.95302 1.40521 1
1.33554 -0.10492 1.26042 -0.44536 -0.19575 -0.40025 0.73396 0.89389 -0.55068 -0.72501 -1.30778 -0.96919 -0.10905 1.02785 -0.16031 -0.15480 1.24217 -0.65871 1.69775 0.53689 0.22531 -0.59947 -1.17159 1.50791 -0.88883 -1.22154 1.66888 1.16317 1.35335 -0.00664 -1.23416 -0.70570 1
-0.86117 0.44635 3.32989 -0.35232 1.00150 0.61827 1.09208 0.19391 0.94055 -0.43771 1.28999 -0.69542 1.54886 1.48697 -0.84256 1.40280 0.79200 0.64384 -0.14882 1.43860 -0.40180 1.26024 -0.31871 -1.57296 0.48460 0.61570 0.71105 0.11993 1.26897 1.21494 -0.07756 1.40521 1
1.05032 1.18579 0.37668 0.61342 1.50658 -0.64435 1.26295 0.96705 -0.83143 1.38857 0.36514 -0.55925 -0.43560 -0.77697 -0.25123 -0.16605 0.31169 -0.79495 -1.30526 1.07036 0.27687 -1.21938 -1.04296 0.50760 1.33369 -0.60912 0.68838 -1.20653 0.15251 -1.22821 -0.23402 -0.70570 1
0.94050 -0.85072 0.13279 -0.94255 1.23214 0.21228 0.06295 -0.97363 0.03478 -0.43069 1.28745 -0.77679 -1.41447 -0.11882 -0.87748 -0.11173 1.50710 -0.69446 0.05143 0.74440 -1.31165 0.02043 1.07063 0.71923 1.36228 -0.60912 -1.39909 1.58906 -0.75272 -0.00664 -1.50897 -0.00206 1
1.15675 0.30446 -0.44528 -0.51387 0.69676 -0.90448 -0.53776 -0.68042 -0.95173 -0.79269 0.71646 -0.91723 -0.28566 -0.88914 1.31578 -0.37231 0.30815 -0.87534 1.63400 -0.68385 0.88106 2.50005 0.14542 0.56640 0.80057 0.61570 -1.41859 -1.02710 1.28766 2.43652 0.18662 1.40521 1
-0.56562 -1.14478 1.03294 1.92853 -0.96572 -0.25756 -1.34720 0.61282 -0.78853 0.07681 -1.64600 -0.19146 0.70151 1.40980 -0.06682 -0.98486 -1.46482 -0.25354 1.54413 -1.35516 -1.12687 2.50005 -1.38619 0.81785 -1.44739 -1.22154 1.73450 -1.37482 0.19787 2.43652 -0.33489 1.40521 2
-0.99896 0.69362 -0.54148 -0.95366 -0.83417 -0.73034 0.82089 0.21869 -0.18433 -0.61433 0.18765 0.14178 0.52836 -1.03011 0.60889 -0.89885 0.33504 1.27425 1.09930 0.87948 1.33164 -1.21938 -0.07796 -0.26404 0.29127 0.61570 0.00016 0.36763 -0.08514 -1.22821 1.23204 0.70158 2
0.70870 1.56552 -0.62444 2.38236 0.42839 -0.37098 -0.34297 1.20064 2.01120 -0.77594 -0.93400 0.90035 -1.01804 -0.00485 1.45894 -0.49270 0.33157 -0.62176 -0.49570 0.69861 0.43410 0.64034 -1.36899 1.66378 0.21337 -1.22154 -0.82829 1.42824 -1.37471 -0.61743 -1.02761 1.40521 2
1.67027 1.35265 -0.80000 0.28239 -1.67240 -0.80794 0.15588 -1.30728 -0.80948 -0.86773 -1.70101 -0.56661 -1.11697 -1.32334 0.13092 -0.59741 1.14951 -0.80700 0.64196 0.92349 -0.64077 0.02043 0.10916 1.34273 -0.32503 -0.60912 -0.17357 1.43244 -0.07798 -1.22821 1.74523 -1.40934 2
1.61513 -1.14251 0.40747 -0.98188 0.48211 -0.35140 -1.42255 -1.08670 0.79012 -0.50264 0.63573 0.52111 -1.09896 1.38969 2.52736 -0.49719 0.79071 1.13707 0.37022 0.38333 0.88930 0.64034 1.56318 -1.60801 -0.16185 0.61570 1.27138 -1.67608 1.56990 1.21494 0.04139 1.40521 2
0.70298 -0.15695 -0.44395 -0.38639 -1.66662 -0.76162 0.85477 -1.72360 -0.43896 1.40006 -0.33937 -0.09116 -1.41684 -1.07555 0.53744 -0.88027 1.12016 -0.62209 0.27764 -1.69425 -0.03858 -1.21938 1.70344 1.35711 -1.45979 -0.60912 0.70104 1.11479 -0.35151 -0.61743 -0.61877 -0.70570 2
1.39883 1.56158 2.59242 1.91987 -0.20973 0.50740 -1.19752 -0.70338 0.30140 -0.16338 1.22625 0.45703 0.71561 -0.97174 -0.29561 -0.95716 -0.23970 -0.59196 1.75816 -0.14888 0.76012 0.02043 0.56140 0.10637 -1.66021 -0.60912 -0.79025 -0.16381 0.74367 -1.22821 0.40854 -0.00206 2
-0.49303 -0.10843 -0.88738 -0.17787 -1.23450 -0.88631 1.62535 1.20660 -0.58684 -0.35438 0.41495 0.92658 0.78707 0.99475 0.02758 1.71869 -1.29628 0.51396 -1.20521 -1.10288 -0.36653 0.02043 -0.43478 1.33608 0.14637 0.61570 0.52115 0.84425 -1.08419 -0.00664 0.48004 1.40521 2
1.36187 1.10599 -0.59654 -0.02851 1.44264 0.53036 -1.50563 1.60291 0.93246 -0.43298 1.23630 -0.69833 0.16285 -0.41829 -0.49640 -0.72233 0.35111 0.00099 1.74930 1.44214 1.10072 -0.59947 0.70704 0.60531 -0.60302 -1.22154 1.04321 1.47678 1.40536 1.82573 -1.29972 0.70158 2
1.04462 -1.18501 0.19033 -0.11464 1.70256 2.94180 1.62386 1.51781 0.45665 2.09238 0.28453 0.66795 -0.82080 1.31572 -0.61647 -0.83915 -1.42458 -0.42310 1.04026 0.09689 -0.91127 -1.21938 0.08272 0.21178 -0.23497 -0.60912 1.18644 -0.51791 1.45001 -0.61743 0.08385 -0.00206 2
1.03658 -1.61687 -0.73792 -0.78507 -1.72764 -0.71535 -1.61219 -0.25221 -0.43611 -0.17816 -0.67934 -0.05436 1.14350 -0.97928 -0.87620 0.98218 -0.34486 -0.76848 -1.96997 -0.04051 -1.50933 -1.21938 -0.49617 -0.43974 -0.11928 -1.22154 0.23412 1.38763 1.08632 -1.22821 0.24337 -1.40934 2
-1.23058 -0.67612 -0.75812 0.44842 -0.53311 -0.78036 -0.51836 -1.55649 -0.09793 3.61576 0.49146 -0.13255 -1.18638 1.09192 -0.71712 -0.53563 -0.60593 -0.75747 -0.32824 1.00979 1.27031 -1.21938 1.23083 -1.48469 0.35232 -0.60912 0.87306 -1.02913 -0.57356 -1.22821 -0.59700 -1.40934 2
1.38254 -0.93569 0.46828 1.09261 -1.60245 0.61369 -1.52386 1.04626 -0.39525 -0.67030 1.59217 0.37013 0.80628 -1.67547 0.15829 -0.01788 0.38418 -0.83826 -0.93040 -0.05627 0.13218 0.64034 0.63874 1.11271 1.15977 -0.60912 0.33342 -1.61106 -0.44636 -0.61743 -1.21996 0.70158 2
1.22647 1.12605 -0.57807 -0.46282 -1.39262 0.47735 1.12148 1.62046 -0.19979 -0.69832 0.67676 -0.14110 -0.01185 1.37969 -0.22613 -0.75269 -0.09306 -0.08831 1.41998 -0.74431 -0.56583 -1.21938 0.42516 -1.58159 0.37570 1.22812 -0.64512 1.00500 -1.08502 1.82573 0.76918 1.40521 2
1.43318 -1.69087 -0.60009 0.49268 0.65647 0.52017 -0.49743 -1.07376 -0.91301 0.84104 -0.63326 -0.91876 1.26026 1.28960 2.56483 0.04310 1.34000 -0.94282 0.07637 0.33739 0.14830 0.02043 0.94739 -1.07354 1.39277 0.00329 -0.79433 -0.64818 1.15095 -0.61743 -0.53285 -1.40934 2
-0.90484 0.35951 -0.56576 -0.86201 1.41384 -0.62545 0.16189 0.43456 2.10110 1.10434 0.74522 0.06239 -1.27559 -0.66168 -0.45329 -0.79688 -0.02728 -0.03908 0.42733 1.29769 -0.21164 0.02043 -1.72160 1.50953 0.59114 1.84053 0.49675 0.78311 -1.48943 0.60415 0.32099 1.40521 3
0.97465 0.31592 0.85234 -0.03881 -0.92935 0.22465 1.13431 -1.48044 -0.04344 0.86804 0.61087 -0.90469 -0.42606 0.82962 -0.95129 -0.87444 1.31291 -0.19013 -0.75889 1.58342 1.56872 0.02043 1.06910 -1.22788 -0.68097 -1.22154 0.25202 1.64900 1.45582 -1.22821 -1.69704 -0.70570 3
-0.44777 -0.85074 0.68898 -0.10248 -0.24699 1.05247 1.67548 0.36385 0.73276 1.19456 -0.46259 -0.81040 -0.64622 -0.51143 3.78588 -0.14542 0.63933 -0.13336 0.04785 0.99232 -1.38077 -1.21938 0.33863 0.19392 -0.61962 -0.60912 -1.47613 0.59685 0.38077 -0.61743 1.11144 -1.40934 3
-0.08089 1.15749 -0.39379 -0.73391 -0.24487 -0.01733 -1.47130 -0.32852 -0.93645 0.61974 -1.30873 0.00188 1.62081 -0.51662 -0.23909 -0.41681 0.54819 -0.55437 1.34590 1.29208 -0.01199 -1.21938 0.44340 -1.22183 -1.52496 0.00329 -1.66237 -1.09099 0.10788 -0.61743 0.60027 -1.40934 3
1.15054 1.26867 0.19012 0.74760 0.73222 -0.07429 0.35777 -1.17780 0.33533 -0.11653 -1.64517 -0.55026 0.83696 -0.17987 -0.82057 2.29106 -1.45095 -0.61625 0.88951 0.29469 0.52809 -1.21938 -1.47008 0.36274 -0.75653 0.00329 0.97364 1.28519 1.18333 -0.61743 -1.70266 -1.40934 3
0.09393 1.24775 -0.24928 -0.19248 0.75621 -0.68914 1.59854 1.36131 0.02793 0.17703 1.30528 -0.24277 1.13946 -1.15298 -0.82835 -0.41381 0.66129 0.43989 -1.21153 -1.51784 -0.61260 0.64034 0.32802 -0.83270 0.40826 -1.22154 -0.37551 -0.74752 1.21644 -0.61743 -1.55098 -0.70570 3
-1.57272 0.12984 1.32383 -0.83889 -0.33622 -0.57931 -0.63935 -0.57975 -0.60421 0.83027 -0.33941 0.35105 0.43015 0.43474 -0.11424 0.33322 1.29066 -0.89235 -0.15390 -0.37018 -0.86112 0.02043 1.73752 0.80839 1.70885 -1.22154 -1.21566 1.39829 0.41266 -1.22821 0.00660 -1.40934 3
-0.99514 0.89920 -0.45648 -0.45760 -0.93215 -0.45869 -1.65897 1.71386 -0.97359 3.20651 -1.16869 0.33745 1.13091 -0.19804 0.27733 -0.25451 -1.38173 -0.23148 1.10982 1.18675 -1.03775 -0.59947 -1.00708 -0.70793 -0.97930 -1.22154 0.31379 1.06955 0.01649 -0.61743 -0.85680 -0.00206 3
-1.51499 0.09241 -0.41285 -0.88850 -0.39935 1.05830 -0.52397 0.10772 -0.88151 -0.70428 -1.41895 -0.22741 0.34025 0.90251 -0.80959 0.11433 0.21007 0.13082 0.97909 -0.93326 0.56251 -0.59947 -0.21208 -1.22880 0.36558 0.00329 -0.11088 -0.25943 0.55204 2.43652 -0.55934 1.40521 3
1.01495 -0.32413 -0.45948 -0.24622 0.16693 -0.82398 -0.74258 0.01869 0.44831 2.11323 -1.11370 -0.47984 -1.71987 0.73748 1.87983 -0.30324 -1.51511 0.31592 -0.47578 -0.61782 0.90204 0.64034 -0.49742 0.06414 -1.21482 0.00329 0.68931 0.10300 -0.62455 -1.22821 -1.23738 -0.70570 3
-0.93970 0.98839 0.03185 -0.87763 -0.40410 1.12061 1.34976 -0.70600 -0.89977 -0.91893 0.48939 -0.01664 -1.30903 -1.11530 1.67823 -0.56244 1.43000 -0.82977 1.43437 1.23616 1.53051 1.26024 1.01353 0.54190 -1.58487 1.84053 0.16272 0.95879 -0.61030 2.43652 -0.79101 1.40521 3
-0.84607 0.80720 -0.69878 0.29842 0.08358 0.74731 -0.24004 1.31795 0.27638 -0.95740 0.95364 -0.30728 -1.56584 -0.62449 -0.33557 -0.41813 -0.14592 -0.83564 0.22685 -0.11957 1.29897 1.88014 0.92103 -1.26707 1.25407 1.84053 -1.32794 -0.78373 1.68038 1.82573 -1.27057 0.70158 3
-1.57624 1.35960 -0.93070 0.76776 -1.34137 -0.03180 0.08282 -0.64858 -0.57227 0.11131 1.36127 -0.23499 -1.16503 1.27757 -0.42396 1.19538 -1.42698 -0.11040 -1.03660 -1.32238 -0.72969 0.64034 -0.35040 -0.99573 -0.09086 0.61570 0.04195 -0.63588 -1.57148 -1.22821 1.37184 -0.00206 3
-0.32355 -1.44713 -0.90073 2.79985 0.53890 -0.50585 -1.21518 1.14317 -0.77978 -0.40539 -1.45830 -0.25886 0.10592 -0.21836 0.06457 -0.68542 -0.32297 -0.76034 0.38225 1.44666 -0.48488 0.02043 1.49087 -0.84912 -1.00982 -0.60912 0.20510 -0.49574 0.90739 -0.00664 0.13757 -1.40934 3
-0.13773 -1.26862 -0.66444 1.13108 0.69974 -0.50232 -0.53158 0.07118 -0.19335 0.28128 -0.14963 -0.55452 0.72587 1.62823 1.46461 -0.77358 1.65346 -0.50783 -0.22092 0.50616 0.48033 -1.21938 -1.04639 1.09504 -0.33589 0.61570 -0.35156 -0.31958 -0.64568 0.60415 1.40218 -0.70570 3
1.32914 -0.52101 -0.12763 -0.73760 0.70644 0.77964 -1.57004 -1.02548 -0.57655 2.38886 -0.01889 -0.58872 0.19340 0.47094 -0.18519 0.12075 -1.49907 -0.64870 0.47040 1.38160 -0.57619 -1.21938 -1.60292 -0.43269 -0.71790 -0.60912 -0.95517 1.17289 -0.85543 -1.22821 -1.57388 -1.40934 4
0.76828 -1.57873 -0.61924 -0.16843 0.28381 0.28062 -0.31892 1.40060 1.67430 -0.27534 -0.36679 -0.27594 1.48862 1.22580 -0.79511 -0.88153 1.28805 0.58442 -0.29459 -0.10945 1.20384 0.64034 1.55063 0.50434 0.72600 1.84053 -0.26563 1.24801 -1.60665 -0.00664 -0.43801 0.70158 4
-1.66667 0.58157 -0.75004 -0.32731 0.87486 -0.50369 -0.60313 1.29668 0.65147 -0.79886 0.72878 0.54124 1.61481 -0.47368 1.88247 0.71579 -1.70891 -0.34494 1.57782 -1.30962 -1.43861 -0.59947 -0.56918 1.38714 -1.01542 0.00329 -0.20486 -0.95572 -0.52534 0.60415 0.80977 -0.70570 4
-1.50106 -0.48638 -0.69162 -0.79656 -1.19306 -0.49011 -1.19409 -0.14046 0.08655 0.36485 -1.68121 0.14901 0.15424 -1.66866 -0.73731 -0.84155 1.66227 0.19108 1.35723 0.37208 -1.61757 -1.21938 -0.30808 1.72458 -1.07840 -1.22154 -0.32255 -1.24636 -0.06091 1.21494 -0.78533 0.70158 4
0.49452 -0.09956 -0.20223 0.64454 0.80597 -0.07165 -1.28071 0.70300 0.00195 -0.88318 -1.60280 1.69859 1.16056 1.71715 0.92337 -0.00091 0.82283 0.10950 -0.25186 -1.33343 -0.90509 0.64034 -1.22350 -0.26009 -0.23963 -0.60912 1.26420 -1.62855 1.40825 -1.22821 1.12944 -0.70570 4
-1.19034 0.85802 -0.51588 1.71463 -0.37410 0.23653 1.62421 1.67231 4.69357 -0.25997 0.58789 -0.94988 -1.07689 1.02847 -0.95356 0.44958 1.40970 -0.42331 -0.34254 0.50991 0.57860 0.02043 -0.72314 1.47805 0.90326 -1.22154 0.82185 0.31582 0.12704 -0.00664 1.27150 -1.40934 4
-0.40060 0.25738 -0.91629 0.52390 1.32892 -0.90087 1.22666 -1.44686 -0.25333 -0.31635 0.82159 0.30391 -1.70389 0.70898 0.48593 -0.62553 -1.49724 0.31156 0.61221 0.49395 0.44457 -1.21938 0.87880 -1.65085 0.83717 0.61570 1.40875 -1.66400 0.98997 -0.00664 0.81126 -0.70570 4
-0.45546 -0.62956 -0.37180 -0.21385 1.64244 1.99768 0.25621 -0.12828 -0.91344 -0.74358 1.33604 0.01146 -0.30420 1.13767 -0.55573 0.53580 1.12522 -0.58096 0.42839 -1.11509 -1.51063 -1.21938 0.95770 -0.92290 0.48988 0.00329 -1.43478 -1.20179 0.40195 -0.61743 1.53273 -0.70570 4
1.41995 1.41642 -0.66324 1.41581 -1.20383 -0.81226 -1.21798 0.31923 -0.82655 -0.79718 0.09932 1.64694 0.11062 -1.67118 -0.82371 -0.48034 -0.49203 -0.77480 0.60682 1.61661 -1.19203 0.02043 0.69481 1.45659 1.18046 -1.22154 -0.24385 1.24418 -1.12753 0.60415 1.56749 0.70158 4
1.20872 0.30121 -0.84768 -0.20597 -1.33966 0.94749 1.42547 -0.73013 -0.17368 -0.53912 0.95292 -0.99568 -1.25495 -0.64033 -0.05835 0.50498 0.20588 0.09473 -0.37810 0.30925 -0.29302 0.02043 -1.35097 1.29467 -1.36119 0.00329 1.66692 -1.69640 1.21258 -1.22821 0.60478 -0.00206 4
-0.15010 -0.58924 -0.59829 -0.30736 1.57665 1.78112 -0.58917 1.47487 0.48684 -0.42613 1.62660 0.64318 1.03154 -0.42691 -0.70647 -0.51983 -0.00252 -0.91653 1.25815 1.23735 1.60701 -1.21938 -1.01035 0.70975 0.64817 -1.22154 -0.42743 -1.11367 1.04107 -0.61743 0.81110 -1.40934 4
0.75673 -0.46964 -0.35347 -0.33890 1.61396 1.32211 -0.49204 -0.01628 -0.91845 -0.22117 -1.56345 -0.35718 -0.60491 0.69463 0.97464 0.02679 0.60350 0.15069 -0.20735 0.45690 0.09947 0.64034 1.00124 -0.79906 -0.75844 2.45294 -1.09414 0.91075 1.20506 -0.00664 -1.24546 1.40521 4
0.98263 -0.88862 -0.86507 -0.31422 0.64472 -0.24781 0.81904 -1.36798 2.47119 -0.79069 -0.79229 0.77521 -0.80906 1.32083 2.25040 -0.28002 0.47133 2.23055 0.33278 0.67247 1.42300 0.64034 0.62462 1.11709 0.50503 0.00329 1.59338 0.41648 1.50995 -0.61743 -1.02652 0.70158 4
-0.37391 1.04225 0.68381 -0.88690 0.24700 -0.40290 -0.91545 0.90286 -0.85062 1.34388 1.19933 0.97272 -0.32812 -0.77487 -0.49071 -0.77877 1.37412 -0.77882 -0.29735 0.27055 0.16659 -0.59947 1.54399 0.71076 -0.09012 0.00329 -0.48509 0.05028 1.31588 -0.00664 1.73660 -1.40934 4
-1.59118 0.67199 1.30925 -0.98133 1.10596 1.97052 1.10999 -0.38628 -0.98532 -0.65251 0.28690 0.03467 -0.04447 1.10695 -0.83077 -0.13029 -1.45175 -0.76613 -0.26128 -0.07742 -0.12750 -0.59947 -0.56162 -1.20711 1.39407 0.61570 0.94546 -0.18737 0.95416 -0.00664 1.14576 0.70158 4
1.26035 -0.24980 -0.31368 0.15749 0.47024 -0.47749 -0.60568 1.40086 -0.97144 1.28510 -1.09402 0.91267 0.88795 -1.45170 1.13762 -0.02141 0.71162 0.55231 0.54204 1.24110 -0.68463 -0.59947 1.51483 0.47104 -0.95763 -0.60912 -0.39568 -1.39629 -1.52679 -0.00664 0.91336 -1.40934 5
-0.80638 0.42838 -0.66224 -0.11958 1.03777 -0.24161 -0.13221 1.09582 0.51350 -0.83057 -0.78704 3.48629 -1.19984 1.44505 -0.86606 -0.69212 1.61615 -0.60541 1.61214 0.16570 -0.40278 -0.59947 0.82249 -0.73240 -0.22164 0.00329 0.96695 1.62887 -1.63594 -0.61743 1.68136 -1.40934 5
-0.74457 -1.20387 1.02652 -0.79193 0.02464 -0.58749 0.89202 -1.34694 -0.47829 -0.30873 -1.12775 0.29433 -1.41876 1.67420 -0.10447 2.70857 1.18853 0.39831 -1.03603 0.07134 0.71028 1.26024 0.63722 -0.39592 1.18964 1.84053 -0.58077 1.70357 0.22827 -0.61743 -0.82757 1.40521 5
-0.09681 0.58568 0.77010 -0.86588 -1.49900 0.25088 -0.16275 0.63979 0.97980 -0.26604 -0.86575 -0.62276 0.64619 1.06874 2.03865 -0.68220 -0.30330 2.04126 1.81278 0.93998 -0.74253 -0.59947 0.56165 0.80462 1.43118 -0.60912 1.53086 -0.03367 1.68583 -0.00664 1.62837 -1.40934 5
1.44258 1.27556 -0.92242 -0.56600 0.35760 -0.91850 1.68232 0.74276 -0.80817 1.59446 -0.15649 0.08817 1.01009 -1.37750 -0.91235 -0.26315 -1.01285 0.49547 -1.59472 0.77578 0.23246 0.02043 -1.60860 -0.74930 0.77518 0.61570 -0.33475 1.68639 -1.29362 2.43652 0.17641 1.40521 5
1.14241 -0.27346 -0.21971 -0.49470 0.61114 0.04945 -1.29923 -1.36339 -0.87409 -0.17635 -1.57889 -0.06249 -0.18904 0.03934 -0.39789 -0.13228 1.46806 0.66677 -0.59489 -1.00815 -0.75520 -1.21938 -0.97160 0.62715 1.27423 0.00329 0.30473 0.12039 -0.51602 -0.00664 0.76650 -0.70570 5
-1.23029 -1.37994 -0.24236 1.06466 -0.29881 1.05365 0.10404 -0.06019 -0.61899 1.64734 0.20368 -0.14063 0.18770 -1.58915 -0.19900 -0.48475 -1.09940 1.17771 -1.45028 0.43266 0.25659 -1.21938 1.57591 1.59377 0.65967 1.84053 1.40151 -0.47696 0.91555 0.60415 -0.54759 0.70158 5
0.33724 1.35518 -0.41565 -0.53343 -0.13315 -0.03921 1.24804 0.70457 -0.90966 0.36160 -0.76793 2.18103 -1.68196 -1.59984 -0.26444 -0.39724 -0.91809 1.18471 2.19414 1.10365 -1.20054 -0.59947 -0.22829 1.32395 0.43338 -1.22154 0.27279 -1.34410 -0.50997 -0.00664 -0.77188 -1.40934 5
-1.55031 -0.28443 1.78004 -0.72113 -1.21285 2.19521 0.30581 -0.84808 -0.95411 -0.44337 -0.41065 2.35256 -0.08606 1.14652 -0.41858 -0.59813 -0.02934 -0.86862 0.74718 -0.28996 -1.19997 0.02043 -0.78338 0.03470 0.96708 -0.60912 1.70423 1.20406 -0.79828 -1.22821 0.01237 -1.40934 5
0.59604 -1.68351 0.15054 -0.43490 1.18761 -0.55643 -0.00317 -0.90507 0.64028 -0.91431 0.72729 3.55097 1.22899 -0.36207 0.24986 1.56572 0.92438 -0.34548 0.66239 0.87264 0.22323 0.64034 -0.21597 -0.56856 -0.61269 1.84053 0.63267 -1.68415 1.13349 -0.00664 -1.17155 0.70158 5
-1.47054 -1.25558 -0.23977 -0.68079 1.02187 3.35953 1.01134 0.27943 -0.03146 0.06801 -0.07924 -0.99146 -0.55041 -0.84434 -0.64277 -0.84666 -0.97891 -0.73741 -0.02923 0.38591 0.96575 0.64034 1.28127 0.28187 -1.03557 -0.60912 0.68024 0.86532 0.50439 -0.00664 0.26813 -0.70570 5
-1.60224 1.29512 0.55172 -0.96962 0.87677 -0.70893 -0.07891 1.05970 -0.70787 -0.71375 1.33431 -0.87664 0.19972 0.83623 0.62010 -0.80345 -0.66463 3.57054 0.94662 0.18656 1.39046 -0.59947 0.40978 0.13214 -0.80111 -1.22154 0.41193 -1.71751 -1.04502 -0.00664 -0.63670 -0.70570 5
1.71371 1.54737 -0.68474 -0.53946 -1.06330 1.13242 -0.69140 0.37596 -0.89379 1.92389 0.55502 1.55090 -0.24983 -1.10655 0.01788 -0.94872 1.05459 0.09556 -0.29284 -1.45631 -0.57980 -1.21938 0.08766 -1.38707 -1.53297 -0.60912 1.39430 -0.69995 -1.17659 0.60415 0.99284 -0.70570 5
-0.50015 0.67190 -0.47284 -0.56851 0.05689 -0.31082 -0.13674 -0.60779 -0.01014 -0.82294 -0.96919 0.21733 -0.05598 1.38777 -0.75264 -0.44452 -0.01276 0.48810 -2.00588 0.41255 0.46067 0.64034 -1.54251 1.61477 -0.33498 0.61570 1.19308 1.47536 -1.17434 -0.61743 -0.67608 -0.70570 5
0.62070 1.71198 0.58205 -0.01388 0.45992 -0.70644 0.76550 0.83475 -0.70499 -0.51524 0.95750 4.27704 0.64737 -0.11931 0.16484 -0.96902 1.20778 -0.62837 -1.27420 -0.71962 -0.02337 1.26024 -0.66153 -0.33612 -0.61883 -1.22154 -0.11827 -1.40778 0.52925 -1.22821 -1.31716 -0.00206 5
