1.69465 -0.13851 0.79385 -0.22071 -0.86096 0.24884 1.33244 -0.31759 -0.75200 -0.53738 -0.92989 -0.89899 -0.84448 -0.07638 -0.64190 -0.90083 -0.24543 2.11164 0.97961 -0.13657 -1.64957 -1.21938 -1.02334 -1.35925 1.08549 -0.60912 -1.47331 1.30744 1.16663 -0.61743 -1.08410 1.40521 1
1.28149 -0.88306 0.69414 -0.08842 1.17822 -0.79219 -0.55761 -0.10647 -0.99930 -0.40632 -1.63126 -0.55294 -0.15161 -1.02466 -0.46019 1.04670 0.83864 -0.25752 -0.84182 -0.46037 0.78306 -1.21938 0.60402 1.37320 -1.45269 0.61570 -0.25941 1.09085 -1.14088 -0.00664 0.07459 -0.70570 1
-0.99852 0.63123 0.09449 0.93454 -1.06914 -0.73875 -1.36334 -1.25554 0.28507 0.48902 0.48853 -0.56610 -1.54991 -1.59474 -0.36296 -0.68289 -0.11538 0.16066 0.50664 -0.38496 -1.46361 -1.21938 0.29189 -1.11334 0.12764 -1.22154 -0.36916 0.09475 1.30465 -0.00664 0.90604 -0.00206 1
-1.66714 1.26227 2.34626 -0.42199 1.39522 -0.12338 0.39193 0.85113 -0.77244 0.02727 1.21919 0.08894 -0.37801 0.69445 0.42731 4.12647 -0.12103 0.75542 0.20207 -1.70899 -0.87121 1.26024 0.25147 -0.48184 0.37557 -0.60912 -0.97116 -1.57357 -0.94699 2.43652 1.35940 1.40521 1
1.21571 1.56163 1.22655 0.40599 -0.18106 -0.82251 -0.05466 -1.56989 -0.91023 1.83765 1.74771 -0.41773 0.25492 0.11342 -0.12189 -0.93505 -1.27920 2.28996 -1.57308 -1.67900 0.82284 -1.21938 0.73477 1.57503 -1.62105 0.61570 -0.82490 0.20365 -0.44787 -1.22821 1.28949 -0.70570 1
0.24295 1.47708 -0.85830 -0.67736 0.36153 -0.86258 -0.56086 1.53609 -0.27097 2.83281 -1.39212 -0.90826 0.25003 0.41229 -0.79226 1.27649 -0.05093 0.21242 0.39608 0.79016 -1.23128 1.88014 1.72569 -1.64163 -0.88308 1.22812 1.60814 -0.49927 1.64512 -0.61743 0.13400 1.40521 1
0.24903 -1.40298 0.22740 -0.50181 0.12070 -0.64883 1.71684 -1.01772 -0.84591 -0.91693 -1.58080 -0.97112 0.74148 -0.64782 -0.72701 -0.83642 1.57784 -0.77393 -1.26850 -0.36354 -0.73204 1.26024 1.73946 -0.40004 1.55741 -0.60912 -0.66082 1.32557 0.09736 -0.00664 0.55772 -0.00206 1
0.71999 0.28557 -0.32739 0.51914 1.01687 -0.59487 -0.61985 -1.72899 0.40063 -0.13780 1.13837 -0.87631 0.53212 0.85257 -0.68051 1.63653 0.76021 -0.67721 -0.09393 -1.02304 -0.53027 0.64034 1.13078 -0.15919 -1.47386 0.61570 0.42628 -1.41634 -1.21161 0.60415 -1.46579 -0.00206 1
0.37201 -1.64294 2.09656 -0.92587 -1.59200 -0.32960 0.12817 -0.24482 -0.94242 0.17912 0.95471 -0.88380 -0.41676 0.78263 -0.72241 0.83099 0.36557 -0.24642 -1.55039 -0.51964 0.52505 0.02043 -0.19472 -0.92385 0.76569 1.84053 0.12951 -0.86507 -0.08246 0.60415 0.95629 0.70158 1
-1.65993 0.65629 2.73002 -0.86061 -1.56413 -0.33033 -0.58181 0.78509 -0.15867 1.22873 0.92872 0.59834 -0.61196 -1.09390 -0.40271 1.73379 -0.20760 1.46257 -0.86671 0.87114 -1.51382 -0.59947 -0.01103 0.32322 -1.13311 -0.60912 1.53371 -0.13297 -1.69012 0.60415 -0.90566 1.40521 1
-1.63553 0.45678 -0.89026 2.32825 0.50601 -0.48879 0.27060 0.95482 0.99854 0.16242 -1.58739 -0.04886 -0.78162 1.05024 -0.99849 -0.68590 -1.48032 -0.86639 0.89845 -1.45305 1.60490 -1.21938 -1.64055 1.50560 -1.60970 -0.60912 -1.28550 1.39193 1.06275 -1.22821 1.58945 1.40521 1
0.48051 1.43474 -0.90345 -0.11017 -0.27911 -0.91021 0.98247 -1.00917 -0.60663 0.54075 0.90893 -0.73425 -0.91066 -0.23268 0.00137 2.38221 -0.84269 -0.96070 -0.10904 -1.44523 1.57204 -1.21938 1.46648 0.02521 1.62040 0.61570 -1.63161 -1.45743 0.26889 -0.61743 0.90992 -0.70570 1
-0.43710 1.44885 0.01348 -0.00061 -1.48217 0.27508 -0.85639 -1.43545 -0.68386 0.31788 1.51520 -0.77703 0.43658 -0.77506 -0.88478 1.41287 -1.55589 1.01411 0.44388 1.53708 -0.40847 -1.21938 -1.19653 -0.60340 0.88225 -1.22154 0.71881 1.22732 1.32134 -0.00664 -0.42103 1.40521 1
0.62986 -0.42437 -0.88282 -0.60370 0.73111 -0.51295 -1.58535 0.53096 1.25780 1.63771 1.45460 -0.63336 -0.79758 1.40292 1.90507 1.10017 1.41448 -0.29528 -1.64614 -0.87991 -0.13945 -0.59947 -1.03003 1.52856 -1.64888 -1.22154 0.28985 0.03751 -0.47400 -0.00664 0.51914 -0.70570 1
-0.61907 0.78057 -0.63617 -0.23899 0.14066 0.01254 1.60138 0.44528 -0.34317 0.22074 -1.53342 -0.62858 -1.71991 1.61109 0.75378 0.40063 -0.58699 -0.81218 0.80001 -1.71917 -0.70299 0.64034 -1.24164 0.58294 -1.72688 0.00329 -1.31345 -1.65727 1.15754 0.60415 -1.18177 1.40521 1
1.00271 -0.10078 0.81280 -0.94154 -0.72358 -0.82838 -0.43522 0.22793 0.47981 -0.94845 -0.93528 -0.76620 0.07634 -0.11520 -0.03132 -0.05213 1.16366 2.62491 -0.20780 -1.48340 1.57097 0.64034 -0.34395 0.39145 -1.72835 2.45294 -0.23585 1.64004 -1.71404 0.60415 -1.24179 1.40521 2
-0.68812 -0.06837 1.33997 1.29901 -1.67219 -0.80690 -0.87411 0.95805 -0.49640 1.67617 0.65848 -0.58934 -0.95240 1.05694 -0.32052 -0.83213 0.21690 -0.44568 0.15566 -1.40741 0.98944 -1.21938 -1.19002 -0.39094 -1.11832 -1.22154 0.64947 1.60109 0.99236 -0.00664 -0.95106 -0.70570 2
1.52155 -1.40714 -0.83225 -0.90288 0.56179 -0.91548 -1.13367 1.58603 -0.05489 0.16502 0.12832 -0.60533 -1.27418 1.34201 -0.30250 1.15556 -0.96079 -0.46584 0.55157 1.65031 -1.69170 -1.21938 -0.82933 1.13242 -1.38611 0.61570 -0.61853 0.58833 0.05914 -0.61743 1.69284 -0.70570 2
-0.45955 0.38340 -0.17601 -0.89094 -0.47194 -0.93910 0.03757 1.65194 -0.82989 1.22615 -0.92779 -0.54061 -1.09330 -0.56135 0.94857 -0.25318 -0.67529 2.27183 0.96795 0.40161 0.06598 -0.59947 -1.67872 1.17851 1.26723 -1.22154 -0.25172 -1.58653 1.22579 -0.61743 -0.42791 -0.70570 2
-0.63523 1.45883 0.30581 -0.52510 -1.47011 -0.85503 0.03988 1.22532 1.57041 -0.90979 1.06271 -0.37264 1.28453 0.95314 -0.88676 -0.93401 -0.03935 0.45280 -1.32394 -1.58120 -0.54198 -0.59947 0.35035 -0.35755 1.58011 0.00329 1.56387 -0.95568 -0.04768 2.43652 -1.46048 1.40521 2
-0.70000 0.52572 -0.31023 -0.96965 -1.64017 0.52109 -1.51265 -0.47280 0.68361 -0.95647 0.75587 -0.91573 1.14199 0.55683 1.65019 0.51930 -0.87753 -0.39031 1.39465 -1.35943 1.63515 -1.21938 -0.40959 0.91029 -0.06636 0.61570 -1.00493 -0.85473 -1.29438 -0.61743 -1.27801 -0.70570 2
-0.99092 1.16583 -0.14175 0.18001 0.55426 0.63195 1.40653 -1.64812 0.48865 -0.71468 1.17201 -0.81715 -1.42464 1.07093 1.10413 -0.64911 -0.84162 -0.55941 -1.03098 0.68366 0.66264 0.02043 0.21883 0.97250 0.88180 1.84053 1.05316 0.03276 1.36991 -1.22821 -0.26586 1.40521 2
0.41443 -0.28192 -0.34542 -0.81361 0.40327 0.52502 1.03431 0.14007 -0.23599 1.07838 0.72092 -0.86192 -0.05575 0.01477 1.25315 -0.71184 1.25687 -0.81629 0.84908 -1.58434 -0.01302 -0.59947 1.63230 -1.28568 1.69323 1.22812 -0.03667 -1.40225 0.42702 -0.61743 -1.57392 0.70158 2
-0.02271 -0.69880 -0.64099 -0.92971 1.49125 -0.60878 -0.90372 -0.56384 -0.09902 0.85186 0.67091 -0.10022 1.12416 1.02436 -0.92264 -0.79811 0.81956 -0.72091 -1.29164 0.12567 0.30779 -0.59947 0.32393 0.60696 0.28324 -1.22154 0.12072 0.27501 -0.27078 -1.22821 -0.48026 -1.40934 2
0.85065 1.07009 -0.70744 1.17916 1.06071 3.33936 0.16312 0.88822 -0.83719 -0.25602 -0.28056 -0.74867 1.69303 -1.15742 -0.36930 -0.94814 -0.20711 -0.44544 -1.78623 0.54656 1.19497 0.02043 0.21535 -1.51842 -1.39585 -1.22154 0.13550 -0.53468 -0.28905 -0.61743 1.46886 -1.40934 2
-0.70811 1.36109 1.08034 -0.26864 -0.64367 -0.11664 0.71537 -1.14920 -0.77019 -0.95854 -0.33676 -0.95810 -0.68688 -1.46450 -0.33178 -0.82467 1.20959 -0.83575 1.38339 0.66030 0.03146 0.64034 1.62552 0.10696 -1.49123 -1.22154 1.07772 -0.87837 -0.99050 -0.61743 0.39870 -0.70570 2
-1.15248 1.63793 0.73792 0.09518 1.53919 -0.70262 -1.68113 0.55474 -1.01345 -0.11121 1.12879 0.85868 1.06139 0.91417 -0.31050 0.50456 -0.89116 -0.53717 -0.24151 1.64601 -0.31075 0.64034 -0.47394 -1.18930 1.50414 0.00329 0.58515 0.36334 -1.00158 1.82573 0.38015 1.40521 2
-0.65591 0.63283 -0.78505 -0.75778 0.02226 1.05102 -1.61408 -0.29574 -0.66291 -0.22465 1.61463 0.86030 -1.39365 -0.00807 0.15821 -0.67169 -1.09733 -0.35610 0.46371 -1.10337 -0.94169 -0.59947 0.93243 0.20753 -1.32369 -1.22154 1.36207 0.38721 0.15865 2.43652 -0.38724 1.40521 2
-0.08089 0.16710 0.09548 -0.73729 -1.03038 -0.94424 -1.03036 0.02260 0.45507 -0.71833 1.20723 -0.36030 -1.31386 0.78819 -0.52334 -0.96740 -0.80785 -0.14787 -1.95295 -0.64794 1.57310 -0.59947 1.54293 -0.04300 1.29285 1.22812 0.43185 -0.18780 0.31372 1.82573 -1.45496 0.70158 2
-0.58998 0.96007 4.31016 -0.97475 0.26657 -0.94161 -1.44547 -0.15936 -0.99725 -0.36548 -0.88689 0.10459 1.22581 0.28479 -0.23474 -0.07873 0.75363 -0.66499 -0.33877 0.06577 -0.73757 -0.59947 -0.40017 0.01500 -0.94420 -1.22154 -0.29623 -1.17624 0.33233 -0.00664 -0.39613 -0.70570 2
-0.83010 0.68493 -0.42651 -0.99927 -1.22377 -0.41021 -1.57640 0.89547 -0.98338 0.50643 -0.28599 0.05579 0.57840 0.32629 -0.33039 1.42132 -0.63712 -0.28801 -2.05244 -0.77053 -1.22495 -0.59947 0.44186 0.68960 -1.70916 0.61570 0.81951 -1.10931 0.49225 -0.61743 -1.44186 -0.00206 3
-0.37860 0.87250 0.40047 0.03110 1.47128 0.56721 0.02126 -1.26784 1.73304 -0.34896 0.62544 -0.86263 0.87735 -0.49108 0.96078 -0.87279 0.58308 -0.62352 -0.34530 -0.32713 -0.25258 -1.21938 -0.90426 1.21035 -0.71124 -1.22154 -1.07156 1.51977 -1.08921 -0.00664 -1.38744 -0.00206 3
1.39363 -0.10168 1.09428 -0.81837 0.30377 1.13878 -0.46973 -0.71966 -0.49593 0.09540 -0.15198 -0.46889 -0.51502 0.01747 -0.75470 0.36098 -0.14927 -0.66473 0.37524 1.20880 -0.76382 -1.21938 -0.91989 0.99459 -0.89062 1.84053 1.51616 -0.66617 0.73357 -1.22821 0.99610 1.40521 3
-0.15609 1.23394 -0.86290 -0.98432 0.34684 -0.55372 -1.15787 1.25813 -0.35911 -0.16582 1.09959 0.89931 -0.53097 -0.01436 -0.51895 1.73414 -1.20588 -0.03050 -0.46435 -1.18024 -1.37374 -0.59947 1.47508 0.55232 -0.37908 0.00329 -0.42087 -1.19110 1.30230 0.60415 1.53829 -0.00206 3
-1.69776 -0.67710 -0.77494 -0.24562 -0.15274 -0.59269 -0.70880 0.36220 0.72378 1.26368 -1.39176 0.45623 -1.37710 0.42665 -0.93539 -0.65146 1.64116 -0.31367 0.17542 -0.55725 1.49556 -0.59947 1.72488 1.46744 -0.03860 0.00329 0.98032 0.66896 -1.43335 -0.00664 0.76434 -0.70570 3
1.55773 0.79897 -0.65005 -0.10084 -0.41025 -0.10793 -0.68108 -1.25808 1.16227 2.68237 -0.90114 -0.70414 -0.77515 -1.42828 0.78918 -0.54725 -1.21952 -0.16697 1.02642 -1.04918 -0.58394 0.02043 0.95890 -0.55164 -1.11861 -1.22154 -1.43277 -0.95147 -1.33718 -0.61743 -0.34512 -1.40934 3
-0.27738 -0.77727 1.28033 -0.51487 -0.12554 -0.23675 1.21375 -0.47343 -0.97163 -0.49029 0.19661 0.88420 -1.30143 0.80655 1.24312 -0.36847 -0.22776 -0.89336 -1.45769 1.41712 1.32981 -1.21938 0.49814 -1.08971 -1.62004 -1.22154 -0.75190 -0.18150 -0.67629 0.60415 -1.06900 -0.70570 3
0.78129 -0.11463 0.17183 -0.80324 -1.22377 -0.80509 -1.66151 1.68706 0.32066 0.01059 -0.10028 0.25052 0.11863 -1.49119 -0.13957 0.59719 0.12786 -0.42045 0.11364 0.01015 0.38370 -0.59947 -1.71178 1.60677 -0.79449 0.61570 0.25702 1.71540 -1.19435 -0.00664 -0.39542 -0.00206 3
0.78373 0.18151 -0.66871 -1.00076 0.74999 -0.57281 -0.13293 -1.09190 0.17779 -0.54684 -1.47891 -0.46653 -0.92080 -0.90306 -0.36287 -0.24084 1.21259 0.33873 -0.30469 -0.12262 -1.67808 -1.21938 1.25900 -1.10709 -1.47472 0.00329 0.40465 1.39129 0.87048 -0.00664 -0.27559 -1.40934 3
1.43908 -1.04392 -0.50397 -0.91315 -1.66804 1.87680 -0.94914 0.17786 -0.87917 -0.93789 -1.50492 0.39584 -0.00500 1.26720 -0.88237 -0.69994 0.43990 -0.58449 1.09297 -1.61694 -0.37001 0.02043 0.20377 1.01012 -0.57342 -1.22154 -0.54288 1.42695 0.35497 0.60415 -0.63335 -0.00206 3
-0.71912 1.53141 -0.97590 -0.87430 0.95997 0.72814 -0.50924 0.33495 -0.42663 0.84745 -0.98766 -0.37922 -0.64979 1.67012 0.28714 -0.05000 1.30198 0.18029 0.15845 0.98043 0.19373 -0.59947 -1.42001 0.76083 -0.24208 0.61570 -0.64165 0.60029 1.40595 -1.22821 -1.17948 -0.70570 3
0.08477 -1.56835 -0.81889 0.40267 -0.48382 -0.44073 -0.45012 0.36252 -0.96463 1.77827 -1.54742 0.86118 -0.26073 1.56492 -0.84131 -0.86016 1.56825 -0.74417 0.54155 -0.93343 0.46804 0.64034 0.54421 -0.24834 0.50945 0.61570 -0.79863 0.71437 1.36770 1.21494 -1.48297 -0.00206 3
-1.26000 0.49656 0.00358 -0.83795 -1.16177 -0.83697 1.17734 0.33801 -0.75868 -0.96753 -0.85926 -0.29508 0.85571 1.56533 -0.97888 -0.57221 -0.62123 -0.82386 -1.10613 0.97150 -0.78156 0.02043 1.09735 1.48603 0.00358 1.84053 -0.32027 -1.21853 -0.47222 1.21494 1.75075 0.70158 3
-0.91020 1.39700 -0.47568 -0.91478 -0.91580 -0.23026 -0.34860 1.17198 0.79238 0.65794 0.80226 0.38091 -0.37940 1.08346 -0.36561 -0.33393 1.62615 -0.89046 1.69907 1.49066 -1.72307 0.02043 -0.16091 0.03063 -0.78225 2.45294 0.60333 1.11103 1.66875 2.43652 -0.54428 1.40521 3
-0.18514 0.28004 -0.23025 3.00629 -0.72692 -0.13843 -1.37850 1.23245 -0.25912 -0.73023 -0.79690 -0.06546 -1.65834 -0.87209 -0.95880 -0.04940 -0.14092 0.81542 0.29222 -1.34521 -0.32736 1.26024 1.18530 -0.40328 0.87535 0.00329 -1.56392 0.43516 0.45844 0.60415 -1.28691 1.40521 3
-0.93444 1.22867 -0.81109 0.09707 -1.44376 -0.05576 0.45540 1.71482 1.83956 -0.59247 -1.09140 0.07438 1.32768 -0.33125 0.08292 -0.41329 -0.70797 -0.43448 -0.17522 1.50303 -1.58486 0.02043 -1.58825 -1.11578 -0.36529 -1.22154 -0.61251 1.06231 1.38539 -0.61743 -0.41325 -0.70570 4
-1.50106 -0.48638 -0.69162 -0.79656 -1.19306 -0.49011 -1.19409 -0.14046 0.08655 0.36485 -1.68121 0.14901 0.15424 -1.66866 -0.73731 -0.84155 1.66227 0.19108 1.35723 0.37208 -1.61757 -1.21938 -0.30808 1.72458 -1.07840 -1.22154 -0.32255 -1.24636 -0.06091 1.21494 -0.78533 0.70158 4
0.48579 0.50717 -0.76439 -0.11398 -1.18114 0.93292 0.81493 -0.36139 -0.26080 -0.63615 1.22613 -0.15527 -0.72399 1.43775 -0.34333 -0.03626 1.02305 1.54296 1.25272 1.15730 1.09325 -1.21938 0.98065 -0.39727 0.36453 0.00329 0.33893 -0.77141 0.48854 -1.22821 0.76358 -1.40934 4
-0.15531 0.91744 1.92617 1.03231 0.78207 0.29325 -0.81683 0.16678 0.30865 -0.63473 1.56966 -0.55840 -0.18788 -0.38510 0.69081 -0.34747 1.53075 -0.22034 0.40504 0.62862 -0.17854 -0.59947 -1.08942 -1.49791 -1.65275 -1.22154 -1.07785 -0.37218 -1.23730 0.60415 -0.05846 -0.70570 4
-0.94785 0.24929 -0.67371 0.13940 -0.73719 0.16980 -1.43155 0.59242 0.07755 -0.36380 -1.23601 0.35491 1.29505 -1.58319 -0.94325 0.27297 0.66261 0.92929 -0.47969 0.49927 1.52424 0.02043 -0.24290 0.77224 -0.44631 -0.60912 1.38983 0.44842 0.92516 -0.61743 -1.28279 0.70158 4
0.06714 -0.44329 -0.83606 0.76245 1.20085 -0.31507 0.64290 -1.65746 0.24736 -0.50943 -0.43686 0.10667 0.61307 1.57593 0.88789 -0.91681 -0.32890 -0.53654 -0.87912 -1.57826 -0.03172 -0.59947 -1.67477 1.28949 -1.03695 0.00329 -0.68928 0.29119 1.19828 -1.22821 1.20699 -1.40934 4
0.88143 1.08819 -0.64820 -0.05351 -0.48021 -0.37436 0.84481 1.58472 -1.01482 -0.74713 -0.35460 -0.41601 0.88273 1.10582 4.17537 0.45799 -0.47549 0.64531 -1.57414 -0.04039 -0.99469 0.64034 -0.93765 -0.51373 0.76851 0.00329 0.21831 -1.38551 -0.27325 1.82573 1.43907 1.40521 4
0.22174 1.32476 2.06017 -0.36598 -0.90898 -0.74210 -0.50300 -1.69821 -0.66641 -0.62071 -1.19517 0.00204 -1.64900 -0.40846 0.46287 -0.60609 1.33000 0.39271 0.77765 -0.16494 -1.37593 1.26024 1.25746 -0.75463 0.33356 0.00329 0.53342 0.34245 0.97257 -1.22821 -0.84416 -0.00206 4
1.28168 1.69083 -0.58177 -0.61281 0.29155 -0.61432 0.61313 -1.52802 -0.89268 -0.88924 1.20879 0.82419 0.41619 -1.50304 -0.96359 -0.55362 -0.23906 -0.80255 0.79380 -1.01965 -1.41242 0.02043 -0.44084 1.21790 -0.24694 -0.60912 1.02378 1.59915 -1.54324 -1.22821 1.34082 -1.40934 4
-0.39135 -0.73362 -0.73783 -0.98131 0.50882 -0.95526 0.03693 -0.76627 1.39617 -0.77907 1.70902 -0.73206 -0.83103 -0.16932 0.54983 0.29404 1.06907 1.82642 0.17775 -0.01003 -0.58289 -1.21938 -0.49121 1.43934 -1.73989 0.00329 -0.88267 -0.44788 1.38968 1.21494 0.26505 0.70158 4
0.59452 1.46134 -0.95978 -0.03513 -0.24963 0.40137 -0.32077 1.64604 1.78093 0.37764 -0.86568 -0.35494 -0.97480 -0.06199 1.74432 -0.91061 -0.50198 1.41235 0.24229 -0.52958 1.05552 0.02043 -0.21588 -1.62669 -0.69586 -0.60912 1.38130 0.68466 -1.09025 -0.00664 -1.69889 -0.00206 4
-0.82234 0.58234 1.77794 0.21580 -0.23731 -0.26668 -1.66095 -0.89649 -0.78264 0.55214 -0.39512 1.55952 0.12494 0.54903 0.67905 0.80159 1.49881 -0.54765 0.28628 -1.04341 -0.63811 0.02043 0.18850 -0.26044 -1.70459 -1.22154 0.14955 -1.66465 -0.25687 -1.22821 1.58394 0.70158 4
1.07689 0.06869 -0.90816 1.88213 -1.50853 1.07043 0.49609 -1.35001 0.01548 0.65031 -0.07635 0.42743 -0.93447 -1.39265 -0.60752 2.48428 0.99456 3.98137 1.53534 1.17632 -1.59923 2.50005 1.22748 1.08040 1.41092 1.84053 -1.30412 -1.00389 0.89369 1.82573 1.47885 1.40521 4
-0.77925 0.29102 -0.85578 -0.88290 1.67303 -0.85113 -0.00761 -1.09029 -0.98937 -0.92700 0.29798 3.56824 1.33320 -1.69564 2.71255 0.37383 -1.53057 -0.66493 -0.82758 -1.33332 -1.05449 0.02043 0.14152 0.12753 0.87198 0.00329 -0.82350 -0.74203 -0.97227 0.60415 0.97275 -0.00206 4
-0.57677 -1.51878 -0.19253 -0.45800 -1.16417 0.60414 -1.08937 -1.42849 -0.38666 -0.93643 -1.65528 0.22004 1.15337 -0.92489 0.02962 0.89191 0.89304 0.45930 -0.90510 0.28494 0.74833 -0.59947 0.74495 -1.04124 -1.02170 0.00329 0.05035 -0.94057 -0.32541 0.60415 -0.01378 -0.70570 4
0.18565 -1.39016 -0.43454 -0.66483 1.29662 -0.33124 0.54368 -0.62973 -0.63429 -0.93766 -0.11315 -0.37681 -0.96758 0.53963 -0.88941 -0.19254 1.71536 0.63170 -0.51536 -1.60637 -0.88617 -1.21938 0.58424 -0.59542 -1.30769 1.84053 0.24288 0.79041 1.42631 0.60415 1.70325 0.70158 5
0.90027 -0.32094 0.34886 -0.45610 -0.11371 -0.52161 -1.64012 0.12259 -0.73932 0.79956 -1.45466 1.07699 1.70791 -0.55891 -0.27585 -0.85648 1.59601 0.55436 -0.06354 0.58310 -1.06662 -1.21938 0.00254 -1.23709 -0.70512 0.00329 -1.31723 -0.33410 0.82728 -0.00664 1.24906 -1.40934 5
-0.91084 0.87381 -0.31288 -0.49236 -0.27489 0.42424 -0.29710 -0.29134 -0.50391 -0.38711 0.02859 -0.73392 -1.26449 -0.49057 -0.99178 -0.88405 -0.87984 1.49801 -0.68752 1.26814 0.06413 -1.21938 0.80076 -0.71432 0.31061 0.61570 -0.29337 -0.06535 0.36540 -0.61743 1.58980 -0.00206 5
-0.70589 -0.63877 -0.73581 -0.75092 0.07615 2.03540 -1.56083 -0.11456 1.66314 0.65965 -1.63430 -0.22258 -1.25131 -1.12184 2.26608 0.59395 -1.17057 0.10699 -1.45214 0.16804 0.41146 -1.21938 1.37036 -0.29507 -0.34062 1.84053 -0.28769 -0.92867 1.20185 0.60415 -0.89931 0.70158 5
1.14191 0.28574 -0.78794 0.68153 -0.06306 1.34139 -0.72955 1.17106 -0.24344 2.00473 1.45356 -0.43137 -1.70448 1.27085 -0.07556 -0.70335 1.29753 0.65661 0.51465 -0.83908 0.84470 -1.21938 1.22990 -0.86046 -0.00254 0.00329 -1.17851 -0.94110 0.54134 -0.61743 0.73429 -0.70570 5
-0.44716 -1.67461 0.18134 0.21089 -0.84876 -0.47161 1.67282 1.60268 0.09319 -0.62562 0.23039 2.78008 -0.47602 -1.05047 -0.85304 -0.43141 -0.93385 0.03478 -0.26068 -1.33055 -0.55509 0.02043 0.56899 -0.76556 0.16193 -0.60912 0.32408 -1.07662 1.43186 -0.61743 -1.56317 -0.70570 5
0.75222 -1.32883 -0.93448 0.80146 0.41935 -0.27095 0.70318 1.24713 -0.64606 -0.90360 -1.58534 1.36160 -0.33055 1.18218 -0.51041 0.12131 -1.27197 -0.48305 0.10771 1.67171 0.03383 -1.21938 0.44833 0.12558 0.02351 -0.60912 -0.30177 -0.60249 -1.13233 -0.00664 -0.29892 -1.40934 5
0.10743 -0.62086 -0.96365 0.12938 -1.29612 0.19460 -0.44612 -1.69169 -0.63866 -0.82547 1.48917 0.93342 0.49084 -1.19232 -1.00273 -0.78867 -0.92488 -0.84132 -1.42988 0.58551 1.25531 0.02043 -1.32321 0.37011 -1.31808 0.61570 -0.00232 -1.14005 1.29841 -0.61743 0.02589 1.40521 5
1.01175 -0.58717 -0.40163 0.38635 -1.67096 0.69309 0.75947 -0.38499 -0.11798 0.68271 0.60522 0.49579 -0.85190 -0.54752 0.54522 -0.88443 0.02436 -0.52949 -0.98926 1.28486 -1.29632 0.02043 0.17614 1.01441 1.14548 -1.22154 -1.19899 -0.07555 1.39676 -1.22821 -1.54703 -0.70570 5
-1.01241 -0.96344 -0.87263 1.65337 0.52144 -0.29225 -1.07334 -1.67301 -0.22346 -0.20578 0.48426 2.42191 1.00657 -0.84912 -0.70637 -0.76715 1.40575 -0.77528 -1.07865 -0.47831 0.80345 1.26024 0.83132 -0.61647 0.58572 1.84053 0.10833 0.93755 1.17363 1.21494 -1.37966 0.70158 5
0.81391 -1.08605 -0.71907 -0.59985 1.74001 -0.60942 0.15599 0.69614 -0.93364 1.24969 -0.35854 3.24697 -0.02622 -0.65781 -0.58311 0.25847 -0.74051 -0.69727 1.77970 -0.34795 -0.24309 -1.21938 -1.32243 -1.68226 -0.55238 -1.22154 0.27719 -0.64758 -1.04674 -0.00664 1.13034 -0.70570 5
-0.95411 -0.45126 -0.97094 -0.86053 -0.34345 3.17786 1.48927 -1.63136 -0.33277 -0.77758 1.26601 1.65348 0.89566 0.96395 2.00263 -0.43467 0.58523 1.71546 -0.23103 0.58356 -0.21588 0.64034 -1.44959 -1.64138 -0.36921 -0.60912 1.01237 0.47261 -0.83845 0.60415 0.08991 -0.70570 5
-1.06242 -1.11211 1.17114 1.39327 -0.70661 2.02084 0.43477 -1.42274 0.59016 -0.02386 -0.01187 0.32173 -1.04741 1.62963 -0.96552 0.28697 1.63981 -0.52042 0.00702 -1.03712 0.78083 -1.21938 1.57797 0.89742 1.00189 0.00329 1.54547 -0.37934 -0.12790 -0.61743 -1.66463 -1.40934 5
1.42893 0.59215 -0.47540 1.20807 0.51784 -0.20323 1.40417 -0.91346 0.03775 -0.19419 0.45208 1.51111 0.79433 -1.20734 1.42407 1.70252 0.80646 0.85306 -1.67409 -0.38832 -1.48569 -0.59947 -1.63402 -1.63056 -1.49427 -0.60912 1.29159 0.95016 0.61005 1.21494 0.08911 -0.00206 5
0.49776 1.35159 4.06382 -0.61657 -1.70970 -0.47425 -0.67950 -0.20561 -0.45704 0.45236 -0.59346 1.89369 0.07178 1.33458 -0.96016 -0.60495 1.36363 0.82441 -1.58551 1.49711 -1.65577 1.88014 -0.29332 1.57069 1.05259 1.22812 -0.12349 1.22859 0.77546 -0.61743 -0.92138 0.70158 5
