0.64551 1.86988 -0.35891 -0.33913 -0.28077 -0.43741 -0.30542 -0.08866 -0.43268 -0.43062 -0.39286 -0.36831 -0.30259 -0.19752 0.65745 0.53010 -0.47539 -0.57547 4.56784 -0.67501 -3.14704 1
-0.06672 -0.07046 1.70033 0.33430 0.36729 0.04656 -0.22868 -0.06361 -0.29882 0.81301 0.35642 0.33619 0.13035 0.18788 -0.02003 0.06335 0.39509 0.65175 2.72279 -0.67663 -3.14704 1
-0.02923 0.02990 -0.58907 1.01276 0.18035 -0.59873 -0.45890 1.66385 3.12104 0.62270 0.31567 -0.06611 -0.30259 0.18788 -0.52454 -0.50215 -0.62292 -0.45610 2.57169 -0.67461 -3.14705 1
-0.34786 -0.43846 0.14427 -0.36426 -0.32439 -0.67939 -0.49727 -0.78578 -0.55383 -0.43062 -0.39286 -0.36831 -0.30259 -0.19752 -0.46688 -0.44829 0.74468 -0.45924 4.75870 -0.67300 -3.14706 1
13.78422 6.48654 4.66920 10.98361 9.31550 2.22442 0.11664 5.41978 8.64467 1.79284 8.44076 3.96373 0.14440 -0.16248 0.55654 0.74553 2.21297 2.43185 -0.10204 -0.64963 -0.04855 1
-0.25415 -0.40500 3.14742 6.93295 8.68613 1.01450 -0.22868 4.81125 8.50331 -0.43062 -0.39286 -0.36831 -0.30259 -0.19752 -0.23625 -0.20594 1.28830 0.85908 -0.14260 -0.41838 -0.50946 1
-0.12295 -0.43846 0.99759 0.46497 -0.12499 3.43435 5.37328 -0.07349 -0.29764 0.85070 0.40900 0.33619 0.08537 -0.12745 0.61420 0.69167 2.07488 2.67164 -0.14817 -0.62627 -0.59294 1
0.15820 -0.37155 1.53566 0.66600 0.58538 1.82112 2.80252 -0.19712 -0.32954 -0.43062 -0.39286 -0.36831 -0.30259 -0.12745 0.91691 0.60191 1.04883 1.39206 -0.12749 -0.54730 -0.53534 1
-0.06672 -0.43846 2.12393 1.59071 1.42662 1.49040 -0.15386 1.89698 -0.23673 0.54544 0.52336 1.34906 0.99665 1.65240 0.63799 0.60640 1.61185 2.07515 -0.14180 -0.65326 -0.78641 1
0.28939 -0.43846 1.39915 -0.02251 -0.29324 2.87778 3.73106 0.53441 -0.48090 -0.24219 0.62130 1.10557 0.91990 0.04774 -0.36526 -0.40296 2.43828 2.79855 -0.12749 -0.62828 -0.56801 1
0.36437 0.19717 1.35324 0.08805 0.15542 1.25648 3.99198 0.67954 0.46201 -0.43062 -0.39286 -0.36831 -0.30259 -0.19752 0.03762 -0.06232 1.81269 1.50305 -0.11954 -0.43006 0.74031 1
-0.23540 -0.40500 0.55930 -0.26877 -0.24339 1.82515 2.92530 -0.10931 -0.19885 1.15595 0.75275 0.59142 0.44957 0.04774 1.06465 1.29667 1.05984 1.46394 -0.13862 -0.62224 -0.59154 1
0.92665 -0.23773 0.76069 -0.01749 -0.20600 2.38575 3.91524 -0.19261 -0.40540 0.36078 1.01368 0.79349 0.41991 0.01270 3.09349 3.43837 1.51379 2.11143 -0.14021 -0.56704 -0.57543 1
0.02700 -0.43846 1.98742 0.89215 0.42960 -0.59873 -0.42053 1.73199 1.17772 2.77267 3.53758 3.09856 1.63159 0.78350 3.95835 3.27680 -0.60299 -0.32835 -0.13703 -0.65809 -0.76323 2
-0.16043 -0.37155 1.42915 0.61071 0.89072 -0.51807 -0.42053 1.83135 2.47645 -0.43062 -0.39286 -0.36831 -0.30259 -0.19752 3.42502 4.41677 -0.22893 0.02348 -0.14817 -0.08076 -0.71810 2
0.15820 -0.33809 1.62748 0.74641 0.31744 2.30509 1.03752 1.33496 -0.17453 -0.24219 0.06722 -0.04078 0.19220 0.04774 -0.19301 -0.15208 2.67618 2.71457 -0.11317 -0.56382 0.16013 2
0.60802 1.70260 1.27244 -0.04764 -0.03152 1.74045 2.80252 -0.54882 -0.41606 -0.43062 -0.39286 -0.36831 -0.30259 -0.19752 -0.09211 -0.21491 1.28480 1.20044 -0.12987 -0.55455 -0.53662 2
-0.06672 -0.40500 0.90883 1.23892 1.39546 0.53053 -0.22868 0.56203 0.46002 2.24507 2.05216 1.26316 1.22676 -0.12745 1.16195 0.93403 0.88802 1.21510 -0.14260 -0.60733 -0.65312 2
-0.04798 -0.17082 -0.12323 -0.03257 -0.09383 1.82112 2.91763 -0.25629 -0.47610 0.39847 0.01464 0.41653 0.78819 0.39810 0.88808 0.50318 1.69907 2.17740 -0.12431 -0.65286 -0.56271 2
-0.23540 -0.30464 0.52135 0.18856 0.04949 -0.11476 -0.07520 2.46369 1.50861 0.32121 -0.09118 -0.22648 -0.30259 0.39635 0.88519 1.17279 -0.06121 0.11348 -0.14180 -0.58799 -0.74039 2
-0.01049 0.16372 0.94984 0.05790 0.00587 -0.27609 -0.30542 1.00230 -0.12402 3.51885 3.55598 3.05468 2.37124 0.88686 2.98538 3.21531 1.73910 0.09986 -0.13783 -0.64802 -0.78556 2
0.10197 -0.33809 0.76865 0.82682 1.05273 1.82112 -0.11357 -0.08440 -0.59851 -0.43062 -0.39286 -0.36831 -0.30259 -0.19752 0.59979 3.92308 1.82317 1.66431 -0.12113 0.46313 0.18878 2
0.38311 0.93316 1.70033 0.71123 0.90318 1.01450 0.03990 0.57780 0.06941 -0.43062 -0.39286 -0.36831 -0.30259 -0.19752 -0.51012 -0.48420 1.16245 0.92086 -0.12113 -0.32169 0.49606 2
-0.10420 -0.23773 1.19470 2.21389 2.14945 2.54707 -0.11357 0.52020 0.06780 -0.43062 -0.39286 -0.36831 -0.30259 -0.19752 -0.58220 -0.54703 2.41923 2.06431 -0.09886 0.91436 0.65725 2
-0.32912 -0.43846 1.21551 0.29913 0.47322 -0.27609 -0.03492 -0.14505 1.38418 -0.43062 -0.39286 -0.36831 -0.30259 -0.19752 0.19762 -0.04347 -0.38860 0.66656 -0.13226 -0.37366 -0.75466 2
0.32688 1.13389 0.00470 -0.54518 -0.46148 1.57913 2.64904 -0.02643 -0.43219 -0.43062 -0.39286 -0.36831 -0.30259 -0.19752 -0.35157 -0.39444 0.89850 1.17635 -0.14419 -0.55576 -0.58127 2
-0.10420 -0.43846 1.12614 1.20374 1.07143 0.76848 -0.30542 0.38150 -0.22531 -0.43062 -0.39286 -0.36831 -0.30259 -0.16248 -0.22256 -0.09912 0.69941 0.81258 -0.14419 -0.54085 -0.64302 3
-0.25415 -0.40500 1.69420 0.57051 0.34236 0.20788 0.84567 1.39766 -0.05069 1.22756 1.25030 0.70080 0.60827 0.53825 0.10970 -0.00846 -0.15027 0.19625 -0.14817 -0.63916 -0.56869 3
-0.27289 -0.43846 1.47812 0.22877 0.16788 -0.36078 -0.04067 1.36868 0.56172 2.30349 2.99139 2.36533 2.36618 0.15109 -0.29607 0.55928 -0.12379 0.33295 -0.14817 -0.61660 -0.84243 3
-0.27289 -0.40500 0.07755 -0.08282 -0.05021 -0.19542 -0.26705 0.62501 0.19094 -0.43062 -0.39286 -0.36831 -0.30259 -0.19752 -0.42364 -0.37649 0.01404 -0.09589 -0.14419 -0.35794 -0.64673 3
-0.02923 -0.03701 0.55195 0.43984 0.01833 0.76848 0.26820 -0.25073 0.53881 1.78907 1.86353 2.09867 1.58843 0.15285 0.89961 0.48298 1.77572 1.20866 -0.14180 -0.66132 -0.84895 3
0.45808 1.00007 0.16508 0.44487 0.49814 -0.59873 -0.49727 0.43661 0.73897 5.08281 3.73015 2.26336 1.09181 -0.12745 0.71799 0.35238 -0.57948 -0.43725 -0.14817 -0.65245 -0.83809 3
0.58928 1.83642 0.15651 -0.07780 0.07441 0.20788 -0.07520 0.76028 -0.32041 -0.43062 -0.39286 -0.36831 -0.30259 -0.19752 -0.23625 -0.19696 0.54017 0.79625 -0.11795 0.66659 0.23043 3
0.00825 0.29753 -0.14711 0.43482 0.60408 1.89774 0.07636 -0.09566 -0.60820 -0.43062 -0.39286 -0.36831 -0.30259 -0.19752 -0.55337 -0.52908 1.78795 1.52321 -0.14339 -0.55536 1.00745 3
0.34562 0.16372 0.48033 0.85697 0.23643 1.17179 0.72864 0.04160 -0.22338 0.35890 0.31567 0.68628 0.52506 0.25620 -0.05030 0.63557 0.88085 0.97457 -0.13544 -0.64399 -0.51829 3
-0.04798 -0.17082 0.12774 0.41471 -0.11253 0.12722 -0.11357 1.32236 0.72327 -0.27988 -0.34028 -0.34359 -0.30259 -0.02234 -0.06400 -0.14400 0.21444 0.37787 -0.14658 -0.53280 -0.73495 3
-0.31038 -0.40500 0.52686 0.69112 0.08064 -0.19542 -0.26705 -0.44219 -0.41750 0.09698 0.50102 0.81821 0.48457 0.08277 -0.23625 -0.18799 0.02103 0.03185 -0.14021 -0.64722 -0.54078 3
0.43934 0.59862 -0.00632 -0.26877 -0.24339 0.36921 -0.19031 0.43045 -0.27744 0.96375 1.09255 1.09013 1.37295 -0.05737 0.34033 0.83529 0.49822 0.89258 -0.14658 -0.59041 -0.57358 3
0.79545 2.13751 1.27305 0.94743 0.77856 0.77251 -0.22868 -0.19074 -0.46797 -0.43062 -0.39286 -0.36831 -0.30259 -0.19752 -0.02003 -0.08925 0.78314 0.78054 -0.11954 -0.36399 0.16046 3
-0.29163 -0.33809 -0.10059 0.55543 0.28628 -0.19542 -0.26705 1.96718 -0.33888 0.51153 0.68505 0.26203 0.29059 0.08277 -0.33715 -0.35853 -0.09608 -0.07181 -0.14419 -0.57107 -0.47315 4
1.88253 -0.43846 0.33036 -0.07277 2.48594 -0.67939 -0.49727 -0.71847 0.73652 -0.43062 -0.39286 -0.36831 -0.30259 -0.19752 4.08808 2.36123 -0.82673 -0.81107 -0.13862 -0.44174 0.91444 4
-0.29163 -0.40500 0.98351 -0.17328 -0.13122 -0.35675 -0.34379 -0.55942 -0.44250 -0.24219 -0.32714 -0.28179 -0.26886 -0.09241 -0.32274 -0.38546 0.01054 0.35437 -0.13226 -0.62546 -0.56491 4
-0.10420 -0.43846 -0.91840 -0.55021 -0.56118 -0.59873 -0.45890 -0.09081 -0.62125 0.20815 0.82702 1.10557 0.98245 -0.09241 0.09384 0.66250 -0.75725 -0.45087 -0.13703 -0.65527 0.96413 4
-0.12295 -0.30464 1.00861 2.99286 0.13673 -0.43741 -0.45890 7.22655 -0.43948 1.22756 1.23715 1.12102 1.89585 -0.05737 -0.16418 -0.15208 -0.34779 0.06641 -0.14021 -0.62949 -0.73472 4
-0.06672 -0.23773 0.26180 0.04282 -0.16238 0.12722 0.46389 0.15820 -0.19648 -0.43062 -0.39286 -0.36831 -0.30259 -0.16248 0.45781 0.41521 0.00023 0.17552 -0.14021 -0.05457 -0.56902 4
-0.31038 -0.43846 0.77967 0.33933 0.49814 0.52650 -0.34379 0.40014 -0.28428 -0.43062 -0.39286 -0.36831 -0.30259 -0.12745 0.75546 0.48298 0.46562 0.90452 -0.12272 -0.30517 0.14375 4
3.60687 6.51999 1.17878 0.98261 0.65393 -0.27609 -0.15194 0.79872 0.46857 -0.43062 -0.39286 -0.36831 -0.30259 -0.19752 -0.23625 0.42239 -0.13279 -0.09904 -0.12908 -0.54045 0.01490 4
-0.34786 -0.43846 0.80109 0.93738 0.29251 -0.67939 -0.49727 0.55043 0.91902 -0.43062 -0.39286 -0.36831 -0.30259 -0.12745 0.56880 0.69796 0.20745 -0.08825 -0.13226 -0.47156 -0.76197 4
0.57054 1.63570 0.15651 0.14333 0.19281 -0.35675 0.03990 -0.10833 -0.06973 -0.43062 -0.39286 -0.36831 -0.30259 -0.19752 -0.55337 -0.51113 -0.07511 -0.13568 -0.12431 0.31729 0.49590 4
-0.31038 -0.40500 0.47421 0.37954 0.38598 -0.43741 -0.22868 0.89458 3.21787 -0.43062 -0.39286 -0.36831 -0.30259 -0.19752 0.08087 -0.08027 -0.39324 -0.25610 -0.14339 -0.34707 -0.69903 4
-0.12295 -0.30464 0.54644 1.04292 0.40467 -0.67939 -0.49727 0.95784 -0.29516 1.00144 0.93481 0.61428 0.36369 2.21999 0.25384 0.02744 -0.78128 -0.23830 -0.08772 -0.66011 -0.06549 4
-0.32912 -0.43846 0.55563 -0.19841 -0.14992 -0.59873 -0.49727 0.05243 -0.56256 0.35890 0.01398 0.37172 0.37071 -0.12745 -0.55337 -0.52010 -0.77988 -0.81034 -0.13862 -0.60612 1.00841 4
-0.25415 -0.40500 1.04901 1.44497 0.09934 -0.51807 -0.42053 -0.31023 0.62580 -0.39293 -0.37972 -0.36213 -0.30259 -0.19752 3.16556 1.78676 -0.69039 0.31039 -0.14817 -0.52957 -0.75095 5
0.73922 1.70260 -0.35891 -0.04764 -0.23715 -0.27609 -0.30542 -0.06230 -0.38729 -0.27988 -0.32714 -0.34359 -0.30259 -0.09241 1.33492 1.05072 -0.32332 0.33133 -0.14021 -0.48123 -0.85392 5
-0.32912 -0.40500 0.37076 0.19861 0.41714 -0.35675 0.00154 -0.23107 2.16391 -0.31756 -0.35343 -0.34977 -0.30259 -0.12745 0.35474 0.61089 -0.21494 -0.30113 -0.13226 -0.59363 0.11178 5
-0.27289 -0.40500 -0.33565 0.01266 -0.22469 0.04656 0.00154 -0.20840 -0.40722 -0.43062 -0.39286 -0.36831 -0.30259 -0.16248 0.05204 0.26980 -0.28486 -0.15663 -0.14817 -0.02557 -0.54770 5
-0.14169 -0.20428 0.03653 -0.25369 -0.24962 -0.51807 -0.19031 0.79376 -0.05294 -0.43062 -0.39286 -0.36831 -0.30259 -0.19752 0.35474 0.44932 -0.65543 -0.58699 -0.11954 3.37357 0.10681 5
-0.36660 -0.43846 -0.71395 0.08805 -0.10630 -0.59873 -0.49727 -0.70958 -0.44553 -0.43062 -0.39286 -0.36831 -0.30259 -0.19752 -0.55337 -0.51113 -0.80575 -0.86657 -0.14339 -0.04571 1.03915 5
-0.19792 -0.43846 0.14794 -0.22354 -0.29947 0.12722 0.34686 -0.39375 -0.49159 0.28541 -0.11681 -0.23853 -0.30259 0.08277 -0.48130 -0.47522 -0.33206 -0.22469 -0.12590 -0.63875 -0.51018 5
-0.02923 0.02990 -0.05712 0.27400 0.21773 -0.51807 -0.42053 -0.25856 0.11957 0.24772 0.00150 -0.18291 -0.30259 0.04774 -0.02003 -0.09823 -0.35129 -0.50741 -0.14021 -0.63392 -0.62156 5
-0.34786 -0.40500 -0.97594 -0.40446 -0.67958 -0.67939 -0.49727 1.70630 -0.49693 0.43615 0.13295 0.88619 0.73759 -0.12745 3.92952 5.03612 -0.82323 -0.83411 -0.14817 -0.59121 -0.69026 5
-0.27289 -0.43846 -0.32463 -0.52508 -0.75436 1.01450 2.87926 0.01657 -0.58873 -0.43062 -0.39286 -0.36831 -0.30259 -0.19752 -0.43805 -0.35853 0.97891 0.77426 -0.14180 1.42723 1.19510 5
-0.32912 -0.43846 -0.89208 -0.87687 -0.74812 -0.27609 0.69219 -0.73507 -0.63336 -0.43062 -0.39286 -0.36831 -0.30259 -0.19752 -0.53895 -0.52010 -0.45966 -0.55139 -0.14021 -0.35794 1.00328 5
-0.29163 -0.43846 0.01756 0.60066 0.66016 -0.35675 -0.34379 -0.19651 -0.30922 1.29916 0.89275 0.81574 0.42132 -0.19752 0.59763 0.85953 -0.50248 -0.23453 -0.14817 -0.64722 -0.53866 5
-0.27289 -0.33809 -0.23281 1.03789 0.15542 -0.67939 -0.42053 0.30912 1.20091 -0.43062 -0.39286 -0.36831 -0.30259 -0.19752 0.58321 0.17869 -0.67003 -0.65464 -0.12272 0.26129 0.58286 5
-0.10420 -0.00355 -0.28300 -0.15318 -0.33062 -0.11476 0.08019 -0.64148 -0.45503 -0.43062 -0.39286 -0.36831 -0.30259 -0.19752 -0.55337 -0.52908 0.14033 0.22693 -0.14817 -0.17947 -0.56974 6
-0.01049 0.23063 0.37199 -0.28887 -0.19977 -0.51807 -0.38216 -0.51499 0.00597 -0.43062 -0.39286 -0.36831 -0.30259 -0.12745 1.13673 0.69437 -0.54269 -0.46244 -0.14419 -0.03523 -0.50538 6
-0.25415 -0.30464 -0.22913 -0.72610 -0.40540 -0.35675 -0.38216 -0.54205 -0.11320 2.13201 1.11885 0.49068 -0.03833 0.88861 0.25384 0.05437 -0.15726 -0.19642 -0.12828 -0.64399 -0.47249 6
-0.27289 -0.40500 -0.08345 0.07800 0.11180 -0.35675 -0.19031 -0.32006 0.38952 -0.12913 -0.28770 -0.31887 -0.30259 -0.05737 -0.33715 -0.39444 -0.57153 -0.55034 -0.13703 -0.61418 0.49164 6
-0.02923 0.13026 -1.08062 -0.26877 -0.48641 -0.35675 0.03990 0.11555 1.07187 -0.43062 -0.39286 -0.36831 -0.30259 3.62145 -0.53895 -0.52010 -0.64319 -0.53568 -0.13862 0.96231 1.18241 6
-0.10420 -0.07046 0.87210 0.13831 0.21773 -0.43741 0.11473 -0.21666 -0.18477 -0.39293 -0.37972 -0.36213 -0.30259 -0.16248 -0.28021 -0.26922 -0.43798 -0.37982 -0.14817 -0.55657 -0.79600 6
-0.31038 -0.43846 -0.46726 -0.27882 -0.10630 -0.59873 -0.45890 0.52036 -0.42731 0.09698 1.68409 2.30137 1.69062 0.85357 4.77997 2.86390 -0.66242 0.00882 -0.13465 -0.60854 -0.64061 6
0.49557 1.63570 0.35301 -0.39441 -0.11253 -0.59873 -0.45890 -0.40920 1.31985 -0.43062 -0.39286 -0.36831 -0.30259 -0.05737 -0.53895 -0.52010 0.05223 -0.50102 -0.13703 -0.48002 0.45657 6
-0.08546 -0.37155 0.05061 0.26897 0.29874 -0.03410 -0.42053 -0.39840 -0.06832 -0.20451 -0.31399 -0.33123 -0.30259 -0.09241 1.13312 0.59294 -0.17125 0.12609 -0.14419 -0.61418 -0.59302 6
-0.12295 -0.23773 -0.31483 -0.36426 -0.38047 -0.03410 -0.15194 -0.46393 -0.55131 -0.43062 -0.39286 -0.36831 -0.30259 -0.12745 -0.43805 -0.43932 -0.01917 -0.13359 -0.14817 -0.48808 -0.74122 6
-0.34786 -0.40500 1.52342 -0.17831 0.11180 -0.51807 -0.38216 -0.76823 1.77733 -0.43062 -0.39286 -0.36831 -0.30259 -0.19752 -0.58220 -0.54703 -0.61348 -0.65610 -0.14021 -0.29792 0.12032 6
-0.08546 -0.37155 0.04143 -0.39441 -0.18107 -0.59873 -0.38216 -0.69534 -0.38959 1.72124 1.53029 1.39633 2.01294 -0.12745 0.54429 0.63109 -0.47792 -0.00495 -0.13226 -0.65004 -0.73399 6
-0.32912 -0.43846 -1.16081 -0.88692 -0.66089 -0.03410 -0.19031 -0.64360 -0.27649 -0.43062 -0.39286 -0.36831 -0.30259 -0.19752 -0.46688 -0.42137 0.35314 -0.22574 -0.14658 1.88451 1.23944 7
-0.23540 -0.43846 -1.03899 -0.56528 -0.63596 -0.19542 -0.19031 -0.49821 -0.63240 -0.43062 -0.39286 -0.36831 -0.30259 -0.19752 -0.58220 -0.54703 -0.00344 -0.13673 -0.13703 1.85469 0.90971 7
-0.25415 -0.40500 0.14549 0.29410 -0.19353 -0.35675 -0.34379 -0.69594 -0.43824 -0.39293 -0.37972 -0.36213 -0.30259 -0.19752 -0.52454 -0.51113 -0.44917 -0.52521 -0.13385 -0.56180 0.49396 7
-0.32912 -0.40500 -0.05039 -0.53513 -0.24962 -0.59873 -0.38216 -0.62793 -0.27234 -0.43062 -0.39286 -0.36831 -0.30259 -0.19752 -0.51012 -0.49317 -0.60019 -0.61600 -0.14021 -0.42281 -0.63805 7
-0.25415 -0.37155 -0.16302 -0.44969 -0.23715 -0.51807 -0.42053 -0.66112 -0.25144 -0.43062 -0.39286 -0.36831 -0.30259 -0.19752 0.23799 0.09790 -0.57581 -0.57835 -0.14817 -0.22660 -0.51394 7
1.41396 3.27495 -0.71578 -0.37431 -0.35555 -0.35675 -0.38216 -0.52673 -0.44049 -0.43062 -0.39286 -0.36831 -0.30259 -0.19752 -0.00562 -0.18799 -0.41596 -0.38595 -0.14021 -0.36439 -0.78022 7
-0.25415 -0.30464 -0.74456 -0.63564 -0.61103 -0.19542 -0.11357 -0.06681 -0.45634 0.88838 0.14609 -0.15201 -0.30259 0.78350 -0.26508 -0.34058 -0.34429 -0.02993 -0.14578 -0.63996 -0.71790 7
1.47019 3.81021 -0.99553 -0.78641 -0.66089 -0.35675 -0.42053 -0.77190 -0.51911 -0.43062 -0.39286 -0.36831 -0.30259 -0.05737 -0.52454 -0.51113 -0.34080 -0.46867 -0.14180 -0.57026 -0.83659 7
-0.29163 -0.40500 0.03286 -0.27882 -0.29947 -0.43741 -0.38216 -0.72393 -0.47637 -0.43062 -0.39286 -0.36831 -0.30259 -0.19752 -0.49571 -0.49317 -0.54006 -0.59432 -0.14180 -0.09808 -0.84533 7
-0.34786 -0.43846 -0.42012 -0.26877 -0.13745 -0.43741 -0.07520 -0.41703 -0.46426 -0.01608 1.01368 1.65867 1.50789 -0.19752 -0.42364 -0.41239 -0.27787 -0.08333 -0.14817 -0.63634 -0.64951 7
0.08322 0.76589 0.69152 -0.24364 -0.30570 -0.67939 -0.49727 -0.64263 -0.53080 -0.27988 -0.34028 -0.34359 -0.30259 -0.16248 -0.58220 -0.54703 -0.81974 -0.85401 -0.13067 -0.63795 0.91484 7
-0.31038 -0.40500 -0.75863 -0.26877 -0.76059 -0.03410 -0.19031 1.11852 -0.63486 -0.43062 -0.39286 -0.36831 -0.30259 -0.19752 -0.52454 -0.50215 0.13945 0.02672 -0.14021 -0.50218 0.94937 7
-0.32912 -0.43846 -0.43726 -0.52005 -0.53003 -0.43741 -0.42053 -0.69927 -0.60948 0.09698 -0.20883 -0.28179 -0.30259 -0.16248 -0.52454 -0.51113 -0.62571 -0.71369 -0.13067 -0.58880 0.90744 8
-0.34786 -0.43846 -1.20060 -0.82159 -0.67958 -0.43741 -0.38216 -0.47610 -0.55165 -0.43062 -0.39286 -0.36831 -0.30259 -0.19752 0.55438 0.26800 -0.56008 -0.46757 -0.13862 -0.36641 1.03391 8
-0.36660 -0.43846 -1.23794 -0.94723 -0.75436 -0.67939 -0.49727 -0.81043 -0.55453 -0.43062 -0.39286 -0.36831 -0.30259 -0.19752 -0.56778 -0.53806 -0.82323 -0.88123 -0.14021 -0.32169 1.03592 8
-0.14169 -0.27119 -0.46420 -0.16323 -0.48641 -0.19542 -0.15194 0.05567 0.83213 -0.43062 -0.39286 -0.36831 -0.30259 -0.19752 -0.49571 -0.48420 -0.19921 -0.02574 -0.12113 0.09127 0.54799 8
-0.16043 -0.40500 0.23058 -0.05769 0.21150 -0.59873 -0.45890 -0.08354 0.45315 -0.43062 -0.39286 -0.36831 -0.30259 -0.19752 -0.56778 -0.53806 -0.66941 -0.64877 -0.13067 -0.35230 0.74578 8
-0.36660 -0.43846 -0.24934 -0.08785 -0.01283 -0.59873 -0.30542 -0.63113 -0.31463 -0.43062 -0.39286 -0.36831 -0.30259 -0.19752 -0.58220 -0.54703 -0.60928 -0.70898 -0.12431 0.31366 -0.67043 8
-0.34786 -0.43846 -0.68579 -0.58538 -0.65465 -0.51807 -0.11357 -0.69962 -0.56878 -0.43062 -0.39286 -0.36831 -0.30259 -0.19752 -0.58220 -0.54703 -0.52084 -0.56500 -0.14419 -0.44779 -0.61354 8
-0.34786 -0.43846 -1.13081 -0.59041 -0.66089 -0.67939 -0.49727 0.56902 -0.46266 -0.43062 -0.39286 -0.36831 -0.30259 -0.19752 -0.55337 -0.52908 -0.77779 -0.86762 -0.13544 0.09772 0.92632 8
-0.29163 -0.43846 -0.15323 -0.59041 -0.31193 -0.35675 -0.26705 -0.77042 -0.17258 -0.43062 -0.39286 -0.36831 -0.30259 -0.19752 -0.59661 -0.55601 -0.36352 -0.50008 -0.14021 0.48851 0.77323 8
-0.16043 -0.37155 -1.04695 -0.73113 -0.46148 -0.43741 -0.38216 -0.71522 -0.54584 0.06118 -0.22132 -0.28766 -0.30259 0.11781 -0.46688 -0.47522 -0.55501 -0.63029 -0.14658 -0.63432 0.99233 8
-0.34786 -0.43846 -0.69497 -0.16826 -0.31193 -0.43741 -0.45890 -0.27610 0.06593 -0.43062 -0.39286 -0.36831 -0.30259 -0.19752 -0.53895 -0.52010 -0.45791 -0.60479 -0.11158 0.90429 0.65812 8
-0.36660 -0.43846 -0.68334 -0.70097 -0.45525 -0.67939 -0.49727 -0.80725 -0.05253 -0.16682 -0.26141 -0.31269 -0.30259 -0.19752 -0.52454 -0.51113 -0.82323 -0.87704 -0.13067 -0.60290 0.92646 8
-0.36660 -0.43846 -1.20121 -0.79144 -0.81044 -0.67939 -0.49727 0.23119 -0.60223 -0.43062 -0.39286 -0.36831 -0.30259 -0.19752 -0.59661 -0.55601 -0.82498 -0.72835 -0.14021 1.51506 1.15628 9
0.27065 1.00007 -0.92636 -0.78138 -0.62350 -0.35675 -0.45890 -0.67916 -0.52202 -0.43062 -0.39286 -0.36831 -0.30259 -0.19752 -0.59661 -0.55601 -0.48763 -0.53568 -0.14021 1.46430 0.83505 9
-0.32912 -0.40500 -1.18223 -0.71103 -0.49264 -0.59873 -0.45890 -0.66696 -0.35415 -0.43062 -0.39286 -0.36831 -0.30259 -0.19752 0.02321 -0.17003 -0.64494 -0.70846 -0.14021 1.88128 0.91029 9
0.51431 1.73606 -0.07671 -0.66579 -0.39917 -0.67939 -0.49727 -0.75538 -0.05159 -0.43062 -0.39286 -0.36831 -0.30259 -0.19752 -0.59661 -0.55601 -0.82323 -0.88018 -0.13703 -0.40428 0.75223 9
-0.34786 -0.43846 -0.63192 -0.30395 -0.36801 -0.67939 -0.49727 -0.56269 -0.41254 -0.43062 -0.39286 -0.36831 -0.30259 -0.19752 -0.58220 -0.54703 -0.79876 -0.77861 -0.13067 -0.44658 0.71704 9
-0.34786 -0.43846 -0.55785 -0.43964 -0.56118 -0.67939 -0.49727 0.24596 -0.56728 -0.13102 -0.23578 -0.29446 -0.30259 -0.19752 -0.52454 -0.51113 -0.83425 -0.90244 -0.14498 -0.59605 0.98884 9
0.15820 0.76589 -0.60009 -0.68087 -0.62350 -0.59873 -0.15194 -0.46790 -0.42029 -0.43062 -0.39286 -0.36831 -0.30259 -0.19752 -0.53895 -0.48420 -0.78303 -0.83306 -0.14021 1.16979 0.95775 9
-0.34786 -0.43846 -1.17734 -0.55523 -0.72943 -0.51807 -0.38216 1.90907 0.61407 -0.43062 -0.39286 -0.36831 -0.30259 -0.19752 -0.59661 -0.55601 -0.65893 -0.70532 -0.13385 1.57751 1.20614 9
-0.36660 -0.43846 -1.14795 -0.61554 -0.59857 -0.67939 -0.49727 -0.01495 -0.63820 -0.43062 -0.39286 -0.36831 -0.30259 -0.19752 0.26681 0.51888 -0.82350 -0.87202 -0.13226 -0.43369 0.88304 9
-0.32912 -0.43846 -1.08307 -0.57533 -0.69204 -0.67939 -0.49727 -0.34316 0.14173 -0.43062 -0.39286 -0.36831 -0.30259 -0.19752 -0.07769 -0.17901 -0.78128 -0.70741 -0.13067 -0.42684 0.98674 9
-0.36660 -0.43846 -0.49725 -0.60549 -0.59857 -0.67939 -0.49727 -0.81105 -0.63775 -0.35525 -0.36657 -0.35595 -0.30259 -0.19752 -0.55337 -0.52908 -0.82323 -0.87390 -0.14021 -0.65004 0.92554 9
-0.34786 -0.43846 -1.22570 -0.89195 -0.81667 -0.43741 0.07827 -0.55066 -0.63408 -0.43062 -0.39286 -0.36831 -0.30259 -0.16248 -0.59661 -0.55601 -0.61698 -0.64563 -0.14021 -0.46632 1.02530 9
-0.34786 -0.43846 -0.66314 -0.70097 -0.51133 -0.67939 -0.49727 -0.76905 -0.57439 -0.43062 -0.39286 -0.36831 -0.30259 -0.19752 0.09528 -0.02642 -0.84596 -0.84249 -0.14021 1.77170 0.94375 10
-0.36660 -0.43846 -1.28875 -0.97236 -0.79798 -0.67939 -0.49727 -0.72290 -0.43830 -0.43062 -0.39286 -0.36831 -0.30259 -0.19752 -0.59661 -0.55601 -0.82673 -0.87809 -0.14817 0.43332 1.05592 10
-0.36660 -0.43846 -1.31690 -1.00754 -0.79174 -0.67939 -0.49727 -0.82078 -0.45533 -0.43062 -0.39286 -0.36831 -0.30259 -0.19752 -0.53895 -0.50215 -0.82323 -0.88018 -0.14817 -0.16859 1.02764 10
-0.34786 -0.43846 -1.24161 -0.88190 -0.76059 -0.67939 -0.49727 -0.68898 -0.55367 0.77533 0.14609 -0.11494 -0.30259 0.81854 -0.59661 -0.55601 -0.77954 -0.86029 -0.13862 -0.58759 0.92117 10
-0.34786 -0.43846 -0.82475 -0.59041 -0.71697 -0.67939 -0.49727 -0.79926 -0.60892 -0.43062 -0.39286 -0.36831 -0.30259 -0.19752 -0.59661 -0.55601 -0.82323 -0.88228 -0.14021 1.68709 0.93462 10
-0.34786 -0.40500 -0.47583 -0.66579 -0.51756 -0.67939 -0.49727 -0.71198 -0.38416 -0.35525 -0.36657 -0.35595 -0.30259 -0.19752 -0.43805 -0.45727 -0.84570 -0.76772 -0.14578 -0.57550 -0.73665 10
-0.36660 -0.43846 -0.76353 -0.96733 -0.77928 -0.67939 -0.49727 -0.80006 -0.59319 -0.43062 -0.39286 -0.36831 -0.30259 -0.19752 -0.59661 -0.55601 -0.82498 -0.88123 -0.14817 2.63709 1.27195 10
-0.08546 0.33099 -1.32119 -1.01256 -0.81667 -0.67939 -0.49727 -0.82090 -0.61244 -0.43062 -0.39286 -0.36831 -0.30259 -0.19752 -0.59661 -0.55601 -0.82323 -0.88228 -0.14817 1.72013 1.24986 10
-0.32912 -0.40500 -1.30772 -1.00754 -0.79798 -0.67939 -0.49727 -0.79170 -0.59283 -0.43062 -0.39286 -0.36831 -0.30259 -0.19752 -0.59661 -0.55601 -0.76380 -0.87914 -0.14658 2.26523 1.29572 10
-0.36660 -0.43846 -1.29670 -0.99246 -0.78551 -0.67939 -0.49727 -0.82037 -0.63316 -0.43062 -0.39286 -0.36831 -0.30259 -0.19752 -0.59661 -0.55601 -0.82323 -0.88228 -0.14817 1.42885 1.26010 10
-0.36660 -0.43846 -1.31323 -0.98744 -0.81044 -0.67939 -0.49727 -0.82081 -0.59450 -0.43062 -0.39286 -0.36831 -0.30259 -0.19752 -0.59661 -0.55601 -0.82323 -0.88228 -0.14817 2.27490 1.27354 10
-0.32912 -0.40500 -1.25630 -1.00251 -0.79798 -0.67939 -0.49727 -0.78090 -0.20450 -0.43062 -0.39286 -0.36831 -0.30259 -0.19752 -0.58220 -0.54703 -0.82297 -0.88003 -0.14817 2.30834 1.28207 10
