1.07659 2.57241 1.17083 2.21891 2.77259 -0.19946 -0.26897 -0.41837 -0.34814 0.16670 0.68965 0.75364 0.86326 -0.05912 0.23294 0.05841 -0.06130 0.20568 0.90955 -0.67622 -3.14704 1
-0.23540 -0.23773 -0.28300 -0.54015 -0.48018 -0.67939 -0.49727 -0.70080 -0.49589 0.13655 -0.12930 -0.25676 -0.30259 -0.09241 -0.40850 -0.43887 -0.80540 -0.80553 1.07656 -0.67219 -3.14706 1
-0.17918 -0.37155 -0.29402 0.40466 0.19904 -0.19542 -0.15194 -0.31571 -0.15481 2.55221 1.24044 1.48316 0.66084 1.94321 0.93420 0.75720 -0.30103 0.19965 1.57759 -0.67582 -3.14704 1
0.13945 -0.27119 2.73668 5.01316 2.39871 2.86972 0.50034 1.77993 0.83578 1.52904 0.73763 0.41653 0.02914 0.99372 -0.06328 -0.02642 3.12715 2.98787 1.69688 -0.68549 -3.14698 1
0.06448 0.23063 -0.13364 1.29923 0.09934 -0.67939 -0.49727 2.35646 4.63540 -0.43062 -0.39286 -0.36831 -0.30259 -0.16248 -0.04886 -0.21491 -0.73059 -0.69903 5.68918 -0.67260 -3.14706 1
2.08870 1.10043 -0.35524 0.44989 0.82217 -0.35675 -0.30542 0.42035 1.35093 -0.43062 -0.39286 -0.36831 -0.30259 -0.16248 -0.00418 0.00141 -0.21171 -0.21794 4.01909 -0.67501 -3.14704 1
0.04574 -0.40500 4.28355 8.73715 10.82972 2.61967 0.11473 5.88038 10.14171 -0.43062 -0.39286 -0.36831 -0.30259 -0.19752 -0.22256 -0.15298 2.26593 2.07499 -0.14021 -0.39461 -0.64297 1
1.13282 1.16734 3.20619 4.45029 0.91564 0.77251 0.80730 8.39314 0.74078 1.45367 1.02683 0.28675 -0.30259 0.39810 0.52772 0.29672 1.30753 2.31143 -0.10522 -0.56503 -0.02647 1
-0.25415 -0.43846 0.62908 2.11338 0.04326 1.49847 0.80730 1.13198 -0.34984 4.39316 8.26988 7.44296 10.09642 -0.02234 0.23943 0.14413 2.05915 3.11666 -0.14578 -0.66535 -0.51076 1
0.87042 1.33461 1.24367 0.72128 0.43583 2.05100 3.13250 0.04524 -0.08008 0.50776 1.27002 1.64445 2.01027 -0.09241 0.95366 0.94615 1.65187 1.88536 -0.13226 -0.64641 -0.55389 1
-0.12295 -0.43846 0.99759 0.46497 -0.12499 3.43435 5.37328 -0.07349 -0.29764 0.85070 0.40900 0.33619 0.08537 -0.12745 0.61420 0.69167 2.07488 2.67164 -0.14817 -0.62627 -0.59294 1
0.27065 0.23063 1.32998 1.46005 0.24266 3.67633 1.76654 -0.23451 -0.41685 -0.39293 -0.37972 -0.36213 -0.30259 -0.16248 -0.55337 -0.41239 3.64979 4.13969 -0.14817 -0.50339 -0.60445 1
0.38311 0.83280 0.22507 0.20364 -0.22469 1.41781 2.57230 1.09258 -0.54569 0.92607 1.78925 3.08620 2.81233 -0.19752 2.90610 4.25520 0.87229 1.16693 -0.14021 -0.65648 -0.53370 1
1.07659 2.40514 0.83966 1.38466 0.12426 1.57913 0.61545 1.19439 1.14453 -0.43062 -0.39286 -0.36831 -0.30259 -0.19752 0.31150 0.43137 2.02069 2.02557 -0.12113 0.18111 0.58582 2
-0.06672 -0.27119 1.42731 0.09307 -0.02529 0.12722 0.19338 0.79543 -0.03304 1.00144 1.10570 1.57833 1.42074 0.95868 0.39799 0.57498 0.87403 0.58369 -0.12590 -0.66132 0.46137 2
12.45348 -0.10392 1.79827 0.48005 0.25512 -0.67939 -0.49727 -0.70393 0.16880 -0.43062 -0.39286 -0.36831 -0.30259 -0.19752 5.11151 3.05240 -0.81974 -0.62783 -0.14021 -0.45343 -0.62979 2
3.34447 0.83280 1.17144 1.19369 1.18982 0.28855 -0.30542 0.12959 0.69623 1.45367 2.97233 2.25811 0.85004 -0.16248 0.96015 1.28410 0.25001 0.29573 -0.14419 -0.65527 -0.73715 2
0.02700 0.06336 1.57851 0.45492 0.19904 0.36921 1.07588 0.08685 0.76978 -0.43062 -0.39286 -0.36831 -0.30259 -0.19752 -0.59661 -0.55601 1.28306 0.34913 -0.12590 0.05904 0.58880 2
0.00825 -0.13737 2.25982 2.25912 0.47322 0.12722 0.38331 -0.01079 -0.05171 -0.43062 -0.39286 -0.36831 -0.30259 -0.19752 -0.20814 -0.17991 0.56858 0.37159 -0.13862 -0.26125 -0.73307 2
0.28939 1.03352 0.59542 0.71625 0.92811 1.09516 0.11664 0.30140 0.05954 -0.43062 -0.39286 -0.36831 -0.30259 -0.16248 2.77637 1.54441 1.67110 1.87059 -0.14419 -0.43731 -0.74238 2
-0.14169 -0.30464 1.08207 1.50528 -0.13122 1.09516 0.84567 1.01497 -0.42262 -0.43062 -0.39286 -0.36831 -0.30259 -0.19752 -0.04886 -0.03539 1.21139 1.25175 -0.12749 -0.42120 -0.74837 2
-0.19792 -0.43846 1.19103 2.05809 2.65419 1.40168 -0.07904 0.92137 1.35991 -0.31756 -0.22329 -0.08620 0.05163 -0.19752 -0.29607 -0.36886 1.42822 1.45017 -0.14498 -0.62949 -0.62577 2
-0.10420 -0.27119 2.10434 1.87215 0.77232 0.60716 -0.03875 0.80219 0.99438 -0.43062 -0.39286 -0.36831 -0.30259 -0.19752 1.34573 0.77874 0.48660 0.97562 -0.11317 -0.13273 0.68088 2
-0.23540 -0.43846 -0.36931 -0.25369 -0.14368 1.74045 2.87926 -0.34610 -0.41197 0.05930 1.09255 0.54630 0.29059 -0.19752 0.81600 0.63782 0.97017 1.30201 -0.14817 -0.64762 -0.53270 2
-0.21666 -0.33809 0.73192 1.82692 0.28005 0.61119 0.73056 4.70052 -0.38472 2.16970 1.34231 1.21990 1.21551 1.69445 -0.22184 -0.25980 1.37220 1.17112 -0.13385 -0.65165 -0.55210 2
-0.01049 0.53171 1.38997 -0.35421 -0.40540 -0.67939 -0.49727 1.75867 0.04071 1.07681 1.73667 3.98845 2.80109 -0.19752 4.52051 5.81704 -0.78827 -0.88123 -0.14021 -0.66655 1.02518 2
-0.34786 -0.43846 0.52196 1.25902 0.51061 -0.03410 -0.26705 0.50665 -0.22224 0.62270 0.97162 1.38954 2.02053 -0.12745 1.93529 1.98828 -0.27577 -0.09139 -0.13862 -0.65205 -0.48060 3
-0.21666 -0.40500 0.01266 0.68610 1.04650 2.05907 -0.15194 -0.05637 -0.52928 -0.43062 -0.39286 -0.36831 -0.30259 -0.19752 -0.59661 -0.55601 1.98687 1.58070 -0.13385 1.75397 1.24325 3
-0.16043 -0.40500 0.48707 1.56558 0.67262 -0.11476 -0.30542 -0.21022 -0.28569 0.21192 0.93744 3.39643 2.38192 -0.12745 2.08952 1.60275 0.05101 0.58787 -0.14817 -0.65729 -0.56585 3
-0.17918 -0.17082 0.42279 -0.11298 -0.19353 0.12319 0.07444 -0.53322 -0.47560 1.25582 0.83556 1.05675 0.47993 -0.12745 0.32015 0.53235 0.57810 0.81279 -0.11954 -0.61055 -0.76781 3
-0.34786 -0.40500 0.30894 0.31420 -0.08137 -0.11476 0.27012 3.55076 5.90139 0.36078 0.38271 0.34855 0.33276 0.15285 2.37276 2.46895 -0.29535 -0.13464 -0.12590 -0.54730 -0.69680 3
-0.10420 -0.10392 0.66153 0.00261 -0.20600 0.61522 3.53921 -0.12165 -0.42517 0.09887 -0.03728 0.17675 0.13963 -0.05737 -0.12021 -0.15118 1.13343 0.74735 -0.14419 -0.64399 -0.72949 3
0.85168 1.56879 -0.11650 0.34436 0.25512 1.09113 -0.00038 -0.24482 -0.29269 -0.43062 -0.39286 -0.36831 -0.30259 -0.16248 -0.00706 -0.02731 1.13728 1.04248 -0.14021 -0.55576 -0.86294 3
-0.32912 -0.43846 -0.27933 0.24384 0.08064 -0.03410 -0.42053 -0.44868 -0.37492 -0.43062 -0.39286 -0.36831 -0.30259 -0.19752 -0.55337 -0.52908 -0.14328 -0.28856 -0.14021 -0.02677 1.04157 3
0.12071 -0.40500 -0.15690 -0.32908 -0.24339 1.17582 0.38523 -0.65623 -0.14404 0.58690 0.79021 0.47215 0.57453 -0.12745 0.26826 0.31468 1.04359 1.29258 -0.14260 -0.64601 -0.62611 3
-0.23540 -0.37155 -0.21934 0.45995 0.53553 1.49444 -0.11357 0.80990 1.16889 -0.43062 -0.39286 -0.36831 -0.30259 -0.19752 -0.33787 -0.24229 1.26986 0.97457 -0.13703 0.68270 1.15520 3
0.23317 1.06698 1.75909 0.21872 0.18035 -0.27609 -0.30542 -0.56139 -0.47169 -0.16682 -0.28770 0.03431 -0.04901 -0.12745 1.06465 0.53235 -0.14511 0.09159 -0.11158 -0.65366 -0.72430 3
5.91224 7.65743 0.38178 0.31923 2.74143 -0.67939 -0.49727 -0.72090 0.94320 0.69995 0.23811 -0.07168 -0.30259 0.43314 3.09349 1.74188 -0.82323 -0.79746 -0.13862 -0.57429 0.91368 3
-0.27289 -0.40500 0.73437 0.70118 0.24266 -0.35675 -0.34379 -0.14283 0.16761 -0.43062 -0.39286 -0.36831 -0.30259 -0.19752 -0.06328 -0.12515 -0.21320 -0.20794 -0.13544 0.23792 0.16390 3
-0.29163 -0.40500 0.62908 0.25892 0.18035 0.44987 -0.03683 0.15305 -0.16402 -0.05376 -0.16939 -0.26325 -0.30259 0.67839 -0.49571 -0.48420 0.35839 0.30829 -0.13624 -0.63996 -0.73352 4
-0.34786 -0.43846 0.43504 0.70620 0.34859 -0.59873 -0.42053 -0.44651 0.14976 0.92607 2.19676 2.19013 1.69625 -0.19752 1.11871 0.52113 -0.55055 -0.28437 -0.14339 -0.65406 -0.49473 4
-0.32912 -0.43846 -0.33871 -0.43964 -0.14992 -0.27609 -0.38216 -0.69527 -0.52170 -0.24219 -0.32714 -0.33741 -0.30259 -0.19752 -0.51012 -0.48420 -0.37401 -0.38280 -0.14339 -0.59806 -0.73161 4
-0.23540 -0.30464 0.00776 -0.18333 -0.18730 0.04656 0.53871 -0.35108 0.11493 0.17235 0.88223 1.41147 1.27455 -0.05737 -0.53895 -0.52010 0.61883 0.81196 -0.14817 -0.63593 -0.63503 4
-0.14169 -0.37155 -0.08589 0.75646 -0.19977 1.58316 0.19530 -0.21349 -0.46877 -0.39293 -0.37972 -0.36213 -0.30259 -0.19752 -0.48130 -0.43887 1.02829 1.03798 -0.14419 -0.52957 -0.61567 4
-0.14169 -0.40500 0.12591 0.36948 0.58538 0.37324 0.19530 -0.42937 0.01689 -0.43062 -0.39286 -0.36831 -0.30259 -0.19752 0.94862 0.49644 0.38906 0.50918 -0.14419 -0.18027 -0.53405 4
0.23317 0.59862 -1.04267 -0.67585 -0.53626 0.04656 -0.19031 -0.35239 -0.29031 -0.43062 -0.39286 -0.36831 -0.30259 -0.19752 -0.45247 -0.27775 0.21855 -0.24982 -0.14658 -0.50540 1.12478 4
-0.14169 -0.30464 -0.06875 0.07800 0.09311 0.04656 -0.38216 -0.05863 -0.51984 0.73764 0.25126 0.28057 0.15003 0.78350 1.55114 0.94301 0.26050 0.65489 -0.14021 -0.65527 -0.52843 4
-0.34786 -0.43846 0.92046 0.76651 0.62900 -0.35675 -0.45890 -0.60806 0.94960 -0.35525 -0.23512 -0.31269 -0.30259 -0.12745 -0.14904 -0.25037 -0.48317 -0.29139 -0.12669 -0.55334 -0.73632 4
3.15704 6.68726 -0.19241 0.00261 -0.36178 -0.27609 -0.38216 -0.22538 -0.53364 -0.43062 -0.39286 -0.36831 -0.30259 -0.19752 0.39799 0.73655 -0.35303 -0.25610 -0.13862 0.16379 1.03080 4
-0.12295 -0.37155 0.32240 -0.11298 0.13673 0.36921 0.07827 -0.58411 0.02344 -0.43062 -0.39286 -0.36831 -0.30259 -0.19752 -0.32274 -0.34956 0.50871 0.33761 -0.14658 -0.55294 -0.62881 4
-0.31038 -0.43846 0.03470 0.66600 0.06818 -0.11476 -0.26705 -0.53174 -0.47378 -0.01608 -0.06423 -0.02224 0.07974 -0.05737 0.38357 0.05437 0.01229 -0.04877 -0.14817 -0.62747 -0.54330 4
-0.16043 -0.07046 2.30389 0.74138 0.59785 -0.67939 -0.49727 3.24627 -0.32269 -0.43062 -0.39286 -0.36831 -0.30259 0.36306 -0.56778 -0.53806 -0.78827 -0.80270 -0.14817 -0.44577 -0.75343 4
-0.25415 -0.40500 1.04901 1.44497 0.09934 -0.51807 -0.42053 -0.31023 0.62580 -0.39293 -0.37972 -0.36213 -0.30259 -0.19752 3.16556 1.78676 -0.69039 0.31039 -0.14817 -0.52957 -0.75095 5
-0.29163 -0.37155 -0.12507 0.21369 0.21150 -0.19542 0.76893 -0.63833 0.00151 -0.43062 -0.39286 -0.36831 -0.30259 -0.19752 -0.43805 -0.45727 -0.37226 -0.40375 -0.14498 -0.49734 -0.55964 5
1.24528 1.13389 -0.16180 0.36948 0.59162 -0.11476 0.00345 1.39418 0.59647 -0.43062 -0.39286 -0.36831 -0.30259 -0.19752 0.11114 0.28057 -0.15036 0.02651 -0.14817 -0.17906 -0.54597 5
-0.08546 -0.43846 -0.49909 -0.80651 -0.62350 0.68379 1.63800 -0.63211 -0.46908 -0.43062 -0.39286 -0.36831 -0.30259 -0.19752 -0.10940 -0.24364 1.17241 0.87525 -0.14419 -0.43812 -0.64659 5
0.25191 1.10043 0.24650 -0.26374 -0.31816 -0.27609 0.00154 -0.05960 -0.12807 -0.43062 -0.39286 -0.36831 -0.30259 -0.16248 -0.40922 -0.41239 -0.13978 -0.26553 -0.14021 -0.56583 -0.80598 5
0.57054 1.93678 0.70315 0.72630 0.32367 -0.43741 -0.38216 -0.38911 -0.29783 -0.43062 -0.39286 -0.36831 -0.30259 -0.16248 -0.45247 -0.44829 -0.54006 -0.54825 -0.13703 -0.45021 0.44618 5
-0.34786 -0.43846 0.77171 0.64589 0.95926 -0.51807 -0.11357 -0.70187 -0.42135 0.13655 -0.19503 -0.27530 -0.30259 -0.19752 -0.04742 -0.10630 -0.69336 -0.67123 -0.14817 -0.60129 -0.53597 5
-0.10420 -0.20428 0.31628 -0.08282 -0.19353 -0.19542 0.15501 -0.00600 0.13564 -0.43062 -0.39286 -0.36831 -0.30259 -0.19752 -0.58220 -0.53806 0.54891 -0.17966 -0.13703 0.09369 0.52172 5
-0.17918 -0.40500 1.35569 0.01266 0.08688 -0.51807 -0.42053 -0.16266 0.72595 -0.43062 -0.39286 -0.36831 -0.30259 -0.19752 -0.48130 -0.48420 -0.51559 -0.64039 -0.13226 -0.27455 0.12022 5
-0.36660 -0.43846 -0.34483 -0.43964 -0.48641 -0.67939 -0.49727 -0.26879 -0.32051 -0.43062 -0.39286 -0.36831 -0.30259 -0.19752 0.13853 0.35956 -0.82323 -0.86029 -0.14021 -0.46914 1.04453 5
-0.31038 -0.37155 0.11244 0.57553 0.47945 -0.51807 -0.11357 0.06161 1.51229 -0.43062 -0.39286 -0.36831 -0.30259 0.22292 0.19618 0.00949 -0.48413 -0.20479 -0.13862 -0.54529 0.12691 5
-0.17918 -0.37155 -0.49970 0.34436 0.49191 -0.11476 -0.26705 -0.11755 -0.50581 -0.43062 -0.39286 -0.36831 -0.30259 -0.16248 -0.48130 -0.47522 -0.09259 0.15437 -0.14817 -0.43328 -0.84526 5
0.90791 1.30116 -0.68395 -0.50497 -0.56118 -0.35675 -0.30542 -0.70837 -0.51625 0.66227 1.11885 0.69462 0.79382 0.01270 2.02682 2.32533 -0.30234 0.33552 -0.14419 -0.57711 -0.72252 5
-0.14169 -0.27119 0.50543 -0.03257 0.11803 -0.51807 -0.26705 -0.24015 -0.54178 0.51153 0.61932 0.37327 0.29340 0.01270 -0.38039 0.49420 -0.56454 -0.41841 -0.14419 -0.58316 -0.82092 6
-0.34786 -0.43846 0.13141 -0.07277 0.07441 -0.59873 -0.19031 -0.04711 -0.32519 1.86445 0.65679 0.12515 -0.30259 1.86613 -0.33787 -0.28717 -0.66303 -0.47176 -0.14817 -0.64641 -0.74417 6
-0.21666 -0.30464 -0.25791 -0.32908 -0.44902 -0.35675 -0.34379 -0.11182 -0.46016 2.35813 2.65684 1.89968 1.68781 0.08277 0.74393 0.42239 -0.24641 0.06536 -0.13465 -0.66615 -0.72601 6
-0.29163 -0.40500 -0.56030 0.43984 0.27382 0.53053 -0.34379 0.40252 0.72680 -0.43062 -0.39286 -0.36831 -0.30259 -0.19752 -0.59661 -0.55601 0.46851 0.23081 -0.13703 1.36801 1.20534 6
0.79545 1.53533 -0.06263 0.31923 0.09311 -0.35675 -0.38216 -0.58855 -0.22326 -0.31756 -0.35343 -0.34977 -0.30259 0.32803 -0.51012 -0.47522 -0.48238 -0.48123 -0.14817 -0.54569 -0.83142 6
-0.10420 0.23063 -1.18897 -0.88190 -0.72320 -0.59873 -0.45890 -0.74500 -0.55440 -0.43062 -0.39286 -0.36831 -0.30259 -0.19752 -0.58220 -0.54703 -0.63096 -0.76291 -0.14021 -0.31564 1.03591 6
0.60802 1.63570 -0.81434 -0.67585 -0.32439 -0.67939 -0.49727 -0.77516 -0.08261 -0.43062 -0.39286 -0.36831 -0.30259 -0.19752 3.33853 1.90345 -0.81624 -0.46762 -0.14817 -0.16416 -0.61397 6
-0.23540 -0.37155 0.68540 -0.44969 -0.29324 -0.51807 -0.42053 -0.40404 -0.30143 -0.01608 0.18553 1.00979 1.13398 -0.12745 0.80159 0.58396 -0.47015 -0.36186 -0.13544 -0.64641 0.45338 6
-0.31038 -0.37155 0.68356 -0.32405 0.06195 -0.43741 -0.30542 -0.69256 -0.50600 0.58878 -0.01099 -0.18878 -0.30259 -0.09241 -0.56778 -0.53806 -0.34482 -0.48129 -0.14419 -0.62183 -0.71639 6
0.43934 1.43497 -0.29402 -0.46477 -0.34309 -0.43741 -0.38216 -0.74535 -0.47754 -0.43062 -0.39286 -0.36831 -0.30259 -0.19752 0.30934 0.03507 0.22493 -0.28155 -0.14817 -0.37366 -0.86177 6
-0.34786 -0.40500 -1.04450 -0.26374 -0.67958 -0.51807 -0.34379 1.16621 0.26871 -0.43062 -0.39286 -0.36831 -0.30259 -0.19752 -0.33715 -0.39444 -0.51210 -0.61317 -0.13226 1.70925 1.20342 6
0.47682 1.60224 -0.56520 -0.27882 -0.35555 -0.35675 -0.30542 -0.77452 -0.44348 -0.01608 -0.14310 -0.23853 -0.28572 -0.12745 -0.56778 -0.53806 -0.35303 -0.40898 -0.13544 -0.64359 -0.63766 6
-0.34786 -0.43846 -0.80148 -0.54518 -0.61727 -0.67939 -0.49727 0.95705 -0.38227 -0.43062 -0.39286 -0.36831 -0.30259 -0.19752 -0.32274 -0.34956 -0.81974 -0.83306 -0.14021 -0.37648 1.00190 7
-0.27289 -0.43846 -0.04366 0.15338 -0.28700 -0.11476 -0.42053 -0.59119 -0.43197 -0.09145 -0.27455 0.10136 0.18095 -0.16248 -0.30832 -0.30468 -0.26389 -0.26553 -0.13544 -0.65688 0.90884 7
-0.36660 -0.43846 -1.14612 -0.75123 -0.53626 -0.67939 -0.49727 -0.55842 -0.26833 -0.43062 -0.39286 -0.36831 -0.30259 -0.19752 -0.58220 -0.54703 -0.82323 -0.87914 -0.14021 -0.31846 1.02671 7
-0.29163 -0.43846 -0.15017 1.61081 0.56046 -0.67939 -0.49727 -0.58708 -0.03016 -0.27988 -0.32714 -0.34977 -0.30259 -0.16248 -0.17859 -0.29570 -0.78303 -0.50741 -0.14817 -0.60209 -0.62401 7
0.17694 0.76589 -0.58173 0.25892 0.21150 -0.67939 -0.49727 -0.72341 -0.27209 2.27711 0.94533 0.45206 0.39039 -0.19752 0.03618 0.09790 -0.80951 -0.71945 -0.14021 -0.64963 -0.74874 7
0.00825 0.53171 0.63888 0.05287 0.34859 -0.67939 -0.49727 -0.66484 0.03055 -0.20451 -0.31399 -0.33123 -0.30259 -0.12745 0.08087 -0.10720 -0.84771 -0.63830 -0.14817 -0.57107 -0.61205 7
-0.34786 -0.43846 -1.16693 -0.83164 -0.62973 -0.27609 -0.30542 -0.65438 -0.50629 -0.43062 -0.39286 -0.36831 -0.30259 -0.19752 -0.56778 -0.52908 -0.20620 -0.41526 -0.14021 0.92605 1.06930 7
-0.32912 -0.43846 -1.20366 -0.91708 -0.82290 0.04656 -0.15194 -0.60637 -0.53362 -0.43062 -0.39286 -0.36831 -0.30259 -0.19752 -0.42364 -0.37649 0.60310 -0.15034 -0.14817 2.54967 1.28033 7
-0.34786 -0.43846 -1.11184 -0.79144 -0.63596 -0.27609 -0.42053 -0.66903 -0.62625 -0.43062 -0.39286 -0.36831 -0.30259 -0.19752 -0.59661 -0.55601 -0.30933 -0.47390 -0.13544 -0.32169 1.02604 7
-0.08546 -0.00355 0.28261 0.02774 -0.21846 -0.59873 -0.45890 -0.61603 -0.62082 -0.43062 -0.39286 -0.36831 -0.30259 -0.16248 -0.51012 -0.50215 -0.57153 -0.69799 -0.14021 -0.32128 0.29051 7
0.17694 0.96662 0.76253 0.18856 0.35482 -0.67939 -0.49727 -0.78756 0.14813 -0.43062 -0.39286 -0.36831 -0.30259 -0.19752 -0.58220 -0.54703 -0.82472 -0.68170 -0.14817 -0.57792 -0.60635 7
-0.25415 -0.40500 -0.46848 -0.15318 -0.36178 -0.51807 -0.15194 0.62482 0.07439 -0.43062 -0.39286 -0.36831 -0.30259 -0.19752 -0.52454 -0.48420 -0.14503 -0.27076 -0.13226 -0.33659 0.50772 7
-0.04798 0.36444 -0.85046 -0.21349 -0.55495 -0.43741 -0.38216 1.52304 1.01419 -0.43062 -0.39286 -0.36831 -0.30259 -0.19752 -0.59661 -0.55601 -0.38388 -0.51877 -0.13385 -0.29872 1.01457 8
-0.08546 -0.33809 -0.67538 -0.75123 -0.72320 -0.11476 -0.19031 -0.14171 -0.44207 -0.43062 -0.39286 -0.36831 -0.30259 -0.19752 -0.59661 -0.55601 0.15737 0.07374 -0.13703 0.39505 0.50896 8
-0.34786 -0.40500 0.07449 -0.09790 -0.33686 -0.67939 -0.49727 -0.72842 -0.51029 -0.43062 -0.39286 -0.36831 -0.30259 -0.19752 -0.45247 -0.41239 -0.83372 -0.78280 -0.14021 -0.37124 0.13178 8
-0.31038 -0.43846 -0.62519 -0.41451 -0.57988 0.20788 -0.07520 0.26059 0.31041 -0.43062 -0.39286 -0.36831 -0.30259 -0.19752 -0.43805 -0.35853 -0.10832 -0.16605 -0.12749 0.08684 1.03295 8
-0.29163 -0.43846 -0.62396 -0.77636 -0.73566 0.53053 1.42121 -0.73302 -0.60797 -0.43062 -0.39286 -0.36831 -0.30259 -0.19752 -0.59661 -0.55601 -0.13279 -0.06553 -0.13862 1.12789 1.18613 8
-0.36660 -0.43846 -0.09140 -0.58538 -0.19353 -0.67939 -0.49727 -0.43981 -0.53240 -0.43062 -0.39286 -0.36831 -0.30259 -0.19752 -0.59661 -0.55601 -0.81974 -0.87181 -0.13067 -0.44215 0.94384 8
-0.32912 -0.43846 -0.90126 -0.71605 -0.48641 -0.19542 -0.22868 -0.79243 -0.55915 -0.43062 -0.39286 -0.36831 -0.30259 -0.19752 -0.39553 -0.42181 -0.26179 -0.42055 -0.12749 -0.47962 -0.66292 8
0.13945 1.00007 -0.82413 -0.61554 -0.33686 -0.59873 -0.45890 -0.78996 -0.57180 -0.43062 -0.39286 -0.36831 -0.30259 -0.19752 -0.56778 -0.52908 -0.70315 -0.73197 -0.14817 0.14083 -0.60992 8
-0.27289 -0.30464 0.02001 -0.39441 -0.21223 -0.59873 -0.45890 -0.72826 -0.32477 0.47384 0.21182 -0.13965 -0.30259 0.46817 -0.48130 -0.48420 -0.66592 -0.75244 -0.13703 -0.62345 0.90595 8
-0.36660 -0.43846 -0.15935 -0.67082 -0.29324 -0.67939 -0.49727 -0.80785 -0.60599 -0.43062 -0.39286 -0.36831 -0.30259 -0.16248 -0.58220 -0.54703 -0.82323 -0.88228 -0.13862 -0.42885 0.92952 8
-0.32912 -0.37155 -0.54010 -0.38939 -0.30570 -0.67939 -0.49727 0.05595 -0.56057 -0.43062 -0.39286 -0.36831 -0.30259 -0.19752 -0.45247 -0.41239 -0.81799 -0.81945 -0.14021 -0.57268 -0.82704 8
-0.25415 -0.33809 -0.09691 -0.17831 -0.30570 -0.51807 -0.42053 -0.70669 -0.22698 -0.43062 -0.39286 -0.36831 -0.30259 -0.19752 -0.59661 -0.55601 -0.38100 -0.65087 -0.13862 0.05582 0.52040 8
-0.08546 0.29753 -1.25202 -0.83667 -0.76059 -0.67939 -0.49727 -0.43137 -0.41006 -0.43062 -0.39286 -0.36831 -0.30259 -0.19752 0.18177 0.40444 -0.82498 -0.88018 -0.14817 2.20359 1.22998 9
-0.34786 -0.40500 -0.99492 -0.66579 -0.62350 -0.51807 -0.42053 -0.43426 -0.53063 -0.43062 -0.39286 -0.36831 -0.30259 -0.19752 -0.53895 -0.52010 -0.68165 -0.67914 -0.14817 0.18071 -0.60454 9
-0.36660 -0.43846 -0.82352 -0.61554 -0.52380 -0.67939 -0.49727 -0.43408 -0.56793 -0.20451 -0.24826 -0.30033 -0.30259 0.08277 -0.51012 -0.50215 -0.82524 -0.82605 -0.14817 -0.62868 -0.74972 9
-0.34786 -0.43846 -0.85352 -0.84169 -0.67958 -0.51807 -0.26705 -0.81595 -0.62966 -0.43062 -0.39286 -0.36831 -0.30259 -0.19752 -0.59661 -0.55601 -0.50511 -0.72207 -0.14021 0.13921 0.92781 9
-0.34786 -0.40500 -0.92697 -0.82662 -0.71074 -0.67939 -0.49727 -0.78663 -0.61086 -0.43062 -0.39286 -0.36831 -0.30259 -0.19752 -0.59661 -0.55601 -0.82149 -0.88228 -0.14658 2.37562 1.28674 9
-0.16043 -0.10392 -1.06409 -0.77636 -0.58611 -0.51807 -0.30542 -0.77371 -0.52136 -0.43062 -0.39286 -0.36831 -0.30259 -0.19752 -0.53895 -0.40341 -0.46141 -0.65505 -0.14021 -0.44456 -0.75801 9
-0.34786 -0.40500 -1.18591 -0.22354 -0.61103 -0.67939 -0.49727 0.54741 1.31623 -0.43062 -0.39286 -0.36831 -0.30259 -0.19752 -0.59661 -0.55601 -0.82323 -0.88123 -0.13544 1.49049 1.18453 9
-0.25415 -0.30464 -0.94350 -0.69595 -0.69827 -0.67939 -0.49727 -0.19868 -0.50803 -0.43062 -0.39286 -0.36831 -0.30259 0.85357 -0.25066 -0.33160 -0.75332 -0.43935 -0.14498 -0.46592 -0.85974 9
-0.32912 -0.40500 -1.20488 -0.88692 -0.81667 -0.19542 0.88404 -0.40606 -0.43894 -0.43062 -0.39286 -0.36831 -0.30259 -0.19752 -0.52454 -0.48420 -0.63795 -0.64668 -0.14180 1.01871 1.16938 9
-0.36660 -0.43846 -0.87249 -0.58538 -0.65465 -0.67939 -0.49727 -0.81269 -0.55013 -0.43062 -0.39286 -0.36831 -0.30259 -0.19752 -0.58220 -0.53806 -0.82175 -0.88034 -0.14817 -0.43449 0.95511 9
-0.36660 -0.43846 -0.87555 -0.65072 -0.55495 -0.67939 -0.49727 -0.81401 -0.51157 -0.43062 -0.39286 -0.36831 -0.30259 -0.19752 -0.56778 -0.53806 -0.82175 -0.78526 -0.13783 -0.53118 -0.80041 9
-0.34786 -0.43846 -0.93738 -0.69595 -0.65465 -0.67939 -0.45890 -0.42209 -0.58311 -0.43062 -0.39286 -0.36831 -0.30259 -0.19752 -0.58220 -0.54703 -0.71967 -0.82437 -0.14817 -0.40387 -0.67545 9
-0.34786 -0.43846 -1.22814 -0.86179 -0.59857 -0.59873 -0.49727 -0.70140 -0.56335 -0.43062 -0.39286 -0.36831 -0.30259 -0.19752 -0.55337 -0.52010 -0.81476 -0.87097 -0.14817 -0.52272 0.97430 10
-0.12295 0.16372 -1.27712 -0.93718 -0.80421 -0.67939 -0.49727 -0.58543 -0.53625 -0.43062 -0.39286 -0.36831 -0.30259 -0.19752 -0.59661 -0.55601 -0.82323 -0.88123 -0.14339 3.03232 1.28197 10
-0.36660 -0.43846 -1.27712 -0.89697 -0.77928 -0.67939 -0.49727 -0.43899 -0.65027 -0.43062 -0.39286 -0.36831 -0.30259 -0.19752 -0.58220 -0.54703 -0.81974 -0.88228 -0.14021 1.17342 1.23100 10
-0.31038 -0.43846 -1.08123 -0.84169 -0.71697 -0.51807 -0.49727 -0.81557 -0.51550 -0.43062 -0.39286 -0.36831 -0.30259 -0.19752 -0.56778 -0.52010 -0.76031 -0.83935 -0.14021 1.78540 0.94760 10
-0.36660 -0.43846 -0.56397 -0.77636 -0.61103 -0.67939 -0.49727 -0.77070 -0.53875 -0.12913 -0.26141 -0.30651 -0.30259 -0.12745 -0.48130 -0.46625 -0.82323 -0.88123 -0.14817 -0.65044 1.00201 10
-0.34786 -0.40500 0.22874 -0.54518 -0.36801 -0.67939 -0.49727 -0.81176 -0.64535 -0.43062 -0.39286 -0.36831 -0.30259 -0.19752 -0.42364 -0.44829 -0.82149 -0.83830 -0.13862 0.46877 0.20199 10
-0.34786 -0.40500 -0.92024 -0.94220 -0.81044 -0.67939 -0.49727 -0.78481 -0.60818 -0.43062 -0.39286 -0.36831 -0.30259 -0.19752 -0.59661 -0.55601 -0.82122 -0.88212 -0.14817 2.59922 1.29079 10
-0.36660 -0.43846 -1.29609 -0.98241 -0.86029 -0.67939 -0.49727 -0.68429 -0.60154 -0.43062 -0.39286 -0.36831 -0.30259 -0.16248 -0.53895 -0.49317 -0.82175 -0.85113 -0.14817 -0.47236 0.95063 10
-0.14169 0.13026 -1.29303 -0.95728 -0.79798 -0.67939 -0.49727 -0.53725 -0.56777 -0.43062 -0.39286 -0.36831 -0.30259 -0.19752 -0.59661 -0.55601 -0.82323 -0.88228 -0.14817 1.39661 1.25225 10
-0.34786 -0.43846 -0.20893 -0.74621 -0.54872 -0.67939 -0.49727 -0.79212 -0.30537 -0.43062 -0.39286 -0.36831 -0.30259 -0.19752 -0.59661 -0.55601 -0.82673 -0.88228 -0.14021 0.13317 0.74537 10
-0.34786 -0.43846 -0.11038 -0.45472 -0.48641 -0.67939 -0.49727 -0.74744 -0.28772 -0.43062 -0.39286 -0.36831 -0.30259 -0.19752 -0.59661 -0.55601 -0.82498 -0.88228 -0.14021 0.60213 0.78035 10
-0.34786 -0.43846 -1.28569 -0.98241 -0.74812 -0.67939 -0.49727 -0.80881 -0.56886 -0.43062 -0.39286 -0.36831 -0.30259 -0.16248 -0.56778 -0.53806 -0.82323 -0.88228 -0.14021 -0.26206 0.92417 10
