1.07659 2.57241 1.17083 2.21891 2.77259 -0.19946 -0.26897 -0.41837 -0.34814 0.16670 0.68965 0.75364 0.86326 -0.05912 0.23294 0.05841 -0.06130 0.20568 0.90955 -0.67622 -3.14704 1
-0.19792 -0.20428 -0.41094 0.07800 -0.00036 -0.59873 -0.45890 -0.48976 -0.40159 0.99767 0.24994 0.96993 0.54755 0.01270 0.74105 0.32186 -0.61767 0.43321 1.76050 -0.67501 -3.14704 1
-0.25415 -0.40500 0.06592 0.19359 0.08064 -0.27609 0.15501 1.61591 2.67305 -0.05376 -0.22197 -0.28797 -0.29135 -0.05737 0.19618 0.15311 -0.42645 -0.27181 1.17200 -0.67461 -3.14705 1
0.43934 1.36806 -0.42379 -0.19841 -0.16238 -0.19542 0.53871 0.02765 0.11110 -0.43062 -0.39286 -0.36831 -0.30259 -0.19752 -0.19301 -0.25980 -0.58901 -0.56919 4.90981 -0.67461 -3.14705 1
-0.16043 -0.23773 -0.48623 -0.56528 -0.56742 -0.59873 -0.45890 0.48485 -0.56478 0.17235 -0.11681 -0.20763 -0.14235 0.43314 -0.38039 -0.36751 -0.61173 -0.68961 1.14019 -0.67340 -3.14706 1
-0.04798 -0.40500 0.68050 0.86702 0.71624 1.57913 0.07827 0.99606 -0.45877 -0.20451 -0.30084 -0.32505 -0.30259 -0.05737 -0.52454 -0.51113 1.48407 1.76169 2.70688 -0.67824 -3.14703 1
-0.08546 -0.43846 2.19555 1.41481 0.73494 3.82959 5.32340 0.87147 -0.36018 0.88650 2.29666 2.09249 10.11779 1.51576 1.23042 0.75181 2.95148 4.10755 -0.13624 -0.65850 -0.56948 1
0.66425 -0.43846 1.43588 0.45995 0.45453 5.76144 6.54931 -0.06689 -0.47044 0.20815 0.26309 0.31641 0.29495 -0.19752 0.92844 0.59069 4.53548 4.96969 -0.14817 -0.63513 -0.53393 1
1.13282 1.16734 3.20619 4.45029 0.91564 0.77251 0.80730 8.39314 0.74078 1.45367 1.02683 0.28675 -0.30259 0.39810 0.52772 0.29672 1.30753 2.31143 -0.10522 -0.56503 -0.02647 1
0.87042 1.33461 1.24367 0.72128 0.43583 2.05100 3.13250 0.04524 -0.08008 0.50776 1.27002 1.64445 2.01027 -0.09241 0.95366 0.94615 1.65187 1.88536 -0.13226 -0.64641 -0.55389 1
2.53853 4.41238 3.75527 0.58056 0.44829 0.12722 0.95694 0.51045 0.22011 -0.43062 -0.39286 -0.36831 -0.30259 -0.19752 1.31691 1.13689 0.79013 0.49698 -0.11476 -0.07431 0.00627 1
0.38311 -0.10392 0.44116 1.20374 1.00912 1.01853 -0.19031 1.21977 0.11270 -0.43062 -0.39286 -0.36831 -0.30259 -0.12745 3.21673 2.32219 1.13867 1.79970 -0.13385 0.44339 -0.84207 1
0.28939 -0.43846 1.39915 -0.02251 -0.29324 2.87778 3.73106 0.53441 -0.48090 -0.24219 0.62130 1.10557 0.91990 0.04774 -0.36526 -0.40296 2.43828 2.79855 -0.12749 -0.62828 -0.56801 1
1.28276 1.97024 2.30879 0.61071 0.44206 0.77251 1.45958 0.67722 0.76586 -0.43062 -0.39286 -0.36831 -0.30259 -0.16248 0.52772 0.59294 1.80395 1.19834 -0.12113 -0.41354 0.01987 2
-0.19792 -0.43846 1.41323 1.32435 1.56370 2.71646 0.15693 0.35552 -0.20982 0.06118 0.47670 0.27563 0.03828 -0.19752 -0.32202 -0.34013 2.56614 2.39352 -0.13465 -0.61579 -0.49884 2
-0.02923 -0.43846 1.81786 2.36466 2.35509 2.46641 -0.11357 0.65192 0.39236 -0.12913 -0.28770 -0.31887 -0.30259 -0.16248 -0.43805 -0.38546 2.32484 1.99310 -0.10681 -0.61740 0.51255 2
0.81419 0.63207 0.33954 0.78661 0.32990 2.22442 3.37806 3.31164 0.07605 0.02161 0.26440 -0.05932 -0.30259 -0.09241 -0.00562 -0.09823 1.42289 1.69258 -0.14817 -0.55697 -0.54526 2
-0.19792 -0.43846 0.33464 -0.37431 -0.01906 1.74045 2.87926 -0.42567 -0.09441 -0.09145 0.71134 1.15192 0.77414 -0.19752 0.15294 0.14413 0.85131 1.24232 -0.14339 -0.65970 -0.58360 2
-0.25415 -0.43846 -0.16976 0.19359 0.16165 1.57510 3.44713 0.13072 -0.34516 0.62270 1.10241 1.09939 0.85623 -0.19752 2.10754 1.87159 0.88085 1.54620 -0.14817 -0.65366 -0.53895 2
0.23317 -0.10392 0.32852 0.60066 0.21773 2.29702 0.38331 0.19471 0.23746 -0.43062 -0.39286 -0.36831 -0.30259 -0.19752 -0.49571 -0.45727 1.93627 2.38850 -0.10681 -0.28825 0.53402 2
0.66425 1.03352 -0.47950 0.01769 -0.10630 1.82112 3.14784 0.80686 -0.47135 -0.24219 0.48787 0.41035 0.86410 -0.19752 4.05925 2.37021 1.00513 1.87478 -0.13226 -0.62788 -0.56649 2
-0.14169 -0.27119 0.72886 0.85697 0.14919 1.65979 2.64904 0.15468 -0.50669 -0.35525 -0.35343 -0.34977 -0.30259 0.36306 0.52772 0.41341 0.71147 0.98787 -0.14180 -0.64198 -0.50718 2
0.25191 0.26408 0.98596 0.30415 0.01210 0.52650 1.68596 1.24881 -0.39389 1.44990 1.37846 2.26521 1.98679 0.29124 0.00735 -0.14400 1.02908 1.24311 -0.14180 -0.65568 -0.74271 2
-0.16043 -0.40500 0.30343 1.11328 1.37676 2.46641 -0.03683 0.07744 -0.56405 -0.43062 -0.39286 -0.36831 -0.30259 -0.05737 -0.59661 -0.55601 2.54683 2.07269 -0.14658 -0.08519 1.06617 2
-0.17918 -0.43846 0.42647 1.18866 1.45154 2.86972 0.00154 0.31978 -0.60984 -0.43062 -0.39286 -0.36831 -0.30259 -0.19752 -0.59661 -0.55601 3.06073 2.42871 -0.12908 2.77810 1.27371 2
-0.06672 -0.20428 2.71586 0.05790 0.15542 0.04656 0.84567 0.30861 0.55360 -0.43062 -0.39286 -0.36831 -0.30259 -0.19752 0.22501 0.02744 0.59611 0.05070 -0.12908 0.48167 0.75714 2
-0.17918 -0.43846 1.49832 2.74158 3.55150 0.20788 -0.38216 1.67497 3.02615 -0.01608 -0.01165 -0.00988 -0.07207 0.29299 0.22501 0.97891 0.14688 0.00254 -0.13385 -0.63755 -0.66510 3
-0.31038 -0.40500 -1.06838 -0.64067 -0.77305 -0.19542 -0.26705 1.31473 -0.43677 0.96375 1.56578 2.41260 3.14688 -0.19752 3.59799 4.61424 0.11542 0.42871 -0.13544 -0.56261 1.11170 3
-0.19792 -0.43846 0.63827 0.66097 0.46699 0.60716 0.30657 0.18579 -0.44700 2.01330 1.91611 2.09867 1.76526 0.25620 -0.02147 0.00814 0.91747 1.27342 -0.14817 -0.64158 -0.84111 3
-0.04798 -0.20428 1.64095 -0.14313 -0.22469 0.12722 0.88404 0.06821 -0.41583 -0.43062 -0.39286 -0.36831 -0.30259 -0.19752 -0.56778 -0.53806 0.67302 -0.02469 -0.13067 -0.37164 0.48907 3
-0.17918 -0.33809 0.49196 1.00774 1.59486 0.53053 -0.34379 0.32491 0.68099 -0.43062 -0.39286 -0.36831 -0.30259 -0.16248 0.02321 -0.09823 0.48773 0.48630 -0.14180 -0.54609 -0.57902 3
-0.14169 -0.13737 1.33978 1.31933 0.33613 -0.11476 -0.22868 -0.03941 0.33550 -0.43062 -0.39286 -0.36831 -0.30259 -0.19752 0.00880 -0.13413 0.27623 0.15960 -0.12590 0.10295 -0.76378 3
3.94424 7.15562 1.82092 1.31430 1.80050 -0.59873 -0.19031 1.49934 1.50906 -0.43062 -0.39286 -0.36831 -0.30259 -0.19752 0.31150 1.01481 -0.78478 -0.62050 -0.11635 -0.25319 0.01424 3
0.08322 0.56517 -0.80454 -0.80149 -0.73566 0.44584 0.15310 -0.29365 -0.49302 -0.43062 -0.39286 -0.36831 -0.30259 -0.19752 -0.52454 -0.49317 1.23499 0.41756 -0.14180 0.21093 1.15610 3
-0.01049 -0.27119 0.67499 -0.25369 -0.12499 -0.27609 -0.23060 0.55273 0.81042 0.99579 0.75932 0.91802 0.79508 0.60482 -0.10868 -0.02866 0.29223 0.08730 -0.12272 -0.64762 0.44528 3
-0.31038 -0.40500 1.27244 0.87707 0.31744 -0.35675 -0.34379 1.59087 0.27566 2.50887 3.14322 1.91822 2.29786 0.53825 0.64303 0.34161 -0.31458 0.06955 -0.14658 -0.61982 -0.81775 3
0.64551 1.06698 2.16616 0.75646 4.80400 -0.43741 -0.15194 0.21229 0.44296 1.68355 1.22729 0.77094 0.28891 0.96043 0.47222 0.71232 -0.57948 -0.48762 -0.13385 -0.65205 -0.66382 3
-0.19792 -0.37155 2.36939 0.10815 0.19904 -0.11476 -0.22868 -0.26626 -0.21752 0.32121 -0.01231 -0.20794 -0.30259 -0.05737 -0.42364 -0.42181 0.03300 -0.05794 -0.12908 -0.60612 0.30868 3
-0.36660 -0.43846 -0.05896 -0.37933 -0.50510 -0.59873 -0.45890 0.12253 -0.50833 0.02161 1.23715 0.83057 0.30184 -0.12745 0.06645 0.20696 -0.64145 -0.53882 -0.13544 -0.61539 0.98126 3
0.85168 2.57241 1.89499 0.19861 0.27382 -0.67939 -0.49727 -0.71006 -0.24314 -0.43062 -0.39286 -0.36831 -0.30259 -0.16248 -0.40922 -0.40341 0.30420 -0.36081 -0.14419 -0.56140 -0.52067 4
-0.25415 -0.30464 0.64500 0.40466 0.61031 -0.27609 -0.00038 -0.19679 -0.08594 -0.43062 -0.39286 -0.36831 -0.30259 -0.16248 0.95727 0.42060 0.17083 0.54714 -0.14578 -0.31121 -0.67563 4
0.34562 0.69898 0.25445 -0.08282 0.07441 0.36921 0.11664 0.17585 -0.11141 -0.43062 -0.39286 -0.36831 -0.30259 -0.19752 -0.58220 -0.54703 0.55066 0.46013 -0.13067 -0.50903 0.94175 4
-0.34786 -0.40500 1.60177 0.05287 0.55423 -0.43741 -0.07520 -0.78161 1.05389 0.55110 -0.01099 -0.18878 -0.30259 -0.09241 -0.56778 -0.53806 -0.54269 -0.49390 -0.14419 -0.61740 -0.77408 4
3.85053 6.95489 1.62687 1.09317 0.82841 -0.51807 -0.42053 0.24136 0.97994 -0.43062 -0.39286 -0.29415 -0.24074 -0.16248 -0.30832 0.37751 -0.56803 -0.45610 -0.11954 -0.30396 0.01801 4
0.02700 -0.40500 0.51890 -0.21851 -0.03152 3.83766 0.19338 -0.12718 -0.08681 -0.39293 -0.36657 -0.35595 -0.30259 -0.19752 -0.26508 -0.31365 1.16944 1.43604 -0.13703 -0.54690 0.91937 4
0.36437 1.30116 0.10020 0.13328 0.15542 0.28855 -0.34379 -0.19704 -0.40136 -0.43062 -0.39286 -0.36831 -0.30259 -0.05737 0.68627 0.26082 0.30944 0.66536 -0.14419 0.16903 -0.69131 4
0.49557 0.73244 -0.30994 -0.01749 -0.11876 0.20788 0.15501 1.01387 -0.14510 0.02161 -0.23512 -0.29415 -0.30259 0.04774 1.55114 0.82632 0.28672 0.47164 -0.14817 -0.60169 -0.49687 4
-0.31038 -0.43846 -0.33932 -0.29892 -0.43656 -0.59873 -0.45890 1.56040 -0.13084 2.88573 6.32437 6.96711 6.93089 -0.19752 3.32412 4.19236 -0.43694 0.07060 -0.12590 -0.66414 0.48178 4
2.12619 3.70985 0.55624 0.41471 0.24266 -0.19542 -0.30542 0.59723 0.33125 -0.43062 -0.39286 -0.36831 -0.30259 -0.19752 -0.10652 -0.17901 -0.07511 -0.14406 -0.13862 -0.42321 -0.78235 4
0.43934 1.30116 1.39426 0.22374 -0.06891 -0.51807 -0.38216 0.18159 -0.47675 -0.43062 -0.39286 -0.36831 -0.30259 -0.16248 -0.32274 -0.30468 -0.47189 -0.45820 -0.14658 -0.45705 -0.49438 4
0.47682 1.56879 0.26058 0.27902 -0.04398 -0.35675 0.27204 3.26398 -0.26696 -0.09145 0.05474 0.30653 0.12838 -0.12745 -0.32202 -0.36706 -0.56725 -0.08050 -0.12908 -0.65769 -0.58202 4
-0.31038 -0.43846 0.07693 -0.14816 -0.33062 -0.03410 -0.15194 0.66618 -0.50061 0.09510 1.06364 1.71645 2.49184 0.18788 -0.19373 -0.15298 0.24582 0.48547 -0.11635 -0.64883 -0.49781 4
0.68299 2.43859 -0.53888 -0.45974 -0.49887 -0.59873 -0.45890 1.03464 0.36848 -0.43062 -0.39286 -0.36831 -0.30259 -0.19752 1.19078 1.46362 -0.68515 -0.72416 -0.12908 -0.20847 0.91541 5
0.10197 0.09681 -0.18873 0.06795 0.04949 -0.11476 0.42360 -0.41541 0.21797 0.54921 1.60522 1.70810 1.45166 -0.05737 -0.19301 -0.08925 0.17660 0.39939 -0.14419 -0.65044 -0.62250 5
-0.29163 -0.43846 0.03653 0.64087 0.32990 0.77251 -0.30542 0.55195 0.80084 -0.43062 -0.39286 -0.36831 -0.30259 -0.19752 -0.56778 -0.53806 0.71672 0.49992 -0.13385 0.07959 1.02283 5
0.79545 2.57241 0.11366 -0.32405 -0.16238 -0.67939 -0.49727 -0.33003 -0.09417 -0.43062 -0.39286 -0.36831 -0.30259 -0.19752 -0.20742 -0.17003 -0.77080 -0.69799 -0.14260 -0.34384 -0.79121 5
0.00825 -0.20428 -0.26219 -0.29892 -0.46771 0.20788 -0.07520 0.20267 -0.16916 0.81301 0.82965 2.28283 2.51433 0.01270 -0.35157 -0.38546 -0.19747 0.22348 -0.13067 -0.64158 0.72855 5
-0.17918 -0.13737 0.35178 0.05790 -0.22469 -0.59873 -0.45890 -0.20197 -0.47688 -0.05376 -0.24826 -0.30651 -0.30259 0.08277 -0.33787 -0.33205 -0.51996 -0.43935 -0.14419 -0.59645 -0.82743 5
-0.08546 -0.27119 -0.33993 -0.14313 -0.05021 -0.51807 -0.38216 -0.62582 -0.47812 1.11073 0.14478 -0.11555 -0.30259 0.25620 -0.42364 -0.38591 -0.42575 -0.08720 -0.14180 -0.60209 -0.63702 5
-0.29163 -0.33809 0.59725 0.23379 0.23020 -0.43741 -0.38216 -0.55482 1.32046 0.51153 0.05408 -0.08404 -0.22106 0.08277 -0.36598 -0.32263 -0.55055 -0.55139 -0.13385 -0.65648 -0.75300 5
-0.32912 -0.43846 0.32607 -0.28887 -0.13745 -0.67939 -0.49727 -0.53070 0.27663 -0.43062 -0.39286 -0.36831 -0.30259 -0.16248 -0.55337 -0.51113 -0.64669 -0.71998 -0.13067 0.48328 0.48943 5
-0.06672 0.06336 -0.19730 -0.26877 -0.37424 -0.19542 0.11856 -0.58064 -0.37154 -0.43062 -0.39286 -0.36831 -0.30259 -0.19752 -0.55337 -0.44829 0.19993 0.33499 -0.13783 -0.25884 -0.57622 5
-0.29163 -0.37155 -0.14772 -0.19841 -0.10630 -0.11476 -0.26705 -0.62438 -0.22539 -0.43062 -0.39286 -0.36831 -0.30259 -0.09241 -0.45247 -0.45727 -0.05413 -0.28333 -0.13624 -0.49654 -0.63541 5
1.13282 1.16734 -0.11711 -0.55523 -0.19977 -0.27609 -0.22868 -0.57540 0.09641 0.36078 0.65876 0.67608 0.24280 0.04774 -0.12093 0.00051 0.65029 -0.42783 -0.11795 -0.65769 0.63817 5
-0.01049 0.09681 0.14917 0.49512 0.08064 -0.59873 -0.45890 0.00399 -0.26969 -0.43062 -0.39286 -0.36831 -0.30259 0.08277 -0.14976 -0.03539 0.01404 -0.41736 -0.09568 -0.52232 -0.01403 5
-0.23540 -0.27119 -0.09630 -0.46980 -0.01283 -0.51807 -0.42053 -0.34246 -0.49801 -0.43062 -0.39286 -0.36831 -0.30259 -0.12745 -0.20742 -0.12515 -0.54181 -0.49170 -0.14021 -0.39743 -0.66424 6
0.34562 1.20079 1.08268 -0.15318 -0.03152 -0.43741 -0.30542 -0.61502 0.33590 0.17235 -0.18254 -0.26943 -0.30259 0.01270 -0.59661 -0.55601 -0.34080 -0.56500 -0.13385 -0.61942 0.71198 6
0.19568 1.00007 0.17243 -0.04262 -0.11253 -0.59873 -0.45890 -0.50507 -0.42825 -0.43062 -0.39286 -0.36831 -0.30259 -0.19752 -0.51012 -0.50215 -0.65893 -0.75139 -0.14817 -0.11259 -0.50940 6
0.21442 -0.43846 -0.77945 -0.18333 -0.48018 -0.43741 -0.38216 1.29026 -0.56123 -0.43062 -0.39286 -0.36831 -0.30259 -0.19752 0.26826 2.64847 -0.40372 -0.04668 -0.12590 -0.55375 0.92491 6
-0.34786 -0.43846 0.21344 -0.07277 0.00587 -0.27609 -0.42053 0.00742 -0.45902 -0.43062 -0.39286 -0.36831 -0.30259 -0.19752 -0.59661 -0.55601 -0.36003 -0.50218 -0.13544 0.23510 0.88059 6
-0.19792 -0.23773 0.64990 -0.36426 -0.30570 -0.51807 -0.11357 -0.38268 -0.05177 -0.43062 -0.39286 -0.36831 -0.30259 -0.12745 -0.30832 -0.34058 -0.44742 -0.09380 -0.11158 -0.14764 -0.00145 6
-0.27289 -0.37155 -0.29463 -0.42456 0.25512 -0.59873 -0.45890 0.07517 2.48540 0.28541 -0.12996 -0.24471 -0.30259 0.43314 -0.22184 -0.27775 -0.65893 -0.61945 -0.13226 -0.57832 0.10529 6
0.77671 2.37169 0.36097 -0.26374 -0.16238 -0.51807 -0.42053 -0.75019 -0.46487 0.54921 0.04093 -0.17673 -0.30259 -0.09241 -0.48130 -0.48420 -0.62397 -0.67704 -0.14817 -0.59001 -0.80716 6
-0.31038 -0.37155 0.68356 -0.32405 0.06195 -0.43741 -0.30542 -0.69256 -0.50600 0.58878 -0.01099 -0.18878 -0.30259 -0.09241 -0.56778 -0.53806 -0.34482 -0.48129 -0.14419 -0.62183 -0.71639 6
-0.01049 -0.27119 0.05367 -0.21349 -0.06268 -0.43741 -0.38216 0.20292 0.94534 0.13467 -0.19568 -0.27561 -0.30259 0.50321 -0.43805 -0.45727 -0.36003 -0.37757 -0.13862 -0.57510 0.45825 6
-0.17918 -0.23773 0.23976 -0.28385 -0.34309 -0.51807 -0.15194 -0.64797 -0.51104 -0.27988 -0.34028 -0.34359 -0.30259 -0.12745 -0.38039 -0.28672 -0.46840 -0.61108 -0.13385 -0.58437 -0.51428 6
-0.32912 -0.43846 0.08000 0.42477 -0.21223 -0.51807 -0.26705 -0.65437 -0.52266 -0.43062 -0.39286 -0.36831 -0.30259 -0.19752 -0.49571 -0.49317 -0.36929 -0.39422 -0.14180 -0.51306 -0.54713 6
-0.25415 -0.27119 0.90944 -0.09790 -0.21846 -0.67939 -0.49727 -0.74679 -0.43158 -0.43062 -0.39286 -0.36831 -0.30259 -0.19752 -0.51012 -0.47522 -0.78653 -0.82259 -0.14419 -0.49251 -0.49338 7
-0.34786 -0.40500 -0.58846 0.06292 0.26135 -0.51807 -0.42053 0.00705 1.40441 -0.31756 0.01464 0.35473 0.49020 0.25795 -0.32274 -0.22389 -0.71311 -0.67390 -0.13544 -0.66172 0.11213 7
-0.16043 -0.10392 0.53175 -0.25872 -0.14368 -0.03410 0.00154 -0.75661 -0.50186 -0.43062 -0.39286 -0.36831 -0.30259 -0.19752 0.03762 -0.15208 -0.25515 -0.14406 -0.13783 -0.43369 -0.79893 7
-0.08546 -0.40500 -0.52969 -0.30898 0.05572 -0.43741 -0.38216 -0.60025 0.15776 0.02161 -0.07803 0.00186 0.28385 0.01270 1.30249 0.67148 -0.42575 -0.27841 -0.13226 -0.57913 -0.63314 7
-0.34786 -0.43846 1.14879 0.31923 0.28005 -0.67939 -0.49727 -0.78481 -0.31588 -0.43062 -0.39286 -0.36831 -0.30259 -0.16248 -0.59661 -0.55601 -0.80637 -0.86594 -0.13862 -0.60250 -0.62794 7
1.22654 2.90695 -0.68273 -0.25369 -0.26208 -0.19542 -0.30542 -0.67877 -0.40517 -0.43062 -0.39286 -0.36831 -0.30259 -0.19752 -0.49571 -0.34956 -0.43519 -0.47914 -0.14817 -0.16980 -0.84354 7
-0.27289 -0.37155 -0.75986 -0.64569 -0.73566 -0.27609 0.88404 0.48802 -0.62192 -0.43062 -0.39286 -0.36831 -0.30259 -0.19752 -0.23625 -0.32263 -0.22019 -0.39956 -0.14021 0.58803 0.97958 7
-0.27289 -0.33809 -0.36258 -0.62056 -0.59857 -0.19542 -0.26705 -0.68348 -0.53848 -0.43062 -0.39286 -0.36831 -0.30259 -0.19752 -0.10652 -0.10720 -0.34080 -0.31474 -0.13624 -0.42482 -0.61682 7
-0.29163 -0.43846 -0.55234 -0.30395 -0.28077 -0.51807 -0.34379 -0.41866 -0.47582 -0.43062 -0.39286 -0.36831 -0.30259 -0.19752 -0.45247 -0.41239 -0.54531 -0.47076 -0.13544 -0.45665 -0.53226 7
-0.16043 -0.27119 -0.54500 -0.19339 -0.26208 0.20788 -0.38216 -0.60504 -0.61216 -0.43062 -0.39286 -0.36831 -0.30259 -0.19752 -0.59661 -0.55601 0.13989 -0.05401 -0.12908 1.74068 0.93707 7
0.06448 0.66553 1.39793 -0.60046 -0.18730 -0.67939 -0.49727 -0.49182 -0.30279 0.58878 0.25257 0.15790 0.07201 -0.16248 -0.49571 -0.45727 -0.83346 -0.71841 -0.14817 -0.66253 -0.73913 7
-0.25415 -0.40500 -0.01489 -0.42959 -0.15615 -0.27609 -0.26705 -0.62063 -0.23008 -0.43062 -0.39286 -0.36831 -0.30259 -0.19752 -0.45247 -0.44829 -0.06462 -0.41841 -0.12272 0.39464 0.48285 7
0.87042 0.73244 -0.07549 -0.38939 -0.16238 -0.67939 -0.49727 -0.51282 -0.30503 -0.39293 -0.37972 -0.36213 -0.30259 -0.16248 -0.12093 -0.16106 -0.80051 -0.69589 -0.12590 -0.51950 -0.00293 8
0.12071 0.69898 0.42891 -0.48990 0.24889 -0.67939 -0.49727 -0.76930 -0.45744 -0.43062 -0.39286 -0.36831 -0.30259 -0.19752 -0.58220 -0.54703 -0.82350 -0.88244 -0.13862 -0.62022 0.89381 8
-0.32912 -0.40500 -0.44828 -0.43964 -0.36178 -0.43741 -0.30542 0.13996 -0.12882 -0.43062 -0.39286 -0.36831 -0.30259 -0.12745 -0.22184 -0.10720 -0.39673 -0.52626 -0.13862 -0.57873 0.48587 8
-0.04798 0.36444 -0.91779 -0.82159 -0.53003 -0.59873 -0.45890 -0.81145 -0.58454 -0.43062 -0.39286 -0.36831 -0.30259 -0.19752 -0.16490 -0.28717 -0.71189 -0.76437 -0.14419 -0.42805 -0.68877 8
-0.23540 -0.43846 0.87700 -0.24364 -0.05644 -0.43741 0.08019 -0.43473 -0.02467 0.73952 0.14741 -0.12668 -0.30259 -0.05737 0.16880 0.09162 -0.59006 -0.45296 -0.11476 -0.61619 -0.83165 8
-0.32912 -0.40500 -0.75496 -0.74118 -0.49264 -0.67939 -0.49727 -0.68041 0.88802 -0.43062 -0.39286 -0.36831 -0.30259 -0.19752 0.72663 0.26800 -0.82524 -0.71317 -0.14658 2.63145 1.26038 8
0.08322 0.69898 0.86047 -0.46477 -0.36178 -0.67939 -0.49727 -0.39269 -0.49996 -0.39293 -0.36657 -0.35595 -0.30259 -0.19752 -0.46688 -0.47522 -0.80575 -0.86552 -0.14339 -0.57590 1.00575 8
-0.36660 -0.43846 -1.27467 -0.92210 -0.78551 -0.67939 -0.49727 -0.82019 -0.64154 -0.43062 -0.39286 -0.36831 -0.30259 -0.19752 -0.59661 -0.55601 -0.82323 -0.88228 -0.14658 -0.31161 1.02693 8
-0.16043 -0.17082 -0.45746 -0.31400 -0.21223 -0.51807 -0.45890 0.00910 0.89729 -0.43062 -0.39286 -0.36831 -0.30259 -0.19752 -0.27949 -0.23287 -0.63271 -0.54930 -0.12590 0.26048 0.53149 8
-0.32912 -0.40500 -0.78312 -0.25872 -0.23092 -0.67939 -0.49727 -0.77176 -0.06897 -0.43062 -0.39286 -0.36831 -0.30259 -0.19752 -0.59661 -0.55601 -0.81974 -0.85087 -0.13385 0.08482 0.49965 8
-0.34786 -0.43846 -0.82658 -0.18836 -0.39917 -0.35675 -0.42053 1.13662 -0.46374 0.05930 0.02779 0.24967 0.18657 -0.19752 0.68627 0.57498 -0.29360 -0.55244 -0.12749 -0.65286 0.89098 8
-0.19792 -0.40500 -0.65335 -0.58036 -0.48018 -0.51807 -0.38216 -0.63525 -0.54720 -0.20451 -0.31399 -0.33123 -0.30259 0.01270 -0.03301 -0.16016 -0.44463 -0.50542 -0.13226 -0.57510 -0.63869 8
0.51431 1.73606 -0.07671 -0.66579 -0.39917 -0.67939 -0.49727 -0.75538 -0.05159 -0.43062 -0.39286 -0.36831 -0.30259 -0.19752 -0.59661 -0.55601 -0.82323 -0.88018 -0.13703 -0.40428 0.75223 9
-0.32912 -0.40500 -1.17305 -0.95728 -0.76682 -0.35675 -0.38216 -0.61933 -0.17224 -0.43062 -0.39286 -0.36831 -0.30259 -0.19752 -0.59661 -0.55601 -0.49733 -0.56788 -0.14658 2.30069 1.26219 9
-0.32912 -0.43846 -0.92208 -0.69092 -0.57988 -0.59873 -0.45890 -0.66823 -0.55546 -0.43062 -0.39286 -0.36831 -0.30259 -0.19752 -0.56778 -0.53806 -0.69336 -0.69642 -0.14817 -0.42684 -0.60071 9
-0.02923 0.13026 -0.78679 -0.59544 -0.45525 -0.67939 -0.49727 -0.78308 -0.47829 -0.43062 -0.39286 -0.36831 -0.30259 -0.19752 -0.59661 -0.55601 -0.71364 -0.86888 -0.14658 -0.00824 -0.58946 9
-0.34786 -0.43846 -0.83699 -0.58538 -0.36801 -0.67939 -0.49727 -0.76334 -0.52646 -0.43062 -0.39286 -0.36831 -0.30259 -0.19752 -0.55337 -0.52010 -0.79736 -0.86783 -0.10999 -0.55939 -0.64856 9
-0.32912 -0.40500 -1.22447 -0.96733 -0.77305 -0.35675 -0.34379 -0.74577 -0.23740 -0.43062 -0.39286 -0.36831 -0.30259 -0.19752 -0.59661 -0.55601 -0.35303 -0.58280 -0.14658 2.32889 1.27279 9
-0.25415 -0.37155 -0.36809 -0.28385 0.13673 -0.67939 -0.49727 -0.15852 -0.25073 -0.43062 -0.39286 -0.36831 -0.30259 -0.19752 -0.49571 -0.45727 -0.77604 -0.75558 -0.11635 0.10618 0.09387 9
-0.27289 -0.30464 -1.00839 -0.58538 -0.62350 -0.51807 -0.42053 0.25905 -0.54410 -0.16682 -0.28770 -0.32505 -0.30259 0.29299 -0.52454 -0.49317 -0.55929 -0.63725 -0.14817 -0.62465 0.94506 9
-0.27289 -0.37155 -1.09164 -0.80149 -0.66089 -0.51807 -0.42053 -0.77514 -0.41466 -0.43062 -0.39286 -0.36831 -0.30259 -0.19752 -0.55337 -0.52908 -0.68864 -0.76291 -0.14578 -0.48002 -0.69050 9
-0.31038 -0.37155 -1.09347 -0.75123 -0.63596 -0.59873 -0.45890 -0.24509 0.09595 -0.43062 -0.39286 -0.36831 -0.30259 -0.19752 -0.55337 -0.52908 -0.61523 -0.75348 -0.14658 1.67501 1.21843 9
-0.31038 -0.40500 -1.07878 -0.65574 -0.76682 -0.35675 -0.45890 0.71729 -0.64966 -0.43062 -0.39286 -0.36831 -0.30259 -0.12745 -0.59661 -0.55601 -0.52783 -0.60060 -0.13703 -0.36802 0.92034 9
-0.04798 0.39790 -1.27344 -0.92210 -0.74189 -0.67939 -0.49727 -0.42668 -0.48610 -0.43062 -0.39286 -0.36831 -0.30259 -0.19752 -0.59661 -0.55601 -0.82149 -0.87076 -0.14817 2.25838 1.29484 9
0.13945 0.79934 -0.94901 -0.95728 -0.79174 -0.67939 -0.49727 -0.81699 -0.62407 -0.43062 -0.39286 -0.36831 -0.30259 -0.19752 -0.59661 -0.55601 -0.82323 -0.88228 -0.14817 1.15206 1.18545 10
-0.02923 0.43135 -1.29670 -0.92210 -0.82290 -0.67939 -0.49727 -0.47658 -0.61489 -0.43062 -0.39286 -0.36831 -0.30259 -0.19752 -0.59661 -0.55601 -0.82323 -0.86867 -0.14339 3.01258 1.27831 10
-0.34786 -0.43846 -1.27895 -0.94723 -0.74812 -0.67939 -0.49727 -0.81669 -0.62931 -0.43062 -0.39286 -0.36831 -0.30259 -0.19752 -0.55337 -0.52908 -0.81511 -0.89621 -0.14658 2.04083 1.16791 10
-0.29163 -0.43846 -1.29732 -1.00251 -0.83536 -0.59873 -0.45890 -0.82086 -0.60097 -0.43062 -0.39286 -0.36831 -0.30259 -0.19752 -0.22256 -0.12605 -0.66129 -0.73406 -0.14658 2.60406 1.26242 10
-0.36660 -0.43846 -1.26610 -0.84169 -0.82290 -0.67939 -0.49727 -0.25036 -0.42926 -0.43062 -0.39286 -0.36831 -0.30259 -0.19752 0.12267 0.33981 -0.82350 -0.88139 -0.14817 1.96468 1.23349 10
-0.36660 -0.43846 -1.30344 -1.00251 -0.78551 -0.67939 -0.49727 -0.81853 -0.51745 -0.43062 -0.39286 -0.36831 -0.30259 -0.19752 -0.59661 -0.55601 -0.81974 -0.88228 -0.14817 3.03635 1.28218 10
-0.34786 -0.40500 -1.31201 -0.99749 -0.86029 -0.67939 -0.49727 -0.70858 -0.56994 -0.43062 -0.39286 -0.36831 -0.30259 -0.19752 -0.59661 -0.55601 -0.82498 -0.88228 -0.14021 0.73911 1.16903 10
-0.36660 -0.43846 -1.25202 -0.65574 -0.75436 -0.67939 -0.49727 -0.35438 0.05463 -0.43062 -0.39286 -0.36831 -0.30259 -0.19752 -0.59661 -0.55601 -0.82323 -0.86552 -0.12749 -0.33981 0.98276 10
-0.36660 -0.43846 -0.48011 -0.91708 -0.72320 -0.67939 -0.49727 -0.81459 -0.64587 -0.43062 -0.39286 -0.36831 -0.30259 -0.19752 -0.59661 -0.55601 -0.82323 -0.88228 -0.14817 1.10976 1.18503 10
-0.32912 -0.43846 -1.26610 -0.94723 -0.71697 -0.67939 -0.49727 -0.80552 -0.46566 -0.43062 -0.39286 -0.36831 -0.30259 -0.19752 -0.59661 -0.55601 -0.80776 -0.88244 -0.14021 1.92802 0.88736 10
-0.36660 -0.43846 -1.27099 -0.88190 -0.84783 -0.67939 -0.49727 -0.11616 -0.64552 -0.43062 -0.39286 -0.36831 -0.30259 -0.19752 -0.59661 -0.55601 -0.82122 -0.88212 -0.14817 2.27007 1.28244 10
-0.32912 -0.40500 -1.30772 -0.98241 -0.83536 -0.67939 -0.49727 -0.77407 -0.61940 -0.43062 -0.39286 -0.36831 -0.30259 -0.19752 -0.55337 -0.50215 -0.82323 -0.88018 -0.14658 2.20923 1.22981 10
