-0.23540 -0.37155 -0.64600 -0.40949 -0.36801 -0.51807 -0.38216 -0.40146 -0.55741 -0.24219 -0.32714 -0.09578 -0.13082 3.10291 -0.48130 -0.47522 -0.55151 -0.51804 0.90955 -0.67300 -3.14706 1
-0.02923 -0.03701 -0.06998 1.05297 0.01833 -0.59873 -0.45890 2.14347 3.23310 -0.43062 -0.39286 -0.36831 -0.30259 0.18788 -0.10580 -0.20504 -0.71608 -0.35647 2.45240 -0.67743 -3.14703 1
-0.21666 -0.40500 -0.87004 -0.35923 -0.54249 -0.59873 -0.45890 -0.32771 -0.52805 -0.39293 -0.37972 -0.36213 -0.30259 1.30905 1.52231 1.16741 -0.69913 -0.25506 3.42264 -0.67340 -3.14705 1
-0.34786 -0.43846 0.14427 -0.36426 -0.32439 -0.67939 -0.49727 -0.78578 -0.55383 -0.43062 -0.39286 -0.36831 -0.30259 -0.19752 -0.46688 -0.44829 0.74468 -0.45924 4.75870 -0.67300 -3.14706 1
0.62677 -0.20428 2.08230 0.50518 0.11803 3.67633 4.79774 0.87018 -0.37588 -0.43062 -0.39286 -0.36831 -0.30259 -0.19752 0.09528 0.03642 3.18833 3.06535 -0.14817 -0.22419 -0.52176 1
1.95750 4.07784 1.20143 1.74148 1.07766 0.84914 0.15310 2.06513 1.65423 4.75872 6.99347 8.51299 5.85585 0.15285 5.43079 5.29374 1.19837 2.15022 -0.14578 -0.65930 -0.80503 1
1.28276 1.70260 1.16838 0.34436 0.24266 4.24903 5.30805 -0.25544 -0.50320 -0.43062 -0.39286 -0.36831 -0.30259 -0.12745 1.39691 0.95512 2.89887 3.25598 -0.12590 -0.53562 -0.51687 1
-0.10420 -0.43846 1.58463 2.42497 2.05598 3.27303 2.26534 0.52920 0.09726 0.77533 0.65876 1.21372 1.19302 0.01270 0.44123 0.30570 2.78630 3.02661 -0.14419 -0.65568 -0.56055 1
0.34562 0.93316 0.93515 -0.07780 -0.17484 3.99898 5.94883 -0.39502 -0.33346 -0.39293 -0.37972 -0.36213 -0.30259 -0.19752 -0.12093 -0.13413 2.39825 3.04755 -0.13624 -0.63714 -0.59233 1
3.73807 3.20804 1.74991 1.74651 1.94382 1.49847 -0.22868 0.34253 0.42442 0.54921 2.09160 1.72664 0.71510 -0.12745 0.64303 0.90710 1.43163 1.48839 -0.14817 -0.65406 -0.73549 1
-0.12295 -0.43846 1.06860 1.13338 1.38300 4.07964 3.10948 0.11146 -0.49123 -0.01608 -0.23512 -0.26325 -0.25480 -0.19752 0.05204 0.01846 3.21105 3.13656 -0.14180 -0.64238 -0.52079 1
-0.17918 -0.43846 0.68785 0.78159 0.01210 2.14376 3.91524 0.32501 -0.48597 1.18987 2.94604 3.03676 2.56775 0.01270 2.12772 1.59826 1.74277 3.23917 -0.14498 -0.65084 -0.57622 1
-0.23540 -0.40500 0.11366 0.22374 -0.16861 -0.03410 -0.22868 5.16136 -0.41680 3.71482 9.63698 10.90364 8.28313 0.08277 1.37817 1.16741 -0.09434 1.98159 -0.13624 -0.66937 -0.56043 1
-0.12295 -0.37155 1.04350 0.12323 0.14296 2.05907 3.40876 -0.60840 -0.06119 0.62270 0.49905 0.30405 0.16029 0.08277 -0.43805 -0.45727 1.61176 1.59112 -0.13465 -0.62747 -0.56652 2
-0.17918 -0.33809 1.80317 0.91225 0.61031 1.33715 0.38523 -0.13893 0.03161 -0.43062 -0.39286 -0.36831 -0.30259 -0.16248 1.01781 0.53908 1.51903 2.52295 -0.14817 -0.36560 -0.79992 2
0.17694 0.06336 0.30159 1.14343 0.19281 3.44242 0.96461 1.42110 0.37498 0.43804 0.51613 0.15790 -0.03215 2.19021 -0.30760 -0.12426 2.55557 3.41970 -0.12431 -0.58517 -0.75921 2
0.23317 1.06698 -0.61539 0.03779 0.87826 0.04656 -0.15194 1.61028 0.39326 2.76702 1.81094 0.80956 -0.09498 3.89298 -0.33787 -0.29615 0.55459 -0.08825 -0.13067 -0.63432 1.14082 2
3.30699 6.15200 2.90624 1.92743 1.25214 0.85318 0.38523 1.60784 1.20342 1.34061 0.85594 0.56484 0.23999 -0.12745 0.19618 0.88017 0.66253 0.79311 -0.11476 -0.64198 0.02705 2
-0.12295 -0.23773 0.45401 0.65092 0.04326 1.65979 2.76415 2.28393 -0.30087 -0.16682 -0.28770 -0.31887 -0.30259 -0.12745 0.28267 0.05437 0.94395 1.25384 -0.13624 -0.51306 -0.54365 2
-0.19792 -0.43846 -0.05590 -0.12805 0.10557 2.31315 3.30900 0.56943 -0.54291 -0.31756 -0.35343 -0.34977 -0.30259 -0.16248 -0.14904 -0.26832 1.70964 1.79237 -0.13465 -0.62425 -0.56283 2
0.04574 -0.00355 -0.05957 -0.39441 -0.58611 2.53900 3.40876 -0.18548 -0.54911 -0.43062 -0.39286 -0.36831 -0.30259 -0.19752 -0.09283 -0.16196 2.14733 1.99766 -0.14817 -0.41072 -0.54463 2
-0.04798 -0.43846 0.95168 1.02282 1.11505 1.41377 -0.15194 0.56845 -0.50867 -0.20451 0.39454 1.37718 0.88139 -0.19752 -0.06400 0.89543 1.93452 1.58588 -0.13544 -0.64198 -0.63326 2
0.23317 -0.10392 0.32852 0.60066 0.21773 2.29702 0.38331 0.19471 0.23746 -0.43062 -0.39286 -0.36831 -0.30259 -0.19752 -0.49571 -0.45727 1.93627 2.38850 -0.10681 -0.28825 0.53402 2
-0.29163 -0.43846 -0.91289 -0.42959 -0.66089 0.28855 -0.07520 2.21082 0.40567 -0.43062 -0.39286 -0.36831 -0.30259 -0.19752 -0.16418 -0.17003 1.06456 0.24337 -0.14021 0.16379 1.15963 2
-0.01049 -0.00355 -0.03998 -0.16826 -0.31193 1.74449 3.42411 -0.11779 -0.46279 0.36267 0.51613 0.41807 0.18194 -0.02234 0.67474 0.74822 0.86372 1.15023 -0.14021 -0.65527 -0.51659 2
0.27065 0.79934 0.64439 1.43994 1.63225 2.62773 -0.11357 1.07114 -0.53048 -0.16682 -0.30084 -0.32505 -0.30259 0.15285 -0.59661 -0.55601 2.60451 2.09991 -0.13544 -0.64399 0.98432 2
3.17579 0.02990 0.23487 0.56046 0.78479 1.25245 -0.00038 0.05526 0.27130 -0.43062 -0.39286 -0.36831 -0.30259 -0.19752 0.97168 0.50991 1.03782 1.08326 -0.10840 0.26008 -0.56689 3
0.96414 2.47205 -0.23587 0.09810 -0.03775 1.65979 2.76415 0.50790 -0.48516 -0.43062 -0.39286 -0.36831 -0.30259 -0.19752 -0.14976 -0.27775 0.92997 1.59311 -0.14021 -0.49170 -0.54227 3
0.00825 0.09681 0.57032 1.48015 1.42662 -0.27609 -0.34379 -0.11049 -0.12071 -0.43062 -0.39286 -0.36831 -0.30259 -0.19752 1.10429 0.61089 -0.33905 0.04442 -0.10522 2.49528 0.10162 3
-0.17918 -0.17082 0.75335 3.70650 0.24889 -0.19542 -0.19031 0.69173 -0.13187 0.17235 0.10666 -0.07168 5.80075 0.08277 1.55114 2.05605 0.08221 0.13761 -0.14339 -0.58638 -0.45683 3
-0.31038 -0.43846 -0.99737 -0.58036 -0.63596 0.53053 0.07827 0.78724 1.17365 -0.43062 -0.39286 -0.36831 -0.30259 7.65064 -0.04886 0.05437 1.70082 0.83918 -0.13544 0.86682 1.14378 3
-0.17918 -0.37155 0.36586 0.97256 0.26759 1.82112 0.69219 1.40471 1.45401 -0.43062 -0.39286 -0.36831 -0.30259 -0.19752 -0.53895 -0.51113 2.73736 1.56274 -0.13067 2.79865 1.27133 3
-0.29163 -0.37155 1.11084 0.81677 0.25512 -0.51807 0.11664 0.69639 1.80013 2.50887 1.13199 0.88001 1.27174 -0.05737 1.08988 0.95198 -0.73409 0.45803 -0.13862 -0.62989 -0.75305 3
0.00825 -0.43846 1.09431 0.73635 0.69132 0.85318 -0.19031 1.00779 0.18784 -0.43062 -0.39286 -0.36831 -0.30259 -0.05737 -0.12093 -0.09823 0.76391 1.46326 -0.14658 -0.27294 -0.64055 3
-0.23540 -0.37155 0.16141 0.33430 -0.19353 0.28048 0.30274 0.22195 -0.52772 1.18045 3.56650 3.78421 5.59946 -0.12745 6.32376 3.78036 0.36966 1.44248 -0.14578 -0.66293 -0.48434 3
1.39522 1.46843 0.38606 0.24384 0.39844 0.85318 0.65382 -0.06704 -0.02082 -0.43062 -0.39286 -0.36831 -0.30259 -0.09241 -0.42364 -0.44829 0.93696 0.92714 -0.13703 -0.49251 -0.02380 3
0.51431 1.33461 -0.69558 -0.52508 -0.61727 1.09516 0.38523 0.93492 -0.16581 -0.43062 -0.39286 -0.36831 -0.30259 -0.19752 -0.04886 0.09925 1.63439 1.04965 -0.14180 4.01294 1.32186 3
-0.21666 -0.37155 0.28139 0.27902 0.33613 1.82515 0.23367 -0.21048 -0.28603 1.64587 1.49086 1.66886 1.51154 -0.12745 0.12555 -0.07938 1.50120 2.11342 -0.14339 -0.63996 -0.80618 3
-0.29163 -0.37155 0.49931 -0.11298 0.25512 -0.35675 -0.30542 -0.29850 2.47704 -0.39293 -0.36657 -0.35595 -0.30259 -0.16248 -0.49571 -0.46625 -0.17824 -0.40165 -0.13703 -0.56543 0.11989 3
-0.21666 -0.40500 -0.17221 0.52528 0.61654 1.82112 -0.07520 0.89875 -0.48505 -0.43062 -0.39286 -0.36831 -0.30259 -0.19752 -0.32274 -0.24184 1.71305 1.36902 -0.14021 1.43167 1.26085 4
-0.21666 -0.30464 0.16508 0.62077 0.05572 -0.19542 0.00154 1.81041 -0.36266 0.21004 -0.12996 -0.24471 -0.30259 0.22292 -0.48130 -0.48420 0.28847 -0.04354 -0.13862 -0.56422 -0.68519 4
-0.19792 -0.23773 0.98474 -0.20846 -0.18107 0.44987 0.11664 -0.11158 -0.48546 -0.09145 -0.24826 -0.30033 -0.30259 0.04774 -0.33715 -0.33160 1.33375 0.94808 -0.13465 -0.54085 -0.71536 4
-0.10420 -0.10392 -0.58907 -0.46477 -0.47395 -0.11476 -0.03683 0.52181 -0.34784 -0.43062 -0.39286 -0.36831 -0.30259 -0.19752 -0.22184 -0.15208 0.48249 0.87164 -0.14817 0.00143 -0.61313 4
0.27065 0.93316 0.71601 0.22877 0.23020 -0.27609 -0.30542 -0.44641 0.16383 -0.20451 -0.31399 -0.33123 -0.30259 -0.02234 -0.40994 -0.38591 -0.23216 -0.29830 -0.14419 -0.56986 -0.63149 4
0.13945 0.06336 0.67744 0.19861 0.13050 0.20788 0.07827 0.20033 -0.00519 -0.43062 -0.39286 -0.36831 -0.30259 -0.19752 -0.53895 -0.52010 0.38635 0.52923 -0.14498 -0.55536 -0.61405 4
-0.32912 -0.40500 0.83660 0.74641 0.10557 -0.43741 -0.38216 0.26346 -0.31989 0.77533 0.13295 -0.12112 -0.30259 -0.05737 -0.09211 -0.02642 -0.27263 -0.40270 -0.14260 -0.55213 -0.47645 4
-0.36660 -0.43846 -0.08161 -0.61051 -0.19353 -0.67939 -0.49727 0.80855 -0.59754 -0.43062 -0.39286 -0.36831 -0.30259 -0.19752 2.79078 3.64482 -0.82498 -0.28437 -0.12590 -0.42120 0.90115 4
-0.17918 -0.27119 1.18307 1.34948 -0.32439 -0.35675 -0.26705 0.71090 1.00960 -0.43062 -0.39286 -0.36831 -0.30259 -0.19752 -0.52454 -0.51113 -0.14328 -0.31998 -0.12431 0.62147 0.04083 4
-0.23540 -0.43846 0.16080 -0.12805 -0.29947 0.28855 -0.07520 -0.41319 -0.33474 0.24772 0.11980 1.09013 0.68418 -0.16248 0.32591 0.06335 0.63981 0.55541 -0.14339 -0.66091 -0.52338 4
-0.14169 -0.40500 0.49747 0.25892 0.19904 0.28855 0.76893 0.44233 0.04551 0.39847 0.98739 0.95417 1.01591 -0.05737 0.15294 0.04539 0.06473 0.47793 -0.10045 -0.60330 -0.03540 4
-0.36660 -0.43846 -0.03264 -0.11298 -0.08760 -0.67939 -0.49727 -0.53949 -0.18014 0.92607 0.21182 -0.09640 -0.30259 0.11781 -0.55337 -0.51113 -0.82323 -0.87495 -0.13862 -0.64198 1.03680 4
-0.34786 -0.43846 0.03347 0.37954 0.20527 -0.67939 -0.49727 -0.17869 -0.00675 1.22379 0.85331 1.25389 0.92075 -0.05737 -0.38111 -0.33205 -0.80610 -0.27427 -0.14419 -0.65729 -0.79210 4
-0.31038 -0.40500 -0.77577 0.13328 -0.16861 -0.27609 -0.22868 1.23991 0.40168 -0.43062 -0.39286 -0.36831 -0.30259 -0.19752 0.05204 0.22492 -0.11356 -0.35872 -0.14658 0.68432 0.97864 5
-0.31038 -0.40500 -1.04634 -0.76128 -0.67335 0.12722 -0.11357 -0.00129 0.44931 -0.43062 -0.39286 -0.36831 -0.30259 -0.19752 0.03762 0.14413 0.93172 0.08526 -0.14498 1.40991 1.21893 5
-0.36660 -0.43846 -0.60009 -0.48487 -0.57365 -0.67939 -0.49727 -0.66419 -0.40663 0.02161 -0.14310 -0.26325 -0.30259 0.29299 0.52772 0.14413 -0.82673 -0.85610 -0.13703 -0.60370 0.97954 5
-0.06672 0.23063 -1.15224 -0.84169 -0.84783 0.12722 -0.11357 -0.40457 -0.54545 -0.43062 -0.39286 -0.36831 -0.30259 -0.19752 -0.43805 -0.37604 0.90401 -0.04275 -0.14817 3.04280 1.31807 5
-0.31038 -0.37155 2.29226 4.09347 4.81024 -0.67939 -0.49727 0.32249 0.48594 1.75516 1.47377 0.87383 0.47614 0.71343 0.05204 0.09027 -0.80750 -0.63306 -0.13544 -0.65406 0.45804 5
-0.21666 -0.33809 -0.37544 0.13831 0.34236 1.09516 -0.19031 -0.36898 -0.62921 -0.43062 -0.39286 -0.36831 -0.30259 -0.12745 -0.59661 -0.55601 1.13448 0.79416 -0.13862 -0.54367 0.92312 5
0.25191 0.16372 0.48829 -0.01246 -0.06891 -0.19542 0.03990 0.67811 -0.43568 -0.43062 -0.39286 -0.36831 -0.30259 -0.16248 0.41240 0.21594 -0.01917 0.55751 -0.11954 2.24871 0.11606 5
-0.25415 -0.37155 -0.18567 -0.54015 -0.10006 -0.67939 -0.49727 -0.59969 -0.56155 0.28541 1.42119 1.75754 4.33325 -0.12745 0.02321 2.03809 -0.82149 -0.82259 -0.14817 -0.65809 -0.64765 5
0.75796 1.93678 0.20854 0.39461 0.93434 -0.35675 0.07827 -0.68572 -0.41589 -0.43062 -0.39286 -0.36831 -0.30259 -0.19752 0.64303 0.22492 -0.45267 -0.44354 -0.14817 -0.50701 -0.53707 5
2.01373 1.26770 -0.22791 -0.01749 0.29874 -0.51807 -0.38216 -0.29764 0.50018 -0.43062 -0.39286 -0.36831 -0.30259 -0.19752 -0.39481 -0.36751 -0.45966 -0.57861 -0.14817 -0.30154 -0.75474 5
-0.29163 -0.43846 0.29057 0.26395 0.44829 0.28855 -0.30542 0.20120 -0.36330 -0.43062 -0.39286 -0.36831 -0.30259 -0.16248 -0.22184 -0.32263 0.25001 0.35227 -0.14260 0.39505 -0.66463 5
-0.17918 -0.40500 -0.37544 -0.38939 0.48568 -0.35675 -0.38216 0.04608 -0.07672 -0.43062 -0.39286 -0.36831 -0.30259 -0.19752 1.19078 1.51748 -0.34954 -0.26972 -0.14817 -0.38091 -0.67586 5
-0.12295 -0.43846 -0.43053 -0.39944 -0.43033 0.04656 -0.00038 0.59587 -0.43256 -0.43062 -0.39286 -0.36831 -0.30259 -0.16248 -0.28021 -0.30512 0.58606 0.59206 -0.13544 -0.13072 0.51099 5
-0.08546 -0.00355 -0.24872 0.32425 -0.14368 -0.43741 -0.30542 0.80729 -0.44677 -0.27988 0.01464 0.26203 0.22874 2.18496 0.59979 0.21594 -0.49637 -0.45924 -0.14658 -0.65729 -0.57584 6
-0.34786 -0.43846 -0.42869 -0.31400 -0.16861 -0.51807 -0.34379 -0.39684 -0.11458 0.66227 0.61932 0.57720 1.08900 -0.16248 0.93132 0.76348 -0.47364 -0.46762 -0.14021 -0.63473 -0.54129 6
-0.36660 -0.43846 0.28506 -0.31400 0.44206 -0.67939 -0.49727 -0.42587 0.00333 1.07681 0.63247 0.04574 -0.30259 -0.05737 -0.51012 -0.50215 -0.82323 -0.86971 -0.14021 -0.61942 0.90182 6
-0.31038 -0.40500 -0.97472 -0.88692 -0.84159 0.29258 0.00345 -0.53004 -0.55815 -0.43062 -0.39286 -0.36831 -0.30259 -0.19752 -0.45247 -0.40296 0.84266 0.13039 -0.14817 3.89047 1.31939 6
-0.08546 -0.03701 0.25139 0.26395 0.16165 -0.51807 -0.45890 -0.01371 -0.09019 -0.43062 -0.39286 -0.36831 -0.30259 0.04774 1.94033 1.31103 -0.70262 -0.37129 -0.10840 -0.43772 -0.01799 6
-0.31038 -0.37155 -0.54194 -0.35923 -0.31816 -0.51807 -0.42053 -0.36951 -0.31999 0.09510 1.02420 1.08116 1.15633 -0.02234 2.45348 1.71944 -0.53045 -0.52924 -0.14021 -0.65406 -0.64915 6
-0.25415 -0.27119 -0.16180 -0.52005 -0.44279 -0.51807 -0.42053 -0.59634 0.25778 -0.01796 -0.11878 -0.23946 -0.30259 0.49971 -0.38184 -0.31500 -0.50082 -0.56950 -0.14021 -0.59968 -0.81820 6
0.21442 -0.40500 -0.61539 -0.17328 -0.35555 -0.35675 -0.38216 -0.60324 -0.49723 0.35890 2.27037 3.76999 3.52444 -0.16248 2.97096 2.48959 -0.00886 -0.13527 -0.13703 -0.66817 0.47095 6
-0.27289 -0.43846 -0.89637 -0.35421 0.03079 -0.19542 0.99915 -0.28029 -0.27668 -0.43062 -0.39286 -0.36831 -0.30259 -0.19752 -0.59661 -0.55601 1.09952 0.78578 -0.14180 -0.05014 0.95094 6
-0.34786 -0.43846 -0.48011 -0.12805 -0.04398 -0.43741 -0.34379 -0.72020 -0.36342 -0.43062 -0.39286 -0.36831 -0.30259 -0.19752 -0.59661 -0.55601 -0.44568 -0.49170 -0.14817 -0.43369 -0.49089 6
0.00825 0.19717 0.42524 0.00261 -0.13122 -0.59873 -0.26705 -0.75054 -0.31263 0.32310 -0.03794 -0.20145 -0.30259 -0.09241 -0.53895 -0.52010 -0.75681 -0.77024 -0.14180 -0.64037 -0.47302 6
-0.25415 -0.30464 0.48339 0.07800 -0.19353 -0.43741 -0.26705 0.43133 -0.12524 0.66227 0.40900 0.50922 0.22874 0.08277 -0.55337 -0.52908 -0.28312 0.01824 -0.10363 -0.65286 0.61054 6
-0.29163 -0.43846 -0.78067 -0.28887 -0.23092 -0.43741 -0.38216 1.81955 -0.06124 -0.35525 -0.32714 1.38058 1.28579 -0.19752 0.29708 0.41341 -0.19921 0.09678 -0.14021 -0.65729 -0.69244 7
-0.34786 -0.43846 0.93944 0.42979 -0.10006 -0.67939 -0.49727 -0.73921 -0.30623 -0.43062 -0.39286 -0.36831 -0.30259 -0.19752 -0.48130 -0.48420 -0.78478 -0.86029 -0.14021 1.16052 0.95451 7
0.21442 1.00007 -0.42992 -0.51503 -0.36801 -0.43741 -0.38216 -0.80442 -0.53034 -0.43062 -0.39286 -0.36831 -0.30259 -0.19752 -0.46688 -0.47522 -0.40722 -0.45610 -0.13624 -0.41717 -0.54911 7
0.53305 1.73606 -0.05896 -0.47482 -0.43656 -0.67939 -0.49727 -0.36057 0.05585 -0.43062 -0.39286 -0.36831 -0.30259 -0.19752 -0.48130 -0.43079 -0.82350 -0.84170 -0.13067 -0.13072 0.94856 7
0.57054 1.70260 -0.63131 -0.51000 -0.28700 -0.51807 -0.42053 -0.70996 -0.26421 0.21004 -0.12996 -0.25089 -0.30259 -0.02234 -0.35157 -0.29570 -0.52783 -0.63516 -0.10204 -0.58759 -0.64379 7
-0.25415 -0.43846 -0.76108 -0.72610 -0.63596 -0.19542 -0.26705 -0.16729 -0.39643 -0.43062 -0.39286 -0.36831 -0.30259 -0.16248 -0.48130 -0.46625 1.57864 -0.10076 -0.14817 -0.41274 -0.68537 7
-0.02923 -0.43846 -0.66008 -0.18333 0.03079 -0.35675 -0.38216 0.07412 -0.04911 -0.43062 -0.39286 -0.36831 -0.30259 -0.16248 -0.39481 -0.22389 -0.58726 -0.18595 -0.13385 -0.07834 0.48236 7
-0.19792 -0.17082 -0.48807 -0.54518 -0.38671 -0.59873 -0.45890 -0.33525 -0.17300 0.51341 0.25257 -0.08960 -0.22374 0.29474 -0.19229 -0.12426 -0.61977 -0.70060 -0.14021 -0.64923 -0.57075 7
-0.36660 -0.43846 0.29608 0.05287 -0.38047 -0.67939 -0.49727 3.34491 -0.55396 -0.43062 -0.39286 -0.36831 -0.30259 -0.19752 -0.56778 -0.53806 -0.82323 -0.85505 -0.14658 -0.50137 -0.55068 7
0.43934 1.50188 -0.57438 -0.16826 -0.17484 -0.59873 -0.45890 -0.17737 0.16631 0.17235 -0.14310 -0.25089 -0.30259 0.64336 -0.49571 -0.48420 -0.48763 -0.61945 -0.14180 -0.51467 0.44239 7
-0.02923 0.43135 0.09958 0.19359 -0.07514 -0.67939 -0.49727 -0.42213 -0.34715 -0.43062 -0.39286 -0.36831 -0.30259 -0.19752 -0.52454 -0.51113 -0.82149 -0.57024 -0.13226 -0.31604 -0.57810 7
-0.29163 -0.40500 -0.91657 -0.56026 -0.36801 0.04656 -0.38216 -0.55746 -0.24447 -0.43062 -0.39286 -0.36831 -0.30259 -0.19752 -0.59661 -0.55601 0.01054 -0.15453 -0.14658 2.34460 1.27332 7
-0.36660 -0.43846 -0.50031 -0.72610 -0.34309 -0.67939 -0.49727 -0.78723 -0.53200 -0.35525 -0.35343 -0.34977 -0.30259 -0.19752 -0.52454 -0.51113 -0.82323 -0.84354 -0.14817 -0.61901 -0.61741 8
-0.36660 -0.43846 -1.23794 -0.94723 -0.75436 -0.67939 -0.49727 -0.81043 -0.55453 -0.43062 -0.39286 -0.36831 -0.30259 -0.19752 -0.56778 -0.53806 -0.82323 -0.88123 -0.14021 -0.32169 1.03592 8
-0.34786 -0.43846 0.16386 -0.67082 0.03079 -0.59873 -0.45890 -0.79856 -0.51759 -0.43062 -0.39286 -0.36831 -0.30259 -0.19752 -0.59661 -0.55601 -0.70262 -0.77861 -0.13862 -0.43973 0.92890 8
-0.34786 -0.40500 -0.91228 -0.77636 -0.74812 -0.67939 -0.49727 -0.76228 -0.58270 -0.43062 -0.39286 -0.36831 -0.30259 -0.19752 -0.59661 -0.55601 -0.82498 -0.73568 -0.14260 -0.43731 -0.61295 8
-0.34786 -0.43846 -0.73843 -0.47985 -0.48641 -0.51807 -0.42053 -0.76700 -0.47302 -0.31756 -0.35343 -0.34977 -0.30259 -0.19752 -0.52454 -0.51113 -0.60299 -0.58385 -0.14817 -0.58074 -0.74104 8
0.08322 0.79934 -0.66620 -0.57031 -0.31193 -0.67939 -0.49727 -0.42339 -0.46811 0.39658 0.00084 -0.18322 -0.30259 0.39635 -0.53895 -0.52010 -0.80951 -0.80929 -0.12908 -0.64278 0.26136 8
-0.34786 -0.43846 -0.88596 -0.47482 -0.51756 -0.67939 -0.49727 0.02484 -0.51852 -0.43062 -0.39286 -0.36831 -0.30259 -0.19752 -0.49571 -0.47522 -0.78128 -0.87600 -0.13385 -0.53401 -0.64942 8
-0.34786 -0.43846 -0.52847 -0.30395 -0.57365 -0.51807 -0.42053 0.37902 -0.60662 -0.43062 -0.39286 -0.36831 -0.30259 -0.19752 -0.55337 -0.51158 -0.51306 -0.59134 -0.13544 0.29996 0.85886 8
-0.32912 -0.43846 -0.98513 -0.61051 -0.44279 -0.03410 -0.42053 -0.66054 -0.66434 -0.43062 -0.39286 -0.36831 -0.30259 -0.19752 -0.59661 -0.55601 -0.17649 -0.31579 -0.14817 1.95743 1.29155 8
-0.34786 -0.43846 -0.53643 -0.04262 -0.50510 -0.59873 -0.49727 0.69187 0.04254 -0.43062 -0.39286 -0.36831 -0.30259 -0.19752 -0.45247 -0.38546 -0.64319 -0.70322 -0.12908 -0.20767 0.95151 8
-0.34786 -0.40500 -0.62458 -0.80651 -0.59857 -0.67939 -0.49727 -0.80241 -0.45528 -0.35525 -0.36657 -0.35595 -0.30259 0.08277 -0.58220 -0.53806 -0.82498 -0.88123 -0.14817 -0.64278 1.00187 8
-0.36660 -0.43846 -0.05345 -0.31400 -0.21223 -0.67939 -0.49727 -0.68757 -0.33027 -0.43062 -0.39286 -0.36831 -0.30259 -0.19752 -0.00562 -0.18799 -0.82149 -0.68019 -0.14817 -0.49130 -0.72448 8
0.60802 1.90333 -0.37176 -0.42959 -0.27454 -0.67939 -0.49727 -0.79742 -0.49154 -0.43062 -0.39286 -0.36831 -0.30259 -0.19752 -0.59661 -0.55601 -0.78827 -0.79432 -0.14180 -0.49452 -0.83186 9
-0.29163 -0.37155 -0.04733 -0.53010 -0.31816 -0.67939 -0.49727 -0.34159 -0.20679 -0.43062 -0.39286 -0.36831 -0.30259 -0.19752 -0.52454 -0.41239 -0.70437 -0.65715 -0.13703 -0.17222 0.16267 9
-0.34786 -0.43846 -0.97656 -0.69595 -0.42409 -0.35675 -0.38216 -0.58328 -0.47855 -0.43062 -0.39286 -0.36831 -0.30259 -0.16248 -0.48130 -0.42137 -0.45616 -0.61317 -0.14658 -0.43570 1.00630 9
-0.32912 -0.40500 -1.08490 -0.50497 -0.62350 -0.35675 -0.45890 1.05639 -0.61522 -0.43062 -0.39286 -0.36831 -0.30259 -0.19752 -0.59661 -0.55601 -0.50161 -0.59118 -0.14339 2.02471 1.21482 9
-0.32912 -0.43846 -0.41645 -0.70600 -0.67958 -0.43741 -0.45890 -0.75684 -0.53129 -0.43062 -0.39286 -0.36831 -0.30259 -0.19752 -0.59661 -0.55601 -0.54269 -0.63553 -0.14658 2.65039 1.28028 9
-0.34786 -0.40500 -1.18897 -0.88190 -0.61727 -0.67939 -0.49727 -0.78525 -0.40128 -0.43062 -0.39286 -0.36831 -0.30259 -0.19752 -0.59661 -0.55601 -0.81799 -0.88228 -0.14817 1.70119 1.27016 9
-0.31038 -0.37155 -0.63743 -0.54518 -0.62973 -0.67939 -0.49727 -0.76299 -0.53301 -0.43062 -0.39286 -0.36831 -0.30259 -0.19752 -0.55337 -0.50215 -0.81449 -0.87181 -0.14817 -0.45826 -0.61878 9
-0.34786 -0.43846 -0.54683 -0.21349 -0.51756 -0.67939 -0.49727 -0.21255 0.29302 -0.43062 -0.39286 -0.36831 -0.30259 -0.19752 -0.58220 -0.53806 -0.82673 -0.87914 -0.12431 0.24517 0.58564 9
-0.34786 -0.43846 -0.99308 -0.76128 -0.54872 -0.67939 -0.49727 -0.81143 -0.53581 -0.43062 -0.39286 -0.36831 -0.30259 -0.19752 -0.56778 -0.53806 -0.77464 -0.82186 -0.14180 -0.39380 -0.74328 9
-0.36660 -0.43846 -0.57683 -0.71103 -0.54872 -0.67939 -0.49727 -0.81444 -0.56615 -0.43062 -0.39286 -0.36831 -0.30259 -0.19752 -0.58220 -0.53806 -0.82149 -0.87914 -0.14339 -0.43248 0.96318 9
-0.08546 0.06336 -1.15530 -0.10795 -0.54872 -0.67939 -0.49727 0.52333 1.52334 -0.43062 -0.39286 -0.36831 -0.30259 -0.19752 -0.59661 -0.55601 -0.82323 -0.88123 -0.13703 1.43811 1.17924 9
-0.36660 -0.43846 -1.30038 -0.97738 -0.74812 -0.67939 -0.49727 -0.77811 -0.42932 -0.43062 -0.39286 -0.36831 -0.30259 -0.19752 -0.59661 -0.55601 -0.82323 -0.88228 -0.14817 0.37651 1.05087 9
-0.32912 -0.43846 -1.08858 -0.88190 -0.68581 -0.59873 -0.38216 -0.81754 -0.50033 -0.43062 -0.39286 -0.36831 -0.30259 -0.19752 -0.55337 -0.52010 -0.66006 -0.73731 -0.14578 -0.42684 -0.62422 10
-0.36660 -0.43846 -1.11490 -0.83667 -0.74812 -0.67939 -0.49727 -0.78866 -0.56422 -0.43062 -0.39286 -0.36831 -0.30259 -0.19752 -0.59661 -0.55601 -0.82323 -0.88228 -0.14498 -0.57671 1.00664 10
-0.34786 -0.43846 -0.66498 -0.84672 -0.62350 -0.35675 -0.34379 -0.78846 -0.58731 -0.43062 -0.39286 -0.36831 -0.30259 -0.19752 -0.53895 -0.52010 -0.59775 -0.65924 -0.13067 -0.58396 0.90879 10
-0.31038 -0.40500 -1.20978 -0.88190 -0.82290 -0.43741 -0.38216 -0.50723 -0.62639 -0.43062 -0.39286 -0.36831 -0.30259 -0.19752 -0.59661 -0.55601 -0.45966 -0.51265 -0.14817 2.34299 1.28206 10
-0.34786 -0.40500 -0.81740 -0.84169 -0.61727 -0.67939 -0.49727 -0.39155 0.62226 -0.43062 -0.39286 -0.36831 -0.30259 -0.19752 -0.58220 -0.54703 -0.82323 -0.88123 -0.14498 1.15609 1.18253 10
-0.36660 -0.43846 -0.67538 -0.71103 -0.57365 -0.67939 -0.49727 -0.77019 -0.34150 -0.31756 -0.35343 -0.34977 -0.30259 -0.19752 -0.51012 -0.50215 -0.82323 -0.87600 -0.14021 -0.64963 0.92593 10
-0.36660 -0.43846 -1.29364 -0.83667 -0.79798 -0.67939 -0.49727 0.43590 1.13806 -0.43062 -0.39286 -0.36831 -0.30259 -0.19752 -0.40922 -0.33160 -0.82323 -0.87181 -0.13862 0.76086 1.16531 10
-0.31038 -0.37155 -0.85474 -0.57533 -0.33686 -0.51807 -0.15194 -0.78791 -0.55566 -0.43062 -0.39286 -0.36831 -0.30259 -0.19752 -0.56778 -0.53806 -0.61523 -0.70217 -0.13385 0.50826 -0.74565 10
-0.36660 -0.43846 -1.27283 -0.94723 -0.69827 -0.59873 -0.49727 -0.46928 -0.50627 -0.43062 -0.39286 -0.36831 -0.30259 -0.19752 -0.59661 -0.55601 -0.67466 -0.73882 -0.14658 2.03519 1.30026 10
-0.32912 -0.40500 -1.28630 -0.97738 -0.83536 -0.67939 -0.49727 -0.72361 -0.64568 -0.43062 -0.39286 -0.36831 -0.30259 -0.19752 -0.59661 -0.55601 -0.79002 -0.87600 -0.14817 2.68907 1.27383 10
-0.36660 -0.43846 -1.28018 -0.98744 -0.84159 -0.67939 -0.49727 -0.81537 -0.65250 -0.43062 -0.39286 -0.36831 -0.30259 -0.19752 -0.59661 -0.55601 -0.82297 -0.88212 -0.14817 2.33735 1.29343 10
-0.36660 -0.43846 -1.34506 -1.00754 -0.85406 -0.76006 -0.53564 -0.82151 -0.62494 -0.43062 -0.39286 -0.36831 -0.30259 -0.19752 -0.59661 -0.55601 -0.95957 -0.96919 -0.14817 2.71122 1.27462 10
