-0.02923 -0.13737 -0.55418 -0.60046 -0.43033 0.04656 -0.15194 0.05837 -0.17460 1.07681 1.72353 1.60923 1.20146 0.08277 0.36916 0.04539 0.02453 0.22557 1.40263 -0.67542 -3.14704 1
0.21442 -0.27119 -0.07916 -0.51000 -0.36178 0.44987 -0.11357 -0.48120 -0.48354 -0.05376 -0.24826 -0.30033 -0.30259 -0.16248 -0.45247 -0.41239 0.19058 0.26536 3.31925 -0.67421 -3.14705 1
-0.27289 -0.30464 -0.90677 -0.22857 -0.13122 -0.67939 -0.49727 -0.47456 -0.30037 -0.43062 -0.39286 -0.36831 -0.30259 -0.19752 -0.40922 -0.42137 -0.78827 -0.67600 4.87004 -0.67300 -3.14706 1
-0.12295 -0.10392 -0.39564 1.21882 0.02456 -0.59873 -0.42053 1.94055 3.96840 -0.43062 -0.39286 -0.36831 -0.30259 -0.19752 -0.06328 -0.20594 -0.68165 -0.67914 4.63941 -0.67300 -3.14706 1
-0.17918 -0.30464 0.42463 0.24384 0.11180 -0.35675 0.57708 5.22011 8.41799 -0.43062 -0.39286 -0.36831 -0.30259 -0.19752 -0.39481 -0.35853 -0.33381 -0.54825 4.16224 -0.67542 -3.14705 1
1.28276 1.70260 1.16838 0.34436 0.24266 4.24903 5.30805 -0.25544 -0.50320 -0.43062 -0.39286 -0.36831 -0.30259 -0.12745 1.39691 0.95512 2.89887 3.25598 -0.12590 -0.53562 -0.51687 1
0.34562 -0.40500 1.31713 0.67102 0.16788 3.27303 4.98959 1.78769 -0.32760 -0.20451 0.51416 0.52776 1.00466 -0.02234 0.62862 0.35956 1.98923 2.39206 -0.13862 -0.64883 -0.54978 1
1.37648 1.13389 1.64462 0.41471 2.85359 2.86972 3.68502 1.08734 0.89172 1.30293 1.51320 1.80698 0.89502 0.29299 0.28267 0.20696 2.36155 2.71666 -0.14817 -0.65165 -0.59753 1
0.53305 -0.33809 1.08451 0.23882 0.12426 4.07158 6.05051 -0.48128 -0.27882 0.43427 -0.03860 -0.20794 -0.30259 -0.05737 -0.55337 -0.52908 2.44737 2.97682 -0.13862 -0.63311 -0.56664 1
0.00825 -0.43846 2.05843 2.54056 2.36755 3.10364 0.34494 0.33769 -0.22283 0.66038 0.11849 -0.14614 -0.30259 -0.16248 -0.55337 -0.52908 3.16788 2.94441 -0.14021 -0.57792 -0.62347 1
1.13282 1.80297 0.50482 0.16846 -0.08760 1.66383 0.88596 -0.05914 -0.48310 1.15595 2.34661 2.78339 2.39036 0.11781 1.30970 0.88287 2.19304 2.86357 -0.13862 -0.64359 -0.68686 1
15.09621 0.06336 1.11757 -0.14313 0.08688 -0.11476 0.03799 -0.49046 0.50737 0.84881 1.11556 0.34700 -0.29978 0.01270 3.15835 2.14940 -0.30540 -0.16558 -0.14817 -0.62989 -0.63297 1
0.38311 -0.10392 0.44116 1.20374 1.00912 1.01853 -0.19031 1.21977 0.11270 -0.43062 -0.39286 -0.36831 -0.30259 -0.12745 3.21673 2.32219 1.13867 1.79970 -0.13385 0.44339 -0.84207 1
-0.01049 -0.20428 2.22248 0.64087 0.21773 0.20788 1.11425 0.47343 -0.39756 -0.43062 -0.39286 -0.36831 -0.30259 -0.16248 -0.35157 -0.35853 0.87403 0.45384 -0.10999 0.62066 0.52236 2
-0.10420 -0.27119 0.71050 -0.08282 -0.10630 0.28855 1.11425 1.96499 -0.44341 -0.12913 -0.28770 -0.31887 -0.30259 0.04774 3.90069 5.04510 0.71147 0.80463 -0.10522 -0.50903 0.07747 2
0.12071 -0.33809 0.95780 0.48507 0.09934 1.90581 0.31041 3.45823 -0.16332 0.96564 1.91216 3.32227 2.51433 -0.02234 0.94862 0.64904 1.49945 1.78918 -0.13544 -0.65648 -0.57226 2
-0.04798 -0.37155 1.26754 0.69112 0.70378 0.85318 -0.07520 0.21334 0.44972 -0.12913 -0.28770 -0.31887 -0.30259 -0.02234 -0.33715 0.63782 1.25159 0.98997 -0.11635 -0.55052 -0.61027 2
-0.17918 -0.43846 0.60215 1.26907 1.06520 1.90178 0.11664 0.82401 -0.22269 -0.43062 -0.39286 -0.36831 -0.30259 0.18788 0.38357 0.12618 1.61517 1.77530 -0.13624 0.36966 -0.67057 2
-0.19792 -0.33809 0.40076 1.03287 1.00288 1.09516 0.69219 -0.48071 -0.16829 0.92607 0.17239 -0.10876 -0.30259 -0.02234 0.25384 0.03642 1.03485 1.35541 -0.14578 -0.62103 -0.48556 2
-0.17918 -0.33809 -0.41461 -0.67082 -0.56742 1.82515 3.07878 -0.50573 -0.55988 0.77721 1.17471 0.44279 0.11714 0.04774 0.91979 0.63109 0.94605 1.43038 -0.14021 -0.63875 -0.52169 2
3.17579 6.41963 0.48033 0.67605 0.04949 -0.27609 0.49842 4.01417 -0.33183 3.17968 3.01834 3.57255 3.13437 2.03956 1.31691 1.65661 -0.35076 0.08316 -0.14180 -0.65648 -0.56106 2
0.15820 0.19717 0.18773 0.57553 0.06818 2.14376 0.50034 -0.52761 0.00489 -0.43062 -0.39286 -0.36831 -0.30259 -0.19752 -0.38039 -0.40341 1.81094 2.17321 -0.14419 -0.31000 -0.75885 2
0.04574 -0.03701 1.87172 -0.21851 -0.34932 0.12722 0.96078 -0.38027 -0.07949 -0.43062 -0.39286 -0.36831 -0.30259 -0.19752 -0.48130 -0.48420 0.88277 0.12505 -0.12272 -0.39018 0.01900 2
-0.19792 -0.40500 1.43772 0.97256 -0.06268 0.69185 0.57708 0.84938 -0.28380 -0.43062 -0.39286 -0.36831 -0.30259 -0.19752 0.42681 0.36853 1.50854 1.12609 -0.14498 -0.33216 -0.66368 2
1.18905 2.90695 1.44017 0.24887 0.57292 0.61119 0.80730 -0.45648 0.26818 -0.20451 -0.27455 -0.31887 -0.30259 -0.05737 1.13312 0.53908 0.26225 0.61824 -0.12590 -0.27979 0.73806 2
0.08322 -0.13737 0.47360 0.24384 0.34859 1.09516 0.38523 2.54345 0.33010 1.00144 0.22497 -0.08404 -0.30259 0.50321 0.16735 0.11720 0.90899 1.18578 -0.13624 -0.62747 -0.69605 2
-0.23540 -0.43846 0.41790 -0.28385 -0.17484 0.04656 0.54063 -0.06508 -0.50581 1.49512 1.14842 2.57297 2.96794 0.15285 -0.26436 0.73027 -0.22744 0.36541 -0.14817 -0.65648 -0.73122 3
-0.01049 -0.37155 0.08673 1.33943 0.74117 1.42184 0.46389 0.90577 -0.31475 -0.43062 -0.39286 -0.36831 -0.30259 -0.16248 -0.42364 -0.41194 1.42246 1.41148 -0.13226 -0.13918 -0.60197 3
-0.01049 -0.07046 -0.39135 -0.47482 -0.39294 0.45390 0.73248 -0.45184 -0.33788 -0.20451 -0.28770 -0.31887 -0.30259 -0.19752 0.32808 0.52337 1.13693 1.56991 -0.13624 -0.54448 -0.66933 3
-0.21666 -0.40500 -0.04243 -0.18836 -0.16861 2.38575 0.30849 -0.27614 -0.55634 -0.43062 -0.39286 -0.36831 -0.30259 -0.19752 -0.03445 -0.19696 2.00147 2.30305 -0.14817 -0.44255 -0.69974 3
-0.32912 -0.43846 -1.08246 -0.75626 -0.79798 0.20788 -0.07520 -0.06602 -0.49391 -0.43062 -0.39286 -0.36831 -0.30259 -0.19752 -0.52454 -0.51113 0.75683 0.03913 -0.14658 0.33260 1.11278 3
0.55179 1.66915 0.81517 -0.10795 0.12426 -0.51807 -0.15386 -0.73517 1.01166 -0.43062 -0.39286 -0.36831 -0.30259 -0.19752 0.65240 0.23973 -0.62877 -0.51966 -0.13067 -0.22096 0.14656 3
-0.32912 -0.40500 0.69397 0.04282 0.23020 -0.51807 -0.42053 -0.14006 -0.22545 -0.43062 -0.39286 -0.36831 -0.30259 0.01270 -0.22111 -0.22344 0.83916 -0.11930 -0.14180 -0.41435 -0.48590 3
-0.12295 -0.07046 0.27527 0.80671 0.28005 -0.03410 -0.38216 4.68033 6.34471 -0.43062 -0.39286 -0.36831 -0.30259 -0.12745 1.17637 1.29307 -0.05064 -0.12102 -0.14578 -0.48002 -0.74215 3
-0.32912 -0.43846 0.15529 0.37954 0.54176 -0.43741 0.15501 0.09157 0.98083 -0.43062 -0.39286 -0.36831 -0.30259 -0.19752 1.29168 1.79574 -0.61348 -0.68437 -0.13862 0.60857 0.97039 3
-0.31038 -0.43846 -0.00876 -0.23862 -0.16861 -0.51807 -0.07520 0.91158 2.73881 2.43350 1.77611 1.50417 1.80026 0.43314 1.94033 2.02014 -0.75506 -0.47390 -0.14339 -0.65487 -0.75142 3
-0.34786 -0.43846 2.33940 1.48015 0.85333 -0.51807 -0.38216 0.27054 0.05525 0.69619 0.57595 0.78268 0.39461 -0.16248 -0.35229 -0.40386 -0.42680 -0.34762 -0.11795 -0.65688 -0.78575 3
-0.21666 -0.27119 0.26241 0.65594 0.31744 -0.03410 0.34686 0.21704 -0.46787 -0.43062 -0.39286 -0.36831 -0.30259 -0.16248 -0.49571 -0.48420 0.22379 0.24442 -0.13862 -0.26971 -0.46759 3
-0.27289 -0.43846 0.73743 0.08805 0.34236 1.57913 -0.15194 -0.24953 -0.38373 -0.43062 -0.39286 -0.36831 -0.30259 -0.19752 -0.59661 -0.55601 1.30054 1.00044 -0.13703 -0.53602 1.01909 3
-0.16043 -0.17082 0.10081 0.68610 0.72870 0.36921 -0.34379 1.26959 -0.08694 -0.35525 -0.36657 -0.35595 -0.30259 0.92365 -0.49571 -0.37649 0.29022 0.22243 -0.14817 -0.63835 -0.81427 4
-0.34786 -0.43846 1.02759 1.06302 0.46699 -0.51807 -0.45890 -0.22599 -0.35264 -0.43062 -0.39286 -0.36831 -0.30259 -0.19752 -0.45247 -0.42137 -0.53657 -0.56710 -0.14419 -0.46592 -0.55087 4
0.25191 1.00007 0.20977 -0.09287 0.11803 -0.43741 0.11664 0.72500 1.46415 -0.27988 -0.30084 -0.28179 -0.23793 -0.19752 1.29168 1.72393 -0.38799 -0.51683 -0.12113 -0.50137 0.50948 4
-0.10420 -0.10392 -0.58907 -0.46477 -0.47395 -0.11476 -0.03683 0.52181 -0.34784 -0.43062 -0.39286 -0.36831 -0.30259 -0.19752 -0.22184 -0.15208 0.48249 0.87164 -0.14817 0.00143 -0.61313 4
-0.32912 -0.40500 -1.16693 -0.66077 -0.45525 -0.51807 -0.38216 4.59334 2.30406 -0.43062 -0.39286 -0.36831 -0.30259 -0.19752 1.27727 1.75086 -0.79352 -0.67600 -0.14021 1.08196 1.17741 4
-0.27289 -0.40500 0.06347 -0.17328 -0.00036 -0.51807 -0.42053 -0.51218 0.00297 0.88838 1.17143 1.28788 0.92876 -0.16248 -0.35157 -0.31365 -0.34779 -0.23516 -0.13862 -0.64198 -0.62273 4
2.35110 -0.33809 1.60483 -0.16323 -0.19977 -0.51807 -0.30542 -0.78818 -0.40602 -0.43062 -0.39286 -0.36831 -0.30259 -0.19752 3.95835 2.28943 -0.52958 -0.65087 -0.13544 -0.49412 0.44838 4
-0.27289 -0.43846 0.24650 0.43482 -0.21223 0.69185 0.38523 0.27773 -0.43482 0.02161 0.08037 0.12608 0.07693 0.18788 -0.00562 -0.05334 0.87403 0.76902 -0.13703 -0.64963 -0.52667 4
-0.32912 -0.40500 -0.66620 -0.24364 -0.54872 -0.27609 -0.22868 -0.56806 -0.57739 -0.31756 -0.35343 -0.34977 -0.30259 -0.09241 -0.29391 -0.35853 -0.10308 0.20044 -0.13226 -0.61176 -0.68893 4
-0.14169 -0.37155 0.18590 0.10815 0.01210 0.77251 -0.11357 -0.18458 -0.13931 -0.43062 -0.39286 -0.36831 -0.30259 -0.12745 -0.30832 -0.36751 0.99814 1.00463 -0.10681 0.32373 0.53764 4
-0.14169 -0.27119 0.73437 1.07810 0.82841 -0.19542 -0.34379 0.12177 0.64295 -0.43062 -0.39286 -0.36831 -0.30259 -0.02234 -0.29391 -0.21491 -0.08560 -0.17652 -0.11795 -0.45585 0.52710 4
-0.36660 -0.43846 -0.03264 -0.11298 -0.08760 -0.67939 -0.49727 -0.53949 -0.18014 0.92607 0.21182 -0.09640 -0.30259 0.11781 -0.55337 -0.51113 -0.82323 -0.87495 -0.13862 -0.64198 1.03680 4
0.21442 0.39790 0.51217 0.18856 -0.01906 -0.27609 -0.30542 -0.10987 -0.19108 -0.43062 -0.39286 -0.36831 -0.30259 -0.19752 0.96015 0.50318 -0.30059 0.62766 -0.11954 2.28820 0.10238 4
-0.27289 -0.43846 -0.25240 0.04784 0.14296 0.61119 -0.34379 -0.13780 -0.52394 -0.31756 -0.35343 -0.34977 -0.30259 0.18788 -0.52454 -0.49317 0.58737 0.77321 -0.14817 -0.63392 -0.71586 5
-0.29163 -0.37155 -0.10854 -0.20846 0.21150 -0.27609 -0.03683 0.09707 1.31284 -0.43062 -0.39286 -0.36831 -0.30259 -0.19752 -0.16418 -0.24184 0.66078 -0.08123 -0.11635 -0.17383 0.67511 5
-0.29163 -0.40500 -0.88351 0.07800 -0.44902 -0.03410 -0.15194 1.07539 0.89510 -0.43062 -0.39286 -0.36831 -0.30259 -0.19752 1.33492 0.70963 -0.23942 -0.23307 -0.12749 2.11576 1.20235 5
-0.25415 -0.40500 -0.02835 -0.01749 -0.08760 -0.03410 -0.22868 0.18701 -0.22781 -0.43062 -0.39286 -0.36831 -0.30259 -0.16248 0.58321 0.72489 -0.04024 -0.14260 -0.13862 -0.32531 -0.61351 5
0.08322 0.19717 -0.03998 -0.30898 -0.12499 0.85318 0.38523 0.35466 1.44445 -0.43062 -0.39286 -0.36831 -0.30259 -0.16248 0.09528 -0.08027 0.58387 0.59625 -0.14419 -0.15489 -0.72787 5
-0.27289 -0.43846 1.18797 0.09307 -0.08760 -0.51807 -0.15194 0.01908 -0.05576 0.13467 -0.14310 -0.25089 -0.30259 -0.12745 -0.23625 -0.17003 -0.28486 -0.29903 -0.13703 -0.63553 0.31430 5
0.75796 1.93678 0.20854 0.39461 0.93434 -0.35675 0.07827 -0.68572 -0.41589 -0.43062 -0.39286 -0.36831 -0.30259 -0.19752 0.64303 0.22492 -0.45267 -0.44354 -0.14817 -0.50701 -0.53707 5
-0.27289 -0.40500 -0.96554 -0.60046 -0.76682 -0.19542 -0.19031 -0.54742 -0.66001 -0.43062 -0.39286 -0.36831 -0.30259 -0.19752 -0.38039 -0.40341 0.15038 -0.21212 -0.14180 -0.07230 1.03893 5
-0.17918 -0.20428 -0.58295 -0.32908 -0.38047 0.04656 0.27012 0.71970 0.47392 0.36078 -0.07738 -0.21999 -0.30259 0.43314 -0.56778 -0.52908 0.15213 0.39102 -0.10999 -0.60370 0.63261 5
-0.23540 -0.37155 -0.67110 -0.29892 -0.42409 0.61119 -0.07520 0.54630 -0.49059 1.79284 1.93385 1.55361 1.34764 -0.12745 0.44123 0.18901 0.17310 0.27374 -0.14180 -0.61418 -0.72872 5
-0.10420 -0.37155 0.26302 0.31923 0.62900 -0.35675 -0.30542 0.49567 0.73912 0.09698 2.61741 3.38283 5.52524 -0.16248 0.75835 1.16741 -0.34429 0.83499 -0.12749 -0.61700 0.16801 5
0.77671 2.33823 -0.53153 -0.45472 -0.27454 -0.35675 -0.26705 -0.64206 -0.25571 -0.43062 -0.39286 -0.36831 -0.30259 -0.16248 -0.02003 -0.10720 -0.24291 -0.48333 -0.14021 -0.45786 -0.50218 5
-0.34786 -0.43846 -1.09592 -0.60046 -0.49887 -0.59873 -0.45890 -0.63184 -0.54650 -0.43062 -0.39286 -0.36831 -0.30259 -0.19752 -0.46688 -0.41239 -0.62222 -0.76081 -0.13544 0.03124 1.04315 5
-0.19792 -0.43846 0.34260 0.95246 0.47945 -0.67939 -0.49727 -0.29103 -0.10118 0.69807 0.60421 2.24049 1.61936 -0.19752 1.14393 1.52242 -0.83573 -0.34741 -0.14578 -0.65729 -0.60124 6
-0.25415 -0.43846 0.07204 0.14333 0.03079 -0.03410 -0.19031 -0.76762 -0.43936 -0.43062 -0.39286 -0.36831 -0.30259 -0.19752 -0.35084 -0.38501 -0.32026 0.09473 -0.14817 -0.49090 -0.72265 6
0.06448 -0.10392 -0.57622 -0.07277 -0.03152 0.36921 -0.38216 -0.41623 -0.47599 -0.43062 -0.39286 -0.36831 -0.30259 -0.19752 -0.59661 -0.55601 0.23778 0.00149 -0.14180 2.21568 1.26946 6
0.12071 0.73244 -1.26242 -0.94723 -0.66089 -0.67939 -0.49727 -0.80823 -0.05824 -0.16682 -0.27455 -0.31269 -0.30259 0.08277 -0.36598 -0.32263 -0.84596 -0.85401 -0.14339 -0.56422 0.98734 6
0.60802 1.63570 -0.81434 -0.67585 -0.32439 -0.67939 -0.49727 -0.77516 -0.08261 -0.43062 -0.39286 -0.36831 -0.30259 -0.19752 3.33853 1.90345 -0.81624 -0.46762 -0.14817 -0.16416 -0.61397 6
-0.34786 -0.43846 0.69275 1.07307 1.25837 -0.67939 -0.49727 -0.78097 -0.55321 -0.43062 -0.39286 -0.36831 -0.30259 -0.19752 -0.56778 -0.53806 -0.82323 -0.87809 -0.13703 -0.10211 0.94312 6
-0.27289 -0.33809 0.34934 -0.01749 -0.08760 -0.19542 -0.03492 -0.73350 -0.16142 1.41975 0.71331 0.02813 -0.30259 0.01270 -0.53895 -0.52010 -0.16443 -0.31972 -0.14817 -0.63473 -0.78768 6
-0.32912 -0.43846 -1.18162 -0.88190 -0.84159 0.12722 -0.11357 -0.56017 -0.58444 -0.43062 -0.39286 -0.36831 -0.30259 -0.19752 -0.42364 -0.39489 0.73953 -0.06731 -0.14658 1.84019 1.22499 6
-0.08546 -0.30464 -0.67171 -0.46477 -0.45525 -0.11476 -0.19031 -0.41367 -0.05005 -0.43062 -0.39286 -0.36831 -0.30259 -0.19752 -0.22184 -0.20594 -0.13978 -0.06029 -0.14578 0.40310 -0.74439 6
-0.23540 -0.43846 -0.12630 -0.16323 -0.28700 -0.11476 -0.19031 -0.57784 -0.49495 -0.27988 -0.34028 -0.34359 -0.30259 -0.12745 -0.46688 -0.31365 -0.05413 -0.25401 -0.13067 -0.59645 -0.50876 6
-0.19792 -0.20428 -0.52235 0.51523 0.03703 -0.27609 0.07827 -0.05666 -0.53021 2.28276 1.07941 1.78844 1.24644 -0.19752 0.02321 -0.06232 -0.08210 0.34704 -0.13862 -0.64883 -0.80846 6
0.12071 0.86625 -0.35768 -0.35923 -0.22469 -0.67939 -0.49727 -0.14076 -0.34224 2.32044 0.81650 0.18787 -0.30259 2.14992 -0.56778 -0.53806 -0.77080 -0.77652 -0.14817 -0.61821 -0.73838 6
-0.34786 -0.43846 -0.07916 -0.16323 -0.09383 -0.67939 -0.49727 -0.69149 -0.40707 -0.43062 -0.39286 -0.36831 -0.30259 -0.19752 -0.42364 -0.44829 -0.79876 -0.80898 -0.14021 -0.00623 -0.68250 7
-0.32912 -0.40500 -0.66008 -0.53010 -0.38047 -0.51807 -0.42053 -0.34682 0.03217 2.39582 3.57701 2.43732 2.45811 -0.19752 2.60339 1.43669 -0.44218 -0.25401 -0.14180 -0.64963 -0.49410 7
-0.32912 -0.40500 0.49686 0.44487 0.10557 -0.59873 -0.49727 -0.00899 0.42410 -0.35525 -0.35343 -0.35595 -0.30259 -0.16248 -0.46688 -0.47522 -0.75157 -0.79746 -0.11158 0.14808 -0.80508 7
-0.29163 -0.37155 -0.60744 -0.45974 -0.38047 -0.59873 -0.19031 -0.61388 -0.38918 0.17235 -0.03794 -0.21381 -0.30259 -0.16248 -0.48130 -0.44829 0.59611 -0.29485 -0.12431 -0.63432 -0.70660 7
-0.08546 0.33099 -1.22264 -0.82159 -0.49887 -0.67939 -0.49727 -0.80476 -0.60917 -0.43062 -0.39286 -0.36831 -0.30259 -0.19752 -0.55337 -0.52010 -0.81100 -0.85820 -0.13703 0.06669 1.04490 7
-0.27289 -0.40500 -0.61601 -0.15821 0.05572 0.77251 -0.15194 -0.44378 -0.63221 -0.43062 -0.39286 -0.36831 -0.30259 -0.19752 -0.58220 -0.54703 0.66428 0.36170 -0.14021 2.24912 1.27018 7
-0.12295 -0.20428 -0.77394 -0.49492 -0.46148 -0.35675 -0.22868 -0.65947 -0.45300 -0.05376 0.02779 1.09630 1.07214 -0.09241 -0.30832 -0.34956 -0.52259 0.66641 -0.14817 -0.56100 -0.85769 7
-0.29163 -0.40500 0.25752 0.10815 -0.11253 -0.43741 -0.07520 -0.78070 -0.50149 0.36078 -0.02479 0.06428 0.17814 -0.19752 0.15294 -0.06232 -0.52958 -0.47914 -0.14817 -0.65124 -0.81767 7
-0.16043 -0.07046 0.58868 0.09307 -0.10630 -0.67939 -0.49727 -0.25784 -0.46904 0.21192 -0.01099 -0.02162 -0.05182 -0.05737 -0.40850 -0.34911 -0.80540 -0.75306 -0.14817 -0.65930 -0.82054 7
-0.23540 -0.43846 -0.51562 -0.59544 -0.49264 -0.51807 -0.42053 -0.43816 -0.50522 -0.43062 -0.39286 -0.36831 -0.30259 -0.16248 0.16735 0.35956 -0.51734 -0.48228 -0.14658 -0.43248 -0.73824 7
-0.32912 -0.43846 -1.17611 -0.88190 -0.77928 -0.03410 -0.19031 -0.29687 -0.43915 -0.43062 -0.39286 -0.36831 -0.30259 -0.19752 -0.46688 -0.43034 0.40383 -0.26343 -0.14339 2.59358 1.28081 7
-0.25415 -0.30464 -0.39747 -0.33410 -0.05021 -0.27609 -0.07520 -0.79843 -0.52337 -0.12913 -0.28770 -0.31887 -0.30259 -0.09241 -0.52454 -0.51113 -0.53832 -0.56291 -0.14817 -0.60169 -0.73920 7
-0.36660 -0.43846 -1.24345 -0.96733 -0.77305 -0.43741 -0.42053 -0.81674 -0.51375 -0.43062 -0.39286 -0.36831 -0.30259 -0.19752 -0.58220 -0.53806 -0.63795 -0.73464 -0.13703 -0.17342 1.04249 8
-0.06672 -0.00355 0.26731 -0.38939 -0.23715 -0.59873 -0.19031 -0.64644 -0.36546 -0.43062 -0.39286 -0.36831 -0.30259 -0.16248 -0.39481 -0.36751 -0.65019 -0.39432 -0.12431 2.07467 0.09381 8
-0.27289 -0.40500 0.02735 -0.14816 -0.28700 -0.43741 -0.30542 0.00639 0.67210 -0.12913 -0.11681 -0.23853 -0.30259 -0.16248 -0.55337 -0.52908 -0.31458 -0.31579 -0.12113 -0.61821 -0.01203 8
-0.29163 -0.43846 -0.97349 -0.80651 -0.77928 0.04656 1.34447 -0.46003 -0.54447 -0.43062 -0.39286 -0.36831 -0.30259 -0.19752 -0.55337 -0.52908 0.33042 -0.00061 -0.14658 2.67497 1.27220 8
-0.32912 -0.40500 -0.63192 -0.33913 -0.29324 -0.51807 -0.42053 -0.68393 -0.38353 -0.43062 -0.39286 -0.36831 -0.30259 -0.19752 -0.43805 -0.44829 -0.57153 -0.58176 -0.13067 0.44541 -0.65908 8
-0.34786 -0.43846 -0.78985 -0.53513 -0.38047 -0.59873 -0.49727 0.27115 0.03502 -0.43062 -0.39286 -0.36831 -0.30259 -0.19752 -0.53895 -0.50215 -0.65019 -0.68752 -0.13544 -0.07351 0.49711 8
0.47682 1.50188 -0.83148 -0.56026 -0.63596 -0.19542 1.11425 -0.39922 -0.52211 -0.43062 -0.39286 -0.36831 -0.30259 -0.19752 -0.56778 -0.53806 -0.55929 -0.53778 -0.13862 0.74797 0.99139 8
-0.34786 -0.43846 -1.01696 -0.45472 -0.50510 -0.59873 -0.42053 0.43617 0.61985 -0.43062 -0.39286 -0.36831 -0.30259 -0.09241 -0.45247 -0.38546 -0.63445 -0.67704 -0.12908 -0.27052 0.94960 8
-0.06672 0.06336 -1.03042 -0.40446 -0.55495 -0.67939 -0.49727 0.13238 0.27218 -0.43062 -0.39286 -0.36831 -0.30259 -0.19752 -0.58220 -0.54703 -0.82323 -0.86448 -0.11954 -0.47760 0.98122 8
-0.32912 -0.40500 -0.41767 -0.45472 -0.56742 -0.59873 -0.45890 -0.74318 -0.42226 -0.35525 -0.36657 -0.35595 -0.30259 -0.09241 -0.56778 -0.53806 -0.72185 -0.77128 -0.14498 -0.57792 1.00866 8
-0.34786 -0.40500 -1.10694 -0.03759 -0.46148 -0.67939 -0.49727 -0.01661 0.85049 -0.20451 -0.31399 -0.33123 -0.30259 -0.19752 0.22501 0.41341 -0.82323 -0.69275 -0.12749 -0.61942 0.96722 8
-0.36660 -0.43846 -0.70048 0.09810 -0.41786 -0.59873 -0.19031 0.12767 0.85519 -0.43062 -0.39286 -0.36831 -0.30259 -0.19752 -0.59661 -0.55601 -0.65893 -0.75872 -0.11795 0.32736 0.65006 8
0.27065 1.00007 -0.92636 -0.78138 -0.62350 -0.35675 -0.45890 -0.67916 -0.52202 -0.43062 -0.39286 -0.36831 -0.30259 -0.19752 -0.59661 -0.55601 -0.48763 -0.53568 -0.14021 1.46430 0.83505 9
-0.32912 -0.40500 -0.08895 -0.01246 -0.18107 -0.76006 -0.53564 -0.78517 -0.46169 -0.12913 -0.27455 -0.31269 -0.30259 -0.19752 -0.58220 -0.54703 -0.89665 -0.87076 -0.13862 -0.59484 0.49673 9
-0.25415 -0.27119 -0.73292 -0.67082 -0.18107 -0.59873 -0.49727 -0.66083 -0.03653 0.88838 0.18553 -0.09640 -0.30259 0.29299 -0.49571 -0.49317 -0.76380 -0.65820 -0.13624 -0.57873 -0.63604 9
-0.32912 -0.40500 -0.89943 -0.84672 -0.62350 -0.59873 -0.42053 -0.80725 -0.45229 -0.43062 -0.39286 -0.36831 -0.30259 -0.16248 -0.52454 -0.51113 -0.67990 -0.02888 -0.14419 -0.39984 -0.70008 9
-0.34786 -0.43846 -0.41767 -0.55021 -0.38047 -0.59873 -0.45890 -0.79060 -0.46417 -0.27988 -0.24892 -0.28241 -0.20757 -0.19752 -0.15265 -0.27954 -0.74064 -0.60385 -0.14021 -0.65326 -0.58049 9
0.15820 0.93316 -1.25018 -0.84672 -0.67335 -0.67939 -0.49727 -0.82005 -0.62788 -0.43062 -0.39286 -0.36831 -0.30259 -0.19752 -0.59661 -0.55601 -0.82323 -0.88228 -0.14817 -0.62385 1.02250 9
-0.31038 -0.40500 -0.76843 -0.59041 -0.71074 -0.51807 -0.42053 -0.35012 0.04658 -0.43062 -0.39286 -0.36831 -0.30259 -0.19752 -0.51012 -0.50215 -0.73933 -0.75453 -0.11954 0.08120 0.54688 9
-0.32912 -0.37155 -1.12653 -0.79646 -0.51133 -0.59873 -0.45890 -0.73506 0.23716 -0.43062 -0.39286 -0.36831 -0.30259 -0.19752 -0.56778 -0.52908 -0.69738 -0.74406 -0.14817 1.83092 1.22621 9
-0.34786 -0.40500 -0.75190 -0.88692 -0.74812 -0.59873 -0.45890 -0.81479 -0.65911 -0.43062 -0.39286 -0.36831 -0.30259 -0.19752 -0.59661 -0.55601 -0.69389 -0.76814 -0.14021 0.18917 0.87595 9
-0.36660 -0.43846 -0.63192 -0.77133 -0.62973 -0.43741 -0.42053 -0.74540 -0.41665 -0.43062 -0.39286 -0.36831 -0.30259 -0.19752 -0.59661 -0.55601 -0.62921 -0.72626 -0.14658 2.01464 1.17964 9
-0.34786 -0.43846 -0.91595 -0.78138 -0.51133 -0.67939 -0.49727 -0.80645 -0.57261 -0.43062 -0.39286 -0.36831 -0.30259 -0.16248 -0.51012 -0.50215 -0.82323 -0.76500 -0.14021 -0.55818 -0.73802 9
-0.08546 0.26408 -1.17305 -0.75626 -0.69204 -0.67939 -0.49727 -0.80244 -0.60625 -0.43062 -0.39286 -0.36831 -0.30259 -0.16248 -0.59661 -0.55601 -0.82323 -0.88228 -0.14021 -0.43127 0.93345 9
-0.12295 0.19717 -1.28324 -0.97738 -0.71697 -0.67939 -0.49727 -0.77291 -0.46669 -0.43062 -0.39286 -0.36831 -0.30259 -0.19752 -0.53895 -0.48420 -0.82323 -0.88228 -0.14817 2.36958 1.30510 10
-0.36660 -0.43846 -1.27712 -0.89697 -0.77928 -0.67939 -0.49727 -0.43899 -0.65027 -0.43062 -0.39286 -0.36831 -0.30259 -0.19752 -0.58220 -0.54703 -0.81974 -0.88228 -0.14021 1.17342 1.23100 10
-0.36660 -0.43846 -1.31690 -1.00754 -0.79174 -0.67939 -0.49727 -0.82078 -0.45533 -0.43062 -0.39286 -0.36831 -0.30259 -0.19752 -0.53895 -0.50215 -0.82323 -0.88018 -0.14817 -0.16859 1.02764 10
-0.31038 -0.37155 -0.85474 -0.57533 -0.33686 -0.51807 -0.15194 -0.78791 -0.55566 -0.43062 -0.39286 -0.36831 -0.30259 -0.19752 -0.56778 -0.53806 -0.61523 -0.70217 -0.13385 0.50826 -0.74565 10
-0.36660 -0.43846 -1.29364 -0.82662 -0.77928 -0.67939 -0.49727 0.32161 1.15255 -0.43062 -0.39286 -0.36831 -0.30259 -0.19752 -0.51012 -0.50215 -0.82149 -0.85924 -0.13703 1.58194 1.20634 10
-0.34786 -0.40500 -1.26181 -0.89697 -0.79798 -0.67939 -0.49727 -0.73686 -0.59524 -0.43062 -0.39286 -0.36831 -0.30259 -0.19752 -0.59661 -0.55601 -0.82323 -0.88228 -0.14498 2.26886 1.27346 10
-0.32912 -0.40500 -1.29609 -0.98241 -0.74812 -0.67939 -0.49727 -0.78653 -0.57126 -0.43062 -0.39286 -0.36831 -0.30259 -0.19752 -0.59661 -0.55601 -0.82323 -0.88228 -0.14817 2.19110 1.29363 10
-0.34786 -0.40500 -1.28813 -0.97236 -0.71074 -0.67939 -0.49727 -0.77092 -0.65274 -0.43062 -0.39286 -0.36831 -0.30259 -0.19752 -0.59661 -0.55601 -0.82323 -0.88228 -0.14817 1.47558 1.26554 10
-0.34786 -0.40500 -1.30038 -0.99246 -0.76682 -0.67939 -0.49727 -0.78858 -0.62936 -0.43062 -0.39286 -0.36831 -0.30259 -0.19752 -0.59661 -0.55601 -0.82673 -0.88228 -0.14817 1.38493 1.26218 10
-0.36660 -0.43846 -1.23059 -0.90200 -0.74812 -0.67939 -0.49727 -0.78126 -0.59548 -0.31756 -0.35343 -0.34977 -0.30259 -0.12745 -0.58220 -0.54703 -0.82524 -0.88244 -0.14817 -0.63513 0.97566 10
-0.19792 -0.13737 -1.29793 -0.96231 -0.82290 -0.67939 -0.49727 -0.80817 -0.60134 -0.43062 -0.39286 -0.36831 -0.30259 -0.02234 -0.59661 -0.55601 -0.82323 -0.88018 -0.14817 -0.54247 1.01692 10
-0.36660 -0.43846 -1.33343 -1.01759 -0.86652 -0.67939 -0.49727 -0.82087 -0.61749 -0.43062 -0.39286 -0.36831 -0.30259 -0.19752 -0.55337 -0.52010 -0.82175 -0.88034 -0.14817 -0.46632 0.95114 10
