-0.25415 -0.33809 -0.50582 -0.63564 -0.43656 -0.59873 -0.38216 -0.80677 -0.34978 -0.43062 -0.39286 -0.36831 -0.30259 -0.19752 -0.42364 -0.42092 -0.54452 -0.51804 3.83618 -0.67260 -3.14706 1
-0.23540 -0.27119 -0.56948 0.43482 -0.16238 -0.67939 -0.49727 2.91219 4.59292 -0.43062 -0.39286 -0.36831 -0.30259 26.57030 -0.14976 -0.27775 -0.71486 0.41824 14.84284 -0.67582 -3.14704 1
-0.31038 -0.43846 1.00800 0.65092 0.62900 -0.51807 -0.19031 -0.20746 0.05455 -0.24219 -0.26141 -0.30651 -0.30259 -0.19752 -0.07697 -0.19606 -0.21870 0.50075 2.42854 -0.67864 -3.14702 1
0.40185 0.86625 -0.47950 1.14343 -0.02529 -0.59873 -0.45890 1.89115 3.89402 -0.43062 -0.39286 -0.36831 -0.30259 -0.19752 -0.59661 -0.55601 -0.69214 -0.66238 5.11658 -0.67340 -3.14705 1
0.75796 2.17096 -0.28606 -0.03759 -0.13122 -0.43741 -0.30542 1.69545 2.60301 -0.43062 -0.39286 -0.36831 -0.30259 -0.12745 6.76917 6.29772 0.16663 0.96871 22.29460 -0.67945 -3.14702 1
-0.04798 -0.30464 0.05979 0.06292 0.03703 0.93384 0.07827 0.36938 -0.06278 2.16970 1.06626 0.94181 0.74884 -0.19752 1.11871 0.54806 1.06980 1.42243 2.03885 -0.67743 -3.14703 1
0.45808 -0.40500 2.56283 1.91235 1.93135 5.04758 3.14784 0.81344 0.00802 0.32310 0.26440 0.25585 0.16690 0.18788 -0.16418 -0.24184 5.60750 4.86639 -0.11795 -0.63714 -0.54781 1
0.58928 1.66915 2.93011 2.12343 1.28953 2.53900 1.72433 0.37807 1.95958 1.18610 1.75836 1.94448 1.86057 -0.02234 2.92772 1.66558 3.86217 3.90901 -0.10204 -0.62143 0.10288 1
-0.19792 -0.40500 3.96340 7.45562 8.34964 1.73642 0.11473 4.66149 7.47897 -0.12913 -0.28770 -0.31887 -0.30259 -0.09241 0.06501 -0.04527 1.64139 1.76253 -0.14339 -0.56261 -0.56995 1
-0.16043 -0.40500 1.78052 4.02312 4.08117 2.94231 0.69027 2.40881 2.09869 -0.43062 -0.39286 -0.36831 -0.30259 -0.19752 1.66213 1.05655 2.67417 3.28305 -0.12908 -0.13596 -0.70269 1
0.32688 -0.43846 0.72213 0.51020 -0.11253 2.53900 3.94401 2.87452 -0.44360 1.18610 1.46982 1.53136 2.09911 1.27051 1.20159 0.91294 1.61176 2.25787 -0.13067 -0.65648 -0.55710 1
0.27065 0.36444 1.82092 2.44004 2.94083 2.05907 -0.19031 0.68955 0.54938 2.61628 1.70644 0.74189 -0.21277 -0.19752 0.02177 0.03507 2.03739 1.92342 -0.14021 -0.60975 -0.70296 1
-0.23540 -0.43846 1.14818 1.66610 0.73494 1.33715 0.03990 7.55912 -0.52079 1.15218 6.23236 8.98173 7.51283 -0.09241 -0.23625 -0.18799 1.42289 3.22975 -0.12431 -0.66293 0.10696 1
0.02700 -0.13737 2.23901 -0.10795 0.03703 0.44987 1.11425 -0.52905 0.14639 0.51153 -0.06423 -0.21381 -0.30259 0.57328 -0.36598 -0.37649 1.32326 0.59625 -0.13385 -0.58920 0.49241 2
-0.04798 -0.33809 2.57324 0.89718 1.23967 0.93384 -0.15194 0.63168 0.15237 1.86821 1.36861 1.20754 1.32515 0.36306 0.29708 0.20696 1.05407 1.52609 -0.13465 -0.63392 -0.75344 2
0.00825 -0.30464 0.10142 0.28907 1.03404 -0.03410 -0.15194 1.40145 4.76637 2.99125 5.49754 6.16312 8.02196 0.11781 3.24412 4.15601 -0.08210 0.38829 -0.14817 -0.65447 -0.71993 2
-0.01049 -0.20428 2.22248 0.64087 0.21773 0.20788 1.11425 0.47343 -0.39756 -0.43062 -0.39286 -0.36831 -0.30259 -0.16248 -0.35157 -0.35853 0.87403 0.45384 -0.10999 0.62066 0.52236 2
-0.27289 -0.40500 3.17191 0.77153 0.79725 0.12722 0.27012 0.76450 0.99873 0.62458 0.76392 0.49686 0.32714 1.09883 0.05204 0.04539 0.55066 0.73866 -0.14817 -0.62264 -0.76805 2
0.23317 1.06698 -0.61539 0.03779 0.87826 0.04656 -0.15194 1.61028 0.39326 2.76702 1.81094 0.80956 -0.09498 3.89298 -0.33787 -0.29615 0.55459 -0.08825 -0.13067 -0.63432 1.14082 2
0.57054 -0.40500 0.88985 1.51533 1.70703 1.41781 0.42360 0.46762 0.65755 1.15218 0.52731 0.28057 -0.03552 0.08277 3.26646 1.97526 0.95269 1.42976 -0.14578 -0.62304 -0.57500 2
-0.08546 -0.17082 0.58868 1.19369 1.47647 1.66383 -0.11357 0.12144 -0.03733 -0.43062 -0.39286 -0.36831 -0.30259 -0.19752 -0.17787 -0.19606 1.72712 1.46080 -0.14419 -0.51829 -0.85280 2
-0.08546 -0.13737 0.67683 1.44497 0.60408 -0.03410 -0.30542 1.00899 0.34508 -0.09145 0.73763 1.47945 1.00466 -0.19752 3.92952 3.16011 -0.09434 0.71667 -0.11476 -0.52836 -0.06908 2
0.42059 1.46843 0.82068 1.12835 0.21773 0.36921 0.19338 -0.50701 -0.29418 -0.27988 -0.34028 -0.34359 -0.30259 -0.12745 0.10970 -0.11618 0.70448 1.27059 -0.14817 -0.53965 -0.48256 2
-0.27289 -0.33809 0.88190 1.62087 0.85333 0.52650 0.19146 1.12394 3.62330 -0.43062 -0.39286 -0.26356 -0.10060 -0.19752 -0.53895 -0.52010 0.96283 1.13447 -0.13465 -0.53280 -0.68732 2
0.10197 -0.20428 0.86108 -0.29892 -0.37424 1.17582 1.38284 0.38969 -0.09906 -0.43062 -0.39286 -0.36831 -0.30259 -0.19752 -0.49571 -0.47522 1.70257 0.86012 -0.12908 -0.13394 0.50650 2
0.85168 2.23787 1.93661 2.68630 1.90643 -0.35675 -0.30542 0.00093 0.17989 -0.16682 0.29069 0.36091 0.66168 -0.05737 -0.32274 -0.25082 -0.33031 -0.17233 -0.14498 -0.58114 -0.58117 2
0.06448 0.23063 0.85007 0.67102 0.29874 -0.27609 0.22983 0.33062 0.01042 3.10431 1.27330 0.41498 -0.30259 2.28481 0.16591 0.17869 -0.00536 0.03615 -0.12113 -0.62546 -0.76092 3
-0.23540 -0.43846 0.53787 0.96251 1.20852 2.37768 -0.07520 0.28277 -0.59003 -0.43062 -0.39286 -0.36831 -0.30259 -0.19752 -0.59661 -0.55601 2.46660 1.82625 -0.14021 2.44049 1.25756 3
-0.10420 -0.43846 0.21895 0.65092 1.07766 1.74045 1.19099 -0.54128 -0.49589 0.32310 -0.11681 -0.19527 -0.25761 -0.12745 -0.39481 -0.35853 3.20931 1.36798 -0.14817 -0.61498 -0.56443 3
-0.29163 -0.40500 1.12736 1.06805 0.62277 0.61119 -0.11357 0.22386 1.77965 1.98127 1.28973 0.42271 -0.30259 -0.19752 0.71510 0.30570 0.73245 0.82347 -0.14180 -0.55818 -0.80562 3
-0.21666 -0.43846 0.21711 0.95246 1.26460 2.46641 -0.11357 -0.03046 -0.61547 -0.43062 -0.39286 -0.36831 -0.30259 -0.19752 -0.59661 -0.55601 2.26366 1.85070 -0.13862 2.13913 1.26014 3
-0.32912 -0.43846 -1.08246 -0.75626 -0.79798 0.20788 -0.07520 -0.06602 -0.49391 -0.43062 -0.39286 -0.36831 -0.30259 -0.19752 -0.52454 -0.51113 0.75683 0.03913 -0.14658 0.33260 1.11278 3
-0.29163 -0.43846 1.38079 -0.04764 -0.00659 -0.67939 -0.49727 -0.56629 -0.38550 -0.43062 -0.39286 -0.36831 -0.30259 -0.19752 -0.23625 1.62519 -0.81974 -0.82783 -0.13385 -0.27697 1.04774 3
-0.10420 -0.13737 0.69887 0.80169 0.69132 0.04656 -0.15194 0.10315 0.39019 0.66227 0.56674 0.79967 0.74884 0.46817 -0.22184 0.18901 0.18184 0.26327 -0.13862 -0.64681 -0.71460 3
-0.31038 -0.43846 1.38997 -0.07780 0.04326 0.36921 0.11664 -0.02498 0.14405 1.98127 0.93481 0.42271 0.18939 0.71343 -0.40922 -0.43034 0.37062 0.36170 -0.14180 -0.64319 -0.79950 3
-0.27289 -0.33809 1.58892 0.38959 0.42960 -0.11476 -0.11357 0.55987 0.56877 -0.43062 -0.39286 -0.36831 -0.30259 -0.09241 0.05204 -0.14311 0.37062 -0.04249 -0.13067 -0.04934 0.20334 3
-0.17918 -0.23773 1.06187 -0.47482 -0.31816 -0.03410 0.80730 -0.29313 0.16869 0.43615 -0.03794 -0.20145 -0.30259 0.43314 -0.49571 -0.48420 0.63456 -0.02050 -0.13544 -0.62546 0.47033 3
-0.08546 -0.37155 1.34712 1.33440 2.08091 -0.43741 -0.38216 0.23099 0.26818 2.91588 1.54870 1.24771 0.91794 2.17970 0.23799 0.34879 -0.47460 -0.29935 -0.14419 -0.65729 -0.72321 3
-0.32912 -0.43846 1.01902 2.44004 2.99068 0.04656 -0.19031 1.22637 2.52270 -0.12913 -0.18254 -0.27561 -0.30259 -0.05737 -0.48130 -0.46625 -0.07336 -0.03935 -0.14021 -0.58275 -0.46917 3
-0.23540 -0.43846 -0.48623 0.32928 -0.21223 0.93384 -0.03683 4.66085 -0.36767 -0.05376 -0.14310 -0.25089 -0.30259 0.15285 -0.49571 -0.47522 1.28655 0.64023 -0.10840 -0.57429 0.88272 4
-0.27289 -0.40500 0.87822 3.22404 0.71624 -0.59873 -0.45890 0.75187 -0.05376 0.28541 1.23715 1.55361 6.32084 -0.16248 1.21961 1.55338 -0.73234 -0.30532 -0.14817 -0.66172 -0.67553 4
-0.27289 -0.37155 0.69091 0.07297 -0.10630 0.36921 0.07827 0.02302 0.21977 1.90590 0.92167 0.91091 0.47333 0.99372 0.03762 -0.08027 0.25001 0.33866 -0.14817 -0.65406 -0.80359 4
-0.34786 -0.43846 0.43504 0.70620 0.34859 -0.59873 -0.42053 -0.44651 0.14976 0.92607 2.19676 2.19013 1.69625 -0.19752 1.11871 0.52113 -0.55055 -0.28437 -0.14339 -0.65406 -0.49473 4
-0.10420 -0.23773 1.17695 -0.31400 -0.46771 -0.03410 0.80730 -0.65269 -0.61834 -0.43062 -0.39286 -0.36831 -0.30259 -0.19752 -0.53895 -0.52010 0.38460 -0.04144 -0.13703 3.65397 0.12890 4
0.17694 0.49826 -0.72374 -0.45472 -0.36178 -0.59873 -0.22868 -0.42568 -0.57720 -0.43062 -0.39286 -0.36831 -0.30259 -0.19752 -0.27949 -0.35853 -0.68165 -0.74825 -0.12431 1.22821 0.81464 4
-0.31038 -0.43846 -1.20427 -0.85677 -0.57988 -0.51807 -0.38216 -0.71388 -0.10743 -0.43062 -0.39286 -0.36831 -0.30259 -0.16248 0.71510 0.47625 -0.53133 -0.48542 -0.14498 -0.52434 1.01183 4
-0.31038 -0.40500 0.98106 0.01769 -0.25585 0.12319 0.49650 -0.17190 -0.48707 0.35701 0.30121 0.63498 0.76711 -0.12745 -0.09427 -0.22524 0.22257 0.33971 -0.14419 -0.63835 -0.72095 4
-0.08546 -0.07046 0.17916 0.33430 0.52307 0.69589 -0.11357 -0.26536 0.04360 2.77833 1.67489 1.17973 0.34808 1.59284 0.12555 0.15445 0.68158 0.58892 -0.14021 -0.65447 0.95637 4
-0.21666 -0.30464 0.40688 0.75143 1.33938 -0.43741 -0.38216 0.09223 0.04333 2.32610 1.20100 0.72150 0.13681 0.78525 -0.22111 -0.29525 -0.59880 -0.57050 -0.13465 -0.64681 -0.71716 4
-0.01049 0.02990 0.79865 -0.29390 -0.23715 -0.51807 -0.42053 -0.06129 -0.32316 -0.43062 -0.39286 -0.36831 -0.30259 -0.19752 -0.32346 -0.38591 -0.48334 -0.41427 -0.14658 -0.27938 -0.74691 4
-0.23540 -0.40500 -0.26648 -0.07277 0.19281 0.92981 0.11473 -0.28965 0.24603 -0.43062 -0.39286 -0.36831 -0.30259 -0.19752 -0.59661 -0.55601 0.78139 0.50536 -0.14817 2.63468 1.19632 4
-0.32912 -0.43846 -0.50337 0.23379 1.33315 -0.19542 -0.22868 -0.02239 0.01742 0.17235 0.18553 0.42889 0.34120 -0.16248 0.15294 0.15311 -0.32507 -0.33673 -0.12272 -0.63916 0.88953 4
0.12071 0.29753 0.40688 0.63584 0.76609 0.20788 -0.19031 0.37376 -0.25345 0.21004 -0.09052 -0.17055 -0.22106 0.50321 -0.36598 -0.38546 0.13814 0.35437 -0.14817 -0.63996 -0.86482 5
-0.14169 -0.10392 -0.11160 -0.41451 -0.34932 -0.51807 -0.26705 -0.29578 -0.33093 -0.05376 -0.24826 -0.30033 -0.30259 -0.12745 -0.22184 -0.25980 -0.39149 -0.23097 -0.12749 -0.56865 -0.71707 5
-0.34786 -0.43846 1.12614 0.32425 0.24889 -0.27609 0.11664 2.61447 -0.09733 1.22756 0.55360 -0.05314 -0.30259 -0.05737 -0.48130 -0.44829 -0.55405 -0.60375 -0.13385 -0.60209 1.00467 5
1.47019 3.07422 0.21834 1.05800 0.01833 -0.51807 -0.45890 1.69556 2.86961 -0.43062 -0.39286 -0.36831 -0.30259 -0.19752 -0.16418 -0.27775 -0.63271 -0.60898 -0.14658 -0.52877 -0.67175 5
-0.27289 -0.40500 1.83255 0.15841 0.63523 -0.51807 -0.26705 -0.47070 0.81009 -0.43062 -0.39286 -0.36831 -0.30259 -0.19752 -0.48130 -0.48420 -0.50598 -0.61909 -0.13067 0.60454 0.73245 5
-0.12295 -0.33809 -0.03876 -0.17831 -0.05021 -0.35675 -0.30542 -0.59503 -0.42976 0.92607 0.43529 0.49068 0.52955 0.22292 0.16735 -0.01744 -0.25690 -0.11684 -0.14419 -0.62828 -0.72734 5
1.86379 3.44222 1.05452 1.21882 0.59785 -0.59873 -0.42053 0.72229 0.85098 -0.43062 -0.39286 -0.36831 -0.30259 -0.19752 0.21060 0.39546 -0.68515 -0.45924 -0.12749 0.56587 0.00774 5
-0.36660 -0.43846 1.42241 -0.06775 -0.01283 -0.67939 -0.49727 -0.73113 0.32761 -0.43062 -0.39286 -0.36831 -0.30259 0.01270 -0.52454 -0.51113 -0.82350 -0.73197 -0.14817 -0.57308 -0.74617 5
0.17694 -0.23773 0.04204 -0.32405 -0.16861 0.04656 0.07636 -0.36527 -0.39724 -0.43062 -0.39286 -0.36831 -0.30259 -0.19752 0.05060 -0.10810 0.05922 0.21693 -0.14817 -0.44336 -0.73288 5
-0.36660 -0.43846 -0.32891 -0.62056 -0.51756 -0.67939 -0.49727 -0.79943 -0.58444 -0.43062 -0.39286 -0.36831 -0.30259 -0.19752 -0.59661 -0.55601 -0.82350 -0.88244 -0.14021 0.96915 1.05858 5
-0.32912 -0.40500 0.77783 -0.25369 -0.17484 -0.59873 -0.45890 -0.33054 -0.32823 -0.43062 -0.39286 -0.36831 -0.30259 -0.19752 -0.59661 -0.55601 -0.69039 -0.74406 -0.13703 0.03890 0.48794 5
-0.29163 -0.33809 0.45218 0.09810 0.07441 -0.51807 -0.42053 -0.69496 -0.46168 0.17235 -0.14310 -0.25089 -0.30259 0.18788 -0.36598 -0.30468 -0.53657 -0.54511 -0.14817 -0.60814 -0.54461 5
-0.29163 -0.37155 -0.64355 -0.28887 -0.36178 -0.67939 -0.49727 -0.70625 -0.50721 -0.43062 -0.39286 -0.36831 -0.30259 -0.19752 -0.40922 -0.42137 -0.76905 -0.85191 -0.13862 -0.44618 1.02387 5
-0.32912 -0.43846 1.71318 0.29410 0.24889 -0.51807 -0.42053 -0.71767 -0.19676 -0.43062 -0.39286 -0.36831 -0.30259 -0.16248 -0.58220 -0.54703 -0.72753 -0.68914 -0.13465 -0.50862 -0.60027 6
-0.02923 0.36444 -1.15346 -0.76128 -0.53626 -0.67939 -0.49727 -0.74877 0.17716 -0.43062 -0.39286 -0.36831 -0.30259 -0.19752 -0.56778 -0.52908 -0.82323 -0.88228 -0.14817 -0.01670 1.04396 6
-0.32912 -0.40500 -0.04427 0.46497 0.39844 -0.59873 -0.45890 0.56555 -0.25708 -0.43062 -0.39286 -0.36831 -0.30259 -0.19752 -0.45247 -0.46625 -0.61872 -0.67286 -0.14419 -0.39541 -0.47806 6
-0.32912 -0.43846 -0.71089 -0.51503 -0.56742 -0.43741 -0.38216 -0.28281 -0.56010 -0.39293 -0.37972 -0.36213 -0.30259 -0.16248 0.54429 0.72130 -0.46919 -0.59359 -0.12590 -0.56704 -0.63852 6
-0.27289 -0.37155 0.52563 -0.11298 -0.08760 0.04656 -0.38216 -0.27214 -0.63297 0.28541 0.97425 1.91822 1.75247 -0.16248 -0.30832 -0.24184 -0.03141 0.40777 -0.13862 -0.64802 0.12712 6
-0.16043 -0.20428 -0.31422 -0.62056 -0.53626 -0.51807 -0.30542 -0.51305 -0.49333 0.28541 -0.05108 -0.21999 -0.30259 0.08277 0.10970 0.16208 -0.41596 -0.47600 -0.14021 -0.56583 -0.49465 6
-0.12295 -0.07046 -0.13854 -0.35923 -0.24962 -0.59873 -0.45890 -0.75172 -0.49854 -0.43062 -0.39286 -0.36831 -0.30259 -0.19752 0.80159 0.32365 -0.59775 -0.22050 -0.14339 -0.13193 -0.84644 6
-0.31038 -0.40500 -0.96982 -0.77133 -0.51133 -0.51807 -0.42053 -0.64195 -0.53859 0.54921 0.26440 -0.06550 -0.30259 0.18788 0.32591 0.53010 -0.24641 -0.36291 -0.14817 -0.53562 -0.63014 6
-0.27289 -0.40500 0.19569 0.10313 0.11803 -0.43741 -0.34379 -0.56841 -0.30585 -0.43062 -0.39286 -0.36831 -0.30259 -0.19752 -0.55337 -0.52908 -0.48763 -0.58699 -0.13703 0.21375 0.48825 6
-0.02923 0.09681 -0.57316 -0.26877 -0.32439 -0.19542 -0.19031 1.43174 -0.23115 -0.43062 -0.39286 -0.36831 -0.30259 1.09883 0.05204 0.10823 -0.21494 -0.26657 -0.14021 -0.52313 -0.83683 6
0.12071 0.86625 -0.35768 -0.35923 -0.22469 -0.67939 -0.49727 -0.14076 -0.34224 2.32044 0.81650 0.18787 -0.30259 2.14992 -0.56778 -0.53806 -0.77080 -0.77652 -0.14817 -0.61821 -0.73838 6
-0.34786 -0.43846 -0.29402 -0.37933 -0.29324 -0.67939 -0.49727 -0.69893 -0.36342 0.39847 0.40900 0.04574 -0.24637 -0.02234 -0.25066 -0.27775 -0.82323 -0.84249 -0.13385 -0.64802 0.92536 6
-0.31038 -0.43846 -0.62580 -0.52005 -0.34309 0.53053 1.30610 -0.51857 -0.50472 -0.12913 -0.09052 0.89855 0.53799 -0.05737 -0.29391 -0.29570 -0.00869 0.03185 -0.13385 -0.65729 1.00706 7
-0.34786 -0.40500 -0.33320 -0.67082 -0.35555 -0.67939 -0.49727 -0.79353 -0.27842 -0.01608 0.50102 0.92945 0.73197 -0.16248 2.50249 1.37386 -0.82323 -0.51474 -0.14339 -0.65930 -0.47045 7
-0.34786 -0.43846 0.05673 -0.06775 -0.00036 -0.59873 -0.42053 0.24501 -0.32452 -0.43062 -0.39286 -0.36831 -0.30259 -0.05737 -0.23697 -0.17991 -0.69266 -0.72155 -0.12590 -0.54206 -0.65351 7
-0.25415 -0.43846 0.27466 -0.21349 0.01210 -0.67939 -0.49727 0.43604 -0.52148 -0.43062 -0.39286 -0.36831 -0.30259 -0.19752 -0.59661 -0.55601 -0.82350 -0.79050 -0.13544 0.01915 0.87008 7
-0.32912 -0.37155 0.00715 -0.45472 -0.05021 -0.51807 -0.42053 -0.73303 -0.11710 -0.43062 -0.39286 -0.36831 -0.30259 -0.02234 -0.38111 -0.40386 -0.58280 -0.51045 -0.14817 -0.48163 -0.47437 7
0.21442 1.00007 -0.42992 -0.51503 -0.36801 -0.43741 -0.38216 -0.80442 -0.53034 -0.43062 -0.39286 -0.36831 -0.30259 -0.19752 -0.46688 -0.47522 -0.40722 -0.45610 -0.13624 -0.41717 -0.54911 7
-0.32912 -0.40500 -0.30994 -0.59544 -0.63596 -0.67939 -0.49727 -0.63957 -0.57367 -0.43062 -0.39286 -0.36831 -0.30259 -0.19752 -0.59661 -0.55601 -0.81974 -0.88018 -0.14498 1.95783 1.25887 7
-0.36660 -0.43846 -1.05736 -0.74118 -0.69204 -0.76006 -0.53564 -0.81598 -0.55810 -0.16682 -0.30084 -0.32505 -0.30259 -0.19752 -0.58220 -0.54703 -0.95957 -0.96710 -0.14339 -0.61378 1.01338 7
-0.36660 -0.43846 -1.18958 -0.79646 -0.61103 -0.67939 -0.49727 -0.60750 -0.17890 -0.43062 -0.39286 -0.36831 -0.30259 -0.19752 -0.36598 -0.38546 -0.82323 -0.87181 -0.14658 0.12108 1.04097 7
-0.34786 -0.43846 0.74049 0.20364 -0.07514 -0.67939 -0.49727 0.09545 0.76893 -0.43062 -0.39286 -0.36831 -0.30259 -0.19752 -0.25066 -0.29570 -0.75681 -0.71265 -0.12749 0.91396 0.03770 7
-0.25415 -0.37155 -0.63621 -0.28385 -0.54872 0.20788 0.03990 0.46768 0.78276 -0.43062 -0.39286 -0.36831 -0.30259 -0.19752 -0.55337 -0.52908 0.20282 0.01719 -0.13385 2.01706 1.20287 7
-0.29163 -0.43846 -0.02529 -0.66579 -0.26208 0.28048 0.03607 -0.71718 -0.55126 -0.43062 -0.39286 -0.36831 -0.30259 -0.19752 -0.55337 -0.52908 0.20920 0.01248 -0.13703 -0.25360 0.90344 7
-0.25415 -0.40500 0.13876 -0.53010 -0.13745 -0.19542 -0.30542 -0.58656 0.99848 -0.43062 -0.39286 -0.36831 -0.30259 -0.19752 -0.55337 -0.52908 -0.37750 -0.39642 -0.14021 -0.49533 0.46556 8
-0.21666 -0.27119 -0.64661 -0.20846 -0.31193 -0.67939 -0.49727 0.02565 -0.48961 -0.43062 -0.39286 -0.36831 -0.30259 0.01270 0.23943 0.00051 -0.74108 -0.10846 -0.14260 -0.42845 -0.80425 8
-0.16043 -0.33809 -0.79230 -0.44467 -0.40540 -0.51807 -0.38216 -0.00927 -0.48214 0.62458 -0.02479 -0.19527 -0.30259 0.04774 -0.20742 -0.23287 -0.49986 -0.49799 -0.14260 -0.62506 -0.71468 8
-0.36660 -0.43846 -0.92330 -0.72108 -0.59234 -0.67939 -0.49727 -0.81690 -0.63201 -0.43062 -0.39286 -0.36831 -0.30259 -0.19752 -0.59661 -0.55601 -0.84596 -0.88228 -0.14339 -0.31282 1.02688 8
-0.25415 -0.37155 -0.66253 -0.40949 -0.36178 -0.67939 -0.49727 -0.21831 -0.10430 -0.43062 -0.39286 -0.36831 -0.30259 -0.16248 -0.59661 -0.55601 -0.77779 -0.70532 -0.13385 -0.07431 0.49732 8
-0.36660 -0.43846 0.13386 -0.45974 -0.16861 -0.67939 -0.49727 -0.51671 -0.57214 -0.20451 -0.31399 -0.12112 -0.13391 -0.19752 -0.07769 -0.22389 -0.82848 -0.79956 -0.13703 -0.65850 0.90385 8
-0.34786 -0.43846 -0.74517 -0.54015 -0.31193 -0.67939 -0.49727 -0.78908 -0.31819 -0.43062 -0.39286 -0.36831 -0.30259 -0.19752 -0.36526 -0.39399 -0.78967 -0.79710 -0.13862 -0.54408 -0.52457 8
-0.34786 -0.43846 -0.54683 -0.69595 -0.56742 -0.51807 -0.42053 -0.73889 -0.48871 -0.12913 -0.26141 -0.30651 -0.30259 -0.09241 -0.51012 -0.50215 -0.65193 -0.67809 -0.14817 -0.63070 -0.57527 8
-0.34786 -0.43846 -0.23832 -0.12303 -0.37424 -0.43741 -0.34379 2.23941 -0.57899 -0.43062 -0.39286 -0.36831 -0.30259 -0.16248 -0.58220 -0.54703 -0.52259 -0.61003 -0.13385 -0.41838 0.92848 8
-0.36660 -0.43846 0.11060 -0.56026 -0.05644 -0.67939 -0.49727 -0.55720 -0.58623 -0.43062 -0.39286 -0.36831 -0.30259 -0.19752 -0.06328 0.09925 -0.82323 -0.88123 -0.13385 0.88455 0.91945 8
-0.36660 -0.43846 -1.17183 -0.73113 -0.71074 -0.59873 -0.42053 1.04386 1.28460 -0.43062 -0.39286 -0.36831 -0.30259 -0.19752 -0.59661 -0.55601 -0.70262 0.15856 -0.13067 0.93088 1.17310 8
0.06448 0.76589 0.48339 -0.30898 -0.01906 -0.67939 -0.49727 -0.67933 -0.37654 -0.43062 -0.39286 -0.36831 -0.30259 -0.19752 -0.46688 -0.47522 -0.82323 -0.88123 -0.13862 -0.23144 0.92872 8
-0.31038 -0.37155 -0.95636 -0.68590 -0.59234 -0.59873 -0.45890 -0.76135 -0.54204 0.02161 -0.22197 -0.28797 -0.30259 -0.12745 -0.55337 -0.52908 -0.67116 -0.63621 -0.14021 -0.63513 -0.72463 9
-0.36660 -0.43846 -1.00288 -0.55523 -0.14992 -0.67939 -0.49727 -0.64322 0.06611 -0.43062 -0.39286 -0.36831 -0.30259 -0.19752 -0.58220 -0.54703 -0.80925 -0.86867 -0.13226 -0.30758 0.92074 9
-0.36660 -0.43846 -1.16509 -0.23359 -0.58611 -0.67939 -0.49727 -0.00950 0.82680 -0.20451 -0.31399 -0.33123 -0.30259 -0.19752 0.19618 0.38649 -0.77779 -0.76814 -0.13862 -0.16134 0.98945 9
-0.32912 -0.40500 -0.04121 -0.54015 -0.49887 -0.67939 -0.49727 -0.23545 -0.40061 -0.43062 -0.39286 -0.36831 -0.30259 -0.19752 -0.52454 -0.51113 -0.82323 -0.75348 -0.13544 0.25162 0.18671 9
-0.36660 -0.43846 0.08367 -0.68590 -0.48641 -0.67939 -0.49727 -0.79344 -0.48990 0.43615 0.02779 -0.17055 -0.30259 -0.19752 -0.49571 -0.48420 -0.82323 -0.55348 -0.13067 -0.63191 0.27298 9
-0.25415 -0.27119 -0.73292 -0.67082 -0.18107 -0.59873 -0.49727 -0.66083 -0.03653 0.88838 0.18553 -0.09640 -0.30259 0.29299 -0.49571 -0.49317 -0.76380 -0.65820 -0.13624 -0.57873 -0.63604 9
-0.34786 -0.40500 -0.85352 -0.82159 -0.69204 -0.59873 -0.19031 -0.78479 -0.57892 -0.43062 -0.39286 -0.36831 -0.30259 0.01270 -0.59661 -0.55601 -0.77779 -0.79956 -0.13862 -0.25884 0.92569 9
-0.27289 -0.33809 -0.75986 -0.54518 -0.39917 -0.59873 -0.42053 -0.78701 -0.48829 -0.43062 -0.39286 -0.36831 -0.30259 -0.16248 -0.53895 -0.52010 -0.66242 -0.57547 -0.14578 -0.08640 -0.72086 9
-0.19792 -0.17082 -1.12408 -0.40949 -0.43033 -0.67939 -0.49727 0.39398 -0.31714 -0.43062 -0.39286 -0.36831 -0.30259 -0.19752 -0.59661 -0.55601 -0.82323 -0.81945 -0.14658 -0.18591 1.02451 9
-0.31038 -0.37155 -1.21100 -0.78641 -0.77305 -0.51807 -0.19031 -0.70403 -0.62317 -0.43062 -0.39286 -0.36831 -0.30259 -0.19752 -0.49571 -0.43887 -0.58473 -0.67856 -0.14817 1.97193 1.26796 9
-0.32912 -0.40500 -0.86821 -0.79646 -0.56742 -0.67939 -0.49727 0.16815 1.36539 -0.43062 -0.39286 -0.36831 -0.30259 -0.19752 -0.22256 -0.32308 -0.83748 -0.84799 -0.14021 1.04409 1.16151 9
-0.34786 -0.43846 -1.13510 -0.82662 -0.63596 -0.59873 -0.45890 -0.76962 -0.35725 -0.43062 -0.39286 -0.36831 -0.30259 -0.19752 -0.42364 -0.41239 -0.62921 -0.74301 -0.13067 -0.21049 0.91163 9
-0.34786 -0.40500 -1.25630 -0.97738 -0.66712 -0.51807 -0.42053 -0.81244 -0.53202 -0.43062 -0.39286 -0.36831 -0.30259 -0.19752 -0.59661 -0.55601 -0.70262 -0.75662 -0.14817 1.79547 1.25193 10
-0.08546 0.26408 -1.28140 -0.92713 -0.82913 -0.67939 -0.49727 -0.46921 -0.64677 -0.43062 -0.39286 -0.36831 -0.30259 -0.19752 -0.59661 -0.55601 -0.82149 -0.88228 -0.14817 2.26483 1.27358 10
-0.36660 -0.43846 -1.18285 -0.69092 -0.65465 -0.67939 -0.49727 -0.08431 -0.42712 -0.43062 -0.39286 -0.36831 -0.30259 -0.19752 -0.59661 -0.55601 -0.82323 -0.88018 -0.13067 -0.32853 0.91927 10
-0.36660 -0.43846 -1.29242 -1.01256 -0.84159 -0.67939 -0.49727 -0.81916 -0.65934 -0.43062 -0.39286 -0.36831 -0.30259 -0.19752 -0.59661 -0.55601 -0.82323 -0.88018 -0.14817 0.61260 1.23075 10
-0.34786 -0.40500 -1.13388 -0.17328 -0.65465 -0.67939 -0.49727 1.15057 0.81778 -0.43062 -0.39286 -0.36831 -0.30259 -0.19752 -0.59661 -0.55601 -0.82149 -0.88123 -0.13226 2.04123 1.20321 10
-0.36660 -0.43846 -1.32180 -1.01256 -0.84159 -0.67939 -0.49727 -0.82083 -0.60813 -0.43062 -0.39286 -0.36831 -0.30259 -0.19752 -0.59661 -0.55601 -0.82323 -0.88228 -0.14817 2.68302 1.27775 10
-0.36660 -0.43846 -1.33037 -1.01256 -0.87898 -0.67939 -0.49727 -0.81730 -0.65243 -0.43062 -0.39286 -0.36831 -0.30259 -0.19752 -0.59661 -0.55601 -0.82323 -0.88228 -0.14817 2.19997 1.22998 10
-0.36660 -0.43846 -1.25692 -0.83667 -0.71697 -0.67939 -0.49727 -0.81902 -0.62107 -0.43062 -0.39286 -0.36831 -0.30259 -0.19752 -0.58220 -0.53806 -0.82498 -0.87495 -0.14817 -0.15771 0.99078 10
-0.34786 -0.40500 -1.28752 -0.98744 -0.70450 -0.67939 -0.49727 -0.78807 -0.55058 -0.43062 -0.39286 -0.36831 -0.30259 -0.19752 -0.59661 -0.55601 -0.82323 -0.88228 -0.14817 1.42844 1.25621 10
-0.34786 -0.40500 -1.29303 -0.99749 -0.78551 -0.67939 -0.49727 -0.77808 -0.59612 -0.43062 -0.39286 -0.36831 -0.30259 -0.19752 -0.59661 -0.55601 -0.82323 -0.88228 -0.14817 2.26483 1.29572 10
-0.36660 -0.43846 -1.33098 -1.02764 -0.89145 -0.67939 -0.49727 -0.82093 -0.66720 -0.43062 -0.39286 -0.36831 -0.30259 -0.19752 -0.59661 -0.55601 -0.78478 -0.88228 -0.14817 1.96589 1.29214 10
-0.34786 -0.43846 -1.32241 -1.01256 -0.87898 -0.67939 -0.49727 -0.81855 -0.65331 -0.43062 -0.39286 -0.36831 -0.30259 -0.19752 -0.59661 -0.55601 -0.79701 -0.88228 -0.14817 2.19150 1.23062 10
