-0.04798 -0.23773 -0.81618 -0.41451 -0.58611 -0.35675 -0.30542 1.54615 -0.48531 1.22756 0.33013 0.08900 0.05163 0.36306 0.03762 0.18901 -0.32681 -0.29066 1.27538 -0.67421 -3.14705 1
-0.27289 -0.30464 -1.09409 -0.72610 -0.49264 -0.67939 -0.49727 -0.43708 -0.55144 -0.12913 -0.28770 -0.31887 -0.30259 -0.02234 -0.55337 -0.52908 -0.82323 -0.84144 1.01294 -0.67139 -3.14707 1
0.04574 -0.00355 -0.35707 -0.23862 -0.27454 0.04656 0.11664 1.09020 0.58813 -0.43062 -0.39286 -0.36831 -0.30259 -0.12745 1.20519 1.25717 1.14497 0.73552 19.21687 -0.67743 -3.14704 1
1.07659 2.94041 0.22874 0.81677 0.86579 0.52650 0.03799 0.33260 0.10553 1.93793 2.25723 3.10412 2.82302 -0.19752 0.00735 0.11586 0.63316 1.02054 0.71074 -0.67945 -3.14702 1
0.53305 1.43497 -0.09018 0.48507 0.72870 0.44987 -0.26705 0.97764 0.10171 0.69995 0.05408 0.00866 -0.17046 0.53825 0.91691 0.75451 0.48249 1.20567 2.32515 -0.67783 -3.14703 1
0.38311 0.46480 -0.26954 -0.00241 -0.16238 0.04656 0.42360 0.24843 -0.36454 -0.43062 -0.39286 -0.36831 -0.30259 -0.19752 0.06645 0.07232 0.13115 0.09259 4.44854 -0.67542 -3.14704 1
-0.34786 -0.43846 -1.00165 -0.70600 -0.71697 -0.67939 -0.49727 -0.41678 -0.55474 -0.31756 -0.34028 -0.34359 -0.30259 -0.16248 -0.48130 -0.48420 -0.81449 -0.82469 0.88570 -0.67179 -3.14706 1
0.68299 1.16734 -0.08161 0.48005 0.20527 0.04656 0.95694 0.55924 0.30236 -0.43062 -0.39286 -0.36831 -0.30259 0.15285 0.62645 0.80567 -0.14144 -0.18961 4.47240 -0.67582 -3.14704 1
0.06448 -0.37155 2.62282 5.65142 7.24046 1.49444 0.03799 3.93313 7.00025 -0.43062 -0.39286 -0.36831 -0.30259 -0.19752 -0.53895 -0.52010 1.66236 1.33195 -0.14578 -0.40710 -0.65125 1
-0.23540 -0.43846 2.65526 5.37501 6.74818 1.90178 -0.19031 3.53653 5.55614 -0.43062 -0.39286 -0.36831 -0.30259 -0.16248 0.25384 0.00051 1.76899 1.71038 -0.13226 -0.30879 -0.49628 1
0.47682 0.39790 2.35531 -0.09790 0.06818 0.60716 1.45574 -0.18278 2.61319 6.94072 4.40845 1.88886 -0.30259 0.81679 -0.28021 0.14278 1.68159 0.90662 -0.10681 -0.61660 0.45825 1
-0.17918 -0.40500 0.25813 0.15841 0.41091 2.78099 2.90995 0.62854 -0.14528 0.35890 1.87667 1.22299 2.02053 -0.09241 1.61889 1.97032 1.95191 2.07290 -0.14817 -0.64883 -0.53942 1
0.64551 1.76951 0.08734 -0.63564 -0.51756 1.65979 2.91763 -0.59607 -0.43671 1.52904 1.94700 3.87103 3.39708 -0.09241 4.24664 5.29643 1.22362 1.88316 -0.14817 -0.66454 -0.63244 1
0.25191 -0.20428 0.93209 0.87205 0.75986 2.22442 1.19099 -0.51119 -0.31892 1.11450 0.60618 0.86765 1.15647 -0.02234 -0.29391 -0.33160 1.78122 2.43604 -0.12272 -0.63996 -0.85749 2
-0.23540 -0.43846 1.06676 0.09810 -0.03775 2.06310 3.07111 -0.20075 -0.39598 -0.24219 -0.31399 -0.33123 -0.30259 -0.16248 0.61420 0.19799 1.29704 1.70515 -0.13862 -0.60934 -0.57337 2
-0.23540 -0.43846 0.55685 1.80681 -0.48641 1.98244 3.53154 5.48450 -0.30737 1.22756 1.26344 1.09630 0.86691 -0.12745 1.11871 0.88915 1.20265 1.67164 -0.13385 -0.62949 -0.51992 2
-0.06672 -0.40500 1.16593 2.96773 0.49814 1.09516 -0.03683 6.59674 -0.33054 -0.43062 -0.39286 -0.36831 -0.30259 -0.19752 0.65745 0.86222 1.21139 1.81405 -0.13067 -0.37084 0.47658 2
0.06448 -0.30464 0.20242 0.94241 0.92188 1.65576 0.07636 0.00150 -0.36727 -0.43062 -0.39286 -0.36831 -0.30259 -0.19752 0.02177 -0.15298 1.42682 1.51588 -0.14498 -0.47478 -0.72389 2
-0.14169 -0.27119 1.06003 1.60579 1.96874 1.65979 -0.19031 0.30145 0.12472 -0.43062 -0.39286 -0.36831 -0.30259 -0.19752 -0.27949 -0.33160 3.22853 1.63080 -0.14817 -0.29630 -0.77938 2
1.11408 2.87350 2.25737 1.87215 1.07766 0.12722 0.26820 0.02323 -0.53046 -0.43062 -0.39286 -0.36831 -0.30259 0.39635 -0.51012 -0.45727 0.72729 1.01112 -0.11317 -0.40750 0.47269 2
-0.27289 -0.40500 1.63850 0.53030 1.13997 0.44987 0.53871 0.23759 3.55477 -0.43062 -0.39286 -0.36831 -0.30259 -0.19752 -0.02003 -0.10720 0.58387 0.34808 -0.14498 -0.37769 -0.79088 2
-0.01049 -0.43846 0.49564 0.06795 0.46699 0.69185 -0.07520 -0.01515 1.11883 2.32044 1.44748 0.24967 -0.30259 -0.19752 0.39799 0.29672 2.14130 0.30515 -0.14021 -0.54367 -0.50087 2
-0.25415 -0.40500 0.21038 -0.10292 -0.13122 -0.51807 -0.42053 -0.31641 -0.20085 0.36078 0.11980 0.18169 0.27935 -0.12745 -0.14976 -0.16106 -0.58901 -0.39956 -0.11954 -0.59927 0.41895 2
-0.19792 -0.43846 -0.02774 -0.57031 -0.36801 2.06713 3.42411 -0.70080 -0.40720 -0.43062 -0.39286 -0.36831 -0.30259 -0.19752 -0.45247 -0.44829 1.07916 1.33279 -0.13703 -0.44618 -0.57861 2
0.15820 -0.43846 0.37321 -0.08282 -0.10006 1.82515 3.19389 -0.50382 -0.43405 -0.05376 0.00215 -0.15788 -0.13082 0.04774 0.01024 -0.08835 1.13343 1.39782 -0.12272 -0.64681 -0.51805 2
-0.23540 -0.43846 0.70560 0.81677 1.50139 1.49847 -0.22868 0.16936 2.23118 -0.05376 -0.24826 -0.30033 -0.30259 -0.12745 -0.39481 -0.31365 1.38269 1.21405 -0.13862 -0.63875 0.11106 2
-0.29163 -0.40500 0.40320 0.39461 0.29874 0.61119 -0.30542 0.74217 -0.57505 -0.43062 -0.39286 -0.36831 -0.30259 -0.19752 -0.59661 -0.55601 0.49473 0.28735 -0.13385 -0.47599 1.02000 3
0.45808 0.56517 0.37505 1.34446 1.43908 2.46641 -0.11357 0.65399 0.26986 -0.43062 -0.39286 -0.36831 -0.30259 -0.19752 -0.58220 -0.54703 2.30911 1.84127 -0.13544 1.51305 1.18938 3
-0.31038 -0.43846 0.77049 0.75646 0.59785 0.44987 0.69219 0.09460 0.55394 -0.43062 -0.39286 -0.36831 -0.30259 -0.19752 -0.00562 0.09027 0.46851 0.56798 -0.13624 0.29110 -0.78595 3
-0.14169 -0.37155 0.00715 0.59564 0.74117 2.78906 0.15501 0.08998 -0.62217 -0.43062 -0.39286 -0.36831 -0.30259 -0.19752 -0.59661 -0.55601 2.64996 2.24651 -0.12431 2.14759 1.25822 3
-0.19792 -0.37155 -0.08100 0.36446 0.19904 0.85318 0.30849 -0.35527 -0.35414 0.21004 0.42215 0.93563 0.90065 -0.05737 1.08988 1.01481 1.00863 0.98578 -0.11795 -0.62425 -0.64688 3
-0.27289 -0.43846 -0.69558 -0.27380 -0.31816 1.65979 0.15501 0.63340 1.05991 -0.43062 -0.39286 -0.36831 -0.30259 -0.19752 -0.40922 -0.32263 1.35997 1.13656 -0.12749 0.82170 1.17211 3
-0.25415 -0.43846 1.34712 1.18364 1.43908 1.25648 -0.26705 0.13699 -0.26351 -0.43062 -0.39286 -0.36831 -0.30259 -0.02234 -0.59661 -0.55601 1.11700 0.95751 -0.13703 -0.61660 0.90591 3
-0.27289 -0.43846 -0.12446 -0.46980 -0.17484 1.25648 2.26534 -0.53443 -0.26934 -0.27988 0.14609 0.72552 0.52674 -0.12745 0.03762 0.05437 0.48074 0.82347 -0.13226 -0.65850 -0.59518 3
-0.23540 -0.43846 0.30098 -0.20846 -0.26831 1.49847 0.27012 0.30594 -0.11696 0.92607 1.30288 1.85642 1.29704 0.25795 -0.19301 -0.16106 1.31277 1.43918 -0.14419 -0.63070 -0.74976 3
-0.08546 -0.03701 1.01045 0.64589 1.22098 0.44987 -0.26705 0.52067 1.74985 -0.43062 -0.39286 -0.36831 -0.30259 -0.19752 -0.59661 -0.55601 0.37936 0.21301 -0.12272 -0.14401 0.67835 3
0.10197 -0.40500 -0.73292 -0.64067 -0.48641 1.25648 0.07827 -0.25404 -0.54463 0.32310 -0.01165 0.15698 0.20344 0.04774 -0.55337 -0.52908 0.86529 0.77217 -0.13703 -0.58396 0.98561 3
-0.04798 -0.37155 0.02613 0.67102 -0.15615 0.28855 0.61545 0.23856 0.66499 0.17235 0.40900 0.40417 0.67574 -0.09241 -0.27949 -0.34058 3.42081 0.14285 -0.14339 -0.64158 -0.49211 3
0.94539 2.17096 0.32424 -0.26374 -0.22469 0.36921 0.57708 0.40208 -0.62414 -0.43062 -0.39286 -0.36831 -0.30259 -0.19752 0.00880 -0.02642 0.75517 1.03813 -0.11317 -0.31927 0.00913 3
-0.34786 -0.43846 0.43504 0.70620 0.34859 -0.59873 -0.42053 -0.44651 0.14976 0.92607 2.19676 2.19013 1.69625 -0.19752 1.11871 0.52113 -0.55055 -0.28437 -0.14339 -0.65406 -0.49473 4
-0.34786 -0.40500 -1.02614 -0.53513 -0.53003 -0.67939 -0.49727 0.11414 0.57233 5.93828 3.52443 2.40642 1.17897 2.14992 2.02682 2.05605 -0.81799 -0.65924 -0.13544 -0.65688 0.91873 4
-0.16043 -0.33809 0.80354 0.48005 0.64770 0.44584 0.15310 -0.30162 -0.29978 0.50964 0.24994 0.31023 0.04531 0.11781 -0.26580 -0.32308 0.46387 0.39981 -0.14817 -0.64117 -0.57082 4
-0.27289 -0.40500 0.76253 0.13328 -0.14992 -0.43741 -0.45890 -0.68448 -0.28269 -0.09145 -0.14244 0.88866 0.56216 -0.12745 4.93493 2.92494 -0.54269 0.00552 -0.13703 -0.64762 -0.73469 4
1.47019 2.63932 -0.01060 1.22887 0.95926 0.04656 -0.34379 3.68532 -0.27998 0.54921 0.26440 0.23731 0.04601 -0.05737 0.32591 0.07232 0.02453 0.04966 -0.14817 -0.63271 -0.83739 4
-0.34786 -0.43846 0.92046 0.76651 0.62900 -0.35675 -0.45890 -0.60806 0.94960 -0.35525 -0.23512 -0.31269 -0.30259 -0.12745 -0.14904 -0.25037 -0.48317 -0.29139 -0.12669 -0.55334 -0.73632 4
-0.17918 -0.40500 0.92597 0.78661 0.63523 0.60716 -0.03875 -0.22860 -0.09086 -0.43062 -0.39286 -0.36831 -0.30259 -0.19752 -0.48130 -0.47522 0.59130 0.41023 -0.13862 -0.44295 0.46658 4
0.13945 0.06336 0.67744 0.19861 0.13050 0.20788 0.07827 0.20033 -0.00519 -0.43062 -0.39286 -0.36831 -0.30259 -0.19752 -0.53895 -0.52010 0.38635 0.52923 -0.14498 -0.55536 -0.61405 4
-0.29163 -0.40500 0.86843 -0.16826 0.18658 0.52650 0.07636 -0.67015 0.15623 -0.43062 -0.39286 -0.36831 -0.30259 -0.19752 -0.45247 -0.45727 -0.00362 0.27856 -0.14817 -0.33780 -0.79628 4
-0.06672 -0.07046 -0.26770 -0.16826 -0.21846 -0.11476 0.07827 -0.68124 -0.27452 3.75250 2.30192 2.58564 1.45447 2.60539 1.86826 1.39181 0.21331 0.46222 -0.14419 -0.65447 -0.80527 4
0.83294 2.30478 1.65380 1.83697 -0.06268 -0.59873 -0.45890 0.37160 -0.37878 -0.09145 -0.22263 -0.29415 -0.30259 0.53649 -0.40994 0.03507 -0.62816 -0.19898 -0.13862 -0.53038 -0.77396 4
-0.25415 -0.43846 -0.51562 -0.63062 -0.62350 1.65979 2.99437 -0.79132 -0.62318 -0.20451 -0.31399 -0.04696 -0.11142 -0.05737 -0.59661 -0.55601 0.47899 0.66117 -0.14021 -0.65447 1.00438 4
0.23317 1.03352 1.34039 1.81686 1.96874 -0.67939 -0.49727 -0.67291 -0.37348 -0.35525 -0.36657 -0.35595 -0.30259 -0.19752 -0.39409 -0.38501 -0.79492 -0.62087 -0.14817 -0.62868 -0.73772 4
0.34562 0.49826 0.73927 -0.62056 -0.49887 0.04656 0.00154 -0.68179 -0.34796 -0.43062 -0.39286 -0.36831 -0.30259 -0.19752 -0.58220 -0.54703 0.56290 -0.01003 -0.13862 0.64806 0.78008 5
-0.31038 -0.40500 -1.04634 -0.76128 -0.67335 0.12722 -0.11357 -0.00129 0.44931 -0.43062 -0.39286 -0.36831 -0.30259 -0.19752 0.03762 0.14413 0.93172 0.08526 -0.14498 1.40991 1.21893 5
-0.29163 -0.33809 0.25996 -0.41954 -0.37424 -0.35675 0.11664 -0.59337 -0.10551 -0.43062 -0.39286 -0.36831 -0.30259 -0.19752 0.67186 0.25184 -0.34429 0.08002 -0.14498 -0.53884 -0.72242 5
-0.27289 -0.43846 -0.71640 -0.21851 -0.16238 0.36921 -0.22868 -0.02976 -0.57219 -0.43062 -0.39286 -0.36831 -0.30259 -0.19752 0.32591 0.61089 0.47025 0.44442 -0.14339 -0.41193 1.05443 5
-0.27289 -0.43846 1.01902 0.58056 0.36729 -0.03410 -0.38216 0.91802 -0.12610 -0.24219 0.11980 0.29911 0.15565 0.08277 0.39799 0.06335 -0.13978 0.30096 -0.10522 -0.58517 -0.02840 5
0.60802 1.97024 -0.04855 0.13328 0.07441 -0.59873 -0.19031 -0.04312 -0.52075 1.03913 0.11980 -0.12729 -0.30259 0.60832 0.10970 -0.11618 -0.62222 -0.56500 -0.14578 -0.63070 -0.54037 5
0.53305 1.93678 0.35362 0.60569 1.59486 -0.59873 -0.45890 -0.72629 -0.25117 -0.43062 -0.39286 -0.36831 -0.30259 -0.16248 -0.59661 -0.55601 -0.60299 -0.72626 -0.13067 -0.03685 0.88085 5
-0.16043 -0.40500 1.33365 0.03277 0.62900 -0.43741 -0.42053 -0.67625 -0.03868 -0.43062 -0.39286 -0.36831 -0.30259 -0.12745 0.21204 -0.05245 -0.61977 0.11568 -0.14180 -0.41797 -0.62339 5
-0.06672 -0.27119 -0.09079 -0.27380 -0.26831 -0.27609 0.11664 -0.14780 -0.21786 -0.43062 -0.39286 -0.36831 -0.30259 -0.19752 0.16735 0.09925 -0.36876 0.51458 -0.11317 -0.12991 -0.03360 5
0.00825 0.16372 0.69519 1.21882 0.28628 -0.51807 -0.11357 1.09398 2.60184 -0.01608 -0.23512 -0.29415 -0.30259 -0.02234 0.57096 0.18003 -0.58027 -0.37966 -0.14658 -0.62788 -0.67551 5
-0.31038 -0.37155 1.71318 0.36446 0.19904 -0.67939 -0.49727 -0.78175 -0.43324 -0.43062 -0.39286 -0.36831 -0.30259 -0.19752 -0.58220 -0.54703 -0.77954 -0.86343 -0.14817 -0.46551 -0.59594 5
-0.12295 -0.43846 -0.43053 -0.39944 -0.43033 0.04656 -0.00038 0.59587 -0.43256 -0.43062 -0.39286 -0.36831 -0.30259 -0.16248 -0.28021 -0.30512 0.58606 0.59206 -0.13544 -0.13072 0.51099 5
-0.34786 -0.43846 1.35508 0.62579 0.06818 -0.43741 -0.07520 0.20038 -0.47211 -0.05376 -0.22263 -0.20176 -0.22964 -0.12745 -0.29463 -0.35898 -0.54610 -0.28050 -0.14658 -0.64319 -0.77540 5
-0.36660 -0.43846 -1.21468 -0.89697 -0.63596 -0.67939 -0.49727 -0.72236 -0.43920 -0.43062 -0.39286 -0.36831 -0.30259 -0.19752 -0.55337 -0.52908 -0.82323 -0.88228 -0.14658 0.03164 1.04062 6
-0.27289 -0.43846 -0.12323 -0.27380 -0.10630 -0.35675 0.07827 0.07502 -0.23960 -0.43062 -0.39286 -0.36831 -0.30259 -0.16248 0.06645 0.84427 -0.23767 0.06536 -0.12987 -0.41274 -0.69646 6
-0.02923 0.09681 -0.00142 1.48517 0.54800 -0.35675 -0.34379 1.58494 2.82022 0.73764 0.27755 -0.07168 -0.30259 1.44919 -0.53895 -0.52010 -0.25515 -0.54092 -0.14339 -0.46028 -0.67196 6
-0.14169 -0.27119 0.50543 -0.03257 0.11803 -0.51807 -0.26705 -0.24015 -0.54178 0.51153 0.61932 0.37327 0.29340 0.01270 -0.38039 0.49420 -0.56454 -0.41841 -0.14419 -0.58316 -0.82092 6
-0.32912 -0.43846 0.26853 1.45502 2.01236 -0.11476 -0.03492 1.16338 1.80797 -0.43062 -0.39286 -0.36831 -0.30259 -0.19752 0.05348 -0.15118 -0.25375 -0.31657 -0.14817 -0.36842 -0.46701 6
0.02700 -0.33809 -0.55479 -0.28385 -0.45525 -0.59873 -0.38216 0.48543 -0.53601 1.67979 1.03997 0.30529 -0.30259 1.20394 0.36916 0.53010 -0.21145 -0.32417 -0.13703 -0.53199 -0.63110 6
-0.25415 -0.37155 -0.77761 -0.54015 -0.22469 -0.35675 -0.34379 -0.10413 1.84763 -0.43062 -0.39286 -0.36831 -0.30259 -0.19752 -0.45247 -0.37649 -0.31633 -0.50427 -0.14021 1.91916 1.24103 6
-0.29163 -0.37155 -0.42992 -0.15821 -0.48018 -0.03410 -0.15194 -0.60745 -0.56054 -0.43062 -0.39286 -0.36831 -0.30259 -0.19752 -0.45247 -0.38546 0.07347 -0.17966 -0.13783 -0.43127 -0.61295 6
-0.36660 -0.43846 0.31628 0.26395 0.08688 -0.59873 -0.42053 -0.78469 -0.49775 -0.39293 -0.37972 -0.36213 -0.30259 -0.19752 -0.46688 -0.47522 -0.69563 -0.59013 -0.12431 -0.60572 -0.53040 6
-0.31038 -0.43846 -0.15813 -0.00241 0.02456 -0.35675 -0.34379 0.11611 -0.00631 0.58690 0.57989 0.78114 0.82193 -0.16248 0.62862 0.42239 -0.42470 -0.52731 -0.13067 -0.62788 0.88148 6
-0.34786 -0.43846 -0.60988 -0.34918 -0.10006 -0.59873 -0.45890 -0.44471 -0.50810 -0.09145 0.64562 1.44237 1.67657 -0.19752 4.86646 2.98956 -0.68165 -0.31788 -0.13703 -0.65688 -0.49452 6
-0.34786 -0.43846 -1.19386 -0.90200 -0.74189 -0.03410 -0.19031 -0.63803 -0.53905 -0.43062 -0.39286 -0.36831 -0.30259 -0.19752 -0.46688 -0.43034 0.26400 -0.24040 -0.14817 2.23179 1.23620 6
-0.32912 -0.43846 0.05061 -0.10292 -0.16861 -0.59873 -0.42053 -0.20811 -0.38247 0.73952 0.23943 0.29417 0.38477 -0.09241 0.52988 0.60416 -0.66006 -0.40469 -0.14180 -0.63271 -0.72266 7
-0.29163 -0.40500 0.68356 -0.53513 -0.34932 -0.19542 -0.19031 -0.58287 -0.44771 -0.16682 -0.28770 -0.31887 -0.30259 -0.12745 -0.58220 -0.54703 -0.23741 -0.16767 -0.13862 -0.60532 0.47281 7
-0.01049 0.06336 -0.81128 -0.39441 -0.21846 -0.51807 -0.42053 -0.66844 -0.27778 -0.43062 -0.39286 -0.36831 -0.30259 -0.16248 -0.29463 -0.36796 -0.48859 -0.15406 -0.14260 -0.48244 -0.83589 7
0.00825 0.56517 -0.64845 -0.26374 -0.11876 -0.51807 -0.30542 -0.49720 -0.46367 -0.43062 -0.39286 -0.36831 -0.30259 -0.19752 -0.46688 -0.34956 -0.59775 -0.52521 -0.12749 -0.16255 -0.60135 7
0.36437 1.43497 -0.08651 -0.17831 0.23643 -0.67939 -0.49727 -0.79725 -0.40611 0.54733 0.07971 -0.18322 -0.30259 0.11781 -0.42364 -0.44829 -0.80610 -0.69437 -0.13226 -0.62868 -0.72652 7
-0.02923 -0.10392 -0.40176 -0.55021 -0.40540 -0.19542 -0.19031 -0.48618 -0.36109 -0.43062 -0.39286 -0.36831 -0.30259 -0.19752 0.18177 -0.04437 -0.05238 -0.17338 -0.12908 0.07838 0.48628 7
-0.32912 -0.43846 -1.20978 -0.90703 -0.75436 -0.03410 -0.19031 -0.56291 -0.50376 -0.43062 -0.39286 -0.36831 -0.30259 -0.19752 -0.33715 -0.25082 0.44928 -0.19013 -0.14817 2.02592 1.24992 7
-0.34786 -0.40500 -0.47093 -0.40949 -0.60480 -0.59873 -0.19031 -0.52754 -0.38091 -0.43062 -0.39286 -0.36831 -0.30259 -0.19752 -0.22184 -0.13413 -0.77254 -0.79642 -0.14021 -0.01469 -0.60115 7
-0.25415 -0.40500 -0.77333 -0.25369 -0.21223 -0.11476 -0.22868 -0.71560 -0.53414 -0.43062 -0.39286 -0.36831 -0.30259 -0.19752 -0.45247 -0.40341 -0.21844 -0.17338 -0.14817 -0.47800 -0.84697 7
-0.36660 -0.43846 -1.26426 -0.93215 -0.69827 -0.67939 -0.49727 -0.75596 0.06547 1.75516 1.10570 0.23731 -0.15078 -0.19752 -0.38039 -0.33160 -0.82498 -0.85820 -0.14021 -0.64802 0.98016 7
-0.32912 -0.40500 -1.07205 -0.84169 -0.71697 -0.35675 -0.34379 -0.44727 -0.02666 -0.43062 -0.39286 -0.36831 -0.30259 -0.19752 0.13853 0.35058 -0.53657 -0.59223 -0.14658 2.34782 1.30566 7
-0.34786 -0.43846 -0.62029 -0.76128 -0.62973 -0.51807 -0.34379 -0.80694 -0.57894 -0.43062 -0.39286 -0.36831 -0.30259 -0.19752 -0.53895 -0.52010 -0.52433 -0.64694 -0.13703 -0.19961 -0.85315 7
-0.36660 -0.43846 -1.06042 -0.85174 -0.69204 -0.67939 -0.49727 -0.81551 -0.56108 -0.43062 -0.39286 -0.36831 -0.30259 -0.19752 -0.59661 -0.55601 -0.82149 -0.88228 -0.14021 -0.28623 1.03047 8
-0.31038 -0.40500 0.22201 -0.31903 -0.24339 -0.59873 -0.45890 0.91777 0.80213 0.13467 -0.18254 -0.26943 -0.30259 1.58934 -0.45247 -0.44829 -0.58726 -0.68961 -0.13226 -0.63875 0.45182 8
-0.31038 -0.40500 -1.08246 -0.94220 -0.60480 -0.03410 0.15501 -0.64698 0.44447 -0.39293 -0.24826 -0.35595 -0.30259 -0.12745 -0.56778 -0.52908 -0.17299 -0.29903 -0.14658 2.05090 1.24462 8
-0.23540 -0.40500 -0.74517 -0.68087 -0.41163 -0.19542 -0.03683 -0.28935 -0.12069 -0.43062 -0.39286 -0.36831 -0.30259 -0.19752 -0.46688 -0.43932 0.08745 -0.42678 -0.13862 0.10779 0.47529 8
0.83294 2.17096 -0.58234 -0.50497 -0.32439 -0.67939 -0.49727 0.33677 0.92032 -0.43062 -0.39286 -0.36831 -0.30259 -0.19752 -0.16418 -0.03539 -0.69913 -0.60793 -0.10522 -0.10131 0.52423 8
-0.31038 -0.40500 -0.94228 -0.62056 -0.41786 0.12722 -0.07520 -0.46235 -0.55004 -0.43062 -0.39286 -0.36831 -0.30259 -0.02234 -0.45247 -0.43932 0.03501 0.09573 -0.12749 -0.45746 0.91234 8
-0.34786 -0.43846 -0.33932 -0.32405 -0.17484 -0.67939 -0.49727 -0.46730 0.09828 -0.43062 -0.39286 -0.36831 -0.30259 -0.19752 -0.51012 -0.50215 -0.48588 -0.85401 -0.13544 -0.28945 0.50152 8
-0.31038 -0.43846 -0.71946 -0.68590 -0.66089 -0.27609 -0.19031 -0.49962 -0.61804 -0.27988 -0.34028 0.02720 0.15003 -0.19752 -0.29391 -0.22389 -0.01043 -0.22469 -0.12908 -0.65688 0.88888 8
-0.32912 -0.40500 1.25102 -0.11800 -0.06891 -0.67939 -0.49727 -0.79630 -0.22772 -0.43062 -0.39286 -0.36831 -0.30259 -0.19752 -0.59661 -0.55601 -0.78128 -0.87809 -0.13862 0.31648 0.74820 8
-0.36660 -0.43846 -0.34360 0.09307 -0.33062 -0.67939 -0.49727 -0.74086 -0.55758 -0.43062 -0.39286 -0.36831 -0.30259 -0.19752 -0.38039 -0.33160 -0.74982 -0.87181 -0.14498 -0.00059 -0.60073 8
-0.32912 -0.40500 -0.89208 -0.64569 -0.62350 -0.51807 -0.42053 0.35191 -0.60761 -0.12913 0.14609 0.10136 0.06007 1.06379 -0.53895 -0.52010 -0.47364 -0.65401 -0.13385 -0.65729 0.26215 8
-0.25415 -0.27119 -0.51623 -0.64067 -0.38047 -0.67939 -0.49727 -0.81000 -0.30208 -0.27988 -0.34028 -0.34359 -0.30259 -0.12745 -0.26508 -0.34058 -0.76905 -0.81107 -0.14817 -0.64319 -0.47221 8
-0.29163 -0.33809 -0.73415 -0.65574 -0.59857 -0.59873 -0.45890 -0.80888 -0.51551 -0.43062 -0.39286 -0.36831 -0.30259 -0.16248 0.05204 -0.15208 -0.70437 -0.49275 -0.14817 0.28345 -0.74103 9
-0.31038 -0.37155 -0.26586 -0.48487 -0.34932 -0.67939 -0.49727 -0.43220 -0.46881 -0.43062 -0.39286 -0.36831 -0.30259 -0.19752 -0.49571 -0.47522 -0.45870 -0.82861 -0.14817 -0.35835 -0.64805 9
0.30814 0.83280 -0.98145 -0.51000 -0.62973 -0.43741 0.00154 -0.46867 -0.25016 0.05930 0.04093 -0.16437 -0.30259 0.01270 -0.53895 -0.52010 -0.61698 -0.57652 -0.14021 -0.63191 0.91029 9
0.12071 0.76589 -0.84495 -0.76128 -0.69827 -0.43741 -0.38216 -0.25740 -0.37814 -0.43062 -0.39286 -0.36831 -0.30259 -0.19752 -0.49571 -0.47522 -0.37401 -0.25820 -0.14817 -0.45464 -0.73864 9
-0.27289 -0.40500 -0.07182 -0.17831 -0.02529 -0.35675 -0.45890 -0.06287 1.28668 -0.09145 -0.27455 -0.31269 -0.30259 -0.05737 -0.53895 -0.52010 -0.48413 -0.60898 -0.12749 -0.63996 -0.01121 9
-0.32912 -0.40500 -1.22447 -0.96733 -0.77305 -0.35675 -0.34379 -0.74577 -0.23740 -0.43062 -0.39286 -0.36831 -0.30259 -0.19752 -0.59661 -0.55601 -0.35303 -0.58280 -0.14658 2.32889 1.27279 9
-0.31038 -0.40500 -0.06937 -0.57031 -0.43656 -0.59873 -0.45890 -0.79701 -0.31527 -0.43062 -0.39286 -0.36831 -0.30259 -0.19752 -0.59661 -0.55601 -0.66242 -0.79013 -0.14021 0.60172 0.78034 9
-0.36660 -0.43846 -0.93187 -0.75123 -0.65465 -0.59873 -0.42053 -0.76301 -0.56842 -0.43062 -0.39286 -0.36831 -0.30259 -0.19752 -0.49571 -0.44829 -0.66941 -0.75558 -0.14817 -0.08882 -0.78045 9
-0.34786 -0.43846 -1.08796 -0.88692 -0.51133 -0.67939 -0.49727 -0.79813 -0.17771 -0.43062 -0.39286 -0.36831 -0.30259 -0.19752 -0.49571 -0.49317 -0.81799 -0.73987 -0.14817 -0.42321 -0.62915 9
-0.23540 -0.33809 -0.97778 -0.83667 -0.64842 -0.43741 -0.26705 -0.72418 -0.56738 -0.43062 -0.39286 -0.36831 -0.30259 -0.19752 -0.58220 -0.54703 -0.48588 -0.54930 -0.13862 1.45221 0.83391 9
-0.36660 -0.43846 -0.33565 -0.47482 0.09934 -0.67939 -0.49727 -0.61408 -0.17871 0.66038 0.31567 -0.12173 -0.30259 -0.09241 -0.56778 -0.52908 -0.82350 -0.81558 -0.14021 -0.60008 0.89478 9
-0.34786 -0.43846 -0.46175 -0.53513 -0.09383 -0.67939 -0.49727 -0.78240 -0.46284 -0.35525 -0.36657 -0.35595 -0.30259 -0.16248 -0.26508 -0.31365 -0.83372 -0.80793 -0.14817 -0.63392 -0.66690 9
-0.23540 -0.33809 -1.24835 -0.82662 -0.84783 -0.67939 -0.49727 0.35041 -0.53818 -0.43062 -0.39286 -0.36831 -0.30259 -0.19752 -0.59661 -0.55601 -0.81799 -0.87285 -0.14339 2.21125 1.23197 10
-0.34786 -0.43846 -0.25362 -0.44467 -0.16238 -0.67939 -0.49727 -0.62286 -0.30284 0.69995 0.33013 -0.10258 -0.30259 -0.16248 -0.59661 -0.55601 -0.77254 -0.88018 -0.14021 -0.60250 0.94112 10
-0.34786 -0.43846 -0.42686 -0.53513 -0.65465 -0.67939 -0.49727 -0.39915 -0.04585 -0.43062 -0.39286 -0.36831 -0.30259 -0.19752 -0.56778 -0.53806 -0.80051 -0.87285 -0.12272 0.10336 0.54865 10
0.27065 1.00007 -0.97533 -0.86682 -0.78551 -0.67939 -0.49727 -0.80008 -0.62474 -0.43062 -0.39286 -0.36831 -0.30259 -0.19752 -0.58220 -0.54703 -0.77429 -0.83621 -0.14658 -0.02395 1.07074 10
-0.36660 -0.43846 -1.03532 -0.85677 -0.78551 -0.67939 -0.49727 -0.75137 -0.61673 -0.43062 -0.39286 -0.36831 -0.30259 -0.19752 -0.55337 -0.51113 -0.82323 -0.88123 -0.14021 1.13957 0.95630 10
-0.34786 -0.40500 -1.28446 -0.99246 -0.85406 -0.67939 -0.49727 -0.78655 -0.65720 -0.43062 -0.39286 -0.36831 -0.30259 -0.19752 -0.58220 -0.53806 -0.82323 -0.88228 -0.14817 2.26322 1.27358 10
-0.32912 -0.40500 -1.28630 -0.98241 -0.84783 -0.67939 -0.49727 -0.79336 -0.66553 -0.43062 -0.39286 -0.36831 -0.30259 -0.19752 -0.59661 -0.55601 -0.82323 -0.88228 -0.14817 2.33010 1.28455 10
-0.32912 -0.40500 -1.21468 -0.74118 -0.66089 -0.67939 -0.49727 -0.81707 -0.55204 -0.43062 -0.39286 -0.36831 -0.30259 -0.19752 -0.55337 -0.52010 -0.82149 -0.86343 -0.14817 -0.15852 0.99078 10
0.13945 0.76589 -1.27773 -1.00251 -0.77305 -0.59873 -0.19031 -0.82090 -0.51083 -0.43062 -0.39286 -0.36831 -0.30259 -0.19752 -0.58220 -0.54703 -0.78653 -0.84249 -0.14817 2.52187 1.30400 10
-0.36660 -0.43846 -1.22631 -0.81656 -0.69204 -0.67939 -0.49727 0.23475 -0.54790 -0.43062 -0.39286 -0.36831 -0.30259 -0.19752 -0.59661 -0.55601 -0.77779 -0.86762 -0.14658 2.53436 1.26615 10
-0.34786 -0.43846 -1.31507 -0.97738 -0.79798 -0.67939 -0.49727 -0.72396 -0.48662 -0.43062 -0.39286 -0.36831 -0.30259 -0.19752 -0.58220 -0.54703 -0.82323 -0.88228 -0.13862 0.77376 1.17155 10
-0.32912 -0.43846 -1.29426 -1.00251 -0.74812 -0.67939 -0.49727 -0.82073 -0.51831 -0.43062 -0.39286 -0.36831 -0.30259 -0.19752 -0.59661 -0.55601 -0.77254 -0.88228 -0.14817 1.79990 1.25253 10
