-0.31038 -0.40500 -0.76353 1.23389 -0.14368 -0.59873 -0.45890 3.37532 3.80973 -0.43062 -0.39286 -0.36831 -0.30259 -0.19752 -0.56778 -0.53806 -0.66941 -0.73568 4.21791 -0.67300 -3.14706 1
-0.16043 -0.40500 0.76498 0.69112 0.72870 0.61119 -0.11357 0.11962 0.12276 0.85070 0.48787 1.72664 1.20989 -0.16248 0.23943 0.39546 0.96143 1.21091 1.20381 -0.68106 -3.14701 1
-0.16043 -0.27119 -0.23832 -0.69595 -0.67958 -0.43741 -0.11357 -0.44363 -0.49419 -0.43062 -0.39286 -0.36831 -0.30259 -0.19752 -0.26436 -0.25935 -0.68287 -0.65443 8.12273 -0.67340 -3.14705 1
-0.02923 -0.27119 -0.09691 0.45995 0.19904 0.45390 0.34878 4.35037 6.10116 1.23132 0.45041 0.85159 0.90022 -0.12745 -0.46688 -0.39399 0.39431 0.48819 0.91751 -0.67542 -3.14704 1
0.64551 -0.13737 1.02697 -0.23359 -0.31193 3.59567 3.45480 0.81185 2.96201 11.85495 8.53278 3.95755 0.87534 0.53825 0.48447 0.19799 3.17609 3.40985 -0.10681 -0.64359 0.46887 1
-0.08546 -0.27119 2.21085 5.12373 5.64524 0.52650 -0.19223 6.00185 4.93549 0.58313 1.17800 1.02895 0.79508 0.53474 1.08339 2.18889 2.55548 1.43164 -0.14021 -0.60169 -0.53487 1
0.19568 -0.17082 1.10594 1.34948 1.23344 3.27303 2.95600 0.17733 -0.40615 1.30293 2.40708 1.86260 2.38220 1.09883 1.99799 1.13150 3.35788 3.46430 -0.14260 -0.62586 -0.57915 1
-0.02923 -0.37155 0.39831 0.07800 -0.14368 4.07964 6.06394 -0.45327 -0.44144 -0.43062 -0.39286 -0.36831 -0.30259 -0.19752 1.76736 0.99686 2.75658 3.12294 -0.14021 -0.48203 -0.57187 1
0.17694 -0.37155 1.39548 1.58569 2.12453 3.91025 0.95694 0.60623 1.21199 -0.43062 -0.39286 -0.36831 -0.30259 -0.19752 0.29564 0.04405 3.27949 3.60488 -0.14021 -0.18309 -0.70097 1
0.30814 -0.20428 1.91947 2.33450 1.45154 1.57913 0.19338 1.76276 -0.32632 -0.12913 -0.12996 -0.20145 -0.23231 -0.12745 0.68627 1.23922 1.27432 2.18473 -0.09886 -0.47962 -0.08470 1
-0.21666 -0.43846 1.98007 1.29923 1.60109 2.30509 -0.11357 0.05152 -0.59618 -0.43062 -0.39286 -0.36831 -0.30259 -0.16248 -0.58220 -0.54703 2.29163 1.88002 -0.12749 -0.51628 0.98726 1
0.72048 1.86988 0.38606 -0.34918 -0.13745 2.94231 4.36608 -0.53459 -0.44883 -0.27988 -0.34028 -0.12791 -0.04170 -0.19752 -0.33787 -0.38591 1.94326 2.05928 -0.14817 -0.65004 -0.58919 1
-0.08546 -0.20428 0.54461 0.34938 0.41091 2.46641 3.76176 0.10825 0.29575 1.60441 1.48691 0.93563 0.64763 0.15285 0.59979 0.48522 1.64313 2.12085 -0.14180 -0.63755 -0.59537 1
-0.01049 -0.20428 0.25935 -0.16323 -0.23092 0.44987 0.34686 1.91918 3.20577 11.59115 9.46610 4.89070 2.32035 0.08277 -0.29391 -0.34058 1.78996 0.57636 -0.13226 -0.64681 0.47531 2
0.13945 -0.17082 1.02024 0.35943 0.00587 0.93384 0.34686 1.30041 0.68794 0.54921 1.01368 1.51653 1.51632 0.29299 1.01781 0.87120 0.77440 1.18787 -0.14180 -0.60048 -0.74432 2
0.15820 -0.40500 1.46526 0.87707 0.18035 1.82112 1.34447 -0.16800 -0.23187 -0.43062 -0.39286 -0.36831 -0.30259 -0.19752 0.80159 0.45829 2.36504 2.11876 -0.12431 -0.41475 0.71379 2
-0.14169 -0.30464 2.05965 -0.15821 -0.15615 0.20788 0.38523 0.66930 0.24907 1.11450 1.36861 1.40529 1.42355 0.57328 -0.43805 -0.45727 1.20615 0.67583 -0.12113 -0.65084 0.47057 2
-0.25415 -0.43846 1.90294 1.01276 1.10882 0.53053 -0.15194 0.39245 0.01487 0.62458 0.23811 0.44743 0.11067 -0.12745 -0.33715 -0.34956 1.05407 1.04861 -0.14578 -0.64440 -0.56432 2
0.58928 1.06698 1.79827 1.34446 1.74441 2.14376 0.23175 0.02610 -0.02519 -0.43062 -0.39286 -0.36831 -0.30259 -0.19752 -0.58220 -0.54703 2.14655 1.80881 -0.12749 0.32535 0.74865 2
-0.32912 -0.43846 2.07006 1.80179 0.90941 -0.19542 -0.22868 1.98754 1.57514 1.45367 1.76296 2.44968 2.15168 -0.19752 0.72952 0.31468 -0.01218 0.84442 -0.13544 -0.65245 -0.76203 2
2.08870 3.04077 0.67193 0.86200 0.41714 1.17582 0.84567 0.93255 0.56357 -0.43062 -0.39286 -0.36831 -0.30259 -0.19752 -0.10652 -0.13413 2.26890 2.20358 -0.14817 -0.16496 -0.76109 2
0.42059 -0.33809 0.85557 0.96753 1.03404 1.65979 0.38523 0.76894 0.16338 0.32310 -0.03794 -0.20145 -0.30259 0.11781 2.25745 1.58031 1.37045 1.61405 -0.10204 -0.56462 -0.02724 2
0.27065 0.79934 0.64439 1.43994 1.63225 2.62773 -0.11357 1.07114 -0.53048 -0.16682 -0.30084 -0.32505 -0.30259 0.15285 -0.59661 -0.55601 2.60451 2.09991 -0.13544 -0.64399 0.98432 2
0.15820 -0.10392 1.41323 -0.42456 -0.32439 0.12722 0.57516 -0.65030 -0.63856 -0.43062 -0.39286 -0.36831 -0.30259 -0.19752 -0.40994 -0.43079 0.92446 0.22735 -0.12431 -0.45705 0.49941 2
0.04574 0.19717 0.73988 0.41471 0.24889 0.44584 0.03799 0.04707 -0.27373 -0.43062 -0.39286 -0.36831 -0.30259 -0.19752 -0.39553 -0.36796 0.57907 1.31211 -0.13067 -0.49976 -0.73717 2
0.79545 2.20442 0.85619 1.20876 0.69755 1.33715 -0.22868 1.45350 -0.50614 -0.20451 -0.31399 -0.33123 -0.30259 -0.09241 0.19618 0.01846 1.31801 1.34808 -0.14817 -0.59041 -0.82456 2
-0.23540 -0.43846 0.08918 0.79164 1.07766 1.98244 -0.19031 -0.01304 -0.51456 -0.43062 -0.39286 -0.36831 -0.30259 -0.09241 -0.51012 -0.47522 1.82317 1.41824 -0.14339 0.24719 1.04275 3
0.00825 -0.00355 0.61072 0.79666 -0.08137 0.77655 0.50226 2.31350 0.84559 1.15595 1.13528 1.35308 0.80731 1.59284 1.52664 0.85594 0.86722 1.97808 -0.14021 -0.63231 -0.75790 3
-0.23540 -0.43846 -0.28729 0.25892 0.42960 1.01047 -0.30542 -0.01267 -0.38957 -0.43062 -0.39286 -0.36831 -0.30259 -0.19752 -0.43805 -0.43079 0.95059 0.70075 -0.13703 -0.29066 0.98055 3
-0.12295 -0.43846 0.17610 1.03789 1.32068 1.98244 -0.07520 0.08657 -0.50576 -0.43062 -0.39286 -0.36831 -0.30259 -0.19752 -0.52454 -0.51113 2.10809 1.65279 -0.13226 -0.53642 0.98224 3
-0.27289 -0.43846 0.33036 1.51533 1.18982 1.17582 -0.15194 0.55676 0.64379 -0.43062 -0.39286 -0.36831 -0.30259 -0.19752 0.10970 -0.09823 1.30054 1.11562 -0.10204 0.74233 0.63498 3
-0.12295 -0.23773 1.92559 0.50015 0.36106 -0.27609 -0.22868 -0.12134 -0.36613 0.96187 0.39454 0.60625 0.89826 0.43138 -0.22256 -0.15298 0.00338 0.10719 -0.12749 -0.60491 -0.01354 3
-0.17918 -0.17082 0.42279 -0.11298 -0.19353 0.12319 0.07444 -0.53322 -0.47560 1.25582 0.83556 1.05675 0.47993 -0.12745 0.32015 0.53235 0.57810 0.81279 -0.11954 -0.61055 -0.76781 3
-0.10420 0.16372 -1.10694 -0.76631 -0.71697 0.12722 -0.11357 -0.42757 -0.48381 -0.43062 -0.39286 -0.36831 -0.30259 -0.19752 -0.43805 -0.43932 0.82509 -0.06867 -0.14658 -0.55213 1.15018 3
0.08322 -0.27119 0.85496 0.46497 -0.04398 1.09516 1.34447 0.95723 -0.30779 -0.39293 -0.37972 -0.36213 -0.30259 -0.09241 -0.30832 -0.29570 1.76374 1.25384 -0.11795 -0.52917 0.50322 3
0.85168 1.56879 -0.11650 0.34436 0.25512 1.09113 -0.00038 -0.24482 -0.29269 -0.43062 -0.39286 -0.36831 -0.30259 -0.16248 -0.00706 -0.02731 1.13728 1.04248 -0.14021 -0.55576 -0.86294 3
-0.25415 -0.43846 0.61072 0.83184 -0.05021 -0.27609 -0.07520 4.04976 -0.49673 0.28729 1.01631 1.37779 1.86085 0.29474 -0.35084 0.43316 -0.24676 0.04960 -0.13624 -0.64399 -0.55781 3
-0.25415 -0.40500 0.54461 0.44487 0.93434 0.53053 -0.34379 0.25863 1.82412 -0.43062 -0.39286 -0.36831 -0.30259 -0.19752 0.31150 0.37751 0.43355 0.39625 -0.13544 -0.54972 0.12779 3
-0.17918 -0.43846 -0.15996 0.56046 0.82841 1.65979 -0.26705 -0.11987 -0.46951 -0.31756 -0.34028 -0.34359 -0.30259 -0.16248 -0.51012 -0.50215 1.37919 0.97950 -0.14498 -0.57107 0.98013 3
-0.27289 -0.40500 0.87822 3.22404 0.71624 -0.59873 -0.45890 0.75187 -0.05376 0.28541 1.23715 1.55361 6.32084 -0.16248 1.21961 1.55338 -0.73234 -0.30532 -0.14817 -0.66172 -0.67553 4
0.42059 1.46843 0.27404 0.06795 -0.08760 -0.35675 -0.30542 -0.58238 -0.22932 0.39847 0.67191 0.89237 0.84442 -0.19752 0.31150 0.01846 -0.04889 0.30306 -0.13544 -0.63311 0.46865 4
-0.27289 -0.40500 0.54828 0.36446 0.52307 0.44987 0.03990 -0.45224 -0.26815 -0.16682 -0.30084 0.11372 0.07693 -0.05737 1.69528 0.88915 0.48249 0.70724 -0.13226 -0.64440 -0.52051 4
-0.36660 -0.43846 1.47383 -0.19841 -0.06891 -0.67939 -0.49727 -0.44598 -0.55470 -0.43062 -0.39286 -0.36831 -0.30259 -0.19752 -0.59661 -0.55601 -0.82673 -0.87495 -0.13862 -0.39823 1.04682 4
-0.17918 -0.20428 0.58929 0.01266 -0.27454 0.12722 -0.07520 0.43661 -0.52179 -0.43062 -0.39286 -0.36831 -0.30259 -0.19752 0.10826 -0.10810 0.46047 0.38934 -0.14817 -0.38373 -0.84137 4
-0.27289 -0.37155 1.22837 0.77153 0.42337 -0.51807 -0.42053 -0.00622 -0.03711 1.37830 0.36956 0.11372 -0.19576 -0.09241 -0.35157 -0.38546 -0.47015 -0.36710 -0.14339 -0.64198 -0.62069 4
-0.34786 -0.43846 0.60154 -0.57533 -0.39294 -0.59873 -0.42053 -0.78262 -0.54534 -0.43062 -0.39286 -0.36831 -0.30259 -0.19752 -0.59661 -0.55601 -0.57406 -0.69851 -0.14180 -0.16577 0.99948 4
-0.23540 -0.37155 -0.13364 0.23379 0.31120 1.17582 -0.07520 0.67797 -0.62193 -0.43062 -0.39286 -0.36831 -0.30259 -0.19752 -0.59661 -0.55601 1.25159 0.95541 -0.13862 2.74668 1.27300 4
-0.23540 -0.37155 -0.20220 0.78159 1.06520 -0.35675 0.00154 0.16201 -0.28227 -0.43062 -0.39286 -0.36831 -0.30259 -0.19752 -0.32274 -0.21491 -0.37401 -0.55139 -0.12908 -0.53683 0.87633 4
-0.14169 -0.27119 0.06041 -0.14313 -0.13122 -0.51807 -0.15194 -0.21244 -0.40810 1.11450 0.82965 0.75642 0.59421 -0.09241 2.18538 1.49953 -0.39848 0.21510 -0.13385 -0.51910 -0.80434 4
-0.34786 -0.43846 0.37076 0.18354 -0.03152 -0.67939 -0.49727 0.26154 0.39909 1.67602 1.07678 0.32259 -0.30259 2.00452 -0.26580 -0.14400 -0.68043 -0.65464 -0.14817 -0.57913 -0.74120 4
-0.14169 -0.37155 0.18590 0.10815 0.01210 0.77251 -0.11357 -0.18458 -0.13931 -0.43062 -0.39286 -0.36831 -0.30259 -0.12745 -0.30832 -0.36751 0.99814 1.00463 -0.10681 0.32373 0.53764 4
-0.34786 -0.43846 0.95168 0.43984 -0.07514 -0.27609 -0.03492 0.41849 -0.45511 -0.43062 -0.39286 -0.36831 -0.30259 -0.09241 0.37132 0.07367 0.34528 0.15976 -0.13226 -0.50983 -0.74221 4
-0.32912 -0.43846 0.17671 -0.31903 -0.05021 -0.35675 0.54063 -0.66985 0.10350 0.70184 0.13426 -0.12668 -0.30259 -0.16248 -0.46688 -0.42092 -0.56725 -0.34699 -0.14260 -0.61096 -0.77369 5
-0.14169 -0.10392 -0.11160 -0.41451 -0.34932 -0.51807 -0.26705 -0.29578 -0.33093 -0.05376 -0.24826 -0.30033 -0.30259 -0.12745 -0.22184 -0.25980 -0.39149 -0.23097 -0.12749 -0.56865 -0.71707 5
-0.32912 -0.43846 -0.27321 -0.22354 -0.31193 -0.27609 -0.34379 -0.23482 -0.36586 -0.43062 -0.39286 -0.36831 -0.30259 -0.19752 0.26826 0.00051 -0.30234 -0.12521 -0.14658 0.31729 -0.54948 5
0.00825 -0.20428 -0.25362 -0.43462 -0.33062 -0.19542 -0.26705 -0.46968 -0.45174 0.43615 -0.03794 -0.21381 -0.30259 0.32803 -0.04886 0.01846 0.00705 -0.14511 -0.14419 -0.62224 -0.51102 5
-0.31038 -0.33809 -0.22363 1.08815 0.14296 -0.43741 -0.38216 1.92861 5.32005 -0.43062 -0.39286 -0.36831 -0.30259 -0.16248 -0.55337 -0.50215 -0.52958 -0.60898 -0.14180 -0.45464 -0.66913 5
0.57054 1.93678 0.70315 0.72630 0.32367 -0.43741 -0.38216 -0.38911 -0.29783 -0.43062 -0.39286 -0.36831 -0.30259 -0.16248 -0.45247 -0.44829 -0.54006 -0.54825 -0.13703 -0.45021 0.44618 5
-0.34786 -0.43846 -0.15935 0.13831 0.02456 -0.51807 -0.42053 -0.71743 -0.40975 -0.31756 -0.31399 -0.33123 -0.30259 -0.16248 -0.26508 -0.34956 -0.34779 -0.45296 -0.14180 -0.64198 -0.53938 5
-0.31038 -0.40500 -0.24321 0.46497 -0.29324 -0.35675 0.23367 3.98202 -0.48868 -0.24219 -0.32714 -0.31269 -0.25185 0.15285 0.01024 -0.15118 -0.47618 0.33918 -0.13544 -0.62183 -0.54162 5
-0.36660 -0.43846 0.44177 2.99789 2.80997 -0.67939 -0.49727 -0.76545 -0.52015 -0.43062 -0.39286 -0.36831 -0.30259 -0.09241 -0.59661 -0.55601 -0.81449 -0.86552 -0.13862 -0.23386 0.92715 5
0.08322 0.06336 0.45646 -0.03759 0.14296 -0.03410 -0.11357 -0.34046 0.58858 -0.12913 -0.26141 -0.30651 -0.30259 0.22292 -0.51012 -0.50215 0.16961 -0.02574 -0.13544 -0.61901 0.45392 5
-0.27289 -0.43846 0.60827 0.92733 0.42960 0.04656 -0.38216 -0.26441 -0.04854 -0.43062 -0.39286 -0.36831 -0.30259 -0.19752 -0.46688 -0.44829 0.02278 -0.04144 -0.11795 0.18796 0.53774 5
-0.36660 -0.43846 -0.02040 -0.69092 -0.51133 -0.67939 -0.49727 -0.81322 -0.62237 -0.43062 -0.39286 -0.36831 -0.30259 -0.19752 -0.59661 -0.55601 -0.82323 -0.88228 -0.14021 0.94740 1.06337 5
-0.25415 -0.37155 0.03592 -0.08282 -0.17484 -0.51807 -0.19031 -0.34829 -0.42845 0.92418 1.26016 1.22917 1.32192 0.01270 1.56123 1.28948 -0.64905 -0.21364 -0.13624 -0.65890 -0.62441 5
-0.31038 -0.40500 0.18590 -0.35923 0.16165 -0.43741 -0.38216 -0.27368 0.04219 -0.43062 -0.39286 -0.36831 -0.30259 -0.19752 -0.55337 -0.52010 -0.36702 -0.52626 -0.13544 -0.45947 0.94388 6
-0.27289 -0.30464 -0.23464 0.34938 0.46076 -0.43741 -0.30542 -0.77138 -0.53090 -0.43062 -0.39286 -0.36831 -0.30259 1.30905 0.41240 0.44932 -0.28137 0.02557 -0.14817 -0.28381 -0.85038 6
-0.08546 -0.00355 -0.24872 0.32425 -0.14368 -0.43741 -0.30542 0.80729 -0.44677 -0.27988 0.01464 0.26203 0.22874 2.18496 0.59979 0.21594 -0.49637 -0.45924 -0.14658 -0.65729 -0.57584 6
-0.31038 -0.37155 0.72580 -0.43462 -0.36178 -0.59873 -0.45890 -0.78315 -0.47471 0.73764 0.55360 0.65754 0.36931 1.20394 1.57997 1.27512 -0.65368 -0.26762 -0.14419 -0.65326 -0.81716 6
0.21442 1.06698 -0.17282 1.42487 0.19281 -0.51807 -0.38216 1.46987 3.14044 -0.43062 -0.39286 -0.36831 -0.30259 -0.19752 -0.58220 -0.54703 -0.54531 -0.51788 -0.14260 -0.53038 -0.67204 6
-0.34786 -0.43846 -0.11466 -0.33410 -0.33062 -0.67939 -0.49727 -0.58927 -0.25649 0.36078 0.02779 -0.17673 -0.30259 -0.19752 0.22501 0.36853 -0.75681 -0.77757 -0.14658 -0.61297 -0.49774 6
0.13945 0.79934 -0.17282 -0.41451 -0.18730 -0.19542 -0.15194 0.03973 -0.51890 -0.43062 -0.39286 -0.36831 -0.30259 -0.12745 -0.43805 -0.45727 -0.17806 -0.32652 -0.14021 -0.27979 -0.65108 6
-0.19792 -0.23773 0.64990 -0.36426 -0.30570 -0.51807 -0.11357 -0.38268 -0.05177 -0.43062 -0.39286 -0.36831 -0.30259 -0.12745 -0.30832 -0.34058 -0.44742 -0.09380 -0.11158 -0.14764 -0.00145 6
-0.34786 -0.43846 -1.04389 -0.52005 -0.60480 -0.35675 -0.22868 0.53611 -0.30026 2.96110 1.82869 1.14574 0.32714 1.58934 0.58537 0.70065 -0.20096 -0.14301 -0.13067 -0.63029 0.95292 6
-0.29163 -0.37155 -0.08467 -0.01749 -0.05021 -0.35675 -0.34379 0.28995 -0.49014 -0.27988 -0.34028 -0.34359 -0.30259 -0.09241 0.80159 0.35956 -0.44742 -0.32521 -0.14817 -0.58759 -0.61776 6
-0.34786 -0.40500 -1.04450 -0.26374 -0.67958 -0.51807 -0.34379 1.16621 0.26871 -0.43062 -0.39286 -0.36831 -0.30259 -0.19752 -0.33715 -0.39444 -0.51210 -0.61317 -0.13226 1.70925 1.20342 6
-0.29163 -0.37155 -0.12262 0.01266 -0.16238 -0.19542 0.00154 -0.74787 -0.51162 -0.43062 -0.39286 -0.36831 -0.30259 -0.19752 -0.48130 -0.46625 -0.14852 -0.32312 -0.14021 -0.30799 -0.47415 6
-0.36660 -0.43846 0.53481 0.12323 0.09934 -0.51807 -0.42053 0.08872 0.04294 -0.43062 -0.39286 -0.36831 -0.30259 -0.09241 -0.45247 -0.46625 0.02103 -0.58699 -0.13544 -0.01348 0.20281 7
-0.12295 -0.03701 -0.20342 0.82179 0.18035 -0.67939 -0.49727 1.38189 4.63790 -0.43062 -0.39286 -0.36831 -0.30259 -0.19752 -0.56778 -0.53806 -0.77254 -0.80165 -0.12749 -0.46269 -0.66980 7
-0.34786 -0.43846 -0.63682 0.15841 -0.33062 -0.19542 0.30849 2.25250 0.94176 -0.43062 -0.39286 -0.36831 -0.30259 -0.19752 -0.48130 -0.45727 -0.50685 -0.57233 -0.13544 -0.51467 1.01832 7
-0.27289 -0.33809 0.96209 -0.43964 -0.10630 -0.43741 -0.38216 -0.80100 -0.54340 -0.09145 -0.27455 -0.31269 -0.30259 -0.05737 -0.59661 -0.55601 -0.55754 -0.63621 -0.14339 -0.59041 0.99547 7
1.09534 2.10405 -0.73170 -0.27882 -0.22469 -0.43741 -0.42053 -0.33662 -0.32993 -0.43062 -0.39286 -0.36831 -0.30259 -0.12745 -0.07769 -0.18799 -0.39149 -0.47704 -0.14419 -0.55898 -0.73613 7
-0.23540 -0.33809 -1.16815 -0.91708 -0.79174 0.20788 -0.15194 -0.69801 -0.50462 -0.43062 -0.39286 -0.36831 -0.30259 -0.19752 -0.35084 -0.25935 -0.06986 -0.14872 -0.14817 0.37329 1.05948 7
-0.36660 -0.43846 -0.69681 -0.60046 -0.64219 -0.67939 -0.49727 0.18202 -0.53489 -0.16682 -0.26141 -0.30651 -0.30259 0.08277 -0.56778 -0.53806 -0.82149 -0.87914 -0.14021 -0.61901 0.97952 7
0.13945 0.79934 -0.56275 -0.07277 -0.11253 -0.51807 -0.38216 -0.73209 -0.45383 0.17424 0.05474 -0.02780 -0.11100 -0.16248 0.08231 0.19933 -0.56899 -0.59254 -0.14817 -0.64560 -0.61423 7
-0.36660 -0.43846 -0.63437 -0.53010 -0.50510 -0.59873 -0.45890 -0.37978 -0.49630 2.55221 2.05676 1.61942 2.72842 -0.19752 0.38573 0.45111 -0.66705 -0.45820 -0.14658 -0.65326 -0.74425 7
-0.31038 -0.43846 -0.40115 -0.54015 -0.37424 -0.43741 -0.11357 -0.71842 -0.56064 -0.16682 0.09351 0.11990 0.20625 -0.12745 -0.14976 -0.07130 -0.56628 -0.22574 -0.13067 -0.65406 0.26707 7
-0.19792 -0.17082 0.55073 -0.53010 -0.49887 -0.67939 -0.49727 -0.80006 -0.44272 -0.43062 -0.39286 -0.36831 -0.30259 -0.19752 -0.42364 -0.44829 -0.75157 -0.85820 -0.14658 0.46273 -0.74927 7
-0.36660 -0.43846 -0.86270 -0.55021 -0.60480 -0.51807 -0.38216 0.84957 1.36203 0.02161 -0.15625 -0.25707 -0.30259 0.22292 -0.59661 -0.55601 -0.59600 -0.66238 -0.13385 -0.57308 1.02414 7
-0.31038 -0.43846 0.98474 -0.27882 -0.19977 -0.51807 -0.30542 -0.37759 -0.12128 -0.43062 -0.39286 -0.36831 -0.30259 -0.19752 -0.49571 -0.48420 -0.46490 -0.65924 -0.13862 0.37289 0.75390 8
-0.34786 -0.40500 0.18528 -0.46980 -0.38047 -0.59873 -0.34379 -0.76034 -0.08281 0.77344 0.40769 0.00186 -0.30259 -0.12745 -0.09283 -0.22434 -0.76765 -0.76123 -0.11635 -0.57671 -0.83708 8
-0.31038 -0.37155 -0.53704 -0.77133 -0.62973 -0.51807 -0.22868 -0.29421 -0.26900 -0.43062 -0.39286 -0.36831 -0.30259 -0.16248 -0.46688 -0.47522 -0.53482 -0.21003 -0.14021 -0.34908 -0.77947 8
-0.31038 -0.43846 -0.54377 -0.43462 -0.31816 -0.35675 -0.11357 -0.74939 -0.55426 -0.43062 -0.39286 -0.36831 -0.30259 -0.19752 -0.56778 -0.53806 -0.29535 -0.29170 -0.14658 -0.17141 -0.83342 8
-0.27289 -0.37155 -1.17611 -0.85174 -0.79174 -0.03410 -0.19031 -0.26864 -0.61417 -0.43062 -0.39286 -0.36831 -0.30259 -0.19752 -0.49571 -0.49317 0.47899 -0.18699 -0.14021 1.16576 1.23085 8
-0.34786 -0.43846 -0.52847 -0.30395 -0.57365 -0.51807 -0.42053 0.37902 -0.60662 -0.43062 -0.39286 -0.36831 -0.30259 -0.19752 -0.55337 -0.51158 -0.51306 -0.59134 -0.13544 0.29996 0.85886 8
-0.17918 -0.13737 -0.93309 -0.45974 -0.37424 -0.43741 -0.22868 -0.77057 -0.50518 -0.43062 -0.39286 -0.36831 -0.30259 -0.19752 -0.12093 -0.25980 -0.30234 -0.32207 -0.13783 -0.28825 -0.73551 8
-0.36660 -0.43846 0.08244 -0.70600 -0.38047 -0.67939 -0.49727 -0.76369 -0.38424 -0.43062 -0.39286 -0.36831 -0.30259 -0.19752 -0.59661 -0.55601 -0.82297 -0.88212 -0.14339 -0.47518 0.98542 8
-0.27289 -0.33809 -0.83454 -0.66579 -0.64842 -0.59873 -0.42053 -0.72599 -0.49383 -0.43062 -0.39286 -0.36831 -0.30259 -0.19752 -0.59661 -0.55601 -0.67230 -0.44144 -0.13703 -0.39864 -0.68219 8
-0.25415 -0.40500 -0.31545 0.22877 0.06818 -0.35675 -0.07520 -0.51468 -0.37187 -0.43062 -0.39286 -0.36831 -0.30259 -0.19752 -0.58220 -0.54703 -0.30933 -0.44458 -0.12908 0.45346 0.52304 8
-0.29163 -0.43846 -1.04756 -0.68087 -0.54249 0.20788 -0.38216 -0.64227 -0.62487 -0.43062 -0.39286 -0.36831 -0.30259 -0.19752 -0.59661 -0.55601 0.10318 -0.06134 -0.14817 2.48924 1.19833 8
-0.19792 -0.40500 -0.65335 -0.58036 -0.48018 -0.51807 -0.38216 -0.63525 -0.54720 -0.20451 -0.31399 -0.33123 -0.30259 0.01270 -0.03301 -0.16016 -0.44463 -0.50542 -0.13226 -0.57510 -0.63869 8
-0.34786 -0.43846 -0.35340 -0.42959 -0.57365 -0.67939 -0.49727 -0.11503 -0.52096 -0.43062 -0.39286 -0.36831 -0.30259 -0.19752 -0.59661 -0.55601 -0.82323 -0.88228 -0.13703 1.75599 0.95153 9
-0.36660 -0.43846 -1.09103 -0.83164 -0.06268 -0.51807 -0.38216 -0.43673 0.50582 -0.39293 -0.37972 -0.36213 -0.30259 -0.05737 -0.59661 -0.55601 -0.56454 -0.65401 -0.14658 -0.59081 1.01474 9
-0.27289 -0.40500 -1.10327 -0.60549 -0.72943 0.04656 -0.15194 -0.60113 -0.58303 -0.43062 -0.39286 -0.36831 -0.30259 -0.19752 -0.59661 -0.55601 -0.28836 -0.27705 -0.14817 2.29545 1.28203 9
-0.29163 -0.43846 -1.11796 -0.66077 -0.77305 0.04656 -0.15194 -0.60689 -0.33090 -0.43062 -0.39286 -0.36831 -0.30259 -0.19752 -0.58220 -0.54703 -0.28836 -0.27705 -0.14498 2.37844 1.28173 9
-0.27289 -0.43846 -1.02614 -0.52005 -0.66712 0.04656 -0.15194 -0.62678 -0.52708 -0.43062 -0.39286 -0.36831 -0.30259 -0.19752 -0.58220 -0.54703 -0.24466 -0.25191 -0.13862 -0.33981 0.93309 9
-0.01049 0.49826 -1.21100 -0.76128 -0.68581 -0.67939 -0.38216 -0.09238 -0.55179 -0.43062 -0.39286 -0.36831 -0.30259 -0.19752 0.87078 1.20870 -0.76940 -0.81558 -0.14339 0.09772 1.02180 9
-0.01049 0.49826 -1.13388 -0.06272 -0.54872 -0.67939 -0.49727 0.55005 1.01807 -0.43062 -0.39286 -0.36831 -0.30259 -0.19752 -0.58220 -0.54703 -0.82323 -0.75977 -0.13862 -0.09124 0.99113 9
-0.34786 -0.43846 -1.12592 -0.34415 -0.51756 -0.67939 -0.49727 -0.35821 0.20069 -0.24219 -0.30084 -0.32505 -0.30259 -0.19752 -0.13535 -0.00846 -0.82323 -0.78071 -0.12908 -0.63956 0.96708 9
-0.04798 0.09681 -0.92942 -0.65072 -0.50510 -0.59873 -0.49727 -0.77860 -0.37874 -0.43062 -0.39286 -0.36831 -0.30259 -0.19752 -0.36598 -0.41239 -0.78478 -0.45296 -0.14339 -0.49976 -0.85465 9
-0.36660 -0.43846 -1.04940 -0.77636 -0.71074 -0.67939 -0.49727 -0.81695 -0.63631 -0.43062 -0.39286 -0.36831 -0.30259 -0.19752 -0.58220 -0.53850 -0.81956 -0.88228 -0.14817 -0.16940 0.89504 9
-0.32912 -0.43846 -0.69130 -0.37431 -0.55495 -0.67939 -0.49727 -0.30252 -0.18428 -0.43062 -0.39286 -0.36831 -0.30259 -0.19752 -0.39409 -0.39399 -0.81948 -0.75202 -0.14817 -0.42402 -0.62775 9
-0.34786 -0.43846 -1.12592 -0.57533 -0.34932 -0.67939 -0.49727 0.13949 -0.10904 -0.43062 -0.39286 -0.36831 -0.30259 -0.19752 -0.59661 -0.55601 -0.82323 -0.84668 -0.13385 0.17709 0.95561 9
-0.32912 -0.43846 -0.85290 -0.73113 -0.62973 -0.59873 -0.42053 -0.79437 -0.58295 -0.39293 -0.37972 -0.36213 -0.30259 -0.12745 -0.42364 -0.44829 -0.66880 -0.40155 -0.14021 -0.58356 -0.73369 10
-0.34786 -0.43846 -1.01267 -0.92210 -0.76059 -0.59873 -0.34379 -0.81355 -0.58257 -0.20451 -0.31399 -0.33123 -0.30259 -0.16248 -0.49571 -0.49317 -0.67641 -0.71369 -0.14419 -0.60129 -0.73886 10
-0.34786 -0.40500 -1.27099 -1.00754 -0.84783 -0.67939 -0.49727 -0.77243 -0.35699 -0.43062 -0.39286 -0.36831 -0.30259 -0.19752 -0.59661 -0.55601 -0.82323 -0.88228 -0.14658 2.44935 1.28658 10
-0.36660 -0.43846 -1.30160 -0.97738 -0.80421 -0.67939 -0.49727 -0.68577 -0.50636 -0.43062 -0.39286 -0.36831 -0.30259 -0.19752 -0.35157 -0.25980 -0.82498 -0.86971 -0.14817 1.43408 1.26018 10
-0.34786 -0.43846 -1.01084 -0.80651 -0.77928 -0.67939 -0.49727 -0.21019 -0.58665 -0.43062 -0.39286 -0.36831 -0.30259 -0.19752 -0.58220 -0.54703 -0.82323 -0.83097 -0.14578 0.49335 -0.74264 10
-0.34786 -0.43846 -1.25692 -0.93718 -0.84783 -0.35675 0.53871 -0.58256 -0.52335 -0.43062 -0.39286 -0.36831 -0.30259 -0.19752 -0.58220 -0.54703 -0.67116 -0.71265 -0.14021 0.91195 1.16943 10
-0.34786 -0.40500 -0.47583 -0.66579 -0.51756 -0.67939 -0.49727 -0.71198 -0.38416 -0.35525 -0.36657 -0.35595 -0.30259 -0.19752 -0.43805 -0.45727 -0.84570 -0.76772 -0.14578 -0.57550 -0.73665 10
-0.36660 -0.43846 -0.93983 -0.93215 -0.77305 -0.67939 -0.49727 -0.75875 -0.50527 -0.43062 -0.39286 -0.36831 -0.30259 -0.19752 -0.36598 -0.31365 -0.82323 -0.87809 -0.14658 -0.46350 1.00646 10
-0.36660 -0.43846 -1.25202 -0.65574 -0.75436 -0.67939 -0.49727 -0.35438 0.05463 -0.43062 -0.39286 -0.36831 -0.30259 -0.19752 -0.59661 -0.55601 -0.82323 -0.86552 -0.12749 -0.33981 0.98276 10
-0.36660 -0.43846 -1.29793 -0.95226 -0.79798 -0.67939 -0.49727 -0.82066 -0.65012 -0.43062 -0.39286 -0.36831 -0.30259 -0.19752 -0.59661 -0.55601 -0.82350 -0.88244 -0.14817 2.25476 1.26367 10
-0.36660 -0.43846 -1.31017 -0.99749 -0.81044 -0.67939 -0.49727 -0.82082 -0.58863 -0.43062 -0.39286 -0.36831 -0.30259 -0.19752 -0.59661 -0.55601 -0.82297 -0.88212 -0.14498 2.28094 1.28240 10
-0.36660 -0.43846 -1.28018 -0.98744 -0.84159 -0.67939 -0.49727 -0.81537 -0.65250 -0.43062 -0.39286 -0.36831 -0.30259 -0.19752 -0.59661 -0.55601 -0.82297 -0.88212 -0.14817 2.33735 1.29343 10
