-0.02923 -0.03701 -0.06998 1.05297 0.01833 -0.59873 -0.45890 2.14347 3.23310 2.45240 -0.67743 -3.14703 1
-0.21666 -0.40500 -0.87004 -0.35923 -0.54249 -0.59873 -0.45890 -0.32771 -0.52805 3.42264 -0.67340 -3.14705 1
0.19568 -0.27119 2.22248 2.30435 2.70404 3.67633 0.30849 0.33227 -0.37388 1.42649 -0.68549 -3.14698 1
-0.04798 -0.17082 2.45081 4.15378 5.20904 2.45834 2.29796 2.58116 4.53254 -0.14419 -0.56865 -0.56093 1
-0.10420 -0.43846 1.58463 2.42497 2.05598 3.27303 2.26534 0.52920 0.09726 -0.14419 -0.65568 -0.56055 1
0.34562 0.93316 0.93515 -0.07780 -0.17484 3.99898 5.94883 -0.39502 -0.33346 -0.13624 -0.63714 -0.59233 1
0.12071 -0.07046 3.36106 2.14856 1.30822 0.61119 1.19099 0.92350 0.29765 -0.11635 0.42768 0.51153 1
-0.17918 -0.43846 0.68785 0.78159 0.01210 2.14376 3.91524 0.32501 -0.48597 -0.14498 -0.65084 -0.57622 1
-0.23540 -0.40500 0.11366 0.22374 -0.16861 -0.03410 -0.22868 5.16136 -0.41680 -0.13624 -0.66937 -0.56043 1
0.34562 0.56517 2.25554 0.39461 0.26759 1.57913 0.61545 0.85210 0.77807 -0.13783 -0.62465 -0.74014 1
-0.12295 -0.37155 1.04350 0.12323 0.14296 2.05907 3.40876 -0.60840 -0.06119 -0.13465 -0.62747 -0.56652 2
0.19568 -0.03701 0.52808 -0.29892 -0.10006 2.30509 3.26295 -0.46730 -0.37510 -0.14817 -0.53844 -0.59503 2
-0.16043 -0.33809 2.62772 0.48005 0.70378 1.09516 0.46197 -0.05080 0.48437 -0.13226 -0.64278 -0.79892 2
0.81419 0.63207 0.04449 0.52528 0.41091 2.14376 2.84089 2.89121 0.11618 -0.14021 -0.59081 -0.54631 2
-0.12295 -0.23773 0.45401 0.65092 0.04326 1.65979 2.76415 2.28393 -0.30087 -0.13624 -0.51306 -0.54365 2
1.11408 2.87350 2.25737 1.87215 1.07766 0.12722 0.26820 0.02323 -0.53046 -0.11317 -0.40750 0.47269 2
-0.04798 -0.43846 0.95168 1.02282 1.11505 1.41377 -0.15194 0.56845 -0.50867 -0.13544 -0.64198 -0.63326 2
0.27065 0.79934 0.64439 1.43994 1.63225 2.62773 -0.11357 1.07114 -0.53048 -0.13544 -0.64399 0.98432 2
-0.23540 -0.30464 1.29693 0.48005 0.56669 0.37324 0.42552 -0.17747 -0.23300 -0.14021 -0.64278 -0.78770 2
-0.01049 0.02990 0.66459 1.84199 2.62927 0.04656 -0.03683 1.19471 2.92603 -0.14817 -0.49049 -0.63658 2
0.96414 2.47205 -0.23587 0.09810 -0.03775 1.65979 2.76415 0.50790 -0.48516 -0.14021 -0.49170 -0.54227 3
0.00825 0.09681 0.57032 1.48015 1.42662 -0.27609 -0.34379 -0.11049 -0.12071 -0.10522 2.49528 0.10162 3
0.06448 0.23063 0.85007 0.67102 0.29874 -0.27609 0.22983 0.33062 0.01042 -0.12113 -0.62546 -0.76092 3
-0.17918 -0.37155 0.36586 0.97256 0.26759 1.82112 0.69219 1.40471 1.45401 -0.13067 2.79865 1.27133 3
0.00825 -0.43846 1.09431 0.73635 0.69132 0.85318 -0.19031 1.00779 0.18784 -0.14658 -0.27294 -0.64055 3
-0.04798 -0.20428 1.64095 -0.14313 -0.22469 0.12722 0.88404 0.06821 -0.41583 -0.13067 -0.37164 0.48907 3
-0.23540 -0.37155 0.16141 0.33430 -0.19353 0.28048 0.30274 0.22195 -0.52772 -0.14578 -0.66293 -0.48434 3
-0.29163 -0.43846 1.01412 0.93235 0.71001 -0.35675 -0.30542 0.44559 0.47173 -0.13862 -0.32007 -0.58033 3
-0.21666 -0.37155 0.28139 0.27902 0.33613 1.82515 0.23367 -0.21048 -0.28603 -0.14339 -0.63996 -0.80618 3
-0.29163 -0.37155 0.49931 -0.11298 0.25512 -0.35675 -0.30542 -0.29850 2.47704 -0.13703 -0.56543 0.11989 3
-0.21666 -0.30464 0.16508 0.62077 0.05572 -0.19542 0.00154 1.81041 -0.36266 -0.13862 -0.56422 -0.68519 4
-0.19792 -0.23773 0.98474 -0.20846 -0.18107 0.44987 0.11664 -0.11158 -0.48546 -0.13465 -0.54085 -0.71536 4
-0.19792 -0.27119 0.40014 1.56056 0.31120 -0.35675 -0.34379 2.23358 -0.31918 -0.14817 -0.65608 -0.85535 4
-0.10420 -0.10392 -0.58907 -0.46477 -0.47395 -0.11476 -0.03683 0.52181 -0.34784 -0.14817 0.00143 -0.61313 4
-0.31038 -0.43846 -1.11918 -0.72108 -0.69204 0.12722 -0.11357 0.03999 -0.34368 -0.14339 -0.54287 1.15527 4
0.13945 0.06336 0.67744 0.19861 0.13050 0.20788 0.07827 0.20033 -0.00519 -0.14498 -0.55536 -0.61405 4
-0.36660 -0.43846 -0.08161 -0.61051 -0.19353 -0.67939 -0.49727 0.80855 -0.59754 -0.12590 -0.42120 0.90115 4
-0.14169 -0.40500 0.49747 0.25892 0.19904 0.28855 0.76893 0.44233 0.04551 -0.10045 -0.60330 -0.03540 4
-0.36660 -0.43846 -0.03264 -0.11298 -0.08760 -0.67939 -0.49727 -0.53949 -0.18014 -0.13862 -0.64198 1.03680 4
-0.34786 -0.43846 0.03347 0.37954 0.20527 -0.67939 -0.49727 -0.17869 -0.00675 -0.14419 -0.65729 -0.79210 4
-0.31038 -0.40500 -0.77577 0.13328 -0.16861 -0.27609 -0.22868 1.23991 0.40168 -0.14658 0.68432 0.97864 5
-0.31038 -0.40500 -1.04634 -0.76128 -0.67335 0.12722 -0.11357 -0.00129 0.44931 -0.14498 1.40991 1.21893 5
-0.36660 -0.43846 -0.60009 -0.48487 -0.57365 -0.67939 -0.49727 -0.66419 -0.40663 -0.13703 -0.60370 0.97954 5
-0.31038 -0.37155 2.29226 4.09347 4.81024 -0.67939 -0.49727 0.32249 0.48594 -0.13544 -0.65406 0.45804 5
2.01373 1.26770 -0.22791 -0.01749 0.29874 -0.51807 -0.38216 -0.29764 0.50018 -0.14817 -0.30154 -0.75474 5
-0.29163 -0.43846 0.29057 0.26395 0.44829 0.28855 -0.30542 0.20120 -0.36330 -0.14260 0.39505 -0.66463 5
-0.25415 -0.27119 0.38545 -0.17831 -0.18730 -0.67939 -0.49727 -0.18314 -0.14292 -0.10840 -0.07391 -0.04351 5
0.36437 1.26770 -0.03264 -0.55523 -0.14992 -0.67939 -0.49727 -0.24557 1.81504 -0.13703 -0.62506 -0.74633 5
-0.29163 -0.40500 -0.30320 -0.43462 -0.43656 -0.51807 -0.42053 -0.65270 -0.16984 -0.14180 0.77738 1.05665 5
0.04574 -0.27119 -0.01060 -0.24867 0.14296 -0.03410 -0.26705 -0.10656 0.08448 -0.13862 -0.44336 0.48369 5
-0.34786 -0.43846 -0.42869 -0.31400 -0.16861 -0.51807 -0.34379 -0.39684 -0.11458 -0.14021 -0.63473 -0.54129 6
-0.36660 -0.43846 0.28506 -0.31400 0.44206 -0.67939 -0.49727 -0.42587 0.00333 -0.14021 -0.61942 0.90182 6
-0.08546 -0.03701 0.25139 0.26395 0.16165 -0.51807 -0.45890 -0.01371 -0.09019 -0.10840 -0.43772 -0.01799 6
-0.27289 -0.43846 -0.50521 -0.43462 -0.00036 -0.59873 -0.49727 -0.53618 -0.44610 -0.14021 -0.65286 -0.64739 6
-0.25415 -0.40500 -0.86760 -0.46477 -0.44279 -0.51807 -0.42053 -0.14923 -0.48808 -0.14339 -0.63795 1.01347 6
-0.27289 -0.43846 -0.89637 -0.35421 0.03079 -0.19542 0.99915 -0.28029 -0.27668 -0.14180 -0.05014 0.95094 6
-0.34786 -0.43846 -0.48011 -0.12805 -0.04398 -0.43741 -0.34379 -0.72020 -0.36342 -0.14817 -0.43369 -0.49089 6
-0.29163 -0.40500 0.38851 -0.19841 -0.12499 0.12722 -0.03683 -0.28155 -0.50629 -0.13385 -0.58557 -0.71863 6
-0.36660 -0.43846 -0.20159 0.22877 -0.10630 -0.51807 -0.03492 0.12021 -0.41693 -0.13862 -0.59001 -0.52725 6
0.47682 1.60224 -0.56520 -0.27882 -0.35555 -0.35675 -0.30542 -0.77452 -0.44348 -0.13544 -0.64359 -0.63766 6
0.04574 0.63207 0.90087 -0.28887 -0.00659 -0.59873 -0.42053 -0.76376 -0.32449 -0.14817 -0.59484 -0.75096 7
-0.34786 -0.43846 0.93944 0.42979 -0.10006 -0.67939 -0.49727 -0.73921 -0.30623 -0.14021 1.16052 0.95451 7
-0.34786 -0.43846 0.75702 -0.35923 -0.13745 -0.67939 -0.49727 -0.72287 -0.35980 -0.13783 0.29312 -0.66803 7
0.53305 1.73606 -0.05896 -0.47482 -0.43656 -0.67939 -0.49727 -0.36057 0.05585 -0.13067 -0.13072 0.94856 7
0.57054 1.70260 -0.63131 -0.51000 -0.28700 -0.51807 -0.42053 -0.70996 -0.26421 -0.10204 -0.58759 -0.64379 7
-0.36660 -0.43846 -0.81801 -0.78138 -0.70450 -0.67939 -0.49727 -0.44249 -0.56125 -0.13862 -0.53320 0.98622 7
-0.36660 -0.43846 0.29608 0.05287 -0.38047 -0.67939 -0.49727 3.34491 -0.55396 -0.14658 -0.50137 -0.55068 7
0.43934 1.50188 -0.57438 -0.16826 -0.17484 -0.59873 -0.45890 -0.17737 0.16631 -0.14180 -0.51467 0.44239 7
-0.02923 0.43135 0.09958 0.19359 -0.07514 -0.67939 -0.49727 -0.42213 -0.34715 -0.13226 -0.31604 -0.57810 7
-0.32912 -0.43846 -0.36625 -0.40949 -0.33686 -0.27609 -0.19031 -0.73814 -0.54820 -0.14180 -0.58839 -0.57445 7
-0.36660 -0.43846 -0.50031 -0.72610 -0.34309 -0.67939 -0.49727 -0.78723 -0.53200 -0.14817 -0.61901 -0.61741 8
0.08322 0.79934 -0.68028 -0.35421 -0.51756 -0.67939 -0.49727 0.00073 -0.56338 -0.11874 -0.57752 -0.79459 8
-0.34786 -0.43846 0.16386 -0.67082 0.03079 -0.59873 -0.45890 -0.79856 -0.51759 -0.13862 -0.43973 0.92890 8
0.30814 1.40152 1.08880 -0.27380 -0.08137 -0.67939 -0.49727 -0.78864 -0.63692 -0.13862 -0.39058 0.28362 8
-0.32912 -0.43846 -0.92146 -0.71605 -0.64219 -0.51807 -0.11357 -0.10540 -0.53854 -0.13624 0.50624 -0.74766 8
0.08322 0.79934 -0.66620 -0.57031 -0.31193 -0.67939 -0.49727 -0.42339 -0.46811 -0.12908 -0.64278 0.26136 8
-0.34786 -0.43846 -0.52847 -0.30395 -0.57365 -0.51807 -0.42053 0.37902 -0.60662 -0.13544 0.29996 0.85886 8
-0.32912 -0.43846 -0.98513 -0.61051 -0.44279 -0.03410 -0.42053 -0.66054 -0.66434 -0.14817 1.95743 1.29155 8
-0.34786 -0.43846 -0.53643 -0.04262 -0.50510 -0.59873 -0.49727 0.69187 0.04254 -0.12908 -0.20767 0.95151 8
-0.34786 -0.40500 -0.62458 -0.80651 -0.59857 -0.67939 -0.49727 -0.80241 -0.45528 -0.14817 -0.64278 1.00187 8
-0.32912 -0.40500 -0.17343 -0.69595 -0.43033 -0.67939 -0.49727 -0.70875 0.20002 -0.13862 0.09369 0.74494 9
-0.29163 -0.37155 -0.04733 -0.53010 -0.31816 -0.67939 -0.49727 -0.34159 -0.20679 -0.13703 -0.17222 0.16267 9
-0.34786 -0.43846 -0.97656 -0.69595 -0.42409 -0.35675 -0.38216 -0.58328 -0.47855 -0.14658 -0.43570 1.00630 9
-0.34786 -0.43846 -0.65580 -0.19339 -0.37424 -0.59873 -0.30542 -0.80222 -0.56939 -0.14021 -0.28784 0.92568 9
-0.32912 -0.40500 -1.08490 -0.50497 -0.62350 -0.35675 -0.45890 1.05639 -0.61522 -0.14339 2.02471 1.21482 9
-0.34786 -0.40500 -1.18897 -0.88190 -0.61727 -0.67939 -0.49727 -0.78525 -0.40128 -0.14817 1.70119 1.27016 9
-0.34786 -0.43846 -0.54683 -0.21349 -0.51756 -0.67939 -0.49727 -0.21255 0.29302 -0.12431 0.24517 0.58564 9
-0.34786 -0.43846 -0.99308 -0.76128 -0.54872 -0.67939 -0.49727 -0.81143 -0.53581 -0.14180 -0.39380 -0.74328 9
-0.36660 -0.43846 -0.57683 -0.71103 -0.54872 -0.67939 -0.49727 -0.81444 -0.56615 -0.14339 -0.43248 0.96318 9
-0.08546 0.06336 -1.15530 -0.10795 -0.54872 -0.67939 -0.49727 0.52333 1.52334 -0.13703 1.43811 1.17924 9
-0.31038 -0.40500 -1.20978 -0.88190 -0.82290 -0.43741 -0.38216 -0.50723 -0.62639 -0.14817 2.34299 1.28206 10
-0.34786 -0.40500 -0.81740 -0.84169 -0.61727 -0.67939 -0.49727 -0.39155 0.62226 -0.14498 1.15609 1.18253 10
-0.34786 -0.40500 -1.18101 -0.77133 -0.81044 -0.59873 -0.45890 0.60171 -0.36766 -0.14180 2.12624 1.25625 10
-0.36660 -0.43846 -1.29364 -0.83667 -0.79798 -0.67939 -0.49727 0.43590 1.13806 -0.13862 0.76086 1.16531 10
-0.31038 -0.37155 -0.85474 -0.57533 -0.33686 -0.51807 -0.15194 -0.78791 -0.55566 -0.13385 0.50826 -0.74565 10
-0.36660 -0.43846 -1.27283 -0.94723 -0.69827 -0.59873 -0.49727 -0.46928 -0.50627 -0.14658 2.03519 1.30026 10
-0.36660 -0.43846 -1.26916 -0.94220 -0.79798 -0.67939 -0.49727 -0.81990 -0.61410 -0.14021 0.48690 0.89803 10
-0.32912 -0.40500 -1.28630 -0.97738 -0.83536 -0.67939 -0.49727 -0.72361 -0.64568 -0.14817 2.68907 1.27383 10
-0.32912 -0.40500 -1.30650 -0.99749 -0.86029 -0.67939 -0.49727 -0.79348 -0.66145 -0.14817 2.71324 1.27469 10
-0.36660 -0.43846 -1.32670 -0.99246 -0.86029 -0.67939 -0.49727 -0.81858 -0.64440 -0.14817 -0.58114 1.01351 10
