0.15820 -0.07046 0.12407 0.19861 0.27382 -0.51807 -0.45890 0.38663 -0.34731 4.21791 -0.67743 -3.14703 1
-0.04798 -0.40500 2.79789 1.94753 1.60109 4.32163 3.95361 1.76601 -0.14004 -0.13465 -0.65124 -0.54640 1
0.40185 0.06336 2.20106 0.92733 0.32367 1.01450 0.99915 0.97673 0.14630 -0.10363 -0.63473 -0.02756 1
1.32025 1.20079 1.88580 0.50015 0.72247 2.39381 1.42505 0.41632 0.60177 -0.13226 -0.62103 -0.54432 1
-0.06672 -0.43846 1.30121 2.32948 0.94057 1.01450 0.27012 0.82858 -0.09598 -0.14419 -0.62183 -0.53208 1
0.15820 -0.37155 1.53566 0.66600 0.58538 1.82112 2.80252 -0.19712 -0.32954 -0.12749 -0.54730 -0.53534 1
0.88916 2.03715 2.31063 5.61624 7.08468 1.09919 0.19530 4.14179 6.89404 -0.14817 -0.35110 -0.63593 1
-0.14169 -0.43846 0.60705 -0.03759 -0.14368 2.95038 4.79774 0.24092 -0.27413 -0.14021 -0.64883 -0.59412 1
0.25191 0.43135 1.06187 1.07307 0.84087 1.90178 0.92241 0.71096 0.69105 -0.13862 0.47965 -0.70451 1
-0.02923 -0.40500 2.04924 4.62116 5.85087 1.33715 0.23175 3.21723 5.71943 -0.14260 -0.41233 -0.64707 1
-0.29163 -0.43846 1.40895 1.40476 2.55449 0.36517 -0.34379 0.49471 4.32189 -0.13544 -0.62949 -0.72130 2
0.06448 -0.20428 2.78748 1.02784 0.59785 -0.11476 0.07827 -0.25612 -0.17080 -0.09091 -0.55737 -0.04294 2
0.06448 0.13026 0.46442 0.11318 -0.28077 1.01450 2.03513 1.07067 -0.34269 -0.12749 -0.53924 -0.73372 2
0.28939 1.13389 1.37283 1.99779 1.90643 0.53053 -0.34379 -0.30192 -0.33987 -0.13783 -0.64117 -0.54038 2
-0.17918 -0.37155 0.71417 0.70118 0.27382 1.81708 0.38331 0.58323 -0.53110 -0.12113 2.51583 1.26129 2
-0.27289 -0.33809 0.84945 2.01286 2.30524 0.20788 -0.11357 2.19978 1.32705 -0.14021 -0.50822 -0.46399 2
-0.12295 -0.23773 0.32975 0.07297 -0.19353 1.25648 0.73056 0.60964 -0.33827 -0.13862 -0.49855 -0.75866 2
-0.08546 -0.07046 0.38606 -0.11800 0.13673 0.28855 0.11664 -0.46465 0.26367 -0.14658 -0.44094 -0.67268 2
-0.21666 -0.40500 1.53444 1.31933 1.17736 1.17582 -0.26705 0.13337 -0.50592 -0.13703 -0.49130 -0.80424 2
-0.12295 -0.30464 -0.36870 -0.36928 -0.08137 1.74045 2.76415 -0.64392 0.44717 -0.14260 -0.62747 -0.53236 2
-0.08546 -0.23773 1.14206 0.55543 0.18035 -0.19542 -0.19031 0.08918 0.26428 -0.13226 -0.59202 0.46894 3
0.10197 -0.43846 -0.54255 -0.22857 -0.32439 1.73642 2.94832 0.43075 -0.50331 -0.14817 -0.57389 -0.57216 3
0.12071 0.76589 2.09638 0.51020 0.46076 -0.43741 -0.38216 -0.17542 1.19965 -0.13067 -0.61015 0.13227 3
-0.10420 -0.30464 0.54155 -0.17831 0.14296 -0.43741 -0.11357 0.05982 2.17080 -0.14180 -0.64722 -0.75193 3
0.42059 1.26770 0.79069 -0.09287 0.01210 -0.35675 -0.34379 0.53903 1.02266 -0.14498 -0.61015 -0.74282 3
-0.29163 -0.37155 0.82374 0.28405 1.07143 0.20788 -0.38216 -0.41093 3.03958 -0.13067 -0.54045 -0.74144 3
-0.19792 -0.20428 0.22691 0.66097 0.00587 -0.35675 0.03990 0.72759 1.75672 -0.14817 -0.60894 -0.68132 3
-0.34786 -0.43846 0.88006 0.98764 0.41091 -0.36078 -0.23060 3.04607 0.50615 -0.13544 -0.66011 -0.75579 3
-0.27289 -0.43846 0.19140 1.22887 1.23344 1.41781 -0.26705 0.55078 0.25011 -0.13067 0.08080 1.02265 3
-0.17918 -0.23773 1.06187 -0.47482 -0.31816 -0.03410 0.80730 -0.29313 0.16869 -0.13544 -0.62546 0.47033 3
-0.14169 -0.30464 1.13961 0.51523 0.34236 -0.19542 -0.34379 0.15924 -0.30461 -0.14817 -0.60693 -0.65290 4
-0.23540 -0.40500 0.98106 -0.19339 -0.23092 0.76848 0.30657 -0.23489 -0.46284 -0.14419 -0.61297 -0.74404 4
-0.23540 -0.43846 1.08696 0.54036 0.57915 -0.19542 0.11664 -0.13274 -0.42301 -0.12590 -0.34102 -0.61019 4
-0.14169 -0.07046 1.60667 1.67615 0.64770 -0.67939 -0.49727 0.16816 0.64745 -0.14180 -0.55858 -0.76089 4
-0.31038 -0.40500 -1.12163 -0.84169 -0.62350 0.20788 -0.07520 -0.51979 -0.36383 -0.14180 -0.61539 1.12179 4
-0.31038 -0.37155 0.69764 0.48507 0.37352 -0.43741 -0.07520 1.40738 -0.14495 -0.13624 -0.56906 -0.81083 4
-0.08546 -0.03701 0.35240 0.74138 0.64147 -0.43741 -0.38216 0.73169 1.24551 -0.12272 -0.46471 0.01455 4
-0.14169 -0.40500 0.09346 0.09307 0.29874 0.85318 -0.11357 -0.10980 -0.43469 -0.14180 -0.45343 -0.67644 4
1.09534 2.53896 0.41606 0.75646 -0.44279 -0.19946 -0.42053 0.17613 -0.33980 -0.10681 -0.59887 -0.10631 4
-0.27289 -0.43846 1.58830 1.49522 1.12128 0.04656 -0.42053 -0.12964 0.42020 -0.13385 0.32091 0.75429 4
-0.31038 -0.40500 -1.04634 -0.76128 -0.67335 0.12722 -0.11357 -0.00129 0.44931 -0.14498 1.40991 1.21893 5
-0.29163 -0.40500 -0.88351 0.07800 -0.44902 -0.03410 -0.15194 1.07539 0.89510 -0.12749 2.11576 1.20235 5
-0.29163 -0.43846 -0.48684 -0.09287 0.21773 0.69185 -0.30542 -0.34282 -0.43444 -0.14180 0.36966 1.05013 5
-0.29163 -0.43846 0.37382 0.28405 -0.09383 -0.03410 0.46005 0.39513 -0.40398 -0.14817 -0.64077 -0.53999 5
-0.25415 -0.37155 0.74845 -0.43964 -0.39294 -0.43741 -0.07520 0.02807 -0.36080 -0.12590 0.62912 0.52054 5
-0.25415 -0.27119 -0.21077 -0.45974 -0.34932 -0.27609 -0.30542 -0.05674 -0.41190 -0.14021 -0.58557 -0.79946 5
-0.32912 -0.43846 0.32607 -0.28887 -0.13745 -0.67939 -0.49727 -0.53070 0.27663 -0.13067 0.48328 0.48943 5
0.17694 0.96662 0.21405 1.00271 1.00912 -0.67939 -0.49727 -0.07017 -0.45187 -0.13703 -0.53844 0.86625 5
-0.31038 -0.40500 -0.74823 -0.58036 -0.72320 0.28855 0.03990 0.87631 -0.53917 -0.13544 2.16653 1.29324 5
-0.29163 -0.43846 0.09285 -0.17328 -0.24339 -0.43741 -0.26705 -0.53001 -0.47793 -0.14021 -0.20364 -0.85091 5
-0.34786 -0.43846 -1.15836 -0.62559 -0.68581 -0.67939 -0.49727 0.62672 0.30268 -0.13226 -0.60129 0.90912 6
-0.14169 -0.27119 0.50543 -0.03257 0.11803 -0.51807 -0.26705 -0.24015 -0.54178 -0.14419 -0.58316 -0.82092 6
-0.32912 -0.43846 -0.81985 -0.42456 -0.60480 -0.11476 -0.11357 0.68533 0.30162 -0.13862 2.24227 1.29951 6
-0.34786 -0.43846 0.13141 -0.07277 0.07441 -0.59873 -0.19031 -0.04711 -0.32519 -0.14817 -0.64641 -0.74417 6
-0.12295 -0.37155 -0.53153 -0.64569 -0.43656 -0.67939 -0.49727 -0.79848 -0.38187 -0.14578 -0.62264 -0.64873 6
-0.02923 0.13026 -1.08062 -0.26877 -0.48641 -0.35675 0.03990 0.11555 1.07187 -0.13862 0.96231 1.18241 6
-0.36660 -0.43846 0.31628 0.26395 0.08688 -0.59873 -0.42053 -0.78469 -0.49775 -0.12431 -0.60572 -0.53040 6
-0.31038 -0.37155 -0.36503 -0.39944 -0.17484 -0.51807 -0.34379 -0.53744 0.05434 -0.13067 -0.51185 -0.62797 6
-0.36660 -0.43846 -1.25569 -0.89697 -0.73566 -0.67939 -0.49727 -0.81670 -0.62866 -0.14339 -0.22862 1.03999 6
-0.31038 -0.40500 -0.72191 -0.52005 -0.60480 -0.03410 0.00154 0.08805 -0.48578 -0.14817 0.45064 -0.74418 6
-0.25415 -0.27119 -0.12813 0.21872 -0.05021 -0.27609 0.11664 0.06621 0.05247 -0.11635 0.47643 0.65443 7
-0.34786 -0.43846 -0.06814 -0.02251 0.26759 -0.67939 -0.49727 -0.20703 -0.26528 -0.14817 -0.60693 -0.68088 7
0.17694 1.00007 -0.80883 -0.49995 -0.39294 -0.27609 -0.30542 0.33776 -0.51345 -0.13226 -0.59041 -0.64945 7
0.21442 1.06698 -0.57193 -0.42959 -0.60480 -0.51807 -0.42053 -0.21023 -0.39107 -0.14658 -0.44336 1.02238 7
-0.34786 -0.43846 -1.27099 -0.91708 -0.72320 -0.67939 -0.49727 -0.81291 -0.63972 -0.13862 -0.45464 0.99154 7
-0.19792 -0.23773 -0.54990 -0.31903 -0.24339 -0.43741 -0.38216 -0.42779 -0.53605 -0.14498 0.09288 -0.84937 7
-0.34786 -0.43846 -0.15874 0.22877 0.28628 -0.59873 -0.19031 1.84833 -0.49560 -0.13067 -0.59524 -0.56147 7
-0.27289 -0.33809 -0.36258 -0.62056 -0.59857 -0.19542 -0.26705 -0.68348 -0.53848 -0.13624 -0.42482 -0.61682 7
-0.25415 -0.40500 -0.67661 -0.41451 -0.34309 0.20788 0.07827 -0.16098 -0.53002 -0.13226 -0.26246 -0.63022 7
0.19568 -0.20428 -0.79047 -0.66077 -0.51756 -0.51807 -0.11357 -0.64075 -0.54736 -0.14817 -0.60370 -0.81739 7
-0.31038 -0.40500 -1.08246 -0.94220 -0.60480 -0.03410 0.15501 -0.64698 0.44447 -0.14658 2.05090 1.24462 8
-0.36660 -0.43846 -0.64049 -0.60549 -0.46148 -0.67939 -0.49727 -0.79840 -0.52863 -0.13465 -0.64238 -0.54254 8
0.19568 1.00007 -0.89269 -0.42456 -0.67958 -0.27609 -0.34379 -0.65963 -0.62288 -0.13862 -0.39340 0.89711 8
-0.34786 -0.43846 0.05490 -0.52508 -0.36801 -0.51807 -0.38216 -0.80362 -0.44274 -0.13544 -0.44859 -0.74133 8
-0.36660 -0.43846 -0.92330 -0.72108 -0.59234 -0.67939 -0.49727 -0.81690 -0.63201 -0.14339 -0.31282 1.02688 8
-0.27289 -0.30464 -0.09140 -0.23359 -0.06891 -0.51807 -0.45890 -0.17156 -0.52550 -0.14021 -0.58638 -0.73357 8
-0.17918 -0.40500 -0.45440 -0.26877 -0.08137 -0.51807 -0.42053 -0.05377 -0.25691 -0.14578 -0.51507 -0.61829 8
-0.36660 -0.43846 -0.09140 -0.58538 -0.19353 -0.67939 -0.49727 -0.43981 -0.53240 -0.13067 -0.44215 0.94384 8
0.32688 0.93316 -0.27443 -0.63564 -0.50510 -0.59873 -0.38216 -0.79025 -0.24967 -0.14021 -0.37487 0.74800 8
-0.23540 -0.37155 -0.61295 -0.61051 -0.26208 -0.51807 -0.11357 -0.31489 -0.04732 -0.14817 -0.51628 -0.62261 8
-0.36660 -0.43846 -0.51255 -0.37431 -0.53003 -0.67939 -0.49727 -0.80526 -0.45066 -0.14658 2.40302 1.28814 9
-0.34786 -0.43846 -0.54316 -0.33913 -0.57365 -0.67939 -0.49727 0.40741 -0.63877 -0.13544 1.79829 0.95494 9
-0.34786 -0.43846 -1.14673 -0.69595 -0.26208 -0.67939 -0.49727 -0.64827 -0.31773 -0.13226 -0.50459 0.91851 9
-0.34786 -0.43846 -0.72007 -0.57533 -0.62973 -0.67939 -0.49727 -0.37638 -0.57174 -0.14021 -0.65648 -0.74557 9
-0.36660 -0.43846 0.03715 -0.57031 -0.06891 -0.67939 -0.49727 -0.69093 -0.41156 -0.14021 -0.37285 0.93093 9
-0.32912 -0.40500 -0.48134 -0.41451 -0.41163 -0.59873 -0.26705 -0.43879 -0.59342 -0.14498 -0.23748 0.99440 9
-0.34786 -0.40500 -0.88718 -0.60549 -0.66089 -0.67939 -0.49727 -0.62752 -0.09344 -0.14817 1.99248 1.16279 9
-0.36660 -0.43846 -0.06875 -0.49995 -0.15615 -0.67939 -0.49727 -0.80709 -0.54773 -0.14021 -0.48405 0.94057 9
-0.04798 0.43135 -1.16203 -0.73113 -0.66712 -0.51807 -0.42053 -0.80799 -0.64311 -0.14021 -0.55375 0.92269 9
-0.32912 -0.40500 -0.91106 -0.78641 -0.62350 -0.67939 -0.49727 -0.81802 -0.58228 -0.14817 -0.65688 -0.74423 9
-0.34786 -0.40500 -1.24039 -0.83164 -0.85406 -0.67939 -0.49727 0.26097 -0.64057 -0.14339 1.41313 1.25225 10
-0.29163 -0.37155 -0.91167 -0.79646 -0.54872 -0.59873 -0.45890 -0.78737 -0.34841 -0.13862 -0.63674 0.46337 10
-0.10420 0.29753 -1.13694 -0.45974 -0.62973 -0.67939 -0.49727 -0.54733 -0.63013 -0.14339 -0.34908 1.04857 10
-0.32912 -0.40500 -0.97717 -0.85677 -0.67958 -0.67939 -0.49727 -0.81051 -0.54753 -0.14817 -0.43490 -0.68497 10
-0.36660 -0.43846 -0.45134 -0.84672 -0.70450 -0.67939 -0.49727 -0.76918 -0.58426 -0.14658 1.69233 1.16139 10
-0.34786 -0.40500 -1.15591 -0.78641 -0.67335 -0.67939 -0.49727 -0.81666 -0.55432 -0.14817 -0.43127 0.95513 10
-0.34786 -0.43846 -1.20060 -0.80651 -0.69827 -0.67939 -0.49727 -0.64489 -0.56048 -0.14817 -0.52313 0.98376 10
-0.36660 -0.43846 -1.26916 -0.86179 -0.71074 -0.67939 -0.49727 -0.81935 -0.59227 -0.14658 -0.17302 1.02756 10
-0.36660 -0.43846 -1.31140 -0.98744 -0.84159 -0.67939 -0.49727 -0.82082 -0.65604 -0.14498 2.27812 1.28240 10
-0.36660 -0.43846 -1.28018 -0.98744 -0.84159 -0.67939 -0.49727 -0.81537 -0.65250 -0.14817 2.33735 1.29343 10
