-0.12295 -0.03701 0.13509 0.21872 -0.03775 -0.67939 -0.49727 1.33222 2.76675 16.02780 -0.67783 -3.14703 1
1.48893 1.10043 1.93477 3.48537 0.08688 0.60716 0.30657 8.38323 -0.12776 3.43854 -0.67945 -3.14702 1
0.58928 1.66915 2.93011 2.12343 1.28953 2.53900 1.72433 0.37807 1.95958 -0.10204 -0.62143 0.10288 1
-0.19792 -0.40500 3.70018 6.41029 7.53333 2.53900 0.76701 4.72068 6.79864 -0.14658 -0.50540 -0.55945 1
0.17694 -0.37155 1.79521 2.49532 2.49218 2.95038 1.88165 1.73974 -0.16522 -0.07341 -0.61579 -0.10271 1
-0.19792 -0.40500 3.96340 7.45562 8.34964 1.73642 0.11473 4.66149 7.47897 -0.14339 -0.56261 -0.56995 1
1.15156 2.70623 1.94273 2.60589 3.32094 2.86972 0.73056 1.16584 2.37430 -0.13862 -0.11702 -0.68848 1
-0.14169 -0.30464 0.95719 -0.24364 -0.33686 0.04656 0.73056 0.91429 -0.41406 -0.10999 -0.64520 -0.08913 1
0.27065 0.36444 1.82092 2.44004 2.94083 2.05907 -0.19031 0.68955 0.54938 -0.14021 -0.60975 -0.70296 1
0.36437 -0.43846 0.05122 -0.42456 -0.48018 3.34562 4.78623 -0.52690 -0.38589 -0.14419 -0.62909 -0.56146 1
0.02700 -0.13737 2.23901 -0.10795 0.03703 0.44987 1.11425 -0.52905 0.14639 -0.13385 -0.58920 0.49241 2
-0.04798 -0.33809 2.57324 0.89718 1.23967 0.93384 -0.15194 0.63168 0.15237 -0.13465 -0.63392 -0.75344 2
0.00825 -0.30464 0.10142 0.28907 1.03404 -0.03410 -0.15194 1.40145 4.76637 -0.14817 -0.65447 -0.71993 2
-0.01049 -0.20428 2.22248 0.64087 0.21773 0.20788 1.11425 0.47343 -0.39756 -0.10999 0.62066 0.52236 2
0.23317 1.06698 -0.61539 0.03779 0.87826 0.04656 -0.15194 1.61028 0.39326 -0.13067 -0.63432 1.14082 2
0.57054 -0.40500 0.88985 1.51533 1.70703 1.41781 0.42360 0.46762 0.65755 -0.14578 -0.62304 -0.57500 2
-0.08546 -0.13737 0.67683 1.44497 0.60408 -0.03410 -0.30542 1.00899 0.34508 -0.11476 -0.52836 -0.06908 2
-0.27289 -0.33809 0.88190 1.62087 0.85333 0.52650 0.19146 1.12394 3.62330 -0.13465 -0.53280 -0.68732 2
0.02700 -0.30464 1.86132 1.63092 1.76934 0.61119 1.15262 1.40396 0.94105 -0.10840 0.23792 0.75122 2
0.19568 -0.43846 1.80867 3.88240 1.79426 -0.19542 -0.26705 3.51379 6.20205 -0.12272 -0.67219 0.00598 2
0.66425 1.46843 -0.39564 -0.50497 -0.44279 0.44584 0.34494 -0.20695 -0.03764 -0.13067 -0.36439 0.42970 3
-0.31038 -0.43846 -0.88902 -0.59544 0.31120 -0.03410 -0.19031 0.04590 0.18796 -0.14658 -0.56382 1.14953 3
-0.29163 -0.43846 1.38079 -0.04764 -0.00659 -0.67939 -0.49727 -0.56629 -0.38550 -0.13385 -0.27697 1.04774 3
-0.23540 -0.37155 0.16141 0.33430 -0.19353 0.28048 0.30274 0.22195 -0.52772 -0.14578 -0.66293 -0.48434 3
-0.10420 -0.13737 0.69887 0.80169 0.69132 0.04656 -0.15194 0.10315 0.39019 -0.13862 -0.64681 -0.71460 3
0.40185 1.23425 0.22630 1.12333 1.40169 0.36921 -0.30542 -0.12068 0.55756 -0.14021 -0.53280 -0.63801 3
-0.14169 -0.33809 0.30526 1.67615 -0.02529 -0.27609 -0.11357 0.34619 1.65677 -0.13226 -0.59524 0.51910 3
0.06448 -0.13737 -0.06814 -0.19841 -0.05644 0.20788 0.30849 -0.31591 -0.29347 -0.13226 -0.63191 -0.07664 3
-0.29163 -0.40500 0.10264 0.63082 0.90941 0.69185 -0.34379 1.08228 1.80450 -0.14658 1.65527 1.21745 3
-0.08546 -0.37155 1.34712 1.33440 2.08091 -0.43741 -0.38216 0.23099 0.26818 -0.14419 -0.65729 -0.72321 3
-0.23540 -0.43846 -0.48623 0.32928 -0.21223 0.93384 -0.03683 4.66085 -0.36767 -0.10840 -0.57429 0.88272 4
-0.27289 -0.37155 0.69091 0.07297 -0.10630 0.36921 0.07827 0.02302 0.21977 -0.14817 -0.65406 -0.80359 4
-0.29163 -0.43846 1.63054 0.14836 -0.15615 -0.35675 -0.34379 0.54788 -0.46411 -0.12113 -0.44537 -0.76818 4
-0.34786 -0.43846 0.43504 0.70620 0.34859 -0.59873 -0.42053 -0.44651 0.14976 -0.14339 -0.65406 -0.49473 4
-0.02923 0.39790 -1.10878 -0.71103 -0.64219 0.04656 -0.15194 -0.50622 -0.43644 -0.14817 -0.45464 1.15364 4
-0.31038 -0.43846 -1.20427 -0.85677 -0.57988 -0.51807 -0.38216 -0.71388 -0.10743 -0.14498 -0.52434 1.01183 4
-0.31038 -0.40500 0.98106 0.01769 -0.25585 0.12319 0.49650 -0.17190 -0.48707 -0.14419 -0.63835 -0.72095 4
1.52642 -0.37155 1.78786 -0.01246 -0.24962 -0.43741 -0.38216 2.60588 -0.15496 -0.12749 0.31971 0.72006 4
-0.21666 -0.30464 0.40688 0.75143 1.33938 -0.43741 -0.38216 0.09223 0.04333 -0.13465 -0.64681 -0.71716 4
-0.32912 -0.43846 -0.50337 0.23379 1.33315 -0.19542 -0.22868 -0.02239 0.01742 -0.12272 -0.63916 0.88953 4
0.21442 0.26408 -0.35830 0.18354 -0.00036 -0.11476 -0.19031 -0.62197 -0.46015 -0.14021 -0.64963 -0.91353 5
-0.14169 -0.10392 -0.11160 -0.41451 -0.34932 -0.51807 -0.26705 -0.29578 -0.33093 -0.12749 -0.56865 -0.71707 5
-0.32912 -0.43846 -0.89208 -0.76128 -0.82913 -0.03410 -0.15194 -0.28110 -0.60871 -0.13862 0.94377 1.07271 5
-0.29163 -0.43846 -0.33626 0.58056 -0.00659 0.52650 -0.34379 4.76385 -0.31619 -0.13544 2.68907 1.26162 5
-0.32912 -0.37155 0.46870 0.07297 0.53553 -0.67939 -0.49727 -0.47647 2.86105 -0.14339 -0.44497 -0.70224 5
-0.27289 -0.40500 -0.38829 0.11820 -0.22469 -0.27609 -0.34379 -0.11288 -0.01839 -0.14817 0.13075 -0.54372 5
1.86379 3.44222 1.05452 1.21882 0.59785 -0.59873 -0.42053 0.72229 0.85098 -0.12749 0.56587 0.00774 5
-0.31038 -0.37155 0.11244 0.57553 0.47945 -0.51807 -0.11357 0.06161 1.51229 -0.13862 -0.54529 0.12691 5
-0.12295 -0.23773 0.46687 -0.18836 -0.34932 -0.19542 -0.22868 -0.27339 0.06644 -0.12113 0.31648 0.58939 5
-0.29163 -0.33809 0.45218 0.09810 0.07441 -0.51807 -0.42053 -0.69496 -0.46168 -0.14817 -0.60814 -0.54461 5
-0.32912 -0.43846 1.71318 0.29410 0.24889 -0.51807 -0.42053 -0.71767 -0.19676 -0.13465 -0.50862 -0.60027 6
0.21442 -0.43846 -0.77945 -0.18333 -0.48018 -0.43741 -0.38216 1.29026 -0.56123 -0.12590 -0.55375 0.92491 6
-0.32912 -0.40500 -0.04427 0.46497 0.39844 -0.59873 -0.45890 0.56555 -0.25708 -0.14419 -0.39541 -0.47806 6
-0.32912 -0.43846 -0.71089 -0.51503 -0.56742 -0.43741 -0.38216 -0.28281 -0.56010 -0.12590 -0.56704 -0.63852 6
-0.27289 -0.37155 0.52563 -0.11298 -0.08760 0.04656 -0.38216 -0.27214 -0.63297 -0.13862 -0.64802 0.12712 6
-0.16043 -0.20428 -0.31422 -0.62056 -0.53626 -0.51807 -0.30542 -0.51305 -0.49333 -0.14021 -0.56583 -0.49465 6
-0.12295 -0.07046 -0.13854 -0.35923 -0.24962 -0.59873 -0.45890 -0.75172 -0.49854 -0.14339 -0.13193 -0.84644 6
-0.27289 -0.40500 0.19569 0.10313 0.11803 -0.43741 -0.34379 -0.56841 -0.30585 -0.13703 0.21375 0.48825 6
-0.02923 0.09681 -0.57316 -0.26877 -0.32439 -0.19542 -0.19031 1.43174 -0.23115 -0.14021 -0.52313 -0.83683 6
0.12071 0.86625 -0.35768 -0.35923 -0.22469 -0.67939 -0.49727 -0.14076 -0.34224 -0.14817 -0.61821 -0.73838 6
-0.29163 -0.37155 0.07326 -0.32908 0.97796 -0.35675 -0.45890 -0.65611 -0.38218 -0.14817 -0.60411 -0.64863 7
-0.27289 -0.43846 0.08918 -0.18836 -0.06891 0.04656 -0.15194 -0.61545 -0.39881 -0.13544 -0.44336 0.94614 7
-0.31038 -0.43846 -0.62580 -0.52005 -0.34309 0.53053 1.30610 -0.51857 -0.50472 -0.13385 -0.65729 1.00706 7
-0.23540 -0.37155 0.00838 -0.26374 0.13673 -0.35675 -0.22868 -0.75584 0.05811 -0.13624 -0.03967 -0.60488 7
-0.34786 -0.43846 0.74049 0.20364 -0.07514 -0.67939 -0.49727 0.09545 0.76893 -0.12749 0.91396 0.03770 7
-0.17918 -0.27119 -0.63559 -0.34918 -0.34309 -0.35675 -0.38216 -0.61827 -0.44888 -0.13544 -0.53642 -0.83827 7
-0.25415 -0.37155 -0.63621 -0.28385 -0.54872 0.20788 0.03990 0.46768 0.78276 -0.13385 2.01706 1.20287 7
-0.29163 -0.43846 -0.21934 -0.37431 -0.39917 -0.51807 -0.34379 -0.46668 -0.54160 -0.14817 -0.65850 -0.72977 7
-0.08546 -0.00355 -0.05774 -0.34415 -0.41786 -0.59873 -0.45890 -0.47085 -0.55635 -0.12749 2.30834 0.10102 7
-0.29163 -0.43846 -0.02529 -0.66579 -0.26208 0.28048 0.03607 -0.71718 -0.55126 -0.13703 -0.25360 0.90344 7
0.87042 0.73244 -0.07549 -0.38939 -0.16238 -0.67939 -0.49727 -0.51282 -0.30503 -0.12590 -0.51950 -0.00293 8
-0.12295 -0.13737 -0.45991 -0.22857 -0.33686 -0.51807 -0.42053 -0.44625 -0.26849 -0.14419 -0.62707 -0.85513 8
0.12071 0.69898 0.42891 -0.48990 0.24889 -0.67939 -0.49727 -0.76930 -0.45744 -0.13862 -0.62022 0.89381 8
-0.16043 -0.33809 -0.79230 -0.44467 -0.40540 -0.51807 -0.38216 -0.00927 -0.48214 -0.14260 -0.62506 -0.71468 8
-0.32912 -0.40500 -0.80577 -0.35923 -0.25585 -0.51807 -0.45890 -0.76066 -0.51682 -0.12431 -0.40105 -0.62897 8
-0.25415 -0.37155 -0.66253 -0.40949 -0.36178 -0.67939 -0.49727 -0.21831 -0.10430 -0.13385 -0.07431 0.49732 8
-0.32912 -0.43846 -1.11184 -0.72108 -0.59234 -0.67939 -0.49727 -0.60654 -0.33066 -0.14658 0.48126 1.05462 8
-0.34786 -0.43846 -0.74517 -0.54015 -0.31193 -0.67939 -0.49727 -0.78908 -0.31819 -0.13862 -0.54408 -0.52457 8
-0.34786 -0.43846 -0.23832 -0.12303 -0.37424 -0.43741 -0.34379 2.23941 -0.57899 -0.13385 -0.41838 0.92848 8
-0.34786 -0.43846 -0.42196 -0.33913 -0.23715 -0.59873 -0.42053 -0.77165 -0.65404 -0.14021 -0.56342 0.12895 8
-0.10420 0.19717 -0.01427 -0.57031 -0.05644 -0.67939 -0.49727 -0.80418 -0.59356 -0.14021 -0.44174 0.92879 9
-0.34786 -0.40500 -0.85352 -0.82159 -0.69204 -0.59873 -0.19031 -0.78479 -0.57892 -0.13862 -0.25884 0.92569 9
-0.19792 -0.17082 -1.12408 -0.40949 -0.43033 -0.67939 -0.49727 0.39398 -0.31714 -0.14658 -0.18591 1.02451 9
-0.32912 -0.40500 -1.08001 -0.61051 -0.53003 -0.59873 -0.45890 -0.81243 -0.56141 -0.13862 -0.44174 0.93266 9
-0.32912 -0.40500 -1.10204 -0.91708 -0.61727 -0.51807 -0.45890 -0.63160 -0.41536 -0.14658 2.28054 1.29899 9
-0.34786 -0.43846 -1.04022 -0.65072 -0.65465 -0.67939 -0.49727 -0.81359 -0.63770 -0.13385 -0.32289 0.90943 9
-0.34786 -0.43846 -1.25018 -0.95728 -0.72943 -0.27609 -0.38216 -0.64375 -0.58285 -0.14658 2.12865 1.22471 9
-0.32912 -0.37155 -0.70905 -0.74621 -0.68581 -0.67939 -0.49727 -0.80803 -0.39872 -0.14817 -0.47357 -0.62139 9
-0.23540 -0.27119 -0.86576 -0.63564 -0.60480 -0.51807 -0.42053 -0.80041 -0.56714 -0.13226 -0.32733 -0.83064 9
-0.34786 -0.43846 -1.04450 -0.87185 -0.68581 -0.67939 -0.49727 -0.80276 -0.54007 -0.14419 -0.59403 -0.73371 9
-0.34786 -0.40500 -1.25630 -0.97738 -0.66712 -0.51807 -0.42053 -0.81244 -0.53202 -0.14817 1.79547 1.25193 10
-0.08546 0.26408 -1.28140 -0.92713 -0.82913 -0.67939 -0.49727 -0.46921 -0.64677 -0.14817 2.26483 1.27358 10
-0.36660 -0.43846 -1.18285 -0.69092 -0.65465 -0.67939 -0.49727 -0.08431 -0.42712 -0.13067 -0.32853 0.91927 10
-0.36660 -0.43846 -1.29242 -1.01256 -0.84159 -0.67939 -0.49727 -0.81916 -0.65934 -0.14817 0.61260 1.23075 10
-0.36660 -0.43846 -1.32180 -1.01256 -0.84159 -0.67939 -0.49727 -0.82083 -0.60813 -0.14817 2.68302 1.27775 10
-0.36660 -0.43846 -1.33037 -1.01256 -0.87898 -0.67939 -0.49727 -0.81730 -0.65243 -0.14817 2.19997 1.22998 10
0.02700 0.56517 -1.29915 -0.92713 -0.78551 -0.67939 -0.49727 -0.82021 -0.63771 -0.14817 -0.58759 1.02185 10
-0.34786 -0.40500 -1.28752 -0.98744 -0.70450 -0.67939 -0.49727 -0.78807 -0.55058 -0.14817 1.42844 1.25621 10
-0.36660 -0.43846 -1.32670 -0.99246 -0.86029 -0.67939 -0.49727 -0.81858 -0.64440 -0.14817 -0.58114 1.01351 10
-0.34786 -0.43846 -1.32241 -1.01256 -0.87898 -0.67939 -0.49727 -0.81855 -0.65331 -0.14817 2.19150 1.23062 10
