-0.21666 -0.40500 -0.13180 0.13328 0.09311 0.12722 0.23175 -0.28994 -0.07026 6.55603 -0.67542 -3.14705 1
0.53305 0.56517 1.05636 1.30425 1.12128 1.65979 -0.03683 1.91253 -0.19265 -0.09568 2.53960 0.09451 1
0.06448 -0.23773 2.95215 2.41491 2.28031 2.70033 -0.03875 2.34317 0.12599 -0.13067 -0.64923 -0.59566 1
0.60802 0.19717 3.01826 1.56558 0.37975 2.29702 0.99531 0.16254 -0.36123 -0.14021 -0.60975 -0.51993 1
0.19568 -0.40500 1.95742 0.95246 0.72870 2.69629 3.09413 2.91168 -0.44657 -0.13067 -0.62828 -0.59530 1
0.00825 -0.20428 3.83179 0.27400 0.12426 0.52650 1.18716 -0.08884 -0.39453 -0.12749 -0.31806 0.45769 1
-0.10420 -0.17082 1.00065 0.63584 0.23020 1.57913 2.26534 0.18451 0.50686 -0.14817 -0.61055 -0.53118 1
0.00825 -0.00355 0.46258 0.44487 -0.10006 1.98244 3.49317 -0.08235 -0.46689 -0.14419 -0.66253 -0.50624 1
-0.02923 -0.37155 1.87846 1.68117 1.29576 1.82112 -0.11357 3.63385 -0.16124 -0.12908 -0.60088 -0.58683 1
-0.17918 -0.37155 0.87210 0.55543 0.66639 -0.19542 -0.30542 1.18150 2.87898 -0.13544 -0.59968 -0.62693 1
-0.04798 -0.37155 1.26754 0.69112 0.70378 0.85318 -0.07520 0.21334 0.44972 -0.11635 -0.55052 -0.61027 2
-0.19792 -0.37155 0.03470 0.03277 -0.04398 2.05907 3.48550 -0.11179 -0.28033 -0.14578 -0.66333 -0.51166 2
-0.23540 -0.43846 1.27795 2.72148 3.04677 1.17986 0.15693 2.01828 2.05876 -0.11158 -0.49291 -0.74086 2
-0.10420 -0.43846 1.91335 1.56558 1.90643 1.90178 -0.19031 0.06644 -0.33311 -0.14658 -0.61539 -0.61406 2
-0.21666 -0.43846 0.39586 1.06302 1.17736 2.46641 -0.11357 1.02864 0.57676 -0.13067 0.73387 1.16680 2
-0.23540 -0.43846 0.70560 0.81677 1.50139 1.49847 -0.22868 0.16936 2.23118 -0.13862 -0.63875 0.11106 2
-0.29163 -0.37155 -0.08895 -0.11298 -0.11876 -0.27609 -0.00038 2.49132 -0.34095 -0.13544 -0.65890 -0.54066 2
-0.23540 -0.43846 0.34138 1.09820 1.20229 2.22039 -0.15194 1.32694 -0.30880 -0.14021 2.28739 1.25869 2
0.32688 1.13389 0.00470 -0.54518 -0.46148 1.57913 2.64904 -0.02643 -0.43219 -0.14419 -0.55576 -0.58127 2
-0.01049 -0.30464 1.23816 2.19881 1.87527 0.69185 -0.22868 0.55779 0.77843 -0.12908 -0.21210 -0.69169 2
-0.31038 -0.43846 0.40688 0.86702 0.14919 -0.03410 0.26820 0.69133 -0.30897 -0.14578 -0.49251 -0.48688 3
-0.19792 -0.40500 0.77783 1.10323 0.47322 0.60716 0.15310 -0.34561 -0.37248 -0.12908 -0.64601 -0.79223 3
-0.23540 -0.33809 0.38362 1.42487 1.04027 0.85318 0.00154 2.12088 -0.18328 -0.14021 -0.45907 -0.48651 3
-0.17918 -0.17082 0.42279 -0.11298 -0.19353 0.12319 0.07444 -0.53322 -0.47560 -0.11954 -0.61055 -0.76781 3
0.28939 1.26770 1.46955 3.31450 3.68236 0.28855 -0.34379 1.88979 3.21667 -0.14817 -0.41193 -0.49726 3
0.00825 -0.43846 1.09431 0.73635 0.69132 0.85318 -0.19031 1.00779 0.18784 -0.14658 -0.27294 -0.64055 3
-0.23540 -0.40500 0.28139 0.52025 0.71001 2.05907 -0.07520 0.20556 -0.60152 -0.13067 2.17579 1.25740 3
-0.19792 -0.43846 1.36365 1.43994 0.65393 0.12722 0.03799 -0.38892 -0.46948 -0.11635 3.72730 0.12436 3
-0.31038 -0.43846 -1.05736 -0.58036 -0.56118 0.20788 0.19338 0.57665 1.35362 -0.12908 0.83459 1.13710 3
-0.21666 -0.43846 0.03470 1.31430 1.23967 0.68782 -0.30542 -0.03803 0.24632 -0.14817 -0.53642 -0.63486 3
-0.29163 -0.40500 -1.06164 -0.68590 -0.74812 0.28855 -0.03683 0.32140 -0.40314 -0.13703 3.73737 1.28886 4
0.42059 1.50188 0.80109 0.09307 -0.10006 -0.35675 -0.30542 -0.73673 -0.47257 -0.13862 -0.64278 -0.46912 4
-0.31038 -0.40500 0.07204 -0.30898 0.06818 -0.11476 -0.11357 0.03181 1.01982 -0.13703 2.62904 1.30197 4
-0.27289 -0.37155 0.69091 0.07297 -0.10630 0.36921 0.07827 0.02302 0.21977 -0.14817 -0.65406 -0.80359 4
-0.16043 -0.23773 -0.00876 0.03779 0.04949 -0.27609 0.03990 -0.27304 0.45063 -0.14817 -0.48405 -0.50872 4
-0.06672 -0.00355 -0.86331 -0.69595 -0.50510 -0.51807 -0.15194 -0.21215 0.02353 -0.12590 -0.31846 0.50479 4
-0.21666 -0.40500 -0.66804 -0.74621 -0.28700 2.06310 1.53632 -0.41145 0.59622 -0.14021 1.89579 1.24141 4
-0.27289 -0.43846 1.82704 0.43984 0.39844 -0.43741 -0.34379 0.22334 -0.25229 -0.14817 -0.44698 -0.78882 4
2.35110 -0.33809 1.60483 -0.16323 -0.19977 -0.51807 -0.30542 -0.78818 -0.40602 -0.13544 -0.49412 0.44838 4
-0.02923 -0.37155 0.63520 -0.19339 -0.31193 0.69185 0.99915 0.71507 0.33745 -0.11476 0.32656 0.52990 4
0.32688 1.13389 -0.52541 -0.49995 -0.24339 -0.19542 -0.30542 -0.42765 0.09878 -0.13226 -0.46874 -0.60941 5
-0.34786 -0.40500 -0.99614 -0.48487 -0.43656 -0.59873 -0.45890 0.28649 -0.57477 -0.12590 -0.63996 0.93341 5
-0.17918 -0.43846 -0.72925 -0.54015 -0.37424 0.12722 0.49842 -0.62071 -0.49412 -0.12272 -0.65729 -0.57062 5
-0.31038 -0.43846 -0.85046 -0.68590 0.73494 -0.51807 -0.30542 -0.48595 -0.20914 -0.14180 -0.01831 1.15813 5
-0.31038 -0.43846 0.47911 -0.07277 0.31120 -0.59873 -0.42053 -0.68073 0.27169 -0.13226 -0.47559 -0.62718 5
0.53305 -0.37155 -0.68701 -0.23862 -0.21223 -0.67939 -0.49727 4.75973 -0.31451 -0.12828 -0.64601 -0.72123 5
-0.32912 -0.40500 -0.53704 -0.43964 -0.54249 -0.67939 -0.49727 -0.17661 -0.35624 -0.14817 -0.64158 -0.64455 5
-0.34786 -0.43846 0.48890 0.38959 0.17411 -0.59873 -0.42053 -0.11080 -0.33319 -0.14419 -0.63755 -0.74379 5
-0.31038 -0.40500 -1.09960 -0.81656 -0.40540 0.04656 -0.15194 -0.12853 0.30090 -0.13703 1.63109 1.21934 5
-0.34786 -0.43846 -0.01183 0.10815 0.50438 -0.27609 0.22983 -0.75773 -0.48109 -0.14021 -0.65406 -0.54656 5
-0.36660 -0.43846 -0.24199 -0.57031 -0.46771 -0.67939 -0.49727 -0.36311 -0.46725 -0.14021 0.94176 1.06337 6
-0.02923 0.09681 -0.00142 1.48517 0.54800 -0.35675 -0.34379 1.58494 2.82022 -0.14339 -0.46028 -0.67196 6
-0.14169 -0.27119 0.50543 -0.03257 0.11803 -0.51807 -0.26705 -0.24015 -0.54178 -0.14419 -0.58316 -0.82092 6
-0.23540 -0.23773 -0.53888 -0.32405 -0.10006 -0.51807 -0.45890 -0.76171 -0.44336 -0.14260 -0.63875 -0.54514 6
-0.34786 -0.43846 1.68747 0.07297 0.37352 -0.67939 -0.49727 -0.72358 0.90395 -0.13544 -0.52877 0.14092 6
-0.31038 -0.43846 -0.02713 1.34948 -0.18730 -0.51807 -0.34379 0.41956 1.85535 -0.13385 -0.31202 0.52035 6
-0.32912 -0.43846 0.13141 0.00764 -0.19977 -0.59873 -0.19031 -0.28621 -0.52454 -0.13544 -0.43409 -0.02241 6
-0.25415 -0.43846 0.30526 -0.13308 -0.09383 -0.51807 -0.42053 -0.68155 -0.21869 -0.13385 -0.27132 0.48168 6
-0.23540 -0.43846 -0.12630 -0.16323 -0.28700 -0.11476 -0.19031 -0.57784 -0.49495 -0.13067 -0.59645 -0.50876 6
0.23317 1.00007 -0.70905 -0.62559 -0.71074 -0.03410 0.80730 0.03685 -0.57054 -0.13862 -0.65406 1.00938 6
-0.32912 -0.40500 0.05245 -0.48487 -0.44902 -0.59873 -0.45890 -0.77120 -0.24279 -0.12113 -0.41354 -0.63078 7
-0.34786 -0.43846 -0.26464 -0.52005 -0.22469 -0.51807 -0.45890 -0.73632 0.63158 -0.13544 -0.37406 -0.73636 7
0.79545 1.53533 -0.43481 -0.45472 -0.29947 -0.59873 -0.45890 -0.76935 -0.09946 -0.14180 -0.53763 -0.83333 7
3.34447 6.88799 -1.14857 -0.80149 -0.73566 -0.27609 -0.30542 -0.61237 -0.60233 -0.14498 -0.49372 0.95608 7
-0.34786 -0.43846 -0.61539 -0.50497 -0.26208 -0.59873 -0.49727 -0.79274 -0.44162 -0.13544 -0.54770 -0.65027 7
-0.08546 -0.03701 -0.42441 -0.28385 -0.23715 -0.59873 -0.19031 -0.72579 -0.51372 -0.14339 -0.65044 -0.84168 7
-0.02923 -0.10392 -0.40176 -0.55021 -0.40540 -0.19542 -0.19031 -0.48618 -0.36109 -0.12908 0.07838 0.48628 7
-0.01049 0.13026 -0.31483 -0.49995 0.01210 -0.35675 -0.34379 0.35412 -0.21618 -0.14419 -0.23386 -0.75868 7
-0.32912 -0.43846 -0.13180 -0.68590 0.07441 -0.67939 -0.49727 -0.66446 0.78352 -0.13862 -0.65568 0.90607 7
-0.31038 -0.40500 -1.18958 -0.89697 -0.76059 -0.11476 -0.22868 -0.59807 -0.45614 -0.14817 4.10117 1.31941 7
-0.08546 0.23063 -0.93799 -0.76128 -0.53003 -0.59873 -0.38216 -0.59147 -0.36096 -0.13226 0.00747 -0.60051 8
-0.27289 -0.30464 0.43136 -0.41451 0.04326 -0.67939 -0.49727 -0.78495 1.56757 -0.13862 -0.59927 0.15179 8
-0.34786 -0.43846 0.24038 -0.61554 0.04326 -0.67939 -0.49727 -0.80143 -0.40804 -0.13862 -0.62465 0.90309 8
-0.36660 -0.43846 -1.25202 -0.95728 -0.84783 -0.67939 -0.49727 -0.81929 -0.64106 -0.14021 -0.50741 0.99293 8
-0.34786 -0.43846 -0.38707 -0.50497 -0.44902 -0.51807 -0.42053 -0.75054 -0.32154 -0.14578 -0.63795 -0.46998 8
-0.34786 -0.43846 0.57399 -0.22857 0.23643 -0.67939 -0.49727 -0.52658 0.42776 -0.13226 0.45467 0.76339 8
-0.31038 -0.40500 0.07449 -0.30898 -0.26208 -0.59873 -0.45890 -0.73882 0.55949 -0.13703 -0.61498 0.45359 8
-0.27289 -0.30464 -0.71089 -0.16826 -0.42409 -0.67939 -0.49727 0.29911 -0.54912 -0.14419 -0.46310 -0.81471 8
-0.17918 -0.43846 -0.19730 -0.77133 -0.56742 0.04656 0.65382 -0.80944 -0.66544 -0.12431 -0.36923 0.71815 8
-0.32912 -0.43846 -0.60560 -0.38436 -0.38671 -0.51807 -0.15194 -0.56760 -0.50408 -0.14817 -0.63352 -0.73847 8
-0.32912 -0.40500 -1.00839 -0.69092 -0.69204 -0.59873 -0.45890 -0.27881 -0.46712 -0.14817 -0.65326 -0.72483 9
-0.32912 -0.43846 0.01327 -0.44467 -0.36178 -0.67939 -0.49727 -0.37212 -0.60058 -0.13067 -0.50661 0.28147 9
-0.34786 -0.43846 -1.02491 -0.55021 -0.62973 -0.67939 -0.49727 -0.00772 -0.45928 -0.14817 -0.65084 -0.68982 9
-0.32912 -0.40500 -1.05185 -0.70097 -0.49264 -0.67939 -0.49727 -0.29763 -0.08817 -0.14817 -0.48203 -0.62960 9
-0.31038 -0.40500 -0.76476 -0.38436 -0.66712 -0.67939 -0.49727 -0.70945 -0.58272 -0.14339 -0.51104 0.95773 9
-0.34786 -0.40500 -0.22607 -0.41954 -0.40540 -0.59873 -0.34379 -0.62258 -0.46139 -0.14658 -0.65326 -0.74589 9
-0.36660 -0.43846 -0.69987 -0.59041 -0.44279 -0.67939 -0.49727 -0.80360 -0.52533 -0.14817 0.46313 -0.65670 9
-0.36660 -0.43846 -1.04940 -0.77636 -0.71074 -0.67939 -0.49727 -0.81695 -0.63631 -0.14817 -0.16940 0.89504 9
-0.36660 -0.43846 -0.84984 -0.63062 -0.29947 -0.59873 -0.45890 -0.77217 -0.50641 -0.14339 -0.54851 -0.63360 9
-0.34786 -0.40500 -1.29303 -0.98241 -0.79174 -0.67939 -0.49727 -0.82023 -0.56763 -0.13226 -0.47720 0.90639 9
-0.32912 -0.40500 -1.26855 -0.87687 -0.84159 -0.67939 -0.49727 0.07412 -0.57693 -0.14658 2.22253 1.30125 10
-0.36660 -0.43846 -1.28875 -0.92713 -0.77928 -0.67939 -0.49727 -0.82022 -0.61889 -0.14817 -0.18350 0.98940 10
-0.32912 -0.40500 -1.25079 -1.00251 -0.87275 -0.67939 -0.49727 -0.77708 -0.65738 -0.14658 0.63436 1.23184 10
-0.34786 -0.43846 -1.25692 -0.93718 -0.84783 -0.35675 0.53871 -0.58256 -0.52335 -0.14021 0.91195 1.16943 10
-0.34786 -0.43846 -1.31384 -0.97738 -0.83536 -0.67939 -0.49727 -0.81953 -0.63158 -0.14498 -0.48244 0.97136 10
-0.34786 -0.40500 -0.74088 -0.66579 -0.75436 -0.67939 -0.49727 -0.69992 -0.63586 -0.14658 1.19840 1.18147 10
-0.34786 -0.40500 -1.29426 -0.99246 -0.79174 -0.67939 -0.49727 -0.79344 -0.56908 -0.14339 2.26846 1.26471 10
-0.32912 -0.40500 -1.28997 -0.96231 -0.82290 -0.59873 -0.45890 -0.69246 -0.59970 -0.14817 2.64838 1.27113 10
-0.34786 -0.43846 -1.10266 -0.88190 -0.72943 -0.67939 -0.49727 -0.81003 -0.53036 -0.13862 0.03930 -0.60006 10
-0.34786 -0.40500 -1.29119 -0.99246 -0.78551 -0.67939 -0.49727 -0.78035 -0.59462 -0.14817 2.23421 1.29176 10
