-0.23540 -0.23773 -0.28300 -0.54015 -0.48018 -0.67939 -0.49727 -0.70080 -0.49589 1.07656 -0.67219 -3.14706 1
0.51431 0.49826 3.25761 1.10323 1.56370 -0.35675 -0.30542 1.30556 2.98745 12.95803 -0.67864 -3.14702 1
0.13945 -0.27119 2.73668 5.01316 2.39871 2.86972 0.50034 1.77993 0.83578 1.69688 -0.68549 -3.14698 1
-0.21666 -0.30464 0.30404 -0.42959 -0.48641 -0.51807 -0.11357 -0.20770 -0.50244 1.19586 -0.67381 -3.14705 1
0.06448 0.23063 -0.13364 1.29923 0.09934 -0.67939 -0.49727 2.35646 4.63540 5.68918 -0.67260 -3.14706 1
2.08870 1.10043 -0.35524 0.44989 0.82217 -0.35675 -0.30542 0.42035 1.35093 4.01909 -0.67501 -3.14704 1
0.04574 -0.40500 4.28355 8.73715 10.82972 2.61967 0.11473 5.88038 10.14171 -0.14021 -0.39461 -0.64297 1
1.13282 1.16734 3.20619 4.45029 0.91564 0.77251 0.80730 8.39314 0.74078 -0.10522 -0.56503 -0.02647 1
-0.12295 -0.43846 0.99759 0.46497 -0.12499 3.43435 5.37328 -0.07349 -0.29764 -0.14817 -0.62627 -0.59294 1
0.36437 -0.43846 0.27894 -0.05267 -0.30570 3.52308 5.42316 0.86214 -0.25846 -0.13624 -0.31202 -0.51672 1
1.07659 2.40514 0.83966 1.38466 0.12426 1.57913 0.61545 1.19439 1.14453 -0.12113 0.18111 0.58582 2
-0.06672 -0.27119 1.42731 0.09307 -0.02529 0.12722 0.19338 0.79543 -0.03304 -0.12590 -0.66132 0.46137 2
3.34447 0.83280 1.17144 1.19369 1.18982 0.28855 -0.30542 0.12959 0.69623 -0.14419 -0.65527 -0.73715 2
0.02700 0.06336 1.57851 0.45492 0.19904 0.36921 1.07588 0.08685 0.76978 -0.12590 0.05904 0.58880 2
0.00825 -0.13737 2.25982 2.25912 0.47322 0.12722 0.38331 -0.01079 -0.05171 -0.13862 -0.26125 -0.73307 2
-0.14169 -0.30464 1.08207 1.50528 -0.13122 1.09516 0.84567 1.01497 -0.42262 -0.12749 -0.42120 -0.74837 2
-0.19792 -0.43846 1.19103 2.05809 2.65419 1.40168 -0.07904 0.92137 1.35991 -0.14498 -0.62949 -0.62577 2
-0.10420 -0.27119 2.10434 1.87215 0.77232 0.60716 -0.03875 0.80219 0.99438 -0.11317 -0.13273 0.68088 2
0.25191 0.26408 0.98596 0.30415 0.01210 0.52650 1.68596 1.24881 -0.39389 -0.14180 -0.65568 -0.74271 2
-0.23540 -0.43846 -0.36931 -0.25369 -0.14368 1.74045 2.87926 -0.34610 -0.41197 -0.14817 -0.64762 -0.53270 2
-0.34786 -0.43846 0.52196 1.25902 0.51061 -0.03410 -0.26705 0.50665 -0.22224 -0.13862 -0.65205 -0.48060 3
-0.21666 -0.40500 0.01266 0.68610 1.04650 2.05907 -0.15194 -0.05637 -0.52928 -0.13385 1.75397 1.24325 3
-0.16043 -0.40500 0.48707 1.56558 0.67262 -0.11476 -0.30542 -0.21022 -0.28569 -0.14817 -0.65729 -0.56585 3
-0.17918 -0.17082 0.42279 -0.11298 -0.19353 0.12319 0.07444 -0.53322 -0.47560 -0.11954 -0.61055 -0.76781 3
-0.25415 -0.43846 0.71050 0.39964 0.26759 0.53053 0.23175 0.13467 1.40193 -0.13385 -0.62667 0.45081 3
0.85168 1.56879 -0.11650 0.34436 0.25512 1.09113 -0.00038 -0.24482 -0.29269 -0.14021 -0.55576 -0.86294 3
-0.32912 -0.43846 -0.27933 0.24384 0.08064 -0.03410 -0.42053 -0.44868 -0.37492 -0.14021 -0.02677 1.04157 3
0.23317 1.06698 1.75909 0.21872 0.18035 -0.27609 -0.30542 -0.56139 -0.47169 -0.11158 -0.65366 -0.72430 3
5.91224 7.65743 0.38178 0.31923 2.74143 -0.67939 -0.49727 -0.72090 0.94320 -0.13862 -0.57429 0.91368 3
-0.27289 -0.40500 0.73437 0.70118 0.24266 -0.35675 -0.34379 -0.14283 0.16761 -0.13544 0.23792 0.16390 3
-0.29163 -0.40500 0.62908 0.25892 0.18035 0.44987 -0.03683 0.15305 -0.16402 -0.13624 -0.63996 -0.73352 4
-0.34786 -0.43846 0.43504 0.70620 0.34859 -0.59873 -0.42053 -0.44651 0.14976 -0.14339 -0.65406 -0.49473 4
-0.14169 -0.37155 -0.08589 0.75646 -0.19977 1.58316 0.19530 -0.21349 -0.46877 -0.14419 -0.52957 -0.61567 4
-0.31038 -0.43846 -0.40849 -0.48990 0.08064 -0.59873 -0.30542 0.98901 2.42146 -0.13862 -0.53481 -0.83384 4
-0.14169 -0.40500 0.12591 0.36948 0.58538 0.37324 0.19530 -0.42937 0.01689 -0.14419 -0.18027 -0.53405 4
0.23317 0.59862 -1.04267 -0.67585 -0.53626 0.04656 -0.19031 -0.35239 -0.29031 -0.14658 -0.50540 1.12478 4
-0.14169 -0.30464 -0.06875 0.07800 0.09311 0.04656 -0.38216 -0.05863 -0.51984 -0.14021 -0.65527 -0.52843 4
-0.12295 -0.37155 0.32240 -0.11298 0.13673 0.36921 0.07827 -0.58411 0.02344 -0.14658 -0.55294 -0.62881 4
-0.25415 -0.30464 -1.00165 -0.60046 -0.84159 0.20385 -0.07712 1.04342 -0.53393 -0.14021 4.00005 1.30791 4
-0.16043 -0.07046 2.30389 0.74138 0.59785 -0.67939 -0.49727 3.24627 -0.32269 -0.14817 -0.44577 -0.75343 4
0.10197 0.09681 -0.18873 0.06795 0.04949 -0.11476 0.42360 -0.41541 0.21797 -0.14419 -0.65044 -0.62250 5
0.25191 1.10043 0.24650 -0.26374 -0.31816 -0.27609 0.00154 -0.05960 -0.12807 -0.14021 -0.56583 -0.80598 5
-0.29163 -0.43846 0.03653 0.64087 0.32990 0.77251 -0.30542 0.55195 0.80084 -0.13385 0.07959 1.02283 5
0.57054 1.93678 0.70315 0.72630 0.32367 -0.43741 -0.38216 -0.38911 -0.29783 -0.13703 -0.45021 0.44618 5
-0.34786 -0.43846 0.77171 0.64589 0.95926 -0.51807 -0.11357 -0.70187 -0.42135 -0.14817 -0.60129 -0.53597 5
-0.10420 -0.20428 0.31628 -0.08282 -0.19353 -0.19542 0.15501 -0.00600 0.13564 -0.13703 0.09369 0.52172 5
-0.17918 -0.40500 1.35569 0.01266 0.08688 -0.51807 -0.42053 -0.16266 0.72595 -0.13226 -0.27455 0.12022 5
-0.36660 -0.43846 -0.34483 -0.43964 -0.48641 -0.67939 -0.49727 -0.26879 -0.32051 -0.14021 -0.46914 1.04453 5
-0.17918 -0.37155 -0.49970 0.34436 0.49191 -0.11476 -0.26705 -0.11755 -0.50581 -0.14817 -0.43328 -0.84526 5
0.90791 1.30116 -0.68395 -0.50497 -0.56118 -0.35675 -0.30542 -0.70837 -0.51625 -0.14419 -0.57711 -0.72252 5
-0.14169 -0.27119 0.50543 -0.03257 0.11803 -0.51807 -0.26705 -0.24015 -0.54178 -0.14419 -0.58316 -0.82092 6
-0.34786 -0.43846 0.13141 -0.07277 0.07441 -0.59873 -0.19031 -0.04711 -0.32519 -0.14817 -0.64641 -0.74417 6
-0.21666 -0.30464 -0.25791 -0.32908 -0.44902 -0.35675 -0.34379 -0.11182 -0.46016 -0.13465 -0.66615 -0.72601 6
0.79545 1.53533 -0.06263 0.31923 0.09311 -0.35675 -0.38216 -0.58855 -0.22326 -0.14817 -0.54569 -0.83142 6
-0.10420 0.23063 -1.18897 -0.88190 -0.72320 -0.59873 -0.45890 -0.74500 -0.55440 -0.14021 -0.31564 1.03591 6
-0.23540 -0.37155 0.68540 -0.44969 -0.29324 -0.51807 -0.42053 -0.40404 -0.30143 -0.13544 -0.64641 0.45338 6
-0.31038 -0.37155 0.68356 -0.32405 0.06195 -0.43741 -0.30542 -0.69256 -0.50600 -0.14419 -0.62183 -0.71639 6
-0.17918 -0.43846 1.16348 -0.32908 -0.05644 -0.43741 -0.11357 0.10842 0.11856 -0.13385 -0.65688 0.46505 6
-0.34786 -0.40500 -1.04450 -0.26374 -0.67958 -0.51807 -0.34379 1.16621 0.26871 -0.13226 1.70925 1.20342 6
0.47682 1.60224 -0.56520 -0.27882 -0.35555 -0.35675 -0.30542 -0.77452 -0.44348 -0.13544 -0.64359 -0.63766 6
-0.34786 -0.43846 -0.80148 -0.54518 -0.61727 -0.67939 -0.49727 0.95705 -0.38227 -0.14021 -0.37648 1.00190 7
-0.32912 -0.43846 0.00470 -0.25872 0.06195 -0.59873 -0.49727 -0.65728 0.60898 -0.12431 -0.65930 -0.63212 7
-0.36660 -0.43846 -1.14612 -0.75123 -0.53626 -0.67939 -0.49727 -0.55842 -0.26833 -0.14021 -0.31846 1.02671 7
0.17694 0.76589 -0.58173 0.25892 0.21150 -0.67939 -0.49727 -0.72341 -0.27209 -0.14021 -0.64963 -0.74874 7
0.00825 0.53171 0.63888 0.05287 0.34859 -0.67939 -0.49727 -0.66484 0.03055 -0.14817 -0.57107 -0.61205 7
-0.32912 -0.43846 -1.20366 -0.91708 -0.82290 0.04656 -0.15194 -0.60637 -0.53362 -0.14817 2.54967 1.28033 7
-0.34786 -0.43846 -1.11184 -0.79144 -0.63596 -0.27609 -0.42053 -0.66903 -0.62625 -0.13544 -0.32169 1.02604 7
-0.34786 -0.43846 1.14879 0.31923 0.28005 -0.67939 -0.49727 -0.78481 -0.31588 -0.13862 -0.60250 -0.62794 7
1.22654 2.90695 -0.68273 -0.25369 -0.26208 -0.19542 -0.30542 -0.67877 -0.40517 -0.14817 -0.16980 -0.84354 7
-0.27289 -0.37155 -0.51623 -0.42959 0.01210 -0.35675 -0.38216 1.27192 -0.49488 -0.14260 -0.41354 -0.66528 7
-0.04798 0.36444 -0.85046 -0.21349 -0.55495 -0.43741 -0.38216 1.52304 1.01419 -0.13385 -0.29872 1.01457 8
-0.32912 -0.43846 -0.60499 -0.51503 -0.34309 -0.59873 -0.38216 -0.80582 -0.37215 -0.13862 -0.28905 -0.83961 8
-0.16043 -0.33809 -0.79230 -0.44467 -0.40540 -0.51807 -0.38216 -0.00927 -0.48214 -0.14260 -0.62506 -0.71468 8
-0.36660 -0.43846 -1.27467 -0.92210 -0.78551 -0.67939 -0.49727 -0.82019 -0.64154 -0.14658 -0.31161 1.02693 8
-0.36660 -0.43846 -1.23059 -0.78641 -0.74189 -0.67939 -0.49727 0.27073 -0.60702 -0.13703 0.93088 1.20790 8
-0.32912 -0.43846 -0.90126 -0.71605 -0.48641 -0.19542 -0.22868 -0.79243 -0.55915 -0.12749 -0.47962 -0.66292 8
0.13945 1.00007 -0.82413 -0.61554 -0.33686 -0.59873 -0.45890 -0.78996 -0.57180 -0.14817 0.14083 -0.60992 8
-0.32912 -0.43846 0.11917 -0.27882 -0.44902 -0.59873 -0.42053 0.63568 0.96388 -0.11476 0.26532 0.50854 8
-0.32912 -0.37155 -0.54010 -0.38939 -0.30570 -0.67939 -0.49727 0.05595 -0.56057 -0.14021 -0.57268 -0.82704 8
-0.25415 -0.33809 -0.09691 -0.17831 -0.30570 -0.51807 -0.42053 -0.70669 -0.22698 -0.13862 0.05582 0.52040 8
-0.34786 -0.40500 -0.99492 -0.66579 -0.62350 -0.51807 -0.42053 -0.43426 -0.53063 -0.14817 0.18071 -0.60454 9
-0.36660 -0.43846 -0.82352 -0.61554 -0.52380 -0.67939 -0.49727 -0.43408 -0.56793 -0.14817 -0.62868 -0.74972 9
-0.34786 -0.40500 -0.81618 -0.81154 -0.69204 -0.67939 -0.49727 -0.79866 -0.50200 -0.13226 -0.55375 -0.75738 9
-0.34786 -0.43846 -0.85352 -0.84169 -0.67958 -0.51807 -0.26705 -0.81595 -0.62966 -0.14021 0.13921 0.92781 9
-0.34786 -0.40500 -0.92697 -0.82662 -0.71074 -0.67939 -0.49727 -0.78663 -0.61086 -0.14658 2.37562 1.28674 9
-0.16043 -0.10392 -1.06409 -0.77636 -0.58611 -0.51807 -0.30542 -0.77371 -0.52136 -0.14021 -0.44456 -0.75801 9
-0.25415 -0.30464 -0.94350 -0.69595 -0.69827 -0.67939 -0.49727 -0.19868 -0.50803 -0.14498 -0.46592 -0.85974 9
-0.32912 -0.40500 -1.20488 -0.88692 -0.81667 -0.19542 0.88404 -0.40606 -0.43894 -0.14180 1.01871 1.16938 9
-0.36660 -0.43846 -0.87249 -0.58538 -0.65465 -0.67939 -0.49727 -0.81269 -0.55013 -0.14817 -0.43449 0.95511 9
-0.34786 -0.43846 -0.93738 -0.69595 -0.65465 -0.67939 -0.45890 -0.42209 -0.58311 -0.14817 -0.40387 -0.67545 9
-0.12295 0.16372 -1.27712 -0.93718 -0.80421 -0.67939 -0.49727 -0.58543 -0.53625 -0.14339 3.03232 1.28197 10
-0.36660 -0.43846 -1.27712 -0.89697 -0.77928 -0.67939 -0.49727 -0.43899 -0.65027 -0.14021 1.17342 1.23100 10
-0.31038 -0.43846 -1.08123 -0.84169 -0.71697 -0.51807 -0.49727 -0.81557 -0.51550 -0.14021 1.78540 0.94760 10
-0.32912 -0.43846 -1.13265 -0.65574 -0.46771 -0.67939 -0.49727 -0.66615 -0.36424 -0.14817 -0.47921 1.00387 10
-0.36660 -0.43846 -0.56397 -0.77636 -0.61103 -0.67939 -0.49727 -0.77070 -0.53875 -0.14817 -0.65044 1.00201 10
-0.36660 -0.43846 -0.90922 -0.84169 -0.81044 -0.67939 -0.49727 -0.80936 -0.58103 -0.14817 -0.01670 1.07108 10
-0.14169 0.13026 -1.29303 -0.95728 -0.79798 -0.67939 -0.49727 -0.53725 -0.56777 -0.14817 1.39661 1.25225 10
-0.34786 -0.43846 -0.20893 -0.74621 -0.54872 -0.67939 -0.49727 -0.79212 -0.30537 -0.14021 0.13317 0.74537 10
-0.34786 -0.43846 -0.11038 -0.45472 -0.48641 -0.67939 -0.49727 -0.74744 -0.28772 -0.14021 0.60213 0.78035 10
-0.34786 -0.43846 -1.28569 -0.98241 -0.74812 -0.67939 -0.49727 -0.80881 -0.56886 -0.14021 -0.26206 0.92417 10
