-0.31038 -0.40500 -0.76353 1.23389 -0.14368 -0.59873 -0.45890 3.37532 3.80973 4.21791 -0.67300 -3.14706 1
-0.02923 -0.27119 -0.09691 0.45995 0.19904 0.45390 0.34878 4.35037 6.10116 0.91751 -0.67542 -3.14704 1
0.58928 -0.37155 0.64928 0.06292 0.11180 3.03104 3.33969 0.54405 0.16457 -0.14339 -0.64077 -0.55510 1
-0.16043 -0.40500 1.79153 2.39481 2.54826 3.03911 0.34878 0.49585 -0.16048 -0.14817 -0.59645 -0.77739 1
0.17694 -0.37155 1.39548 1.58569 2.12453 3.91025 0.95694 0.60623 1.21199 -0.14021 -0.18309 -0.70097 1
-0.10420 -0.33809 1.95865 0.97256 0.52307 3.43435 1.26773 -0.12869 -0.40335 -0.14339 -0.64923 -0.54171 1
-0.10420 -0.40500 0.75029 0.12323 0.15542 3.59567 5.60350 0.01894 -0.48914 -0.14817 -0.65286 -0.59465 1
0.32688 -0.43846 0.72213 0.51020 -0.11253 2.53900 3.94401 2.87452 -0.44360 -0.13067 -0.65648 -0.55710 1
-0.21666 -0.43846 1.98007 1.29923 1.60109 2.30509 -0.11357 0.05152 -0.59618 -0.12749 -0.51628 0.98726 1
0.10197 0.19717 1.18797 1.80681 0.56669 -0.11476 0.30657 0.75940 -0.20941 -0.14817 -0.64319 -0.81639 1
-0.01049 -0.20428 0.25935 -0.16323 -0.23092 0.44987 0.34686 1.91918 3.20577 -0.13226 -0.64681 0.47531 2
0.13945 -0.17082 1.02024 0.35943 0.00587 0.93384 0.34686 1.30041 0.68794 -0.14180 -0.60048 -0.74432 2
0.15820 -0.40500 1.46526 0.87707 0.18035 1.82112 1.34447 -0.16800 -0.23187 -0.12431 -0.41475 0.71379 2
-0.25415 -0.43846 1.90294 1.01276 1.10882 0.53053 -0.15194 0.39245 0.01487 -0.14578 -0.64440 -0.56432 2
-0.32912 -0.43846 2.07006 1.80179 0.90941 -0.19542 -0.22868 1.98754 1.57514 -0.13544 -0.65245 -0.76203 2
2.08870 3.04077 0.67193 0.86200 0.41714 1.17582 0.84567 0.93255 0.56357 -0.14817 -0.16496 -0.76109 2
0.02700 -0.00355 2.63445 0.24887 0.25512 -0.19542 0.53679 0.25043 -0.16291 -0.14658 -0.61257 -0.76950 2
0.42059 -0.33809 0.85557 0.96753 1.03404 1.65979 0.38523 0.76894 0.16338 -0.10204 -0.56462 -0.02724 2
0.15820 -0.10392 1.41323 -0.42456 -0.32439 0.12722 0.57516 -0.65030 -0.63856 -0.12431 -0.45705 0.49941 2
0.04574 0.19717 0.73988 0.41471 0.24889 0.44584 0.03799 0.04707 -0.27373 -0.13067 -0.49976 -0.73717 2
-0.23540 -0.43846 0.08918 0.79164 1.07766 1.98244 -0.19031 -0.01304 -0.51456 -0.14339 0.24719 1.04275 3
-0.12295 -0.43846 0.17610 1.03789 1.32068 1.98244 -0.07520 0.08657 -0.50576 -0.13226 -0.53642 0.98224 3
-0.27289 -0.43846 0.33036 1.51533 1.18982 1.17582 -0.15194 0.55676 0.64379 -0.10204 0.74233 0.63498 3
0.06448 0.23063 0.85007 0.67102 0.29874 -0.27609 0.22983 0.33062 0.01042 -0.12113 -0.62546 -0.76092 3
0.32688 1.20079 1.44506 2.32445 1.91266 0.28855 -0.38216 0.27212 0.88246 -0.14498 -0.59484 -0.60256 3
-0.21666 -0.43846 0.21711 0.95246 1.26460 2.46641 -0.11357 -0.03046 -0.61547 -0.13862 2.13913 1.26014 3
-0.32912 -0.43846 -1.08246 -0.75626 -0.79798 0.20788 -0.07520 -0.06602 -0.49391 -0.14658 0.33260 1.11278 3
-0.31038 -0.43846 1.38997 -0.07780 0.04326 0.36921 0.11664 -0.02498 0.14405 -0.14180 -0.64319 -0.79950 3
-0.02923 -0.17082 1.20327 -0.34918 -0.10006 0.20788 1.07588 -0.46246 0.10083 -0.13226 -0.07311 0.73631 3
-0.17918 -0.23773 1.06187 -0.47482 -0.31816 -0.03410 0.80730 -0.29313 0.16869 -0.13544 -0.62546 0.47033 3
0.42059 1.46843 0.27404 0.06795 -0.08760 -0.35675 -0.30542 -0.58238 -0.22932 -0.13544 -0.63311 0.46865 4
1.24528 3.10768 0.28078 0.41974 -0.11253 0.12722 0.07827 2.57293 -0.28626 -0.14180 -0.37930 -0.65895 4
-0.36660 -0.43846 1.47383 -0.19841 -0.06891 -0.67939 -0.49727 -0.44598 -0.55470 -0.13862 -0.39823 1.04682 4
-0.10420 -0.23773 1.17695 -0.31400 -0.46771 -0.03410 0.80730 -0.65269 -0.61834 -0.13703 3.65397 0.12890 4
0.17694 0.49826 -0.72374 -0.45472 -0.36178 -0.59873 -0.22868 -0.42568 -0.57720 -0.12431 1.22821 0.81464 4
0.66425 1.90333 -0.03937 0.89718 0.70378 -0.51807 -0.03683 0.09069 0.38546 -0.12590 0.37289 0.51992 4
-0.31038 -0.37155 0.69764 0.48507 0.37352 -0.43741 -0.07520 1.40738 -0.14495 -0.13624 -0.56906 -0.81083 4
-0.23540 -0.37155 -0.20220 0.78159 1.06520 -0.35675 0.00154 0.16201 -0.28227 -0.12908 -0.53683 0.87633 4
-0.32912 -0.43846 0.63765 0.05790 -0.01283 -0.67939 -0.49727 0.50076 2.45284 -0.11317 -0.45947 -0.76199 4
-0.23540 -0.40500 -0.26648 -0.07277 0.19281 0.92981 0.11473 -0.28965 0.24603 -0.14817 2.63468 1.19632 4
-0.32912 -0.43846 0.17671 -0.31903 -0.05021 -0.35675 0.54063 -0.66985 0.10350 -0.14260 -0.61096 -0.77369 5
-0.14169 -0.10392 -0.11160 -0.41451 -0.34932 -0.51807 -0.26705 -0.29578 -0.33093 -0.12749 -0.56865 -0.71707 5
-0.32912 -0.43846 -0.27321 -0.22354 -0.31193 -0.27609 -0.34379 -0.23482 -0.36586 -0.14658 0.31729 -0.54948 5
0.06448 0.19717 -0.10793 -0.23359 0.04326 -0.35675 -0.34379 -0.60390 0.15540 -0.13862 -0.63875 -0.62875 5
-0.10420 -0.03701 1.23204 0.56046 0.10557 -0.43741 -0.26705 2.18449 -0.40704 -0.14658 -0.62909 -0.75052 5
0.00825 -0.20428 -0.25362 -0.43462 -0.33062 -0.19542 -0.26705 -0.46968 -0.45174 -0.14419 -0.62224 -0.51102 5
0.57054 1.93678 0.70315 0.72630 0.32367 -0.43741 -0.38216 -0.38911 -0.29783 -0.13703 -0.45021 0.44618 5
-0.34786 -0.43846 -0.15935 0.13831 0.02456 -0.51807 -0.42053 -0.71743 -0.40975 -0.14180 -0.64198 -0.53938 5
-0.31038 -0.40500 -0.24321 0.46497 -0.29324 -0.35675 0.23367 3.98202 -0.48868 -0.13544 -0.62183 -0.54162 5
-0.27289 -0.37155 -1.08858 -0.81154 -0.70450 0.44987 -0.03683 -0.18446 -0.09189 -0.14498 1.61578 1.23019 5
-0.29163 -0.43846 -0.51378 -0.09790 0.14296 0.61119 -0.34379 -0.49870 -0.57573 -0.13067 -0.45544 0.90775 6
-0.02923 0.36444 -1.15346 -0.76128 -0.53626 -0.67939 -0.49727 -0.74877 0.17716 -0.14817 -0.01670 1.04396 6
-0.31038 -0.37155 0.72580 -0.43462 -0.36178 -0.59873 -0.45890 -0.78315 -0.47471 -0.14419 -0.65326 -0.81716 6
0.21442 1.06698 -0.17282 1.42487 0.19281 -0.51807 -0.38216 1.46987 3.14044 -0.14260 -0.53038 -0.67204 6
-0.29163 -0.43846 -0.43481 -0.20344 -0.02529 0.20788 -0.19031 -0.44899 -0.38459 -0.14817 -0.60451 -0.64543 6
-0.16043 -0.20428 -0.31422 -0.62056 -0.53626 -0.51807 -0.30542 -0.51305 -0.49333 -0.14021 -0.56583 -0.49465 6
-0.29163 -0.40500 -0.18200 -0.43462 -0.28700 0.44987 0.76893 -0.58216 -0.61071 -0.12272 -0.36560 0.73526 6
-0.12295 -0.27119 -0.74088 -0.56528 -0.51756 0.04656 0.03799 -0.75337 -0.49353 -0.14180 -0.16859 -0.73926 6
-0.17918 -0.40500 -0.54622 -0.09790 1.05273 -0.35675 -0.42053 0.31383 -0.31341 -0.13544 -0.13837 0.91680 6
-0.29163 -0.37155 -0.08467 -0.01749 -0.05021 -0.35675 -0.34379 0.28995 -0.49014 -0.14817 -0.58759 -0.61776 6
-0.34786 -0.43846 -0.63682 0.15841 -0.33062 -0.19542 0.30849 2.25250 0.94176 -0.13544 -0.51467 1.01832 7
-0.27289 -0.33809 0.96209 -0.43964 -0.10630 -0.43741 -0.38216 -0.80100 -0.54340 -0.14339 -0.59041 0.99547 7
1.09534 2.10405 -0.73170 -0.27882 -0.22469 -0.43741 -0.42053 -0.33662 -0.32993 -0.14419 -0.55898 -0.73613 7
-0.17918 -0.17082 -0.37299 -0.25872 -0.16238 -0.67939 -0.49727 0.71074 -0.05368 -0.12908 1.18792 0.81304 7
-0.23540 -0.33809 -1.16815 -0.91708 -0.79174 0.20788 -0.15194 -0.69801 -0.50462 -0.14817 0.37329 1.05948 7
-0.36660 -0.43846 -1.05797 -0.78641 -0.61103 -0.67939 -0.49727 -0.79929 -0.59627 -0.13226 0.26532 1.05201 7
-0.21666 -0.20428 0.18773 -0.53513 0.01833 -0.67939 -0.49727 -0.80261 1.87655 -0.13862 -0.58759 0.15133 7
-0.36660 -0.43846 -0.63437 -0.53010 -0.50510 -0.59873 -0.45890 -0.37978 -0.49630 -0.14658 -0.65326 -0.74425 7
-0.31038 -0.43846 -0.40115 -0.54015 -0.37424 -0.43741 -0.11357 -0.71842 -0.56064 -0.13067 -0.65406 0.26707 7
-0.36660 -0.43846 -0.86270 -0.55021 -0.60480 -0.51807 -0.38216 0.84957 1.36203 -0.13385 -0.57308 1.02414 7
-0.25415 -0.40500 0.13876 -0.53010 -0.13745 -0.19542 -0.30542 -0.58656 0.99848 -0.14021 -0.49533 0.46556 8
-0.21666 -0.27119 -0.64661 -0.20846 -0.31193 -0.67939 -0.49727 0.02565 -0.48961 -0.14260 -0.42845 -0.80425 8
-0.31038 -0.37155 -0.53704 -0.77133 -0.62973 -0.51807 -0.22868 -0.29421 -0.26900 -0.14021 -0.34908 -0.77947 8
-0.36660 -0.43846 -0.92330 -0.72108 -0.59234 -0.67939 -0.49727 -0.81690 -0.63201 -0.14339 -0.31282 1.02688 8
-0.36660 -0.43846 0.13386 -0.45974 -0.16861 -0.67939 -0.49727 -0.51671 -0.57214 -0.13703 -0.65850 0.90385 8
-0.34786 -0.43846 -0.52847 -0.30395 -0.57365 -0.51807 -0.42053 0.37902 -0.60662 -0.13544 0.29996 0.85886 8
-0.34786 -0.43846 -0.54683 -0.69595 -0.56742 -0.51807 -0.42053 -0.73889 -0.48871 -0.14817 -0.63070 -0.57527 8
-0.36660 -0.43846 0.11060 -0.56026 -0.05644 -0.67939 -0.49727 -0.55720 -0.58623 -0.13385 0.88455 0.91945 8
-0.36660 -0.43846 -1.17183 -0.73113 -0.71074 -0.59873 -0.42053 1.04386 1.28460 -0.13067 0.93088 1.17310 8
0.06448 0.76589 0.48339 -0.30898 -0.01906 -0.67939 -0.49727 -0.67933 -0.37654 -0.13862 -0.23144 0.92872 8
-0.27289 -0.30464 -0.92452 -0.76631 -0.61727 -0.67939 -0.49727 -0.75532 -0.41281 -0.14021 -0.61619 -0.74968 9
-0.29163 -0.40500 -0.87494 -0.74621 -0.61727 -0.51807 -0.15194 -0.74949 -0.43022 -0.14021 0.02278 0.50135 9
-0.08546 -0.03701 -1.06042 -0.24867 -0.58611 -0.27609 -0.30542 -0.13351 0.27926 -0.12908 0.05340 1.03154 9
-0.12295 -0.17082 0.51890 -0.42959 -0.33686 -0.67939 -0.49727 -0.61479 -0.02065 -0.14021 -0.18793 0.15895 9
-0.25415 -0.27119 -0.73292 -0.67082 -0.18107 -0.59873 -0.49727 -0.66083 -0.03653 -0.13624 -0.57873 -0.63604 9
-0.34786 -0.43846 -0.83699 -0.58538 -0.36801 -0.67939 -0.49727 -0.76334 -0.52646 -0.10999 -0.55939 -0.64856 9
-0.01049 0.49826 -1.13388 -0.06272 -0.54872 -0.67939 -0.49727 0.55005 1.01807 -0.13862 -0.09124 0.99113 9
-0.36660 -0.43846 -0.86882 -0.47985 -0.61727 -0.67939 -0.49727 -0.27003 0.20765 -0.12749 -0.15892 1.01381 9
-0.36660 -0.43846 -1.17244 -0.05267 -0.57365 -0.67939 -0.49727 0.44100 1.41583 -0.13544 -0.17906 0.98976 9
-0.36660 -0.43846 -1.13265 -0.76128 -0.59234 -0.67939 -0.49727 -0.81150 -0.62968 -0.13862 -0.17222 0.89327 9
-0.32912 -0.43846 -0.85290 -0.73113 -0.62973 -0.59873 -0.42053 -0.79437 -0.58295 -0.14021 -0.58356 -0.73369 10
-0.34786 -0.43846 -1.01084 -0.80651 -0.77928 -0.67939 -0.49727 -0.21019 -0.58665 -0.14578 0.49335 -0.74264 10
-0.36660 -0.43846 -1.31507 -1.00754 -0.82290 -0.67939 -0.49727 -0.82089 -0.63473 -0.14817 1.76002 1.25257 10
-0.34786 -0.43846 -1.22141 -0.76631 -0.71697 -0.67939 -0.49727 -0.81507 -0.60816 -0.14817 0.05501 1.05172 10
-0.32912 -0.40500 -1.25202 -0.85677 -0.77305 -0.67939 -0.49727 0.00057 -0.50565 -0.14658 2.15404 1.29198 10
-0.36660 -0.43846 -1.25202 -0.65574 -0.75436 -0.67939 -0.49727 -0.35438 0.05463 -0.12749 -0.33981 0.98276 10
-0.36660 -0.43846 -1.29793 -0.95226 -0.79798 -0.67939 -0.49727 -0.82066 -0.65012 -0.14817 2.25476 1.26367 10
-0.36660 -0.43846 -1.31629 -1.01256 -0.84783 -0.67939 -0.49727 -0.81830 -0.60439 -0.14180 2.72371 1.27513 10
-0.36660 -0.43846 -1.28018 -0.98744 -0.84159 -0.67939 -0.49727 -0.81537 -0.65250 -0.14817 2.33735 1.29343 10
-0.34786 -0.40500 -1.29303 -0.99749 -0.78551 -0.67939 -0.49727 -0.77808 -0.59612 -0.14817 2.26483 1.29572 10
