0.28939 -0.07046 1.56994 1.70630 1.92512 2.86972 0.03990 0.83484 -0.45618 1.11633 -0.68388 -3.14699 1
0.04574 0.59862 -0.45440 -0.61051 -0.46771 -0.59873 -0.45890 -0.69223 -0.40401 2.76255 -0.67219 -3.14706 1
-0.31038 -0.43846 -0.42196 0.72128 0.43583 -0.59873 -0.45890 1.65280 3.36714 3.56579 -0.67421 -3.14705 1
0.04574 -0.40500 4.28355 8.73715 10.82972 2.61967 0.11473 5.88038 10.14171 -0.14021 -0.39461 -0.64297 1
0.19568 -0.17082 1.10594 1.34948 1.23344 3.27303 2.95600 0.17733 -0.40615 -0.14260 -0.62586 -0.57915 1
0.00825 -0.07046 2.34123 0.04784 -0.18730 1.41781 4.64426 0.52157 0.20331 -0.11158 -0.39662 0.65391 1
0.88916 0.93316 0.20059 0.16343 -0.13122 3.44242 5.19295 0.92742 -0.30405 -0.14180 -0.65084 -0.55336 1
0.30814 -0.20428 1.91947 2.33450 1.45154 1.57913 0.19338 1.76276 -0.32632 -0.09886 -0.47962 -0.08470 1
1.11408 0.96662 1.93171 0.66600 0.88449 2.45834 2.98669 0.08211 0.46298 -0.13624 -0.60652 -0.54668 1
0.81419 2.13751 2.68097 0.05287 -0.14992 0.93384 1.30610 0.54709 -0.06838 -0.11954 -0.49936 0.48631 1
-0.23540 -0.40500 0.69458 0.84692 0.62900 0.52650 0.19146 0.41882 0.56403 -0.14339 -0.64198 -0.75502 2
0.66425 1.70260 -0.04060 0.00764 -0.18107 2.06310 3.68502 -0.14345 -0.46728 -0.14339 -0.63755 -0.52635 2
-0.14169 -0.30464 2.05965 -0.15821 -0.15615 0.20788 0.38523 0.66930 0.24907 -0.12113 -0.65084 0.47057 2
-0.16043 -0.23773 1.35202 -0.12805 0.09311 0.76848 0.42168 -0.46509 -0.21938 -0.12113 -0.35190 0.49501 2
0.58928 1.06698 1.79827 1.34446 1.74441 2.14376 0.23175 0.02610 -0.02519 -0.12749 0.32535 0.74865 2
-0.10420 -0.37155 1.27856 1.54046 1.84412 2.38575 -0.11357 0.36576 -0.43190 -0.12749 -0.39582 0.92840 2
0.27065 0.79934 0.64439 1.43994 1.63225 2.62773 -0.11357 1.07114 -0.53048 -0.13544 -0.64399 0.98432 2
0.00825 0.02990 -0.26219 -0.21349 -0.31193 1.33311 2.37470 0.62916 -0.40533 -0.13067 -0.63432 -0.52806 2
-0.27289 -0.40500 1.82643 0.44989 1.05897 -0.76006 -0.49727 0.07381 3.90902 -0.14021 -0.58880 -0.81168 2
-0.12295 -0.23773 0.68418 0.64589 0.90941 0.85318 0.11664 0.33056 0.99030 -0.12749 -0.56462 0.11526 2
-0.23540 -0.43846 -0.28729 0.25892 0.42960 1.01047 -0.30542 -0.01267 -0.38957 -0.13703 -0.29066 0.98055 3
0.40185 0.63207 1.77133 -0.12805 -0.18107 0.36517 0.84375 -0.57543 -0.23047 -0.13703 -0.62627 0.70005 3
0.70174 2.10405 0.55869 0.59061 0.19904 -0.03410 -0.26705 0.21133 0.75507 -0.14578 -0.44134 -0.62763 3
-0.12295 -0.23773 1.92559 0.50015 0.36106 -0.27609 -0.22868 -0.12134 -0.36613 -0.12749 -0.60491 -0.01354 3
-0.23540 -0.43846 1.10778 1.33943 1.70703 1.01450 -0.26705 0.24567 0.71432 -0.14498 -0.60612 -0.60257 3
0.85168 1.56879 -0.11650 0.34436 0.25512 1.09113 -0.00038 -0.24482 -0.29269 -0.14021 -0.55576 -0.86294 3
-0.25415 -0.43846 0.61072 0.83184 -0.05021 -0.27609 -0.07520 4.04976 -0.49673 -0.13624 -0.64399 -0.55781 3
-0.25415 -0.40500 0.54461 0.44487 0.93434 0.53053 -0.34379 0.25863 1.82412 -0.13544 -0.54972 0.12779 3
0.66425 1.30116 3.12906 11.52135 14.54983 -0.43741 -0.42053 -0.65682 -0.25068 -0.12908 -0.64883 -0.84571 3
0.13945 -0.43846 0.53971 0.37451 0.39844 0.53053 0.07827 -0.40776 -0.46203 -0.13624 -0.62868 -0.66471 3
-0.27289 -0.37155 0.05612 0.07800 0.17411 0.20788 -0.38216 -0.27320 0.42733 -0.13385 -0.63432 -0.48248 4
-0.04798 -0.10392 0.78273 0.13328 0.17411 -0.59873 -0.45890 -0.40329 0.10974 -0.14817 -0.60934 -0.82962 4
-0.31038 -0.43846 0.01695 0.78661 0.96550 -0.03410 -0.15194 0.12441 0.04816 -0.13544 -0.61458 0.86416 4
-0.14169 -0.10392 -0.13609 0.25389 0.02456 -0.11476 -0.15194 2.23857 4.14673 -0.12590 0.23671 -0.69497 4
-0.21666 -0.40500 0.23181 0.50015 0.44206 -0.03410 -0.38216 -0.31086 -0.31565 -0.13226 -0.54367 -0.52338 4
0.94539 2.47205 0.99820 0.60066 0.75986 -0.51807 -0.42053 0.15950 0.09297 -0.12431 -0.60169 -0.66247 4
-0.19792 -0.37155 -0.47399 -0.15821 -0.04398 2.14376 0.50034 0.92933 -0.59853 -0.14021 0.58521 1.22854 4
-0.23540 -0.40500 0.86414 0.17851 0.09934 -0.11476 -0.26705 -0.26321 -0.48524 -0.13226 -0.20404 0.33199 4
1.62013 1.20079 -0.02958 0.29913 0.41091 0.04656 -0.15194 -0.24381 0.05536 -0.14817 -0.35472 -0.75323 4
-0.04798 -0.30464 0.89169 -0.08282 -0.44902 0.20788 0.03990 0.12021 0.42150 -0.11954 0.29191 0.52855 4
0.34562 0.49826 0.73927 -0.62056 -0.49887 0.04656 0.00154 -0.68179 -0.34796 -0.13862 0.64806 0.78008 5
-0.01049 -0.10392 -0.13242 0.22877 -0.33686 -0.27609 -0.22868 2.78419 0.20175 -0.14260 -0.46793 -0.80033 5
0.30814 0.96662 -0.11038 -0.17328 -0.10006 0.20788 -0.38216 0.46034 1.04800 -0.12749 0.11464 0.94048 5
-0.31038 -0.33809 -0.22363 1.08815 0.14296 -0.43741 -0.38216 1.92861 5.32005 -0.14180 -0.45464 -0.66913 5
-0.36660 -0.43846 -1.08552 -0.52005 -0.44902 -0.67939 -0.49727 -0.72596 0.17218 -0.14180 -0.01630 1.04805 5
-0.31038 -0.43846 -0.04733 0.01266 -0.23715 -0.11476 0.03990 1.58887 0.04934 -0.11795 -0.61216 0.46984 5
-0.02923 0.09681 1.89131 0.46497 -0.00659 -0.43741 -0.11357 3.29590 -0.42133 -0.13624 -0.46551 -0.75538 5
-0.16043 -0.37155 0.65847 0.38959 0.53553 -0.51807 -0.38216 0.31115 -0.18620 -0.13226 -0.65326 -0.66791 5
0.08322 0.06336 0.45646 -0.03759 0.14296 -0.03410 -0.11357 -0.34046 0.58858 -0.13544 -0.61901 0.45392 5
-0.36660 -0.43846 -0.02040 -0.69092 -0.51133 -0.67939 -0.49727 -0.81322 -0.62237 -0.14021 0.94740 1.06337 5
-0.31038 -0.37155 -0.02346 1.46005 0.56046 -0.51807 -0.22868 1.11999 -0.26834 -0.14658 0.45790 -0.65598 6
0.45808 1.53533 0.55808 0.48005 0.28628 -0.11476 -0.15194 0.15540 -0.46217 -0.14817 -0.49815 -0.82024 6
0.51431 1.40152 -0.86637 -0.69595 -0.57988 0.04656 0.34494 -0.14718 -0.41033 -0.14817 -0.58598 -0.61424 6
0.60802 1.66915 -0.09018 -0.28385 0.00587 0.20788 -0.38216 -0.47718 -0.37827 -0.10204 -0.60048 0.45393 6
-0.34786 -0.43846 -1.19509 -0.72610 -0.56742 -0.67939 -0.49727 -0.18468 -0.54895 -0.14180 -0.62909 0.97619 6
-0.29163 -0.43846 -0.08100 0.06292 0.11803 -0.27609 -0.19031 -0.39200 -0.06309 -0.13067 0.30681 0.50270 6
-0.14169 -0.07046 -0.56887 -0.41451 -0.33062 -0.51807 -0.42053 -0.60672 -0.51147 -0.14817 -0.63432 -0.47327 6
-0.31038 -0.40500 -1.11367 -0.77133 -0.74812 -0.03410 -0.19031 -0.56611 -0.55692 -0.14658 2.64072 1.19896 6
0.13945 0.86625 0.35546 -0.36928 -0.43033 -0.51807 -0.42053 -0.65450 -0.39884 -0.14498 -0.58638 0.99737 6
-0.36660 -0.43846 1.26142 -0.19841 -0.03152 -0.59873 -0.42053 -0.74390 -0.56388 -0.13862 -0.51749 0.12433 6
-0.32912 -0.43846 -1.14795 -0.78138 -0.62350 -0.19542 -0.22868 -0.63209 -0.52752 -0.13862 0.91436 1.06057 7
-0.25415 -0.30464 1.35324 0.39964 0.26135 -0.59873 -0.45890 -0.06823 -0.39931 -0.14260 -0.57188 -0.81839 7
-0.36660 -0.43846 0.53481 0.12323 0.09934 -0.51807 -0.42053 0.08872 0.04294 -0.13544 -0.01348 0.20281 7
-0.12295 -0.03701 -0.20342 0.82179 0.18035 -0.67939 -0.49727 1.38189 4.63790 -0.12749 -0.46269 -0.66980 7
-0.34786 -0.40500 -0.47277 -0.14313 -0.34932 -0.67939 -0.49727 -0.80434 -0.57646 -0.14658 -0.54972 -0.49964 7
-0.36660 -0.43846 -0.69681 -0.60046 -0.64219 -0.67939 -0.49727 0.18202 -0.53489 -0.14021 -0.61901 0.97952 7
0.13945 0.79934 -0.56275 -0.07277 -0.11253 -0.51807 -0.38216 -0.73209 -0.45383 -0.14817 -0.64560 -0.61423 7
-0.16043 -0.07046 0.05184 1.54548 0.52307 -0.67939 -0.49727 1.95704 4.02110 -0.14498 -0.53199 -0.67128 7
-0.19792 -0.17082 0.55073 -0.53010 -0.49887 -0.67939 -0.49727 -0.80006 -0.44272 -0.14658 0.46273 -0.74927 7
0.17694 0.83280 -0.23832 -0.56528 0.07441 -0.43741 -0.11357 -0.71072 0.54244 -0.14817 -0.42845 -0.59418 7
-0.25415 -0.30464 -0.28178 -0.45472 -0.39917 -0.59873 -0.45890 -0.22856 -0.29433 -0.12590 -0.46189 -0.63233 8
-0.34786 -0.40500 0.18528 -0.46980 -0.38047 -0.59873 -0.34379 -0.76034 -0.08281 -0.11635 -0.57671 -0.83708 8
-0.31038 -0.43846 -0.54377 -0.43462 -0.31816 -0.35675 -0.11357 -0.74939 -0.55426 -0.14658 -0.17141 -0.83342 8
-0.27289 -0.37155 -1.17611 -0.85174 -0.79174 -0.03410 -0.19031 -0.26864 -0.61417 -0.14021 1.16576 1.23085 8
-0.17918 -0.13737 -0.93309 -0.45974 -0.37424 -0.43741 -0.22868 -0.77057 -0.50518 -0.13783 -0.28825 -0.73551 8
-0.36660 -0.43846 0.08244 -0.70600 -0.38047 -0.67939 -0.49727 -0.76369 -0.38424 -0.14339 -0.47518 0.98542 8
-0.27289 -0.33809 -0.83454 -0.66579 -0.64842 -0.59873 -0.42053 -0.72599 -0.49383 -0.13703 -0.39864 -0.68219 8
-0.29163 -0.43846 -1.04756 -0.68087 -0.54249 0.20788 -0.38216 -0.64227 -0.62487 -0.14817 2.48924 1.19833 8
-0.19792 -0.40500 -0.65335 -0.58036 -0.48018 -0.51807 -0.38216 -0.63525 -0.54720 -0.13226 -0.57510 -0.63869 8
-0.32912 -0.40500 -0.21077 -0.51000 -0.43033 -0.51807 -0.45890 0.69054 -0.50001 -0.14498 -0.21653 -0.63839 8
-0.36660 -0.43846 -1.09103 -0.83164 -0.06268 -0.51807 -0.38216 -0.43673 0.50582 -0.14658 -0.59081 1.01474 9
-0.31038 -0.37155 0.91250 -0.39944 0.01210 -0.59873 -0.49727 -0.71819 -0.08812 -0.13862 0.45507 0.74248 9
-0.31038 -0.37155 -0.89759 -0.76128 -0.69827 -0.67939 -0.49727 -0.80729 -0.57813 -0.14817 -0.64681 -0.74928 9
-0.01049 0.49826 -1.21100 -0.76128 -0.68581 -0.67939 -0.38216 -0.09238 -0.55179 -0.14339 0.09772 1.02180 9
-0.25415 -0.37155 -0.34299 -0.17328 -0.69204 -0.59873 -0.42053 -0.60103 -0.43060 -0.14498 2.04123 1.18118 9
-0.34786 -0.43846 -1.23794 -0.84672 -0.85406 -0.43741 -0.34379 0.13519 -0.61076 -0.14658 2.22293 1.30126 9
-0.14169 -0.07046 -1.15836 -0.21851 -0.58611 -0.51807 -0.03683 0.35294 1.31822 -0.13544 1.51949 1.18646 9
-0.36660 -0.43846 -1.04940 -0.77636 -0.71074 -0.67939 -0.49727 -0.81695 -0.63631 -0.14817 -0.16940 0.89504 9
-0.32912 -0.43846 -0.61233 -0.63062 -0.37424 -0.67939 -0.49727 -0.73066 -0.49790 -0.11317 -0.13555 -0.59934 9
-0.36660 -0.43846 -0.66987 -0.32405 -0.57988 -0.67939 -0.49727 0.12286 0.84021 -0.12908 -0.15529 1.01389 9
-0.34786 -0.43846 -1.23121 -0.90200 -0.82913 -0.43741 0.27012 -0.52518 -0.58557 -0.13703 -0.50057 1.02480 10
-0.31038 -0.40500 -1.20978 -0.88190 -0.82290 -0.43741 -0.38216 -0.50723 -0.62639 -0.14817 2.34299 1.28206 10
-0.34786 -0.40500 -1.18101 -0.77133 -0.81044 -0.59873 -0.45890 0.60171 -0.36766 -0.14180 2.12624 1.25625 10
-0.36660 -0.43846 -0.91473 -0.39441 -0.43033 -0.67939 -0.49727 -0.75937 -0.55359 -0.14021 0.04494 -0.59990 10
-0.29163 -0.30464 -1.09531 -0.51000 -0.68581 -0.59873 -0.45890 -0.24496 0.35954 -0.13226 -0.26810 0.99948 10
-0.36660 -0.43846 -0.93983 -0.93215 -0.77305 -0.67939 -0.49727 -0.75875 -0.50527 -0.14658 -0.46350 1.00646 10
-0.34786 -0.40500 -1.31507 -0.98744 -0.85406 -0.67939 -0.49727 -0.79078 -0.63898 -0.14817 2.19916 1.22979 10
-0.36660 -0.43846 -1.31017 -0.99749 -0.81044 -0.67939 -0.49727 -0.82082 -0.58863 -0.14498 2.28094 1.28240 10
-0.36660 -0.43846 -1.31935 -1.00251 -0.77928 -0.67939 -0.49727 -0.82084 -0.52504 -0.14817 2.00376 1.25721 10
-0.34786 -0.40500 -1.29854 -0.99246 -0.72320 -0.67939 -0.49727 -0.79347 -0.58321 -0.14817 1.72295 1.25005 10
