0.06448 0.16372 -0.76476 -0.42959 -0.01906 0.04656 -0.38216 -0.60164 -0.52012 4.78256 -0.67421 -3.14705 1
-0.34786 -0.43846 0.47544 0.04282 0.01210 -0.67939 -0.49727 -0.37534 -0.10381 1.01294 -0.67703 -3.14704 1
0.13945 -0.27119 2.73668 5.01316 2.39871 2.86972 0.50034 1.77993 0.83578 1.69688 -0.68549 -3.14698 1
-0.04798 -0.37155 -0.73292 -0.46980 -0.31816 0.04656 -0.03683 -0.38746 -0.35748 4.18610 -0.67421 -3.14705 1
0.96414 2.23787 -0.76782 0.05287 0.04326 -0.59873 -0.45890 -0.21718 -0.33482 6.96958 -0.67461 -3.14705 1
-0.12295 -0.30464 0.79559 0.92733 0.56669 2.13973 0.76701 1.46846 2.14537 -0.14817 -0.66011 -0.59704 1
0.12071 -0.23773 3.45594 1.73143 1.99367 2.95038 1.15262 0.92119 -0.38425 -0.10522 -0.60612 0.00735 1
0.00825 -0.13737 1.28530 1.75656 1.80673 3.19236 1.26773 0.90027 -0.52949 -0.09886 -0.55173 0.63823 1
-0.06672 -0.30464 1.26816 -0.18836 -0.16861 2.95038 3.41643 -0.63128 -0.50604 -0.14817 -0.58719 -0.52928 1
0.34562 -0.30464 0.90822 0.39461 0.03703 1.73642 3.06343 0.45462 0.14062 -0.12431 -0.65447 -0.56484 1
-0.29163 -0.40500 -0.26035 -0.15821 -0.08137 0.61119 0.34686 0.17690 -0.22263 -0.14339 0.01190 -0.88935 2
0.21442 0.16372 2.23595 0.85697 0.21150 0.61119 1.26773 -0.12375 -0.46507 -0.11635 2.53114 0.10745 2
-0.29163 -0.43846 1.40895 1.40476 2.55449 0.36517 -0.34379 0.49471 4.32189 -0.13544 -0.62949 -0.72130 2
-0.16043 -0.33809 1.75787 0.02774 0.02456 2.22442 3.07111 -0.64975 -0.42029 -0.13226 -0.56060 -0.53821 2
3.19453 0.76589 0.73437 1.70630 1.80673 0.61119 -0.34379 0.27993 0.55344 -0.14817 -0.65527 -0.73644 2
12.45348 -0.10392 1.79827 0.48005 0.25512 -0.67939 -0.49727 -0.70393 0.16880 -0.14021 -0.45343 -0.62979 2
-0.23540 -0.43846 1.03187 0.28907 0.57915 1.01853 0.04182 -0.37454 0.65895 -0.13703 -0.43409 -0.73696 2
-0.17918 -0.33809 -0.26525 -0.11800 0.37352 1.32908 0.61161 0.58291 1.30897 -0.13862 -0.61579 -0.74201 2
0.68299 1.63570 3.00418 1.10323 0.72247 1.25648 0.00154 1.43716 0.28765 -0.12272 -0.44618 0.03206 2
-0.12295 -0.20428 -0.48072 -0.06272 0.24266 0.44584 0.19146 -0.01846 0.82087 -0.12113 -0.65487 -0.66283 2
-0.21666 -0.40500 -0.08467 0.64589 0.80348 2.13973 0.46005 0.87161 0.84082 -0.13067 0.75845 1.15637 3
-0.31038 -0.40500 -1.06838 -0.64067 -0.77305 -0.19542 -0.26705 1.31473 -0.43677 -0.13544 -0.56261 1.11170 3
-0.02923 -0.03701 0.55195 0.43984 0.01833 0.76848 0.26820 -0.25073 0.53881 -0.14180 -0.66132 -0.84895 3
0.23317 0.96662 -0.42869 -0.16826 -0.03152 -0.43741 -0.38216 1.41860 1.14133 -0.14339 -0.64641 -0.59811 3
-0.17918 -0.43846 1.65870 2.42999 3.57020 1.26052 0.19530 1.73819 3.56106 -0.13385 -0.65729 -0.66471 3
-0.31038 -0.43846 -0.14405 0.07800 0.64147 -0.59873 -0.45890 1.56661 2.75422 -0.12669 -0.66051 -0.68752 3
-0.04798 -0.30464 1.02269 0.52025 0.77232 0.76848 0.26820 0.72269 0.52534 -0.12749 -0.18309 0.74146 3
-0.21666 -0.43846 0.02062 0.32928 0.33613 1.49444 0.53679 0.44685 -0.53133 -0.12908 -0.60814 0.99350 3
-0.21666 -0.37155 0.43320 0.17348 0.85956 0.04656 -0.42053 -0.55275 2.74604 -0.13544 -0.53562 -0.73819 3
-0.23540 -0.37155 0.64745 0.35441 0.14296 0.04656 -0.11357 -0.29504 -0.45115 -0.14658 -0.57590 -0.74871 3
-0.27289 -0.40500 0.10693 0.04282 0.01833 -0.19542 0.03990 0.33314 0.81384 -0.12590 -0.52957 0.13139 4
0.42059 1.26770 0.75702 0.01769 0.13673 -0.35675 0.27012 0.23942 0.13858 -0.13067 -0.55495 0.13807 4
-0.23540 -0.40500 0.35729 1.33943 1.20852 0.53053 0.11664 0.79037 0.95111 -0.14578 -0.60169 -0.55617 4
0.75796 2.00369 0.42769 -0.39944 -0.33686 0.04656 -0.19031 -0.62270 -0.45825 -0.12272 -0.65688 -0.73770 4
-0.17918 -0.23773 0.06347 -0.27380 -0.08137 0.28855 0.38523 -0.09275 -0.34924 -0.14339 -0.40951 -0.50009 4
0.34562 0.26408 -0.29280 -0.09790 -0.31816 0.52650 0.11473 1.19783 -0.51464 -0.14817 -0.59041 -0.84044 4
-0.16043 -0.27119 -0.18139 0.23379 -0.27454 0.53053 0.19338 0.49317 0.04128 -0.12590 0.03044 0.58794 4
-0.32912 -0.40500 -0.66620 -0.24364 -0.54872 -0.27609 -0.22868 -0.56806 -0.57739 -0.13226 -0.61176 -0.68893 4
-0.19792 -0.40500 0.12040 0.67605 0.80348 0.84914 -0.30542 -0.38581 -0.46114 -0.14021 -0.34344 -0.84572 4
0.40185 1.50188 1.57300 0.29913 0.33613 -0.67939 -0.49727 -0.55939 0.07207 -0.14339 -0.59121 -0.61650 4
-0.27289 -0.43846 0.11856 0.20364 1.22721 0.61119 -0.34379 -0.41602 -0.47571 -0.12908 0.10175 0.92755 5
-0.08546 0.16372 -1.06593 -0.83164 -0.68581 0.12722 -0.11357 -0.56003 0.33175 -0.14658 1.52070 1.21893 5
-0.32912 -0.43846 -1.10327 -0.79646 -0.51133 -0.03410 -0.15194 -0.33431 0.33683 -0.14339 1.66050 1.22590 5
-0.01049 0.26408 -0.05406 0.23379 0.39844 1.17582 -0.26705 -0.31408 -0.60795 -0.12908 -0.58839 0.90303 5
-0.29163 -0.43846 0.14794 0.27902 0.36106 0.28451 -0.22868 0.17078 -0.53820 -0.14021 -0.57590 -0.74280 5
-0.27289 -0.43846 -0.32463 -0.52508 -0.75436 1.01450 2.87926 0.01657 -0.58873 -0.14180 1.42723 1.19510 5
-0.32912 -0.43846 -1.13571 -0.85174 -0.66712 0.04656 -0.15194 -0.54184 -0.34938 -0.14817 4.12051 1.33725 5
-0.23540 -0.33809 -0.41339 -0.03759 0.30497 -0.03410 0.73056 -0.47390 -0.52420 -0.13624 -0.38776 -0.66236 5
-0.29163 -0.37155 -0.29831 -0.46477 0.45453 -0.67939 -0.49727 -0.35737 3.43278 -0.14180 -0.09808 -0.67913 5
-0.36660 -0.43846 -1.08184 -0.84169 -0.77305 -0.67939 -0.49727 -0.61009 -0.49391 -0.13862 -0.49170 0.99313 5
-0.31038 -0.43846 1.11206 0.09307 -0.21223 -0.43741 -0.38216 0.34080 0.89028 -0.12749 0.71413 0.00325 6
-0.34786 -0.43846 1.05023 -0.24364 -0.22469 -0.51807 -0.38216 -0.73385 -0.56876 -0.10840 -0.64319 -0.72740 6
-0.36660 -0.43846 -1.20488 -0.79646 -0.74189 -0.67939 -0.49727 0.30933 -0.42937 -0.14339 0.11142 1.03241 6
-0.27289 -0.33809 0.80293 0.17851 0.16165 -0.67939 -0.49727 -0.40475 0.91427 -0.12590 -0.63755 0.45418 6
-0.36660 -0.43846 0.91985 0.35441 0.22397 -0.59873 -0.45890 -0.28135 0.06656 -0.14817 -0.63996 -0.70769 6
-0.34786 -0.40500 -1.20917 -0.78138 -0.59857 -0.67939 -0.49727 0.15468 0.97059 -0.14658 0.12552 1.04919 6
-0.31038 -0.43846 -0.29953 -0.23862 0.01210 0.36921 -0.38216 -0.53911 -0.54782 -0.13862 0.11303 0.92800 6
0.49557 1.63570 0.35301 -0.39441 -0.11253 -0.59873 -0.45890 -0.40920 1.31985 -0.13703 -0.48002 0.45657 6
-0.17918 -0.37155 0.08244 0.07297 -0.19977 -0.35675 0.53679 0.31304 -0.41096 -0.11795 -0.53159 -0.03997 6
-0.34786 -0.43846 1.03003 -0.11298 -0.06891 -0.59873 -0.45890 -0.16590 -0.46968 -0.14021 -0.52192 -0.63365 6
-0.32912 -0.43846 0.00470 -0.25872 0.06195 -0.59873 -0.49727 -0.65728 0.60898 -0.12431 -0.65930 -0.63212 7
0.17694 0.76589 -0.58173 0.25892 0.21150 -0.67939 -0.49727 -0.72341 -0.27209 -0.14021 -0.64963 -0.74874 7
-0.34786 -0.43846 0.52380 0.25892 0.08688 -0.35675 -0.45890 0.27589 0.98467 -0.11795 -0.16335 0.68271 7
1.41396 2.30478 -0.45257 -0.20344 -0.22469 -0.43741 -0.38216 0.20335 -0.28211 -0.14817 -0.45383 -0.79578 7
-0.32912 -0.37155 0.00715 -0.45472 -0.05021 -0.51807 -0.42053 -0.73303 -0.11710 -0.14817 -0.48163 -0.47437 7
-0.32912 -0.40500 -0.83332 -0.60549 -0.46771 -0.59873 -0.45890 0.93501 -0.07319 -0.14021 -0.45383 -0.60449 7
-0.34786 -0.43846 -0.52541 -0.30395 -0.14368 -0.67939 -0.49727 -0.78716 -0.29695 -0.14817 -0.24030 -0.61529 7
-0.32912 -0.43846 -0.40421 -0.63062 -0.59234 -0.43741 -0.38216 0.20998 -0.52736 -0.14339 -0.51144 1.01092 7
-0.32912 -0.43846 -0.57132 -0.73615 -0.66712 -0.43741 -0.38216 -0.76224 -0.57262 -0.14817 -0.52917 -0.64014 7
-0.27289 -0.37155 -0.30443 -0.68087 -0.75436 0.12722 0.69219 -0.51858 -0.63039 -0.14658 1.26125 1.18360 7
-0.25415 -0.30464 -0.18384 -0.28385 -0.11253 -0.59873 -0.34379 -0.07328 -0.44436 -0.14817 -0.63795 -0.72475 8
-0.21666 -0.40500 -0.25178 -0.17831 0.05572 -0.03410 -0.38216 -0.43691 0.09044 -0.13862 1.35351 0.81977 8
0.64551 -0.27119 -0.01121 0.03277 0.20527 -0.43741 -0.38216 -0.22547 -0.11457 -0.13226 -0.15006 0.48385 8
-0.29163 -0.40500 -0.47277 -0.53010 -0.26831 -0.59873 -0.45890 0.05140 0.11329 -0.14419 -0.54891 -0.59612 8
0.57054 1.53533 -0.99676 -0.78641 -0.33686 -0.59873 -0.49727 -0.59542 0.11319 -0.14817 -0.51104 -0.62240 8
-0.21666 -0.23773 -0.61050 -0.37431 -0.23715 -0.67939 -0.49727 -0.77643 -0.56986 -0.14817 -0.58235 -0.86907 8
-0.34786 -0.43846 -0.39564 -0.73615 -0.51133 -0.59873 -0.42053 -0.68375 -0.08037 -0.14817 -0.19881 -0.63044 8
-0.32912 -0.43846 -0.01856 -0.22354 -0.19977 -0.59873 -0.42053 -0.69863 -0.51150 -0.14021 -0.16577 -0.59891 8
-0.10420 -0.17082 -0.44093 -0.29892 -0.47395 -0.43741 -0.38216 0.53386 1.12268 -0.12113 0.34992 0.52717 8
-0.31038 -0.37155 0.15345 -0.40446 0.03079 -0.59873 -0.45890 -0.79341 -0.56015 -0.13862 -0.13555 0.94082 8
-0.31038 -0.43846 -0.80271 -0.68087 -0.50510 -0.43741 -0.34379 -0.54497 -0.54581 -0.14817 -0.62546 -0.74290 9
-0.32912 -0.43846 -0.90126 -0.70600 -0.56118 -0.59873 -0.19031 -0.73627 -0.52440 -0.14658 -0.27455 -0.73303 9
0.25191 1.13389 -0.81985 -0.66579 -0.64842 -0.59873 -0.42053 -0.67191 -0.35405 -0.14817 0.47925 -0.74404 9
-0.32912 -0.43846 -0.76353 -0.39944 -0.24962 -0.51807 -0.42053 -0.74408 -0.46465 -0.14817 -0.38574 -0.73812 9
-0.32912 -0.37155 -0.70905 -0.74621 -0.68581 -0.67939 -0.49727 -0.80803 -0.39872 -0.14817 -0.47357 -0.62139 9
-0.25415 -0.30464 -0.94350 -0.69595 -0.69827 -0.67939 -0.49727 -0.19868 -0.50803 -0.14498 -0.46592 -0.85974 9
-0.34786 -0.43846 -0.11528 -0.67082 -0.59857 -0.67939 -0.49727 -0.80139 -0.34989 -0.14021 -0.39783 0.71950 9
-0.32912 -0.40500 -1.14612 -0.98241 -0.81667 -0.51807 -0.38216 -0.78491 -0.59947 -0.14817 2.19271 1.25970 9
-0.34786 -0.43846 -1.15530 -0.94220 -0.84159 -0.19542 1.07588 -0.59574 -0.57301 -0.13385 0.78665 1.16797 9
0.06448 0.69898 -0.27504 -0.54015 -0.38671 -0.67939 -0.49727 -0.80795 -0.36168 -0.13703 0.65410 0.77937 9
-0.34786 -0.40500 -1.20672 -0.26374 -0.68581 -0.67939 -0.49727 0.39087 1.21835 -0.14021 1.60732 1.19675 10
-0.34786 -0.43846 -1.15102 -0.90703 -0.28077 -0.59873 -0.45890 -0.79528 -0.60058 -0.13067 -0.32571 0.91580 10
-0.01049 0.13026 -0.30137 -0.70097 -0.48018 -0.59873 -0.49727 -0.79044 -0.31914 -0.14021 0.65692 0.77989 10
-0.36660 -0.43846 -1.30344 -1.00251 -0.78551 -0.67939 -0.49727 -0.81853 -0.51745 -0.14817 3.03635 1.28218 10
-0.34786 -0.40500 -0.81005 -0.89697 -0.65465 -0.67939 -0.49727 -0.78379 0.33274 -0.14658 2.68947 1.20621 10
-0.34786 -0.40500 -1.28201 -0.96733 -0.76059 -0.67939 -0.49727 -0.79331 -0.53999 -0.14817 2.25637 1.27726 10
-0.34786 -0.43846 -0.66192 -0.84169 -0.61727 -0.67939 -0.49727 -0.81136 -0.28672 -0.14021 1.39782 0.82171 10
-0.34786 -0.40500 -1.14000 -0.96733 -0.74189 -0.67939 -0.49727 -0.79664 0.16837 -0.14817 2.68987 1.20621 10
-0.34786 -0.43846 -1.16387 -0.84169 -0.72320 -0.67939 -0.49727 -0.66564 -0.61706 -0.14658 -0.32813 0.97407 10
-0.34786 -0.40500 -1.31323 -1.01759 -0.87898 -0.67939 -0.49727 -0.79347 -0.65039 -0.14817 2.40745 1.30836 10
