-0.04798 -0.37155 -0.73292 -0.46980 -0.31816 0.04656 -0.03683 -0.38746 -0.35748 4.18610 -0.67421 -3.14705 1
0.66425 -0.43846 1.43588 0.45995 0.45453 5.76144 6.54931 -0.06689 -0.47044 -0.14817 -0.63513 -0.53393 1
0.51431 1.16734 1.13655 0.44487 -0.01906 6.10828 2.19436 -0.08280 -0.58291 -0.11158 -0.25924 1.06057 1
0.04574 -0.37155 1.87234 2.44507 2.37378 5.04758 1.49795 1.93160 -0.47261 -0.14817 -0.63996 -0.84382 1
0.40185 -0.43846 1.57973 0.40969 -0.10630 2.95038 4.72100 1.71152 -0.40408 -0.13465 -0.65850 -0.55105 1
0.06448 -0.03701 2.31308 2.12845 2.47971 3.19236 0.07827 1.66376 1.58243 -0.14817 -0.45303 -0.75809 1
0.02700 -0.00355 1.69176 1.27912 1.66964 2.30509 2.41882 -0.03527 0.50224 -0.14419 -0.65568 -0.56273 1
-0.17918 -0.40500 1.65013 1.85707 1.76311 2.30509 -0.15194 2.00336 -0.13621 -0.14180 -0.60854 -0.50318 1
-0.23540 -0.37155 2.71464 1.24394 1.43285 0.04656 -0.11357 -0.28264 2.93839 -0.14817 -0.60290 -0.80838 1
-0.23540 -0.40500 0.35485 0.32928 -0.08760 1.74045 3.87687 -0.16459 -0.41271 -0.14578 -0.58598 -0.69711 1
0.68299 1.53533 1.97089 2.84209 2.79128 1.74045 -0.22868 0.68613 0.88335 -0.10681 -0.59283 0.51609 2
-0.02923 -0.00355 0.78946 0.53533 0.04326 0.28451 0.72864 0.58286 -0.16200 -0.14817 -0.60894 -0.78546 2
0.13945 -0.17082 1.02024 0.35943 0.00587 0.93384 0.34686 1.30041 0.68794 -0.14180 -0.60048 -0.74432 2
4.35658 8.59414 0.98718 2.01789 2.51087 1.33715 -0.19031 0.44156 0.59902 -0.14419 -0.52474 -0.85941 2
0.17694 0.13026 0.80783 0.09307 1.12751 0.20788 -0.19031 -0.42225 3.93044 -0.14817 -0.60894 -0.77853 2
-0.25415 -0.40500 1.78725 1.31933 1.26460 0.93384 -0.30542 -0.20138 -0.30413 -0.11635 -0.61660 -0.45315 2
-0.16043 -0.33809 1.88580 0.76148 1.27706 0.36921 -0.11357 0.42269 0.45903 -0.10045 -0.55093 0.02874 2
-0.23540 -0.43846 0.94556 0.83687 0.94680 1.64366 -0.11549 -0.02973 -0.55191 -0.14817 0.08321 -0.61026 2
-0.21666 -0.43846 -0.23587 -0.66579 -0.53626 2.13973 3.52387 -0.73386 -0.43953 -0.14817 -0.46753 -0.58818 2
1.22654 0.96662 -0.57132 -0.57031 -0.38047 2.46641 1.03752 -0.29418 0.10409 -0.13703 1.78983 1.20182 2
0.13945 0.16372 0.86170 0.04784 -0.31816 0.36921 0.80730 1.09918 -0.47009 -0.12669 -0.60370 -0.72767 3
0.10197 0.59862 0.02796 0.32928 0.24266 0.69185 -0.34379 -0.47133 -0.58558 -0.13544 -0.50177 0.98843 3
-0.27289 -0.43846 -0.25607 0.18856 0.40467 1.74045 -0.19031 0.08104 -0.40177 -0.11954 -0.05457 1.01789 3
-0.19792 -0.27119 0.67805 1.11830 0.50438 -0.11476 0.61737 0.52637 0.10129 -0.14419 -0.50419 -0.54995 3
-0.31038 -0.43846 -0.25546 0.32425 0.15542 -0.27609 -0.26705 3.37022 2.02960 -0.14498 -0.58356 -0.72949 3
-0.27289 -0.43846 0.16508 0.65092 0.36729 0.44987 -0.26705 1.07023 -0.51938 -0.13067 0.27257 1.03254 3
-0.31038 -0.43846 0.62051 0.41974 0.47945 0.12722 0.26820 -0.49021 0.08669 -0.14817 -0.59121 -0.81642 3
-0.27289 -0.43846 -0.12446 -0.46980 -0.17484 1.25648 2.26534 -0.53443 -0.26934 -0.13226 -0.65850 -0.59518 3
0.42059 1.26770 0.79069 -0.09287 0.01210 -0.35675 -0.34379 0.53903 1.02266 -0.14498 -0.61015 -0.74282 3
-0.12295 -0.07046 0.47666 0.98261 0.76609 -0.19542 0.27012 0.60702 0.26814 -0.14817 -0.63271 -0.53807 3
-0.27289 -0.37155 0.69091 0.07297 -0.10630 0.36921 0.07827 0.02302 0.21977 -0.14817 -0.65406 -0.80359 4
-0.32912 -0.43846 -0.33871 -0.43964 -0.14992 -0.27609 -0.38216 -0.69527 -0.52170 -0.14339 -0.59806 -0.73161 4
-0.19792 -0.27119 0.40014 1.56056 0.31120 -0.35675 -0.34379 2.23358 -0.31918 -0.14817 -0.65608 -0.85535 4
-0.21666 -0.40500 0.23181 0.50015 0.44206 -0.03410 -0.38216 -0.31086 -0.31565 -0.13226 -0.54367 -0.52338 4
0.42059 1.36806 1.48179 0.91728 0.40467 -0.51807 0.00154 2.03648 4.31565 -0.12272 0.44460 0.51722 4
0.00825 0.06336 0.83599 0.68610 0.49814 -0.43741 -0.38216 -0.02748 -0.17614 -0.13544 -0.54166 -0.78902 4
2.72596 4.37893 0.67989 0.11318 -0.13745 0.77251 0.03990 -0.35266 -0.15487 -0.10840 -0.51870 -0.04866 4
-0.31038 -0.43846 0.03470 0.66600 0.06818 -0.11476 -0.26705 -0.53174 -0.47378 -0.14817 -0.62747 -0.54330 4
-0.31038 -0.40500 -0.40115 -0.24364 -0.18107 -0.67939 -0.49727 -0.65403 -0.35743 -0.14817 -0.64842 -0.85808 4
1.62013 1.20079 -0.02958 0.29913 0.41091 0.04656 -0.15194 -0.24381 0.05536 -0.14817 -0.35472 -0.75323 4
-0.32912 -0.43846 -1.13877 -0.85174 -0.71697 0.04656 -0.15194 -0.54044 -0.41321 -0.13862 -0.51749 1.08325 5
-0.16043 -0.13737 0.05306 -0.00241 0.04949 -0.43741 -0.38216 -0.43523 -0.22463 -0.14817 -0.47720 -0.63312 5
-0.25415 -0.43846 -0.14711 -0.27380 -0.27454 -0.27609 -0.26705 -0.55515 -0.39895 -0.14817 -0.42926 -0.56622 5
-0.36660 -0.43846 1.79643 0.39461 0.75363 -0.67939 -0.49727 -0.71957 1.80665 -0.13703 -0.18873 0.11770 5
-0.34786 -0.40500 -0.99614 -0.48487 -0.43656 -0.59873 -0.45890 0.28649 -0.57477 -0.12590 -0.63996 0.93341 5
-0.01049 0.06336 0.52441 0.37451 0.11180 -0.59873 -0.45890 -0.17837 0.06184 -0.13624 -0.60370 -0.48378 5
-0.21666 -0.37155 0.42157 -0.04764 0.11180 -0.27609 0.11664 -0.55546 -0.43492 -0.14021 0.08080 -0.85092 5
-0.06672 -0.27119 -0.09079 -0.27380 -0.26831 -0.27609 0.11664 -0.14780 -0.21786 -0.11317 -0.12991 -0.03360 5
-0.29163 -0.33809 0.59725 0.23379 0.23020 -0.43741 -0.38216 -0.55482 1.32046 -0.13385 -0.65648 -0.75300 5
-0.29163 -0.37155 0.64928 0.02272 0.14919 -0.59873 -0.45890 -0.78731 -0.51164 -0.13862 -0.51023 -0.74136 5
-0.29163 -0.43846 -0.11711 -0.06775 0.31120 -0.11476 -0.42053 -0.54307 0.02538 -0.14658 -0.61297 -0.64057 6
0.28939 1.03352 -0.39441 -0.21851 -0.35555 -0.43741 -0.26705 -0.62467 -0.52045 -0.13226 -0.63795 -0.51280 6
0.21442 0.93316 -0.02223 -0.43462 0.01210 -0.43741 -0.38216 -0.54391 -0.35495 -0.12590 -0.57026 0.88984 6
-0.34786 -0.43846 1.09370 -0.19841 -0.29947 -0.67939 -0.49727 -0.17035 -0.41723 -0.13624 -0.28986 -0.74141 6
-0.31038 -0.37155 0.72580 -0.43462 -0.36178 -0.59873 -0.45890 -0.78315 -0.47471 -0.14419 -0.65326 -0.81716 6
-0.31038 -0.33809 0.53420 0.15841 -0.18107 -0.43741 -0.26705 0.87550 -0.39642 -0.14578 -0.53884 -0.76052 6
1.92002 1.33461 0.94984 0.21369 0.72870 -0.67939 -0.49727 -0.43839 0.54400 -0.13226 -0.54972 -0.62074 6
0.25191 0.53171 -0.16425 0.08805 -0.14368 0.20788 -0.15194 -0.09906 -0.10296 -0.09886 0.56547 0.63229 6
-0.27289 -0.37155 -0.37911 0.06795 0.08064 -0.67939 -0.49727 0.33600 0.05612 -0.13226 -0.63916 -0.62980 6
-0.32912 -0.43846 0.30955 -0.20846 -0.50510 -0.11476 -0.07520 -0.18838 -0.53023 -0.14180 0.04897 1.00802 6
-0.32912 -0.37155 0.41116 -0.16826 -0.19977 -0.51807 -0.42053 -0.74780 -0.40677 -0.14021 -0.63875 -0.74114 7
-0.36660 -0.43846 -1.19203 -0.80149 -0.74812 -0.67939 -0.49727 0.31390 -0.38098 -0.14339 0.11222 1.04071 7
-0.31038 -0.37155 -0.49725 -0.22857 -0.19977 -0.35675 -0.03683 -0.74217 -0.54521 -0.14817 0.13317 -0.60531 7
-0.32912 -0.43846 -1.18774 -0.90703 -0.78551 0.12319 -0.11549 -0.55069 -0.52022 -0.14658 2.51663 1.26806 7
-0.25415 -0.40500 -0.13487 -0.60046 -0.14992 -0.35675 -0.22868 -0.48154 0.69587 -0.13703 -0.49130 0.46481 7
0.58928 2.10405 -0.17343 -0.08785 -0.30570 -0.67939 -0.49727 -0.27661 -0.55246 -0.13703 0.67465 0.90506 7
0.43934 0.53171 -0.45134 0.24887 -0.10006 -0.11476 0.15501 0.45972 1.03780 -0.12908 0.29553 0.60149 7
-0.36660 -0.43846 0.00225 -0.23862 -0.55495 -0.67939 -0.49727 -0.78512 -0.32093 -0.14021 -0.15529 1.00900 7
-0.36660 -0.43846 0.74049 -0.30898 0.27382 -0.51807 -0.49727 0.01445 2.15785 -0.13862 -0.64802 0.08878 7
-0.34786 -0.40500 0.08428 -0.60046 0.01210 -0.67939 -0.49727 -0.45989 -0.51649 -0.13385 -0.58114 0.89005 7
-0.36660 -0.43846 0.35056 -0.35421 -0.01283 -0.67939 -0.49727 -0.79914 -0.43370 -0.13703 -0.60330 0.90283 8
-0.29163 -0.40500 -0.60988 -0.48487 -0.16861 -0.35675 -0.42053 -0.72725 0.00182 -0.12828 -0.46431 -0.63688 8
-0.27289 -0.30464 -0.34054 -0.63062 -0.48018 -0.51807 0.15310 -0.79022 -0.32733 -0.13624 -0.56382 -0.70946 8
-0.32912 -0.43846 -0.57438 -0.37431 -0.46771 -0.67939 -0.49727 -0.60750 -0.26088 -0.14658 -0.42926 -0.62943 8
-0.10420 -0.03701 0.88618 0.05790 -0.08137 -0.67939 -0.49727 0.28055 0.56883 -0.12590 0.59890 0.02673 8
-0.34786 -0.40500 -0.53214 -0.51503 -0.51133 -0.59873 -0.45890 -0.80037 -0.57279 -0.12828 -0.24232 -0.46155 8
-0.17918 -0.13737 -0.96248 -0.66077 -0.40540 -0.59873 -0.45890 -0.75897 -0.55329 -0.14817 -0.43610 -0.73827 8
-0.27289 -0.40500 -0.99798 -0.53513 -0.58611 -0.43741 -0.38216 -0.72988 -0.58604 -0.14817 -0.61700 0.99323 8
-0.34786 -0.43846 0.37811 -0.53513 -0.02529 -0.67939 -0.49727 -0.79856 -0.35934 -0.14021 -0.60894 0.90181 8
-0.31038 -0.40500 -0.20649 -0.55021 -0.36801 -0.43741 -0.30542 0.20329 -0.27870 -0.13703 0.03688 0.52062 8
-0.36660 -0.43846 -0.81556 -0.69595 -0.65465 -0.67939 -0.49727 -0.44974 -0.58474 -0.13862 -0.65205 -0.75874 9
-0.08546 0.29753 -1.25202 -0.83667 -0.76059 -0.67939 -0.49727 -0.43137 -0.41006 -0.14817 2.20359 1.22998 9
-0.31038 -0.40500 -0.82168 -0.65574 -0.64219 -0.59873 -0.49727 -0.06658 -0.39999 -0.13703 1.76969 1.22227 9
-0.34786 -0.43846 -0.82536 -0.46980 -0.65465 -0.51807 -0.42053 0.07825 -0.48494 -0.14021 1.81964 1.22558 9
-0.27289 -0.30464 -1.00839 -0.58538 -0.62350 -0.51807 -0.42053 0.25905 -0.54410 -0.14817 -0.62465 0.94506 9
-0.19792 -0.20428 -0.84923 -0.75123 -0.54249 -0.51807 -0.45890 -0.72436 -0.37957 -0.13862 -0.50661 0.48475 9
-0.36660 -0.43846 -0.09630 -0.43964 -0.23715 -0.67939 -0.49727 -0.77219 -0.48480 -0.13862 -0.61257 0.90178 9
-0.34786 -0.40500 -1.18591 -0.22354 -0.61103 -0.67939 -0.49727 0.54741 1.31623 -0.13544 1.49049 1.18453 9
-0.36660 -0.43846 -0.87555 -0.65072 -0.55495 -0.67939 -0.49727 -0.81401 -0.51157 -0.13783 -0.53118 -0.80041 9
-0.31038 -0.37155 -1.17060 -0.96733 -0.61103 -0.59873 -0.45890 -0.70753 0.34797 -0.14658 2.06419 1.24302 9
-0.34786 -0.43846 -1.22814 -0.86179 -0.59857 -0.59873 -0.49727 -0.70140 -0.56335 -0.14817 -0.52272 0.97430 10
-0.36660 -0.43846 -1.29364 -0.83667 -0.79798 -0.67939 -0.49727 0.43590 1.13806 -0.13862 0.76086 1.16531 10
-0.31038 -0.43846 -1.08123 -0.84169 -0.71697 -0.51807 -0.49727 -0.81557 -0.51550 -0.14021 1.78540 0.94760 10
-0.34786 -0.40500 0.22874 -0.54518 -0.36801 -0.67939 -0.49727 -0.81176 -0.64535 -0.13862 0.46877 0.20199 10
-0.32912 -0.40500 -1.28630 -1.00251 -0.78551 -0.59873 -0.03683 -0.79196 -0.52754 -0.14658 2.26362 1.29766 10
-0.34786 -0.40500 -0.92024 -0.94220 -0.81044 -0.67939 -0.49727 -0.78481 -0.60818 -0.14817 2.59922 1.29079 10
-0.36660 -0.43846 -1.29609 -0.98241 -0.86029 -0.67939 -0.49727 -0.68429 -0.60154 -0.14817 -0.47236 0.95063 10
-0.34786 -0.40500 -1.31507 -0.98744 -0.85406 -0.67939 -0.49727 -0.79078 -0.63898 -0.14817 2.19916 1.22979 10
-0.36660 -0.43846 -1.31629 -1.01256 -0.84783 -0.67939 -0.49727 -0.81830 -0.60439 -0.14180 2.72371 1.27513 10
-0.02923 0.49826 -1.29732 -0.98241 -0.84783 -0.67939 -0.49727 -0.82039 -0.64425 -0.14021 -0.47760 0.90692 10
