4.03861 -0.48724 1.01499 -0.27233 1.19354 -1.18362 1.11639 -1.09485 1.65960 1.52941 0.80578 0.44062 2.51180 1
7.47625 -0.48724 1.01499 -0.27233 1.19354 -0.85628 1.11639 -1.12534 1.65960 1.52941 0.80578 0.30994 1.44613 1
2.49171 -0.48724 1.01499 -0.27233 1.19354 -0.42361 1.11639 -1.04774 1.65960 1.52941 0.80578 0.44062 1.97687 1
1.23497 -0.48724 1.01499 -0.27233 1.19354 0.08307 1.11639 -1.05472 1.65960 1.52941 0.80578 0.44062 1.07364 1
1.68238 -0.48724 1.01499 -0.27233 1.07273 0.21258 1.11639 -0.93097 1.65960 1.52941 0.80578 -3.60835 2.29615 1
0.83946 -0.48724 1.01499 -0.27233 1.07273 0.70788 0.78956 -0.93818 1.65960 1.52941 0.80578 -3.67057 1.83963 1
1.42379 -0.48724 1.01499 -0.27233 1.07273 -0.55312 0.95297 -0.89540 1.65960 1.52941 0.80578 -3.82271 1.64358 1
0.95317 -0.48724 1.01499 -0.27233 1.40929 0.76765 0.28154 -0.95029 1.65960 1.52941 0.80578 -3.37614 1.41253 1
0.47183 -0.48724 1.01499 -0.27233 1.19354 -0.76519 1.07731 -1.02656 1.65960 1.52941 0.80578 0.39899 1.01763 1
1.91493 -0.48724 1.01499 -0.27233 1.25395 -2.72785 0.80377 -1.11865 1.65960 1.52941 0.80578 -0.77599 2.51740 1
8.12884 -0.48724 1.01499 -0.27233 1.07273 -0.46631 1.11639 -0.94621 1.65960 1.52941 0.80578 -3.72665 1.11565 1
0.66562 -0.48724 1.01499 -0.27233 1.07273 0.13573 0.96008 -0.86757 1.65960 1.52941 0.80578 -3.24174 1.60017 1
1.25643 -0.48724 1.01499 -0.27233 1.59914 0.25101 0.87837 -0.85123 1.65960 1.52941 0.80578 -3.60572 0.75576 1
0.92592 -0.48724 1.01499 -0.27233 1.25395 -1.77712 1.00981 -0.96169 1.65960 1.52941 0.80578 0.44062 1.82423 1
1.65705 -0.48724 1.01499 -0.27233 1.00369 -0.08772 1.11639 -1.14400 1.65960 1.52941 0.80578 0.40600 1.27809 1
1.24631 -0.48724 1.01499 -0.27233 1.25395 -1.99915 1.11639 -1.04741 1.65960 1.52941 0.80578 0.17795 2.51600 1
9.92411 -0.48724 1.01499 -0.27233 1.00369 0.97260 0.82863 -1.12957 1.65960 1.52941 0.80578 0.44062 0.63813 1
2.59571 -0.48724 1.01499 -0.27233 1.07273 -1.39569 0.72916 -1.01987 1.65960 1.52941 0.80578 -2.51180 1.95866 1
2.41588 -0.48724 1.01499 -0.27233 1.25395 -2.32365 1.11639 -1.10549 1.65960 1.52941 0.80578 0.44062 2.18832 1
2.14352 -0.48724 1.01499 -0.27233 1.59914 -0.66414 0.84640 -0.91601 1.65960 1.52941 0.80578 0.38092 1.32430 1
3.95840 -0.48724 1.01499 -0.27233 1.07273 -0.11761 0.35970 -0.91757 1.65960 1.52941 0.80578 -3.70069 0.26144 1
0.43639 -0.48724 1.01499 -0.27233 1.07273 -0.13042 0.33838 -0.88305 1.65960 1.52941 0.80578 -2.84730 1.24168 1
0.64796 -0.48724 1.01499 -0.27233 1.25395 -1.06549 1.11639 -1.05173 1.65960 1.52941 0.80578 0.44062 1.53296 1
0.52760 -0.48724 1.01499 -0.27233 1.25395 -1.27329 1.07731 -0.98159 1.65960 1.52941 0.80578 0.44062 1.14786 1
0.60205 -0.48724 1.01499 -0.27233 0.25290 -1.02422 0.07194 -0.82231 1.65960 1.52941 0.80578 -3.86686 0.63113 1
1.19744 -0.48724 1.01499 -0.27233 1.36614 -0.10907 0.93876 -0.74694 1.65960 1.52941 0.80578 -2.80458 0.35246 1
0.82058 -0.48724 1.01499 -0.27233 1.59914 0.24817 0.93166 -0.85821 1.65960 1.52941 0.80578 -3.43518 1.58617 1
1.98833 -0.48724 1.01499 -0.27233 0.90013 -3.05520 1.11639 -1.24278 1.65960 1.52941 0.80578 0.14838 1.49655 1
-0.41459 -0.48724 0.11562 -0.27233 0.15797 -0.36241 0.43430 -0.61264 -0.98187 -0.80242 1.17530 0.44062 -0.66840 1
1.32649 -0.48724 1.01499 -0.27233 0.51179 -1.39569 1.02047 -0.80464 1.65960 1.52941 0.80578 -0.07880 1.71640 1
0.50909 -0.48724 1.01499 -0.27233 1.25395 -1.08827 1.11639 -1.07419 1.65960 1.52941 0.80578 0.44062 1.66739 1
0.26257 -0.48724 1.01499 -0.27233 1.19354 0.17131 0.97429 -1.00595 1.65960 1.52941 0.80578 0.44062 0.94061 1
0.73374 -0.48724 1.01499 -0.27233 1.59914 -0.04787 0.99560 -0.75843 1.65960 1.52941 0.80578 0.34883 0.53030 1
1.13308 -0.48724 1.01499 -0.27233 1.19354 -0.56593 0.92810 -0.95594 1.65960 1.52941 0.80578 0.44062 0.51770 1
0.67164 -0.48724 1.01499 -0.27233 1.59914 -0.93598 0.89968 -0.93928 1.65960 1.52941 0.80578 0.44062 1.43213 1
0.45486 -0.48724 1.01499 -0.27233 1.36614 0.18839 1.05600 -0.76461 1.65960 1.52941 0.80578 -0.57467 0.93221 1
0.59329 -0.48724 1.01499 -0.27233 1.19354 0.26524 1.07376 -0.98273 1.65960 1.52941 0.80578 0.38672 0.62553 1
-0.25874 -0.48724 -0.43683 -0.27233 -0.14407 -0.47627 0.47693 0.09259 -0.63733 -0.60068 1.17530 -1.35905 2.10850 1
0.72196 -0.48724 1.01499 -0.27233 1.00369 0.72495 1.07376 -1.15735 1.65960 1.52941 0.80578 0.44062 1.20247 1
0.32315 -0.48724 1.01499 -0.27233 0.25290 -0.17454 1.02402 -0.75464 1.65960 1.52941 0.80578 -0.59055 1.60297 1
-0.03400 -0.48724 1.23073 3.66477 2.72965 -1.25479 1.11639 -1.17464 -0.52248 -0.03107 -1.73470 0.44062 1.98387 1
0.87739 -0.48724 1.01499 -0.27233 1.59914 0.49012 0.92455 -0.79324 1.65960 1.52941 0.80578 -2.70359 1.48674 1
0.36089 -0.48724 1.01499 -0.27233 1.36614 0.66091 0.85350 -0.69879 1.65960 1.52941 0.80578 -3.90333 0.67034 1
0.53328 -0.48724 1.01499 -0.27233 1.36614 -0.49619 0.41654 -0.48242 1.65960 1.52941 0.80578 -3.86850 0.60032 1
-0.27457 -0.48724 -0.43683 -0.27233 -0.14407 -1.01710 1.04889 0.00136 -0.63733 -0.60068 1.17530 0.21793 1.17167 1
1.73047 -0.48724 1.01499 -0.27233 0.97780 -3.05520 1.11639 -1.26230 1.65960 1.52941 0.80578 0.44062 3.54526 1
0.58492 -0.48724 1.01499 -0.27233 1.19354 -0.13042 0.85350 -0.95162 1.65960 1.52941 0.80578 0.44062 0.35246 1
0.51645 -0.48724 1.01499 -0.27233 0.25290 -1.22063 0.95297 -0.64835 1.65960 1.52941 0.80578 -0.04484 0.76836 1
-0.38628 -0.48724 1.56744 -0.27233 0.59809 -0.15746 0.88903 -1.03677 -0.63733 0.17066 1.26768 0.34401 1.61138 1
0.39633 -0.48724 1.01499 -0.27233 1.40929 -0.39657 0.94942 -0.91202 1.65960 1.52941 0.80578 -0.40193 0.42668 1
-0.31765 -0.48724 1.56744 -0.27233 0.59809 -0.92175 0.92810 -0.86201 -0.63733 0.17066 1.26768 0.44062 0.79637 1
-0.23076 -0.48724 1.56744 -0.27233 0.59809 -1.80131 1.11639 -1.11869 -0.63733 0.17066 1.26768 0.44062 3.04674 1
-0.30519 -0.48724 -0.43683 -0.27233 -0.14407 -0.67125 1.11639 0.14254 -0.63733 -0.60068 1.17530 0.41477 1.01203 1
-0.26260 -0.48724 -0.43683 -0.27233 -0.14407 -0.30263 1.11639 0.18044 -0.63733 -0.60068 1.17530 0.21968 0.05418 1
0.56718 -0.48724 1.01499 -0.27233 0.25290 0.09019 0.62259 -0.82744 1.65960 1.52941 0.80578 -2.99276 0.69835 1
-0.30899 -0.48724 -0.43683 -0.27233 -0.14407 -0.33821 0.71851 0.31265 -0.63733 -0.60068 1.17530 -0.55090 0.64793 1
0.31094 -0.48724 1.01499 -0.27233 1.59914 0.08022 0.98850 -0.81827 1.65960 1.52941 0.80578 -0.42351 0.71935 1
-0.27682 -0.48724 -0.43683 -0.27233 -0.14407 -0.20300 0.82153 0.08636 -0.63733 -0.60068 1.17530 0.44062 0.84958 1
-0.40256 -0.48724 2.42017 -0.27233 0.46864 -1.18220 0.85705 -0.93752 -0.63733 1.79642 0.75959 0.42079 0.75716 1
-0.28913 -0.48724 1.23073 3.66477 2.72965 -1.81128 0.69008 -1.03758 -0.52248 -0.03107 -1.73470 -0.14671 -0.07465 1
-0.10226 -0.48724 1.23073 -0.27233 2.72965 -0.97868 0.93521 -1.07771 -0.52248 -0.03107 -1.73470 -0.05284 1.23188 2
-0.30661 -0.48724 1.56744 -0.27233 0.59809 -0.75096 1.05955 -0.68815 -0.63733 0.17066 1.26768 -1.02869 0.65214 2
0.05625 -0.48724 1.23073 -0.27233 2.72965 -1.16228 1.11639 -1.13180 -0.52248 -0.03107 -1.73470 0.44062 1.92786 2
-0.37507 -0.48724 2.11552 -0.27233 0.22701 -0.95590 0.96008 -0.96777 -0.86702 -1.30676 0.29768 0.02865 2.04549 2
-0.40014 0.58469 -0.87558 -0.27233 -0.87761 -0.45350 0.88192 1.43584 -0.17794 -0.73715 0.57483 0.23447 0.25023 2
-0.38997 -0.48724 1.56744 -0.27233 0.59809 -0.84204 0.97429 -0.95300 -0.63733 0.17066 1.26768 0.38815 0.63533 2
0.13935 -0.48724 1.01499 -0.27233 1.36614 0.59259 0.76114 -0.56871 1.65960 1.52941 0.80578 -1.11117 0.52750 2
-0.39554 0.04872 -0.47618 -0.27233 -0.26489 -0.93029 1.11639 1.08612 -0.52248 -0.57695 -1.50375 0.32812 2.41938 2
-0.41720 -0.48724 -1.34786 -0.27233 -0.31667 0.36345 -0.31528 1.17388 -0.98187 0.08166 -1.18041 0.36460 -0.56057 2
0.86890 -0.48724 1.01499 -0.27233 1.40929 0.17985 1.11639 -0.91947 1.65960 1.52941 0.80578 -0.41540 0.33145 2
0.07079 -0.48724 1.01499 3.66477 1.85804 -0.68549 0.72561 -0.89772 1.65960 1.52941 0.80578 -0.03981 0.27824 2
-0.39402 -0.48724 -0.21089 -0.27233 0.26153 -0.36668 0.39522 -0.61587 -0.40764 -0.10228 0.34387 0.44062 0.23483 2
-0.25573 -0.48724 1.23073 3.66477 2.72965 -0.22151 0.97429 -0.97147 -0.52248 -0.03107 -1.73470 -0.39054 0.34546 2
-0.37914 -0.48724 1.56744 -0.27233 0.59809 0.24105 1.05955 -0.92379 -0.63733 0.17066 1.26768 0.40973 0.27124 2
-0.41426 1.01346 -0.74002 -0.27233 -1.00792 -0.82354 -1.42723 1.35140 -0.98187 -0.61848 -0.71851 0.40907 -0.03124 2
0.71041 -0.48724 1.01499 -0.27233 1.59914 0.17273 1.01692 -0.82155 1.65960 1.52941 0.80578 0.32078 0.96161 2
0.44066 -0.48724 1.01499 -0.27233 0.36508 -0.95021 1.04179 -1.11143 1.65960 1.52941 0.80578 -0.46042 1.92506 2
1.21341 -0.48724 1.01499 -0.27233 0.36508 0.52997 1.11639 -1.07685 1.65960 1.52941 0.80578 -3.52291 1.19967 2
-0.40262 -0.48724 2.11552 -0.27233 0.22701 -0.61005 1.00981 -0.87887 -0.86702 -1.30676 0.29768 0.14936 1.78642 2
-0.40434 0.04872 -0.73856 -0.27233 -1.25732 -0.98295 -1.12882 1.28363 -0.63733 -0.37521 0.20530 0.44062 0.06119 2
-0.38259 -0.48724 1.56744 -0.27233 0.59809 -0.48765 0.88547 -0.86818 -0.63733 0.17066 1.26768 0.23633 0.59472 2
-0.32893 -0.48724 -0.43683 -0.27233 -0.14407 -0.41934 0.46627 0.21981 -0.63733 -0.60068 1.17530 0.32944 0.28244 2
-0.41648 -0.48724 -0.98344 -0.27233 -0.97253 -0.38518 -0.71317 2.00339 -0.75218 -0.33368 0.15911 0.31728 -0.29730 2
-0.14911 -0.48724 1.23073 -0.27233 2.72965 -1.56363 0.89613 -1.07586 -0.52248 -0.03107 -1.73470 0.00346 2.19392 2
0.62424 -0.48724 1.01499 3.66477 1.85804 -0.10338 1.02402 -0.79443 1.65960 1.52941 0.80578 0.23064 0.69275 2
-0.38227 -0.48724 1.56744 -0.27233 0.59809 0.20831 1.07376 -0.94151 -0.63733 0.17066 1.26768 0.44062 0.38327 2
-0.35526 -0.48724 1.56744 -0.27233 0.59809 0.07168 1.05244 -0.79989 -0.63733 0.17066 1.26768 0.41619 0.60312 2
-0.34593 -0.48724 -0.43683 -0.27233 -0.14407 -0.26847 0.56575 0.31669 -0.63733 -0.60068 1.17530 0.25572 -0.33511 2
-0.33572 -0.48724 -0.43683 -0.27233 -0.14407 -0.79365 0.03286 0.00069 -0.63733 -0.60068 1.17530 0.37544 -0.19228 2
-0.41510 2.94293 -1.34494 -0.27233 -1.22280 -0.88474 -1.65815 3.22488 -0.63733 -0.44048 1.63721 0.28617 -0.64459 2
-0.38890 -0.48724 -0.21089 -0.27233 0.26153 -0.69830 0.07194 -0.42852 -0.40764 -0.10228 0.34387 0.44062 0.20262 2
-0.38176 -0.48724 1.56744 -0.27233 0.59809 -0.65844 0.95297 -0.62931 -0.63733 0.17066 1.26768 0.35069 0.33285 2
0.23866 -0.48724 1.01499 -0.27233 1.59914 -0.09341 1.11639 -0.85018 1.65960 1.52941 0.80578 0.42736 0.55131 2
-0.40356 -0.48724 -0.16424 -0.27233 -0.06641 -0.04360 0.55509 -0.73065 -0.40764 0.14099 -0.30279 0.35124 -0.30851 2
-0.39786 0.45606 -0.76917 -0.27233 -1.06746 -0.96729 0.05773 1.97551 -0.29279 -0.46421 0.29768 0.35551 0.81318 2
-0.41657 -0.48724 -0.86683 -0.27233 -0.34256 -0.55455 -0.31884 0.86430 -0.52248 -1.09315 0.80578 0.41772 -0.29310 2
-0.39351 -0.48724 -0.37560 -0.27233 -0.29941 0.17131 0.59772 -0.51305 -0.52248 -0.14381 1.12911 -3.13133 -0.28330 2
-0.41168 2.08539 -1.37701 -0.27233 -1.24006 -0.57020 -1.77893 3.28405 -0.63733 0.01639 -0.07184 0.39056 -0.68100 2
-0.40274 0.58469 -0.87558 -0.27233 -0.87761 -0.77373 -0.08437 1.62907 -0.17794 -0.73715 0.57483 0.42101 0.06959 2
-0.41295 -0.48724 -0.86683 -0.27233 -0.34256 -0.45065 -0.35792 0.48305 -0.52248 -1.09315 0.80578 0.44062 -0.47095 2
-0.40577 -0.48724 -0.16424 -0.27233 -0.06641 -0.52893 0.86416 -0.68463 -0.40764 0.14099 -0.30279 0.41926 0.49810 2
-0.41852 2.72855 -1.04029 -0.27233 -1.24869 -0.56451 -0.74514 1.67386 -0.75218 0.36053 1.22149 0.44062 0.30065 2
0.01877 -0.48724 1.01499 -0.27233 0.86561 -0.47342 0.57285 -0.43859 1.65960 1.52941 0.80578 -3.66575 0.62973 2
-0.15109 -0.48724 1.23073 -0.27233 0.43412 -0.57590 1.02047 -0.66787 -0.52248 -0.03107 -1.73470 -0.09359 -0.08725 2
-0.40255 -0.48724 -0.16424 -0.27233 -0.06641 -0.37522 0.49825 -0.49752 -0.40764 0.14099 -0.30279 0.41444 -0.32951 2
-0.38057 -0.48724 1.56744 -0.27233 0.59809 0.24674 1.07731 -0.79619 -0.63733 0.17066 1.26768 0.42024 -0.00743 2
-0.39550 -0.48724 -0.37560 -0.27233 -0.29941 -0.21012 0.66877 -0.51305 -0.52248 -0.14381 1.12911 0.41400 0.11020 2
-0.37641 -0.48724 -0.07970 3.66477 -0.56693 -1.25336 0.71140 -0.06176 -0.63733 -0.77868 0.06673 0.42243 1.58617 2
-0.41241 -0.48724 -1.15107 -0.27233 -0.81720 -0.59297 -1.51960 0.67415 -0.63733 0.12913 -0.71851 0.28223 -0.37572 2
-0.17024 -0.48724 1.23073 -0.27233 2.72965 -0.81927 1.06310 -1.03141 -0.52248 -0.03107 -1.73470 -1.03756 0.43928 2
-0.41607 1.01346 -0.74002 -0.27233 -1.00792 -0.36099 -1.60841 1.35140 -0.98187 -0.61848 -0.71851 0.06108 -0.67540 2
-0.40468 -0.48724 -0.37560 -0.27233 -0.29941 -0.61717 0.99916 -0.80170 -0.52248 -0.14381 1.12911 0.40940 0.53451 2
-0.40020 -0.48724 -0.37560 -0.27233 -0.29941 -0.63852 0.82863 -0.75226 -0.52248 -0.14381 1.12911 0.42714 0.84118 2
0.35359 -0.48724 1.01499 -0.27233 1.36614 0.04606 0.51246 -0.50370 1.65960 1.52941 0.80578 0.44062 0.18722 2
-0.32105 -0.48724 -0.43683 -0.27233 -0.14407 -0.45492 0.73272 0.10318 -0.63733 -0.60068 1.17530 0.39275 0.16481 2
-0.28141 -0.48724 1.56744 -0.27233 0.59809 0.05887 1.03468 -0.72377 -0.63733 0.17066 1.26768 0.44062 -0.05504 2
-0.24614 -0.48724 1.23073 -0.27233 2.72965 -1.25336 1.11639 -1.04641 -0.52248 -0.03107 -1.73470 -0.16511 0.08779 2
0.04940 -0.48724 1.01499 -0.27233 -0.19585 -0.07918 0.78600 -0.33041 1.65960 1.52941 0.80578 0.42342 0.03038 2
-0.40979 0.41318 -0.80124 -0.27233 -0.99842 -0.45777 -0.81264 1.43403 -0.63733 -0.98042 -0.76470 0.42594 0.11160 2
-0.38643 -0.48724 -0.21089 -0.27233 0.26153 -1.27329 0.15365 -0.47321 -0.40764 -0.10228 0.34387 0.44062 1.18847 2
-0.41482 -0.48724 -1.15107 -0.27233 -0.81720 -0.20016 -1.29223 0.98711 -0.63733 0.12913 -0.71851 0.13030 -0.49895 3
-0.34716 -0.48724 -0.43683 -0.27233 -0.14407 -0.64137 -0.42897 0.33412 -0.63733 -0.60068 1.17530 0.42660 -0.58578 3
0.02596 -0.48724 1.01499 -0.27233 1.85804 -0.04787 0.80021 -0.71213 1.65960 1.52941 0.80578 -0.06598 0.21523 3
0.08548 -0.48724 1.01499 -0.27233 0.21838 -0.16742 0.54798 -0.36170 1.65960 1.52941 0.80578 0.44062 0.50930 3
-0.40877 -0.48724 -0.75459 -0.27233 -0.48064 -0.63140 -0.25489 -0.19810 -0.52248 -0.76682 0.34387 0.22877 -0.17407 3
-0.39820 -0.48724 -0.61612 -0.27233 -0.92076 -0.70968 -1.25316 0.61991 -0.75218 -1.03975 -0.25660 0.44062 0.20962 3
-0.40830 -0.48724 0.24681 -0.27233 -1.01568 -0.00802 0.21049 0.12212 -0.52248 -0.06074 0.11292 0.18606 -0.09565 3
-0.40387 -0.48724 -0.37560 -0.27233 -0.29941 -0.16742 0.76114 -0.65253 -0.52248 -0.14381 1.12911 0.39450 -0.04524 3
-0.40776 0.79907 -0.90473 -0.27233 -1.09335 -0.26990 -0.12345 1.20675 -0.40764 -0.64222 -0.85708 0.41564 -0.03544 3
1.09999 -0.48724 1.01499 -0.27233 0.21838 -0.81358 -0.42186 -0.46129 1.65960 1.52941 0.80578 0.44062 0.29505 3
-0.32678 -0.48724 -0.43683 -0.27233 -0.14407 -1.17935 -1.13592 0.00069 -0.63733 -0.60068 1.17530 -0.74138 -0.13486 3
0.25665 -0.48724 1.01499 -0.27233 1.36614 0.32502 0.75758 -0.47179 1.65960 1.52941 0.80578 0.40688 -0.33091 3
-0.41035 -0.48724 0.24681 -0.27233 -1.01568 -0.58444 -1.13592 0.33602 -0.52248 -0.06074 0.11292 0.43141 -0.49755 3
-0.41177 -0.48724 2.11552 -0.27233 0.22701 -0.39941 0.55154 -0.75872 -0.86702 -1.30676 0.29768 0.22998 0.22643 3
-0.40485 -0.48724 -0.37560 -0.27233 -0.29941 -0.22435 0.59061 -0.79434 -0.52248 -0.14381 1.12911 0.33973 0.20122 3
-0.40492 -0.48724 -0.16424 -0.27233 -0.06641 -0.58728 0.16076 -0.62570 -0.40764 0.14099 -0.30279 -0.19765 0.38047 3
-0.40771 2.94293 -1.34494 -0.27233 -1.22280 -0.49619 -1.74341 3.22488 -0.63733 -0.44048 1.63721 0.21213 -0.99188 3
-0.14357 -0.48724 1.01499 -0.27233 0.24427 -0.58871 -0.94764 -0.03374 1.65960 1.52941 0.80578 0.15396 0.09620 3
-0.40956 0.37030 -0.60883 3.66477 -0.78268 -0.51897 -0.25134 0.05815 -0.75218 -1.09909 0.06673 0.37971 0.13961 3
-0.41576 -0.48724 -0.86683 -0.27233 -0.34256 0.03610 -1.06842 1.26483 -0.52248 -1.09315 0.80578 0.35846 -0.82664 3
-0.40998 -0.48724 0.24681 -0.27233 -1.01568 -0.20585 -0.80909 0.14031 -0.52248 -0.06074 0.11292 0.33174 -0.33371 3
0.00752 -0.48724 1.01499 -0.27233 1.85804 -1.31314 0.98139 -0.80326 1.65960 1.52941 0.80578 0.26415 -0.34492 3
0.98060 -0.48724 1.01499 -0.27233 0.51179 -0.90609 0.67587 -0.87564 1.65960 1.52941 0.80578 -0.71334 0.20262 3
-0.41598 2.94293 -1.09277 -0.27233 -1.40402 -0.58159 -1.75762 2.57645 -0.98187 -0.55321 -0.94946 0.42178 -0.47655 3
-0.36482 -0.48724 -0.18028 -0.27233 -0.09230 -0.24428 -0.34726 0.09824 -0.63733 -0.61848 -0.02565 0.43328 0.01077 3
-0.41550 -0.48724 -0.86683 -0.27233 -0.34256 -0.35245 -1.21053 1.04015 -0.52248 -1.09315 0.80578 0.44062 -0.65019 3
-0.40584 -0.48724 -0.61612 -0.27233 -0.92076 -0.30690 -1.01514 0.91459 -0.75218 -1.03975 -0.25660 0.35835 -0.43454 3
-0.40480 -0.48724 -0.16424 -0.27233 -0.06641 -0.15461 0.13944 -0.50574 -0.40764 0.14099 -0.30279 0.40118 -0.08585 3
0.00699 -0.48724 1.01499 -0.27233 0.24427 0.03895 -0.59238 0.09339 1.65960 1.52941 0.80578 0.34992 -0.29030 3
-0.40904 -0.48724 0.24681 -0.27233 -1.01568 0.00194 -0.83751 0.33602 -0.52248 -0.06074 0.11292 0.29088 -0.51996 3
-0.40045 -0.48724 2.11552 -0.27233 0.22701 -0.42503 0.70429 -0.85584 -0.86702 -1.30676 0.29768 0.31049 0.30205 3
0.49128 -0.48724 1.01499 -0.27233 0.86561 -0.10765 -0.11279 -0.39495 1.65960 1.52941 0.80578 0.44062 0.07939 3
-0.40723 -0.48724 0.40132 3.66477 -0.04052 -0.47485 0.89613 -0.43014 -0.52248 -0.78462 -0.94946 0.44062 0.73756 3
-0.41693 -0.48724 -0.59279 -0.27233 -0.73953 0.19408 0.36680 0.55661 -0.86702 -0.98635 -0.30279 0.44062 -0.49195 3
-0.40920 0.04872 -0.47618 -0.27233 -0.26489 -0.56309 -1.05066 0.78637 -0.52248 -0.57695 -1.50375 0.37051 0.42808 3
-0.40755 -0.48724 -0.37560 -0.27233 -0.29941 -0.12757 -0.50357 -0.48309 -0.52248 -0.14381 1.12911 0.40326 0.04858 3
-0.39982 -0.48724 -0.07970 3.66477 -0.56693 -0.46204 0.83574 0.03897 -0.63733 -0.77868 0.06673 0.40064 0.64653 3
-0.37270 -0.48724 -0.71961 3.66477 -0.41160 -0.17169 0.80732 -0.35477 -0.17794 -0.60068 -0.48756 0.42243 1.23328 3
0.02746 -0.48724 1.01499 3.66477 1.85804 0.15708 0.79666 -0.61255 1.65960 1.52941 0.80578 0.37971 0.08639 3
-0.09244 -0.48724 1.01499 -0.27233 -0.19585 -0.74384 -1.00448 0.14402 1.65960 1.52941 0.80578 0.39702 -0.31271 3
-0.41450 2.94293 -1.09277 -0.27233 -1.40402 -0.25139 -1.29934 2.57645 -0.98187 -0.55321 -0.94946 0.39669 -0.85184 3
-0.01619 -0.48724 1.01499 3.66477 1.40929 3.55153 0.50891 -0.89772 1.65960 1.52941 0.80578 -0.02327 -1.03109 3
-0.41337 0.04872 -0.73856 -0.27233 -1.25732 -0.57874 -1.67591 1.28363 -0.63733 -0.37521 0.20530 0.43306 -0.63759 3
-0.41553 -0.48724 -1.12629 -0.27233 -0.56693 0.17131 0.18918 -0.33383 -0.86702 -0.82022 -0.30279 0.40392 -0.62359 3
-0.40693 0.79907 -0.90473 -0.27233 -1.09335 0.87155 -0.50712 1.20675 -0.40764 -0.64222 -0.85708 0.37873 -0.17827 3
-0.41883 1.87100 -1.29538 -0.27233 -1.42991 0.23963 -1.30289 1.66797 -0.98187 -0.64222 -1.45756 0.41674 -0.61938 3
-0.32821 -0.48724 -0.18028 -0.27233 -0.09230 -0.23147 -0.56041 -0.54839 -0.63733 -0.61848 -0.02565 0.44062 -0.93446 3
-0.40728 0.58469 -0.87558 -0.27233 -0.87761 0.24390 -0.02753 1.62912 -0.17794 -0.73715 0.57483 0.44062 -0.82944 3
-0.41179 -0.48724 -0.96887 -0.27233 -0.91213 -0.23289 -0.41831 -0.02253 -0.75218 -0.95669 0.02054 0.42145 -0.58998 3
-0.40814 0.79907 -0.90473 -0.27233 -1.09335 0.10442 -0.55686 1.53889 -0.40764 -0.64222 -0.85708 0.17609 -0.20068 3
-0.39208 -0.48724 -0.54761 -0.27233 -0.53242 -0.28698 -0.88369 0.76974 -0.52248 -0.71935 0.52864 0.44062 0.01918 3
-0.41419 -0.48724 -0.86683 -0.27233 -0.34256 0.04464 -1.08263 1.26483 -0.52248 -1.09315 0.80578 0.36186 -0.97647 3
-0.13532 -0.48724 1.23073 -0.27233 0.43412 0.16704 0.94587 -0.72780 -0.52248 -0.03107 -1.73470 -0.29174 -0.18668 3
-0.41477 1.76381 -0.84788 -0.27233 -1.29184 0.04322 -0.81619 1.67267 -0.40764 -0.68375 -0.85708 0.44062 -0.70761 3
-0.39485 -0.48724 -0.07970 3.66477 -0.56693 -0.67979 -0.52488 -0.06765 -0.63733 -0.77868 0.06673 0.37533 0.47289 3
-0.41282 -0.48724 0.11562 -0.27233 0.15797 0.43888 0.01865 -0.62518 -0.98187 -0.80242 1.17530 0.38683 -0.41773 3
-0.41407 -0.48724 -0.96887 -0.27233 -0.91213 -0.38376 -0.83396 0.30021 -0.75218 -0.95669 0.02054 0.43065 0.02898 3
-0.41466 -0.48724 -1.12629 -0.27233 -0.56693 0.18839 -0.08792 -0.33373 -0.86702 -0.82022 -0.30279 0.38892 -0.53816 3
-0.41228 -0.48724 -1.15107 -0.27233 -0.81720 0.06884 -1.82511 0.67415 -0.63733 0.12913 -0.71851 0.20303 -0.74402 3
-0.15941 -0.48724 1.23073 -0.27233 0.43412 -0.61290 0.82508 -0.65206 -0.52248 -0.03107 -1.73470 0.42101 -0.14186 3
-0.33156 0.37030 -1.04467 -0.27233 0.79657 -1.03134 -0.20516 -0.85888 -0.52248 -0.85582 -2.51994 0.39133 -0.30851 4
-0.36279 -0.48724 -0.18028 -0.27233 -0.09230 0.49866 0.49469 -0.22678 -0.63733 -0.61848 -0.02565 0.44062 -1.13611 4
-0.41597 0.58469 -0.91494 -0.27233 -1.11061 -0.16742 -0.77711 0.76253 -0.63733 -0.75495 0.25149 0.37205 -0.72021 4
-0.41288 1.22785 -1.44115 -0.27233 -1.08472 0.29229 -0.85882 2.37310 -0.98187 -0.43455 0.57483 0.44062 -0.93446 4
-0.35150 -0.48724 1.56744 -0.27233 0.59809 0.12434 1.04179 -0.69698 -0.63733 0.17066 1.26768 0.31859 -0.21468 4
-0.40393 -0.48724 -1.03300 -0.27233 -0.38571 -1.01426 0.70785 -0.56938 -0.52248 -0.66595 -0.85708 0.44062 0.28524 4
-0.37336 -0.48724 -0.18028 -0.27233 -0.09230 0.13858 -0.04884 -0.12468 -0.63733 -0.61848 -0.02565 0.42210 -0.32111 4
-0.39899 -0.48724 -0.54761 -0.27233 -0.53242 0.13004 -0.50712 0.35397 -0.52248 -0.71935 0.52864 0.44062 -0.80983 4
-0.41793 3.15732 -1.01843 -0.27233 -1.08472 0.32929 -1.45210 2.25114 -0.63733 -0.33961 -0.25660 0.39165 -0.88125 4
1.15196 -0.48724 1.01499 -0.27233 0.65850 -3.44659 1.11639 -1.08488 1.65960 1.52941 0.80578 -2.46732 0.09479 4
-0.41194 -0.48724 -1.03300 -0.27233 -0.38571 -0.37664 -0.75935 -0.11404 -0.52248 -0.66595 -0.85708 0.40042 -0.35612 4
0.19526 -0.48724 1.01499 -0.27233 1.25395 -0.33252 0.49469 -0.77278 1.65960 1.52941 0.80578 0.23776 0.85519 4
-0.00521 -0.48724 1.01499 -0.27233 0.21838 0.21685 0.22825 -0.42672 1.65960 1.52941 0.80578 0.40195 0.23903 4
-0.25443 -0.48724 1.23073 -0.27233 2.72965 0.32075 1.11639 -0.96364 -0.52248 -0.03107 -1.73470 0.08364 -0.73701 4
-0.41480 -0.48724 0.40132 3.66477 -0.04052 -0.56451 -0.44673 -0.32433 -0.52248 -0.78462 -0.94946 0.39571 0.12000 4
-0.40935 0.79907 -0.90473 -0.27233 -1.09335 0.45738 -0.93698 1.13732 -0.40764 -0.64222 -0.85708 0.29691 -0.73981 4
-0.39739 -0.48724 -0.04763 -0.27233 -1.22280 -0.05641 -2.21589 0.70867 -0.63733 -0.61255 0.34387 0.22450 -0.71601 4
-0.41593 2.94293 -1.13213 -0.27233 -1.35225 0.00764 -1.80380 1.33753 -0.63733 -0.42268 -1.08803 0.44062 -1.11791 4
-0.38644 -0.48724 -0.07970 -0.27233 -0.56693 -1.24198 -2.08800 -0.09856 -0.63733 -0.77868 0.06673 -0.08482 2.36617 4
-0.40527 0.79907 -0.90473 -0.27233 -1.09335 0.15423 -2.15905 1.53889 -0.40764 -0.64222 -0.85708 0.19756 -1.04509 4
-0.21080 -0.48724 1.23073 -0.27233 0.43412 -0.58017 0.37746 -0.65020 -0.52248 -0.03107 -1.73470 -1.41371 -0.07185 4
-0.15266 -0.48724 1.23073 -0.27233 0.43412 0.04891 0.97784 -0.80497 -0.52248 -0.03107 -1.73470 -0.65265 -0.21748 4
-0.37718 -0.48724 -0.18028 -0.27233 -0.09230 0.40188 0.66522 -0.09153 -0.63733 -0.61848 -0.02565 0.42736 -0.47235 4
-0.41049 -0.48724 0.40570 -0.27233 -1.01568 -0.22435 -1.78248 0.81097 -0.63733 -0.70748 -1.13422 0.44062 -0.57037 4
-0.41715 1.87100 -1.07236 -0.27233 -0.61008 0.58548 -0.43252 0.91991 -0.52248 -0.22688 -0.39518 0.44062 -0.76642 4
-0.41304 -0.48724 0.11562 -0.27233 0.15797 0.98399 0.79666 -0.77292 -0.98187 -0.80242 1.17530 0.44062 -0.98208 4
-0.41937 0.28455 -1.28664 -0.27233 -0.14407 0.41326 -0.11989 0.14007 -0.98187 -0.66595 -1.45756 0.44062 -1.07450 4
-0.38168 -0.48724 -0.71961 -0.27233 -0.41160 -0.28271 -0.25134 -0.06798 -0.17794 -0.60068 -0.48756 0.21990 -0.24829 4
-0.41610 3.05012 -1.32745 -0.27233 -1.20554 -0.17454 -1.07198 1.17536 -0.86702 -0.35741 -1.73470 0.40633 -0.73141 4
-0.41086 2.08539 -1.37701 -0.27233 -1.24006 0.41896 -1.16079 3.28405 -0.63733 0.01639 -0.07184 0.15451 -1.00308 4
-0.40984 -0.48724 -0.04763 -0.27233 -1.22280 0.18839 -2.20168 0.70867 -0.63733 -0.61255 0.34387 0.29636 -0.83084 4
-0.35767 -0.48724 -0.71961 -0.27233 -0.43749 -0.43215 -0.01687 -0.05867 -0.17794 -0.60068 -0.48756 0.23743 -0.14046 4
-0.39340 -0.48724 -0.07970 -0.27233 -0.56693 0.05887 -0.57107 0.26588 -0.63733 -0.77868 0.06673 0.41838 -0.23569 4
-0.40431 -0.48724 -0.07970 3.66477 -0.56693 -0.31402 -0.33660 0.21093 -0.63733 -0.77868 0.06673 0.26996 0.28104 4
-0.40379 0.45606 -0.76917 -0.27233 -1.06746 0.28802 -1.97432 1.71042 -0.29279 -0.46421 0.29768 0.43382 -0.94567 4
-0.40678 0.37030 -0.60883 -0.27233 -0.78268 0.36060 -0.35081 0.05815 -0.75218 -1.09909 0.06673 0.41937 -0.68940 4
-0.38760 -0.48724 -0.21089 -0.27233 0.26153 -0.51043 -0.92277 -0.67120 -0.40764 -0.10228 0.34387 0.44062 0.13120 4
-0.41379 -0.48724 -1.03300 -0.27233 -0.38571 0.04322 0.17141 -0.22678 -0.52248 -0.66595 -0.85708 0.42638 -0.89105 4
-0.39975 -0.48724 -0.75459 -0.27233 -0.48064 -0.45350 -1.36328 0.02482 -0.52248 -0.76682 0.34387 0.40261 -0.35332 4
-0.40157 -0.48724 -0.61612 -0.27233 -0.92076 -0.10480 -2.20524 0.91459 -0.75218 -1.03975 -0.25660 0.41389 -0.73001 4
-0.39521 0.45606 -0.76917 -0.27233 -1.06746 0.21828 -2.11998 1.71042 -0.29279 -0.46421 0.29768 0.22341 -1.26915 4
-0.41511 1.76381 -0.84788 -0.27233 -1.29184 0.39903 -1.62262 1.67267 -0.40764 -0.68375 -0.85708 0.16481 -0.44014 4
-0.41497 2.51416 -1.29684 -0.27233 -1.33499 0.83454 -0.75225 1.91515 -0.52248 -0.29808 -1.68851 0.37446 -0.92186 4
-0.40540 0.58469 -0.87558 -0.27233 -0.87761 0.67941 -0.89435 1.98786 -0.17794 -0.73715 0.57483 0.42616 -0.44154 4
-0.41676 0.71332 0.56895 -0.27233 -0.78268 -0.10480 -1.40947 -0.06133 -0.63733 -0.82022 -0.11803 0.43437 -0.90226 4
-0.39708 -0.48724 -0.07970 -0.27233 -0.56693 -0.14607 -0.92987 0.07140 -0.63733 -0.77868 0.06673 0.40480 -0.44574 4
-0.38045 -0.48724 -0.54761 -0.27233 -0.53242 0.18554 -1.01158 0.43978 -0.52248 -0.71935 0.52864 0.44062 -0.91486 4
0.10793 -0.48724 1.01499 -0.27233 1.85804 0.16135 0.69008 -0.60637 1.65960 1.52941 0.80578 0.19591 -0.68100 4
-0.40365 -0.48724 -0.61612 -0.27233 -0.92076 -0.16458 -2.20168 0.91459 -0.75218 -1.03975 -0.25660 0.29241 -0.95827 4
-0.41343 -0.48724 -0.96887 -0.27233 -0.91213 0.49154 -0.44318 0.30520 -0.75218 -0.95669 0.02054 0.39023 -0.85744 4
-0.41673 1.22785 -1.44115 -0.27233 -1.08472 0.93133 -1.21053 2.37310 -0.98187 -0.43455 0.57483 0.36339 -0.94707 4
-0.40330 0.04872 -0.47618 -0.27233 -0.26489 -0.16031 0.97784 1.02362 -0.52248 -0.57695 -1.50375 0.44062 0.90980 4
-0.41386 -0.48724 0.40570 -0.27233 -1.01568 0.37626 -0.62436 1.02833 -0.63733 -0.70748 -1.13422 0.39625 -0.73701 4
-0.40282 -0.48724 -0.37560 -0.27233 -0.29941 0.62960 0.40233 -0.48309 -0.52248 -0.14381 1.12911 0.41718 -0.45274 4
-0.34761 -0.48724 -0.71961 3.66477 -0.41160 0.84593 0.32417 -0.24835 -0.17794 -0.60068 -0.48756 0.36931 -0.38132 4
0.10956 -0.48724 1.01499 -0.27233 1.40929 -3.87641 0.68653 -1.03616 1.65960 1.52941 0.80578 -0.02162 -0.77482 4
0.96931 -0.48724 1.01499 -0.27233 0.90013 -0.96302 1.11639 -1.19192 1.65960 1.52941 0.80578 -0.26928 -0.07325 4
-0.41532 0.58469 -0.91494 -0.27233 -1.11061 0.62960 -1.24605 0.76253 -0.63733 -0.75495 0.25149 0.44062 -1.03109 4
-0.40377 -0.48724 -0.07970 -0.27233 -0.56693 0.12861 -1.28868 0.07140 -0.63733 -0.77868 0.06673 0.31914 -0.45834 4
-0.41437 0.92771 -1.30559 -0.27233 -0.71364 0.80323 0.06128 -0.29080 -0.29279 -1.10502 -0.02565 0.44062 -0.71741 4
-0.41603 2.94293 -0.90182 -0.27233 -1.24006 0.82031 -1.44499 0.62765 -0.63733 -0.96855 0.34387 0.44062 -1.30556 5
-0.40507 -0.48724 0.40570 -0.27233 -1.01568 0.55986 -1.33131 1.02833 -0.63733 -0.70748 -1.13422 0.44062 -0.89385 5
-0.41195 -0.48724 0.40132 -0.27233 -0.04052 0.50862 0.58706 -0.17759 -0.52248 -0.78462 -0.94946 0.39549 -0.41493 5
-0.41364 2.51416 -1.29684 -0.27233 -1.33499 1.07650 -2.08090 1.91515 -0.52248 -0.29808 -1.68851 0.16327 -1.10811 5
-0.41843 2.08539 -1.19626 -0.27233 -1.32636 0.45454 -1.76827 1.15142 -0.98187 -0.84988 -1.31899 0.21935 -1.15852 5
-0.41083 1.22785 -0.68900 -0.27233 -0.92939 0.28090 -1.29579 0.16396 -0.63733 -0.91515 -0.39518 0.44062 -0.76502 5
-0.41235 -0.48724 -1.03300 -0.27233 -0.38571 0.37199 -1.26026 -0.31474 -0.52248 -0.66595 -0.85708 0.37555 -1.02549 5
-0.41307 -0.48724 -1.26477 -0.27233 -0.57556 -0.18735 0.00800 -0.24474 -0.75218 -1.27709 -0.30279 0.33338 0.06959 5
-0.41054 0.45606 -0.76917 -0.27233 -1.06746 0.95694 -2.19458 2.42752 -0.29279 -0.46421 0.29768 0.32221 -1.27755 5
-0.40548 1.44223 -1.12192 -0.27233 -1.01568 0.38622 -1.40236 0.36646 -0.52248 -0.06074 -1.50375 0.28661 -1.13331 5
0.12014 -0.48724 1.01499 -0.27233 0.51179 0.98968 -0.03463 -0.59939 1.65960 1.52941 0.80578 0.19723 -0.13906 5
-0.41238 -0.48724 -1.03300 -0.27233 -0.38571 0.81889 0.20694 -0.41779 -0.52248 -0.66595 -0.85708 0.37895 -0.80283 5
-0.34864 -0.48724 -0.71961 -0.27233 -0.41160 0.47446 0.43430 -0.24835 -0.17794 -0.60068 -0.48756 0.44062 -0.70761 5
-0.34376 0.37030 -1.04467 -0.27233 0.79657 0.79327 1.11639 -0.84738 -0.52248 -0.85582 -2.51994 0.38618 -0.80563 5
-0.41811 3.37170 -1.32891 -0.27233 -1.24869 0.63102 -1.15368 3.95660 -0.52248 -1.31269 -0.67232 0.30435 -1.14172 5
-0.41468 2.94293 -1.40179 -0.27233 -1.30047 1.17043 -1.13592 1.66878 -0.86702 -0.47015 -2.70470 -0.02589 -0.56617 5
-0.41207 1.44223 -1.12192 -0.27233 -1.01568 0.64668 -1.34197 1.27499 -0.52248 -0.06074 -1.50375 0.36186 -1.11511 5
-0.41689 2.72855 -1.19335 -0.27233 -1.09335 0.44173 -1.66170 0.76272 -0.75218 -0.92702 -0.07184 0.42670 -1.16692 5
-0.41756 2.08539 -1.19626 -0.27233 -1.32636 0.73349 -2.08445 1.15142 -0.98187 -0.84988 -1.31899 0.40195 -1.06750 5
-0.41656 1.87100 -1.07236 -0.27233 -0.61008 0.83881 -1.43789 1.26815 -0.52248 -0.22688 -0.39518 0.34280 -1.12631 5
-0.36874 -0.48724 -0.71961 -0.27233 -0.43749 0.38053 -1.67591 -0.19943 -0.17794 -0.60068 -0.48756 0.25923 -1.24534 5
-0.41844 3.80047 -1.43094 -0.27233 -1.24006 0.75627 -0.99737 2.15118 -0.52248 -0.90329 -1.54994 0.39680 -1.21874 5
-0.36628 -0.48724 -0.71961 -0.27233 -0.43749 1.60452 0.29575 -0.05867 -0.17794 -0.60068 -0.48756 0.21322 -1.03669 5
-0.40894 1.22785 -0.68900 -0.27233 -0.92939 0.81035 -0.91566 0.22427 -0.63733 -0.91515 -0.39518 0.44062 -1.35457 5
-0.41354 1.22785 -0.68900 3.66477 -0.92939 0.67372 -1.26737 0.13419 -0.63733 -0.91515 -0.39518 0.44062 -1.27755 5
-0.41859 1.01346 -1.40179 -0.27233 -0.97253 1.36115 -0.68475 1.54003 -0.98187 -0.73715 -1.36518 0.41696 -1.00308 5
-0.41783 0.26311 -1.42220 -0.27233 -1.19605 1.16616 -0.32239 2.57768 -0.75218 -1.14062 0.06673 0.40053 -0.64459 5
-0.40848 0.97058 -0.73564 -0.27233 -1.05020 0.99253 -1.80735 0.80574 -0.29279 -0.47015 -1.08803 0.36975 -1.09130 5
-0.40793 1.22785 -0.68900 3.66477 -0.92939 1.39815 -0.69541 0.47117 -0.63733 -0.91515 -0.39518 0.35682 -0.92466 5
-0.41544 2.94293 -1.40179 -0.27233 -1.30047 1.42662 -1.22474 1.66878 -0.86702 -0.47015 -2.70470 0.44062 -1.20053 5
-0.41138 0.92771 -1.30559 -0.27233 -0.71364 1.61591 0.11813 -0.33046 -0.29279 -1.10502 -0.02565 0.44062 -0.86585 5
-0.35731 0.37030 -1.04467 -0.27233 0.79657 1.30706 0.46983 -0.79923 -0.52248 -0.85582 -2.51994 0.39571 -0.42894 5
-0.41572 2.94293 -1.40179 -0.27233 -1.30047 1.40811 -1.07553 1.66878 -0.86702 -0.47015 -2.70470 0.38913 -0.84484 5
-0.41693 -0.48724 -0.59279 -0.27233 -0.73953 1.28145 -0.26555 0.55661 -0.86702 -0.98635 -0.30279 0.39604 -1.20753 5
-0.39564 0.37030 -1.13796 -0.27233 -0.96477 0.75057 -1.29223 0.14516 -0.52248 -1.14062 -1.64232 0.44062 -1.09270 5
-0.41369 0.92771 -1.30559 -0.27233 -0.71364 1.35403 -0.97606 0.10778 -0.29279 -1.10502 -0.02565 0.40535 -0.80143 5
-0.41207 -0.48724 -1.30559 -0.27233 -0.83446 1.22736 -0.51067 1.07667 -0.75218 -1.10502 0.11292 0.44062 -1.02549 5
-0.41209 -0.48724 -1.26477 -0.27233 -0.57556 -0.20016 -0.22647 -0.56852 -0.75218 -1.27709 -0.30279 0.44062 -0.44854 5
-0.40956 1.44223 -1.12192 -0.27233 -1.01568 0.94841 -1.67236 1.27499 -0.52248 -0.06074 -1.50375 0.23009 -1.05769 5
-0.41338 -0.48724 -1.26477 -0.27233 -0.57556 0.98968 -0.36147 -0.45877 -0.75218 -1.27709 -0.30279 0.44062 -1.06610 5
-0.27785 -0.48724 1.23073 -0.27233 0.43412 0.93702 1.02402 -0.91073 -0.52248 -0.03107 -1.73470 0.07400 -1.12911 5
-0.35322 -0.48724 -0.71961 -0.27233 -0.41160 2.92103 0.16786 0.02059 -0.17794 -0.60068 -0.48756 0.32024 -1.42599 5
-0.37721 0.45606 -0.76917 -0.27233 -1.06746 2.81002 -2.13774 2.42752 -0.29279 -0.46421 0.29768 0.44062 -1.27615 5
-0.35801 0.37030 -1.04467 -0.27233 0.79657 1.75823 0.73982 -0.78607 -0.52248 -0.85582 -2.51994 0.34718 -0.75522 5
-0.35726 0.37030 -1.04467 -0.27233 0.17523 1.68707 -0.56752 -0.43835 -0.52248 -0.85582 -2.51994 0.36832 -1.32936 5
-0.41831 3.37170 -1.07673 -0.27233 -1.38676 1.66430 -1.22118 1.20675 -0.75218 -0.97449 -1.18041 0.32495 -1.33636 5
-0.41298 0.37030 -1.13796 3.66477 -0.96477 1.93614 -0.67054 0.67286 -0.52248 -1.14062 -1.64232 0.22341 -1.35037 5
-0.38543 -0.48724 -0.71961 -0.27233 -0.43749 1.99449 -1.83222 -0.19943 -0.17794 -0.60068 -0.48756 0.22823 -1.22294 5
-0.41602 3.58609 -1.23270 -0.27233 -1.19605 2.23218 -1.25671 0.62827 -0.63733 -1.09315 -1.73470 0.39549 -1.23834 5
-0.20691 -0.48724 1.23073 3.66477 0.43412 2.15959 1.05244 -0.83314 -0.52248 -0.03107 -1.73470 0.36076 -1.50301 5
-0.24350 -0.48724 1.23073 3.66477 0.43412 2.97511 0.89968 -0.77553 -0.52248 -0.03107 -1.73470 0.34806 -1.30696 5
-0.18640 -0.48724 1.23073 -0.27233 0.43412 2.34034 0.98139 -0.83067 -0.52248 -0.03107 -1.73470 0.13830 -1.25374 5
-0.41359 -0.48724 -1.26477 -0.27233 -0.57556 2.20087 -0.53199 -0.28297 -0.75218 -1.27709 -0.30279 0.39384 -1.14872 5
-0.41850 2.94293 -1.55630 -0.27233 -1.14513 2.26349 -1.29934 0.88016 -0.63733 -0.90922 -1.87327 0.41137 -1.35597 5
-0.41777 3.58609 -1.23270 -0.27233 -1.19605 2.48978 -1.30289 0.62827 -0.63733 -1.09315 -1.73470 0.37106 -1.36857 5
-0.34901 0.37030 -1.04467 -0.27233 0.79657 3.44336 0.65101 -0.94697 -0.52248 -0.85582 -2.51994 0.36175 -1.05489 5
-0.35286 0.37030 -1.04467 -0.27233 0.17523 2.86410 -0.05595 -0.65225 -0.52248 -0.85582 -2.51994 0.30523 -0.73001 5
-0.41836 3.37170 -1.44698 3.66477 -1.32636 2.33180 -1.55512 0.99252 -0.98187 -1.24742 -2.24280 0.42550 -1.32936 5
0.34008 -0.48724 1.01499 3.66477 0.65850 1.04092 1.02758 -1.23124 1.65960 1.52941 0.80578 0.38749 -1.35737 5
0.65323 -0.48724 1.01499 -0.27233 0.65850 -0.09768 1.11639 -1.24706 1.65960 1.52941 0.80578 0.10380 -0.43734 5
