4.03861 -0.48724 1.01499 -0.27233 1.19354 -1.18362 1.11639 -1.09485 1.65960 1.52941 0.80578 0.44062 2.51180 1
7.47625 -0.48724 1.01499 -0.27233 1.19354 -0.85628 1.11639 -1.12534 1.65960 1.52941 0.80578 0.30994 1.44613 1
2.49171 -0.48724 1.01499 -0.27233 1.19354 -0.42361 1.11639 -1.04774 1.65960 1.52941 0.80578 0.44062 1.97687 1
0.73278 -0.48724 1.01499 -0.27233 1.19354 -0.61575 0.32773 -1.08972 1.65960 1.52941 0.80578 -0.20279 2.42498 1
4.89826 -0.48724 1.01499 -0.27233 1.19354 -2.51294 1.11639 -1.01478 1.65960 1.52941 0.80578 -2.93997 3.40663 1
1.53441 -0.48724 1.01499 -0.27233 1.25395 -1.43412 1.04889 -1.12501 1.65960 1.52941 0.80578 0.44062 2.54261 1
1.23497 -0.48724 1.01499 -0.27233 1.19354 0.08307 1.11639 -1.05472 1.65960 1.52941 0.80578 0.44062 1.07364 1
1.68238 -0.48724 1.01499 -0.27233 1.07273 0.21258 1.11639 -0.93097 1.65960 1.52941 0.80578 -3.60835 2.29615 1
2.20700 -0.48724 1.01499 -0.27233 1.25395 -1.82836 0.74337 -1.08118 1.65960 1.52941 0.80578 0.44062 2.70785 1
0.83946 -0.48724 1.01499 -0.27233 1.07273 0.70788 0.78956 -0.93818 1.65960 1.52941 0.80578 -3.67057 1.83963 1
-0.39598 -0.48724 2.42017 -0.27233 0.46864 -1.69599 1.04534 -0.93671 -0.63733 1.79642 0.75959 -0.41891 2.38437 1
1.42379 -0.48724 1.01499 -0.27233 1.07273 -0.55312 0.95297 -0.89540 1.65960 1.52941 0.80578 -3.82271 1.64358 1
1.17009 -0.48724 1.01499 -0.27233 1.59914 -0.49762 0.68653 -0.93766 1.65960 1.52941 0.80578 -3.15159 2.99212 1
0.47183 -0.48724 1.01499 -0.27233 1.19354 -0.76519 1.07731 -1.02656 1.65960 1.52941 0.80578 0.39899 1.01763 1
4.40801 -0.48724 1.01499 -0.27233 1.19354 -1.07261 0.59772 -1.03891 1.65960 1.52941 0.80578 -0.29809 2.06229 1
1.34437 -0.48724 1.01499 -0.27233 1.59914 -0.18877 1.11639 -0.89321 1.65960 1.52941 0.80578 -3.80475 1.93206 1
1.91493 -0.48724 1.01499 -0.27233 1.25395 -2.72785 0.80377 -1.11865 1.65960 1.52941 0.80578 -0.77599 2.51740 1
8.12884 -0.48724 1.01499 -0.27233 1.07273 -0.46631 1.11639 -0.94621 1.65960 1.52941 0.80578 -3.72665 1.11565 1
0.66562 -0.48724 1.01499 -0.27233 1.07273 0.13573 0.96008 -0.86757 1.65960 1.52941 0.80578 -3.24174 1.60017 1
1.25643 -0.48724 1.01499 -0.27233 1.59914 0.25101 0.87837 -0.85123 1.65960 1.52941 0.80578 -3.60572 0.75576 1
0.92592 -0.48724 1.01499 -0.27233 1.25395 -1.77712 1.00981 -0.96169 1.65960 1.52941 0.80578 0.44062 1.82423 1
1.65705 -0.48724 1.01499 -0.27233 1.00369 -0.08772 1.11639 -1.14400 1.65960 1.52941 0.80578 0.40600 1.27809 1
1.24631 -0.48724 1.01499 -0.27233 1.25395 -1.99915 1.11639 -1.04741 1.65960 1.52941 0.80578 0.17795 2.51600 1
9.92411 -0.48724 1.01499 -0.27233 1.00369 0.97260 0.82863 -1.12957 1.65960 1.52941 0.80578 0.44062 0.63813 1
2.41588 -0.48724 1.01499 -0.27233 1.25395 -2.32365 1.11639 -1.10549 1.65960 1.52941 0.80578 0.44062 2.18832 1
2.14352 -0.48724 1.01499 -0.27233 1.59914 -0.66414 0.84640 -0.91601 1.65960 1.52941 0.80578 0.38092 1.32430 1
0.43639 -0.48724 1.01499 -0.27233 1.07273 -0.13042 0.33838 -0.88305 1.65960 1.52941 0.80578 -2.84730 1.24168 1
0.64796 -0.48724 1.01499 -0.27233 1.25395 -1.06549 1.11639 -1.05173 1.65960 1.52941 0.80578 0.44062 1.53296 1
0.60205 -0.48724 1.01499 -0.27233 0.25290 -1.02422 0.07194 -0.82231 1.65960 1.52941 0.80578 -3.86686 0.63113 1
-0.41459 -0.48724 0.11562 -0.27233 0.15797 -0.36241 0.43430 -0.61264 -0.98187 -0.80242 1.17530 0.44062 -0.66840 1
0.50909 -0.48724 1.01499 -0.27233 1.25395 -1.08827 1.11639 -1.07419 1.65960 1.52941 0.80578 0.44062 1.66739 1
-0.28620 -0.48724 -0.43683 -0.27233 -0.14407 -0.83066 0.93876 -0.00372 -0.63733 -0.60068 1.17530 0.02296 0.79777 1
0.59329 -0.48724 1.01499 -0.27233 1.19354 0.26524 1.07376 -0.98273 1.65960 1.52941 0.80578 0.38672 0.62553 1
-0.25874 -0.48724 -0.43683 -0.27233 -0.14407 -0.47627 0.47693 0.09259 -0.63733 -0.60068 1.17530 -1.35905 2.10850 1
-0.39106 -0.48724 1.56744 -0.27233 0.59809 -0.60863 1.05244 -1.00985 -0.63733 0.17066 1.26768 0.38738 1.21368 1
0.72196 -0.48724 1.01499 -0.27233 1.00369 0.72495 1.07376 -1.15735 1.65960 1.52941 0.80578 0.44062 1.20247 1
-0.03400 -0.48724 1.23073 3.66477 2.72965 -1.25479 1.11639 -1.17464 -0.52248 -0.03107 -1.73470 0.44062 1.98387 1
0.39957 -0.48724 1.01499 -0.27233 0.51179 -0.25851 0.58706 -0.84211 1.65960 1.52941 0.80578 -3.87923 1.48955 1
0.87739 -0.48724 1.01499 -0.27233 1.59914 0.49012 0.92455 -0.79324 1.65960 1.52941 0.80578 -2.70359 1.48674 1
-0.23260 -0.48724 -0.43683 -0.27233 -0.14407 -0.26847 1.00626 -0.01674 -0.63733 -0.60068 1.17530 -1.18697 1.07644 1
0.53328 -0.48724 1.01499 -0.27233 1.36614 -0.49619 0.41654 -0.48242 1.65960 1.52941 0.80578 -3.86850 0.60032 1
1.73047 -0.48724 1.01499 -0.27233 0.97780 -3.05520 1.11639 -1.26230 1.65960 1.52941 0.80578 0.44062 3.54526 1
0.51645 -0.48724 1.01499 -0.27233 0.25290 -1.22063 0.95297 -0.64835 1.65960 1.52941 0.80578 -0.04484 0.76836 1
0.74972 -0.48724 1.01499 -0.27233 0.25290 0.78046 0.91389 -0.81058 1.65960 1.52941 0.80578 -3.01599 0.98542 1
0.13240 -0.48724 1.01499 -0.27233 1.36614 0.34210 0.63680 -0.64550 1.65960 1.52941 0.80578 -3.34908 0.76696 1
0.39633 -0.48724 1.01499 -0.27233 1.40929 -0.39657 0.94942 -0.91202 1.65960 1.52941 0.80578 -0.40193 0.42668 1
0.22874 -0.48724 1.01499 -0.27233 1.36614 0.21543 0.68653 -0.70249 1.65960 1.52941 0.80578 -2.80940 0.49950 1
-0.39059 -0.48724 -0.61612 -0.27233 -0.92076 -1.26048 0.94942 0.98540 -0.75218 -1.03975 -0.25660 0.44062 2.54261 1
-0.23076 -0.48724 1.56744 -0.27233 0.59809 -1.80131 1.11639 -1.11869 -0.63733 0.17066 1.26768 0.44062 3.04674 1
-0.30519 -0.48724 -0.43683 -0.27233 -0.14407 -0.67125 1.11639 0.14254 -0.63733 -0.60068 1.17530 0.41477 1.01203 1
-0.26260 -0.48724 -0.43683 -0.27233 -0.14407 -0.30263 1.11639 0.18044 -0.63733 -0.60068 1.17530 0.21968 0.05418 1
0.56718 -0.48724 1.01499 -0.27233 0.25290 0.09019 0.62259 -0.82744 1.65960 1.52941 0.80578 -2.99276 0.69835 1
0.76957 -0.48724 1.01499 -0.27233 0.51179 -0.14180 0.99916 -0.77149 1.65960 1.52941 0.80578 0.25222 0.75296 1
-0.30899 -0.48724 -0.43683 -0.27233 -0.14407 -0.33821 0.71851 0.31265 -0.63733 -0.60068 1.17530 -0.55090 0.64793 1
0.31094 -0.48724 1.01499 -0.27233 1.59914 0.08022 0.98850 -0.81827 1.65960 1.52941 0.80578 -0.42351 0.71935 1
0.68594 -0.48724 1.01499 -0.27233 1.36614 0.63102 0.90679 -0.61687 1.65960 1.52941 0.80578 -3.83367 0.84818 1
0.48116 -0.48724 1.01499 -0.27233 1.36614 0.02329 0.53733 -0.48057 1.65960 1.52941 0.80578 -0.92518 0.50090 1
-0.39396 0.04872 -0.47618 -0.27233 -0.26489 0.13146 0.91389 1.21178 -0.52248 -0.57695 -1.50375 0.39264 1.09185 1
1.85962 -0.48724 1.01499 -0.27233 1.00369 1.46362 1.04179 -1.17715 1.65960 1.52941 0.80578 0.44062 0.11020 1
-0.40256 -0.48724 2.42017 -0.27233 0.46864 -1.18220 0.85705 -0.93752 -0.63733 1.79642 0.75959 0.42079 0.75716 1
0.73859 -0.48724 1.01499 -0.27233 1.59914 0.28517 1.11639 -0.86272 1.65960 1.52941 0.80578 0.32922 0.86779 2
-0.33288 -0.48724 -0.43683 -0.27233 -0.14407 -0.51327 0.90679 0.28710 -0.63733 -0.60068 1.17530 0.41247 0.51070 2
0.05625 -0.48724 1.23073 -0.27233 2.72965 -1.16228 1.11639 -1.13180 -0.52248 -0.03107 -1.73470 0.44062 1.92786 2
-0.37507 -0.48724 2.11552 -0.27233 0.22701 -0.95590 0.96008 -0.96777 -0.86702 -1.30676 0.29768 0.02865 2.04549 2
-0.40014 0.58469 -0.87558 -0.27233 -0.87761 -0.45350 0.88192 1.43584 -0.17794 -0.73715 0.57483 0.23447 0.25023 2
0.17167 -0.48724 1.01499 -0.27233 1.36614 0.01760 0.82508 -0.67761 1.65960 1.52941 0.80578 0.31125 0.64653 2
-0.39062 -0.48724 -0.18028 -0.27233 -0.09230 -0.82496 0.32417 0.07121 -0.63733 -0.61848 -0.02565 0.43536 -0.16147 2
0.13935 -0.48724 1.01499 -0.27233 1.36614 0.59259 0.76114 -0.56871 1.65960 1.52941 0.80578 -1.11117 0.52750 2
-0.41720 -0.48724 -1.34786 -0.27233 -0.31667 0.36345 -0.31528 1.17388 -0.98187 0.08166 -1.18041 0.36460 -0.56057 2
-0.34199 -0.48724 -0.43683 -0.27233 -0.14407 -0.67125 0.77179 0.42122 -0.63733 -0.60068 1.17530 0.22133 0.30205 2
-0.39345 -0.48724 -0.61612 -0.27233 -0.92076 -0.36241 0.60127 0.89963 -0.75218 -1.03975 -0.25660 0.39505 0.86079 2
0.14624 -0.48724 1.01499 -0.27233 0.51179 0.28375 0.88903 -0.70748 1.65960 1.52941 0.80578 0.43306 0.84398 2
0.07079 -0.48724 1.01499 3.66477 1.85804 -0.68549 0.72561 -0.89772 1.65960 1.52941 0.80578 -0.03981 0.27824 2
-0.39402 -0.48724 -0.21089 -0.27233 0.26153 -0.36668 0.39522 -0.61587 -0.40764 -0.10228 0.34387 0.44062 0.23483 2
-0.25573 -0.48724 1.23073 3.66477 2.72965 -0.22151 0.97429 -0.97147 -0.52248 -0.03107 -1.73470 -0.39054 0.34546 2
-0.41426 1.01346 -0.74002 -0.27233 -1.00792 -0.82354 -1.42723 1.35140 -0.98187 -0.61848 -0.71851 0.40907 -0.03124 2
0.71041 -0.48724 1.01499 -0.27233 1.59914 0.17273 1.01692 -0.82155 1.65960 1.52941 0.80578 0.32078 0.96161 2
0.44066 -0.48724 1.01499 -0.27233 0.36508 -0.95021 1.04179 -1.11143 1.65960 1.52941 0.80578 -0.46042 1.92506 2
-0.38259 -0.48724 1.56744 -0.27233 0.59809 -0.48765 0.88547 -0.86818 -0.63733 0.17066 1.26768 0.23633 0.59472 2
-0.27973 -0.48724 1.23073 -0.27233 0.43412 -0.58301 0.92455 -0.65020 -0.52248 -0.03107 -1.73470 -0.70523 0.24883 2
-0.32893 -0.48724 -0.43683 -0.27233 -0.14407 -0.41934 0.46627 0.21981 -0.63733 -0.60068 1.17530 0.32944 0.28244 2
-0.41648 -0.48724 -0.98344 -0.27233 -0.97253 -0.38518 -0.71317 2.00339 -0.75218 -0.33368 0.15911 0.31728 -0.29730 2
-0.39943 -0.48724 -0.21089 -0.27233 0.26153 -1.01853 0.17497 -0.66255 -0.40764 -0.10228 0.34387 0.42824 0.34266 2
-0.39614 0.45606 -0.76917 -0.27233 -1.06746 -0.98437 0.28154 1.97551 -0.29279 -0.46421 0.29768 0.17324 -0.02143 2
0.00925 -0.48724 1.01499 -0.27233 1.36614 0.13004 0.70429 -0.58315 1.65960 1.52941 0.80578 0.38070 0.27964 2
0.53881 -0.48724 1.01499 -0.27233 1.36614 1.57748 1.09152 -0.63748 1.65960 1.52941 0.80578 0.21026 0.57232 2
1.76683 -0.48724 1.01499 -0.27233 0.36508 -2.35781 1.11639 -1.06432 1.65960 1.52941 0.80578 -3.59148 3.04114 2
-0.35526 -0.48724 1.56744 -0.27233 0.59809 0.07168 1.05244 -0.79989 -0.63733 0.17066 1.26768 0.41619 0.60312 2
-0.33572 -0.48724 -0.43683 -0.27233 -0.14407 -0.79365 0.03286 0.00069 -0.63733 -0.60068 1.17530 0.37544 -0.19228 2
-0.38890 -0.48724 -0.21089 -0.27233 0.26153 -0.69830 0.07194 -0.42852 -0.40764 -0.10228 0.34387 0.44062 0.20262 2
-0.38176 -0.48724 1.56744 -0.27233 0.59809 -0.65844 0.95297 -0.62931 -0.63733 0.17066 1.26768 0.35069 0.33285 2
-0.41168 2.08539 -1.37701 -0.27233 -1.24006 -0.57020 -1.77893 3.28405 -0.63733 0.01639 -0.07184 0.39056 -0.68100 2
-0.39428 -0.48724 -0.16424 -0.27233 -0.06641 -0.27417 0.95297 -0.59222 -0.40764 0.14099 -0.30279 0.44062 0.62133 2
-0.40577 -0.48724 -0.16424 -0.27233 -0.06641 -0.52893 0.86416 -0.68463 -0.40764 0.14099 -0.30279 0.41926 0.49810 2
-0.40865 -0.48724 2.11552 -0.27233 0.22701 -0.57732 0.96718 -0.84947 -0.86702 -1.30676 0.29768 0.24871 0.68994 2
-0.41264 -0.48724 -0.75459 -0.27233 -0.48064 -0.50046 -0.01332 -0.20646 -0.52248 -0.76682 0.34387 0.44062 -0.41633 2
-0.41852 2.72855 -1.04029 -0.27233 -1.24869 -0.56451 -0.74514 1.67386 -0.75218 0.36053 1.22149 0.44062 0.30065 2
0.01877 -0.48724 1.01499 -0.27233 0.86561 -0.47342 0.57285 -0.43859 1.65960 1.52941 0.80578 -3.66575 0.62973 2
-0.15109 -0.48724 1.23073 -0.27233 0.43412 -0.57590 1.02047 -0.66787 -0.52248 -0.03107 -1.73470 -0.09359 -0.08725 2
1.39070 -0.48724 1.01499 -0.27233 0.21838 -0.51043 0.08615 -0.42107 1.65960 1.52941 0.80578 0.13216 0.76696 2
0.24161 -0.48724 1.01499 -0.27233 0.24427 -0.24286 0.39878 -0.11832 1.65960 1.52941 0.80578 0.39439 0.32585 2
-0.40255 -0.48724 -0.16424 -0.27233 -0.06641 -0.37522 0.49825 -0.49752 -0.40764 0.14099 -0.30279 0.41444 -0.32951 2
-0.38057 -0.48724 1.56744 -0.27233 0.59809 0.24674 1.07731 -0.79619 -0.63733 0.17066 1.26768 0.42024 -0.00743 2
-0.40017 -0.48724 -0.61612 -0.27233 -0.92076 -0.85770 -1.23539 0.61991 -0.75218 -1.03975 -0.25660 0.44062 -0.34211 2
-0.39550 -0.48724 -0.37560 -0.27233 -0.29941 -0.21012 0.66877 -0.51305 -0.52248 -0.14381 1.12911 0.41400 0.11020 2
-0.40327 -0.48724 -0.16424 -0.27233 -0.06641 -0.78796 -0.11989 -0.49192 -0.40764 0.14099 -0.30279 0.38147 0.13400 2
-0.39455 -0.48724 -0.61612 -0.27233 -0.92076 -0.97156 -0.23358 1.08878 -0.75218 -1.03975 -0.25660 0.44062 0.49670 2
-0.38945 -0.48724 -0.37560 -0.27233 -0.29941 -0.07918 0.80377 -0.59360 -0.52248 -0.14381 1.12911 0.37851 0.40567 2
-0.17024 -0.48724 1.23073 -0.27233 2.72965 -0.81927 1.06310 -1.03141 -0.52248 -0.03107 -1.73470 -1.03756 0.43928 2
-0.41607 1.01346 -0.74002 -0.27233 -1.00792 -0.36099 -1.60841 1.35140 -0.98187 -0.61848 -0.71851 0.06108 -0.67540 2
-0.40020 -0.48724 -0.37560 -0.27233 -0.29941 -0.63852 0.82863 -0.75226 -0.52248 -0.14381 1.12911 0.42714 0.84118 2
-0.41612 -0.48724 -0.86683 -0.27233 -0.34256 -0.59155 -0.79133 0.68198 -0.52248 -1.09315 0.80578 0.44062 -0.39953 2
0.35359 -0.48724 1.01499 -0.27233 1.36614 0.04606 0.51246 -0.50370 1.65960 1.52941 0.80578 0.44062 0.18722 2
-0.32105 -0.48724 -0.43683 -0.27233 -0.14407 -0.45492 0.73272 0.10318 -0.63733 -0.60068 1.17530 0.39275 0.16481 2
-0.40809 0.58469 -0.87558 -0.27233 -0.87761 -0.50900 -0.75935 1.48974 -0.17794 -0.73715 0.57483 0.44062 -0.48075 2
-0.28141 -0.48724 1.56744 -0.27233 0.59809 0.05887 1.03468 -0.72377 -0.63733 0.17066 1.26768 0.44062 -0.05504 2
-0.24614 -0.48724 1.23073 -0.27233 2.72965 -1.25336 1.11639 -1.04641 -0.52248 -0.03107 -1.73470 -0.16511 0.08779 2
0.04940 -0.48724 1.01499 -0.27233 -0.19585 -0.07918 0.78600 -0.33041 1.65960 1.52941 0.80578 0.42342 0.03038 2
-0.40979 0.41318 -0.80124 -0.27233 -0.99842 -0.45777 -0.81264 1.43403 -0.63733 -0.98042 -0.76470 0.42594 0.11160 2
-0.38643 -0.48724 -0.21089 -0.27233 0.26153 -1.27329 0.15365 -0.47321 -0.40764 -0.10228 0.34387 0.44062 1.18847 2
-0.40522 -0.48724 -0.37560 -0.27233 -0.29941 0.26951 1.01337 -0.64688 -0.52248 -0.14381 1.12911 0.42243 -0.05364 3
-0.39159 -0.48724 -0.18028 -0.27233 -0.09230 -0.71537 0.11102 0.11239 -0.63733 -0.61848 -0.02565 0.44062 0.46029 3
-0.34716 -0.48724 -0.43683 -0.27233 -0.14407 -0.64137 -0.42897 0.33412 -0.63733 -0.60068 1.17530 0.42660 -0.58578 3
0.02596 -0.48724 1.01499 -0.27233 1.85804 -0.04787 0.80021 -0.71213 1.65960 1.52941 0.80578 -0.06598 0.21523 3
-0.40877 -0.48724 -0.75459 -0.27233 -0.48064 -0.63140 -0.25489 -0.19810 -0.52248 -0.76682 0.34387 0.22877 -0.17407 3
-0.39820 -0.48724 -0.61612 -0.27233 -0.92076 -0.70968 -1.25316 0.61991 -0.75218 -1.03975 -0.25660 0.44062 0.20962 3
-0.40830 -0.48724 0.24681 -0.27233 -1.01568 -0.00802 0.21049 0.12212 -0.52248 -0.06074 0.11292 0.18606 -0.09565 3
-0.36945 -0.48724 -0.07970 3.66477 -0.56693 -1.33876 1.11639 0.03797 -0.63733 -0.77868 0.06673 0.44062 1.46154 3
0.37059 -0.48724 1.01499 -0.27233 1.36614 -0.28982 0.56219 -0.51172 1.65960 1.52941 0.80578 0.44062 0.28664 3
-0.40387 -0.48724 -0.37560 -0.27233 -0.29941 -0.16742 0.76114 -0.65253 -0.52248 -0.14381 1.12911 0.39450 -0.04524 3
-0.40776 0.79907 -0.90473 -0.27233 -1.09335 -0.26990 -0.12345 1.20675 -0.40764 -0.64222 -0.85708 0.41564 -0.03544 3
-0.41782 2.94293 -1.36681 -0.27233 -1.46443 -0.07776 -1.31710 2.51419 -0.98187 -0.99229 -0.11803 -0.16511 0.03878 3
1.09999 -0.48724 1.01499 -0.27233 0.21838 -0.81358 -0.42186 -0.46129 1.65960 1.52941 0.80578 0.44062 0.29505 3
-0.41035 -0.48724 0.24681 -0.27233 -1.01568 -0.58444 -1.13592 0.33602 -0.52248 -0.06074 0.11292 0.43141 -0.49755 3
-0.40371 -0.48724 0.40570 -0.27233 -1.01568 -0.70399 -0.37568 1.19910 -0.63733 -0.70748 -1.13422 0.44062 0.44628 3
-0.37948 -0.48724 -0.18028 -0.27233 -0.09230 -0.44496 0.28865 -0.32889 -0.63733 -0.61848 -0.02565 0.43339 -0.37572 3
-0.34689 -0.48724 -0.43683 -0.27233 -0.14407 -0.47769 -0.24068 0.43333 -0.63733 -0.60068 1.17530 0.44062 -0.61518 3
-0.40492 -0.48724 -0.16424 -0.27233 -0.06641 -0.58728 0.16076 -0.62570 -0.40764 0.14099 -0.30279 -0.19765 0.38047 3
-0.40929 -0.48724 2.11552 -0.27233 0.22701 -0.46061 0.86416 -0.81120 -0.86702 -1.30676 0.29768 0.23458 0.73896 3
-0.39725 0.45606 -0.76917 -0.27233 -1.06746 -0.08345 0.37746 2.02329 -0.29279 -0.46421 0.29768 0.21322 -0.35052 3
-0.41511 0.71332 0.56895 -0.27233 -0.78268 -0.05072 0.30996 -0.08550 -0.63733 -0.82022 -0.11803 0.44062 -0.28890 3
-0.41626 -0.48724 -0.86683 -0.27233 -0.34256 -0.32113 -1.11105 0.48305 -0.52248 -1.09315 0.80578 0.43229 -0.58017 3
-0.40771 2.94293 -1.34494 -0.27233 -1.22280 -0.49619 -1.74341 3.22488 -0.63733 -0.44048 1.63721 0.21213 -0.99188 3
0.14208 -0.48724 1.01499 -0.27233 0.24427 -0.54031 -0.54620 -0.30524 1.65960 1.52941 0.80578 0.34554 -0.16847 3
-0.41484 -0.48724 0.11562 -0.27233 0.15797 -0.23432 0.28865 -0.71593 -0.98187 -0.80242 1.17530 0.44062 -0.50035 3
-0.41576 -0.48724 -0.86683 -0.27233 -0.34256 0.03610 -1.06842 1.26483 -0.52248 -1.09315 0.80578 0.35846 -0.82664 3
0.00752 -0.48724 1.01499 -0.27233 1.85804 -1.31314 0.98139 -0.80326 1.65960 1.52941 0.80578 0.26415 -0.34492 3
-0.40520 0.04872 -0.73856 -0.27233 -1.25732 -0.56878 -1.26381 1.28363 -0.63733 -0.37521 0.20530 0.44062 -0.54096 3
-0.41598 2.94293 -1.09277 -0.27233 -1.40402 -0.58159 -1.75762 2.57645 -0.98187 -0.55321 -0.94946 0.42178 -0.47655 3
-0.36482 -0.48724 -0.18028 -0.27233 -0.09230 -0.24428 -0.34726 0.09824 -0.63733 -0.61848 -0.02565 0.43328 0.01077 3
-0.41550 -0.48724 -0.86683 -0.27233 -0.34256 -0.35245 -1.21053 1.04015 -0.52248 -1.09315 0.80578 0.44062 -0.65019 3
-0.40480 -0.48724 -0.16424 -0.27233 -0.06641 -0.15461 0.13944 -0.50574 -0.40764 0.14099 -0.30279 0.40118 -0.08585 3
0.00699 -0.48724 1.01499 -0.27233 0.24427 0.03895 -0.59238 0.09339 1.65960 1.52941 0.80578 0.34992 -0.29030 3
-0.39230 -0.48724 -0.21089 -0.27233 0.26153 -0.37806 -0.11634 -0.65818 -0.40764 -0.10228 0.34387 0.44062 0.03738 3
-0.40904 -0.48724 0.24681 -0.27233 -1.01568 0.00194 -0.83751 0.33602 -0.52248 -0.06074 0.11292 0.29088 -0.51996 3
-0.40673 -0.48724 -1.20209 -0.27233 -0.94665 -0.17312 0.03642 -0.14240 -0.86702 -0.78462 -0.21041 0.38508 -0.18388 3
-0.22751 -0.48724 1.23073 -0.27233 2.72965 -0.23147 1.02047 -1.03388 -0.52248 -0.03107 -1.73470 0.17664 0.20262 3
-0.40723 -0.48724 0.40132 3.66477 -0.04052 -0.47485 0.89613 -0.43014 -0.52248 -0.78462 -0.94946 0.44062 0.73756 3
-0.41693 -0.48724 -0.59279 -0.27233 -0.73953 0.19408 0.36680 0.55661 -0.86702 -0.98635 -0.30279 0.44062 -0.49195 3
-0.38878 -0.48724 -0.18028 -0.27233 -0.09230 -0.02652 0.50535 -0.25276 -0.63733 -0.61848 -0.02565 0.40217 -0.66560 3
-0.40755 -0.48724 -0.37560 -0.27233 -0.29941 -0.12757 -0.50357 -0.48309 -0.52248 -0.14381 1.12911 0.40326 0.04858 3
0.02746 -0.48724 1.01499 3.66477 1.85804 0.15708 0.79666 -0.61255 1.65960 1.52941 0.80578 0.37971 0.08639 3
-0.09244 -0.48724 1.01499 -0.27233 -0.19585 -0.74384 -1.00448 0.14402 1.65960 1.52941 0.80578 0.39702 -0.31271 3
-0.01619 -0.48724 1.01499 3.66477 1.40929 3.55153 0.50891 -0.89772 1.65960 1.52941 0.80578 -0.02327 -1.03109 3
-0.41337 0.04872 -0.73856 -0.27233 -1.25732 -0.57874 -1.67591 1.28363 -0.63733 -0.37521 0.20530 0.43306 -0.63759 3
-0.41553 -0.48724 -1.12629 -0.27233 -0.56693 0.17131 0.18918 -0.33383 -0.86702 -0.82022 -0.30279 0.40392 -0.62359 3
-0.40693 0.79907 -0.90473 -0.27233 -1.09335 0.87155 -0.50712 1.20675 -0.40764 -0.64222 -0.85708 0.37873 -0.17827 3
-0.41599 0.97058 -0.73564 -0.27233 -1.05020 0.43461 -1.00093 0.80574 -0.29279 -0.47015 -1.08803 0.42802 -0.44154 3
-0.40736 -0.48724 0.11562 -0.27233 0.15797 0.72495 0.73627 -0.66778 -0.98187 -0.80242 1.17530 0.40283 -0.86445 3
-0.32821 -0.48724 -0.18028 -0.27233 -0.09230 -0.23147 -0.56041 -0.54839 -0.63733 -0.61848 -0.02565 0.44062 -0.93446 3
-0.39208 -0.48724 -0.54761 -0.27233 -0.53242 -0.28698 -0.88369 0.76974 -0.52248 -0.71935 0.52864 0.44062 0.01918 3
-0.41419 -0.48724 -0.86683 -0.27233 -0.34256 0.04464 -1.08263 1.26483 -0.52248 -1.09315 0.80578 0.36186 -0.97647 3
-0.41282 -0.48724 0.11562 -0.27233 0.15797 0.43888 0.01865 -0.62518 -0.98187 -0.80242 1.17530 0.38683 -0.41773 3
-0.39081 -0.48724 -0.07970 -0.27233 -0.56693 -0.71395 0.14655 0.26588 -0.63733 -0.77868 0.06673 0.35879 0.75716 3
-0.41466 -0.48724 -1.12629 -0.27233 -0.56693 0.18839 -0.08792 -0.33373 -0.86702 -0.82022 -0.30279 0.38892 -0.53816 3
-0.41028 -0.48724 -1.03300 -0.27233 -0.38571 -0.60578 0.00444 -0.51913 -0.52248 -0.66595 -0.85708 0.40042 -0.42193 3
-0.41228 -0.48724 -1.15107 -0.27233 -0.81720 0.06884 -1.82511 0.67415 -0.63733 0.12913 -0.71851 0.20303 -0.74402 3
0.07531 -0.48724 1.01499 -0.27233 1.85804 -0.24570 0.45206 -0.61069 1.65960 1.52941 0.80578 0.37314 0.00237 3
-0.15941 -0.48724 1.23073 -0.27233 0.43412 -0.61290 0.82508 -0.65206 -0.52248 -0.03107 -1.73470 0.42101 -0.14186 3
0.18465 -0.48724 1.01499 3.66477 1.85804 -0.22435 0.52667 -0.50925 1.65960 1.52941 0.80578 0.42451 -0.16427 3
-0.40945 -0.48724 -0.04763 -0.27233 -1.22280 -0.31259 -2.15905 0.70867 -0.63733 -0.61255 0.34387 0.37500 -0.99888 4
-0.40838 -0.48724 -0.16424 -0.27233 -0.06641 0.61252 0.46272 -0.53072 -0.40764 0.14099 -0.30279 0.42627 -0.34912 4
-0.33156 0.37030 -1.04467 -0.27233 0.79657 -1.03134 -0.20516 -0.85888 -0.52248 -0.85582 -2.51994 0.39133 -0.30851 4
-0.40984 0.04872 -0.47618 -0.27233 -0.26489 -0.38803 -0.07016 0.83841 -0.52248 -0.57695 -1.50375 0.42638 -0.03124 4
-0.41597 0.58469 -0.91494 -0.27233 -1.11061 -0.16742 -0.77711 0.76253 -0.63733 -0.75495 0.25149 0.37205 -0.72021 4
-0.35150 -0.48724 1.56744 -0.27233 0.59809 0.12434 1.04179 -0.69698 -0.63733 0.17066 1.26768 0.31859 -0.21468 4
-0.40682 -0.48724 0.40132 3.66477 -0.04052 0.12577 0.84640 -0.20503 -0.52248 -0.78462 -0.94946 0.40600 -0.30150 4
-0.38482 -0.48724 -0.54761 -0.27233 -0.53242 0.03895 -1.40947 0.76974 -0.52248 -0.71935 0.52864 0.44062 -0.91066 4
-0.39899 -0.48724 -0.54761 -0.27233 -0.53242 0.13004 -0.50712 0.35397 -0.52248 -0.71935 0.52864 0.44062 -0.80983 4
-0.41793 3.15732 -1.01843 -0.27233 -1.08472 0.32929 -1.45210 2.25114 -0.63733 -0.33961 -0.25660 0.39165 -0.88125 4
-0.39929 -0.48724 -0.21089 -0.27233 0.26153 -0.87478 -1.41302 -0.47321 -0.40764 -0.10228 0.34387 0.40107 0.69275 4
-0.41194 -0.48724 -1.03300 -0.27233 -0.38571 -0.37664 -0.75935 -0.11404 -0.52248 -0.66595 -0.85708 0.40042 -0.35612 4
-0.41560 1.76381 -0.84788 -0.27233 -1.29184 -0.10765 -1.32421 1.67267 -0.40764 -0.68375 -0.85708 0.44062 -0.77202 4
0.19526 -0.48724 1.01499 -0.27233 1.25395 -0.33252 0.49469 -0.77278 1.65960 1.52941 0.80578 0.23776 0.85519 4
-0.40215 0.58469 -0.87558 -0.27233 -0.87761 -0.19873 -1.39881 1.90898 -0.17794 -0.73715 0.57483 0.37249 -0.81123 4
-0.41480 -0.48724 0.40132 3.66477 -0.04052 -0.56451 -0.44673 -0.32433 -0.52248 -0.78462 -0.94946 0.39571 0.12000 4
-0.41431 0.41318 -0.80124 -0.27233 -0.99842 -0.40795 -1.67591 1.43403 -0.63733 -0.98042 -0.76470 0.44062 -0.59138 4
-0.38644 -0.48724 -0.07970 -0.27233 -0.56693 -1.24198 -2.08800 -0.09856 -0.63733 -0.77868 0.06673 -0.08482 2.36617 4
-0.41052 0.79907 -0.90473 -0.27233 -1.09335 0.27948 -1.77893 1.13732 -0.40764 -0.64222 -0.85708 0.24904 -0.88125 4
0.24352 -0.48724 1.01499 -0.27233 -0.19585 0.66233 0.22470 -0.22004 1.65960 1.52941 0.80578 0.39866 -0.68800 4
-0.15266 -0.48724 1.23073 -0.27233 0.43412 0.04891 0.97784 -0.80497 -0.52248 -0.03107 -1.73470 -0.65265 -0.21748 4
-0.37718 -0.48724 -0.18028 -0.27233 -0.09230 0.40188 0.66522 -0.09153 -0.63733 -0.61848 -0.02565 0.42736 -0.47235 4
-0.40062 -0.48724 -0.54761 -0.27233 -0.53242 0.20120 -0.57817 0.35397 -0.52248 -0.71935 0.52864 0.44062 -0.76362 4
-0.41422 -0.48724 -0.96887 -0.27233 -0.91213 0.14854 -0.73093 0.46747 -0.75218 -0.95669 0.02054 0.44062 -0.42474 4
-0.41049 -0.48724 0.40570 -0.27233 -1.01568 -0.22435 -1.78248 0.81097 -0.63733 -0.70748 -1.13422 0.44062 -0.57037 4
-0.41715 1.87100 -1.07236 -0.27233 -0.61008 0.58548 -0.43252 0.91991 -0.52248 -0.22688 -0.39518 0.44062 -0.76642 4
-0.41937 0.28455 -1.28664 -0.27233 -0.14407 0.41326 -0.11989 0.14007 -0.98187 -0.66595 -1.45756 0.44062 -1.07450 4
-0.41092 -0.48724 0.24681 -0.27233 -1.01568 -0.01656 -2.22300 0.21677 -0.52248 -0.06074 0.11292 0.41893 -0.82244 4
-0.41610 3.05012 -1.32745 -0.27233 -1.20554 -0.17454 -1.07198 1.17536 -0.86702 -0.35741 -1.73470 0.40633 -0.73141 4
-0.40984 -0.48724 -0.04763 -0.27233 -1.22280 0.18839 -2.20168 0.70867 -0.63733 -0.61255 0.34387 0.29636 -0.83084 4
-0.26399 -0.48724 1.23073 -0.27233 0.43412 -0.31117 1.11639 -0.96772 -0.52248 -0.03107 -1.73470 -0.03049 -0.87145 4
-0.35767 -0.48724 -0.71961 -0.27233 -0.43749 -0.43215 -0.01687 -0.05867 -0.17794 -0.60068 -0.48756 0.23743 -0.14046 4
-0.38059 0.45606 -0.76917 -0.27233 -1.06746 -0.25139 -1.19631 2.02329 -0.29279 -0.46421 0.29768 0.36701 -0.48915 4
-0.39340 -0.48724 -0.07970 -0.27233 -0.56693 0.05887 -0.57107 0.26588 -0.63733 -0.77868 0.06673 0.41838 -0.23569 4
-0.40431 -0.48724 -0.07970 3.66477 -0.56693 -0.31402 -0.33660 0.21093 -0.63733 -0.77868 0.06673 0.26996 0.28104 4
-0.40379 0.45606 -0.76917 -0.27233 -1.06746 0.28802 -1.97432 1.71042 -0.29279 -0.46421 0.29768 0.43382 -0.94567 4
-0.40678 0.37030 -0.60883 -0.27233 -0.78268 0.36060 -0.35081 0.05815 -0.75218 -1.09909 0.06673 0.41937 -0.68940 4
-0.40099 0.45606 -0.76917 -0.27233 -1.06746 0.21116 -0.69185 1.91454 -0.29279 -0.46421 0.29768 0.19756 -0.43874 4
-0.41836 2.94293 -1.33037 -0.27233 -1.03294 0.49866 -1.38105 2.16030 -0.63733 -0.76088 -0.67232 0.37533 -0.93306 4
-0.39780 -0.48724 -0.54761 -0.27233 -0.53242 0.20831 -1.91393 0.76974 -0.52248 -0.71935 0.52864 0.40535 -1.06050 4
-0.40157 -0.48724 -0.61612 -0.27233 -0.92076 -0.10480 -2.20524 0.91459 -0.75218 -1.03975 -0.25660 0.41389 -0.73001 4
-0.41771 3.15732 -1.51549 -0.27233 -1.24869 0.14000 -1.16789 2.56092 -0.86702 -0.56508 -0.53375 0.44062 -0.96387 4
-0.41387 0.41318 -0.80124 -0.27233 -0.99842 0.32217 -1.68657 1.43403 -0.63733 -0.98042 -0.76470 0.44062 -1.03249 4
-0.40540 0.58469 -0.87558 -0.27233 -0.87761 0.67941 -0.89435 1.98786 -0.17794 -0.73715 0.57483 0.42616 -0.44154 4
-0.08016 -0.48724 1.23073 -0.27233 0.43412 -0.26136 0.86771 -0.71788 -0.52248 -0.03107 -1.73470 -1.27624 -0.39813 4
-0.39708 -0.48724 -0.07970 -0.27233 -0.56693 -0.14607 -0.92987 0.07140 -0.63733 -0.77868 0.06673 0.40480 -0.44574 4
0.10793 -0.48724 1.01499 -0.27233 1.85804 0.16135 0.69008 -0.60637 1.65960 1.52941 0.80578 0.19591 -0.68100 4
-0.39793 0.45606 -0.76917 -0.27233 -1.06746 0.61679 -1.81446 1.91454 -0.29279 -0.46421 0.29768 0.40600 -0.85324 4
-0.40933 0.97058 -0.73564 -0.27233 -1.05020 0.29940 -1.78248 0.80574 -0.29279 -0.47015 -1.08803 0.29504 -0.55777 4
-0.40529 -0.48724 -0.61612 -0.27233 -0.92076 0.69080 -2.33313 0.91459 -0.75218 -1.03975 -0.25660 0.31476 -1.09410 4
-0.41343 -0.48724 -0.96887 -0.27233 -0.91213 0.49154 -0.44318 0.30520 -0.75218 -0.95669 0.02054 0.39023 -0.85744 4
-0.27205 -0.48724 1.23073 3.66477 0.43412 -0.04929 0.85350 -0.94820 -0.52248 -0.03107 -1.73470 -0.19447 -1.00168 4
-0.40330 0.04872 -0.47618 -0.27233 -0.26489 -0.16031 0.97784 1.02362 -0.52248 -0.57695 -1.50375 0.44062 0.90980 4
-0.41386 -0.48724 0.40570 -0.27233 -1.01568 0.37626 -0.62436 1.02833 -0.63733 -0.70748 -1.13422 0.39625 -0.73701 4
-0.34761 -0.48724 -0.71961 3.66477 -0.41160 0.84593 0.32417 -0.24835 -0.17794 -0.60068 -0.48756 0.36931 -0.38132 4
0.10956 -0.48724 1.01499 -0.27233 1.40929 -3.87641 0.68653 -1.03616 1.65960 1.52941 0.80578 -0.02162 -0.77482 4
1.25847 -0.48724 1.01499 -0.27233 0.36508 0.80750 1.11639 -1.10630 1.65960 1.52941 0.80578 -1.94221 0.99802 4
-0.41590 2.94293 -0.90182 -0.27233 -1.24006 0.49154 -1.60486 0.62765 -0.63733 -0.96855 0.34387 0.44062 -1.11371 4
-0.40377 -0.48724 -0.07970 -0.27233 -0.56693 0.12861 -1.28868 0.07140 -0.63733 -0.77868 0.06673 0.31914 -0.45834 4
-0.41437 0.92771 -1.30559 -0.27233 -0.71364 0.80323 0.06128 -0.29080 -0.29279 -1.10502 -0.02565 0.44062 -0.71741 4
-0.40591 -0.48724 -1.20209 -0.27233 -0.94665 0.48443 -0.38278 -0.14240 -0.86702 -0.78462 -0.21041 0.01430 -0.84064 5
-0.40507 -0.48724 0.40570 -0.27233 -1.01568 0.55986 -1.33131 1.02833 -0.63733 -0.70748 -1.13422 0.44062 -0.89385 5
-0.41663 -0.48724 -1.30559 -0.27233 -0.83446 0.20689 -0.35081 1.07667 -0.75218 -1.10502 0.11292 0.41017 -1.04229 5
-0.41394 -0.48724 -1.12629 -0.27233 -0.56693 1.13058 -0.19450 -0.18072 -0.86702 -0.82022 -0.30279 0.43141 -0.97367 5
-0.41364 2.51416 -1.29684 -0.27233 -1.33499 1.07650 -2.08090 1.91515 -0.52248 -0.29808 -1.68851 0.16327 -1.10811 5
-0.41083 1.22785 -0.68900 -0.27233 -0.92939 0.28090 -1.29579 0.16396 -0.63733 -0.91515 -0.39518 0.44062 -0.76502 5
-0.41307 -0.48724 -1.26477 -0.27233 -0.57556 -0.18735 0.00800 -0.24474 -0.75218 -1.27709 -0.30279 0.33338 0.06959 5
-0.41054 0.45606 -0.76917 -0.27233 -1.06746 0.95694 -2.19458 2.42752 -0.29279 -0.46421 0.29768 0.32221 -1.27755 5
-0.41238 -0.48724 -1.03300 -0.27233 -0.38571 0.81889 0.20694 -0.41779 -0.52248 -0.66595 -0.85708 0.37895 -0.80283 5
-0.34376 0.37030 -1.04467 -0.27233 0.79657 0.79327 1.11639 -0.84738 -0.52248 -0.85582 -2.51994 0.38618 -0.80563 5
-0.41811 3.37170 -1.32891 -0.27233 -1.24869 0.63102 -1.15368 3.95660 -0.52248 -1.31269 -0.67232 0.30435 -1.14172 5
-0.41468 2.94293 -1.40179 -0.27233 -1.30047 1.17043 -1.13592 1.66878 -0.86702 -0.47015 -2.70470 -0.02589 -0.56617 5
-0.32876 0.37030 -1.04467 -0.27233 0.79657 1.03807 0.56930 -0.78935 -0.52248 -0.85582 -2.51994 0.30008 0.29925 5
-0.32416 0.37030 -1.04467 -0.27233 0.79657 1.48355 0.92100 -0.81504 -0.52248 -0.85582 -2.51994 0.40250 -0.19648 5
-0.36874 -0.48724 -0.71961 -0.27233 -0.43749 0.38053 -1.67591 -0.19943 -0.17794 -0.60068 -0.48756 0.25923 -1.24534 5
-0.41844 3.80047 -1.43094 -0.27233 -1.24006 0.75627 -0.99737 2.15118 -0.52248 -0.90329 -1.54994 0.39680 -1.21874 5
-0.37216 -0.48724 -0.71961 -0.27233 -0.43749 1.25013 0.40233 -0.27513 -0.17794 -0.60068 -0.48756 0.16875 -0.88125 5
-0.36628 -0.48724 -0.71961 -0.27233 -0.43749 1.60452 0.29575 -0.05867 -0.17794 -0.60068 -0.48756 0.21322 -1.03669 5
-0.41095 1.44223 -1.12192 -0.27233 -1.01568 0.70788 -0.97606 -0.00306 -0.52248 -0.06074 -1.50375 0.40743 -0.83644 5
-0.41905 3.37170 -1.19043 -0.27233 -1.33499 1.14339 -1.69722 1.66797 -0.98187 -0.73122 -1.45756 0.41674 -0.67260 5
-0.40847 -0.48724 -1.26477 -0.27233 -0.57556 0.39618 0.96008 -0.45022 -0.75218 -1.27709 -0.30279 0.44062 -0.97647 5
-0.41859 1.01346 -1.40179 -0.27233 -0.97253 1.36115 -0.68475 1.54003 -0.98187 -0.73715 -1.36518 0.41696 -1.00308 5
-0.41783 0.26311 -1.42220 -0.27233 -1.19605 1.16616 -0.32239 2.57768 -0.75218 -1.14062 0.06673 0.40053 -0.64459 5
-0.41298 1.22785 -0.68900 3.66477 -0.92939 0.77050 -1.45565 0.50708 -0.63733 -0.91515 -0.39518 0.40283 -1.18933 5
-0.40793 1.22785 -0.68900 3.66477 -0.92939 1.39815 -0.69541 0.47117 -0.63733 -0.91515 -0.39518 0.35682 -0.92466 5
-0.41544 2.94293 -1.40179 -0.27233 -1.30047 1.42662 -1.22474 1.66878 -0.86702 -0.47015 -2.70470 0.44062 -1.20053 5
-0.41138 0.92771 -1.30559 -0.27233 -0.71364 1.61591 0.11813 -0.33046 -0.29279 -1.10502 -0.02565 0.44062 -0.86585 5
-0.35731 0.37030 -1.04467 -0.27233 0.79657 1.30706 0.46983 -0.79923 -0.52248 -0.85582 -2.51994 0.39571 -0.42894 5
-0.41693 -0.48724 -0.59279 -0.27233 -0.73953 1.28145 -0.26555 0.55661 -0.86702 -0.98635 -0.30279 0.39604 -1.20753 5
-0.41037 1.44223 -1.12192 -0.27233 -1.01568 1.28145 -1.05421 0.36646 -0.52248 -0.06074 -1.50375 0.44062 -1.01708 5
-0.39564 0.37030 -1.13796 -0.27233 -0.96477 0.75057 -1.29223 0.14516 -0.52248 -1.14062 -1.64232 0.44062 -1.09270 5
-0.39431 0.37030 -0.60883 3.66477 -0.78268 2.00161 -0.59594 0.27138 -0.75218 -1.09909 0.06673 0.37347 -0.85044 5
-0.41858 3.37170 -1.44552 -0.27233 -1.30910 1.37253 -1.65815 2.32775 -0.52248 -1.08129 -0.25660 0.42999 -1.09830 5
-0.34296 0.37030 -1.04467 -0.27233 0.79657 1.49209 1.11639 -0.90252 -0.52248 -0.85582 -2.51994 0.29154 -0.68100 5
-0.41369 0.92771 -1.30559 -0.27233 -0.71364 1.35403 -0.97606 0.10778 -0.29279 -1.10502 -0.02565 0.40535 -0.80143 5
-0.41207 -0.48724 -1.30559 -0.27233 -0.83446 1.22736 -0.51067 1.07667 -0.75218 -1.10502 0.11292 0.44062 -1.02549 5
-0.41209 -0.48724 -1.26477 -0.27233 -0.57556 -0.20016 -0.22647 -0.56852 -0.75218 -1.27709 -0.30279 0.44062 -0.44854 5
-0.41003 1.44223 -1.12192 -0.27233 -1.01568 1.27148 -1.50183 1.27499 -0.52248 -0.06074 -1.50375 0.37040 -1.36997 5
-0.40956 1.44223 -1.12192 -0.27233 -1.01568 0.94841 -1.67236 1.27499 -0.52248 -0.06074 -1.50375 0.23009 -1.05769 5
-0.41338 -0.48724 -1.26477 -0.27233 -0.57556 0.98968 -0.36147 -0.45877 -0.75218 -1.27709 -0.30279 0.44062 -1.06610 5
-0.41093 2.94293 -0.90182 -0.27233 -1.24006 1.22879 -1.45210 0.62765 -0.63733 -0.96855 0.34387 0.44062 -1.27335 5
-0.37567 -0.48724 -0.71961 -0.27233 -0.43749 2.49832 0.63680 -0.27513 -0.17794 -0.60068 -0.48756 0.33634 -1.33356 5
-0.40952 -0.48724 -1.26477 -0.27233 -0.57556 1.23875 0.83929 -0.51975 -0.75218 -1.27709 -0.30279 0.41017 -1.09690 5
-0.40605 -0.48724 -1.20209 -0.27233 -0.94665 2.53960 0.26378 -0.14240 -0.86702 -0.78462 -0.21041 0.44062 -1.18233 5
-0.27785 -0.48724 1.23073 -0.27233 0.43412 0.93702 1.02402 -0.91073 -0.52248 -0.03107 -1.73470 0.07400 -1.12911 5
-0.41757 3.05012 -1.32745 -0.27233 -1.20554 1.88633 -1.87840 1.17536 -0.86702 -0.35741 -1.73470 0.42397 -1.33636 5
-0.37721 0.45606 -0.76917 -0.27233 -1.06746 2.81002 -2.13774 2.42752 -0.29279 -0.46421 0.29768 0.44062 -1.27615 5
-0.35801 0.37030 -1.04467 -0.27233 0.79657 1.75823 0.73982 -0.78607 -0.52248 -0.85582 -2.51994 0.34718 -0.75522 5
-0.38344 -0.48724 -0.71961 -0.27233 -0.43749 2.81998 0.34549 -0.42771 -0.17794 -0.60068 -0.48756 0.31082 -1.19213 5
-0.38543 -0.48724 -0.71961 -0.27233 -0.43749 1.99449 -1.83222 -0.19943 -0.17794 -0.60068 -0.48756 0.22823 -1.22294 5
-0.24997 -0.48724 1.23073 -0.27233 0.43412 1.71411 0.78956 -0.86628 -0.52248 -0.03107 -1.73470 0.19449 -1.52961 5
-0.24350 -0.48724 1.23073 3.66477 0.43412 2.97511 0.89968 -0.77553 -0.52248 -0.03107 -1.73470 0.34806 -1.30696 5
-0.41850 2.94293 -1.55630 -0.27233 -1.14513 2.26349 -1.29934 0.88016 -0.63733 -0.90922 -1.87327 0.41137 -1.35597 5
-0.41777 3.58609 -1.23270 -0.27233 -1.19605 2.48978 -1.30289 0.62827 -0.63733 -1.09315 -1.73470 0.37106 -1.36857 5
-0.35884 -0.48724 -0.71961 -0.27233 -0.43749 3.47325 0.51246 -0.42771 -0.17794 -0.60068 -0.48756 0.27741 -1.12351 5
-0.34901 0.37030 -1.04467 -0.27233 0.79657 3.44336 0.65101 -0.94697 -0.52248 -0.85582 -2.51994 0.36175 -1.05489 5
-0.35286 0.37030 -1.04467 -0.27233 0.17523 2.86410 -0.05595 -0.65225 -0.52248 -0.85582 -2.51994 0.30523 -0.73001 5
-0.41836 3.37170 -1.44698 3.66477 -1.32636 2.33180 -1.55512 0.99252 -0.98187 -1.24742 -2.24280 0.42550 -1.32936 5
0.14936 -0.48724 1.01499 -0.27233 0.65850 -1.87105 1.11639 -1.16946 1.65960 1.52941 0.80578 0.20643 -1.31536 5
0.65323 -0.48724 1.01499 -0.27233 0.65850 -0.09768 1.11639 -1.24706 1.65960 1.52941 0.80578 0.10380 -0.43734 5
