4.03861 -0.48724 1.01499 -0.27233 1.19354 -1.18362 1.11639 -1.09485 1.65960 1.52941 0.80578 0.44062 2.51180 1
2.49171 -0.48724 1.01499 -0.27233 1.19354 -0.42361 1.11639 -1.04774 1.65960 1.52941 0.80578 0.44062 1.97687 1
-0.39878 -0.48724 2.42017 -0.27233 0.46864 -1.23913 1.05600 -0.96862 -0.63733 1.79642 0.75959 -0.13828 1.58477 1
1.23497 -0.48724 1.01499 -0.27233 1.19354 0.08307 1.11639 -1.05472 1.65960 1.52941 0.80578 0.44062 1.07364 1
1.68238 -0.48724 1.01499 -0.27233 1.07273 0.21258 1.11639 -0.93097 1.65960 1.52941 0.80578 -3.60835 2.29615 1
0.83946 -0.48724 1.01499 -0.27233 1.07273 0.70788 0.78956 -0.93818 1.65960 1.52941 0.80578 -3.67057 1.83963 1
-0.39598 -0.48724 2.42017 -0.27233 0.46864 -1.69599 1.04534 -0.93671 -0.63733 1.79642 0.75959 -0.41891 2.38437 1
2.46330 -0.48724 1.01499 -0.27233 1.19354 -1.33164 0.97429 -0.99360 1.65960 1.52941 0.80578 0.44062 0.99662 1
1.42379 -0.48724 1.01499 -0.27233 1.07273 -0.55312 0.95297 -0.89540 1.65960 1.52941 0.80578 -3.82271 1.64358 1
0.47183 -0.48724 1.01499 -0.27233 1.19354 -0.76519 1.07731 -1.02656 1.65960 1.52941 0.80578 0.39899 1.01763 1
4.40801 -0.48724 1.01499 -0.27233 1.19354 -1.07261 0.59772 -1.03891 1.65960 1.52941 0.80578 -0.29809 2.06229 1
1.91493 -0.48724 1.01499 -0.27233 1.25395 -2.72785 0.80377 -1.11865 1.65960 1.52941 0.80578 -0.77599 2.51740 1
0.92592 -0.48724 1.01499 -0.27233 1.25395 -1.77712 1.00981 -0.96169 1.65960 1.52941 0.80578 0.44062 1.82423 1
1.00374 -0.48724 1.01499 -0.27233 0.25290 -0.63710 -0.31528 -0.85360 1.65960 1.52941 0.80578 -3.63683 0.42528 1
2.14352 -0.48724 1.01499 -0.27233 1.59914 -0.66414 0.84640 -0.91601 1.65960 1.52941 0.80578 0.38092 1.32430 1
0.43639 -0.48724 1.01499 -0.27233 1.07273 -0.13042 0.33838 -0.88305 1.65960 1.52941 0.80578 -2.84730 1.24168 1
0.52760 -0.48724 1.01499 -0.27233 1.25395 -1.27329 1.07731 -0.98159 1.65960 1.52941 0.80578 0.44062 1.14786 1
0.60205 -0.48724 1.01499 -0.27233 0.25290 -1.02422 0.07194 -0.82231 1.65960 1.52941 0.80578 -3.86686 0.63113 1
0.82058 -0.48724 1.01499 -0.27233 1.59914 0.24817 0.93166 -0.85821 1.65960 1.52941 0.80578 -3.43518 1.58617 1
1.98833 -0.48724 1.01499 -0.27233 0.90013 -3.05520 1.11639 -1.24278 1.65960 1.52941 0.80578 0.14838 1.49655 1
-0.41459 -0.48724 0.11562 -0.27233 0.15797 -0.36241 0.43430 -0.61264 -0.98187 -0.80242 1.17530 0.44062 -0.66840 1
1.32649 -0.48724 1.01499 -0.27233 0.51179 -1.39569 1.02047 -0.80464 1.65960 1.52941 0.80578 -0.07880 1.71640 1
0.69548 -0.48724 1.01499 -0.27233 1.19354 0.16989 1.11639 -1.02390 1.65960 1.52941 0.80578 0.21289 1.07224 1
0.50909 -0.48724 1.01499 -0.27233 1.25395 -1.08827 1.11639 -1.07419 1.65960 1.52941 0.80578 0.44062 1.66739 1
0.26257 -0.48724 1.01499 -0.27233 1.19354 0.17131 0.97429 -1.00595 1.65960 1.52941 0.80578 0.44062 0.94061 1
0.73374 -0.48724 1.01499 -0.27233 1.59914 -0.04787 0.99560 -0.75843 1.65960 1.52941 0.80578 0.34883 0.53030 1
-0.28864 -0.48724 -0.43683 -0.27233 -0.14407 -0.81358 0.90679 0.20799 -0.63733 -0.60068 1.17530 0.03829 1.39292 1
1.13308 -0.48724 1.01499 -0.27233 1.19354 -0.56593 0.92810 -0.95594 1.65960 1.52941 0.80578 0.44062 0.51770 1
0.12269 -0.48724 1.01499 -0.27233 1.36614 -0.43926 0.68653 -0.57674 1.65960 1.52941 0.80578 -3.79204 0.89019 1
-0.13566 -0.48724 1.23073 -0.27233 2.72965 -1.44123 0.90324 -0.97765 -0.52248 -0.03107 -1.73470 -2.93603 0.48829 1
2.32920 -0.48724 1.01499 -0.27233 1.00369 0.13573 0.98139 -1.14400 1.65960 1.52941 0.80578 0.44062 1.54556 1
0.59329 -0.48724 1.01499 -0.27233 1.19354 0.26524 1.07376 -0.98273 1.65960 1.52941 0.80578 0.38672 0.62553 1
-0.25874 -0.48724 -0.43683 -0.27233 -0.14407 -0.47627 0.47693 0.09259 -0.63733 -0.60068 1.17530 -1.35905 2.10850 1
-0.39106 -0.48724 1.56744 -0.27233 0.59809 -0.60863 1.05244 -1.00985 -0.63733 0.17066 1.26768 0.38738 1.21368 1
0.32315 -0.48724 1.01499 -0.27233 0.25290 -0.17454 1.02402 -0.75464 1.65960 1.52941 0.80578 -0.59055 1.60297 1
0.87739 -0.48724 1.01499 -0.27233 1.59914 0.49012 0.92455 -0.79324 1.65960 1.52941 0.80578 -2.70359 1.48674 1
0.36089 -0.48724 1.01499 -0.27233 1.36614 0.66091 0.85350 -0.69879 1.65960 1.52941 0.80578 -3.90333 0.67034 1
0.53328 -0.48724 1.01499 -0.27233 1.36614 -0.49619 0.41654 -0.48242 1.65960 1.52941 0.80578 -3.86850 0.60032 1
-0.14348 -0.48724 1.23073 -0.27233 2.72965 -0.22008 1.11639 -1.12833 -0.52248 -0.03107 -1.73470 -2.01286 2.12110 1
0.87131 -0.48724 1.01499 -0.27233 0.97780 -1.96214 1.11639 -1.24464 1.65960 1.52941 0.80578 0.44062 3.09715 1
1.73047 -0.48724 1.01499 -0.27233 0.97780 -3.05520 1.11639 -1.26230 1.65960 1.52941 0.80578 0.44062 3.54526 1
0.58492 -0.48724 1.01499 -0.27233 1.19354 -0.13042 0.85350 -0.95162 1.65960 1.52941 0.80578 0.44062 0.35246 1
0.51645 -0.48724 1.01499 -0.27233 0.25290 -1.22063 0.95297 -0.64835 1.65960 1.52941 0.80578 -0.04484 0.76836 1
-0.32238 -0.48724 -0.43683 -0.27233 -0.14407 -0.97583 0.60838 0.31322 -0.63733 -0.60068 1.17530 -0.58332 0.54011 1
-0.38628 -0.48724 1.56744 -0.27233 0.59809 -0.15746 0.88903 -1.03677 -0.63733 0.17066 1.26768 0.34401 1.61138 1
0.74972 -0.48724 1.01499 -0.27233 0.25290 0.78046 0.91389 -0.81058 1.65960 1.52941 0.80578 -3.01599 0.98542 1
0.13240 -0.48724 1.01499 -0.27233 1.36614 0.34210 0.63680 -0.64550 1.65960 1.52941 0.80578 -3.34908 0.76696 1
0.39633 -0.48724 1.01499 -0.27233 1.40929 -0.39657 0.94942 -0.91202 1.65960 1.52941 0.80578 -0.40193 0.42668 1
-0.31765 -0.48724 1.56744 -0.27233 0.59809 -0.92175 0.92810 -0.86201 -0.63733 0.17066 1.26768 0.44062 0.79637 1
0.22874 -0.48724 1.01499 -0.27233 1.36614 0.21543 0.68653 -0.70249 1.65960 1.52941 0.80578 -2.80940 0.49950 1
-0.23076 -0.48724 1.56744 -0.27233 0.59809 -1.80131 1.11639 -1.11869 -0.63733 0.17066 1.26768 0.44062 3.04674 1
0.76957 -0.48724 1.01499 -0.27233 0.51179 -0.14180 0.99916 -0.77149 1.65960 1.52941 0.80578 0.25222 0.75296 1
0.68594 -0.48724 1.01499 -0.27233 1.36614 0.63102 0.90679 -0.61687 1.65960 1.52941 0.80578 -3.83367 0.84818 1
1.85962 -0.48724 1.01499 -0.27233 1.00369 1.46362 1.04179 -1.17715 1.65960 1.52941 0.80578 0.44062 0.11020 1
5.52485 -0.48724 1.01499 -0.27233 0.36508 -0.75096 1.11639 -1.13123 1.65960 1.52941 0.80578 -3.87836 -0.35612 1
0.38931 -0.48724 1.01499 -0.27233 1.25395 -0.81358 1.00981 -0.88737 1.65960 1.52941 0.80578 0.41356 0.62413 1
-0.27682 -0.48724 -0.43683 -0.27233 -0.14407 -0.20300 0.82153 0.08636 -0.63733 -0.60068 1.17530 0.44062 0.84958 1
0.21248 -0.48724 1.01499 -0.27233 1.36614 0.52712 1.05244 -0.68378 1.65960 1.52941 0.80578 -0.01516 0.71095 1
-0.40256 -0.48724 2.42017 -0.27233 0.46864 -1.18220 0.85705 -0.93752 -0.63733 1.79642 0.75959 0.42079 0.75716 1
-0.28913 -0.48724 1.23073 3.66477 2.72965 -1.81128 0.69008 -1.03758 -0.52248 -0.03107 -1.73470 -0.14671 -0.07465 1
-0.10226 -0.48724 1.23073 -0.27233 2.72965 -0.97868 0.93521 -1.07771 -0.52248 -0.03107 -1.73470 -0.05284 1.23188 2
-0.33288 -0.48724 -0.43683 -0.27233 -0.14407 -0.51327 0.90679 0.28710 -0.63733 -0.60068 1.17530 0.41247 0.51070 2
-0.30661 -0.48724 1.56744 -0.27233 0.59809 -0.75096 1.05955 -0.68815 -0.63733 0.17066 1.26768 -1.02869 0.65214 2
-0.16956 -0.48724 1.23073 -0.27233 2.72965 -0.93456 1.11639 -1.08203 -0.52248 -0.03107 -1.73470 -2.05273 0.55971 2
-0.00913 -0.48724 1.23073 3.66477 2.72965 -0.18877 0.49825 -0.97333 -0.52248 -0.03107 -1.73470 -2.94282 0.33145 2
-0.37507 -0.48724 2.11552 -0.27233 0.22701 -0.95590 0.96008 -0.96777 -0.86702 -1.30676 0.29768 0.02865 2.04549 2
-0.11371 -0.48724 -0.18028 -0.27233 -0.09230 -1.86678 -1.09329 -0.60580 -0.63733 -0.61848 -0.02565 -0.06818 -0.00183 2
0.32907 -0.48724 1.01499 -0.27233 0.25290 0.19978 0.22115 -0.75729 1.65960 1.52941 0.80578 -2.83394 -0.08725 2
0.17167 -0.48724 1.01499 -0.27233 1.36614 0.01760 0.82508 -0.67761 1.65960 1.52941 0.80578 0.31125 0.64653 2
-0.39062 -0.48724 -0.18028 -0.27233 -0.09230 -0.82496 0.32417 0.07121 -0.63733 -0.61848 -0.02565 0.43536 -0.16147 2
2.91137 -0.48724 1.01499 -0.27233 0.36508 -1.60775 1.11639 -1.04746 1.65960 1.52941 0.80578 -1.59597 1.04003 2
-0.39554 0.04872 -0.47618 -0.27233 -0.26489 -0.93029 1.11639 1.08612 -0.52248 -0.57695 -1.50375 0.32812 2.41938 2
-0.41720 -0.48724 -1.34786 -0.27233 -0.31667 0.36345 -0.31528 1.17388 -0.98187 0.08166 -1.18041 0.36460 -0.56057 2
-0.34199 -0.48724 -0.43683 -0.27233 -0.14407 -0.67125 0.77179 0.42122 -0.63733 -0.60068 1.17530 0.22133 0.30205 2
-0.39345 -0.48724 -0.61612 -0.27233 -0.92076 -0.36241 0.60127 0.89963 -0.75218 -1.03975 -0.25660 0.39505 0.86079 2
0.86890 -0.48724 1.01499 -0.27233 1.40929 0.17985 1.11639 -0.91947 1.65960 1.52941 0.80578 -0.41540 0.33145 2
0.14624 -0.48724 1.01499 -0.27233 0.51179 0.28375 0.88903 -0.70748 1.65960 1.52941 0.80578 0.43306 0.84398 2
-0.25573 -0.48724 1.23073 3.66477 2.72965 -0.22151 0.97429 -0.97147 -0.52248 -0.03107 -1.73470 -0.39054 0.34546 2
-0.37914 -0.48724 1.56744 -0.27233 0.59809 0.24105 1.05955 -0.92379 -0.63733 0.17066 1.26768 0.40973 0.27124 2
0.71041 -0.48724 1.01499 -0.27233 1.59914 0.17273 1.01692 -0.82155 1.65960 1.52941 0.80578 0.32078 0.96161 2
-0.40262 -0.48724 2.11552 -0.27233 0.22701 -0.61005 1.00981 -0.87887 -0.86702 -1.30676 0.29768 0.14936 1.78642 2
-0.40434 0.04872 -0.73856 -0.27233 -1.25732 -0.98295 -1.12882 1.28363 -0.63733 -0.37521 0.20530 0.44062 0.06119 2
-0.27973 -0.48724 1.23073 -0.27233 0.43412 -0.58301 0.92455 -0.65020 -0.52248 -0.03107 -1.73470 -0.70523 0.24883 2
-0.32893 -0.48724 -0.43683 -0.27233 -0.14407 -0.41934 0.46627 0.21981 -0.63733 -0.60068 1.17530 0.32944 0.28244 2
-0.41648 -0.48724 -0.98344 -0.27233 -0.97253 -0.38518 -0.71317 2.00339 -0.75218 -0.33368 0.15911 0.31728 -0.29730 2
-0.39943 -0.48724 -0.21089 -0.27233 0.26153 -1.01853 0.17497 -0.66255 -0.40764 -0.10228 0.34387 0.42824 0.34266 2
-0.35680 -0.48724 1.56744 -0.27233 0.59809 -0.19020 1.04179 -1.00980 -0.63733 0.17066 1.26768 0.44062 0.81318 2
-0.14911 -0.48724 1.23073 -0.27233 2.72965 -1.56363 0.89613 -1.07586 -0.52248 -0.03107 -1.73470 0.00346 2.19392 2
-0.38310 -0.48724 -0.18028 -0.27233 -0.09230 -0.52751 0.51956 0.09667 -0.63733 -0.61848 -0.02565 0.37270 0.79497 2
1.76683 -0.48724 1.01499 -0.27233 0.36508 -2.35781 1.11639 -1.06432 1.65960 1.52941 0.80578 -3.59148 3.04114 2
-0.38227 -0.48724 1.56744 -0.27233 0.59809 0.20831 1.07376 -0.94151 -0.63733 0.17066 1.26768 0.44062 0.38327 2
-0.35526 -0.48724 1.56744 -0.27233 0.59809 0.07168 1.05244 -0.79989 -0.63733 0.17066 1.26768 0.41619 0.60312 2
-0.40018 -0.48724 -0.16424 -0.27233 -0.06641 -0.50758 0.69719 -0.63254 -0.40764 0.14099 -0.30279 -0.12886 0.43508 2
-0.38890 -0.48724 -0.21089 -0.27233 0.26153 -0.69830 0.07194 -0.42852 -0.40764 -0.10228 0.34387 0.44062 0.20262 2
-0.33024 -0.48724 -0.43683 -0.27233 -0.14407 0.29940 0.91745 0.31327 -0.63733 -0.60068 1.17530 0.34247 0.02058 2
0.23866 -0.48724 1.01499 -0.27233 1.59914 -0.09341 1.11639 -0.85018 1.65960 1.52941 0.80578 0.42736 0.55131 2
-0.39786 0.45606 -0.76917 -0.27233 -1.06746 -0.96729 0.05773 1.97551 -0.29279 -0.46421 0.29768 0.35551 0.81318 2
-0.38709 -0.48724 -0.54761 -0.27233 -0.53242 -0.82070 0.20339 0.43978 -0.52248 -0.71935 0.52864 0.37741 -0.12786 2
-0.41657 -0.48724 -0.86683 -0.27233 -0.34256 -0.55455 -0.31884 0.86430 -0.52248 -1.09315 0.80578 0.41772 -0.29310 2
-0.40274 0.58469 -0.87558 -0.27233 -0.87761 -0.77373 -0.08437 1.62907 -0.17794 -0.73715 0.57483 0.42101 0.06959 2
-0.41264 -0.48724 -0.75459 -0.27233 -0.48064 -0.50046 -0.01332 -0.20646 -0.52248 -0.76682 0.34387 0.44062 -0.41633 2
-0.41852 2.72855 -1.04029 -0.27233 -1.24869 -0.56451 -0.74514 1.67386 -0.75218 0.36053 1.22149 0.44062 0.30065 2
-0.41371 -0.48724 -0.86683 -0.27233 -0.34256 -0.42645 -0.82330 0.48305 -0.52248 -1.09315 0.80578 0.44062 -0.40793 2
0.01877 -0.48724 1.01499 -0.27233 0.86561 -0.47342 0.57285 -0.43859 1.65960 1.52941 0.80578 -3.66575 0.62973 2
-0.15109 -0.48724 1.23073 -0.27233 0.43412 -0.57590 1.02047 -0.66787 -0.52248 -0.03107 -1.73470 -0.09359 -0.08725 2
0.09402 -0.48724 1.01499 -0.27233 0.25290 -0.40084 0.92100 -0.59588 1.65960 1.52941 0.80578 -0.27804 1.21368 2
1.39070 -0.48724 1.01499 -0.27233 0.21838 -0.51043 0.08615 -0.42107 1.65960 1.52941 0.80578 0.13216 0.76696 2
0.24161 -0.48724 1.01499 -0.27233 0.24427 -0.24286 0.39878 -0.11832 1.65960 1.52941 0.80578 0.39439 0.32585 2
-0.40255 -0.48724 -0.16424 -0.27233 -0.06641 -0.37522 0.49825 -0.49752 -0.40764 0.14099 -0.30279 0.41444 -0.32951 2
-0.38057 -0.48724 1.56744 -0.27233 0.59809 0.24674 1.07731 -0.79619 -0.63733 0.17066 1.26768 0.42024 -0.00743 2
-0.40017 -0.48724 -0.61612 -0.27233 -0.92076 -0.85770 -1.23539 0.61991 -0.75218 -1.03975 -0.25660 0.44062 -0.34211 2
-0.37641 -0.48724 -0.07970 3.66477 -0.56693 -1.25336 0.71140 -0.06176 -0.63733 -0.77868 0.06673 0.42243 1.58617 2
-0.41241 -0.48724 -1.15107 -0.27233 -0.81720 -0.59297 -1.51960 0.67415 -0.63733 0.12913 -0.71851 0.28223 -0.37572 2
-0.17024 -0.48724 1.23073 -0.27233 2.72965 -0.81927 1.06310 -1.03141 -0.52248 -0.03107 -1.73470 -1.03756 0.43928 2
-0.40020 -0.48724 -0.37560 -0.27233 -0.29941 -0.63852 0.82863 -0.75226 -0.52248 -0.14381 1.12911 0.42714 0.84118 2
0.35359 -0.48724 1.01499 -0.27233 1.36614 0.04606 0.51246 -0.50370 1.65960 1.52941 0.80578 0.44062 0.18722 2
-0.32105 -0.48724 -0.43683 -0.27233 -0.14407 -0.45492 0.73272 0.10318 -0.63733 -0.60068 1.17530 0.39275 0.16481 2
-0.40809 0.58469 -0.87558 -0.27233 -0.87761 -0.50900 -0.75935 1.48974 -0.17794 -0.73715 0.57483 0.44062 -0.48075 2
-0.28141 -0.48724 1.56744 -0.27233 0.59809 0.05887 1.03468 -0.72377 -0.63733 0.17066 1.26768 0.44062 -0.05504 2
-0.38643 -0.48724 -0.21089 -0.27233 0.26153 -1.27329 0.15365 -0.47321 -0.40764 -0.10228 0.34387 0.44062 1.18847 2
-0.40522 -0.48724 -0.37560 -0.27233 -0.29941 0.26951 1.01337 -0.64688 -0.52248 -0.14381 1.12911 0.42243 -0.05364 3
-0.39159 -0.48724 -0.18028 -0.27233 -0.09230 -0.71537 0.11102 0.11239 -0.63733 -0.61848 -0.02565 0.44062 0.46029 3
-0.41482 -0.48724 -1.15107 -0.27233 -0.81720 -0.20016 -1.29223 0.98711 -0.63733 0.12913 -0.71851 0.13030 -0.49895 3
-0.34716 -0.48724 -0.43683 -0.27233 -0.14407 -0.64137 -0.42897 0.33412 -0.63733 -0.60068 1.17530 0.42660 -0.58578 3
-0.05231 -0.48724 1.01499 -0.27233 0.86561 -0.74811 -0.72383 -0.34598 1.65960 1.52941 0.80578 -0.24398 0.20682 3
-0.40877 -0.48724 -0.75459 -0.27233 -0.48064 -0.63140 -0.25489 -0.19810 -0.52248 -0.76682 0.34387 0.22877 -0.17407 3
0.37059 -0.48724 1.01499 -0.27233 1.36614 -0.28982 0.56219 -0.51172 1.65960 1.52941 0.80578 0.44062 0.28664 3
-0.40716 -0.48724 2.42017 -0.27233 0.46864 -0.42930 0.53022 -0.80027 -0.63733 1.79642 0.75959 0.44062 0.09760 3
-0.32678 -0.48724 -0.43683 -0.27233 -0.14407 -1.17935 -1.13592 0.00069 -0.63733 -0.60068 1.17530 -0.74138 -0.13486 3
0.25665 -0.48724 1.01499 -0.27233 1.36614 0.32502 0.75758 -0.47179 1.65960 1.52941 0.80578 0.40688 -0.33091 3
-0.41035 -0.48724 0.24681 -0.27233 -1.01568 -0.58444 -1.13592 0.33602 -0.52248 -0.06074 0.11292 0.43141 -0.49755 3
-0.41177 -0.48724 2.11552 -0.27233 0.22701 -0.39941 0.55154 -0.75872 -0.86702 -1.30676 0.29768 0.22998 0.22643 3
-0.40371 -0.48724 0.40570 -0.27233 -1.01568 -0.70399 -0.37568 1.19910 -0.63733 -0.70748 -1.13422 0.44062 0.44628 3
-0.34689 -0.48724 -0.43683 -0.27233 -0.14407 -0.47769 -0.24068 0.43333 -0.63733 -0.60068 1.17530 0.44062 -0.61518 3
-0.40485 -0.48724 -0.37560 -0.27233 -0.29941 -0.22435 0.59061 -0.79434 -0.52248 -0.14381 1.12911 0.33973 0.20122 3
-0.41506 0.41318 -0.80124 -0.27233 -0.99842 -0.24143 -0.19805 1.43403 -0.63733 -0.98042 -0.76470 0.40852 -0.45134 3
-0.40929 -0.48724 2.11552 -0.27233 0.22701 -0.46061 0.86416 -0.81120 -0.86702 -1.30676 0.29768 0.23458 0.73896 3
-0.39725 0.45606 -0.76917 -0.27233 -1.06746 -0.08345 0.37746 2.02329 -0.29279 -0.46421 0.29768 0.21322 -0.35052 3
-0.41511 0.71332 0.56895 -0.27233 -0.78268 -0.05072 0.30996 -0.08550 -0.63733 -0.82022 -0.11803 0.44062 -0.28890 3
-0.40771 2.94293 -1.34494 -0.27233 -1.22280 -0.49619 -1.74341 3.22488 -0.63733 -0.44048 1.63721 0.21213 -0.99188 3
-0.14357 -0.48724 1.01499 -0.27233 0.24427 -0.58871 -0.94764 -0.03374 1.65960 1.52941 0.80578 0.15396 0.09620 3
0.14208 -0.48724 1.01499 -0.27233 0.24427 -0.54031 -0.54620 -0.30524 1.65960 1.52941 0.80578 0.34554 -0.16847 3
-0.40956 0.37030 -0.60883 3.66477 -0.78268 -0.51897 -0.25134 0.05815 -0.75218 -1.09909 0.06673 0.37971 0.13961 3
-0.40998 -0.48724 0.24681 -0.27233 -1.01568 -0.20585 -0.80909 0.14031 -0.52248 -0.06074 0.11292 0.33174 -0.33371 3
0.00752 -0.48724 1.01499 -0.27233 1.85804 -1.31314 0.98139 -0.80326 1.65960 1.52941 0.80578 0.26415 -0.34492 3
-0.41598 2.94293 -1.09277 -0.27233 -1.40402 -0.58159 -1.75762 2.57645 -0.98187 -0.55321 -0.94946 0.42178 -0.47655 3
-0.30356 -0.48724 -0.43683 -0.27233 -0.14407 0.55416 0.66522 0.21083 -0.63733 -0.60068 1.17530 0.25802 -0.09425 3
-0.41078 -0.48724 -0.75459 -0.27233 -0.48064 -0.61859 -0.96185 0.06609 -0.52248 -0.76682 0.34387 0.44062 -0.54377 3
-0.36482 -0.48724 -0.18028 -0.27233 -0.09230 -0.24428 -0.34726 0.09824 -0.63733 -0.61848 -0.02565 0.43328 0.01077 3
-0.41550 -0.48724 -0.86683 -0.27233 -0.34256 -0.35245 -1.21053 1.04015 -0.52248 -1.09315 0.80578 0.44062 -0.65019 3
-0.40584 -0.48724 -0.61612 -0.27233 -0.92076 -0.30690 -1.01514 0.91459 -0.75218 -1.03975 -0.25660 0.35835 -0.43454 3
-0.41354 -0.48724 0.24681 -0.27233 -1.01568 -0.07491 -0.52844 0.57893 -0.52248 -0.06074 0.11292 0.32560 -0.04384 3
-0.40480 -0.48724 -0.16424 -0.27233 -0.06641 -0.15461 0.13944 -0.50574 -0.40764 0.14099 -0.30279 0.40118 -0.08585 3
0.00699 -0.48724 1.01499 -0.27233 0.24427 0.03895 -0.59238 0.09339 1.65960 1.52941 0.80578 0.34992 -0.29030 3
-0.40904 -0.48724 0.24681 -0.27233 -1.01568 0.00194 -0.83751 0.33602 -0.52248 -0.06074 0.11292 0.29088 -0.51996 3
-0.40673 -0.48724 -1.20209 -0.27233 -0.94665 -0.17312 0.03642 -0.14240 -0.86702 -0.78462 -0.21041 0.38508 -0.18388 3
-0.40045 -0.48724 2.11552 -0.27233 0.22701 -0.42503 0.70429 -0.85584 -0.86702 -1.30676 0.29768 0.31049 0.30205 3
0.49128 -0.48724 1.01499 -0.27233 0.86561 -0.10765 -0.11279 -0.39495 1.65960 1.52941 0.80578 0.44062 0.07939 3
-0.40723 -0.48724 0.40132 3.66477 -0.04052 -0.47485 0.89613 -0.43014 -0.52248 -0.78462 -0.94946 0.44062 0.73756 3
-0.40920 0.04872 -0.47618 -0.27233 -0.26489 -0.56309 -1.05066 0.78637 -0.52248 -0.57695 -1.50375 0.37051 0.42808 3
-0.40164 -0.48724 -0.04763 -0.27233 -1.22280 -0.46061 -1.81446 0.70867 -0.63733 -0.61255 0.34387 0.22198 -0.38833 3
-0.40755 -0.48724 -0.37560 -0.27233 -0.29941 -0.12757 -0.50357 -0.48309 -0.52248 -0.14381 1.12911 0.40326 0.04858 3
-0.37270 -0.48724 -0.71961 3.66477 -0.41160 -0.17169 0.80732 -0.35477 -0.17794 -0.60068 -0.48756 0.42243 1.23328 3
-0.41057 -0.48724 0.40570 -0.27233 -1.01568 -0.39230 -0.93343 0.81097 -0.63733 -0.70748 -1.13422 0.44062 -0.31551 3
-0.01619 -0.48724 1.01499 3.66477 1.40929 3.55153 0.50891 -0.89772 1.65960 1.52941 0.80578 -0.02327 -1.03109 3
0.00970 -0.48724 1.01499 -0.27233 1.40929 -1.88102 0.81087 -0.97010 1.65960 1.52941 0.80578 -0.44520 0.18862 3
-0.41337 0.04872 -0.73856 -0.27233 -1.25732 -0.57874 -1.67591 1.28363 -0.63733 -0.37521 0.20530 0.43306 -0.63759 3
-0.40693 0.79907 -0.90473 -0.27233 -1.09335 0.87155 -0.50712 1.20675 -0.40764 -0.64222 -0.85708 0.37873 -0.17827 3
-0.40736 -0.48724 0.11562 -0.27233 0.15797 0.72495 0.73627 -0.66778 -0.98187 -0.80242 1.17530 0.40283 -0.86445 3
-0.40728 0.58469 -0.87558 -0.27233 -0.87761 0.24390 -0.02753 1.62912 -0.17794 -0.73715 0.57483 0.44062 -0.82944 3
-0.41419 -0.48724 -0.86683 -0.27233 -0.34256 0.04464 -1.08263 1.26483 -0.52248 -1.09315 0.80578 0.36186 -0.97647 3
-0.13532 -0.48724 1.23073 -0.27233 0.43412 0.16704 0.94587 -0.72780 -0.52248 -0.03107 -1.73470 -0.29174 -0.18668 3
-0.39485 -0.48724 -0.07970 3.66477 -0.56693 -0.67979 -0.52488 -0.06765 -0.63733 -0.77868 0.06673 0.37533 0.47289 3
-0.39081 -0.48724 -0.07970 -0.27233 -0.56693 -0.71395 0.14655 0.26588 -0.63733 -0.77868 0.06673 0.35879 0.75716 3
-0.41466 -0.48724 -1.12629 -0.27233 -0.56693 0.18839 -0.08792 -0.33373 -0.86702 -0.82022 -0.30279 0.38892 -0.53816 3
-0.41028 -0.48724 -1.03300 -0.27233 -0.38571 -0.60578 0.00444 -0.51913 -0.52248 -0.66595 -0.85708 0.40042 -0.42193 3
-0.40424 -0.48724 -0.07970 -0.27233 -0.56693 -0.56024 -1.64394 0.07140 -0.63733 -0.77868 0.06673 0.44062 -0.24969 3
-0.41228 -0.48724 -1.15107 -0.27233 -0.81720 0.06884 -1.82511 0.67415 -0.63733 0.12913 -0.71851 0.20303 -0.74402 3
-0.15941 -0.48724 1.23073 -0.27233 0.43412 -0.61290 0.82508 -0.65206 -0.52248 -0.03107 -1.73470 0.42101 -0.14186 3
0.18465 -0.48724 1.01499 3.66477 1.85804 -0.22435 0.52667 -0.50925 1.65960 1.52941 0.80578 0.42451 -0.16427 3
-0.40945 -0.48724 -0.04763 -0.27233 -1.22280 -0.31259 -2.15905 0.70867 -0.63733 -0.61255 0.34387 0.37500 -0.99888 4
-0.40984 0.04872 -0.47618 -0.27233 -0.26489 -0.38803 -0.07016 0.83841 -0.52248 -0.57695 -1.50375 0.42638 -0.03124 4
-0.41597 0.58469 -0.91494 -0.27233 -1.11061 -0.16742 -0.77711 0.76253 -0.63733 -0.75495 0.25149 0.37205 -0.72021 4
-0.35150 -0.48724 1.56744 -0.27233 0.59809 0.12434 1.04179 -0.69698 -0.63733 0.17066 1.26768 0.31859 -0.21468 4
-0.40682 -0.48724 0.40132 3.66477 -0.04052 0.12577 0.84640 -0.20503 -0.52248 -0.78462 -0.94946 0.40600 -0.30150 4
-0.38482 -0.48724 -0.54761 -0.27233 -0.53242 0.03895 -1.40947 0.76974 -0.52248 -0.71935 0.52864 0.44062 -0.91066 4
0.25699 -0.48724 1.01499 -0.27233 -0.19585 -0.06068 -0.13766 -0.17611 1.65960 1.52941 0.80578 0.44062 -0.26790 4
-0.29757 -0.48724 -0.43683 -0.27233 -0.14407 -0.49762 -1.39526 0.33412 -0.63733 -0.60068 1.17530 0.33053 -0.85044 4
-0.40393 -0.48724 -1.03300 -0.27233 -0.38571 -1.01426 0.70785 -0.56938 -0.52248 -0.66595 -0.85708 0.44062 0.28524 4
-0.37336 -0.48724 -0.18028 -0.27233 -0.09230 0.13858 -0.04884 -0.12468 -0.63733 -0.61848 -0.02565 0.42210 -0.32111 4
-0.41793 3.15732 -1.01843 -0.27233 -1.08472 0.32929 -1.45210 2.25114 -0.63733 -0.33961 -0.25660 0.39165 -0.88125 4
-0.39929 -0.48724 -0.21089 -0.27233 0.26153 -0.87478 -1.41302 -0.47321 -0.40764 -0.10228 0.34387 0.40107 0.69275 4
-0.41194 -0.48724 -1.03300 -0.27233 -0.38571 -0.37664 -0.75935 -0.11404 -0.52248 -0.66595 -0.85708 0.40042 -0.35612 4
-0.41560 1.76381 -0.84788 -0.27233 -1.29184 -0.10765 -1.32421 1.67267 -0.40764 -0.68375 -0.85708 0.44062 -0.77202 4
-0.40215 0.58469 -0.87558 -0.27233 -0.87761 -0.19873 -1.39881 1.90898 -0.17794 -0.73715 0.57483 0.37249 -0.81123 4
-0.25443 -0.48724 1.23073 -0.27233 2.72965 0.32075 1.11639 -0.96364 -0.52248 -0.03107 -1.73470 0.08364 -0.73701 4
-0.41480 -0.48724 0.40132 3.66477 -0.04052 -0.56451 -0.44673 -0.32433 -0.52248 -0.78462 -0.94946 0.39571 0.12000 4
-0.40935 0.79907 -0.90473 -0.27233 -1.09335 0.45738 -0.93698 1.13732 -0.40764 -0.64222 -0.85708 0.29691 -0.73981 4
-0.41431 0.41318 -0.80124 -0.27233 -0.99842 -0.40795 -1.67591 1.43403 -0.63733 -0.98042 -0.76470 0.44062 -0.59138 4
-0.41593 2.94293 -1.13213 -0.27233 -1.35225 0.00764 -1.80380 1.33753 -0.63733 -0.42268 -1.08803 0.44062 -1.11791 4
-0.41352 -0.48724 -1.12629 -0.27233 -0.56693 1.02811 0.62969 -0.17730 -0.86702 -0.82022 -0.30279 0.44062 -1.00168 4
-0.38644 -0.48724 -0.07970 -0.27233 -0.56693 -1.24198 -2.08800 -0.09856 -0.63733 -0.77868 0.06673 -0.08482 2.36617 4
-0.41052 0.79907 -0.90473 -0.27233 -1.09335 0.27948 -1.77893 1.13732 -0.40764 -0.64222 -0.85708 0.24904 -0.88125 4
0.24352 -0.48724 1.01499 -0.27233 -0.19585 0.66233 0.22470 -0.22004 1.65960 1.52941 0.80578 0.39866 -0.68800 4
-0.37718 -0.48724 -0.18028 -0.27233 -0.09230 0.40188 0.66522 -0.09153 -0.63733 -0.61848 -0.02565 0.42736 -0.47235 4
-0.41491 0.58469 -0.91494 -0.27233 -1.11061 0.47589 0.06484 0.76253 -0.63733 -0.75495 0.25149 0.42670 -0.76082 4
-0.41715 1.87100 -1.07236 -0.27233 -0.61008 0.58548 -0.43252 0.91991 -0.52248 -0.22688 -0.39518 0.44062 -0.76642 4
-0.41304 -0.48724 0.11562 -0.27233 0.15797 0.98399 0.79666 -0.77292 -0.98187 -0.80242 1.17530 0.44062 -0.98208 4
-0.41937 0.28455 -1.28664 -0.27233 -0.14407 0.41326 -0.11989 0.14007 -0.98187 -0.66595 -1.45756 0.44062 -1.07450 4
-0.41092 -0.48724 0.24681 -0.27233 -1.01568 -0.01656 -2.22300 0.21677 -0.52248 -0.06074 0.11292 0.41893 -0.82244 4
-0.41610 3.05012 -1.32745 -0.27233 -1.20554 -0.17454 -1.07198 1.17536 -0.86702 -0.35741 -1.73470 0.40633 -0.73141 4
-0.41086 2.08539 -1.37701 -0.27233 -1.24006 0.41896 -1.16079 3.28405 -0.63733 0.01639 -0.07184 0.15451 -1.00308 4
-0.26399 -0.48724 1.23073 -0.27233 0.43412 -0.31117 1.11639 -0.96772 -0.52248 -0.03107 -1.73470 -0.03049 -0.87145 4
-0.35767 -0.48724 -0.71961 -0.27233 -0.43749 -0.43215 -0.01687 -0.05867 -0.17794 -0.60068 -0.48756 0.23743 -0.14046 4
-0.38059 0.45606 -0.76917 -0.27233 -1.06746 -0.25139 -1.19631 2.02329 -0.29279 -0.46421 0.29768 0.36701 -0.48915 4
-0.40431 -0.48724 -0.07970 3.66477 -0.56693 -0.31402 -0.33660 0.21093 -0.63733 -0.77868 0.06673 0.26996 0.28104 4
-0.40379 0.45606 -0.76917 -0.27233 -1.06746 0.28802 -1.97432 1.71042 -0.29279 -0.46421 0.29768 0.43382 -0.94567 4
-0.40099 0.45606 -0.76917 -0.27233 -1.06746 0.21116 -0.69185 1.91454 -0.29279 -0.46421 0.29768 0.19756 -0.43874 4
-0.41836 2.94293 -1.33037 -0.27233 -1.03294 0.49866 -1.38105 2.16030 -0.63733 -0.76088 -0.67232 0.37533 -0.93306 4
-0.38760 -0.48724 -0.21089 -0.27233 0.26153 -0.51043 -0.92277 -0.67120 -0.40764 -0.10228 0.34387 0.44062 0.13120 4
-0.39780 -0.48724 -0.54761 -0.27233 -0.53242 0.20831 -1.91393 0.76974 -0.52248 -0.71935 0.52864 0.40535 -1.06050 4
-0.39521 0.45606 -0.76917 -0.27233 -1.06746 0.21828 -2.11998 1.71042 -0.29279 -0.46421 0.29768 0.22341 -1.26915 4
-0.41387 0.41318 -0.80124 -0.27233 -0.99842 0.32217 -1.68657 1.43403 -0.63733 -0.98042 -0.76470 0.44062 -1.03249 4
-0.40540 0.58469 -0.87558 -0.27233 -0.87761 0.67941 -0.89435 1.98786 -0.17794 -0.73715 0.57483 0.42616 -0.44154 4
0.10793 -0.48724 1.01499 -0.27233 1.85804 0.16135 0.69008 -0.60637 1.65960 1.52941 0.80578 0.19591 -0.68100 4
0.24619 -0.48724 1.01499 -0.27233 -0.19585 1.10496 0.29931 -0.18257 1.65960 1.52941 0.80578 0.42287 -0.79023 4
-0.35958 -0.48724 -0.71961 3.66477 -0.41160 0.49296 0.28154 0.16762 -0.17794 -0.60068 -0.48756 0.34806 -0.43594 4
-0.40126 0.37030 -0.60883 -0.27233 -0.78268 -0.06353 -1.85709 0.30107 -0.75218 -1.09909 0.06673 0.44062 -0.84904 4
-0.40365 -0.48724 -0.61612 -0.27233 -0.92076 -0.16458 -2.20168 0.91459 -0.75218 -1.03975 -0.25660 0.29241 -0.95827 4
-0.39793 0.45606 -0.76917 -0.27233 -1.06746 0.61679 -1.81446 1.91454 -0.29279 -0.46421 0.29768 0.40600 -0.85324 4
-0.41044 -0.48724 -1.26477 -0.27233 -0.57556 -0.96871 0.75403 -0.38331 -0.75218 -1.27709 -0.30279 0.37599 0.18582 4
-0.40933 0.97058 -0.73564 -0.27233 -1.05020 0.29940 -1.78248 0.80574 -0.29279 -0.47015 -1.08803 0.29504 -0.55777 4
-0.41673 1.22785 -1.44115 -0.27233 -1.08472 0.93133 -1.21053 2.37310 -0.98187 -0.43455 0.57483 0.36339 -0.94707 4
-0.41386 -0.48724 0.40570 -0.27233 -1.01568 0.37626 -0.62436 1.02833 -0.63733 -0.70748 -1.13422 0.39625 -0.73701 4
-0.40282 -0.48724 -0.37560 -0.27233 -0.29941 0.62960 0.40233 -0.48309 -0.52248 -0.14381 1.12911 0.41718 -0.45274 4
0.10956 -0.48724 1.01499 -0.27233 1.40929 -3.87641 0.68653 -1.03616 1.65960 1.52941 0.80578 -0.02162 -0.77482 4
1.25847 -0.48724 1.01499 -0.27233 0.36508 0.80750 1.11639 -1.10630 1.65960 1.52941 0.80578 -1.94221 0.99802 4
0.96931 -0.48724 1.01499 -0.27233 0.90013 -0.96302 1.11639 -1.19192 1.65960 1.52941 0.80578 -0.26928 -0.07325 4
-0.40377 -0.48724 -0.07970 -0.27233 -0.56693 0.12861 -1.28868 0.07140 -0.63733 -0.77868 0.06673 0.31914 -0.45834 4
-0.41437 0.92771 -1.30559 -0.27233 -0.71364 0.80323 0.06128 -0.29080 -0.29279 -1.10502 -0.02565 0.44062 -0.71741 4
-0.40591 -0.48724 -1.20209 -0.27233 -0.94665 0.48443 -0.38278 -0.14240 -0.86702 -0.78462 -0.21041 0.01430 -0.84064 5
-0.41373 0.92771 -1.30559 -0.27233 -0.71364 0.47162 -0.37213 -0.20185 -0.29279 -1.10502 -0.02565 0.40184 -0.52136 5
-0.41603 2.94293 -0.90182 -0.27233 -1.24006 0.82031 -1.44499 0.62765 -0.63733 -0.96855 0.34387 0.44062 -1.30556 5
-0.40507 -0.48724 0.40570 -0.27233 -1.01568 0.55986 -1.33131 1.02833 -0.63733 -0.70748 -1.13422 0.44062 -0.89385 5
-0.41663 -0.48724 -1.30559 -0.27233 -0.83446 0.20689 -0.35081 1.07667 -0.75218 -1.10502 0.11292 0.41017 -1.04229 5
-0.41195 -0.48724 0.40132 -0.27233 -0.04052 0.50862 0.58706 -0.17759 -0.52248 -0.78462 -0.94946 0.39549 -0.41493 5
-0.41364 2.51416 -1.29684 -0.27233 -1.33499 1.07650 -2.08090 1.91515 -0.52248 -0.29808 -1.68851 0.16327 -1.10811 5
-0.41083 1.22785 -0.68900 -0.27233 -0.92939 0.28090 -1.29579 0.16396 -0.63733 -0.91515 -0.39518 0.44062 -0.76502 5
-0.41235 -0.48724 -1.03300 -0.27233 -0.38571 0.37199 -1.26026 -0.31474 -0.52248 -0.66595 -0.85708 0.37555 -1.02549 5
-0.41054 0.45606 -0.76917 -0.27233 -1.06746 0.95694 -2.19458 2.42752 -0.29279 -0.46421 0.29768 0.32221 -1.27755 5
-0.40548 1.44223 -1.12192 -0.27233 -1.01568 0.38622 -1.40236 0.36646 -0.52248 -0.06074 -1.50375 0.28661 -1.13331 5
0.12014 -0.48724 1.01499 -0.27233 0.51179 0.98968 -0.03463 -0.59939 1.65960 1.52941 0.80578 0.19723 -0.13906 5
-0.34376 0.37030 -1.04467 -0.27233 0.79657 0.79327 1.11639 -0.84738 -0.52248 -0.85582 -2.51994 0.38618 -0.80563 5
-0.41468 2.94293 -1.40179 -0.27233 -1.30047 1.17043 -1.13592 1.66878 -0.86702 -0.47015 -2.70470 -0.02589 -0.56617 5
-0.32876 0.37030 -1.04467 -0.27233 0.79657 1.03807 0.56930 -0.78935 -0.52248 -0.85582 -2.51994 0.30008 0.29925 5
-0.41689 2.72855 -1.19335 -0.27233 -1.09335 0.44173 -1.66170 0.76272 -0.75218 -0.92702 -0.07184 0.42670 -1.16692 5
-0.36874 -0.48724 -0.71961 -0.27233 -0.43749 0.38053 -1.67591 -0.19943 -0.17794 -0.60068 -0.48756 0.25923 -1.24534 5
-0.36060 -0.48724 -0.71961 -0.27233 -0.41160 1.52767 0.10747 0.16762 -0.17794 -0.60068 -0.48756 0.36580 -1.10951 5
-0.41844 3.80047 -1.43094 -0.27233 -1.24006 0.75627 -0.99737 2.15118 -0.52248 -0.90329 -1.54994 0.39680 -1.21874 5
-0.41095 1.44223 -1.12192 -0.27233 -1.01568 0.70788 -0.97606 -0.00306 -0.52248 -0.06074 -1.50375 0.40743 -0.83644 5
-0.41354 1.22785 -0.68900 3.66477 -0.92939 0.67372 -1.26737 0.13419 -0.63733 -0.91515 -0.39518 0.44062 -1.27755 5
-0.40847 -0.48724 -1.26477 -0.27233 -0.57556 0.39618 0.96008 -0.45022 -0.75218 -1.27709 -0.30279 0.44062 -0.97647 5
-0.41803 3.58609 -1.40908 -0.27233 -1.30910 1.21028 -1.94235 1.83233 -0.75218 -0.03701 -0.67232 0.30260 -1.14872 5
-0.41298 1.22785 -0.68900 3.66477 -0.92939 0.77050 -1.45565 0.50708 -0.63733 -0.91515 -0.39518 0.40283 -1.18933 5
-0.40848 0.97058 -0.73564 -0.27233 -1.05020 0.99253 -1.80735 0.80574 -0.29279 -0.47015 -1.08803 0.36975 -1.09130 5
-0.41544 2.94293 -1.40179 -0.27233 -1.30047 1.42662 -1.22474 1.66878 -0.86702 -0.47015 -2.70470 0.44062 -1.20053 5
-0.41634 -0.48724 -1.30559 -0.27233 -0.83446 1.01530 -0.80909 1.07667 -0.75218 -1.10502 0.11292 0.41575 -1.36017 5
-0.41138 0.92771 -1.30559 -0.27233 -0.71364 1.61591 0.11813 -0.33046 -0.29279 -1.10502 -0.02565 0.44062 -0.86585 5
-0.35731 0.37030 -1.04467 -0.27233 0.79657 1.30706 0.46983 -0.79923 -0.52248 -0.85582 -2.51994 0.39571 -0.42894 5
-0.41572 2.94293 -1.40179 -0.27233 -1.30047 1.40811 -1.07553 1.66878 -0.86702 -0.47015 -2.70470 0.38913 -0.84484 5
-0.41620 2.72855 -1.19335 -0.27233 -1.09335 1.05230 -1.87485 0.76272 -0.75218 -0.92702 -0.07184 0.42660 -1.49460 5
-0.41037 1.44223 -1.12192 -0.27233 -1.01568 1.28145 -1.05421 0.36646 -0.52248 -0.06074 -1.50375 0.44062 -1.01708 5
-0.41644 3.58609 -1.40908 -0.27233 -1.30910 0.98256 -1.89261 1.83233 -0.75218 -0.03701 -0.67232 0.44062 -1.13331 5
-0.39564 0.37030 -1.13796 -0.27233 -0.96477 0.75057 -1.29223 0.14516 -0.52248 -1.14062 -1.64232 0.44062 -1.09270 5
-0.41858 3.37170 -1.44552 -0.27233 -1.30910 1.37253 -1.65815 2.32775 -0.52248 -1.08129 -0.25660 0.42999 -1.09830 5
-0.41579 0.37030 -1.13796 -0.27233 -0.96477 0.97260 -1.11461 0.68844 -0.52248 -1.14062 -1.64232 0.38946 -1.12911 5
-0.34296 0.37030 -1.04467 -0.27233 0.79657 1.49209 1.11639 -0.90252 -0.52248 -0.85582 -2.51994 0.29154 -0.68100 5
-0.41369 0.92771 -1.30559 -0.27233 -0.71364 1.35403 -0.97606 0.10778 -0.29279 -1.10502 -0.02565 0.40535 -0.80143 5
-0.40956 1.44223 -1.12192 -0.27233 -1.01568 0.94841 -1.67236 1.27499 -0.52248 -0.06074 -1.50375 0.23009 -1.05769 5
-0.41338 -0.48724 -1.26477 -0.27233 -0.57556 0.98968 -0.36147 -0.45877 -0.75218 -1.27709 -0.30279 0.44062 -1.06610 5
-0.41093 2.94293 -0.90182 -0.27233 -1.24006 1.22879 -1.45210 0.62765 -0.63733 -0.96855 0.34387 0.44062 -1.27335 5
-0.37567 -0.48724 -0.71961 -0.27233 -0.43749 2.49832 0.63680 -0.27513 -0.17794 -0.60068 -0.48756 0.33634 -1.33356 5
-0.40952 -0.48724 -1.26477 -0.27233 -0.57556 1.23875 0.83929 -0.51975 -0.75218 -1.27709 -0.30279 0.41017 -1.09690 5
-0.40605 -0.48724 -1.20209 -0.27233 -0.94665 2.53960 0.26378 -0.14240 -0.86702 -0.78462 -0.21041 0.44062 -1.18233 5
-0.41244 -0.48724 -1.26477 -0.27233 -0.57556 2.10693 0.52312 -0.50056 -0.75218 -1.27709 -0.30279 0.42594 -0.71321 5
-0.35322 -0.48724 -0.71961 -0.27233 -0.41160 2.92103 0.16786 0.02059 -0.17794 -0.60068 -0.48756 0.32024 -1.42599 5
-0.41757 3.05012 -1.32745 -0.27233 -1.20554 1.88633 -1.87840 1.17536 -0.86702 -0.35741 -1.73470 0.42397 -1.33636 5
-0.41831 3.37170 -1.07673 -0.27233 -1.38676 1.66430 -1.22118 1.20675 -0.75218 -0.97449 -1.18041 0.32495 -1.33636 5
-0.38344 -0.48724 -0.71961 -0.27233 -0.43749 2.81998 0.34549 -0.42771 -0.17794 -0.60068 -0.48756 0.31082 -1.19213 5
-0.41594 0.37030 -1.13796 -0.27233 -0.96477 2.18521 -0.14476 0.42725 -0.52248 -1.14062 -1.64232 0.33557 -1.24534 5
-0.41298 0.37030 -1.13796 3.66477 -0.96477 1.93614 -0.67054 0.67286 -0.52248 -1.14062 -1.64232 0.22341 -1.35037 5
-0.35963 0.37030 -1.04467 -0.27233 0.79657 3.00785 0.81442 -0.71546 -0.52248 -0.85582 -2.51994 0.33064 -0.94427 5
-0.41359 -0.48724 -1.26477 -0.27233 -0.57556 2.20087 -0.53199 -0.28297 -0.75218 -1.27709 -0.30279 0.39384 -1.14872 5
-0.41850 2.94293 -1.55630 -0.27233 -1.14513 2.26349 -1.29934 0.88016 -0.63733 -0.90922 -1.87327 0.41137 -1.35597 5
-0.41777 3.58609 -1.23270 -0.27233 -1.19605 2.48978 -1.30289 0.62827 -0.63733 -1.09315 -1.73470 0.37106 -1.36857 5
-0.35884 -0.48724 -0.71961 -0.27233 -0.43749 3.47325 0.51246 -0.42771 -0.17794 -0.60068 -0.48756 0.27741 -1.12351 5
-0.34901 0.37030 -1.04467 -0.27233 0.79657 3.44336 0.65101 -0.94697 -0.52248 -0.85582 -2.51994 0.36175 -1.05489 5
0.34008 -0.48724 1.01499 3.66477 0.65850 1.04092 1.02758 -1.23124 1.65960 1.52941 0.80578 0.38749 -1.35737 5
0.65323 -0.48724 1.01499 -0.27233 0.65850 -0.09768 1.11639 -1.24706 1.65960 1.52941 0.80578 0.10380 -0.43734 5
0.54103 -0.48724 1.01499 3.66477 0.97780 -0.58301 0.74693 -1.26582 1.65960 1.52941 0.80578 -0.09633 -0.52836 5
