4.03861 -0.48724 1.01499 -0.27233 1.19354 -1.18362 1.11639 -1.09485 1.65960 1.52941 0.80578 0.44062 2.51180 1
7.47625 -0.48724 1.01499 -0.27233 1.19354 -0.85628 1.11639 -1.12534 1.65960 1.52941 0.80578 0.30994 1.44613 1
-0.39878 -0.48724 2.42017 -0.27233 0.46864 -1.23913 1.05600 -0.96862 -0.63733 1.79642 0.75959 -0.13828 1.58477 1
1.23497 -0.48724 1.01499 -0.27233 1.19354 0.08307 1.11639 -1.05472 1.65960 1.52941 0.80578 0.44062 1.07364 1
2.46330 -0.48724 1.01499 -0.27233 1.19354 -1.33164 0.97429 -0.99360 1.65960 1.52941 0.80578 0.44062 0.99662 1
1.17009 -0.48724 1.01499 -0.27233 1.59914 -0.49762 0.68653 -0.93766 1.65960 1.52941 0.80578 -3.15159 2.99212 1
0.47183 -0.48724 1.01499 -0.27233 1.19354 -0.76519 1.07731 -1.02656 1.65960 1.52941 0.80578 0.39899 1.01763 1
4.40801 -0.48724 1.01499 -0.27233 1.19354 -1.07261 0.59772 -1.03891 1.65960 1.52941 0.80578 -0.29809 2.06229 1
1.34437 -0.48724 1.01499 -0.27233 1.59914 -0.18877 1.11639 -0.89321 1.65960 1.52941 0.80578 -3.80475 1.93206 1
8.12884 -0.48724 1.01499 -0.27233 1.07273 -0.46631 1.11639 -0.94621 1.65960 1.52941 0.80578 -3.72665 1.11565 1
0.66562 -0.48724 1.01499 -0.27233 1.07273 0.13573 0.96008 -0.86757 1.65960 1.52941 0.80578 -3.24174 1.60017 1
1.25643 -0.48724 1.01499 -0.27233 1.59914 0.25101 0.87837 -0.85123 1.65960 1.52941 0.80578 -3.60572 0.75576 1
0.92592 -0.48724 1.01499 -0.27233 1.25395 -1.77712 1.00981 -0.96169 1.65960 1.52941 0.80578 0.44062 1.82423 1
1.24631 -0.48724 1.01499 -0.27233 1.25395 -1.99915 1.11639 -1.04741 1.65960 1.52941 0.80578 0.17795 2.51600 1
1.00374 -0.48724 1.01499 -0.27233 0.25290 -0.63710 -0.31528 -0.85360 1.65960 1.52941 0.80578 -3.63683 0.42528 1
9.92411 -0.48724 1.01499 -0.27233 1.00369 0.97260 0.82863 -1.12957 1.65960 1.52941 0.80578 0.44062 0.63813 1
2.59571 -0.48724 1.01499 -0.27233 1.07273 -1.39569 0.72916 -1.01987 1.65960 1.52941 0.80578 -2.51180 1.95866 1
2.14352 -0.48724 1.01499 -0.27233 1.59914 -0.66414 0.84640 -0.91601 1.65960 1.52941 0.80578 0.38092 1.32430 1
1.06827 -0.48724 1.01499 -0.27233 1.59914 -0.61290 0.99560 -0.90204 1.65960 1.52941 0.80578 -1.27230 1.55956 1
1.42543 -0.48724 1.01499 -0.27233 1.00369 0.37057 1.08442 -1.08080 1.65960 1.52941 0.80578 0.44062 1.18007 1
3.95840 -0.48724 1.01499 -0.27233 1.07273 -0.11761 0.35970 -0.91757 1.65960 1.52941 0.80578 -3.70069 0.26144 1
0.43639 -0.48724 1.01499 -0.27233 1.07273 -0.13042 0.33838 -0.88305 1.65960 1.52941 0.80578 -2.84730 1.24168 1
0.64796 -0.48724 1.01499 -0.27233 1.25395 -1.06549 1.11639 -1.05173 1.65960 1.52941 0.80578 0.44062 1.53296 1
0.60205 -0.48724 1.01499 -0.27233 0.25290 -1.02422 0.07194 -0.82231 1.65960 1.52941 0.80578 -3.86686 0.63113 1
1.19744 -0.48724 1.01499 -0.27233 1.36614 -0.10907 0.93876 -0.74694 1.65960 1.52941 0.80578 -2.80458 0.35246 1
-0.09693 -0.48724 1.23073 -0.27233 2.72965 -1.96641 1.03823 -1.16310 -0.52248 -0.03107 -1.73470 0.44062 2.32976 1
1.98833 -0.48724 1.01499 -0.27233 0.90013 -3.05520 1.11639 -1.24278 1.65960 1.52941 0.80578 0.14838 1.49655 1
-0.41459 -0.48724 0.11562 -0.27233 0.15797 -0.36241 0.43430 -0.61264 -0.98187 -0.80242 1.17530 0.44062 -0.66840 1
0.26257 -0.48724 1.01499 -0.27233 1.19354 0.17131 0.97429 -1.00595 1.65960 1.52941 0.80578 0.44062 0.94061 1
-0.28864 -0.48724 -0.43683 -0.27233 -0.14407 -0.81358 0.90679 0.20799 -0.63733 -0.60068 1.17530 0.03829 1.39292 1
0.12269 -0.48724 1.01499 -0.27233 1.36614 -0.43926 0.68653 -0.57674 1.65960 1.52941 0.80578 -3.79204 0.89019 1
-0.28620 -0.48724 -0.43683 -0.27233 -0.14407 -0.83066 0.93876 -0.00372 -0.63733 -0.60068 1.17530 0.02296 0.79777 1
0.59329 -0.48724 1.01499 -0.27233 1.19354 0.26524 1.07376 -0.98273 1.65960 1.52941 0.80578 0.38672 0.62553 1
0.72196 -0.48724 1.01499 -0.27233 1.00369 0.72495 1.07376 -1.15735 1.65960 1.52941 0.80578 0.44062 1.20247 1
0.32315 -0.48724 1.01499 -0.27233 0.25290 -0.17454 1.02402 -0.75464 1.65960 1.52941 0.80578 -0.59055 1.60297 1
-0.03400 -0.48724 1.23073 3.66477 2.72965 -1.25479 1.11639 -1.17464 -0.52248 -0.03107 -1.73470 0.44062 1.98387 1
-0.23260 -0.48724 -0.43683 -0.27233 -0.14407 -0.26847 1.00626 -0.01674 -0.63733 -0.60068 1.17530 -1.18697 1.07644 1
0.53328 -0.48724 1.01499 -0.27233 1.36614 -0.49619 0.41654 -0.48242 1.65960 1.52941 0.80578 -3.86850 0.60032 1
-0.40781 -0.48724 2.42017 -0.27233 0.46864 -0.42930 1.07376 -0.91510 -0.63733 1.79642 0.75959 0.36624 0.75856 1
1.73047 -0.48724 1.01499 -0.27233 0.97780 -3.05520 1.11639 -1.26230 1.65960 1.52941 0.80578 0.44062 3.54526 1
0.58492 -0.48724 1.01499 -0.27233 1.19354 -0.13042 0.85350 -0.95162 1.65960 1.52941 0.80578 0.44062 0.35246 1
0.51645 -0.48724 1.01499 -0.27233 0.25290 -1.22063 0.95297 -0.64835 1.65960 1.52941 0.80578 -0.04484 0.76836 1
-0.32238 -0.48724 -0.43683 -0.27233 -0.14407 -0.97583 0.60838 0.31322 -0.63733 -0.60068 1.17530 -0.58332 0.54011 1
1.35725 -0.48724 1.01499 -0.27233 1.00369 0.51858 0.87837 -1.16357 1.65960 1.52941 0.80578 0.06951 1.48254 1
0.74972 -0.48724 1.01499 -0.27233 0.25290 0.78046 0.91389 -0.81058 1.65960 1.52941 0.80578 -3.01599 0.98542 1
-0.31765 -0.48724 1.56744 -0.27233 0.59809 -0.92175 0.92810 -0.86201 -0.63733 0.17066 1.26768 0.44062 0.79637 1
-0.39059 -0.48724 -0.61612 -0.27233 -0.92076 -1.26048 0.94942 0.98540 -0.75218 -1.03975 -0.25660 0.44062 2.54261 1
-0.26260 -0.48724 -0.43683 -0.27233 -0.14407 -0.30263 1.11639 0.18044 -0.63733 -0.60068 1.17530 0.21968 0.05418 1
-0.14473 -0.48724 1.23073 -0.27233 2.72965 -1.93368 0.96363 -1.10853 -0.52248 -0.03107 -1.73470 0.38377 2.36337 1
0.76957 -0.48724 1.01499 -0.27233 0.51179 -0.14180 0.99916 -0.77149 1.65960 1.52941 0.80578 0.25222 0.75296 1
-0.30899 -0.48724 -0.43683 -0.27233 -0.14407 -0.33821 0.71851 0.31265 -0.63733 -0.60068 1.17530 -0.55090 0.64793 1
0.31094 -0.48724 1.01499 -0.27233 1.59914 0.08022 0.98850 -0.81827 1.65960 1.52941 0.80578 -0.42351 0.71935 1
0.68594 -0.48724 1.01499 -0.27233 1.36614 0.63102 0.90679 -0.61687 1.65960 1.52941 0.80578 -3.83367 0.84818 1
0.48116 -0.48724 1.01499 -0.27233 1.36614 0.02329 0.53733 -0.48057 1.65960 1.52941 0.80578 -0.92518 0.50090 1
1.85962 -0.48724 1.01499 -0.27233 1.00369 1.46362 1.04179 -1.17715 1.65960 1.52941 0.80578 0.44062 0.11020 1
0.38931 -0.48724 1.01499 -0.27233 1.25395 -0.81358 1.00981 -0.88737 1.65960 1.52941 0.80578 0.41356 0.62413 1
-0.27682 -0.48724 -0.43683 -0.27233 -0.14407 -0.20300 0.82153 0.08636 -0.63733 -0.60068 1.17530 0.44062 0.84958 1
0.21248 -0.48724 1.01499 -0.27233 1.36614 0.52712 1.05244 -0.68378 1.65960 1.52941 0.80578 -0.01516 0.71095 1
-0.40256 -0.48724 2.42017 -0.27233 0.46864 -1.18220 0.85705 -0.93752 -0.63733 1.79642 0.75959 0.42079 0.75716 1
-0.28913 -0.48724 1.23073 3.66477 2.72965 -1.81128 0.69008 -1.03758 -0.52248 -0.03107 -1.73470 -0.14671 -0.07465 1
-0.33288 -0.48724 -0.43683 -0.27233 -0.14407 -0.51327 0.90679 0.28710 -0.63733 -0.60068 1.17530 0.41247 0.51070 2
-0.30661 -0.48724 1.56744 -0.27233 0.59809 -0.75096 1.05955 -0.68815 -0.63733 0.17066 1.26768 -1.02869 0.65214 2
0.05625 -0.48724 1.23073 -0.27233 2.72965 -1.16228 1.11639 -1.13180 -0.52248 -0.03107 -1.73470 0.44062 1.92786 2
-0.00913 -0.48724 1.23073 3.66477 2.72965 -0.18877 0.49825 -0.97333 -0.52248 -0.03107 -1.73470 -2.94282 0.33145 2
0.32907 -0.48724 1.01499 -0.27233 0.25290 0.19978 0.22115 -0.75729 1.65960 1.52941 0.80578 -2.83394 -0.08725 2
0.17167 -0.48724 1.01499 -0.27233 1.36614 0.01760 0.82508 -0.67761 1.65960 1.52941 0.80578 0.31125 0.64653 2
-0.38997 -0.48724 1.56744 -0.27233 0.59809 -0.84204 0.97429 -0.95300 -0.63733 0.17066 1.26768 0.38815 0.63533 2
-0.39062 -0.48724 -0.18028 -0.27233 -0.09230 -0.82496 0.32417 0.07121 -0.63733 -0.61848 -0.02565 0.43536 -0.16147 2
2.91137 -0.48724 1.01499 -0.27233 0.36508 -1.60775 1.11639 -1.04746 1.65960 1.52941 0.80578 -1.59597 1.04003 2
0.13935 -0.48724 1.01499 -0.27233 1.36614 0.59259 0.76114 -0.56871 1.65960 1.52941 0.80578 -1.11117 0.52750 2
-0.41720 -0.48724 -1.34786 -0.27233 -0.31667 0.36345 -0.31528 1.17388 -0.98187 0.08166 -1.18041 0.36460 -0.56057 2
-0.39345 -0.48724 -0.61612 -0.27233 -0.92076 -0.36241 0.60127 0.89963 -0.75218 -1.03975 -0.25660 0.39505 0.86079 2
0.07079 -0.48724 1.01499 3.66477 1.85804 -0.68549 0.72561 -0.89772 1.65960 1.52941 0.80578 -0.03981 0.27824 2
-0.39402 -0.48724 -0.21089 -0.27233 0.26153 -0.36668 0.39522 -0.61587 -0.40764 -0.10228 0.34387 0.44062 0.23483 2
-0.25573 -0.48724 1.23073 3.66477 2.72965 -0.22151 0.97429 -0.97147 -0.52248 -0.03107 -1.73470 -0.39054 0.34546 2
-0.37914 -0.48724 1.56744 -0.27233 0.59809 0.24105 1.05955 -0.92379 -0.63733 0.17066 1.26768 0.40973 0.27124 2
0.71041 -0.48724 1.01499 -0.27233 1.59914 0.17273 1.01692 -0.82155 1.65960 1.52941 0.80578 0.32078 0.96161 2
0.44066 -0.48724 1.01499 -0.27233 0.36508 -0.95021 1.04179 -1.11143 1.65960 1.52941 0.80578 -0.46042 1.92506 2
1.21341 -0.48724 1.01499 -0.27233 0.36508 0.52997 1.11639 -1.07685 1.65960 1.52941 0.80578 -3.52291 1.19967 2
-0.40434 0.04872 -0.73856 -0.27233 -1.25732 -0.98295 -1.12882 1.28363 -0.63733 -0.37521 0.20530 0.44062 0.06119 2
-0.27973 -0.48724 1.23073 -0.27233 0.43412 -0.58301 0.92455 -0.65020 -0.52248 -0.03107 -1.73470 -0.70523 0.24883 2
-0.41648 -0.48724 -0.98344 -0.27233 -0.97253 -0.38518 -0.71317 2.00339 -0.75218 -0.33368 0.15911 0.31728 -0.29730 2
-0.39614 0.45606 -0.76917 -0.27233 -1.06746 -0.98437 0.28154 1.97551 -0.29279 -0.46421 0.29768 0.17324 -0.02143 2
-0.35680 -0.48724 1.56744 -0.27233 0.59809 -0.19020 1.04179 -1.00980 -0.63733 0.17066 1.26768 0.44062 0.81318 2
-0.14911 -0.48724 1.23073 -0.27233 2.72965 -1.56363 0.89613 -1.07586 -0.52248 -0.03107 -1.73470 0.00346 2.19392 2
-0.38310 -0.48724 -0.18028 -0.27233 -0.09230 -0.52751 0.51956 0.09667 -0.63733 -0.61848 -0.02565 0.37270 0.79497 2
0.53881 -0.48724 1.01499 -0.27233 1.36614 1.57748 1.09152 -0.63748 1.65960 1.52941 0.80578 0.21026 0.57232 2
-0.35526 -0.48724 1.56744 -0.27233 0.59809 0.07168 1.05244 -0.79989 -0.63733 0.17066 1.26768 0.41619 0.60312 2
-0.34593 -0.48724 -0.43683 -0.27233 -0.14407 -0.26847 0.56575 0.31669 -0.63733 -0.60068 1.17530 0.25572 -0.33511 2
-0.33572 -0.48724 -0.43683 -0.27233 -0.14407 -0.79365 0.03286 0.00069 -0.63733 -0.60068 1.17530 0.37544 -0.19228 2
-0.33024 -0.48724 -0.43683 -0.27233 -0.14407 0.29940 0.91745 0.31327 -0.63733 -0.60068 1.17530 0.34247 0.02058 2
-0.40356 -0.48724 -0.16424 -0.27233 -0.06641 -0.04360 0.55509 -0.73065 -0.40764 0.14099 -0.30279 0.35124 -0.30851 2
-0.38709 -0.48724 -0.54761 -0.27233 -0.53242 -0.82070 0.20339 0.43978 -0.52248 -0.71935 0.52864 0.37741 -0.12786 2
-0.41657 -0.48724 -0.86683 -0.27233 -0.34256 -0.55455 -0.31884 0.86430 -0.52248 -1.09315 0.80578 0.41772 -0.29310 2
-0.41168 2.08539 -1.37701 -0.27233 -1.24006 -0.57020 -1.77893 3.28405 -0.63733 0.01639 -0.07184 0.39056 -0.68100 2
-0.40274 0.58469 -0.87558 -0.27233 -0.87761 -0.77373 -0.08437 1.62907 -0.17794 -0.73715 0.57483 0.42101 0.06959 2
-0.39428 -0.48724 -0.16424 -0.27233 -0.06641 -0.27417 0.95297 -0.59222 -0.40764 0.14099 -0.30279 0.44062 0.62133 2
-0.41295 -0.48724 -0.86683 -0.27233 -0.34256 -0.45065 -0.35792 0.48305 -0.52248 -1.09315 0.80578 0.44062 -0.47095 2
-0.40577 -0.48724 -0.16424 -0.27233 -0.06641 -0.52893 0.86416 -0.68463 -0.40764 0.14099 -0.30279 0.41926 0.49810 2
-0.40033 0.04872 -0.47618 -0.27233 -0.26489 -0.39941 0.61548 1.32832 -0.52248 -0.57695 -1.50375 0.32900 0.62273 2
-0.40644 0.04872 -0.47618 -0.27233 -0.26489 -0.39230 0.50891 1.15479 -0.52248 -0.57695 -1.50375 0.44062 0.08639 2
-0.41264 -0.48724 -0.75459 -0.27233 -0.48064 -0.50046 -0.01332 -0.20646 -0.52248 -0.76682 0.34387 0.44062 -0.41633 2
-0.41852 2.72855 -1.04029 -0.27233 -1.24869 -0.56451 -0.74514 1.67386 -0.75218 0.36053 1.22149 0.44062 0.30065 2
-0.15109 -0.48724 1.23073 -0.27233 0.43412 -0.57590 1.02047 -0.66787 -0.52248 -0.03107 -1.73470 -0.09359 -0.08725 2
0.09402 -0.48724 1.01499 -0.27233 0.25290 -0.40084 0.92100 -0.59588 1.65960 1.52941 0.80578 -0.27804 1.21368 2
1.39070 -0.48724 1.01499 -0.27233 0.21838 -0.51043 0.08615 -0.42107 1.65960 1.52941 0.80578 0.13216 0.76696 2
0.24161 -0.48724 1.01499 -0.27233 0.24427 -0.24286 0.39878 -0.11832 1.65960 1.52941 0.80578 0.39439 0.32585 2
-0.38057 -0.48724 1.56744 -0.27233 0.59809 0.24674 1.07731 -0.79619 -0.63733 0.17066 1.26768 0.42024 -0.00743 2
-0.40017 -0.48724 -0.61612 -0.27233 -0.92076 -0.85770 -1.23539 0.61991 -0.75218 -1.03975 -0.25660 0.44062 -0.34211 2
-0.39550 -0.48724 -0.37560 -0.27233 -0.29941 -0.21012 0.66877 -0.51305 -0.52248 -0.14381 1.12911 0.41400 0.11020 2
-0.39455 -0.48724 -0.61612 -0.27233 -0.92076 -0.97156 -0.23358 1.08878 -0.75218 -1.03975 -0.25660 0.44062 0.49670 2
-0.41501 2.94293 -1.13213 -0.27233 -1.35225 -0.70826 -1.33131 1.33753 -0.63733 -0.42268 -1.08803 0.44062 -0.33791 2
-0.38945 -0.48724 -0.37560 -0.27233 -0.29941 -0.07918 0.80377 -0.59360 -0.52248 -0.14381 1.12911 0.37851 0.40567 2
-0.41607 1.01346 -0.74002 -0.27233 -1.00792 -0.36099 -1.60841 1.35140 -0.98187 -0.61848 -0.71851 0.06108 -0.67540 2
-0.40468 -0.48724 -0.37560 -0.27233 -0.29941 -0.61717 0.99916 -0.80170 -0.52248 -0.14381 1.12911 0.40940 0.53451 2
-0.41612 -0.48724 -0.86683 -0.27233 -0.34256 -0.59155 -0.79133 0.68198 -0.52248 -1.09315 0.80578 0.44062 -0.39953 2
0.35359 -0.48724 1.01499 -0.27233 1.36614 0.04606 0.51246 -0.50370 1.65960 1.52941 0.80578 0.44062 0.18722 2
-0.40809 0.58469 -0.87558 -0.27233 -0.87761 -0.50900 -0.75935 1.48974 -0.17794 -0.73715 0.57483 0.44062 -0.48075 2
-0.24614 -0.48724 1.23073 -0.27233 2.72965 -1.25336 1.11639 -1.04641 -0.52248 -0.03107 -1.73470 -0.16511 0.08779 2
0.04940 -0.48724 1.01499 -0.27233 -0.19585 -0.07918 0.78600 -0.33041 1.65960 1.52941 0.80578 0.42342 0.03038 2
-0.41482 -0.48724 -1.15107 -0.27233 -0.81720 -0.20016 -1.29223 0.98711 -0.63733 0.12913 -0.71851 0.13030 -0.49895 3
-0.34716 -0.48724 -0.43683 -0.27233 -0.14407 -0.64137 -0.42897 0.33412 -0.63733 -0.60068 1.17530 0.42660 -0.58578 3
0.02596 -0.48724 1.01499 -0.27233 1.85804 -0.04787 0.80021 -0.71213 1.65960 1.52941 0.80578 -0.06598 0.21523 3
-0.05231 -0.48724 1.01499 -0.27233 0.86561 -0.74811 -0.72383 -0.34598 1.65960 1.52941 0.80578 -0.24398 0.20682 3
-0.39820 -0.48724 -0.61612 -0.27233 -0.92076 -0.70968 -1.25316 0.61991 -0.75218 -1.03975 -0.25660 0.44062 0.20962 3
-0.40830 -0.48724 0.24681 -0.27233 -1.01568 -0.00802 0.21049 0.12212 -0.52248 -0.06074 0.11292 0.18606 -0.09565 3
-0.36945 -0.48724 -0.07970 3.66477 -0.56693 -1.33876 1.11639 0.03797 -0.63733 -0.77868 0.06673 0.44062 1.46154 3
0.37059 -0.48724 1.01499 -0.27233 1.36614 -0.28982 0.56219 -0.51172 1.65960 1.52941 0.80578 0.44062 0.28664 3
-0.40776 0.79907 -0.90473 -0.27233 -1.09335 -0.26990 -0.12345 1.20675 -0.40764 -0.64222 -0.85708 0.41564 -0.03544 3
-0.32678 -0.48724 -0.43683 -0.27233 -0.14407 -1.17935 -1.13592 0.00069 -0.63733 -0.60068 1.17530 -0.74138 -0.13486 3
0.25665 -0.48724 1.01499 -0.27233 1.36614 0.32502 0.75758 -0.47179 1.65960 1.52941 0.80578 0.40688 -0.33091 3
-0.41177 -0.48724 2.11552 -0.27233 0.22701 -0.39941 0.55154 -0.75872 -0.86702 -1.30676 0.29768 0.22998 0.22643 3
-0.40371 -0.48724 0.40570 -0.27233 -1.01568 -0.70399 -0.37568 1.19910 -0.63733 -0.70748 -1.13422 0.44062 0.44628 3
-0.34689 -0.48724 -0.43683 -0.27233 -0.14407 -0.47769 -0.24068 0.43333 -0.63733 -0.60068 1.17530 0.44062 -0.61518 3
-0.40492 -0.48724 -0.16424 -0.27233 -0.06641 -0.58728 0.16076 -0.62570 -0.40764 0.14099 -0.30279 -0.19765 0.38047 3
-0.41506 0.41318 -0.80124 -0.27233 -0.99842 -0.24143 -0.19805 1.43403 -0.63733 -0.98042 -0.76470 0.40852 -0.45134 3
-0.40929 -0.48724 2.11552 -0.27233 0.22701 -0.46061 0.86416 -0.81120 -0.86702 -1.30676 0.29768 0.23458 0.73896 3
-0.39725 0.45606 -0.76917 -0.27233 -1.06746 -0.08345 0.37746 2.02329 -0.29279 -0.46421 0.29768 0.21322 -0.35052 3
-0.41511 0.71332 0.56895 -0.27233 -0.78268 -0.05072 0.30996 -0.08550 -0.63733 -0.82022 -0.11803 0.44062 -0.28890 3
-0.41626 -0.48724 -0.86683 -0.27233 -0.34256 -0.32113 -1.11105 0.48305 -0.52248 -1.09315 0.80578 0.43229 -0.58017 3
-0.14357 -0.48724 1.01499 -0.27233 0.24427 -0.58871 -0.94764 -0.03374 1.65960 1.52941 0.80578 0.15396 0.09620 3
-0.41484 -0.48724 0.11562 -0.27233 0.15797 -0.23432 0.28865 -0.71593 -0.98187 -0.80242 1.17530 0.44062 -0.50035 3
-0.41576 -0.48724 -0.86683 -0.27233 -0.34256 0.03610 -1.06842 1.26483 -0.52248 -1.09315 0.80578 0.35846 -0.82664 3
-0.41598 2.94293 -1.09277 -0.27233 -1.40402 -0.58159 -1.75762 2.57645 -0.98187 -0.55321 -0.94946 0.42178 -0.47655 3
-0.41078 -0.48724 -0.75459 -0.27233 -0.48064 -0.61859 -0.96185 0.06609 -0.52248 -0.76682 0.34387 0.44062 -0.54377 3
-0.36482 -0.48724 -0.18028 -0.27233 -0.09230 -0.24428 -0.34726 0.09824 -0.63733 -0.61848 -0.02565 0.43328 0.01077 3
-0.38532 0.37030 -0.60883 -0.27233 -0.78268 -0.61005 -0.94053 0.30107 -0.75218 -1.09909 0.06673 0.35025 0.04858 3
-0.41354 -0.48724 0.24681 -0.27233 -1.01568 -0.07491 -0.52844 0.57893 -0.52248 -0.06074 0.11292 0.32560 -0.04384 3
0.00699 -0.48724 1.01499 -0.27233 0.24427 0.03895 -0.59238 0.09339 1.65960 1.52941 0.80578 0.34992 -0.29030 3
-0.40904 -0.48724 0.24681 -0.27233 -1.01568 0.00194 -0.83751 0.33602 -0.52248 -0.06074 0.11292 0.29088 -0.51996 3
-0.40673 -0.48724 -1.20209 -0.27233 -0.94665 -0.17312 0.03642 -0.14240 -0.86702 -0.78462 -0.21041 0.38508 -0.18388 3
0.49128 -0.48724 1.01499 -0.27233 0.86561 -0.10765 -0.11279 -0.39495 1.65960 1.52941 0.80578 0.44062 0.07939 3
1.24631 -0.48724 1.01499 -0.27233 0.51179 -0.07918 0.69008 -0.87564 1.65960 1.52941 0.80578 0.29187 0.06399 3
-0.22751 -0.48724 1.23073 -0.27233 2.72965 -0.23147 1.02047 -1.03388 -0.52248 -0.03107 -1.73470 0.17664 0.20262 3
-0.40723 -0.48724 0.40132 3.66477 -0.04052 -0.47485 0.89613 -0.43014 -0.52248 -0.78462 -0.94946 0.44062 0.73756 3
-0.41693 -0.48724 -0.59279 -0.27233 -0.73953 0.19408 0.36680 0.55661 -0.86702 -0.98635 -0.30279 0.44062 -0.49195 3
-0.38878 -0.48724 -0.18028 -0.27233 -0.09230 -0.02652 0.50535 -0.25276 -0.63733 -0.61848 -0.02565 0.40217 -0.66560 3
-0.40920 0.04872 -0.47618 -0.27233 -0.26489 -0.56309 -1.05066 0.78637 -0.52248 -0.57695 -1.50375 0.37051 0.42808 3
-0.40164 -0.48724 -0.04763 -0.27233 -1.22280 -0.46061 -1.81446 0.70867 -0.63733 -0.61255 0.34387 0.22198 -0.38833 3
-0.40755 -0.48724 -0.37560 -0.27233 -0.29941 -0.12757 -0.50357 -0.48309 -0.52248 -0.14381 1.12911 0.40326 0.04858 3
-0.39982 -0.48724 -0.07970 3.66477 -0.56693 -0.46204 0.83574 0.03897 -0.63733 -0.77868 0.06673 0.40064 0.64653 3
-0.37270 -0.48724 -0.71961 3.66477 -0.41160 -0.17169 0.80732 -0.35477 -0.17794 -0.60068 -0.48756 0.42243 1.23328 3
-0.41057 -0.48724 0.40570 -0.27233 -1.01568 -0.39230 -0.93343 0.81097 -0.63733 -0.70748 -1.13422 0.44062 -0.31551 3
-0.39995 -0.48724 -0.21089 -0.27233 0.26153 -0.82212 -0.51778 -0.67120 -0.40764 -0.10228 0.34387 0.44062 -0.09005 3
-0.01619 -0.48724 1.01499 3.66477 1.40929 3.55153 0.50891 -0.89772 1.65960 1.52941 0.80578 -0.02327 -1.03109 3
0.00970 -0.48724 1.01499 -0.27233 1.40929 -1.88102 0.81087 -0.97010 1.65960 1.52941 0.80578 -0.44520 0.18862 3
-0.41553 -0.48724 -1.12629 -0.27233 -0.56693 0.17131 0.18918 -0.33383 -0.86702 -0.82022 -0.30279 0.40392 -0.62359 3
-0.40693 0.79907 -0.90473 -0.27233 -1.09335 0.87155 -0.50712 1.20675 -0.40764 -0.64222 -0.85708 0.37873 -0.17827 3
-0.40736 -0.48724 0.11562 -0.27233 0.15797 0.72495 0.73627 -0.66778 -0.98187 -0.80242 1.17530 0.40283 -0.86445 3
-0.32821 -0.48724 -0.18028 -0.27233 -0.09230 -0.23147 -0.56041 -0.54839 -0.63733 -0.61848 -0.02565 0.44062 -0.93446 3
-0.40728 0.58469 -0.87558 -0.27233 -0.87761 0.24390 -0.02753 1.62912 -0.17794 -0.73715 0.57483 0.44062 -0.82944 3
-0.39208 -0.48724 -0.54761 -0.27233 -0.53242 -0.28698 -0.88369 0.76974 -0.52248 -0.71935 0.52864 0.44062 0.01918 3
-0.41419 -0.48724 -0.86683 -0.27233 -0.34256 0.04464 -1.08263 1.26483 -0.52248 -1.09315 0.80578 0.36186 -0.97647 3
-0.41477 1.76381 -0.84788 -0.27233 -1.29184 0.04322 -0.81619 1.67267 -0.40764 -0.68375 -0.85708 0.44062 -0.70761 3
-0.39485 -0.48724 -0.07970 3.66477 -0.56693 -0.67979 -0.52488 -0.06765 -0.63733 -0.77868 0.06673 0.37533 0.47289 3
-0.41407 -0.48724 -0.96887 -0.27233 -0.91213 -0.38376 -0.83396 0.30021 -0.75218 -0.95669 0.02054 0.43065 0.02898 3
-0.41466 -0.48724 -1.12629 -0.27233 -0.56693 0.18839 -0.08792 -0.33373 -0.86702 -0.82022 -0.30279 0.38892 -0.53816 3
-0.41028 -0.48724 -1.03300 -0.27233 -0.38571 -0.60578 0.00444 -0.51913 -0.52248 -0.66595 -0.85708 0.40042 -0.42193 3
-0.41228 -0.48724 -1.15107 -0.27233 -0.81720 0.06884 -1.82511 0.67415 -0.63733 0.12913 -0.71851 0.20303 -0.74402 3
0.18465 -0.48724 1.01499 3.66477 1.85804 -0.22435 0.52667 -0.50925 1.65960 1.52941 0.80578 0.42451 -0.16427 3
-0.40945 -0.48724 -0.04763 -0.27233 -1.22280 -0.31259 -2.15905 0.70867 -0.63733 -0.61255 0.34387 0.37500 -0.99888 4
-0.40838 -0.48724 -0.16424 -0.27233 -0.06641 0.61252 0.46272 -0.53072 -0.40764 0.14099 -0.30279 0.42627 -0.34912 4
-0.33156 0.37030 -1.04467 -0.27233 0.79657 -1.03134 -0.20516 -0.85888 -0.52248 -0.85582 -2.51994 0.39133 -0.30851 4
-0.36279 -0.48724 -0.18028 -0.27233 -0.09230 0.49866 0.49469 -0.22678 -0.63733 -0.61848 -0.02565 0.44062 -1.13611 4
-0.41597 0.58469 -0.91494 -0.27233 -1.11061 -0.16742 -0.77711 0.76253 -0.63733 -0.75495 0.25149 0.37205 -0.72021 4
-0.41522 0.71332 0.56895 -0.27233 -0.78268 0.22397 -0.53199 -0.06133 -0.63733 -0.82022 -0.11803 0.41991 -0.62919 4
-0.35150 -0.48724 1.56744 -0.27233 0.59809 0.12434 1.04179 -0.69698 -0.63733 0.17066 1.26768 0.31859 -0.21468 4
-0.40393 -0.48724 -1.03300 -0.27233 -0.38571 -1.01426 0.70785 -0.56938 -0.52248 -0.66595 -0.85708 0.44062 0.28524 4
-0.37336 -0.48724 -0.18028 -0.27233 -0.09230 0.13858 -0.04884 -0.12468 -0.63733 -0.61848 -0.02565 0.42210 -0.32111 4
-0.41793 3.15732 -1.01843 -0.27233 -1.08472 0.32929 -1.45210 2.25114 -0.63733 -0.33961 -0.25660 0.39165 -0.88125 4
1.15196 -0.48724 1.01499 -0.27233 0.65850 -3.44659 1.11639 -1.08488 1.65960 1.52941 0.80578 -2.46732 0.09479 4
-0.39929 -0.48724 -0.21089 -0.27233 0.26153 -0.87478 -1.41302 -0.47321 -0.40764 -0.10228 0.34387 0.40107 0.69275 4
-0.41194 -0.48724 -1.03300 -0.27233 -0.38571 -0.37664 -0.75935 -0.11404 -0.52248 -0.66595 -0.85708 0.40042 -0.35612 4
-0.41560 1.76381 -0.84788 -0.27233 -1.29184 -0.10765 -1.32421 1.67267 -0.40764 -0.68375 -0.85708 0.44062 -0.77202 4
0.19526 -0.48724 1.01499 -0.27233 1.25395 -0.33252 0.49469 -0.77278 1.65960 1.52941 0.80578 0.23776 0.85519 4
-0.41431 0.41318 -0.80124 -0.27233 -0.99842 -0.40795 -1.67591 1.43403 -0.63733 -0.98042 -0.76470 0.44062 -0.59138 4
-0.41593 2.94293 -1.13213 -0.27233 -1.35225 0.00764 -1.80380 1.33753 -0.63733 -0.42268 -1.08803 0.44062 -1.11791 4
-0.41352 -0.48724 -1.12629 -0.27233 -0.56693 1.02811 0.62969 -0.17730 -0.86702 -0.82022 -0.30279 0.44062 -1.00168 4
-0.40943 -0.48724 -1.03300 -0.27233 -0.38571 0.18697 0.55154 -0.54554 -0.52248 -0.66595 -0.85708 0.42528 -0.50596 4
-0.38644 -0.48724 -0.07970 -0.27233 -0.56693 -1.24198 -2.08800 -0.09856 -0.63733 -0.77868 0.06673 -0.08482 2.36617 4
0.24352 -0.48724 1.01499 -0.27233 -0.19585 0.66233 0.22470 -0.22004 1.65960 1.52941 0.80578 0.39866 -0.68800 4
-0.21080 -0.48724 1.23073 -0.27233 0.43412 -0.58017 0.37746 -0.65020 -0.52248 -0.03107 -1.73470 -1.41371 -0.07185 4
-0.15266 -0.48724 1.23073 -0.27233 0.43412 0.04891 0.97784 -0.80497 -0.52248 -0.03107 -1.73470 -0.65265 -0.21748 4
-0.40062 -0.48724 -0.54761 -0.27233 -0.53242 0.20120 -0.57817 0.35397 -0.52248 -0.71935 0.52864 0.44062 -0.76362 4
-0.41422 -0.48724 -0.96887 -0.27233 -0.91213 0.14854 -0.73093 0.46747 -0.75218 -0.95669 0.02054 0.44062 -0.42474 4
-0.41049 -0.48724 0.40570 -0.27233 -1.01568 -0.22435 -1.78248 0.81097 -0.63733 -0.70748 -1.13422 0.44062 -0.57037 4
-0.41304 -0.48724 0.11562 -0.27233 0.15797 0.98399 0.79666 -0.77292 -0.98187 -0.80242 1.17530 0.44062 -0.98208 4
-0.41937 0.28455 -1.28664 -0.27233 -0.14407 0.41326 -0.11989 0.14007 -0.98187 -0.66595 -1.45756 0.44062 -1.07450 4
-0.41610 3.05012 -1.32745 -0.27233 -1.20554 -0.17454 -1.07198 1.17536 -0.86702 -0.35741 -1.73470 0.40633 -0.73141 4
-0.41086 2.08539 -1.37701 -0.27233 -1.24006 0.41896 -1.16079 3.28405 -0.63733 0.01639 -0.07184 0.15451 -1.00308 4
-0.40984 -0.48724 -0.04763 -0.27233 -1.22280 0.18839 -2.20168 0.70867 -0.63733 -0.61255 0.34387 0.29636 -0.83084 4
-0.40431 -0.48724 -0.07970 3.66477 -0.56693 -0.31402 -0.33660 0.21093 -0.63733 -0.77868 0.06673 0.26996 0.28104 4
-0.40099 0.45606 -0.76917 -0.27233 -1.06746 0.21116 -0.69185 1.91454 -0.29279 -0.46421 0.29768 0.19756 -0.43874 4
-0.38760 -0.48724 -0.21089 -0.27233 0.26153 -0.51043 -0.92277 -0.67120 -0.40764 -0.10228 0.34387 0.44062 0.13120 4
-0.41379 -0.48724 -1.03300 -0.27233 -0.38571 0.04322 0.17141 -0.22678 -0.52248 -0.66595 -0.85708 0.42638 -0.89105 4
-0.39780 -0.48724 -0.54761 -0.27233 -0.53242 0.20831 -1.91393 0.76974 -0.52248 -0.71935 0.52864 0.40535 -1.06050 4
-0.39975 -0.48724 -0.75459 -0.27233 -0.48064 -0.45350 -1.36328 0.02482 -0.52248 -0.76682 0.34387 0.40261 -0.35332 4
-0.40157 -0.48724 -0.61612 -0.27233 -0.92076 -0.10480 -2.20524 0.91459 -0.75218 -1.03975 -0.25660 0.41389 -0.73001 4
-0.41771 3.15732 -1.51549 -0.27233 -1.24869 0.14000 -1.16789 2.56092 -0.86702 -0.56508 -0.53375 0.44062 -0.96387 4
-0.39521 0.45606 -0.76917 -0.27233 -1.06746 0.21828 -2.11998 1.71042 -0.29279 -0.46421 0.29768 0.22341 -1.26915 4
-0.41511 1.76381 -0.84788 -0.27233 -1.29184 0.39903 -1.62262 1.67267 -0.40764 -0.68375 -0.85708 0.16481 -0.44014 4
-0.41387 0.41318 -0.80124 -0.27233 -0.99842 0.32217 -1.68657 1.43403 -0.63733 -0.98042 -0.76470 0.44062 -1.03249 4
-0.41676 0.71332 0.56895 -0.27233 -0.78268 -0.10480 -1.40947 -0.06133 -0.63733 -0.82022 -0.11803 0.43437 -0.90226 4
-0.39708 -0.48724 -0.07970 -0.27233 -0.56693 -0.14607 -0.92987 0.07140 -0.63733 -0.77868 0.06673 0.40480 -0.44574 4
-0.38045 -0.48724 -0.54761 -0.27233 -0.53242 0.18554 -1.01158 0.43978 -0.52248 -0.71935 0.52864 0.44062 -0.91486 4
0.10793 -0.48724 1.01499 -0.27233 1.85804 0.16135 0.69008 -0.60637 1.65960 1.52941 0.80578 0.19591 -0.68100 4
-0.40365 -0.48724 -0.61612 -0.27233 -0.92076 -0.16458 -2.20168 0.91459 -0.75218 -1.03975 -0.25660 0.29241 -0.95827 4
-0.39793 0.45606 -0.76917 -0.27233 -1.06746 0.61679 -1.81446 1.91454 -0.29279 -0.46421 0.29768 0.40600 -0.85324 4
-0.40933 0.97058 -0.73564 -0.27233 -1.05020 0.29940 -1.78248 0.80574 -0.29279 -0.47015 -1.08803 0.29504 -0.55777 4
-0.40681 -0.48724 -0.37560 -0.27233 -0.29941 0.70645 0.09681 -0.44590 -0.52248 -0.14381 1.12911 0.42616 -0.69780 4
-0.40529 -0.48724 -0.61612 -0.27233 -0.92076 0.69080 -2.33313 0.91459 -0.75218 -1.03975 -0.25660 0.31476 -1.09410 4
-0.37847 -0.48724 -0.71961 3.66477 -0.41160 0.94841 0.70785 -0.44324 -0.17794 -0.60068 -0.48756 0.38366 -0.41213 4
-0.27205 -0.48724 1.23073 3.66477 0.43412 -0.04929 0.85350 -0.94820 -0.52248 -0.03107 -1.73470 -0.19447 -1.00168 4
-0.40330 0.04872 -0.47618 -0.27233 -0.26489 -0.16031 0.97784 1.02362 -0.52248 -0.57695 -1.50375 0.44062 0.90980 4
-0.40282 -0.48724 -0.37560 -0.27233 -0.29941 0.62960 0.40233 -0.48309 -0.52248 -0.14381 1.12911 0.41718 -0.45274 4
-0.34761 -0.48724 -0.71961 3.66477 -0.41160 0.84593 0.32417 -0.24835 -0.17794 -0.60068 -0.48756 0.36931 -0.38132 4
0.10956 -0.48724 1.01499 -0.27233 1.40929 -3.87641 0.68653 -1.03616 1.65960 1.52941 0.80578 -0.02162 -0.77482 4
1.25847 -0.48724 1.01499 -0.27233 0.36508 0.80750 1.11639 -1.10630 1.65960 1.52941 0.80578 -1.94221 0.99802 4
0.96931 -0.48724 1.01499 -0.27233 0.90013 -0.96302 1.11639 -1.19192 1.65960 1.52941 0.80578 -0.26928 -0.07325 4
-0.40377 -0.48724 -0.07970 -0.27233 -0.56693 0.12861 -1.28868 0.07140 -0.63733 -0.77868 0.06673 0.31914 -0.45834 4
-0.40591 -0.48724 -1.20209 -0.27233 -0.94665 0.48443 -0.38278 -0.14240 -0.86702 -0.78462 -0.21041 0.01430 -0.84064 5
-0.41603 2.94293 -0.90182 -0.27233 -1.24006 0.82031 -1.44499 0.62765 -0.63733 -0.96855 0.34387 0.44062 -1.30556 5
-0.41663 -0.48724 -1.30559 -0.27233 -0.83446 0.20689 -0.35081 1.07667 -0.75218 -1.10502 0.11292 0.41017 -1.04229 5
-0.41394 -0.48724 -1.12629 -0.27233 -0.56693 1.13058 -0.19450 -0.18072 -0.86702 -0.82022 -0.30279 0.43141 -0.97367 5
-0.41843 2.08539 -1.19626 -0.27233 -1.32636 0.45454 -1.76827 1.15142 -0.98187 -0.84988 -1.31899 0.21935 -1.15852 5
-0.41235 -0.48724 -1.03300 -0.27233 -0.38571 0.37199 -1.26026 -0.31474 -0.52248 -0.66595 -0.85708 0.37555 -1.02549 5
-0.41054 0.45606 -0.76917 -0.27233 -1.06746 0.95694 -2.19458 2.42752 -0.29279 -0.46421 0.29768 0.32221 -1.27755 5
-0.41238 -0.48724 -1.03300 -0.27233 -0.38571 0.81889 0.20694 -0.41779 -0.52248 -0.66595 -0.85708 0.37895 -0.80283 5
-0.34864 -0.48724 -0.71961 -0.27233 -0.41160 0.47446 0.43430 -0.24835 -0.17794 -0.60068 -0.48756 0.44062 -0.70761 5
-0.34376 0.37030 -1.04467 -0.27233 0.79657 0.79327 1.11639 -0.84738 -0.52248 -0.85582 -2.51994 0.38618 -0.80563 5
-0.41207 1.44223 -1.12192 -0.27233 -1.01568 0.64668 -1.34197 1.27499 -0.52248 -0.06074 -1.50375 0.36186 -1.11511 5
-0.32876 0.37030 -1.04467 -0.27233 0.79657 1.03807 0.56930 -0.78935 -0.52248 -0.85582 -2.51994 0.30008 0.29925 5
-0.32416 0.37030 -1.04467 -0.27233 0.79657 1.48355 0.92100 -0.81504 -0.52248 -0.85582 -2.51994 0.40250 -0.19648 5
-0.41756 2.08539 -1.19626 -0.27233 -1.32636 0.73349 -2.08445 1.15142 -0.98187 -0.84988 -1.31899 0.40195 -1.06750 5
-0.36060 -0.48724 -0.71961 -0.27233 -0.41160 1.52767 0.10747 0.16762 -0.17794 -0.60068 -0.48756 0.36580 -1.10951 5
-0.41844 3.80047 -1.43094 -0.27233 -1.24006 0.75627 -0.99737 2.15118 -0.52248 -0.90329 -1.54994 0.39680 -1.21874 5
-0.41095 1.44223 -1.12192 -0.27233 -1.01568 0.70788 -0.97606 -0.00306 -0.52248 -0.06074 -1.50375 0.40743 -0.83644 5
-0.40894 1.22785 -0.68900 -0.27233 -0.92939 0.81035 -0.91566 0.22427 -0.63733 -0.91515 -0.39518 0.44062 -1.35457 5
-0.41354 1.22785 -0.68900 3.66477 -0.92939 0.67372 -1.26737 0.13419 -0.63733 -0.91515 -0.39518 0.44062 -1.27755 5
-0.40847 -0.48724 -1.26477 -0.27233 -0.57556 0.39618 0.96008 -0.45022 -0.75218 -1.27709 -0.30279 0.44062 -0.97647 5
-0.41859 1.01346 -1.40179 -0.27233 -0.97253 1.36115 -0.68475 1.54003 -0.98187 -0.73715 -1.36518 0.41696 -1.00308 5
-0.41783 0.26311 -1.42220 -0.27233 -1.19605 1.16616 -0.32239 2.57768 -0.75218 -1.14062 0.06673 0.40053 -0.64459 5
-0.41298 1.22785 -0.68900 3.66477 -0.92939 0.77050 -1.45565 0.50708 -0.63733 -0.91515 -0.39518 0.40283 -1.18933 5
-0.41544 2.94293 -1.40179 -0.27233 -1.30047 1.42662 -1.22474 1.66878 -0.86702 -0.47015 -2.70470 0.44062 -1.20053 5
-0.41138 0.92771 -1.30559 -0.27233 -0.71364 1.61591 0.11813 -0.33046 -0.29279 -1.10502 -0.02565 0.44062 -0.86585 5
-0.35731 0.37030 -1.04467 -0.27233 0.79657 1.30706 0.46983 -0.79923 -0.52248 -0.85582 -2.51994 0.39571 -0.42894 5
-0.41693 -0.48724 -0.59279 -0.27233 -0.73953 1.28145 -0.26555 0.55661 -0.86702 -0.98635 -0.30279 0.39604 -1.20753 5
-0.41620 2.72855 -1.19335 -0.27233 -1.09335 1.05230 -1.87485 0.76272 -0.75218 -0.92702 -0.07184 0.42660 -1.49460 5
-0.39431 0.37030 -0.60883 3.66477 -0.78268 2.00161 -0.59594 0.27138 -0.75218 -1.09909 0.06673 0.37347 -0.85044 5
-0.41858 3.37170 -1.44552 -0.27233 -1.30910 1.37253 -1.65815 2.32775 -0.52248 -1.08129 -0.25660 0.42999 -1.09830 5
-0.41579 0.37030 -1.13796 -0.27233 -0.96477 0.97260 -1.11461 0.68844 -0.52248 -1.14062 -1.64232 0.38946 -1.12911 5
-0.41369 0.92771 -1.30559 -0.27233 -0.71364 1.35403 -0.97606 0.10778 -0.29279 -1.10502 -0.02565 0.40535 -0.80143 5
-0.41003 1.44223 -1.12192 -0.27233 -1.01568 1.27148 -1.50183 1.27499 -0.52248 -0.06074 -1.50375 0.37040 -1.36997 5
-0.41338 -0.48724 -1.26477 -0.27233 -0.57556 0.98968 -0.36147 -0.45877 -0.75218 -1.27709 -0.30279 0.44062 -1.06610 5
-0.37567 -0.48724 -0.71961 -0.27233 -0.43749 2.49832 0.63680 -0.27513 -0.17794 -0.60068 -0.48756 0.33634 -1.33356 5
-0.40952 -0.48724 -1.26477 -0.27233 -0.57556 1.23875 0.83929 -0.51975 -0.75218 -1.27709 -0.30279 0.41017 -1.09690 5
-0.40605 -0.48724 -1.20209 -0.27233 -0.94665 2.53960 0.26378 -0.14240 -0.86702 -0.78462 -0.21041 0.44062 -1.18233 5
-0.27785 -0.48724 1.23073 -0.27233 0.43412 0.93702 1.02402 -0.91073 -0.52248 -0.03107 -1.73470 0.07400 -1.12911 5
-0.35322 -0.48724 -0.71961 -0.27233 -0.41160 2.92103 0.16786 0.02059 -0.17794 -0.60068 -0.48756 0.32024 -1.42599 5
-0.41757 3.05012 -1.32745 -0.27233 -1.20554 1.88633 -1.87840 1.17536 -0.86702 -0.35741 -1.73470 0.42397 -1.33636 5
-0.35801 0.37030 -1.04467 -0.27233 0.79657 1.75823 0.73982 -0.78607 -0.52248 -0.85582 -2.51994 0.34718 -0.75522 5
-0.41058 -0.48724 -1.20209 -0.27233 -0.94665 2.18521 -1.12526 -0.14240 -0.86702 -0.78462 -0.21041 0.40370 -1.27195 5
-0.41831 3.37170 -1.07673 -0.27233 -1.38676 1.66430 -1.22118 1.20675 -0.75218 -0.97449 -1.18041 0.32495 -1.33636 5
-0.38344 -0.48724 -0.71961 -0.27233 -0.43749 2.81998 0.34549 -0.42771 -0.17794 -0.60068 -0.48756 0.31082 -1.19213 5
-0.38543 -0.48724 -0.71961 -0.27233 -0.43749 1.99449 -1.83222 -0.19943 -0.17794 -0.60068 -0.48756 0.22823 -1.22294 5
-0.38157 -0.48724 -0.71961 -0.27233 -0.41160 2.79294 0.06484 -0.06798 -0.17794 -0.60068 -0.48756 0.24400 -1.21874 5
-0.41602 3.58609 -1.23270 -0.27233 -1.19605 2.23218 -1.25671 0.62827 -0.63733 -1.09315 -1.73470 0.39549 -1.23834 5
-0.35963 0.37030 -1.04467 -0.27233 0.79657 3.00785 0.81442 -0.71546 -0.52248 -0.85582 -2.51994 0.33064 -0.94427 5
-0.24997 -0.48724 1.23073 -0.27233 0.43412 1.71411 0.78956 -0.86628 -0.52248 -0.03107 -1.73470 0.19449 -1.52961 5
-0.20691 -0.48724 1.23073 3.66477 0.43412 2.15959 1.05244 -0.83314 -0.52248 -0.03107 -1.73470 0.36076 -1.50301 5
-0.41359 -0.48724 -1.26477 -0.27233 -0.57556 2.20087 -0.53199 -0.28297 -0.75218 -1.27709 -0.30279 0.39384 -1.14872 5
-0.41850 2.94293 -1.55630 -0.27233 -1.14513 2.26349 -1.29934 0.88016 -0.63733 -0.90922 -1.87327 0.41137 -1.35597 5
-0.41777 3.58609 -1.23270 -0.27233 -1.19605 2.48978 -1.30289 0.62827 -0.63733 -1.09315 -1.73470 0.37106 -1.36857 5
-0.35884 -0.48724 -0.71961 -0.27233 -0.43749 3.47325 0.51246 -0.42771 -0.17794 -0.60068 -0.48756 0.27741 -1.12351 5
-0.34901 0.37030 -1.04467 -0.27233 0.79657 3.44336 0.65101 -0.94697 -0.52248 -0.85582 -2.51994 0.36175 -1.05489 5
-0.35286 0.37030 -1.04467 -0.27233 0.17523 2.86410 -0.05595 -0.65225 -0.52248 -0.85582 -2.51994 0.30523 -0.73001 5
0.23908 -0.48724 1.01499 3.66477 0.65850 0.56697 1.00271 -1.15797 1.65960 1.52941 0.80578 0.20435 -1.24954 5
0.34008 -0.48724 1.01499 3.66477 0.65850 1.04092 1.02758 -1.23124 1.65960 1.52941 0.80578 0.38749 -1.35737 5
0.65323 -0.48724 1.01499 -0.27233 0.65850 -0.09768 1.11639 -1.24706 1.65960 1.52941 0.80578 0.10380 -0.43734 5
0.54103 -0.48724 1.01499 3.66477 0.97780 -0.58301 0.74693 -1.26582 1.65960 1.52941 0.80578 -0.09633 -0.52836 5
