-0.09997 0.50944 1.14103 -0.40005 -0.35347 0.17442 -0.28651 -1.27800 1
0.09469 0.42049 0.74375 -0.62099 -0.57187 -0.00219 -0.54021 -1.00561 1
0.15957 0.05531 0.58484 -0.47569 -0.22528 0.20533 -0.21589 -1.23889 1
-0.11994 0.52817 1.77668 -0.09936 -0.12320 -0.12493 -0.19235 -0.87786 1
0.27437 -0.13664 0.50538 -0.45185 -0.35109 -0.24767 -0.40944 -1.22905 1
-0.93849 1.36152 0.98212 -0.62237 -0.54575 -0.51788 -0.57422 -1.26352 1
-0.97343 1.80160 -0.60700 -0.00356 -0.10421 -0.05429 -0.08249 -0.96071 1
-2.31606 2.86436 -0.68646 0.53824 0.59134 0.50114 0.57924 -0.98076 1
0.27437 -0.09919 0.90266 -0.70900 -0.74041 -0.79956 -0.73638 -0.84112 1
-0.99339 1.63774 -0.92483 -0.16445 0.16642 0.16029 0.16337 -1.24336 1
0.27437 -0.13664 0.42593 0.10324 -0.06623 -0.04457 -0.03541 -0.23269 1
1.13784 -0.70313 1.85614 -0.09707 -0.02350 -0.22471 -0.11650 -1.25758 1
0.96315 -0.73591 1.14103 -0.85843 -0.75703 -0.50728 -0.78869 -1.12720 1
-0.97842 1.38025 0.50538 -0.60495 -0.51489 -0.61236 -0.42775 -0.92081 1
-1.30784 0.99166 -0.05081 -0.81580 -0.82825 -0.87462 -0.88285 -1.61566 1
1.23767 -1.37262 -1.08374 -0.80984 -0.76178 -0.47549 -0.74161 -1.26979 2
-0.04008 0.33621 0.74375 0.23480 0.07146 -0.04192 0.09798 -0.52209 2
-0.20479 1.54411 -0.05081 -0.66087 -0.63122 -0.82252 -0.77561 -0.81196 2
-1.38770 2.31191 -0.52755 -0.93819 -1.04665 -0.96028 -1.02670 -0.31938 2
-0.27466 1.16488 0.66429 0.32968 0.30410 -0.96028 -0.95085 -0.95176 2
0.28934 -0.18346 0.90266 -1.07891 -1.13686 -1.07066 -1.12086 -0.80043 2
0.83837 -0.94190 -0.36864 -0.74246 -0.71193 -0.84813 -0.68930 -0.42539 2
-0.46932 1.82033 -0.20972 -0.16032 -0.22290 -0.81899 -0.74161 -0.95044 2
-1.42763 2.26510 -1.00428 0.41998 0.39431 0.33160 0.41446 -0.90591 2
-0.42440 1.08530 -0.76592 0.06932 0.09520 -0.19204 0.08490 -0.72558 2
1.16779 -0.84359 -2.11667 -0.55544 -0.68107 -0.65740 -0.80438 0.11192 2
-1.22798 1.22575 0.50538 -0.31892 -0.36534 -0.21941 -0.25250 -0.38518 2
-0.87361 1.11339 0.58484 -1.02895 -1.10125 -1.10774 -1.09994 -0.61383 2
-0.34953 1.24447 -1.48102 0.38973 0.37294 -0.99560 -0.98224 -0.27185 2
-0.63403 0.82780 -1.71939 0.06291 -0.01875 -0.04546 0.01428 -0.65757 2
-0.94847 1.38025 1.85614 -0.27538 -0.13032 -0.46048 -0.10603 -0.61746 3
1.26761 -1.37262 -0.76592 -0.15207 0.08095 0.51615 0.14767 -0.83380 3
0.64372 -0.80145 0.82321 -0.53344 -0.56000 -0.34392 -0.47482 -0.45829 3
-0.92352 1.42706 0.26701 -0.23733 -0.45792 -0.35893 -0.42251 -0.07668 3
0.19451 -0.65164 -0.92483 -0.91985 -0.75228 -0.80486 -0.82008 -0.30843 3
-0.91353 1.39897 -0.05081 0.47453 0.82636 0.27155 0.83818 -0.86401 3
-0.38946 1.12743 -1.00428 -0.52106 -0.50302 -0.61148 -0.55852 -0.68310 3
0.84336 -0.81550 -0.84537 -0.46743 -0.01400 -0.49404 -0.00926 -0.11957 3
1.27760 -1.31176 -0.92483 5.85128 6.50947 5.18916 7.00040 -0.29685 3
0.30931 -0.38478 0.10810 0.08307 0.15692 -0.29712 -0.22896 -0.38649 3
-0.94847 1.16957 -1.24265 0.25497 0.42042 0.30246 0.33076 -0.84680 3
-1.32780 1.82501 -1.63993 -0.62695 -0.47929 -0.16643 -0.45390 -1.31585 3
-0.81371 1.67051 -1.00428 -0.73192 -0.84487 -0.76954 -0.82531 -0.47471 3
-1.06327 1.08061 0.58484 -0.42435 -0.51727 -0.49845 -0.52190 -0.51998 3
1.22768 -1.33517 -1.00428 -0.19058 -0.06148 -0.43752 0.07182 -0.11468 3
-0.95346 1.37088 1.37940 -0.53161 -0.46029 -0.65122 -0.38328 -0.59957 4
-1.26791 0.96825 -0.76592 0.02624 0.59609 0.29981 0.58709 -0.76327 4
0.93820 -0.71718 -0.92483 0.51486 1.18007 0.26184 0.90880 -0.66494 4
1.18775 -1.33985 -1.16320 0.43052 1.07799 0.19385 0.88787 -0.75321 4
-1.21301 1.22575 -1.71939 4.18600 3.21688 4.61960 3.59496 0.55349 4
1.03303 -0.78741 0.02865 -0.78096 -0.91371 -0.63091 -0.85669 0.50043 4
-0.89856 1.29129 -1.08374 -0.34505 -0.67395 -0.47019 -0.63699 1.25634 4
1.54213 -0.86231 -1.16320 3.11202 3.51836 0.25213 1.30898 -0.65315 4
-1.12816 1.10870 -0.28918 -0.42435 -0.59323 -0.55320 -0.62914 0.50806 4
1.33250 -1.30708 -0.84537 0.72388 0.64594 0.59916 0.71525 0.11403 4
0.69363 -0.72186 0.90266 0.04961 0.40380 1.16695 0.45631 -0.65694 4
-1.31283 1.01039 0.02865 -0.45643 -0.38433 -0.42957 -0.41728 -0.54667 4
0.69363 -0.81081 0.18756 -0.04573 0.15455 1.05922 0.19999 -0.41044 4
-1.26292 0.94952 0.34647 -0.31250 -0.17543 -0.11698 -0.13480 -0.43255 4
-1.31782 1.13679 1.85614 0.04549 0.05009 -0.30860 -0.03280 -0.13437 4
-1.15311 1.12275 -1.48102 0.06107 0.19253 -0.33597 -0.07988 0.12655 5
1.24266 -1.40540 0.10810 -0.06040 0.05009 0.35456 -0.02495 -0.66115 5
0.78846 -0.87168 -1.08374 -0.25429 -0.01638 0.16912 0.16075 -0.19748 5
-0.73385 0.96357 -1.56048 1.69472 1.93972 1.62436 2.00209 -0.44687 5
0.82340 -0.90445 -1.08374 0.25909 0.33021 0.07464 0.32030 0.21061 5
-0.77877 0.26599 -1.00428 -0.35192 -0.22528 -0.09049 -0.16619 -0.48150 5
-1.14812 0.81844 -1.00428 -0.72688 -0.69531 -0.62119 -0.71022 0.34110 5
0.84336 -0.70782 0.50538 -0.48669 -0.62172 -0.29800 -0.55068 0.11745 5
-1.13814 1.31002 -2.11667 -0.84605 -0.95644 -1.05123 -1.07902 0.63981 5
-0.88858 1.38961 -0.13027 0.76926 0.17354 0.20886 0.19737 0.64692 5
1.06298 -0.76868 -1.32211 3.36000 2.32429 3.16348 2.59582 0.36415 5
0.83338 -0.73122 0.50538 -0.45368 -0.57899 -0.32626 -0.57422 -0.42934 5
0.74354 -0.79677 0.34647 -0.17087 -0.06385 0.17707 -0.11126 -0.16584 5
0.65370 -0.86700 -0.13027 -0.44177 -0.11133 0.26272 -0.09819 -0.96055 5
0.64372 -0.73591 -0.92483 -0.05398 1.56227 1.43539 1.30898 -1.13209 5
0.75352 -0.72654 0.66429 -0.85155 -0.79027 -0.50816 -0.78869 -0.71521 6
-1.43761 1.34747 -0.84537 -0.61366 -0.47691 -0.72009 -0.49052 -1.01408 6
0.94818 -0.99340 -0.76592 -0.63153 -0.69294 -0.77749 -0.71284 -0.47082 6
1.10290 -1.14790 0.82321 -0.49952 -0.58611 -0.52318 -0.50098 -0.51656 6
-1.50749 1.38025 -0.84537 0.51211 0.50826 0.02519 0.44062 -0.05904 6
0.57384 -0.65632 0.34647 -0.07231 -0.19204 0.12497 -0.14004 0.94337 6
0.67366 -0.77336 -1.08374 -0.74475 -0.62647 -0.46490 -0.73376 -0.61383 6
0.64372 -0.86231 -0.05081 -0.33955 -0.27988 -0.00307 -0.28912 0.26894 6
-1.24794 0.82780 -1.08374 0.13945 0.88333 -0.42604 0.55308 0.25704 6
0.88329 -0.90445 -1.87830 -0.49815 -0.37958 -0.60971 -0.37805 0.74830 6
0.64372 -0.84359 -0.84537 1.50679 2.06791 2.17360 2.15118 -0.21027 6
0.80842 -0.73122 0.66429 -0.57790 -0.65970 -0.41898 -0.59514 -0.34865 6
1.28758 -0.76868 -0.52755 0.72938 0.28511 0.37398 0.31245 0.45527 6
-1.23796 0.66394 0.98212 -0.09798 -0.08522 -0.45077 -0.34928 0.15645 6
0.65869 -0.71250 1.14103 -0.18966 0.23051 0.34573 0.27845 -0.59167 6
-1.16809 0.79503 1.85614 -0.19424 0.05959 -0.20352 0.08490 -0.51409 7
1.17278 -1.16663 -1.87830 0.88936 0.73615 0.78459 0.53739 0.60091 7
-0.78376 1.53943 -1.00428 -0.25979 -0.53626 -0.47373 -0.52452 0.42448 7
0.80343 -0.84359 0.42593 -0.75805 -0.92558 -0.81899 -0.89854 1.28998 7
1.02305 -0.81550 -2.11667 7.03251 6.35992 5.19181 5.13552 0.68366 7
0.61377 -0.67504 1.53831 -0.83505 -0.88522 -0.82606 -0.84623 -0.38428 7
-1.17807 0.45326 0.34647 0.37552 0.34446 0.24594 0.42754 0.07618 7
0.91823 -0.71718 0.66429 0.37644 0.01449 -0.07195 0.07967 1.06243 7
-1.34777 0.98230 0.18756 1.44353 1.99669 1.36651 2.12503 -0.31675 7
-1.33279 1.11339 -1.00428 -0.25291 -0.52914 -0.23972 -0.50360 1.12617 7
0.87331 -0.81550 -0.36864 -0.21441 -0.27750 -0.33156 -0.26820 0.39295 7
-1.49251 1.11339 -0.60700 -0.22541 -0.32736 -0.51699 -0.26558 0.38389 7
-1.44260 0.97293 1.29994 -0.38355 -0.34160 0.00929 -0.28912 -0.11615 7
-1.23796 0.95889 0.26701 -0.28454 -0.52202 -0.35893 -0.41728 1.17892 7
0.91324 -0.94190 -1.00428 -0.34230 0.12368 -0.65298 0.09798 -0.21058 7
0.70860 -0.86700 0.50538 0.06061 0.50826 -0.13111 0.39615 -0.13231 8
-1.13315 0.76694 -0.92483 0.07299 -0.13270 0.42255 0.01690 0.60423 8
0.74853 -0.70313 -0.13027 0.52770 0.89045 0.50026 0.92449 -0.29985 8
0.47901 -0.66568 0.42593 0.39340 0.04535 0.38458 0.19999 0.93168 8
0.35423 -0.66100 -0.20972 -0.39455 -0.57662 -0.37218 -0.46175 0.90210 8
0.78347 -0.92318 -1.00428 0.07941 0.40380 -0.14612 0.36215 -0.33444 8
-1.21301 0.62648 0.82321 0.03036 0.25662 -0.25562 -0.02234 -0.51403 8
1.25264 -1.21813 -0.44809 -0.28088 -0.54338 -0.66005 -0.41728 1.69523 8
-1.33279 0.86993 0.74375 0.67346 0.97829 1.00270 1.07096 -0.00120 8
0.86832 -0.76868 -1.16320 6.82579 5.25368 6.14106 5.69263 1.26471 8
-1.32780 0.86525 0.34647 0.21646 0.63407 0.41460 0.56878 -0.29959 8
0.56885 -0.67973 -0.52755 -0.26758 0.07146 -0.15142 0.18952 -0.64968 8
-1.32281 1.01975 1.85614 -0.30471 -0.48166 -0.58322 -0.50098 1.39541 8
-0.13990 -0.55800 -0.05081 -0.39914 -0.56237 -0.22294 -0.52975 1.13428 8
0.60878 -0.82954 -0.05081 -0.25704 -0.17780 -0.18497 -0.14004 0.05397 8
0.97313 -1.01213 -1.95776 -0.37759 -0.67157 -0.67506 -0.75469 1.37714 9
0.55387 -0.76868 0.98212 -0.80251 -0.60035 -0.76248 -0.60560 -0.35344 9
-1.26292 1.05720 -0.60700 0.29622 0.27324 -0.02426 0.26537 0.70387 9
-1.23297 0.65926 -0.92483 1.07317 1.08274 0.49584 1.17035 0.00775 9
0.65370 -0.71718 1.53831 -0.03198 0.07858 -0.00395 0.16598 -0.11200 9
-1.48752 1.10402 0.42593 0.30722 0.04060 -0.02426 0.22353 0.54143 9
0.63872 -0.67973 1.85614 -0.47385 -0.64783 -0.66976 -0.65007 0.62023 9
0.74853 -0.68441 0.58484 -0.10119 -0.34160 -0.18586 -0.22635 0.87962 9
1.16280 -1.25558 -0.84537 -0.47889 -0.64071 -0.77572 -0.67099 1.09696 9
-0.61406 -0.14132 -0.68646 -0.19974 -0.34397 -0.37924 -0.35189 -0.14931 9
0.52393 -0.68909 0.82321 0.02624 -0.14219 -0.18233 -0.16881 0.68392 9
-0.89856 0.66862 -0.28918 -0.99090 -1.05852 -0.99383 -1.03455 -0.03394 9
0.93820 -0.92318 -1.40157 -0.00264 -0.50065 -0.14965 -0.38590 2.32897 9
0.60379 -0.84827 -0.20972 1.15980 1.84001 1.15900 1.93409 -0.27064 9
0.62874 -0.84827 -0.20972 -0.13328 -0.30836 -0.20352 -0.32051 0.85367 9
0.56386 -0.69377 0.02865 1.30098 2.18186 0.81815 2.16164 -0.23985 10
-1.44260 0.99166 1.85614 -0.36063 -0.59561 -0.64503 -0.63176 1.40357 10
0.67366 -0.67504 0.58484 -0.08836 -0.10896 -0.27416 -0.01710 0.05634 10
0.54888 -0.75932 -0.13027 -0.39134 -0.15881 -0.51964 -0.20281 -0.05157 10
0.58382 -0.77804 0.74375 -0.70900 -0.86386 -0.81546 -0.83577 1.96052 10
-1.17308 0.42985 1.22049 0.39340 0.23051 -0.64680 -0.22112 -0.14247 10
0.58382 -0.70313 0.26701 2.57893 1.46731 1.13604 1.63592 3.51971 10
0.61876 -0.73122 1.85614 -0.52886 -0.87098 -0.78985 -0.88547 5.85814 10
0.53890 -0.74059 1.06158 -0.32901 -0.76415 -0.70067 -0.72069 5.85814 10
0.49398 -0.70782 1.06158 -0.87906 -0.94457 -0.97264 -0.96393 1.33230 10
-1.48253 1.08998 0.34647 -0.04665 -0.10184 -0.37924 -0.13219 0.23035 10
-1.43262 1.01507 1.85614 0.23526 0.42992 -0.24767 0.41446 0.39705 10
-1.20302 0.75757 -0.76592 -0.86210 -1.05614 -1.02297 -1.04763 5.85809 10
-1.24794 0.80439 0.50538 -0.48439 -0.77840 -0.75541 -0.79392 2.48346 10
-1.28288 0.84653 1.85614 0.22059 -0.16593 -0.27504 -0.20542 1.47642 10
