-0.09498 0.51412 0.82321 -0.49631 -0.41519 0.02077 -0.41467 -1.27842 1
0.27437 -0.10387 0.98212 -0.19012 -0.05198 -0.28211 -0.06942 -1.00045 1
-0.00015 0.21449 -1.79885 -0.28454 -0.29650 -0.38277 -0.47221 -0.77995 1
-0.40443 0.52817 -1.32211 -0.78096 -0.69768 -0.33774 -0.67099 -1.29847 1
0.14460 0.32685 -1.48102 -0.72642 -0.57187 -0.44017 -0.58991 -1.62682 1
-0.93849 1.36152 0.98212 -0.62237 -0.54575 -0.51788 -0.57422 -1.26352 1
-0.45934 0.78098 1.69722 -0.75667 -0.54338 -0.71038 -0.65268 -1.34653 1
1.12287 -0.73591 1.85614 -0.84055 -0.89709 -0.76071 -0.96393 -0.90091 1
1.69686 -0.91849 -0.84537 0.43511 0.62220 2.16124 0.75448 -0.68389 1
1.27260 -0.34732 0.02865 0.21784 0.29223 0.09230 0.28368 -0.54877 1
-0.02011 0.44389 0.02865 -0.60678 -0.61222 -0.56291 -0.59776 -0.61757 1
-0.72886 0.94952 0.18756 -0.80159 -0.76178 -0.71656 -0.78607 -0.90423 1
0.27936 0.18172 -0.92483 0.58637 0.48452 0.30246 0.49293 -0.78727 1
-0.68893 0.91675 1.14103 -0.49265 -0.43656 -0.49757 -0.43821 -1.06540 1
-0.72387 0.93548 0.50538 -0.47889 -0.41282 -0.11963 -0.38590 -1.21415 1
-2.27613 2.41491 0.02865 -0.07415 -0.20154 -0.26092 -0.18973 -0.51972 2
-0.35951 0.58435 0.42593 -0.57057 -0.57187 -0.42604 -0.57160 -0.76258 2
0.66867 -0.80613 0.42593 -0.72229 -0.62172 -0.18586 -0.65268 -0.94234 2
-0.89856 1.41770 -1.56048 0.25130 0.57235 0.44463 0.70479 -0.78232 2
-0.63902 0.67330 -1.00428 -0.38539 -0.41756 0.19120 -0.41728 -0.70237 2
0.64871 -0.79677 0.74375 -0.25796 -0.08997 0.20444 -0.07726 -1.40059 2
1.23268 -1.38199 -0.68646 -0.74429 -0.63834 -0.51964 -0.67884 -0.95897 2
0.67366 -0.80613 0.18756 -0.94644 -0.91371 -0.51611 -0.89331 -0.66073 2
0.03978 0.68735 -0.36864 -0.04756 0.04060 0.12232 0.01951 -0.80785 2
-1.38770 1.08998 0.42593 -0.55361 -0.48166 -0.13552 -0.47221 -0.69721 2
0.65869 -0.78741 1.53831 -0.39868 -0.27038 0.20268 -0.20804 -1.52413 2
0.06474 1.35684 -0.68646 -0.30838 -0.24664 -0.65651 -0.59252 -1.20483 2
1.23767 -0.73122 -0.36864 1.66126 1.74031 1.50691 1.80331 -0.71326 2
-1.35276 1.02911 1.85614 -0.51556 -0.35109 -0.46313 -0.25250 -1.29505 2
-0.88858 1.41770 -0.36864 0.31043 0.54861 0.18148 0.47462 -0.69221 2
-1.33779 2.35405 -1.08374 0.06199 0.01923 -0.00219 0.01428 -0.12073 3
0.04477 0.40644 0.26701 0.37369 0.20677 0.47907 0.19475 -0.48177 3
0.68365 -0.73591 0.90266 -0.66683 -0.48166 0.01371 -0.42513 -0.92486 3
1.06298 -0.72186 -1.32211 0.44107 0.68867 1.02654 0.73617 -0.78727 3
-1.03831 1.65179 -1.00428 1.09379 1.34150 0.58415 1.19389 -0.77606 3
1.56708 -0.85295 -1.63993 1.86753 1.91123 0.56825 0.73617 -0.18337 3
1.25763 -0.75932 -0.13027 1.30556 1.58363 1.07688 1.65161 -0.88323 3
-1.67219 1.60029 -1.00428 -0.49860 -0.57662 -0.72451 -0.65268 -0.16079 3
1.24266 -1.35858 0.58484 0.31868 0.24950 0.42167 0.32030 -0.09120 3
0.94319 -0.75932 -0.68646 2.14989 2.41450 3.79043 2.71614 -0.34918 3
-1.33779 1.01039 1.69722 -0.91985 -0.83062 -0.60353 -0.79392 -0.64473 3
-0.86362 1.42238 -0.44809 -0.22495 -0.46979 -0.35628 -0.39374 0.17529 3
-0.21477 1.51602 -1.32211 -0.54948 -0.64071 -0.90994 -0.92993 0.18651 3
1.31753 -1.32581 -0.76592 -0.35238 0.00024 -0.18233 -0.08249 -0.94860 3
-1.38271 1.08998 -1.08374 1.76531 2.79907 1.75063 2.77368 -0.87986 3
0.63872 -0.77804 1.53831 0.23067 0.11656 -0.09402 0.01690 -0.18416 4
-1.31283 1.01039 1.22049 -0.46514 -0.20391 -0.06312 -0.02234 -0.65884 4
-1.26791 0.96825 -0.76592 0.02624 0.59609 0.29981 0.58709 -0.76327 4
0.84336 -0.88572 0.18756 -0.69479 -0.57424 0.25831 -0.60560 -0.55951 4
0.57883 -0.64695 0.34647 -0.82909 -0.82113 -0.39249 -0.82531 -0.64626 4
0.68365 -0.87168 -0.52755 -0.69571 -0.23952 -0.20793 -0.26297 -0.99534 4
-0.67895 0.94952 -1.48102 2.25990 1.92310 1.59080 1.82947 0.45969 4
-0.87361 1.39897 0.34647 -0.79655 -0.82587 -0.84372 -0.78084 -0.62162 4
-0.71888 0.94484 1.45886 -0.42297 -0.48403 -0.75541 -0.52975 -0.88101 4
1.23767 -1.40540 0.34647 -0.92398 -0.89472 -0.88787 -0.87762 -1.06798 4
-1.53244 1.22107 0.90266 -0.30334 -0.30362 -0.34127 -0.26558 -0.04157 4
1.24266 -1.41008 -1.00428 1.17172 2.00144 1.62083 2.14856 -0.84333 4
-0.68394 1.67988 -1.32211 -0.60266 -0.64071 -0.67506 -0.69976 0.07134 4
-1.82193 1.65179 0.26701 -0.68150 -0.83300 -0.81811 -0.76253 -0.11157 4
-0.84366 1.15084 0.50538 -0.78188 -0.83537 -0.79515 -0.78084 -0.95176 4
0.61876 -0.77804 1.22049 -0.05031 0.09757 -0.00219 0.19214 -0.70237 5
0.24941 1.01507 -1.32211 -0.41243 -0.44130 -0.96734 -0.98486 -0.17963 5
0.61876 -0.74527 0.34647 -0.38034 -0.22290 -0.23354 -0.27866 -0.67268 5
0.92322 -0.93722 -1.08374 -0.58386 -0.67157 -0.92496 -0.77823 -1.03729 5
1.20273 -1.36326 -0.36864 -0.64345 0.29698 -0.21323 0.33076 -1.49044 5
-1.25294 0.94484 0.50538 -0.37713 -0.34397 -0.29359 -0.32835 -0.09942 5
0.82839 -0.74527 -1.08374 2.80216 2.90352 3.40190 3.11632 0.40095 5
0.73855 -0.77336 0.82321 -0.77913 -0.81638 -0.64857 -0.75469 -0.09641 5
0.98811 -0.70313 -1.48102 8.07990 8.01690 7.32080 8.48603 -0.01062 5
-0.78376 0.88398 0.66429 -0.58570 -0.72854 -0.74128 -0.74684 -0.37170 5
0.67366 -0.70313 1.45886 -0.48164 -0.27988 -0.42074 -0.34928 -0.61104 5
-0.93849 1.37088 1.85614 0.35948 0.04060 -0.10992 0.07967 0.09002 5
0.73855 -0.79677 0.66429 -0.31434 -0.43181 -0.21411 -0.42251 0.14434 5
0.83837 -0.72186 0.66429 -0.37713 -0.34160 -0.28741 -0.32574 -0.22390 5
0.59879 -0.67973 0.50538 0.14358 0.60796 0.60092 0.64463 -0.49893 5
1.16779 -0.96531 -1.79885 5.08258 4.10946 3.91582 3.88790 0.04791 6
0.18952 -0.69377 0.18756 0.70555 1.10648 1.66409 1.18866 -0.35360 6
-1.27789 0.85589 0.18756 -0.17820 0.08333 0.25213 0.02997 -0.31923 6
-1.54242 1.33343 -1.00428 0.04045 0.13081 -0.26621 0.22614 -0.55040 6
1.26761 -1.34922 -0.36864 2.40337 2.65189 2.18332 2.70568 -0.41108 6
1.32751 -0.89977 -0.76592 1.91199 1.48630 1.12809 1.45283 -0.37455 6
1.02804 -0.69845 -0.60700 -0.08286 -0.37246 -0.29270 -0.45128 0.40690 6
-0.76879 0.99634 -0.52755 -0.01364 -0.30124 -0.15319 -0.26820 0.16456 6
-0.54419 -0.16005 -1.00428 -0.16674 0.21627 0.23270 0.39092 -1.14093 6
0.89327 -0.89977 -1.95776 -0.76171 -0.72617 -0.88080 -0.77561 0.39132 6
-0.62904 0.87930 -1.24265 0.53137 0.15692 0.18855 0.28630 0.41732 6
0.51394 -0.66568 0.26701 -0.01960 0.06671 0.15058 0.12413 0.06207 6
1.21271 -1.15726 -1.00428 -0.44727 -0.71668 -0.61148 -0.74684 0.95626 6
0.84336 -0.90445 -1.00428 -0.51831 -0.42706 -0.52141 -0.41990 -0.03567 6
0.72357 -0.81081 0.50538 0.38606 0.45603 0.40577 0.45369 -0.49119 6
0.15458 -0.63759 0.90266 -0.04940 0.08095 -0.09491 0.12937 -0.12073 7
-1.12816 0.76225 -1.71939 0.44611 0.50588 0.27685 0.47723 0.33299 7
0.99310 -0.92318 -1.95776 0.30676 0.25188 0.23623 0.25491 0.72587 7
0.60878 -0.68441 1.06158 -0.47294 -0.50302 -0.53995 -0.44605 0.30010 7
0.85335 -0.82486 -0.76592 -0.47889 -0.61460 -0.47196 -0.68668 0.94042 7
-1.50749 1.31002 -0.68646 0.07116 0.01923 -0.56556 0.03259 -0.21822 7
1.30255 -0.94190 -1.63993 -0.74842 -0.88047 -0.91612 -0.94039 0.22162 7
0.72857 -0.84359 0.58484 -0.53802 -0.72380 -0.67241 -0.73115 0.65608 7
0.69363 -0.46905 -0.76592 0.42456 0.16167 0.22210 0.20522 0.15087 7
-0.15487 -0.56268 -1.16320 -0.07507 0.34921 -0.11786 0.31768 -0.29901 7
0.72357 -0.86231 1.14103 -0.53390 -0.56237 -0.58146 -0.49313 0.24267 7
-1.00338 0.64521 1.22049 0.25497 0.06434 0.01194 0.17906 0.26246 7
1.33250 -1.12917 -1.40157 0.68584 0.55811 0.51792 0.53216 -0.35797 7
-0.56415 -0.16473 -1.16320 0.51899 0.34208 0.40489 0.43015 0.38763 7
0.51394 -0.65632 0.02865 -0.40464 -0.46504 -0.09491 -0.43559 0.13387 7
0.61377 -0.81550 0.58484 -0.11174 -0.22290 -0.07018 -0.14265 1.12544 8
-1.27290 0.99166 0.34647 -0.37897 -0.65733 -0.54525 -0.73376 1.57348 8
0.63872 -0.68441 -0.92483 0.55749 1.25366 1.37799 1.29067 -0.80138 8
-1.21301 1.02443 -0.68646 -0.19699 -0.18967 -0.44105 -0.17665 0.38610 8
-1.48253 0.93080 0.50538 -0.52932 -0.61935 -0.59912 -0.64222 0.29367 8
-1.16809 0.95889 -0.68646 -0.38126 -0.67395 -0.52494 -0.62653 1.21397 8
1.28259 -1.38667 -1.00428 -0.18233 -0.54813 -0.37394 -0.51406 1.44415 8
-1.32780 0.86525 0.34647 0.21646 0.63407 0.41460 0.56878 -0.29959 8
1.16779 -1.32113 -0.05081 -0.51694 -0.65258 -0.37924 -0.60822 -0.03583 8
-1.63227 1.14148 0.18756 -0.35651 -0.40569 -0.63974 -0.52975 -0.02304 8
-1.34777 1.05252 1.22049 -0.17591 0.12843 -0.38542 0.13198 -0.45134 8
-1.32281 1.01975 1.85614 -0.30471 -0.48166 -0.58322 -0.50098 1.39541 8
-0.13990 -0.55800 -0.05081 -0.39914 -0.56237 -0.22294 -0.52975 1.13428 8
-1.46257 0.99634 1.37940 -0.52473 -0.60035 -0.51611 -0.50621 0.34857 8
-1.25294 0.83248 -0.68646 -0.33909 -0.19442 -0.31478 -0.16619 0.42995 8
1.18276 -1.09640 -1.32211 1.70618 1.52903 1.19432 1.36129 0.08687 9
0.87830 -0.91849 -1.56048 0.29484 -0.01875 0.01901 0.02736 1.88830 9
0.80343 -0.89977 -0.76592 -0.46377 -0.75228 -0.56821 -0.71022 0.38189 9
-1.14313 0.96825 -1.24265 3.20186 1.91360 2.61689 2.33165 1.48015 9
-1.11817 0.83248 -0.28918 -0.06406 -0.44368 -0.34569 -0.34666 1.67580 9
-1.36274 1.07125 0.26701 0.59921 0.15929 0.08700 0.29938 1.15644 9
-1.32281 0.85589 0.66429 -0.02281 -0.10184 -0.19204 0.00644 0.23725 9
0.66368 -0.73591 0.34647 -1.02940 -0.80451 -0.87462 -0.80177 -1.40685 9
0.71858 -0.71250 1.29994 -0.39226 -0.59086 -0.59205 -0.44867 0.50233 9
-1.22299 0.80439 -0.52755 0.26734 0.51775 0.04726 0.43800 0.14561 9
0.90326 -0.70313 -1.63993 6.47375 4.12133 5.14236 4.33254 1.90177 9
0.56386 -0.52991 -1.87830 -0.51419 -0.75466 -0.06223 -0.74423 2.24428 9
0.59380 -0.77804 1.14103 0.03632 -0.18967 -0.24237 -0.17142 1.90493 9
0.87830 -0.82018 -0.76592 0.15229 -0.08284 0.00399 -0.10603 0.77019 9
0.63872 -0.59545 0.42593 -0.97761 -1.04190 -1.01591 -1.12871 0.35710 9
-1.28288 1.05252 0.42593 1.99404 1.32488 1.27114 1.63330 1.24055 10
0.89827 -0.82018 -1.63993 1.02595 0.21152 0.56913 0.31245 2.23233 10
1.19275 -1.37731 1.53831 0.05878 -0.11133 -0.39514 -0.13219 0.66018 10
1.26262 -1.27899 -1.79885 1.78273 0.68393 1.51928 0.80156 2.85034 10
1.19275 -1.34453 1.85614 -0.28088 -0.56237 -0.68565 -0.56114 0.45737 10
-1.26791 0.83248 0.50538 0.03495 -0.26089 -0.30153 -0.19496 1.71991 10
0.84336 -0.73591 -0.44809 1.85791 1.39135 1.46188 1.43191 1.08154 10
0.64372 -0.71250 0.74375 0.83298 1.46731 0.35721 1.56791 -0.13294 10
0.56386 -0.74059 0.26701 -0.34642 -0.24427 -0.55408 -0.21589 0.44227 10
0.52393 -0.74527 1.06158 -0.75300 -0.96831 -0.93379 -0.95608 3.65167 10
0.58881 -0.82018 0.18756 -0.54444 -0.69768 -0.72274 -0.62914 2.25317 10
0.56885 -0.82486 0.98212 -0.81993 -0.86623 -0.95498 -0.86193 1.55348 10
0.57883 -0.73591 1.14103 1.08096 1.23230 0.35721 1.22789 0.87452 10
0.52892 -0.74527 0.90266 -0.57469 -0.88047 -0.83224 -0.84100 4.12345 10
-1.25793 0.80439 0.10810 -0.51969 -0.83537 -0.81634 -0.83577 3.23990 10
