0.29433 -0.11792 0.42593 -0.74063 -0.69056 -0.55673 -0.71022 -1.18204 1
1.80167 -1.09172 -0.13027 -1.06057 -1.08463 -1.15984 -1.15748 -1.44523 1
-1.51248 1.54411 -1.00428 -0.44864 -0.35109 -0.75365 -0.51929 -1.26010 1
0.16955 0.07404 0.18756 0.10370 0.16167 0.91970 0.26276 -0.82017 1
-1.02334 1.63774 0.98212 -0.68241 -0.70006 -0.74393 -0.68145 -0.85670 1
1.70684 -0.93254 -1.48102 -0.42389 -0.09234 0.41549 -0.14788 -1.16588 1
-1.12316 1.91397 1.06158 0.15687 0.37057 0.40048 0.46939 -1.24447 1
-2.26615 2.48046 -0.28918 -0.11174 -0.15169 -0.11257 -0.10080 -0.19111 1
-0.48928 0.62648 1.06158 -0.39868 -0.46029 -0.30153 -0.46175 -0.81122 1
-1.39269 2.35405 -0.92483 0.06886 0.05009 0.09053 0.04567 -0.97839 1
-2.32105 2.85500 -0.05081 0.16833 0.38244 0.09230 0.40138 -1.14057 1
1.10790 -0.68441 -0.05081 -0.33496 -0.39383 0.04815 -0.41467 -0.46650 1
-0.10496 0.57030 -1.32211 -0.84972 -0.88285 -1.00090 -0.87762 -0.54914 1
-0.83368 1.09934 0.34647 -1.00190 -0.98493 -1.05035 -1.03717 -1.40764 1
-1.52745 1.54879 -0.84537 0.55383 1.02339 0.35897 0.90357 -1.44523 1
-0.53420 0.81844 -0.76592 -0.17407 -0.21103 0.03843 -0.16881 -0.71468 2
-0.63902 0.67330 -1.00428 -0.38539 -0.41756 0.19120 -0.41728 -0.70237 2
-1.41265 2.31191 -0.44809 -0.60266 -0.66208 -0.59735 -0.72592 -1.16625 2
1.30754 -0.88572 -0.84537 -0.29325 -0.31549 -0.13729 -0.26035 -0.61183 2
-1.29786 0.99166 0.66429 -0.57607 -0.59561 -0.52141 -0.62914 -0.72347 2
1.26262 -0.74995 0.02865 0.33885 0.61033 0.29539 0.52170 -0.61473 2
-0.98341 1.24447 1.45886 -0.56828 -0.67395 -0.70243 -0.73638 -0.53114 2
-0.94348 1.33343 -1.63993 0.43877 0.28748 0.25124 0.07967 -0.18316 2
0.63373 -0.77336 1.85614 -0.57974 -0.52914 -0.38807 -0.58206 -0.48819 2
-1.25294 2.08719 -0.76592 -0.01135 -0.08284 -0.21235 -0.04326 -0.79216 2
0.65370 -0.79209 0.98212 -0.51602 -0.30362 -0.01543 -0.28912 -1.16888 2
1.30754 -0.87636 -1.48102 1.95004 2.76346 1.51486 2.48859 -1.13841 2
0.67366 -0.80145 -0.44809 -0.78371 -0.30599 0.38017 -0.23943 -0.91275 2
-0.81371 1.01507 0.66429 -1.06562 -1.13211 -1.10774 -1.16533 0.11924 2
0.67366 -0.82018 0.66429 -0.68150 -0.61222 -0.36158 -0.65268 -0.91886 2
0.83338 -0.88572 -0.36864 0.13579 0.99016 3.61206 1.07619 -0.58804 3
0.66867 -0.82018 0.98212 -0.31846 -0.40569 -0.19557 -0.46175 -0.43634 3
0.65370 -0.75463 1.37940 -0.63566 -0.42943 0.16029 -0.44082 -0.94765 3
0.24442 -0.13664 -1.00428 -0.50456 -0.71193 -0.58057 -0.68930 0.82862 3
-0.55916 1.31470 -1.24265 -0.53298 -0.64783 -0.73157 -0.71022 0.22162 3
-0.44436 1.15084 -1.00428 0.51441 0.42042 0.31041 0.30199 -0.45829 3
0.24442 -0.12728 -1.32211 1.74469 1.37236 1.36033 1.54961 0.37289 3
0.61876 -0.74995 1.37940 -0.14841 0.20677 0.11172 0.27060 -1.17262 3
0.60379 -0.74527 0.42593 0.27651 0.63645 0.79961 0.69432 -0.95634 3
1.18276 -0.70313 -1.16320 0.62442 0.41093 0.07375 0.43277 -0.24048 3
0.90326 -0.73122 1.53831 -0.67783 -0.69056 -0.66093 -0.73638 -0.53230 3
-1.33779 2.32596 -1.00428 0.05374 -0.10421 -0.01013 -0.10603 -0.02020 3
0.92322 -0.72654 0.42593 0.04870 -0.11133 0.29628 -0.00926 -0.32770 3
-0.88858 1.43643 -1.87830 5.39886 5.79493 5.45936 6.10065 -0.15289 3
0.64372 -0.75932 0.42593 -0.15161 0.56286 0.90469 0.62893 -1.13504 3
-0.83368 1.47388 -0.84537 -0.95652 -0.93745 -1.03887 -0.95085 -1.57992 4
-1.42264 0.92612 -0.92483 -0.73146 -0.25139 -0.66799 -0.24727 0.14771 4
0.83338 -0.70782 0.34647 -0.49540 -0.41994 0.12850 -0.29697 0.09592 4
0.78347 -0.73122 0.42593 -0.43076 -0.19442 0.16206 -0.19235 -0.85306 4
0.97313 -0.55800 -1.79885 2.86404 2.72785 2.06764 2.18257 -0.14300 4
-1.38271 1.08061 1.45886 -0.14795 -0.24902 -0.42251 -0.18188 0.03755 4
-1.19304 1.26788 -1.16320 0.18300 0.33734 0.15146 0.42754 -0.14058 4
-0.86362 1.41302 -0.20972 0.25497 -0.21578 -0.25915 -0.21327 0.34589 4
0.69363 -0.79677 0.50538 -0.77180 -0.63359 -0.42074 -0.62391 -0.75848 4
-1.33279 1.16020 1.85614 -0.24054 -0.54101 -0.57704 -0.46175 0.47601 4
0.69363 -0.81081 0.18756 -0.04573 0.15455 1.05922 0.19999 -0.41044 4
0.56885 -0.62823 0.74375 -0.64116 -0.56949 -0.31125 -0.54021 -0.10426 4
0.56386 -0.62354 0.74375 -0.47706 -0.53151 -0.21588 -0.45128 -0.24774 4
0.71359 -0.75932 1.06158 -0.30379 -0.06623 0.36692 0.00644 -0.70431 4
0.67366 -0.85763 0.58484 -0.61916 -0.45317 -0.11875 -0.42513 -0.05257 4
0.83338 -0.85763 -0.52755 0.15046 0.69105 1.07158 0.71002 -0.73026 5
0.82340 -0.82486 0.34647 -0.47614 -0.31311 0.40842 -0.20019 -0.42934 5
-0.42939 -0.34732 0.10810 -0.30104 -0.46504 -0.37659 -0.46959 0.60949 5
0.75851 -0.78272 0.66429 -0.00631 0.27087 1.19432 0.37784 -0.47334 5
0.67865 -0.85295 1.14103 -0.79334 -0.80451 -0.58410 -0.77300 -0.28912 5
0.81342 -0.79677 0.34647 -0.39684 -0.39857 -0.07018 -0.34928 0.11192 5
1.22269 -1.16663 -1.00428 -0.42435 -0.63122 -0.35363 -0.60822 0.15445 5
0.74354 -0.80613 0.10810 0.28568 0.95930 1.16430 1.03434 -0.53156 5
0.64871 -0.82954 0.34647 -0.43581 -0.48641 0.05168 -0.47482 0.25372 5
-1.54742 1.31470 0.26701 0.52037 0.48214 0.31835 0.57924 -0.33117 5
1.19774 -0.70782 -2.03721 5.98604 4.05961 4.11009 3.71528 1.23545 5
-0.54918 -0.07110 -0.84537 -0.13603 -0.22528 -0.29006 -0.21850 -0.27733 5
1.57707 -0.88572 -0.92483 0.75780 0.84298 -0.41280 -0.15573 -0.73942 5
0.81841 -0.83422 0.34647 -0.06727 0.01923 0.38105 -0.14527 -0.48598 5
-1.34777 1.01507 0.82321 -0.42206 0.20202 -0.08696 -0.08511 -1.06482 5
1.26262 -1.40540 -0.20972 0.05511 -0.27513 -0.22913 -0.26558 0.66571 6
-0.70890 1.67988 -1.00428 -0.52198 -0.62409 -0.60795 -0.67099 -0.51398 6
0.79345 -0.85295 -0.84537 0.51120 0.80737 0.75545 0.82510 -0.07926 6
0.60379 -0.65632 -1.08374 -0.06911 0.48452 0.50202 0.44585 -0.54604 6
0.71359 -0.81550 0.34647 0.10599 0.58897 0.30776 0.53739 -0.49556 6
0.69862 -0.44564 -1.24265 1.24002 0.55811 0.76164 0.58709 1.47726 6
0.74853 -0.82954 -0.05081 -0.38814 -0.44130 -0.06930 -0.44344 -0.23459 6
0.73356 -0.76868 0.18756 -0.76584 -0.76178 -0.72981 -0.76777 -0.60557 6
-0.80872 2.15273 -1.48102 -0.48760 -0.72617 -1.04063 -1.03455 1.03938 6
-1.18805 0.88398 0.34647 0.62258 0.53674 1.14399 0.68909 0.71592 6
-1.25294 1.10402 -0.76592 0.92649 0.47740 0.43138 0.60801 0.62123 6
-0.45435 -0.28646 -0.92483 0.03907 -0.14457 0.21769 -0.01972 -0.46892 6
0.71858 -0.81550 0.34647 0.47315 0.78125 0.83228 0.90357 -0.51588 6
0.65370 -0.70313 0.66429 -0.57424 -0.16118 -0.21235 -0.12696 -0.72147 6
-0.63403 -0.14132 -1.08374 0.29347 0.31360 0.08347 0.29676 -0.12079 6
0.72357 -0.73591 -0.44809 -0.66270 -0.45317 -0.40662 -0.45128 -0.86564 7
0.74853 -0.72654 0.74375 -0.07965 0.03585 0.36869 0.10059 -0.33660 7
0.71359 -0.82954 1.22049 -0.54994 -0.66682 -0.60088 -0.69715 0.39705 7
0.76350 -0.85295 -0.13027 0.16237 -0.05436 0.37398 -0.00664 0.95479 7
0.78846 -0.82486 -0.92483 -0.13832 -0.00213 0.20886 0.09275 -0.45055 7
0.65370 -0.70313 -0.28918 0.26230 1.36049 1.25172 1.32205 -0.63341 7
1.39239 -1.23217 -1.71939 4.51236 3.34269 3.24649 3.13201 0.86299 7
-1.41265 0.93080 1.22049 -0.46606 -0.41756 -0.31920 -0.43036 0.08060 7
-1.32281 1.14148 -1.95776 5.96725 4.40620 4.94456 4.36393 1.02453 7
-1.18306 0.79034 1.37940 -0.08469 -0.15644 -0.23178 -0.13480 0.51648 7
-1.21301 1.09934 0.26701 -0.74384 -0.87573 -0.87374 -0.85408 0.65329 7
0.53391 -0.67504 0.50538 0.03861 -0.11371 -0.23619 -0.14265 0.63634 7
-1.43761 0.96825 1.37940 -0.20295 -0.09234 0.34308 -0.02757 0.07465 7
0.64871 -0.72186 1.85614 -0.71358 -0.74991 -0.87109 -0.78084 0.39705 7
0.80842 -0.91381 -0.13027 -0.41426 -0.55762 -0.27416 -0.50098 0.87404 7
-1.30285 1.01039 0.82321 -0.92535 -1.05140 -1.05035 -1.02932 0.73014 8
0.52892 -0.56268 -1.08374 2.69261 1.70945 2.03762 1.91840 1.17776 8
-1.36773 0.91207 1.22049 -0.29600 -0.22765 -0.25120 -0.19758 0.05207 8
-1.46756 1.04784 -0.60700 0.58133 1.04951 0.46229 1.09712 -0.53093 8
0.16955 -0.55800 0.42593 0.25542 0.29935 0.00753 0.33338 -0.73321 8
-0.08001 -0.56268 -0.13027 -0.54444 -0.31786 -0.39514 -0.42251 -0.82517 8
-1.22798 0.62648 1.85614 -1.02344 -1.10599 -1.08213 -1.11563 -1.14662 8
-1.46257 0.98698 1.22049 -0.25383 -0.16118 -0.23972 -0.25250 0.25814 8
-1.28787 0.98230 1.85614 -0.73696 -0.97068 -0.97882 -0.93254 0.54891 8
-1.35775 1.06189 1.61777 -0.62007 -0.71193 -0.75011 -0.68930 -0.28285 8
0.56386 -0.68441 0.02865 0.02257 0.24713 -0.30065 0.26014 -0.31286 8
0.20449 -0.70782 -0.92483 -1.10549 -1.11074 -1.12894 -1.12086 -0.13368 8
0.74354 -0.69845 1.06158 0.02486 0.12131 -0.24414 0.09275 0.00491 8
0.38417 -0.66568 -1.00428 -0.53619 -0.81163 -0.67506 -0.75992 1.27308 8
-1.06327 0.39708 -0.76592 -0.22266 -0.13982 -0.32979 -0.18712 -0.19306 8
1.18276 -1.09640 -1.32211 1.70618 1.52903 1.19432 1.36129 0.08687 9
1.16280 -1.35390 1.22049 -0.43535 -0.60035 -0.63002 -0.52714 0.08218 9
0.88329 -0.91849 -1.87830 -0.06819 -0.35584 -0.24590 -0.26820 2.32302 9
0.94818 -0.91849 -1.87830 3.62036 3.55397 2.85265 3.56619 1.00485 9
0.59879 -0.72654 -0.05081 0.79768 1.57651 0.37222 1.64377 -0.63131 9
1.32751 -1.33517 -1.08374 0.65192 -0.06385 0.13645 -0.06942 1.91035 9
0.58382 -0.74995 -0.36864 -0.70350 -0.52202 -0.82517 -0.55591 -0.34133 9
0.44407 -0.60950 1.29994 -1.15271 -1.21757 -1.19958 -1.23595 -0.46771 9
-1.45757 1.00571 1.06158 0.03999 0.09757 -0.00572 0.05090 -0.11989 9
0.60379 -0.84827 -0.05081 -1.17746 -1.24131 -1.21547 -1.27780 1.19234 9
-1.16809 0.78566 1.37940 0.19079 0.11656 -0.04634 0.23660 0.45164 9
0.84835 -0.88104 -0.20972 -1.01978 -1.00629 -0.86314 -1.05809 -1.14157 9
-0.56415 -0.14601 1.37940 -1.15408 -1.23656 4.50922 -1.27257 0.20698 9
0.88828 -0.83891 -1.56048 3.59744 2.52844 2.27780 2.40489 2.38045 9
-1.45757 0.98230 0.82321 -0.32030 -0.47929 -0.60353 -0.50360 0.69924 9
0.56885 -0.75932 -0.13027 0.22792 1.14684 0.72102 1.31421 -0.61778 10
-1.42264 1.01507 1.85614 -0.39364 -0.12320 -0.43576 -0.18973 -0.26654 10
-1.48253 1.05720 0.34647 1.07042 0.70766 0.42520 0.77279 1.18792 10
0.53890 -0.74995 0.18756 1.06033 1.79254 0.49408 1.94717 0.20072 10
-1.27789 0.84184 0.90266 0.37506 0.26137 0.06404 0.38569 0.70571 10
-1.02334 0.23790 -0.28918 -0.87539 -0.62647 -0.89582 -0.74684 -0.33328 10
-1.47255 1.08530 0.34647 0.83069 0.22101 0.22034 0.33599 2.11585 10
0.82340 -0.94190 0.66429 -0.27400 -0.37721 -0.51964 -0.31005 0.72161 10
-1.21301 1.03380 -1.00428 2.31262 0.96879 1.19344 1.06835 2.97735 10
0.61377 -0.70313 1.29994 -0.11953 -0.28700 -0.59558 -0.23419 1.47552 10
0.57883 -0.74995 0.58484 0.19125 0.23051 -0.16908 0.20260 0.68061 10
0.85335 -0.93722 -0.92483 0.21050 0.03110 -0.22118 0.09013 0.75756 10
-1.34777 0.86525 -0.20972 0.41540 -0.07335 -0.02956 0.06398 2.44640 10
-1.20801 0.75757 -0.52755 0.73534 -0.01400 0.04815 0.03782 3.88227 10
0.08969 -0.61418 -0.76592 0.27605 0.21627 -0.20352 -0.14788 0.51401 10
