-0.40443 2.50387 -0.13027 -0.85201 -0.83774 -0.97794 -1.00578 -1.15136 1
1.14283 -0.23496 0.26701 -0.90060 -0.88285 -0.50287 -1.00840 -0.64373 1
-0.98840 1.61901 0.18756 -0.41610 -0.41044 -0.22824 -0.30220 -1.25005 1
0.27936 -0.12728 0.58484 0.01019 0.20915 0.05698 0.07705 -1.39748 1
-2.26115 2.27914 1.06158 -0.11724 0.03585 -0.11080 0.01167 -1.11235 1
1.67190 -0.89509 -0.05081 -0.82955 -0.66445 -0.39425 -0.66576 -1.13351 1
-0.09498 0.50944 -0.36864 -0.63978 -0.64783 -0.34480 -0.69976 -0.52409 1
-1.31283 1.82033 0.82321 -0.03885 -0.13270 -0.21588 -0.16358 -0.95176 1
1.11788 -0.70782 0.34647 -0.78051 -0.75703 -0.51876 -0.75469 -1.33116 1
-0.03009 0.33153 -0.20972 -0.53757 -0.65733 -0.64150 -0.73376 -0.16690 1
-1.32780 1.92801 -1.00428 -0.27950 -0.33685 -0.34834 -0.30743 -1.01755 1
-1.35775 2.22764 -0.92483 -0.43718 -0.48878 -0.47549 -0.48006 -1.06687 1
-1.37272 2.24169 -0.92483 0.17567 0.09520 0.09936 0.11890 -0.56725 1
-0.14988 0.54221 -1.63993 0.10966 0.02398 0.25831 0.13460 -0.11500 1
-1.40267 2.76604 -1.16320 0.83298 0.61508 0.34573 0.48508 -0.59157 1
-1.41265 2.37746 -0.52755 -0.11265 -0.12795 -0.26003 -0.12434 -0.90791 2
-2.36098 2.88777 -0.76592 0.01661 0.03348 -0.11257 -0.05634 -0.99534 2
1.29756 -0.88572 0.18756 0.03495 0.21389 0.08258 0.33861 -1.01519 2
-1.11318 1.87651 -0.28918 -0.19883 -0.27513 -0.27946 -0.25250 -0.54746 2
1.21770 -1.36794 1.06158 -0.68333 -0.53151 -0.27504 -0.50360 -1.37343 2
-1.03831 1.63774 -1.40157 1.00716 0.96405 0.80402 0.89310 -0.62452 2
-0.42440 1.30534 -0.84537 0.12662 0.29698 -0.37659 -0.23158 -0.59809 2
0.03978 0.68735 -0.36864 -0.04756 0.04060 0.12232 0.01951 -0.80785 2
-1.03332 1.62838 -0.84537 0.26413 0.00974 0.34573 0.02213 -0.25864 2
-0.69392 0.94484 0.42593 -0.42893 -0.50540 -0.40043 -0.45390 -0.74858 2
1.55710 -0.85763 -1.56048 1.32848 1.58601 0.75722 1.32990 -0.13400 2
-1.13814 1.10870 -0.36864 -0.16812 0.10944 -0.16466 0.11106 -0.96302 2
0.70860 -0.43159 0.58484 -0.59486 -0.68344 -0.63267 -0.65268 -0.16221 2
-0.93849 1.33343 -0.05081 0.06611 -0.06623 0.18766 0.08752 -0.48087 2
-0.19480 1.54879 -0.13027 -0.52427 -0.34397 -0.62561 -0.64222 -1.04224 2
-0.90355 1.41302 0.42593 -0.83001 -0.86623 -0.94526 -0.96655 -0.36049 3
-0.85863 1.12275 -1.71939 -0.28179 -0.23003 0.16736 -0.24466 -0.67715 3
1.07795 -0.78272 -0.13027 -0.13511 -0.28463 -0.13552 -0.22112 -0.44734 3
-1.38770 1.08530 1.06158 -0.52748 -0.58848 -0.40132 -0.51406 -0.13752 3
-0.89856 1.39897 1.14103 -0.71450 -0.80451 -0.86403 -0.83054 -0.45097 3
1.05798 -0.80613 0.02865 -0.14474 -0.27513 -0.05958 -0.22112 -0.07231 3
1.05798 -0.71250 -1.71939 1.70527 1.67621 2.31930 1.73792 -0.50503 3
1.51218 -0.85295 0.18756 1.91520 2.79195 1.06187 2.20088 -0.92276 3
1.14783 -0.57673 -1.63993 1.56134 1.04713 1.41773 1.28544 -0.27733 3
-0.64401 0.88398 -1.56048 3.32288 3.16465 3.48491 3.51388 -0.20453 3
0.70860 -0.68441 1.37940 -0.03794 0.04772 0.27773 -0.01972 -0.97002 3
-0.62904 1.45515 -0.92483 0.48094 0.56286 0.25478 0.61324 -0.86522 3
1.12786 -0.75463 -0.84537 -0.45918 -0.62647 -0.46490 -0.56114 0.70703 3
1.30754 -1.30708 0.18756 -0.60907 -0.69531 -0.59470 -0.70238 -0.23269 3
-0.65399 0.88398 -2.11667 -0.35055 -0.30599 -0.63444 -0.63699 -0.66342 3
0.55887 -0.65164 -1.40157 2.94151 3.92905 5.00725 4.02391 -0.19079 4
-0.44436 0.79503 -1.95776 -0.84789 -1.00154 -0.93379 -1.02147 1.29003 4
-1.13814 0.45326 0.98212 0.23021 0.42517 0.41019 0.37261 -0.72863 4
1.12287 -0.78272 -0.76592 0.26597 0.30410 -0.05517 0.33861 -0.05904 4
1.25264 -0.86700 -0.92483 0.08124 0.06434 -0.07106 -0.03018 -0.67689 4
-0.93849 0.57498 -1.40157 -0.46881 -0.48166 0.16912 -0.41205 -0.38592 4
0.67865 -0.84827 0.34647 -0.62237 -0.53863 -0.23707 -0.46959 -0.19227 4
1.35246 -0.65632 -1.24265 0.97370 0.94980 -0.98588 -0.96132 0.83751 4
-1.37272 1.16488 -1.32211 1.25881 0.92606 2.20981 1.10235 0.79367 4
-0.41941 -0.31455 -0.60700 -0.39501 -0.65258 -0.61943 -0.68668 0.41021 4
-0.97343 1.33811 -1.87830 0.32464 0.62220 -0.07460 0.44585 -0.13216 4
0.68864 -0.82954 0.58484 -0.28546 0.01923 0.20621 0.05875 -0.39434 4
0.62874 -0.79209 0.90266 -0.49769 -0.61697 -0.55408 -0.60037 -0.05036 4
1.33250 -1.30708 -0.84537 0.44748 0.47265 0.38723 0.55831 -0.61257 4
-0.79375 1.12275 -0.05081 -1.09220 -1.15822 -1.08125 -1.17317 -1.26195 4
0.56885 -0.61418 0.42593 0.00973 -0.05436 0.46140 0.08490 0.19072 5
1.16280 -1.14322 -0.76592 -0.48898 -0.44368 -0.34480 -0.38590 -0.50087 5
1.27760 -1.32581 -0.92483 -0.49402 -0.13982 -0.54967 -0.17927 -0.61967 5
-1.26791 0.96825 -0.44809 -0.43397 -0.18255 -0.52759 -0.14788 -0.90296 5
0.67366 -0.72186 1.29994 -0.71679 -0.62409 -0.37924 -0.67099 -0.55335 5
0.58881 -0.66100 0.90266 -0.88181 -0.92320 -0.78809 -0.90116 -0.09247 5
1.23767 -1.33517 -0.05081 -0.42526 -0.34397 -0.53819 -0.27866 -0.46455 5
1.33250 -1.21813 -1.40157 0.26459 0.22814 0.48525 0.20783 -0.20827 5
1.16779 -0.52523 -1.56048 1.43024 0.63882 0.64684 0.67601 0.90368 5
0.76850 -0.77804 0.58484 -0.22312 -0.02587 -0.05870 -0.04849 -0.55093 5
-1.04830 0.49071 0.74375 1.34086 1.79016 1.85218 1.97071 -0.54835 5
-0.87860 1.23979 -1.16320 -0.75896 -0.87098 -0.67682 -0.82792 0.29473 5
-0.90854 1.39897 -0.13027 1.40136 2.25307 0.80225 2.32119 -0.83496 5
1.32751 -1.31176 -1.00428 1.17676 0.85485 0.96208 0.94803 0.12334 5
0.98312 -0.74995 -1.00428 -0.52106 -0.72617 -0.44812 -0.68145 0.89326 5
-1.59234 1.31470 -1.16320 0.79768 0.61508 0.33866 0.64463 -0.02436 6
0.71359 -0.81081 0.82321 -0.57607 -0.60748 -0.47902 -0.54544 -0.28064 6
-1.12816 0.79034 -0.20972 -0.69250 -0.77840 -0.42604 -0.74684 0.50233 6
-0.83867 0.99634 -0.52755 -0.09432 -0.28700 -0.11786 -0.28389 -0.24727 6
-1.15810 0.80439 1.45886 0.11149 0.22101 0.70954 0.27845 -0.32149 6
1.20772 -1.26494 -1.00428 0.03770 -0.23715 0.07905 -0.17927 0.66987 6
1.25264 -1.40072 0.10810 0.85177 0.30648 0.40401 0.47200 0.99764 6
0.67865 -0.71718 1.45886 1.11900 1.74031 1.69765 1.58622 -0.43845 6
-1.46257 1.09466 -0.28918 1.78319 3.23824 3.96616 3.43280 -0.60183 6
0.80343 -0.82486 0.50538 -0.30425 -0.40569 -0.24149 -0.37543 -0.07815 6
-1.28288 0.85589 -0.13027 1.34957 3.49225 2.41909 3.30464 -0.75437 6
0.28934 0.94484 -0.68646 -0.07415 0.20677 -0.96028 -0.93778 0.59970 6
0.67366 -0.71718 0.34647 -0.33588 -0.36059 -0.21058 -0.41728 0.09276 6
-1.31782 0.86057 0.34647 -0.62787 -0.29175 0.49937 -0.43298 -0.50040 6
1.15781 -1.34922 0.26701 0.41952 1.18482 0.26979 1.13897 -0.87849 6
0.35423 -0.66568 -0.20972 0.32922 0.28748 0.52498 0.38830 0.15103 7
0.72357 -0.82954 0.42593 -0.23825 -0.26326 -0.40043 -0.27081 0.51633 7
0.50396 -0.67504 0.58484 -0.01639 -0.23003 -0.15848 -0.19235 0.12655 7
-1.22299 1.28661 -1.00428 -0.83780 -0.95169 -0.93114 -0.92731 1.16118 7
0.66867 -0.70782 0.26701 -0.24833 -0.11133 -0.01102 -0.05372 0.33594 7
1.12786 -1.15726 -0.92483 -0.42710 -0.65258 -0.56909 -0.57160 0.94210 7
-0.92352 0.57498 0.98212 -1.00649 -1.02528 -0.91524 -1.06071 -0.62578 7
-1.42264 0.99634 1.85614 -0.66270 -0.32736 -0.13729 -0.43821 -0.96734 7
1.29756 -1.33517 -0.20972 2.87229 2.07740 2.22129 2.32119 0.48617 7
0.82839 -0.80613 0.26701 -0.50686 -0.56237 -0.67064 -0.58468 0.13387 7
-1.43761 0.97761 1.85614 -0.75805 -0.80926 -0.68212 -0.85931 0.18214 7
-1.22798 0.82312 -0.52755 0.29530 0.93793 0.36780 0.77279 0.28425 7
-1.11318 0.78098 -1.00428 -0.79288 -0.92320 -0.72451 -0.91947 0.49827 7
0.47402 -0.66100 0.34647 -0.45827 -0.62409 -0.49404 -0.55068 0.92900 7
0.72357 -0.68909 1.85614 -0.19149 -0.23952 -0.18939 -0.20281 0.60691 7
-1.44260 0.97293 1.85614 -0.48394 -0.47691 -0.00042 -0.44344 0.09687 8
0.95317 -0.93254 -0.92483 0.24626 -0.08759 0.11437 0.05351 1.49342 8
-0.07002 -0.56736 0.82321 -0.67095 -0.51252 -0.72362 -0.48006 -0.90044 8
0.46902 -0.67504 0.26701 0.42731 0.12606 0.27862 0.16598 0.67492 8
0.89327 -0.70313 -0.84537 2.36625 1.47918 2.01731 1.90270 1.05864 8
-1.09821 0.95421 -0.68646 2.49001 1.61212 1.82216 1.98640 1.01064 8
-1.24794 1.05720 0.74375 -0.22770 -0.46267 -0.54437 -0.41728 0.89110 8
-0.70390 0.97293 -0.52755 -1.00924 -1.06564 -1.08655 -1.08163 -0.76300 8
0.48400 -0.64227 -0.84537 1.61268 1.26316 1.39918 1.39790 0.93089 8
0.75851 -0.71250 1.53831 -0.56186 -0.55525 -0.66093 -0.58991 -0.32165 8
0.87830 -0.92318 -0.68646 0.09866 -0.11371 -0.20617 -0.09557 1.05511 8
0.60878 -0.82486 0.42593 0.08582 -0.08997 0.00311 -0.04326 0.85762 8
-1.22299 1.05252 -1.00428 0.18117 -0.23715 -0.29889 -0.20542 1.84361 8
-1.24295 0.79971 -1.24265 -0.26529 -0.17068 -0.56115 -0.16619 0.59870 8
-1.06327 0.39708 -0.76592 -0.22266 -0.13982 -0.32979 -0.18712 -0.19306 8
0.88329 -0.88572 0.34647 0.11654 -0.20154 -0.11080 -0.12434 1.41641 9
0.63373 -0.87636 -0.84537 3.21928 2.79670 2.57008 3.07185 1.00311 9
0.62375 -0.74059 1.06158 0.30080 0.41567 0.70512 0.45631 -0.16790 9
-1.32780 0.86525 0.74375 -0.48485 -0.32973 -0.48256 -0.29174 -0.56520 9
-1.44759 0.96357 0.42593 -0.31250 -0.42943 -0.26092 -0.34666 0.40742 9
0.57883 -0.75463 -1.00428 1.46187 3.15278 1.73474 3.27586 -0.40750 9
0.62874 -0.89509 -0.20972 0.03449 -0.07097 -0.04722 -0.10603 0.14445 9
-1.25793 0.82312 1.14103 -0.26162 -0.00688 -0.35010 0.00120 -0.07310 9
0.79345 -0.76868 -0.20972 0.32418 -0.19679 0.00311 -0.11126 1.68812 9
-1.45258 1.00571 1.85614 0.18850 0.24475 0.00135 0.31507 -0.20127 9
0.97812 -1.03086 -0.36864 -0.15253 -0.32973 -0.50728 -0.31528 0.06149 9
0.64372 -0.88572 -1.00428 -0.81626 -0.63359 -0.82959 -0.65268 -1.63782 9
-1.34777 0.98698 -0.05081 1.95875 2.41212 1.36740 2.57490 -0.09641 9
-1.33279 0.86525 0.90266 0.83573 1.16108 0.57796 1.26190 -0.17816 9
0.36421 -0.66100 -1.40157 0.24488 -0.27988 -0.00660 -0.17665 1.91656 9
0.66368 -0.68909 1.85614 -0.20570 -0.60273 -0.61148 -0.58991 3.00640 10
-1.24794 0.79503 -1.24265 -0.21212 -0.44842 -0.47196 -0.40421 2.18185 10
0.58382 -0.83422 0.02865 -0.25246 -0.01163 -0.44724 -0.02757 0.91115 10
-1.33779 1.04316 1.85614 -0.42481 -0.52202 -0.62384 -0.53498 0.61881 10
0.58382 -0.77804 0.66429 -0.58295 -0.68819 -0.82252 -0.67361 0.40305 10
0.58382 -0.81081 0.74375 0.10645 -0.17068 -0.28917 -0.16096 2.12400 10
0.60379 -0.71718 1.85614 -0.70579 -0.69056 -0.88522 -0.70499 -0.44887 10
0.60379 -0.70782 -0.20972 0.58041 0.17116 0.03755 0.34646 2.44388 10
0.56885 -0.73591 0.18756 -0.60449 -0.60273 -0.79692 -0.58991 1.86924 10
0.59380 -0.73591 1.85614 -0.60724 -0.76178 -0.74835 -0.77038 2.00357 10
0.88828 -0.96999 0.58484 -0.26529 -0.49590 -0.67771 -0.49836 2.10300 10
1.14783 -1.31176 0.50538 -0.55728 -0.81875 -0.84460 -0.84362 2.20717 10
1.15282 -1.25558 -1.08374 -0.73329 -0.92320 -0.90994 -0.89593 1.03359 10
-1.43262 1.01039 1.85614 0.46032 0.71716 0.08788 0.77540 0.29836 10
-1.21800 0.76225 -1.16320 -0.03427 -0.31786 -0.22383 -0.31789 1.96862 10
