0.10467 0.27067 -0.28918 -0.67187 -0.66208 -0.54878 -0.63437 -1.30632 1
0.29433 -0.11323 0.02865 -0.92994 -0.85674 -0.83842 -0.93254 -1.41233 1
2.00631 -1.33049 -0.52755 -0.94919 -0.89234 -0.64768 -0.93778 -1.40138 1
-0.98341 1.80160 0.02865 0.11929 0.13793 0.33866 0.30722 -1.08746 1
0.11465 0.27067 -0.52755 0.19675 0.44654 0.65302 0.62370 -1.25879 1
-1.49750 1.99824 -1.08374 0.56712 0.64594 0.23976 0.33338 -0.74490 1
0.13461 0.33153 1.29994 0.49836 0.69579 0.73338 0.70740 -1.07419 1
-0.94348 1.36152 0.82321 -0.54215 -0.50777 -0.51435 -0.57160 -1.10614 1
0.09968 0.27535 -0.76592 -0.44131 -0.52202 -0.11257 -0.40944 -0.61304 1
-2.30108 2.41023 0.42593 -0.47844 -0.41282 -0.41986 -0.47744 -0.90007 1
-0.93849 1.35215 0.66429 -0.42664 -0.50540 -0.52847 -0.45390 -0.65368 1
-0.47930 1.94674 -0.84537 -0.64253 -0.64546 -0.77925 -0.78084 -0.71326 1
-0.92851 1.35215 0.10810 0.46811 0.96642 1.32413 1.04481 -1.30432 1
-1.85188 2.40555 -0.28918 -0.85660 -0.78789 -0.99295 -0.99009 -1.18204 1
-0.09997 0.54221 -0.13027 -0.17316 -0.26326 -0.30860 -0.20019 -0.46161 1
0.11465 0.32217 -1.16320 -0.65629 -0.73804 -0.69978 -0.66053 0.02860 2
1.22269 -1.37262 0.58484 -0.74475 -0.67632 -0.58499 -0.71545 -1.08009 2
-1.31782 2.13869 -0.76592 0.35214 0.45840 -0.00395 0.47985 -0.66099 2
-0.09997 0.55158 -0.28918 -0.49081 -0.63359 -0.67506 -0.58729 -0.23306 2
0.66867 -0.87636 -0.60700 -1.18571 -1.24368 -1.23313 -1.26472 0.59444 2
0.66368 -0.75463 1.53831 -0.95973 -0.92083 -0.75453 -1.00840 -1.06440 2
-0.94847 1.43643 0.18756 -0.74659 -0.84724 -0.76159 -0.82269 -0.12931 2
-1.12316 1.11807 1.37940 -1.12750 -1.17484 -1.16956 -1.20195 -0.86038 2
-0.72387 0.93080 -1.16320 1.42153 1.77592 2.91093 1.85824 -1.15672 2
-2.26615 2.42428 -0.44809 -0.76859 -0.77365 -0.88345 -0.84885 -0.69326 2
0.09968 0.39240 -0.20972 -1.05370 -1.11312 -1.01414 -1.11563 -0.80369 2
-2.10144 2.06846 -0.92483 -0.28271 -0.09946 -0.46490 -0.39897 -0.88654 2
0.62375 -0.77336 1.37940 -0.46973 -0.47216 -0.44547 -0.48529 -0.41444 2
-0.20978 0.87930 -1.16320 0.11104 0.18778 -0.36600 0.02474 -1.30153 2
-0.86362 1.11807 -1.00428 0.03724 0.19728 1.69323 0.37523 -0.69658 2
-1.09821 1.42706 1.14103 -0.03519 0.14268 0.34838 0.23922 -0.88323 3
-0.71389 0.95421 -0.13027 -0.16399 -0.13982 -0.38012 -0.13219 -0.71368 3
0.14959 0.32217 -1.79885 0.11241 -0.04724 0.00576 0.01167 0.11050 3
0.68365 -0.73591 0.90266 -0.66683 -0.48166 0.01371 -0.42513 -0.92486 3
-0.70390 0.95889 -0.13027 0.62808 0.53200 0.33601 0.57139 -0.36102 3
0.90825 -0.74527 -0.52755 0.14312 0.23288 1.03714 0.26799 -0.39250 3
0.74354 -0.84827 0.10810 0.00011 0.27087 1.75416 0.39092 -0.55856 3
-1.80696 1.67520 -0.52755 -0.50135 -0.58611 -0.53377 -0.56114 -0.14684 3
1.22269 -0.73591 0.74375 -1.07937 -1.14635 -1.12540 -1.17056 -1.30542 3
0.91324 -0.71718 0.02865 0.04870 -0.11845 0.92853 0.08490 -0.19132 3
1.14283 -0.68909 -0.20972 -0.07644 -0.01400 -0.31566 0.00382 -0.99350 3
1.11788 -0.74995 -0.84537 -0.13465 -0.32261 -0.14259 -0.30743 0.48843 3
-0.92851 0.99166 0.10810 -0.33176 -0.20629 -0.31831 -0.29174 -0.90970 3
1.09292 -0.72186 -1.63993 0.60471 0.65781 0.66980 0.58970 -0.27733 3
-1.38271 1.09934 0.34647 -0.28500 -0.30362 -0.06312 -0.18973 0.05613 3
-1.20302 1.26788 -1.24265 0.44932 0.31834 0.52675 0.39877 0.09629 4
-0.92851 1.37088 1.37940 -0.60495 -0.69768 -0.85961 -0.66576 -0.40892 4
0.66867 -0.45500 -0.28918 -0.00402 -0.35822 -0.32361 -0.42251 -0.12236 4
0.68864 -0.72654 0.50538 -0.49585 -0.37246 0.05433 -0.32835 -1.03529 4
1.25763 -1.21813 -1.00428 -1.16829 -1.22944 -1.23048 -1.25164 0.25604 4
-0.11494 0.57498 -1.71939 1.74102 1.57414 1.15458 1.42668 -0.05531 4
0.19950 -0.69377 -0.84537 -0.05811 0.35633 1.50427 0.46416 -0.66368 4
-1.12816 1.31938 -1.08374 1.13642 0.56523 0.98416 0.77017 0.52133 4
0.74354 -0.80613 -0.84537 -0.48715 -0.33685 -0.19910 -0.35189 -0.51356 4
1.05299 -0.74527 -2.03721 4.69113 4.21866 3.88050 3.29417 0.19593 4
-1.22798 1.09466 1.29994 -0.46881 -0.47454 -0.49492 -0.42775 -0.32670 4
0.62375 -0.74527 1.45886 -0.29646 -0.01400 0.00399 0.05090 -1.07240 4
-1.53244 1.22107 0.90266 -0.30334 -0.30362 -0.34127 -0.26558 -0.04157 4
-1.13315 1.89524 0.74375 -0.95652 -1.02766 -1.01591 -1.06071 -0.17537 4
-0.75382 1.55347 -0.84537 -0.32305 -0.37483 -0.13641 -0.32051 -0.59183 4
0.41412 0.91207 -0.68646 0.30493 0.57235 -0.30065 -0.13480 -0.07325 5
1.10290 -0.95127 -1.48102 0.66980 0.65306 0.57973 0.60539 -0.33944 5
0.82340 -0.81550 -1.32211 -0.35605 -0.34397 -0.70950 -0.48006 0.60802 5
1.21271 -1.27899 -1.00428 0.26643 0.42280 0.55501 0.49031 0.18566 5
0.70860 -0.74527 1.22049 -0.91160 -0.93982 -0.85520 -0.93254 -0.09641 5
0.68365 -0.86700 1.85614 0.01203 0.84298 1.40625 0.68909 -0.81069 5
-0.92851 1.00571 -0.36864 -0.83826 -0.86386 -0.74217 -0.87239 -0.65931 5
0.76350 -0.79209 0.66429 -0.59945 -0.62884 -0.27416 -0.58729 0.17603 5
1.19774 -0.70782 -2.11667 0.56437 0.08333 -0.13288 -0.17404 0.81225 5
1.20273 -1.33517 0.42593 -0.05535 -0.11845 0.14881 0.04044 -0.06978 5
0.81342 -0.79677 -1.16320 -0.75025 -0.72617 -0.34304 -0.66838 -0.60962 5
-0.11494 0.54689 1.14103 -0.31388 -0.59323 -0.61854 -0.50098 1.29761 5
0.60379 -0.78272 0.66429 -0.22450 0.08333 0.51527 0.24183 -0.11178 5
-1.37272 1.24447 -0.60700 -0.47156 -0.43181 -0.52229 -0.38590 -0.78532 5
0.78347 -0.69845 0.18756 -0.61320 -0.25377 -0.26003 -0.19496 -1.48218 5
0.89827 -0.71250 -0.05081 -0.29234 -0.29412 -0.26621 -0.28912 -0.06352 6
0.72357 -0.81550 0.02865 0.01386 0.73615 0.53381 0.73617 -0.69873 6
1.18276 -1.30708 0.42593 0.32876 0.01449 0.13910 0.18691 0.35758 6
1.28259 -1.34453 0.18756 -0.29646 -0.61222 -0.54790 -0.51929 1.41794 6
-1.21301 1.10402 -0.05081 0.64138 0.24475 0.40224 0.41708 0.83694 6
-1.35276 1.10402 -0.05081 0.53412 0.19965 0.20179 0.18691 0.26546 6
0.83837 -0.87168 0.26701 -0.13465 0.07621 0.01724 -0.12173 0.17077 6
0.80343 -0.85763 0.10810 -0.87401 -0.96593 -0.82782 -0.94301 0.47164 6
0.85335 -0.71718 0.02865 -0.66499 -0.80926 -0.73952 -0.79392 0.63823 6
0.63373 -0.83422 0.74375 -1.15179 -1.19146 -1.13335 -1.20195 -0.77716 6
0.84336 -0.83422 -0.84537 0.03174 0.41567 1.14840 0.45631 -0.57625 6
0.83837 -0.84359 0.50538 0.15962 -0.21816 0.00841 -0.11650 0.92479 6
0.75352 -0.72654 1.06158 -0.29692 -0.32261 -0.16466 -0.25512 -0.32307 6
0.50396 -0.66100 0.50538 -0.36338 -0.49590 -0.33951 -0.47744 0.29288 6
0.82340 -0.89040 -0.92483 -0.43260 -0.58136 -0.43399 -0.57422 0.31694 6
0.84835 -0.76868 -0.60700 0.09224 -0.05436 0.53470 0.14506 0.55607 7
0.78846 -0.83422 0.42593 -0.31525 -0.55050 -0.41368 -0.51144 0.58270 7
0.87331 -0.83422 -0.84537 -0.37851 -0.55288 -0.20882 -0.45390 0.71166 7
0.80842 -0.85763 0.42593 -0.45002 -0.60035 -0.45960 -0.54283 0.40437 7
0.63872 -0.84359 -0.36864 0.66750 0.84298 1.23053 1.02911 0.14061 7
-0.90355 0.56562 -1.79885 0.51945 0.31122 0.56119 0.38830 0.16677 7
-0.90355 0.56562 -0.92483 -0.00493 -0.06148 0.05433 -0.04849 -0.12384 7
1.34248 -0.67504 0.74375 -0.79655 -0.66208 -1.16514 -1.17056 -1.14915 7
0.60379 -0.80613 1.06158 -0.31480 -0.27513 -0.21323 -0.20019 0.24351 7
-0.06004 -0.56268 0.10810 -0.62466 -0.46267 -0.30330 -0.45652 -0.71600 7
0.95816 -0.92786 -1.00428 -0.50319 -0.65970 -0.52141 -0.62914 0.89863 7
0.79345 -0.69845 -0.13027 1.69839 1.78304 1.30117 1.81116 -0.12479 7
-1.20801 0.80439 -0.84537 -0.42343 -0.06860 -0.40043 -0.08511 0.27709 7
-0.78875 1.52538 -0.68646 -0.28042 -0.53389 -0.48256 -0.49836 0.74724 7
-1.30285 1.01039 0.98212 -0.56140 -0.72380 -0.70596 -0.74684 1.69323 7
-1.42763 0.97761 1.85614 0.32785 0.42992 0.59651 0.54001 -0.45266 8
-1.41764 0.94952 0.42593 -0.71542 -0.52202 -0.45871 -0.53760 -0.45555 8
1.22768 -1.30708 -1.00428 0.90403 0.21627 0.52498 0.35692 1.14186 8
-1.24295 0.97293 0.58484 0.41494 0.07621 0.04638 0.07705 0.40232 8
1.19774 -1.34922 0.74375 1.28081 1.51479 0.82256 1.57053 -0.11405 8
-1.39768 1.01975 -0.20972 1.27439 1.20381 2.74228 1.20958 -0.56835 8
-1.23297 0.62648 1.85614 -0.33680 -0.48166 -0.41545 -0.51929 -0.02357 8
1.17777 -1.29304 -1.32211 -0.55361 -0.55762 -0.79250 -0.60299 0.14329 8
1.18775 -1.34922 0.34647 -0.69708 -0.52676 -0.74393 -0.60299 -0.67505 8
-1.00338 0.64521 -1.08374 0.10874 0.02161 0.13822 0.17645 0.67439 8
-1.52745 1.34279 -0.76592 -0.24237 -0.48878 -0.48697 -0.41467 1.00600 8
0.75851 -0.71718 0.58484 -0.47202 -0.52202 -0.47373 -0.53760 0.48553 8
0.32927 -0.63291 -1.79885 1.59067 1.41509 1.60758 1.47114 0.71056 8
0.53890 -0.63291 0.18756 0.39981 0.11182 0.46935 0.23137 1.46073 8
-0.07502 -0.55800 0.82321 -0.52565 -0.55525 -0.64062 -0.60560 0.00591 8
0.62375 -0.74059 1.06158 0.30080 0.41567 0.70512 0.45631 -0.16790 9
1.18276 -1.32581 0.34647 -0.02877 -0.24190 -0.30153 -0.14788 0.19530 9
0.63872 -0.67973 0.58484 0.22196 0.19490 0.01371 0.29414 0.01760 9
-1.05329 0.59371 -1.24265 -0.82634 -0.96831 -0.90111 -0.97439 0.73808 9
1.20273 -1.36794 -1.87830 -0.05856 0.68630 0.56560 0.68386 -1.34827 9
-1.42264 1.00102 1.85614 0.72893 1.84476 1.05392 1.94194 -0.68173 9
0.62375 -0.72654 1.85614 -0.68700 -0.55525 -0.59294 -0.52975 -0.26354 9
-1.47255 1.07593 0.42593 0.06703 -0.08522 -0.18233 0.01951 0.63544 9
-1.22798 0.96357 -0.68646 -1.11650 -1.21757 -1.18545 -1.22549 1.38399 9
0.57384 -0.75932 0.02865 -0.29325 -0.11608 -0.41103 -0.13219 -0.11031 9
0.84835 -0.88104 -0.20972 -1.01978 -1.00629 -0.86314 -1.05809 -1.14157 9
0.73356 -0.71250 1.61777 0.33518 -0.03537 -0.09579 -0.01187 1.49242 9
-1.20801 0.66394 -0.76592 -0.28088 -0.34635 -0.41545 -0.44867 0.72529 9
-1.35276 1.06657 0.74375 -0.06177 -0.45080 -0.54790 -0.44605 1.41431 9
0.68864 -0.68909 1.61777 -0.38859 -0.64308 -0.60971 -0.61083 1.43710 9
-1.06327 0.73416 -1.08374 -0.96477 -0.91134 -0.84460 -0.90116 0.41021 10
0.57883 -0.77804 0.66429 -0.46148 -0.62409 -0.66888 -0.61083 1.19097 10
-1.33779 0.86993 1.22049 0.81785 0.48689 0.32189 0.61586 1.19555 10
-0.08999 -0.55332 -0.20972 0.43190 0.33021 0.06934 0.30984 0.14045 10
0.74354 -0.85295 -0.68646 1.67731 0.94743 0.76517 0.97942 1.96741 10
1.16779 -1.35858 0.58484 -0.26758 -0.59561 -0.64150 -0.61345 1.93967 10
0.55887 -0.73591 -0.68646 0.33518 1.72369 1.09630 1.65161 -0.85601 10
0.58382 -0.74527 1.06158 -0.61320 -0.86386 -0.88787 -0.80961 4.72551 10
0.76850 -0.68909 0.82321 0.04365 -0.40807 -0.34569 -0.42251 3.12615 10
0.81841 -0.78741 0.18756 0.44198 -0.16593 -0.03839 -0.16881 1.88914 10
0.92821 -0.99340 -1.32211 0.93520 0.38007 0.10378 0.25753 1.32030 10
0.89827 -0.87636 -0.76592 0.41081 -0.32261 -0.19910 -0.19235 3.75916 10
-1.31283 0.86057 0.90266 0.14816 -0.35347 -0.38895 -0.35189 3.17494 10
-1.37771 0.82312 1.85614 -0.94552 -1.03478 -1.05388 -1.06594 1.23992 10
0.38417 -0.67504 -1.95776 5.92966 3.99789 3.59352 4.32208 2.51562 10
