0.05476 -0.23496 1.37940 0.05007 0.01211 -0.00219 -0.04588 -0.88175 1
-0.11994 0.51412 1.45886 -0.60586 -0.28937 -0.23884 -0.45390 -1.31521 1
-1.47754 2.89245 -0.60700 -0.10807 -0.12557 -0.27946 -0.14788 -1.10893 1
-0.08500 0.51880 0.82321 1.03466 1.59550 2.93478 1.48422 -1.40233 1
-1.53244 1.55815 0.02865 -0.80342 -0.83300 -0.97087 -0.95085 -1.12820 1
-0.14489 0.37367 0.42593 -0.66958 -0.68107 -0.65563 -0.62391 -1.13330 1
0.10467 0.27067 -0.84537 -0.71221 -0.79739 -0.55850 -0.74946 -0.77243 1
1.25763 -0.34732 0.58484 -0.65858 -0.65970 -0.67153 -0.70761 -0.08641 1
0.12463 0.27067 -0.28918 -0.12640 -0.18492 -0.00130 -0.16619 -0.81875 1
0.27936 -0.13664 1.22049 -0.41518 -0.46267 -0.56821 -0.57945 -0.44734 1
0.08470 0.42985 -0.76592 0.16696 0.21389 0.68569 0.23660 -0.71405 1
-0.09997 0.53753 0.90266 -0.56140 -0.60273 -0.72097 -0.53237 -1.01755 1
-0.25470 0.61712 0.98212 -0.67462 -0.77602 -0.83842 -0.85931 -0.76379 1
-1.23796 1.10870 -1.00428 -0.71083 -0.76178 -0.94438 -0.69976 -0.80243 1
-0.81870 1.80628 -0.84537 -0.88868 -0.92083 -0.94438 -1.00840 -0.69158 1
-0.60907 0.20044 0.02865 -0.32992 -0.36059 -0.35893 -0.48529 -0.72774 2
-0.08500 0.47667 -0.76592 -0.04115 -0.17780 -0.14877 -0.21327 -0.51024 2
-0.43438 0.56562 0.02865 -0.49173 -0.58136 -0.47902 -0.55329 -0.55398 2
0.63373 -0.76868 1.29994 -0.42847 -0.20391 0.05168 -0.18973 -1.06887 2
-1.30784 1.00102 1.06158 -0.78096 -0.67395 -0.46401 -0.61868 -1.08788 2
-1.37272 2.31191 -1.08374 -0.05123 -0.21103 -0.04546 -0.08511 -0.25743 2
0.00484 0.42049 -0.76592 0.05053 -0.10184 0.21592 0.04828 -0.35202 2
1.11788 -0.51586 -1.48102 0.52495 0.41330 0.54618 0.48508 -0.40865 2
-1.00837 1.96078 -1.32211 -0.31067 -0.40095 -0.48609 -0.38067 -0.80006 2
1.06797 -0.75463 0.34647 0.20546 0.07621 0.28921 -0.13219 -0.43197 2
1.23268 -1.38199 1.29994 -0.66591 -0.59086 -0.46401 -0.61083 -0.72447 2
-0.86362 1.38961 0.26701 3.16199 3.04121 3.11315 3.16601 -0.25164 2
-0.21976 1.53943 -0.28918 -0.40235 -0.42943 -0.65033 -0.57945 -0.62936 2
0.66867 -0.79677 0.66429 -1.09862 -1.16059 -0.98677 -1.17056 -1.29900 2
-2.32604 2.29787 1.85614 0.02669 -0.20154 -0.24149 -0.16881 -0.41587 2
-1.02833 1.96078 -1.40157 0.61342 0.44891 0.16294 0.35169 -0.66110 3
-1.02833 1.93269 -0.52755 -0.01731 -0.13270 -0.24237 -0.02495 -0.55398 3
-0.55916 1.27725 -0.76592 0.28934 0.18066 -0.15319 0.17383 -0.60378 3
-0.00015 0.64989 -1.00428 0.71655 0.60796 0.63095 0.58185 -0.28354 3
-1.34777 1.02443 0.90266 -0.77455 -0.38670 -0.64062 -0.38590 -1.10309 3
-1.37771 1.10402 -1.95776 0.62488 1.28452 0.14616 1.01342 0.02123 3
0.63872 -0.78272 0.58484 -0.42114 -0.28700 -0.46225 -0.34405 -1.25479 3
0.62375 -0.77336 1.61777 -0.29463 -0.21816 -0.32979 -0.27604 -0.87212 3
0.63373 -0.75932 1.53831 0.72480 1.32250 1.65350 1.17558 -1.02929 3
-0.87860 1.43174 -1.08374 0.22975 -0.06860 0.18502 0.11629 0.43248 3
-1.21301 1.28193 -0.84537 -0.72779 -0.83774 -0.84460 -0.88285 -0.12931 3
-0.10496 0.57498 -1.63993 0.38148 0.32547 0.15764 0.33076 0.17708 3
1.14283 -0.65164 -1.00428 0.38423 0.22576 -0.50552 -0.48267 0.70945 3
-1.35276 1.03380 1.85614 -0.87401 -0.89709 -0.90994 -0.90116 -1.14915 3
0.69862 -0.74527 1.22049 -0.89143 -0.90896 -0.71744 -0.93516 -1.00218 3
-1.71712 1.47856 0.26701 0.02807 -0.02112 -0.00749 0.09275 -0.32428 4
1.18775 -0.74059 0.34647 0.17017 -0.09471 -0.15319 -0.03018 0.00575 4
-0.43937 -0.46436 0.10810 -0.14015 -0.27513 -0.15054 -0.13219 -0.01025 4
0.69363 -0.74995 1.22049 -0.46148 -0.27988 0.41284 -0.29435 -0.82722 4
-0.40942 1.12275 -0.68646 -0.49723 -0.54338 -0.68742 -0.71022 -0.66389 4
1.22768 -0.84359 -1.16320 0.03632 -0.08997 0.10113 -0.09296 -0.03530 4
0.78846 -0.72654 -1.40157 -0.10853 -0.02587 0.77841 0.08229 -0.16221 4
-1.18805 1.12275 -1.87830 1.32482 1.33912 1.57314 1.34036 0.10845 4
0.70860 -0.81081 -0.68646 0.09820 0.47265 0.37928 0.42492 -0.55883 4
-0.91853 0.57030 -1.40157 -0.42526 -0.34160 0.04285 -0.33359 -0.51940 4
-1.33279 1.16020 1.85614 -0.24054 -0.54101 -0.57704 -0.46175 0.47601 4
1.22768 -0.77336 -0.28918 -0.63337 -0.53626 -0.62737 -0.51929 -0.59809 4
-1.37771 1.08061 1.22049 -0.39730 -0.48878 -0.52759 -0.49836 0.09576 4
-0.70890 1.66115 -0.44809 -0.03931 -0.19204 -0.36158 -0.24727 -0.11052 4
1.14783 -1.13854 0.42593 -0.35926 -0.51252 -0.39514 -0.43821 0.25451 4
0.71359 -0.68441 0.42593 -0.11540 0.15692 0.57178 0.10583 -0.82348 5
1.15781 -0.51586 -1.24265 1.46920 0.99016 0.90910 1.08665 0.13824 5
1.24266 -1.41008 -0.05081 -0.07690 -0.07572 -0.06400 0.05875 -0.41771 5
1.25264 -1.37731 -1.56048 -0.96936 -1.01341 -0.82517 -1.01886 0.66313 5
0.73356 -0.80613 0.50538 -0.45047 -0.50540 -0.31213 -0.51929 -0.31575 5
1.32252 -1.32581 0.34647 -0.51236 -0.64071 -0.50198 -0.59514 -0.16426 5
-1.22299 1.10402 0.66429 -0.17820 -0.28937 -0.16643 -0.26820 0.30494 5
0.77349 -0.80145 0.50538 -0.25704 -0.27038 -0.10020 -0.27081 -0.03883 5
-1.55740 1.26788 -1.32211 0.56849 0.57947 0.63624 0.69171 0.11250 5
0.76850 -0.80145 0.50538 -0.24191 -0.31549 -0.16113 -0.27604 -0.10399 5
0.81841 -0.82486 1.29994 -0.74704 -0.73092 -0.16643 -0.68668 -0.27554 5
-0.83867 1.41770 -0.20972 0.47407 0.04297 0.16824 0.13198 0.60497 5
0.23444 -0.14132 -1.95776 1.83545 0.85485 1.49720 1.05265 1.52032 5
1.22269 -1.32581 0.02865 0.10416 -0.00925 -0.02956 0.05875 0.00065 5
-1.58235 1.31938 -0.28918 0.02761 -0.09946 -0.11433 0.03782 0.11008 5
0.81841 -0.82954 0.50538 -0.65079 -0.74279 -0.47019 -0.71022 0.08323 6
0.72857 -0.81081 0.50538 -0.01456 -0.10184 0.03490 -0.07726 0.32578 6
-1.22798 0.89334 0.50538 -0.35238 -0.46267 -0.18762 -0.42251 0.50043 6
0.13961 -0.62354 -0.36864 2.29245 2.77058 2.84471 2.93846 -0.17484 6
0.59380 -0.78741 0.02865 -0.37347 0.11894 -0.02515 0.06136 -0.67763 6
-1.45258 0.97761 1.29994 -0.56415 -0.47454 -0.61148 -0.41205 0.12682 6
0.72357 -0.78272 0.74375 -0.61182 -0.65021 -0.48432 -0.58729 0.39705 6
0.83338 -0.80613 0.58484 -0.57745 -0.66682 -0.65210 -0.72853 -0.17390 6
0.59879 -0.74995 0.82321 -1.11054 -1.17246 -1.13688 -1.17056 -0.91886 6
1.21271 -1.19940 -1.32211 3.05564 2.52844 2.33873 2.62721 0.25299 6
-0.68893 1.47856 -1.32211 0.28018 0.09757 0.02960 0.04567 0.27762 6
0.18453 -0.63759 -1.63993 1.05712 1.50767 1.40095 1.39529 -0.22406 6
-1.25793 1.10402 -0.76592 0.20042 -0.07572 0.30687 -0.01710 0.83109 6
0.74354 -0.72186 0.34647 -0.03610 0.09520 0.25566 0.07967 -0.50061 6
-1.26292 0.96825 -0.28918 0.15458 0.19965 -0.01102 0.24968 0.26909 6
0.70361 -0.83891 0.58484 -0.19058 -0.40569 -0.37394 -0.38851 0.63229 7
0.73356 -0.83891 0.58484 -0.02923 -0.27750 -0.09491 -0.17142 0.69108 7
1.09292 -0.66100 -1.00428 -0.85339 -0.98730 -0.82694 -0.95085 0.99595 7
1.08294 -0.83422 -1.56048 2.24707 1.39372 1.78772 1.51037 0.83788 7
0.62874 -0.84359 1.69722 -0.88914 -0.53863 -0.92142 -0.69453 -0.57672 7
-1.43761 0.97761 1.29994 -0.76630 -0.86623 -0.71744 -0.78084 -0.50466 7
0.16456 -0.63291 0.98212 -0.62145 -0.70718 -0.72186 -0.64745 0.28062 7
-1.16809 0.76694 0.10810 0.81418 0.76939 0.65567 0.71263 0.59770 7
-0.05006 -0.56736 -0.44809 -0.59716 -0.34397 -0.04987 -0.31005 -0.67163 7
-1.12316 0.74821 -0.28918 -0.13145 -0.34160 -0.14082 -0.30481 0.57802 7
0.63373 -0.82486 0.18756 -0.56736 -0.65733 -0.53201 -0.61868 0.62818 7
0.80343 -0.86700 -0.20972 -0.22908 0.04535 0.09053 0.09798 -0.72511 7
0.53890 -0.63759 0.34647 0.18850 -0.02587 0.13468 0.01951 0.37337 7
-1.17308 1.08998 -1.16320 1.23589 0.82161 0.58944 0.88787 0.74172 7
0.63373 -0.84359 0.18756 0.02624 0.29223 0.15234 0.30984 -0.36086 7
-1.64225 1.30534 0.74375 -0.67370 -0.74754 -0.74305 -0.71807 -0.10736 8
-1.43761 0.97293 0.42593 0.22700 0.31122 0.68746 0.26276 -0.16690 8
0.63373 -0.82018 -0.20972 -0.64849 -0.53626 -0.54613 -0.44344 0.09629 8
-0.54419 -0.16005 -0.44809 -0.32259 -0.12083 -0.04016 -0.07203 -1.00324 8
0.86832 -0.82018 -0.44809 -0.12411 -0.43418 -0.19116 -0.39897 1.12775 8
0.83837 -0.91381 -0.20972 0.12341 -0.08047 0.02342 -0.02234 0.63934 8
0.53890 -0.64227 -0.28918 2.63715 3.16702 2.69989 3.26279 -0.16895 8
0.63872 -0.72186 0.82321 -1.05416 -0.86623 -0.74128 -0.91162 -1.08698 8
-1.35775 0.99634 -0.84537 0.10874 0.53437 -0.16113 0.42754 0.68403 8
-1.42763 0.94016 1.06158 0.66705 0.52013 0.38458 0.71002 0.17703 8
-1.32281 1.01975 1.85614 -0.30471 -0.48166 -0.58322 -0.50098 1.39541 8
1.16280 -1.32581 0.10810 -0.32946 -0.18017 -0.52759 -0.16358 -0.73879 8
0.81342 -0.89977 -0.84537 0.48553 0.15217 0.31217 0.18952 1.09180 8
-1.43761 1.00102 1.85614 -0.01548 0.41805 -0.08431 0.38569 -0.17221 8
0.20449 -0.70782 -0.92483 -1.10549 -1.11074 -1.12894 -1.12086 -0.13368 8
0.68365 -0.69845 1.85614 0.53366 0.25662 0.36780 0.31507 0.88520 9
1.16280 -1.35390 1.14103 -0.19241 -0.38670 -0.44812 -0.29174 0.87283 9
0.47402 -0.68441 0.42593 0.28980 0.00024 0.03313 0.05090 1.56727 9
0.65370 -0.71718 1.53831 -0.03198 0.07858 -0.00395 0.16598 -0.11200 9
0.60379 -0.68909 0.26701 -0.08286 0.04297 -0.38542 -0.01710 0.10829 9
-0.13491 -0.55332 -0.20972 0.81968 0.18541 0.36515 0.26537 1.31314 9
-1.44759 0.98698 1.85614 -0.50319 -0.55288 -0.53554 -0.47221 0.11260 9
0.55887 -0.76400 0.82321 -0.33313 -0.42469 -0.49315 -0.40421 0.43653 9
-1.14812 0.81844 -1.16320 0.55704 -0.00925 0.55324 -0.05634 1.68586 9
0.75352 -0.84359 -0.60700 0.59829 0.27799 0.41637 0.44585 0.53128 9
-1.23297 0.78098 -0.28918 -0.12365 -0.28700 -0.30860 -0.26558 1.60706 9
0.53391 -0.77804 1.85614 -0.88318 -0.49590 -0.91612 -0.48790 -0.84554 9
-1.33279 1.01975 1.85614 -0.06911 -0.53389 -0.41721 -0.45128 1.57300 9
-0.08001 -0.55800 0.74375 -0.41564 -0.34160 -0.55143 -0.27343 -0.38649 9
0.95317 -0.96063 -1.79885 0.71059 -0.05436 0.32542 0.10844 3.06762 9
0.59380 -0.84359 -0.68646 -0.16766 -0.09471 -0.31390 0.05613 0.31099 10
-1.35775 0.88398 0.34647 0.67300 0.50588 0.36339 0.71002 0.77898 10
-1.29286 1.04316 0.58484 0.33151 -0.10658 -0.11257 -0.04326 2.25702 10
0.96315 -0.75463 -1.79885 -1.09449 -1.16534 -1.15366 -1.19671 -0.91886 10
-1.42763 1.00102 1.85614 0.59966 1.26790 0.43050 1.23836 -0.48108 10
-1.29286 0.85121 1.45886 0.73259 1.46731 0.33778 1.55222 0.18898 10
-1.38271 0.88866 -0.13027 0.32235 -0.13507 -0.06312 -0.10865 1.80934 10
0.58881 -0.82018 0.34647 -0.04252 -0.23477 -0.28917 -0.21850 1.10412 10
0.49897 -0.69377 -0.52755 1.44628 0.39906 0.55942 0.45369 3.71057 10
0.54888 -0.69845 0.58484 0.10874 -0.27988 -0.50816 -0.31528 2.25407 10
0.62375 -0.69845 -0.44809 0.88844 2.10114 0.17530 1.29590 0.11887 10
0.57883 -0.81550 0.18756 -0.55361 -0.51727 -0.66093 -0.44082 1.76908 10
0.52393 -0.75932 -0.28918 0.05557 0.47502 -0.36335 0.34907 -0.38286 10
-1.31283 0.84653 0.18756 -0.14107 -0.63596 -0.62119 -0.66053 5.85814 10
-1.25793 0.81375 -0.13027 -0.62649 -0.83537 -0.84901 -0.83054 1.56158 10
