-0.86362 1.08530 -1.56048 -0.89923 -0.70243 -0.75100 -0.80177 -0.87812 1
-0.10496 0.50476 0.50538 -0.29738 -0.34160 -0.16996 -0.30481 -1.32221 1
0.23444 0.07404 -0.76592 -0.37897 -0.14457 0.55236 -0.21850 -1.08235 1
-2.26115 2.26510 1.85614 -0.65995 -0.71668 -0.40662 -0.61345 -0.17695 1
-0.11994 0.52348 1.85614 -0.37072 -0.43181 -0.50375 -0.38328 -1.10909 1
-0.85364 1.08061 1.22049 -0.56369 -0.42943 0.05609 -0.29697 -1.26426 1
-1.52246 1.55347 -0.76592 -0.18599 0.00024 -0.52406 -0.36759 -1.14967 1
-0.09997 0.53285 0.74375 0.19675 0.28511 0.01371 0.32815 -0.95497 1
-0.10496 0.54689 0.42593 -0.19974 -0.10658 -0.16113 -0.17927 -1.06287 1
-0.08001 0.52348 0.82321 -0.40830 -0.51489 -0.46313 -0.51406 -0.36781 1
-0.95346 1.34279 -0.44809 0.01982 0.60321 0.27773 0.41708 -1.31737 1
-0.95346 1.38493 1.85614 -0.66454 -0.46742 -0.34215 -0.46959 -1.18910 1
0.93320 -0.00555 -0.84537 0.00973 -0.09946 0.00046 -0.04326 -0.14610 1
-1.02833 1.64711 -0.13027 0.16283 0.23526 -0.00572 0.27845 -1.04524 1
-0.53420 0.63585 -0.44809 -0.12503 -0.21103 -0.22736 -0.23419 -0.83759 1
-0.89856 1.42706 0.42593 -0.71037 -0.83300 -0.67329 -0.80961 -0.29649 2
-0.86362 1.45984 0.58484 0.58087 0.82399 0.78371 0.79633 -0.63989 2
0.28934 -0.10855 1.14103 -0.18828 -0.34635 -0.47284 -0.32835 0.07902 2
1.18276 -0.54864 -1.71939 2.64860 2.48334 3.28534 2.66121 -0.31122 2
0.30431 -0.11792 0.42593 -0.26987 -0.45317 -0.47461 -0.38590 -0.10384 2
-0.92352 1.36152 0.02865 -0.12732 -0.10658 -0.31301 -0.07726 -0.49777 2
0.14959 -0.05705 -0.05081 -0.70900 -0.85199 -0.77837 -0.80961 -0.33833 2
-1.29786 0.99166 1.14103 -0.48073 -0.51727 -0.45783 -0.50621 -0.99408 2
-1.33779 2.24169 -0.92483 -0.55315 -0.64783 -0.64768 -0.66576 -0.53140 2
0.66368 -0.75932 1.14103 -0.54078 -0.22290 0.59386 -0.17404 -1.04103 2
-0.09498 0.56094 -0.52755 0.07666 -0.23715 -0.16908 -0.11126 0.34068 2
-0.86362 1.10870 -0.44809 0.49057 1.34862 2.08353 1.35867 -1.10182 2
-0.84865 0.90271 0.18756 -0.64758 -0.49353 -0.31655 -0.66576 -0.53419 2
0.71359 -0.43627 -1.32211 -0.29875 0.18066 -0.31301 0.19475 -1.37775 2
-0.91853 1.39429 0.58484 0.21234 0.15929 -0.09137 0.32292 -0.20648 2
0.68864 -0.81550 0.26701 -0.43076 -0.23715 0.18855 -0.32312 -0.96586 3
1.22768 -0.56268 -1.16320 0.17888 0.04297 -0.06753 -0.03803 -0.56246 3
-1.57736 1.59561 -0.44809 -0.46652 -0.33923 -0.88345 -0.66838 -0.99345 3
0.63373 -0.75932 0.50538 -0.68241 -0.58848 -0.53642 -0.57160 -1.09198 3
0.65869 -0.77336 1.22049 -0.70992 -0.48166 0.01371 -0.49575 -1.16009 3
1.24266 -1.37731 0.18756 -0.03564 -0.12083 0.45257 -0.01972 -0.20169 3
-1.14812 1.11807 0.18756 0.46215 0.49401 0.70954 0.46677 -0.38518 3
1.07795 -0.78272 0.26701 0.09224 0.18778 -0.02868 0.24968 -0.78474 3
1.14283 -0.68441 -0.20972 0.21555 0.15455 -0.02603 0.19999 -0.36691 3
-0.43438 -0.32391 0.02865 -0.34780 -0.05198 0.18413 -0.01972 -1.14915 3
0.60878 -0.74995 1.61777 -0.13832 -0.01875 -0.08078 -0.13742 -1.04256 3
-1.24794 1.22107 -1.08374 2.42996 2.60441 2.61777 2.79199 -0.17068 3
-0.45435 0.79034 -1.24265 0.46078 0.85247 0.27508 0.75448 -0.91002 3
0.62874 -0.74995 1.85614 -0.33634 -0.31311 -0.16996 -0.29958 -0.54804 3
1.14283 -0.64227 -0.84537 0.57720 0.35870 -0.29977 -0.32574 -0.26501 3
-0.81371 1.43174 -0.20972 0.20225 0.16404 0.15676 0.24968 -0.60704 4
0.67366 -0.81550 -0.20972 -1.08624 -1.09887 -1.03622 -1.15225 -0.92091 4
-0.44436 0.79503 -1.95776 -0.84789 -1.00154 -0.93379 -1.02147 1.29003 4
0.61377 -0.76868 1.37940 -0.65033 -0.51252 -0.67417 -0.50883 -0.36718 4
-1.37272 1.07125 0.02865 -0.15207 -0.32973 -0.04281 -0.11911 0.60428 4
0.61377 -0.74059 0.82321 -0.76125 -0.58374 -0.62031 -0.56114 -0.84122 4
-0.63403 0.88866 -1.16320 0.46169 0.39906 0.56913 0.51647 -0.37813 4
-0.71888 0.96825 -1.32211 2.98505 3.24774 2.85265 3.54003 -0.32949 4
0.68864 -0.74995 1.69722 -0.66591 -0.69294 -0.50728 -0.70238 -0.31938 4
-0.82868 1.47388 -1.24265 0.53962 0.79075 0.07729 0.74140 -0.94218 4
-0.64900 1.66115 -0.28918 0.02532 0.14268 -0.40750 -0.33097 0.02575 4
-1.35775 1.04316 1.69722 -0.06911 0.16404 -0.06312 0.16598 -1.01187 4
-0.81870 1.49729 -0.60700 0.48370 0.24238 0.29363 0.27060 -0.16316 4
0.67366 -0.72654 0.18756 -1.02757 -0.99917 -0.75276 -0.96393 -1.08082 4
1.30754 -1.35858 -0.92483 -0.45873 -0.63122 -0.41103 -0.57683 0.73503 4
0.68864 -0.77336 0.90266 -0.76217 -0.63122 -0.14877 -0.63176 -0.55230 5
0.82340 -0.74995 0.50538 -0.53482 -0.55050 -0.12405 -0.50098 0.02697 5
-0.76380 1.64711 -1.48102 -0.89647 -0.93745 -0.94615 -0.94039 0.08560 5
0.81841 -0.87636 -0.92483 0.32326 0.62933 1.72679 0.85126 -0.26301 5
0.82340 -0.74059 0.58484 -0.18095 -0.28225 0.28038 -0.13480 0.41479 5
0.68864 -0.86700 0.18756 -0.45277 -0.12795 -0.46578 -0.11126 -1.20341 5
0.59380 -0.67973 -0.13027 1.00762 2.34803 2.13828 2.43889 -0.90839 5
0.64372 -0.85763 0.74375 -0.53390 -0.49590 -0.19292 -0.43036 0.06807 5
0.76850 -0.77804 0.58484 -0.22312 -0.02587 -0.05870 -0.04849 -0.55093 5
1.25264 -1.40540 0.02865 0.70234 0.48452 0.59209 0.55831 0.18409 5
-1.54742 1.31470 0.26701 0.52037 0.48214 0.31835 0.57924 -0.33117 5
-1.10320 1.10870 -1.63993 -0.12136 -0.38670 -0.29270 -0.27081 0.76524 5
-1.34278 1.04784 1.85614 -0.70992 -0.39620 1.68794 -0.39113 -1.29984 5
-1.22798 0.89334 -1.79885 0.12937 0.31834 0.42873 0.36476 0.14208 5
-1.27290 0.96357 0.50538 0.02074 -0.07097 0.13645 0.09536 0.12292 5
1.16779 -0.96531 -1.79885 5.08258 4.10946 3.91582 3.88790 0.04791 6
0.79345 -0.85295 -0.84537 0.51120 0.80737 0.75545 0.82510 -0.07926 6
0.73855 -0.79209 0.58484 0.05786 -0.15644 0.13292 -0.01710 0.11260 6
0.58382 -0.75463 -0.13027 -0.97211 -0.79976 -0.90818 -0.71022 -0.76700 6
0.75352 -0.76868 0.74375 -0.81305 -0.85436 -0.83135 -0.84623 0.26546 6
-1.06327 1.06657 -0.92483 -0.30884 -0.58611 -0.53024 -0.60822 0.53959 6
-0.10496 0.57498 -1.48102 0.12204 -0.41519 -0.19910 -0.35713 2.36345 6
0.81841 -0.86231 0.58484 -0.12503 -0.32023 -0.16378 -0.28389 0.11592 6
0.61876 -0.74527 0.18756 -0.70854 -0.68107 -0.41545 -0.68145 -0.50408 6
0.84835 -0.70313 0.02865 -0.43947 -0.29650 -0.48785 -0.26035 -0.39513 6
-0.73385 1.00571 0.26701 0.12845 -0.02350 0.03578 -0.06942 -0.68763 6
-1.23297 0.93080 0.50538 -0.90702 -0.99680 -0.96911 -0.95608 -0.03062 6
0.70361 -0.48309 -2.11667 3.83763 2.40025 2.35992 2.26888 1.37688 6
0.79844 -0.84827 -0.20972 -0.13786 -0.08047 -0.26886 0.00644 -0.46403 6
0.72357 -0.81081 0.50538 0.38606 0.45603 0.40577 0.45369 -0.49119 6
0.65869 -0.69377 -1.08374 0.49332 1.10885 0.40842 1.02127 -0.09641 7
0.75352 -0.83891 -0.20972 1.98213 2.17473 2.59746 2.45197 0.48669 7
0.77848 -0.81550 0.34647 -0.27033 -0.50065 -0.35981 -0.46959 0.18872 7
0.77349 -0.87636 -0.13027 0.12341 0.11656 0.31394 0.16075 0.19967 7
-1.54242 1.31470 -0.92483 1.45729 0.85485 1.04950 1.01342 0.26057 7
0.60878 -0.68441 1.06158 -0.47294 -0.50302 -0.53995 -0.44605 0.30010 7
0.53391 -0.67036 0.42593 -0.46698 -0.46029 -0.43046 -0.50883 0.02333 7
-1.19304 0.88866 -0.44809 -0.19287 -0.14931 -0.13023 -0.01972 0.22362 7
-0.63403 -0.13196 -0.13027 0.10416 0.41093 -0.43752 0.08752 -0.65805 7
-1.21800 0.82312 -0.20972 -0.06223 1.00678 0.83758 0.99249 -0.16426 7
0.62874 -0.67504 -1.24265 0.53412 1.37236 0.49496 1.51299 -0.93860 7
0.62874 -0.84359 1.69722 -0.88914 -0.53863 -0.92142 -0.69453 -0.57672 7
-1.21301 1.09934 0.26701 -0.74384 -0.87573 -0.87374 -0.85408 0.65329 7
-1.22798 0.79971 -1.00428 -0.40372 -0.30362 -0.66358 -0.23419 0.67876 7
0.19451 -0.66568 0.10810 -0.70579 -0.72854 -0.60441 -0.70761 -0.00430 7
0.70860 -0.73122 0.90266 -0.71679 -0.79264 -0.42869 -0.78346 -0.39250 8
0.46403 -0.67504 0.10810 -0.10853 -0.39145 -0.32096 -0.32051 1.12575 8
-1.18805 0.98698 -0.76592 -0.69158 -0.87335 -0.80133 -0.86977 1.29582 8
-1.42763 0.99634 1.85614 -0.48302 -0.43893 -0.49227 -0.44605 -0.02346 8
0.15458 -0.63291 0.98212 0.08537 0.06196 -0.12140 0.10844 -0.41623 8
1.09791 -0.73122 1.85614 -1.18525 -1.25555 -1.20576 -1.26472 0.13387 8
-1.16809 0.95889 -0.68646 -0.38126 -0.67395 -0.52494 -0.62653 1.21397 8
1.14283 -1.18535 -1.24265 0.00378 -0.27513 -0.20175 -0.26297 1.40178 8
-1.46257 0.98698 1.22049 -0.25383 -0.16118 -0.23972 -0.25250 0.25814 8
-1.41764 0.98230 0.98212 -0.23871 -0.37958 -0.22736 -0.35189 0.10187 8
-1.42264 1.00571 1.85614 -0.75484 -0.26801 -0.69890 -0.41467 -0.75232 8
-1.41764 0.93080 1.61777 -0.53711 -0.56000 -0.69713 -0.62914 0.19967 8
-1.25294 1.06189 0.02865 0.68630 0.55099 0.23447 0.63940 0.65218 8
0.93820 -0.95127 -0.76592 0.42456 -0.23477 0.13998 -0.07726 1.34246 8
1.17777 -1.32581 0.42593 -0.56736 -0.74991 -0.78897 -0.66838 -0.08447 8
0.59380 -0.73591 0.18756 0.78347 1.47206 0.49584 1.49206 -0.55130 9
0.71858 -0.84359 1.22049 -0.42435 -0.48641 -0.56468 -0.40682 0.22162 9
-1.24295 0.81375 0.26701 -0.05765 0.09520 -0.23442 0.21306 0.54638 9
-1.47754 1.06189 1.22049 0.09637 0.03110 -0.17085 0.09798 0.00696 9
-1.34278 1.01975 0.42593 1.48295 3.26673 1.11573 3.37264 -0.54219 9
0.75352 -0.82018 -0.92483 2.08618 1.27028 2.13563 1.48683 1.43141 9
0.58881 -0.78272 1.29994 -0.58432 -0.67869 -0.74570 -0.61868 1.02306 9
0.41911 -0.62823 -1.40157 1.29044 0.47027 0.97180 0.66032 1.83403 9
0.90326 -0.90445 -1.32211 0.63679 0.08570 0.54441 0.23137 2.12748 9
0.84336 -0.93722 -0.60700 3.17620 4.15694 1.53341 3.48249 0.43779 9
0.65370 -0.68909 -0.68646 0.35352 0.82399 0.40401 0.96895 -0.07294 9
0.80842 -0.93722 -0.13027 -0.06727 -0.13507 -0.30330 -0.14788 1.05643 9
0.87331 -0.87168 -0.13027 -0.02648 -0.53151 -0.39690 -0.41728 1.74623 9
-1.21800 0.81375 -0.28918 -0.19378 -0.42231 -0.31743 -0.28651 1.76113 9
-1.48253 1.06189 1.53831 -0.06636 -0.18492 -0.43134 -0.11650 0.29836 9
0.75352 -0.70313 0.90266 0.76605 0.90232 0.30334 0.90357 -0.12452 10
-1.18805 0.69203 -0.60700 -0.11403 -0.42943 -0.45253 -0.41467 2.03457 10
-1.47255 1.06657 0.10810 0.70509 0.47740 0.34661 0.53739 0.90768 10
-0.06503 -0.56268 0.66429 -0.53802 -0.55050 -0.66005 -0.46436 0.67576 10
1.17777 -1.25090 -2.03721 1.65714 1.06850 0.79872 1.02911 2.40277 10
0.57883 -0.74527 1.85614 -0.23962 -0.48878 -0.55232 -0.45128 3.84569 10
0.56885 -0.82486 0.98212 -0.81993 -0.86623 -0.95498 -0.86193 1.55348 10
0.34424 -0.75463 -0.76592 6.12126 4.92133 3.31095 4.37701 2.06026 10
0.85834 -0.94190 -0.84537 -0.87401 -1.02766 -0.97970 -1.02409 3.43118 10
0.83338 -0.93722 -0.05081 -0.12182 -0.44130 -0.52406 -0.39897 1.70760 10
-1.43262 1.00102 1.85614 0.39844 0.49164 -0.04546 0.56093 0.26109 10
-0.01013 -0.56268 -0.05081 0.03770 0.00974 -0.31743 -0.15050 0.17645 10
-1.25294 0.79971 -0.44809 -0.01777 -0.48166 -0.44459 -0.42251 3.49692 10
-1.27290 0.82780 0.26701 0.40256 -0.15406 0.13910 -0.05111 3.43123 10
0.43908 -0.67973 -1.40157 -0.66866 -0.94932 -0.89228 -0.99532 3.25111 10
