-0.09498 0.50476 0.02865 -0.40830 -0.23003 0.09230 -0.28389 -1.21568 1
0.23943 0.27067 1.14103 -0.59624 -0.61222 -0.42604 -0.55329 -0.99197 1
-0.23473 0.62648 -0.68646 -0.23229 -0.02824 0.37045 0.05875 -1.03871 1
-1.52246 1.54879 -1.16320 -0.41472 -0.32736 -0.69537 -0.56898 -0.81732 1
1.73679 -0.69377 -1.24265 3.12073 3.46376 2.41997 2.56967 -0.66299 1
1.52716 -0.79209 -1.32211 0.33610 0.57473 -0.09755 0.22091 -1.12214 1
0.27936 -0.14601 -0.44809 1.02412 1.01390 1.14046 1.12066 -0.67094 1
0.25440 0.20981 -0.76592 -0.03748 -0.22528 -0.10992 -0.21066 0.16577 1
-0.84865 1.09934 1.14103 -0.74750 -0.80214 -0.82429 -0.85669 -0.62610 1
-2.32105 2.85500 -0.05081 0.16833 0.38244 0.09230 0.40138 -1.14057 1
-2.25117 2.47109 -1.24265 -0.05215 0.42992 -0.03927 0.33599 -1.16009 1
-0.15987 0.54221 -1.87830 0.54328 0.39668 0.66538 0.50862 -0.04662 1
1.62199 -0.71718 -1.48102 0.74268 0.76701 -0.01985 0.48770 -0.63631 1
-1.21301 0.82780 -0.92483 1.13917 1.13734 0.03932 1.22528 -0.47377 1
-0.67895 0.98230 -1.16320 0.07482 0.19015 0.76693 0.25230 -0.65078 1
-2.28611 2.41491 0.66429 0.02578 -0.11845 -0.14347 -0.03541 -0.44692 2
-0.43438 -0.32859 -1.08374 -0.81030 -0.69768 -0.25827 -0.64484 -0.93228 2
0.65370 -0.79209 1.22049 -0.84376 -0.84724 -0.62649 -0.86977 -0.98466 2
0.95317 -0.01492 -1.16320 -0.41060 -0.34872 -0.50816 -0.47744 -0.67873 2
-1.04830 1.66115 -0.20972 -0.23596 -0.38670 -0.26533 -0.34928 -0.24996 2
-1.10819 1.42706 -0.36864 0.53091 0.73615 0.70600 0.95326 -0.55998 2
1.23268 -0.74995 -0.36864 0.69134 0.68393 0.61947 0.71263 -0.71242 2
0.65869 -0.77804 1.14103 -0.41289 -0.00688 0.76164 0.06398 -1.03103 2
-1.13814 1.10870 -0.36864 -0.16812 0.10944 -0.16466 0.11106 -0.96302 2
0.62874 -0.72186 -0.05081 -0.87814 -0.64308 -0.47196 -0.61345 -1.03850 2
-0.74383 0.50944 -0.44809 -1.02711 -1.11074 -1.11216 -1.17056 -0.87244 2
-0.83867 0.32217 -1.32211 0.98103 1.29164 2.80409 1.48160 -0.50124 2
0.65370 -0.80613 0.82321 -0.77959 -0.77840 -0.63091 -0.80177 -0.75437 2
-0.93849 1.33343 -0.05081 0.06611 -0.06623 0.18766 0.08752 -0.48087 2
0.80842 -0.23496 -1.95776 -0.00264 -0.08522 -0.24325 -0.20281 0.19967 2
1.12287 -1.12917 -1.08374 0.98470 1.18957 0.33955 1.27236 -0.75437 3
-0.52921 0.80907 -1.00428 -0.47248 -0.60748 -0.49404 -0.56375 0.10460 3
1.14283 -0.57205 -1.16320 -0.24329 -0.33685 -0.41103 -0.27081 -0.46176 3
-1.35276 1.03848 1.85614 -0.92856 -0.93270 -1.01061 -0.96132 -0.50998 3
0.63872 -0.74995 -0.13027 -0.71129 -0.59561 -0.30065 -0.57683 -0.91360 3
1.15282 -0.83891 -1.32211 -0.67691 -0.78077 -0.79692 -0.89070 -0.60399 3
1.07795 -0.78272 -0.36864 0.84581 0.86197 0.85877 0.84602 -0.00351 3
-1.01835 1.00102 0.26701 -1.02299 -1.10125 -1.13158 -1.15487 0.17772 3
0.69363 -0.75463 0.34647 -0.82680 -0.74041 -0.38719 -0.73115 -0.40713 3
0.70361 -0.44096 0.50538 0.21921 0.10707 0.48436 0.11890 0.01691 3
-0.83368 1.10870 -0.28918 -0.53390 -0.56475 -0.62208 -0.51144 -0.73790 3
0.63373 -0.79677 0.90266 -0.09248 -0.14457 0.19473 -0.12173 -0.35175 3
0.13961 0.22853 -0.36864 -0.63612 -0.74041 -0.69272 -0.78346 -0.73611 3
-1.12816 1.92333 0.42593 0.28751 0.15692 -0.11963 0.24707 -0.68200 3
-2.11142 1.79224 0.50538 -0.42068 -0.45792 -0.64239 -0.52452 -0.49814 3
0.57384 -0.64227 -0.20972 -0.38859 -0.04011 1.02125 -0.04064 -0.92876 4
1.00807 -0.82486 -0.84537 2.52118 2.48334 3.13522 2.65860 0.03723 4
0.72357 -0.76868 -0.36864 -0.42664 -0.13982 0.53999 -0.10603 -0.76258 4
0.56386 -0.63291 0.26701 -0.96661 -0.93033 -0.74482 -0.93254 -1.10530 4
1.09791 -0.70313 -1.32211 -0.34046 -0.10658 -0.32803 -0.28912 -0.80274 4
-0.12992 0.56094 -1.16320 -0.13053 -0.46742 -0.26268 -0.35713 1.64206 4
-0.30461 1.70797 -1.16320 3.42051 2.39076 -0.63974 -0.64222 0.11118 4
-1.34278 1.02911 1.69722 -0.69250 -0.51252 -0.71479 -0.51144 -0.97097 4
-0.76879 0.86057 -1.32211 -0.17087 -0.30362 -0.45253 -0.44344 -0.15326 4
-1.15810 0.44858 -0.84537 0.02944 0.94743 -0.33862 0.63940 -0.38649 4
1.18775 -0.74995 0.58484 -0.18920 -0.41994 -0.42693 -0.44082 0.42632 4
-0.82868 1.10402 0.74375 -0.96844 -1.08700 -1.05918 -1.11825 0.89410 4
-0.12992 0.55626 -1.16320 -0.70992 -0.88522 -0.93643 -0.84623 1.80029 4
0.98312 -0.71250 -0.84537 1.55354 1.24417 1.70825 1.38221 0.53596 4
-0.91853 1.36620 -1.16320 -0.04665 0.39668 0.06139 0.21829 -1.02850 4
0.85335 -0.89977 0.58484 -1.12062 -1.17721 -1.07507 -1.20979 -0.26090 5
-0.86362 1.34747 -0.76592 -0.83139 -0.95881 -0.85520 -0.95870 0.14703 5
0.80343 -0.53927 0.26701 -0.33909 -0.46504 -0.54702 -0.52452 0.37173 5
1.27260 -1.33517 0.18756 -0.03152 -0.07335 -0.20087 -0.00141 -0.21306 5
0.69862 -0.78272 -0.28918 0.30310 1.25366 3.18026 1.41621 -0.83638 5
0.83338 -0.71718 0.18756 0.17017 0.27324 0.30069 0.30461 -0.08547 5
0.75352 -0.76868 1.45886 -0.48027 -0.54338 -0.52847 -0.54283 -0.04599 5
0.82340 -0.84359 1.85614 -0.51419 -0.56237 -0.50375 -0.54021 -0.14026 5
-1.12816 0.79503 -0.13027 0.22517 0.17116 1.61729 0.27322 0.40142 5
1.23767 -1.32581 0.58484 -0.21670 -0.40569 -0.45077 -0.36497 0.44643 5
0.79844 -0.82954 0.50538 -0.43306 -0.40569 -0.14171 -0.31789 -0.15010 5
0.98312 -0.74995 -1.00428 -0.52106 -0.72617 -0.44812 -0.68145 0.89326 5
0.56386 -0.67504 -1.40157 0.11699 0.98066 0.65391 0.70217 -0.51566 5
-1.14313 0.83248 -1.00428 0.13854 0.12131 0.25831 0.17906 0.86146 5
0.73855 -0.73591 0.10810 -0.30059 0.03348 0.74044 0.02997 -0.66389 5
0.76350 -0.77336 -0.28918 0.18529 0.69579 0.13645 0.61586 -0.81717 6
-1.28787 0.98698 1.85614 0.12020 0.04535 -0.07724 0.13198 -0.01035 6
0.84336 -0.89977 -0.13027 -0.47660 -0.57187 0.24506 -0.55068 0.12071 6
0.57384 -0.65632 0.42593 -0.49769 -0.61460 -0.36600 -0.55329 0.35100 6
-1.24794 1.08530 0.82321 -0.20020 -0.35584 -0.35363 -0.29958 0.37826 6
0.83837 -0.80145 -0.92483 0.13762 0.04060 -0.03927 0.09275 0.83746 6
0.75352 -0.84827 -0.28918 0.00057 -0.18017 -0.40662 -0.22112 0.37510 6
-0.95346 1.36620 1.85614 -0.19241 -0.48641 -0.62826 -0.45128 0.52091 6
0.61876 -0.74527 0.18756 -0.70854 -0.68107 -0.41545 -0.68145 -0.50408 6
0.60878 -0.79677 0.18756 0.05053 0.37769 0.48348 0.25753 -0.18779 6
0.81841 -0.93254 -0.36864 -0.56874 -0.33685 0.04638 -0.24989 -0.70563 6
-1.15311 0.80439 1.14103 -0.71037 -0.75703 -0.62737 -0.71545 0.19340 6
-0.98840 1.34279 -1.56048 1.02320 0.47502 0.53911 0.65509 0.99558 6
0.81841 -0.74059 0.58484 -0.59395 -0.75228 -0.50993 -0.66838 0.15919 6
-1.17807 0.97293 -0.20972 1.00212 0.72903 0.76164 0.79894 0.18814 6
0.78846 -0.90913 -0.92483 0.34389 0.45366 0.25566 0.43538 -0.06462 7
-1.59234 1.32406 -1.16320 0.98928 0.54386 0.72985 0.70217 0.17656 7
0.85335 -0.86700 -0.28918 -0.00035 0.28986 0.25124 0.35169 -0.39250 7
0.63872 -0.84359 -0.36864 0.66750 0.84298 1.23053 1.02911 0.14061 7
-1.30784 1.14148 -0.68646 0.16696 -0.03062 -0.19292 -0.02234 0.40526 7
0.63872 -0.83891 0.42593 -0.00860 0.04772 -0.02603 0.04044 0.62655 7
1.24266 -1.33985 0.18756 -0.71771 -0.90896 -0.88257 -0.90639 1.20650 7
-1.14313 0.76225 -1.00428 0.08170 -0.12557 -0.10638 -0.09034 0.86399 7
-1.16809 0.84653 -0.20972 -0.44314 -0.62172 -0.41898 -0.57945 0.47832 7
0.83338 -0.92318 -1.24265 -0.45552 -0.27276 -0.51611 -0.34405 -0.14026 7
-1.56239 1.27725 -1.40157 1.45820 0.80737 0.98239 0.98465 0.18440 7
0.60379 -0.81550 0.66429 -0.42022 -0.26563 -0.14082 -0.19758 -0.26090 7
-1.53244 1.21638 1.85614 -0.71542 -0.68581 -0.80045 -0.75730 -0.41781 7
-0.54419 -0.16005 0.82321 -0.21670 0.27087 -0.24061 0.26014 -0.94044 7
0.72857 -0.82954 0.34647 -0.11311 -0.30362 -0.17350 -0.27866 0.79914 7
0.86832 -0.81550 -0.28918 -0.41197 -0.63596 -0.51699 -0.61345 0.39705 8
0.64372 -0.88572 1.22049 -0.35880 0.04297 0.58680 0.10321 -1.05919 8
0.67366 -0.77336 -0.84537 -0.39180 0.53912 0.43050 0.52954 -1.40264 8
-1.19803 0.82780 -0.92483 0.13808 0.04772 0.20886 0.08752 1.05722 8
0.75352 -0.71718 1.14103 -0.36797 -0.43418 -0.56468 -0.43298 -0.15505 8
0.32428 -0.67973 -0.92483 -0.10807 -0.44130 -0.31655 -0.46175 1.30619 8
-1.44759 1.26788 -1.08374 -0.10303 -0.21816 -0.24855 -0.24204 0.25083 8
0.72857 -0.68441 1.69722 0.33839 0.14268 0.05168 0.18168 0.58918 8
0.57384 -0.76868 0.50538 -0.41793 -0.28225 -0.30595 -0.27604 0.35868 8
-1.21800 0.63117 1.45886 -0.63520 -0.68581 -0.72274 -0.69453 0.09002 8
-1.36773 0.92143 0.42593 0.27009 0.44654 0.47023 0.40923 -0.09978 8
0.64871 -0.74059 -1.32211 -0.96294 -0.49828 -0.20440 -0.35189 -1.40512 8
0.74853 -0.82018 -1.00428 1.05346 0.68155 1.09719 0.81202 0.98816 8
0.70860 -0.78272 0.34647 -0.09982 -0.12557 -0.02515 -0.05895 -0.40129 8
0.61876 -0.67036 1.14103 -0.60082 -0.67395 -0.71744 -0.65791 -0.13873 8
-1.09821 0.57967 0.66429 -1.01382 -1.12261 -1.02385 -1.13917 -0.27554 9
-1.17308 0.79503 1.85614 -0.28729 -0.47454 -0.51611 -0.42251 0.87125 9
-1.00837 0.62648 -1.00428 -0.81168 -0.98493 -0.90288 -0.96655 0.98374 9
-1.33279 0.86057 0.90266 -0.51877 -0.63596 -0.65033 -0.55591 1.18628 9
-1.34278 0.88866 -1.95776 1.19051 1.35574 0.23358 1.06573 1.22645 9
0.47901 -0.69377 0.26701 0.85040 0.65781 0.23888 0.65247 0.54717 9
-1.34278 0.87930 0.02865 0.48920 1.27503 0.16382 1.37436 -0.61225 9
-0.08999 -0.55800 -0.05081 -0.71312 -0.56949 -0.79603 -0.65007 -1.06719 9
-1.09322 0.78098 -1.79885 0.40806 0.05009 -0.04192 -0.02234 1.19781 9
-1.11817 0.79503 -1.95776 1.32757 0.56998 1.96521 0.70740 1.80413 9
0.62874 -0.74059 1.06158 -1.00511 -0.74754 -0.74482 -0.72330 -0.83006 9
0.56386 -0.73122 -0.60700 -0.87356 -0.65258 -0.40662 -0.72069 -0.95776 9
-1.35775 0.88866 0.98212 -0.82359 -0.82587 -0.88875 -0.74423 0.60076 9
-1.43262 0.99634 1.85614 -0.30609 -0.15644 -0.56644 -0.18188 -0.26343 9
0.95816 -1.04490 -0.92483 0.04640 0.27561 -0.45518 -0.01972 -0.15674 9
-1.23297 0.79971 -0.68646 0.84306 1.21093 0.74662 1.36390 0.53317 10
-1.35276 1.06189 1.85614 -0.29004 -0.68344 -0.67771 -0.66838 3.26969 10
-1.34777 0.89334 -1.00428 0.58545 0.06434 0.28833 0.15029 1.83898 10
0.53890 -0.62823 -0.20972 0.86186 0.17354 0.25478 0.21306 2.85112 10
-1.39269 0.91207 0.66429 0.31593 0.46553 0.03755 0.50339 0.12003 10
0.68864 -0.84359 1.14103 0.00240 -0.30124 -0.36600 -0.14527 1.35598 10
0.62874 -0.66100 -0.13027 2.32774 1.41034 1.56608 1.57053 1.71360 10
0.58382 -0.77336 0.58484 -0.05031 -0.20391 -0.37924 -0.15311 0.91605 10
-1.13315 0.72480 -1.79885 2.99789 1.57414 1.95285 1.66992 2.37550 10
0.56885 -0.78272 -0.68646 -0.33680 -0.63596 -0.63709 -0.64222 2.58510 10
0.77349 -0.68441 0.26701 0.56483 0.02398 0.11702 0.07444 2.94555 10
0.74354 -0.69377 -0.05081 -1.09908 -1.13923 -1.13335 -1.22549 -1.77426 10
0.57883 -0.75932 -0.20972 -0.06086 -0.21103 -0.18321 -0.19235 0.78830 10
-1.45757 1.03848 0.74375 -1.09816 -1.20807 -1.20311 -1.21764 4.41306 10
0.94818 -1.02618 -0.28918 0.16421 -0.04486 -0.46136 -0.23419 1.48147 10
