-0.24472 0.62648 0.74375 -0.50135 -0.41282 -0.18144 -0.43298 -1.18204 1
0.11465 0.27067 -0.52755 0.19675 0.44654 0.65302 0.62370 -1.25879 1
-0.90854 1.75947 1.85614 -1.12154 -1.19620 -1.15189 -1.20979 -0.44734 1
0.15957 0.07404 -1.63993 0.29118 0.61508 1.12544 0.49293 -1.12056 1
-1.53743 1.55815 -0.13027 -0.22587 0.09995 -0.46578 -0.34666 -1.15472 1
1.59204 -0.67036 -1.16320 1.07683 1.66197 0.96385 1.18866 -0.94918 1
0.54389 -0.01023 -0.92483 0.62625 0.93081 0.16647 0.60539 -1.18278 1
0.92322 -0.93254 -1.00428 -0.64437 -0.70243 -0.92319 -0.66314 -0.82838 1
0.26938 0.20981 -0.76592 0.04595 0.02635 0.00576 0.00905 -0.61915 1
0.26938 -0.13664 0.42593 -0.19012 -0.24190 -0.26003 -0.23943 -0.43271 1
-0.52422 0.63585 0.26701 -0.08286 -0.07097 -0.07195 -0.01972 -0.99876 1
1.99633 -1.32581 -0.92483 -0.52427 -0.26563 0.14969 -0.18712 -1.13267 1
-2.30608 2.87841 -1.08374 0.23113 0.41805 0.19385 0.36738 -1.16078 1
1.16779 -0.71250 -0.52755 -0.67554 -0.75228 -0.38012 -0.66838 -0.67542 1
-1.30784 0.99634 0.74375 -0.52382 -0.39857 -0.24855 -0.38851 -1.63298 1
-1.23297 1.42706 -0.20972 -0.69800 -0.74991 -0.65033 -0.69453 -0.43271 2
-0.85364 1.45984 1.85614 -0.98219 -1.06564 -1.09185 -1.06071 -0.92781 2
-1.38770 1.07593 -0.05081 -0.29371 -0.11845 -0.21500 -0.15834 -0.80822 2
-0.14988 0.53753 -1.95776 1.58884 1.36761 1.74886 1.60976 -0.23653 2
0.27437 -0.14132 -0.20972 0.48370 0.68393 0.57090 0.85649 -0.90291 2
-0.84865 1.16488 0.66429 -0.18508 -0.08047 0.02607 -0.07465 -0.69058 2
2.03127 -1.38199 -0.84537 0.45619 0.89045 1.88927 1.11019 -1.19883 2
-0.38946 1.73606 0.02865 -0.29784 -0.15169 -0.96116 -1.04501 0.08271 2
0.66368 -0.76868 -0.05081 -1.06516 -1.06564 -0.81899 -1.07902 -0.76848 2
0.64871 -0.77336 0.82321 -0.26300 0.11894 0.44816 0.18429 -1.31095 2
1.27260 -1.42412 -0.76592 -0.33634 -0.48166 -0.28564 -0.48790 -0.43908 2
0.68864 -0.81550 0.18756 -0.80205 -0.74516 -0.23972 -0.66053 -0.92828 2
-1.15311 1.12275 1.85614 -0.64666 -0.68344 -0.61854 -0.70238 -0.98466 2
-2.10643 1.78288 0.58484 -0.59853 -0.62884 -0.58675 -0.55852 -0.57341 2
0.92322 -0.94190 -0.76592 -0.68379 -0.64071 -0.93643 -0.57683 -0.53288 2
-0.90355 1.33811 -1.40157 2.70499 2.62340 2.47118 3.00385 -0.47687 3
0.67865 -0.76868 0.82321 -1.18663 -1.23893 -1.21371 -1.24641 -0.34312 3
1.06298 -0.79209 0.26701 -0.13145 -0.20391 0.04726 -0.19496 0.02165 3
-1.32281 1.00102 0.90266 -0.98173 -1.00629 -0.77572 -0.95347 -0.56277 3
1.04301 -0.77336 -0.68646 -0.08469 -0.14931 0.31747 -0.11388 -0.24953 3
1.10790 -1.13386 -0.84537 0.15366 0.16167 0.55236 -0.01710 -0.62936 3
-0.86861 1.08998 1.85614 -0.31984 -0.48878 -0.56291 -0.46959 -0.13752 3
1.06298 -0.79209 0.26701 -0.37668 -0.51727 -0.46136 -0.50621 0.16156 3
1.26761 -0.75463 -0.20972 0.58362 0.31360 0.40489 0.43277 0.13971 3
0.91823 -0.73122 0.34647 -0.32763 -0.11608 0.00399 -0.08511 -0.80538 3
-1.33279 1.01507 1.85614 -0.38172 -0.27988 -0.09226 -0.25773 -0.48092 3
-1.34278 1.12743 0.98212 -0.05673 0.00262 -0.21765 -0.05111 -0.61936 3
-0.72387 0.94952 -0.05081 -0.54948 -0.32736 -0.54702 -0.42251 -1.19110 3
-0.60408 1.45047 0.18756 0.22059 0.18541 0.15941 0.23137 -0.46650 3
0.93820 -0.74059 -1.48102 -0.34872 -0.40807 -0.32714 -0.35713 0.23988 3
0.91324 -0.72186 0.10810 0.25817 0.12606 0.67686 0.16598 -0.20190 4
-1.26791 0.96825 -0.76592 0.02624 0.59609 0.29981 0.58709 -0.76327 4
0.63872 -0.72654 0.74375 -1.03399 -0.96831 -0.86579 -0.94039 -1.02224 4
-1.61729 1.36152 -1.32211 -0.15895 0.17354 -0.44724 0.10583 -1.42928 4
0.80343 -0.51586 -1.48102 0.12433 0.05009 0.22564 0.08229 -0.00593 4
-0.56914 1.45047 -0.92483 -0.22450 -0.33685 -0.49757 -0.38851 -0.49940 4
0.68365 -0.74059 1.14103 -0.67416 -0.52439 -0.12934 -0.51406 -1.00492 4
-0.43438 -0.45500 -0.52755 0.27284 0.02635 0.27685 0.21306 0.35321 4
1.24765 -1.34922 -1.16320 0.20042 0.74327 0.50732 0.73879 -0.78337 4
0.25939 -0.60014 0.82321 -0.77271 -0.56475 -0.05252 -0.49052 -0.85607 4
1.26262 -1.32581 -1.40157 -0.38218 -0.23240 -0.70243 -0.18712 -0.96692 4
1.22768 -0.77336 -0.28918 -0.63337 -0.53626 -0.62737 -0.51929 -0.59809 4
0.79345 -0.72654 -0.92483 0.46032 0.69342 1.86454 0.80418 -0.20648 4
-1.57237 1.30534 0.10810 -0.24604 -0.31311 -0.23796 -0.25773 -0.56167 4
0.92322 -0.72186 0.34647 1.07408 0.94031 1.01507 0.97942 -0.03941 4
0.92322 -0.74995 -0.92483 0.12204 -0.14694 0.20003 -0.05372 0.91179 5
0.68864 -0.70782 1.85614 -0.89693 -0.96356 -0.83224 -0.88023 0.19145 5
0.73356 -0.78272 0.58484 -0.66545 -0.70718 -0.42339 -0.69976 0.08687 5
-0.89357 1.40365 0.10810 -0.00768 -0.39857 -0.42869 -0.36759 0.45143 5
0.67366 -0.77804 1.14103 -1.03353 -1.11786 -1.03004 -1.14964 -0.44182 5
1.22269 -1.32581 0.18756 -0.41656 -0.46504 -0.48256 -0.40421 -0.03062 5
0.84835 -0.86700 -0.60700 -0.06819 0.08333 0.07905 -0.01449 0.22804 5
0.82340 -0.83422 1.22049 -0.64391 -0.66445 -0.65651 -0.66838 -0.33491 5
-1.11817 1.10402 -0.84537 0.07849 -0.22053 -0.09755 -0.16358 0.49938 5
0.72357 -0.76400 0.18756 0.29576 0.54624 0.84729 0.61063 -0.59999 5
0.59879 -0.66568 0.42593 -0.16674 0.04772 0.65214 -0.04064 -0.08231 5
0.78347 -0.71718 0.42593 -0.17728 -0.18492 0.10466 -0.15311 -0.24748 5
0.63373 -0.64227 1.14103 -0.51602 -0.54101 -0.54437 -0.58206 -0.14300 5
-0.27466 1.66115 -0.92483 0.09316 -0.03062 -0.91436 -0.81223 -0.16000 5
-1.27789 0.95889 1.14103 -0.43993 -0.46979 -0.44282 -0.44867 -0.14247 5
0.69862 -0.78741 -0.44809 -0.29554 0.10944 -0.04016 0.09275 -1.03166 6
0.81342 -0.83891 -0.05081 -0.93131 -0.78552 -0.71568 -0.75207 -0.13121 6
-1.33279 1.01507 1.45886 -0.27033 0.11894 -0.18762 0.14244 -0.65347 6
-1.14812 0.75757 -1.95776 -0.06315 0.56286 -0.18762 0.34384 -0.04541 6
-1.12816 0.81844 0.18756 0.45711 0.72428 1.10513 0.77802 -0.34133 6
0.19451 -0.68909 -0.13027 -0.36843 -0.29175 0.04815 -0.22373 0.04928 6
0.89827 -0.90445 -1.08374 -0.57011 -0.64308 -0.65740 -0.61868 0.81804 6
0.70860 -0.69845 1.85614 -1.02344 -0.99917 -0.93997 -1.03194 -1.18204 6
0.85834 -0.71718 -0.52755 1.16576 0.96405 0.78548 1.00557 0.33652 6
-1.21301 1.08998 -0.05081 0.65788 0.41567 0.53646 0.38569 0.37510 6
-1.00338 0.65457 -1.00428 0.22196 0.34921 0.84552 0.47462 -0.16611 6
0.96315 -0.92318 -1.79885 1.18501 1.61212 1.03449 1.62023 0.38789 6
0.80842 -0.74059 0.42593 -0.55361 -0.73804 -0.47284 -0.65530 1.05354 6
1.18775 -1.32113 0.34647 1.18730 0.70054 0.70247 0.88787 0.67292 6
0.59380 -0.74527 0.50538 -0.18278 0.12843 0.32542 0.11367 -0.82880 6
0.65869 -0.72186 1.85614 -0.26850 -0.25851 -0.41368 -0.21327 -0.16337 7
-0.96844 0.57498 0.58484 -0.74109 -0.87810 -0.72716 -0.86454 -0.65568 7
0.62375 -0.81550 1.29994 -0.32442 -0.20154 -0.09049 -0.10865 0.21614 7
0.81342 -0.85763 -0.44809 0.05557 0.46553 0.34043 0.54262 -0.56356 7
0.74853 -0.72654 0.66429 -0.65354 -0.67869 -0.61148 -0.67099 -0.56041 7
-0.96844 1.35684 0.58484 -0.01502 -0.30836 -0.40573 -0.21066 0.75945 7
0.64372 -0.73122 -0.36864 0.28018 1.76405 1.07423 1.78500 -0.74084 7
-1.28288 0.98230 0.74375 -0.41839 -0.34160 -0.63091 -0.38328 -0.42287 7
-1.15311 0.76225 -0.28918 0.17842 0.35870 0.29098 0.42231 0.00981 7
0.79345 -0.80145 -0.13027 0.48782 0.07146 0.32453 0.13721 0.78751 7
0.57384 -0.67504 0.42593 -0.00631 0.08095 0.50467 0.19214 -0.28038 7
0.76850 -0.86231 -0.20972 1.23085 0.83348 1.33031 1.03696 1.06364 7
-1.09322 0.60307 0.58484 -0.24741 -0.30599 0.02519 -0.27604 -0.34165 7
-1.17308 0.79971 1.06158 -0.24512 -0.03299 -0.18851 0.06921 -0.12200 7
0.66368 -0.66100 0.58484 -0.05902 -0.04961 -0.17085 -0.07726 0.87289 7
0.88329 -0.86700 -0.92483 0.68859 0.63407 0.89762 0.73356 0.47885 8
0.53890 -0.65632 0.26701 0.79631 0.34446 0.54264 0.50600 0.73487 8
0.52892 -0.63291 0.42593 0.43282 0.06434 0.23711 0.06398 0.80841 8
-0.55417 -0.23028 0.42593 0.21280 0.18778 -0.23884 0.11106 -0.40892 8
1.16280 -1.34922 0.58484 0.08949 0.31122 -0.12934 0.41969 -0.46377 8
0.79844 -0.79209 0.42593 -0.46010 -0.65258 -0.64945 -0.60560 0.88963 8
-1.13814 0.83248 -0.28918 -0.36613 -0.61697 -0.37041 -0.59776 1.48094 8
0.63872 -0.71250 -0.36864 0.48599 1.39372 0.22917 1.39006 -0.78522 8
-1.47754 1.09466 0.66429 -0.59395 -0.51252 -0.71038 -0.48529 -0.16416 8
-1.35276 1.05720 1.85614 -0.00906 -0.15406 -0.30065 -0.03280 0.13387 8
0.57883 -0.80145 0.02865 -0.54994 -0.32498 -0.66358 -0.40944 -0.12200 8
-1.42264 1.01039 1.85614 0.40119 1.64773 0.90645 1.65161 -0.72079 8
-0.63902 0.89802 1.29994 -1.04774 -1.12973 -1.09361 -1.14179 -0.67210 8
-0.89856 1.38025 0.66429 0.09316 -0.35109 -0.37041 -0.26035 1.82313 8
0.75352 -0.68909 1.37940 -0.53573 -0.56949 -0.53819 -0.60822 -0.10536 8
-1.15311 0.95421 -1.00428 0.65742 0.20440 0.10378 0.20260 1.39525 9
1.09292 -1.16663 -1.16320 1.10159 1.98245 -0.11257 0.51385 -0.34828 9
0.58382 -0.76400 -1.48102 -0.50869 -0.47216 -0.63620 -0.60560 1.01990 9
-1.22798 0.65457 -0.60700 0.92328 0.46315 0.51968 0.53477 0.92252 9
0.79844 -0.91849 -0.92483 0.83894 0.24238 0.65391 0.43538 1.63612 9
0.60379 -0.74059 1.69722 0.40440 0.65069 0.26361 0.67601 -0.41444 9
0.35922 -0.64695 -0.92483 1.35553 0.46078 0.50026 0.41969 1.80324 9
0.56885 -0.74995 0.58484 -0.49677 -0.35584 -0.49315 -0.38590 -0.11789 9
0.81342 -0.84359 -0.68646 -0.83597 -0.82113 -0.82252 -0.85669 -0.32670 9
-1.43262 0.99634 1.85614 0.14816 0.34446 -0.24767 0.43538 0.18503 9
-1.27290 0.83716 0.50538 -0.08744 -0.01163 -0.21058 0.05090 0.74198 9
0.77848 -0.70313 0.58484 -0.59761 -0.76178 -0.68654 -0.77561 0.44490 9
-1.42763 1.00102 1.85614 -0.48990 -0.13270 -0.68124 -0.19496 -0.62073 9
0.54389 -0.75463 -0.52755 -0.63566 -0.13032 -0.28211 -0.04849 -0.70774 9
0.72857 -0.67973 1.85614 0.42869 -0.06623 0.00753 -0.02495 1.06864 9
-1.21800 1.02911 0.10810 0.58729 0.02635 -0.08431 0.11629 1.41646 10
-1.43262 1.00102 1.85614 1.36057 1.73319 0.52763 1.82162 0.28309 10
-1.12316 0.57498 -0.92483 -0.48715 -0.63122 -1.13335 -1.16271 -0.89417 10
-1.23297 0.81375 -0.44809 1.14559 0.88571 0.81727 0.95065 0.71650 10
0.87830 -0.93254 -1.00428 -0.10623 -0.44842 -0.49227 -0.44605 3.75989 10
0.53391 -0.75463 -0.05081 1.13367 2.24120 0.78371 2.48859 -0.28638 10
-1.33779 1.04316 1.53831 -0.22129 -0.04961 0.20356 -0.10603 -0.43634 10
0.71359 -0.87168 1.85614 -0.19608 -0.30599 -0.56026 -0.23943 1.03701 10
-1.15810 0.86993 -1.56048 1.04200 0.09282 0.49054 0.23922 3.07857 10
0.58382 -0.73591 1.85614 -0.06177 -0.41756 -0.59823 -0.39374 1.45468 10
0.35922 -0.74527 -0.60700 0.55062 0.09520 0.07375 0.02474 2.40914 10
0.89827 -0.99340 0.02865 0.43740 0.55573 -0.31390 0.27060 0.30304 10
0.83338 -0.95127 -0.28918 -0.07827 0.11182 -0.45871 -0.07203 -0.11415 10
-1.22299 0.77630 -0.28918 0.55429 -0.10896 0.03137 -0.06418 3.43571 10
-1.25793 0.80907 0.66429 -0.16812 -0.50540 -0.43752 -0.46698 1.92477 10
