-0.09498 0.50476 0.02865 -0.40830 -0.23003 0.09230 -0.28389 -1.21568 1
-0.85364 1.08061 1.53831 -0.39868 -0.22290 -0.01720 -0.20542 -1.14051 1
-0.83867 1.08530 0.90266 -0.42756 -0.41756 -0.19204 -0.33097 -0.94165 1
-1.00338 1.64711 0.42593 -0.57745 -0.38433 -0.63885 -0.47744 -1.25068 1
-1.23796 1.73606 1.22049 -0.72046 -0.73092 -0.82252 -0.84885 -0.52409 1
-0.09997 0.53285 0.02865 -0.03748 0.39668 1.09807 0.40661 -1.39648 1
0.24442 0.18172 -0.20972 -0.40693 -0.45555 -0.47196 -0.51406 -1.01419 1
-0.06004 0.51880 -0.92483 -0.09065 0.14268 0.12144 0.10059 -1.22420 1
1.13784 -0.70782 1.45886 -0.45277 -0.25139 -0.10374 -0.29958 -1.40212 1
-0.06004 0.54689 0.18756 -0.02739 -0.18967 -0.10550 -0.21327 -0.31022 1
-1.20801 1.64711 -0.92483 1.74377 1.58126 1.62524 1.68038 -0.60899 1
-2.29110 2.52259 -0.44809 -0.44177 -0.36296 -0.32273 -0.28651 -0.89381 1
0.20449 0.30344 -0.84537 -0.11861 -0.29412 -0.05870 -0.19758 0.27862 1
-0.13990 0.53753 -1.63993 0.21096 0.34683 0.02519 0.11890 -0.57109 1
-0.08001 0.55158 -0.76592 -0.42939 -0.43181 -0.38101 -0.34405 -0.57525 1
-1.35276 1.02443 1.85614 -0.77501 -0.70006 -0.75011 -0.73115 -1.29453 2
1.23268 -1.24622 -0.92483 0.24351 0.76701 0.59386 0.85910 -0.74995 2
-0.93849 1.36152 1.53831 0.35993 0.46553 0.01371 0.59493 -1.01176 2
-0.68394 0.98698 0.50538 -0.67370 -0.64071 -0.80398 -0.61083 -0.80206 2
-0.87361 1.09934 0.66429 0.28018 0.24950 0.27508 0.43277 -0.42355 2
-1.01336 1.96546 -1.32211 0.50799 0.38244 0.09406 0.41969 -0.82259 2
0.05975 0.73885 -0.92483 0.41356 0.44654 0.15676 0.33861 -0.48729 2
0.96315 -0.74059 -0.13027 -0.56324 -0.41756 0.22828 -0.39113 -0.88233 2
1.13285 -0.74059 -1.79885 -0.22037 0.01449 -0.34127 -0.28389 -1.15967 2
-1.89680 1.77819 0.26701 0.06611 -0.16118 -0.12758 -0.05372 -0.14879 2
-0.71389 0.75757 -0.60700 -0.32030 -0.35347 -0.37394 -0.33097 -0.66426 2
0.22446 -0.10387 -1.32211 1.35369 0.95692 1.40625 1.09189 0.30815 2
0.66368 -0.75932 1.14103 -0.54078 -0.22290 0.59386 -0.17404 -1.04103 2
-1.29786 0.99166 1.45886 -0.75071 -0.77602 -0.73157 -0.82269 -0.37476 2
0.67366 -0.81081 0.50538 -0.45231 -0.27038 0.31835 -0.29174 -1.29569 2
-0.44935 -0.32391 -0.92483 -0.58111 -0.54575 -0.69183 -0.51406 -1.05661 3
-1.31782 1.00571 1.45886 -0.80434 -0.68819 -0.59382 -0.67622 -0.65568 3
0.63373 -0.76400 1.85614 -0.61412 -0.69294 -0.50552 -0.68407 -0.43197 3
0.90825 -0.74527 -0.52755 0.14312 0.23288 1.03714 0.26799 -0.39250 3
-1.42763 1.00571 -0.92483 0.04228 0.87858 0.21592 1.02911 -1.47049 3
0.95816 -0.72186 1.37940 -0.65170 -0.60985 -0.63974 -0.53760 -0.61183 3
-0.84366 1.17425 -1.48102 0.33701 0.30173 0.35103 0.40400 -0.17758 3
0.91823 -0.73591 0.42593 -1.05049 -1.02053 -0.98059 -0.99532 -0.36428 3
0.68365 -0.80613 0.58484 -0.16170 -0.09234 0.36251 -0.09819 -0.52182 3
0.65869 -0.75463 0.26701 -0.60724 -0.30362 0.32365 -0.27081 -0.81075 3
-0.89856 1.40365 0.26701 0.46857 0.61508 0.02342 0.56355 -0.63604 3
1.51218 -0.85295 0.18756 1.91520 2.79195 1.06187 2.20088 -0.92276 3
0.61876 -0.74995 1.37940 -0.14841 0.20677 0.11172 0.27060 -1.17262 3
-0.87361 1.43643 -1.00428 0.43832 0.24713 0.27773 0.33861 -0.42129 3
-1.31283 1.00571 1.69722 -0.35238 -0.32023 -0.26268 -0.31789 -0.70037 3
0.63373 -0.73591 1.45886 -0.57103 0.79312 1.26673 0.85649 -1.26468 4
0.55887 0.81375 -0.20972 0.22884 -0.03299 -0.03574 0.06136 0.24546 4
0.69862 -0.86700 0.02865 0.13029 1.00678 1.90251 0.71263 -1.12188 4
-1.37771 1.08061 1.29994 -0.64620 -0.61460 -0.73775 -0.62653 -0.51972 4
-1.23796 1.08530 -0.52755 1.16393 1.60262 1.21728 1.54699 -0.53725 4
-1.28787 0.86057 0.66429 -0.36293 -0.37009 0.18413 -0.21589 -0.56393 4
-2.13138 1.96546 -0.76592 -0.53848 -0.46979 -0.80398 -0.71284 -1.23321 4
0.25939 -0.60014 0.82321 -0.77271 -0.56475 -0.05252 -0.49052 -0.85607 4
-1.14812 1.92333 -1.71939 -0.41197 -0.58848 -0.59912 -0.61345 0.01544 4
-0.71888 0.94484 1.45886 -0.42297 -0.48403 -0.75541 -0.52975 -0.88101 4
0.63373 -0.73591 1.14103 -0.58203 0.47977 -0.42693 0.45108 -1.14504 4
0.60379 -0.66568 0.98212 -1.05370 -1.12261 -1.08390 -1.17579 -1.04103 4
0.68864 -0.76868 0.50538 -0.67095 -0.24190 0.27862 -0.23943 -0.74274 4
0.70860 -0.67973 1.06158 -0.51098 -0.51727 -0.27151 -0.49313 -0.29380 4
-1.24794 1.10870 0.66429 -0.75988 -0.79739 -0.85078 -0.82531 -0.12931 4
-0.86362 1.34747 -0.76592 -0.83139 -0.95881 -0.85520 -0.95870 0.14703 5
0.68365 -0.83891 0.50538 0.35260 0.57235 0.46582 0.44846 -0.57341 5
0.56885 -0.62354 0.66429 -0.56919 -0.53389 -0.27769 -0.45128 -0.14126 5
-1.16309 1.10870 -1.16320 -0.32350 -0.41519 -0.38454 -0.46436 0.12566 5
1.20772 -0.74059 -1.56048 -0.54719 -0.75703 -0.69978 -0.70499 0.60639 5
0.79844 -0.73122 -0.52755 -0.54903 -0.41282 -0.08872 -0.43036 -0.57399 5
-0.71389 0.94016 -0.76592 -1.15271 -1.17959 -0.67771 -1.19933 -1.53350 5
0.81841 -0.74995 0.50538 -0.21808 -0.32973 0.23711 -0.25250 -0.00662 5
0.57384 -0.65164 -0.92483 -0.26896 0.02398 0.72190 0.10844 -0.70831 5
-0.72886 1.64242 -1.48102 0.23021 -0.03299 -0.13288 0.02997 0.10887 5
0.63872 -0.74059 0.42593 -0.70304 -0.21341 -0.08872 -0.15834 -1.19668 5
-0.88858 1.38961 -0.13027 0.76926 0.17354 0.20886 0.19737 0.64692 5
0.61876 -0.75463 -1.40157 -0.63566 -0.53389 -0.70685 -0.42775 -1.57934 5
-1.30784 1.01039 1.69722 -0.77088 -0.76178 -0.77661 -0.78084 -0.63373 5
-1.29286 0.97293 0.58484 -0.90289 -0.96356 -0.93555 -0.95608 -0.21390 5
0.68864 -0.85295 -0.44809 -0.77088 -0.35109 -0.54878 -0.33097 -0.67763 6
-1.57736 1.28193 0.90266 -0.57149 -0.54338 -0.51611 -0.55329 -0.40071 6
0.62375 -0.78741 1.14103 0.54237 0.40380 0.07022 0.55570 -0.36781 6
0.80842 -0.82486 0.50538 -0.35834 -0.36771 -0.27416 -0.31005 0.31989 6
-1.13814 0.44858 1.06158 -0.79976 -0.79501 -0.79515 -0.75207 -0.29217 6
0.57883 -0.62354 -0.05081 0.25267 0.07383 0.68834 0.15552 0.68224 6
-0.18981 1.55347 -1.63993 -1.01107 -1.02291 -1.22695 -1.25949 -0.65568 6
0.83837 -0.73122 0.50538 -0.54857 -0.65733 -0.54878 -0.59776 0.05797 6
0.62874 -0.64227 0.74375 -0.17041 -0.18492 -0.26621 -0.29174 0.20940 6
-1.51747 1.22107 -0.28918 0.16237 -0.20866 -0.07989 -0.17142 0.43653 6
-1.40766 0.98230 1.37940 -0.51281 -0.56712 -0.48256 -0.49836 -0.86770 6
-1.13315 0.76694 -1.56048 0.45298 0.65069 0.38017 0.57924 0.17772 6
1.63696 -0.88572 -1.79885 4.74659 4.78840 2.77760 3.73097 0.44679 6
0.63373 -0.83422 0.74375 -1.15179 -1.19146 -1.13335 -1.20195 -0.77716 6
-0.73884 1.56283 -1.32211 0.47682 0.02873 0.12938 0.02736 0.50043 6
0.81342 -0.73591 0.26701 0.35856 0.29461 0.50997 0.32030 0.08560 7
-1.20801 0.62648 -1.08374 0.18713 0.58897 -0.10550 0.50600 -0.89144 7
0.77349 -0.80613 0.50538 -0.59532 -0.72142 -0.64768 -0.69191 0.65523 7
0.81342 -0.85763 -0.44809 0.05557 0.46553 0.34043 0.54262 -0.56356 7
0.18952 -0.64695 -1.32211 -1.10183 -1.18908 -1.18898 -1.21502 0.15582 7
-1.30784 1.16957 -1.87830 2.39191 2.15574 2.59216 2.34212 0.56833 7
0.83338 -0.82018 0.42593 -0.56828 -0.69531 -0.67506 -0.62391 0.42337 7
0.61876 -0.67504 1.29994 -0.51831 -0.45317 -0.55320 -0.47221 -0.38565 7
-0.82369 1.47388 -1.63993 0.35856 -0.05673 -0.10020 -0.23681 1.32682 7
0.18453 -0.63291 -0.52755 -0.12549 0.14980 -0.26356 -0.00141 -0.24743 7
-1.44260 0.97293 1.85614 -0.45552 -0.44368 -0.25385 -0.41728 0.14208 7
1.27760 -1.40540 -1.71939 1.76348 1.04001 1.62789 1.32205 0.98174 7
1.29257 -1.36326 -1.95776 -0.71404 -0.90184 -0.75453 -0.82531 0.41900 7
0.79345 -0.89977 -0.36864 -0.15024 -0.17543 -0.28652 -0.24204 0.31894 7
-1.53743 1.33343 -0.92483 -0.70854 -0.88760 -0.84107 -0.88023 0.86083 7
0.52892 -0.63291 0.42593 0.43282 0.06434 0.23711 0.06398 0.80841 8
-1.15311 0.84184 -0.92483 0.38194 0.85010 1.18019 0.80679 -0.25385 8
0.62375 -0.72186 0.26701 -0.95010 -0.82350 -0.70596 -0.82269 -0.96671 8
0.49398 -0.66568 -0.13027 -0.19562 -0.43893 -0.34569 -0.40682 0.44311 8
0.67366 -0.71718 0.50538 0.62671 0.59372 1.20050 0.69171 0.13192 8
-1.36773 1.07593 0.58484 -0.10669 -0.30836 -0.44900 -0.24989 0.61544 8
-1.34278 1.04316 0.50538 1.15751 2.86316 1.63407 3.24971 -1.17904 8
-1.02334 0.68266 0.66429 -0.47798 -0.55762 -0.34922 -0.55591 0.03154 8
0.72857 -0.78272 0.02865 0.06795 0.10469 -0.13023 0.13198 0.27241 8
-1.25793 0.82780 0.58484 -0.48623 -0.37721 -0.34392 -0.30743 0.66855 8
0.61876 -0.82018 0.10810 -0.35742 -0.22290 -0.46490 -0.16881 -0.37907 8
0.56885 -0.67973 -0.52755 -0.26758 0.07146 -0.15142 0.18952 -0.64968 8
-1.44260 1.35684 0.26701 -0.41289 -0.49115 -0.56556 -0.49836 -0.10873 8
0.80343 -0.90445 -0.44809 0.81648 0.47977 0.38811 0.50600 0.77488 8
0.56386 -0.68441 -0.28918 1.06812 1.41509 0.45522 1.19912 -0.03294 8
1.15781 -1.33517 0.58484 -0.50823 -0.26326 -0.63179 -0.49052 -0.57109 9
-0.06503 -0.56268 1.85614 -0.58295 -0.18492 -0.54878 -0.26035 -0.78727 9
-1.19304 0.64053 -0.68646 0.55520 0.44891 0.26449 0.62109 -0.27685 9
-1.27789 0.99166 0.10810 -1.01840 -1.14873 -1.13777 -1.17579 0.58128 9
-1.24295 0.63117 -1.08374 0.34343 0.31122 0.12850 0.30199 0.18672 9
-1.34777 0.90271 -1.87830 1.04750 1.52191 0.33955 1.49991 0.95953 9
-0.43937 -0.35668 -1.95776 -0.50548 -0.75228 -0.77749 -0.80700 1.94699 9
0.80842 -0.92318 -0.20972 -0.38905 -0.73804 -0.69448 -0.72069 1.55379 9
-1.23796 1.06189 0.26701 0.01844 -0.12795 -0.38807 -0.06942 0.41169 9
1.00308 -0.84359 -0.05081 -0.79792 -0.97543 -0.95321 -1.00578 0.84646 9
1.16280 -1.33517 1.22049 -0.21258 -0.25377 -0.47108 -0.20804 0.15977 9
0.56885 -0.74995 0.58484 -0.49677 -0.35584 -0.49315 -0.38590 -0.11789 9
-1.22299 0.80439 -0.52755 0.26734 0.51775 0.04726 0.43800 0.14561 9
-0.05006 -0.58609 -0.05081 -0.37668 -0.02824 -0.50905 -0.20804 -0.37276 9
-1.21800 1.06657 -0.60700 3.41822 1.73556 1.95991 1.88178 2.00915 9
0.58382 -0.83422 0.02865 -0.25246 -0.01163 -0.44724 -0.02757 0.91115 10
0.59380 -0.84359 0.90266 0.19904 0.07621 -0.14259 0.01690 0.68003 10
-1.40766 0.90739 0.50538 -0.96981 -1.07988 -1.09538 -1.10779 1.37688 10
-1.30285 1.01975 0.10810 -1.07432 -1.18671 -1.14748 -1.17056 1.31156 10
0.61377 -0.72654 1.85614 0.05511 0.00974 -0.40132 0.02736 0.90347 10
0.76350 -0.70782 0.10810 -0.21349 -0.52202 -0.38984 -0.49836 0.95847 10
0.59380 -0.84827 0.42593 -0.37301 -0.41282 -0.59647 -0.34928 1.11591 10
0.61377 -0.86700 -0.28918 3.84130 2.58304 2.42174 2.83645 2.26733 10
0.52393 -0.75932 -0.28918 0.05557 0.47502 -0.36335 0.34907 -0.38286 10
-1.43761 1.06189 0.10810 0.51670 0.42517 -0.11786 0.34646 2.43082 10
0.88828 -0.96999 0.58484 -0.26529 -0.49590 -0.67771 -0.49836 2.10300 10
0.90326 -0.98404 -0.36864 -0.24329 -0.45555 -0.63002 -0.43821 3.56045 10
0.88329 -0.84359 -0.92483 0.15366 -0.44605 -0.21676 -0.40159 3.81727 10
-1.45757 1.01039 1.85614 0.23388 -0.14219 -0.24944 -0.11650 1.19486 10
-1.34278 0.89334 -1.87830 0.28797 -0.22765 0.16029 -0.12173 2.77438 10
