0.64372 -0.75463 1.85614 -1.07937 -1.03240 -0.84372 -1.05548 -1.01755 1
0.00484 0.21917 0.02865 -1.01382 -1.09175 -1.00796 -1.11563 -1.23136 1
0.13961 0.42049 0.34647 -0.51648 -0.44130 0.27244 -0.42775 -1.18204 1
0.26439 0.20513 -0.92483 -0.00585 0.28748 0.42962 0.30984 -1.20083 1
0.30431 -0.12260 0.90266 -0.47339 -0.38908 -0.35275 -0.42513 -1.31890 1
-0.25969 0.26131 -1.32211 -0.32671 0.05009 1.22169 0.09275 -1.29042 1
0.28435 -0.12260 0.98212 -1.06928 -1.09175 -1.06801 -1.09732 -0.86822 1
-1.27789 2.04974 -0.60700 -0.78830 -0.81638 -0.86049 -0.84100 -0.91886 1
-0.92352 1.39897 0.98212 -0.70992 -0.63122 -0.85078 -0.73376 -0.97287 1
1.73679 -0.69377 -1.24265 3.12073 3.46376 2.41997 2.56967 -0.66299 1
-0.66897 2.08251 -0.36864 -0.46148 -0.53389 -0.69272 -0.58991 -0.87586 1
-0.09997 0.51880 1.77668 -0.54169 -0.71905 -0.61501 -0.64745 -0.29380 1
-0.08999 0.53753 -0.05081 0.28476 0.50826 0.49054 0.55570 -0.83043 1
-1.80197 2.31660 -0.84537 -0.54307 -0.61697 -0.64503 -0.64222 -1.12877 1
-1.40267 2.29787 0.58484 -0.65079 -0.70718 -0.68742 -0.71022 -0.61915 1
-0.86861 1.42706 -1.00428 1.16576 1.74031 0.66715 1.70392 -0.93155 2
1.18775 -0.72654 -0.52755 -0.07736 0.04060 0.12497 -0.01449 -0.64062 2
1.22768 -1.36794 0.10810 -0.41564 -0.19204 0.21857 -0.10342 -1.14257 2
-0.95846 1.34279 0.10810 -0.42206 -0.63359 -0.51523 -0.61868 -0.44182 2
1.23268 -1.36794 -0.28918 -0.77776 -0.69056 -0.37306 -0.67884 -1.11625 2
1.13285 -0.69845 0.66429 -0.54169 -0.65733 -0.58675 -0.65791 -0.80369 2
1.04800 -0.79209 0.42593 -0.95194 -0.94694 -0.78897 -0.94824 -0.42213 2
0.64372 -0.77336 0.82321 -0.60953 -0.45792 -0.08254 -0.44082 -1.00761 2
1.35746 -0.64227 -0.76592 1.26477 1.61924 -0.39249 -0.34928 -0.66389 2
-0.32957 1.83906 -1.16320 -0.39180 -0.45555 -0.61060 -0.55591 -0.74253 2
-0.95846 1.37556 1.61777 -0.59670 -0.10896 -0.69890 -0.20542 -1.11267 2
0.65869 -0.80145 1.22049 -0.41197 -0.41519 -0.21323 -0.40944 -0.70237 2
-0.85364 1.11807 -1.63993 -0.35192 -0.34635 -0.14789 -0.28912 -0.36618 2
-1.33779 1.16020 1.85614 0.09637 0.39668 0.08258 0.31507 -0.88065 2
1.16280 -0.87168 -1.56048 1.95783 1.99669 1.97757 2.06748 -0.54246 2
-0.71888 0.95421 0.66429 -0.07002 -0.18730 -0.31213 -0.14265 -0.42034 3
1.17278 -0.70313 -1.48102 1.51962 1.88037 1.57049 1.72485 -0.61562 3
0.93820 -0.76400 -0.05081 -0.88410 -0.91134 -0.76336 -0.96916 -0.68036 3
-1.38271 1.08530 0.74375 -0.59395 -0.56949 -0.58234 -0.67622 -0.30917 3
-0.67895 1.23043 -1.24265 -0.25291 -0.21103 -0.52229 -0.50883 -0.30370 3
1.15781 -0.68909 0.66429 -0.42481 -0.61697 -0.60177 -0.58991 -0.07994 3
0.63872 -0.80145 0.90266 -0.32121 -0.18255 0.16824 -0.17404 -0.52409 3
1.27760 -1.37262 -0.28918 -0.14428 -0.33210 0.00753 -0.29697 -0.17716 3
-0.44935 0.79034 -1.08374 0.60333 1.05900 0.52852 1.37698 -0.69094 3
-2.28112 2.95800 -0.60700 0.02761 0.09520 -0.19204 -0.01449 -0.83991 3
1.04800 -0.80145 -0.84537 0.56529 0.55811 0.94884 0.59232 -0.11178 3
0.70361 -0.44096 0.50538 0.21921 0.10707 0.48436 0.11890 0.01691 3
-0.79874 1.09466 -0.05081 -0.57836 -0.68819 -0.57969 -0.70761 -0.12200 3
-1.31782 1.16020 0.18756 0.05970 0.15692 0.01371 0.13721 -0.36523 3
0.62375 -0.75463 1.77668 -0.28683 -0.18492 -0.06223 -0.17404 -0.96865 3
0.57384 -0.63759 0.34647 -0.65399 -0.46742 -0.29006 -0.56637 -1.17967 4
-1.21301 1.27725 0.42593 -0.51969 -0.60748 -0.49933 -0.52975 -0.27733 4
0.91324 -0.71718 -0.20972 0.03999 0.15692 0.37222 -0.00403 -0.62783 4
-0.86861 1.41770 -0.13027 -0.42297 -0.60748 -0.58675 -0.53498 0.70398 4
-1.37771 1.08061 1.06158 -0.43122 -0.45792 -0.62384 -0.43298 0.03739 4
0.80343 -0.71718 0.10810 0.06382 0.28274 1.25525 0.37261 -0.33902 4
1.24765 -1.43817 -1.56048 0.46399 0.84772 1.64908 0.89049 -0.40608 4
-0.74383 1.53474 -0.84537 1.77173 2.08453 1.34973 2.28457 -0.70184 4
1.22269 -0.94659 -2.11667 -0.03060 -0.25377 -0.17085 -0.29174 0.26025 4
0.85335 -0.86231 0.18756 0.40669 0.91182 1.09012 1.17558 -0.36397 4
-0.41941 -0.31455 -0.60700 -0.39501 -0.65258 -0.61943 -0.68668 0.41021 4
0.56885 -0.62823 0.82321 -0.39730 -0.30362 0.06492 -0.28651 -0.39450 4
1.11289 -0.89977 -1.48102 -0.02052 -0.12320 -0.15054 -0.19496 -0.37865 4
-0.91853 1.36620 -1.16320 -0.04665 0.39668 0.06139 0.21829 -1.02850 4
-0.03509 0.57030 -1.08374 -0.10944 -0.43893 -0.14789 -0.39897 0.58939 4
0.68365 -0.79209 1.29994 -0.37484 -0.30836 0.24683 -0.33097 0.09129 5
0.82340 -0.82486 0.34647 -0.47614 -0.31311 0.40842 -0.20019 -0.42934 5
1.16280 -1.14322 -0.76592 -0.48898 -0.44368 -0.34480 -0.38590 -0.50087 5
0.70361 -0.80145 1.22049 -0.58111 -0.61935 -0.46490 -0.59776 -0.14574 5
-1.30285 1.18829 -1.71939 0.66796 0.26849 0.70865 0.38307 0.72724 5
-0.91853 1.26788 -0.36864 -0.47248 -0.61935 0.47730 -0.65268 -0.41444 5
-1.15311 0.79034 1.29994 -0.19378 0.06196 0.43668 0.03782 -0.31059 5
-1.25294 0.93548 0.42593 -0.46606 -0.58136 -0.24502 -0.49575 0.08523 5
-0.93849 0.99166 -1.08374 0.55474 0.33021 0.82521 0.35430 0.39300 5
1.25763 -1.17131 -0.92483 -0.11494 -0.39383 -0.27151 -0.34143 0.21614 5
0.79844 -0.83422 1.29994 -0.83322 -0.92795 -0.77661 -0.90901 0.65008 5
0.62375 -0.79677 0.66429 -0.11769 -0.18017 -0.08696 -0.14265 0.19967 5
0.78347 -0.87636 -0.20972 -0.34826 -0.19679 0.06492 -0.16619 -0.49777 5
0.68864 -0.82486 0.50538 -0.39730 -0.24190 -0.22913 -0.29697 -0.52409 5
1.25763 -1.25558 -0.92483 0.18483 0.04060 -0.11345 0.13721 0.04339 5
-1.25294 0.94016 0.10810 1.20610 1.69758 2.33078 1.60453 -0.27517 6
0.56386 -0.65164 0.58484 -0.44727 -0.56237 -0.17703 -0.50360 0.11808 6
0.56885 -0.66100 0.42593 -0.48027 -0.42231 -0.30507 -0.41728 -0.11089 6
0.89827 -0.90445 -1.08374 -0.57011 -0.64308 -0.65740 -0.61868 0.81804 6
0.36421 -0.68441 -1.00428 0.37277 0.66968 0.39871 0.82772 -0.34375 6
0.83338 -0.92318 -1.95776 -0.99915 -1.06089 -0.70861 -1.08686 1.45605 6
0.83338 -0.83422 0.50538 -0.40326 -0.49828 -0.35275 -0.43821 -0.14247 6
0.55887 -0.63759 0.50538 -0.48439 -0.56475 -0.36511 -0.61345 0.66266 6
1.16280 -1.12449 -1.24265 0.51349 0.26137 0.30158 0.29938 0.10892 6
0.71359 -0.79209 0.18756 0.09408 0.56048 0.16471 0.54524 -0.50014 6
-1.25793 0.82780 -0.52755 -0.52565 -0.24190 -0.67417 -0.07726 -0.18569 6
0.61876 -0.72186 0.58484 -0.90839 -0.83537 -0.89140 -0.94562 -0.09231 6
1.18775 -1.32113 0.34647 1.18730 0.70054 0.70247 0.88787 0.67292 6
0.79345 -0.88572 0.02865 0.37002 0.23051 0.73426 0.31507 0.45780 6
-1.18805 0.81375 0.82321 -1.00373 -0.97068 -0.97882 -0.97439 -0.43950 6
1.16779 -1.29772 -1.08374 -0.42756 -0.51727 -0.74040 -0.56898 0.63944 7
0.57883 -0.67036 0.26701 0.04503 0.27561 0.69188 0.28891 -0.18648 7
0.51894 -0.55332 -1.48102 1.31702 1.02339 1.39212 1.20174 0.90926 7
-0.77877 1.41770 -2.11667 4.45736 2.87029 2.66015 2.53828 1.25255 7
1.30754 -1.25090 -0.84537 -0.25154 -0.43893 -0.38277 -0.44605 0.33126 7
0.72357 -0.84359 1.29994 -0.41335 -0.49115 -0.55496 -0.54021 0.53743 7
0.54389 -0.64695 0.50538 -0.35330 -0.48166 -0.31037 -0.42513 0.65066 7
0.62874 -0.84359 -0.13027 0.11195 0.62695 0.58061 0.59493 -0.47835 7
-1.42264 0.99634 0.66429 -0.61641 0.11894 0.37134 0.15029 -1.33390 7
-0.65898 -0.12260 0.02865 -0.27033 0.11894 -0.51170 -0.23419 -1.16888 7
0.52892 -0.67036 0.42593 0.10783 0.10232 -0.06665 0.09275 -0.08726 7
1.18276 -0.64227 -0.92483 3.10927 2.17711 -0.03839 -0.10603 1.23834 7
-1.12816 0.77162 -0.92483 0.19308 0.16167 0.53381 0.26799 0.70845 7
-1.35276 1.05252 1.85614 -0.67095 -0.76653 -0.82694 -0.73638 0.02423 7
1.18276 -1.33517 0.74375 0.01203 -0.09471 -0.25915 -0.00926 0.07107 7
-0.85364 1.40834 -0.76592 0.43007 0.31122 -0.04634 0.37523 -0.12679 8
-1.21800 0.82312 0.58484 -0.30242 -0.41994 -0.06841 -0.33620 0.93379 8
0.70860 -0.79677 -0.28918 -0.31525 -0.24902 -0.26268 -0.18450 -0.05752 8
-1.16809 0.95889 -0.84537 0.45619 0.02161 0.24241 0.05351 1.02448 8
0.94319 -0.93722 -1.24265 1.46416 0.90945 1.29940 1.02388 1.24729 8
0.76350 -0.86700 -0.20972 0.46123 0.04535 0.17442 0.18168 1.03795 8
-1.09821 0.95421 -0.68646 2.49001 1.61212 1.82216 1.98640 1.01064 8
0.84336 -0.78272 -1.00428 7.52802 6.03232 8.44401 6.69961 0.88231 8
0.60379 -0.82018 -0.28918 0.09591 0.40855 0.16382 0.33599 -0.35044 8
-0.49427 -0.23496 -1.08374 1.45866 0.91657 0.79342 0.90357 0.28036 8
1.24765 -1.33517 -0.20972 0.49928 0.20202 0.07993 0.33338 0.44406 8
0.49897 -0.66568 -0.44809 1.03375 0.60559 0.90204 0.69432 1.05754 8
-0.43438 -0.35200 -1.56048 0.22380 -0.29175 -0.22648 -0.24204 1.52579 8
-0.89856 1.38025 0.66429 0.09316 -0.35109 -0.37041 -0.26035 1.82313 8
-1.50749 1.16488 -0.28918 2.35983 1.44120 1.78330 1.74316 1.12775 8
1.20772 -1.13854 -1.00428 0.02486 -0.18730 -0.15230 -0.27866 0.08534 9
-1.13814 0.94952 -1.16320 0.73351 0.38719 0.35986 0.42754 0.93126 9
-1.31283 1.03380 0.10810 -0.19470 -0.45555 -0.51346 -0.40944 1.15586 9
1.10290 -0.80145 -1.71939 3.08956 1.52666 1.89368 1.58884 2.45388 9
-1.31283 1.01975 1.29994 0.15046 -0.24190 -0.31655 -0.19235 1.53405 9
0.58382 -0.76400 0.42593 -0.37576 -0.48166 -0.48874 -0.41990 0.51548 9
-1.18306 0.62648 0.18756 -0.41151 -0.27513 -0.60000 -0.37805 -0.71242 9
0.56885 -0.68441 0.66429 -0.29967 -0.49115 -0.55761 -0.41728 1.08264 9
0.56885 -0.68441 0.50538 0.13120 -0.07335 -0.26092 -0.03803 0.83183 9
-1.23796 0.81375 -0.13027 0.57262 0.29223 0.09848 0.27845 1.44110 9
-1.43262 1.00571 1.85614 -0.69571 -0.61460 -0.80486 -0.56375 -0.76379 9
0.56386 -0.74995 0.66429 -0.66133 -0.79027 -0.82782 -0.72069 -0.12931 9
0.91324 -0.81550 -1.95776 16.18124 11.71069 12.97750 12.26549 1.90756 9
0.72857 -0.87168 -1.08374 2.96443 3.10768 1.68440 3.17124 0.67382 9
0.59879 -0.69845 -0.60700 0.93245 1.47918 0.43138 1.55484 -0.03794 9
0.80842 -0.78741 0.02865 1.05758 0.32309 0.43050 0.37000 1.55185 10
0.80343 -0.81081 -1.56048 -0.33771 -0.60273 -0.31390 -0.54021 1.78045 10
-1.23297 0.80439 -0.68646 -0.28408 -0.53389 -0.58146 -0.49575 1.56137 10
1.30255 -0.98872 -1.56048 0.07620 -0.15881 -0.23884 -0.20542 0.13387 10
-1.16809 0.74821 -0.13027 1.02229 0.30885 0.46847 0.41708 1.84945 10
0.58382 -0.77804 0.50538 -0.78967 -0.89472 -0.86049 -0.85669 0.91915 10
0.55387 -0.74527 -0.92483 0.04274 0.85247 -0.01896 0.67601 -0.39328 10
-1.19803 0.75289 0.50538 -0.03794 -0.01163 -0.27239 -0.00403 0.28194 10
1.17777 -1.25090 -2.03721 1.65714 1.06850 0.79872 1.02911 2.40277 10
0.53890 -0.69845 -0.05081 0.41402 -0.23003 -0.20793 -0.20542 3.58398 10
-1.48752 1.07125 1.85614 -0.15253 -0.44605 -0.50022 -0.36759 1.17792 10
-1.45757 1.01039 1.85614 -0.06773 -0.60985 -0.54790 -0.53498 3.59777 10
-1.20801 0.75757 -0.28918 -0.40922 -0.77365 -0.72539 -0.78346 3.62536 10
-1.28787 0.85121 1.85614 -0.94781 -1.06089 -1.06536 -1.11040 1.20371 10
-1.14812 0.73885 -0.84537 -0.71312 -0.98730 -0.92142 -0.99009 2.74201 10
