-0.10741 -0.24533 -1.42730 -0.59667 -0.41082 -0.22677 -0.76558 1.10210 1
-0.11178 -0.24533 -1.12040 -0.72274 -0.41082 0.67048 -0.41783 1.19782 1
-0.11094 -0.24533 -0.40146 -0.63504 -0.41082 0.47902 -0.52601 1.53284 1
-0.11687 -0.24533 -0.69878 -0.75782 -0.41082 -1.23406 -1.65528 -1.48234 1
-0.11559 -0.24533 2.13614 -0.27300 -0.41082 -0.57997 -0.92006 -1.48234 1
-0.11050 -0.24533 -1.06520 -1.03630 -0.41082 -0.57997 -0.84212 -0.47728 1
-0.11266 -0.24533 -0.54434 -0.04734 -0.41082 0.02505 -0.93763 0.67136 1
-0.10897 -0.24533 -0.60302 -0.39080 -0.41082 -0.03490 -0.86973 0.19276 1
-0.11739 -0.24533 1.57334 1.61592 -0.41082 -1.23406 0.68807 -1.48234 1
-0.11603 -0.24533 0.07212 -0.93949 -0.41082 5.96086 -1.94820 1.53284 1
-0.11707 -0.24533 -0.12979 -0.56683 -0.41082 -1.23406 -4.86693 -1.48234 1
-0.11398 -0.24533 0.03464 0.13900 -0.41082 -0.51457 0.21254 -1.48234 1
-0.11190 -0.24533 -1.48408 1.18391 -0.36115 -1.23406 -3.88072 -1.48234 1
-0.10973 1.01449 -0.63063 -0.04595 -0.41082 -0.63448 0.27928 -1.48234 1
-0.11631 -0.24533 -0.86919 0.89368 -0.41082 1.84948 -0.57515 1.53284 1
-0.11495 -0.24533 -1.13003 0.21960 -0.20045 -1.23406 -1.13096 -1.48234 1
-0.11442 -0.24533 -0.41763 -1.55715 -0.41082 0.36481 0.56922 1.53284 1
-0.11226 -0.24533 -0.56151 0.79132 -0.41082 0.30771 -1.79789 0.52778 1
-0.10805 -0.24533 -0.62718 -0.18485 -0.08299 -0.35305 -0.92179 1.53284 1
-0.10657 -0.17945 -0.87306 0.31573 -0.41082 -1.23406 -1.23472 -1.48234 1
-0.10200 -0.19291 0.08190 -0.79152 -0.39252 1.26129 -0.17457 1.03031 1
-0.11663 -0.24533 -1.62937 -0.71374 -0.41082 -0.20621 0.78222 1.53284 1
-0.11611 -0.24533 0.61749 -0.27300 -0.41082 0.36481 -1.13406 0.77905 1
-0.11278 -0.24533 0.31696 0.15330 -0.17631 0.89777 0.70099 0.77905 1
-0.11270 -0.24533 0.37836 -0.62844 -0.41082 -0.48976 -0.24561 1.53284 1
-0.11643 -0.24533 -0.91904 1.03502 -0.41082 3.56255 -0.97278 -1.48234 1
-0.11595 -0.24533 -1.27420 0.85449 4.57930 -0.43462 -1.18368 -1.48234 1
-0.10917 -0.15704 -0.22808 -0.15242 -0.41082 -0.60841 -1.01044 1.53284 1
-0.11362 -0.24533 -0.74449 0.64341 2.35104 0.30771 -0.72634 1.53284 1
-0.11438 -0.24533 -0.69297 -0.79974 -0.41082 3.56255 0.48093 1.53284 1
-0.06396 -0.20030 -0.58378 -0.91175 0.35247 -0.55394 0.30368 0.10460 1
-0.11026 -0.24533 -0.04572 0.71332 -0.41082 -0.60841 -1.08635 -1.48234 1
-0.11242 -0.17548 -1.14885 -0.59599 -0.41082 0.49272 -0.79682 0.52778 1
-0.11438 0.64960 -0.81609 1.99524 -0.41082 -1.23406 -2.39352 -1.48234 1
-0.10797 -0.24533 -0.25218 -0.72467 -0.38126 -1.23406 0.02900 -1.48234 1
0.04774 -0.22074 -0.19518 -0.82599 1.37427 -0.01525 -0.36704 0.94926 2
-0.11374 -0.24533 0.83419 0.79739 -0.41082 -0.51457 -0.78216 0.02525 2
-0.08132 -0.16832 -0.59848 0.17018 1.91552 -0.70391 -0.68656 0.67136 2
-0.11082 -0.24533 0.20579 -0.16474 -0.41082 -0.72013 0.04706 1.53284 2
-0.09731 -0.24533 -0.59938 -0.40140 -0.34042 -0.71269 -0.30493 1.53284 2
-0.11386 -0.24533 0.95848 0.59922 -0.41082 1.33555 -0.66302 0.92980 2
-0.09054 -0.13413 -0.87153 -1.09720 -0.41082 -0.17792 0.36489 0.40215 2
-0.10745 -0.24533 0.00021 -0.47695 -0.38277 -0.75440 -0.54913 -1.48234 2
-0.11671 -0.24533 -0.39287 -0.08935 -0.41082 -1.23406 -0.56416 -1.48234 2
-0.09499 -0.14970 -0.10224 -0.51284 0.66332 -0.35900 -1.08552 0.86280 2
-0.09955 -0.24533 0.27167 0.46418 -0.41082 1.80379 -0.07294 0.42198 2
-0.11106 -0.24533 -0.49181 1.03054 -0.36747 -0.63448 0.14317 -1.48234 2
-0.10488 -0.15280 -0.29481 -0.48301 -0.38840 -0.03490 -0.53224 1.03031 2
-0.10224 -0.24533 0.31407 0.39556 -0.41082 -0.65846 -0.05254 0.02525 2
-0.11230 -0.01325 0.66975 -0.93741 -0.09056 -1.04472 -1.30483 1.53284 2
-0.11078 -0.24533 0.71621 0.52137 -0.41082 -0.81083 -0.07860 1.53284 2
-0.10629 -0.21601 -0.34902 0.87232 -0.36045 0.40115 -0.37530 -0.27627 2
-0.10925 -0.24533 0.38671 0.36084 -0.41082 -0.51457 -0.37287 1.53284 2
0.01471 -0.20313 -0.74081 -0.84438 -0.40865 -0.20112 0.12399 0.80504 2
-0.10645 -0.20908 0.40401 -0.14392 -0.23200 -0.86509 -0.66476 0.02525 2
-0.11046 -0.24533 0.24497 -0.43950 -0.13266 2.08667 -0.62546 1.53284 2
-0.10517 -0.15046 -0.76140 -0.64029 -0.41082 -0.20621 -0.92371 0.32677 2
-0.10316 -0.21782 -1.16597 -1.90693 -0.41082 -0.85135 -0.80762 -0.27627 2
-0.10480 -0.14679 0.27630 -0.60253 -0.38853 -0.40388 -1.59960 -0.30977 2
0.50674 -0.10236 -0.28778 -0.70732 0.19200 0.00117 0.12922 0.15410 2
-0.11635 -0.24533 -1.55429 -3.34487 -0.41082 -1.23406 -0.55684 -1.48234 2
-0.11559 -0.07569 0.97517 0.60850 -0.41082 -1.23406 0.02900 -1.48234 2
-0.11234 -0.24533 0.40296 1.35743 -0.41082 1.56396 -0.54410 0.67136 2
-0.10296 -0.22077 -1.18349 -0.89989 -0.39133 0.20493 0.35741 -0.47728 2
-0.11442 -0.24533 -0.05566 -0.00093 -0.41082 -0.51457 -0.11517 -1.48234 2
-0.11462 -0.24533 0.47953 -0.36579 -0.41082 -1.23406 -1.59807 -1.48234 2
-0.11298 -0.16315 -0.05059 -0.07711 -0.41082 0.03563 -0.87288 1.53284 2
-0.11290 0.20705 1.29087 0.36405 -0.35071 2.76312 -1.65604 -1.48234 2
-0.08408 -0.20061 -0.24238 0.12147 -0.41082 1.22736 0.31275 0.14122 2
-0.11314 -0.24533 -0.20321 0.51489 -0.09433 0.56467 -0.72993 0.02525 2
-0.10813 -0.24533 -0.98350 -1.03227 -0.41082 -0.68060 0.55625 1.53284 3
-0.09831 -0.20758 -0.11724 0.35847 -0.39601 0.31324 -0.99160 1.23132 3
-0.10789 -0.20634 0.95884 0.95170 -0.41082 -0.72013 0.56009 1.53284 3
-0.09102 -0.09998 -0.06989 -0.36579 0.20225 -1.06866 0.13186 0.02525 3
-0.11134 -0.24533 -1.02034 -1.09870 -0.41082 0.68459 -0.18441 0.77905 3
-0.09326 0.14447 0.56602 0.75035 0.47003 1.07374 0.14395 1.00075 3
0.07211 -0.22205 0.01152 -0.41355 -0.13892 -0.14803 -0.07848 0.49637 3
-0.10869 -0.24533 0.20668 0.38812 0.25973 -0.43462 -0.16178 -0.47728 3
-0.11050 -0.20935 -0.51365 0.69221 -0.41082 -1.23406 -0.80351 -1.48234 3
-0.10597 -0.17899 0.07965 -0.43601 -0.41082 -1.23406 0.51170 -1.48234 3
-0.09719 -0.22944 -0.09017 0.58435 1.31082 -0.33469 -0.29188 1.53284 3
-0.10945 -0.24533 -0.69019 -0.04510 1.05457 -1.09298 -0.66935 -1.48234 3
-0.11635 -0.24533 0.42120 0.82219 -0.19407 0.56467 -0.41038 1.53284 3
-0.03819 0.13987 0.53814 0.34045 -0.38196 -0.35696 -1.27094 0.02525 3
-0.10432 -0.19196 -0.07037 0.56879 -0.41082 1.03802 -0.75502 0.02525 3
-0.11154 -0.01077 -0.28764 -0.26724 -0.41082 2.08667 -0.67714 -0.47728 3
-0.10789 -0.06866 -1.25873 0.66991 -0.41082 -1.23406 -1.15611 -1.48234 3
-0.08112 -0.13569 -0.52332 -1.27048 -0.40297 -0.86191 0.27788 -0.47728 3
-0.07322 -0.18475 0.50645 0.42171 -0.31407 0.82163 -0.37446 -0.27627 3
-0.11495 -0.14617 -2.90124 -0.79152 -0.41082 -1.23406 1.18237 -1.48234 3
-0.10753 -0.21315 -0.76825 0.58062 -0.41082 -0.33469 0.28364 0.02525 3
-0.07771 -0.24533 0.47112 0.32203 -0.41082 -0.24652 0.36120 0.24062 3
-0.09034 -0.06151 -1.44562 -0.35960 1.86498 -0.38760 -0.13940 0.27652 3
-0.05398 -0.14063 -0.13125 0.51974 -0.41082 -1.06275 0.56650 1.53284 3
-0.11691 0.41439 2.56683 -3.98455 -0.41082 -0.33469 -3.13452 -1.48234 3
-0.10048 -0.10658 1.04756 -0.08601 -0.37747 -0.95733 -0.32762 1.53284 3
7.00088 0.04061 0.63031 -1.17782 1.46467 -0.38936 0.44409 -0.14946 3
0.02634 -0.13317 -0.04558 -0.15646 1.02048 -0.19665 -0.10753 -0.21791 3
-0.03182 -0.09260 -1.64392 -1.25696 -0.35405 0.61606 0.73481 0.49056 3
-0.08128 -0.13572 -0.48100 0.27454 -0.41082 -0.72915 -0.48405 0.02525 3
-0.10601 -0.24533 -0.27858 1.20525 -0.41082 1.76382 0.35410 0.32677 3
0.03648 -0.23340 0.55980 0.28235 0.54880 -0.05241 -0.07243 -0.74530 3
-0.04007 -0.10446 0.69085 0.03298 -0.15590 -0.70110 0.17494 0.32677 3
0.19708 -0.02420 -0.17289 -2.26587 1.05010 -0.86394 -0.32794 0.61915 3
-0.08396 -0.11742 0.80046 0.17351 -0.39381 2.36340 -1.11893 0.59369 3
-0.10068 -0.22498 0.34295 0.46920 -0.41082 0.56467 -0.15439 1.53284 4
0.34225 0.22911 1.21228 0.10725 0.50109 0.25364 0.34799 0.06527 4
-0.11086 0.01914 0.39404 -0.45448 -0.36874 -0.57997 -0.57015 0.52778 4
-0.07803 -0.15672 1.05645 1.17893 -0.39635 0.40115 -0.37074 0.32677 4
-0.11154 -0.13907 0.61709 0.55664 -0.41082 -1.23406 0.82852 -1.48234 4
-0.08224 -0.18631 0.26484 -0.67486 -0.00626 -0.75440 0.00597 1.53284 4
-0.00224 -0.00234 0.36589 -0.35594 0.22248 -0.51142 0.61824 0.48408 4
-0.11474 -0.24533 1.27169 2.62506 -0.41082 2.36340 -0.47226 -1.48234 4
-0.09815 0.11737 -1.11720 1.25287 -0.41082 1.02317 0.64216 0.59060 4
-0.07250 -0.23716 1.29717 0.48726 -0.31562 0.71051 -0.74489 0.02525 4
0.73159 0.22111 -0.18673 -1.42781 0.25316 -0.14835 0.68325 -0.13879 4
-0.08965 -0.24533 0.23625 0.67912 -0.41082 0.72819 0.43438 0.52778 4
-0.11010 -0.24533 0.11163 1.55529 -0.41082 1.16425 0.70020 -1.48234 4
-0.07390 -0.18549 0.70038 -0.21003 -0.11607 0.14958 0.62665 0.32677 4
-0.03559 -0.19195 0.71963 0.33776 -0.41082 0.42631 0.18320 1.03031 4
-0.10821 -0.20851 1.27986 0.97080 -0.41082 0.20493 0.14418 -1.48234 4
-0.07378 0.00419 0.99567 0.33318 -0.40429 -0.87431 0.71695 0.02525 4
-0.08998 1.34715 0.60974 -0.71056 1.37989 -0.97556 -0.57015 -0.47728 4
-0.11507 -0.11765 0.53217 1.66629 0.46949 -1.23406 -0.31274 -1.48234 4
-0.09563 -0.22903 0.66868 0.77358 -0.41082 -0.20621 0.69098 -1.48234 4
-0.11583 -0.24533 0.77821 -0.48379 -0.41082 -0.03490 0.46838 -1.48234 4
-0.10476 -0.21886 -0.87153 -0.48379 -0.41082 -1.23406 0.92084 -1.48234 4
-0.07306 0.19160 1.27522 0.99816 0.26395 3.63011 -0.55248 0.08807 4
-0.10248 -0.09993 -3.82801 -2.40114 -0.39194 -1.02849 0.20582 -1.48234 4
-0.09823 -0.10675 1.66115 1.07923 -0.04213 -0.65846 0.03226 -0.72854 4
-0.07042 -0.12615 0.12344 -0.34328 -0.41082 -0.51457 0.18018 -0.38591 4
-0.10400 -0.24533 0.30056 0.02687 -0.41082 1.46404 0.56849 1.53284 4
-0.05907 -0.20366 0.14642 0.22744 -0.41082 -0.98387 0.13742 1.11695 4
5.10288 -0.09484 0.44129 -0.81279 1.30625 -0.48729 -1.63456 -0.59445 4
-0.11466 -0.03233 0.15335 -0.10845 -0.41082 -1.23406 1.15610 -1.48234 4
0.12914 -0.17302 0.45580 -0.55628 -0.36436 0.25850 0.81994 -0.63190 4
-0.07655 -0.22425 1.41614 -0.05305 -0.41082 -1.15084 -0.93565 -0.24534 4
-0.11651 -0.24533 0.78935 0.09176 -0.41082 -1.23406 -0.34008 -1.48234 4
-0.10068 0.02814 1.27046 0.65839 -0.39395 -0.20621 1.16687 1.53284 4
-0.05727 -0.03255 0.35107 -1.36273 -0.27792 -0.63448 -0.62155 -0.55459 4
0.15904 0.05761 0.18322 1.44875 -0.14249 1.27204 -0.03936 0.07388 5
0.14790 -0.11667 -0.71154 -1.19520 -0.33957 -0.76949 0.44833 0.14122 5
0.32931 -0.02053 -0.66857 1.35095 -0.40633 1.12142 2.51585 -0.41332 5
-0.08432 -0.15272 1.09069 0.45699 -0.39362 -0.43462 1.50831 -1.48234 5
0.15712 0.02494 0.88814 2.16152 -0.34301 0.06623 1.53388 -0.47728 5
-0.08268 -0.24533 -0.29654 -0.61933 -0.36166 -0.83434 1.56947 -1.48234 5
-0.04617 -0.11403 0.94255 -0.83233 0.59951 -0.15164 0.85395 -0.06343 5
0.03868 -0.11089 1.18002 1.00574 -0.39065 0.25185 1.66101 0.10460 5
0.34646 0.06022 0.64894 -1.32287 4.29760 -0.71735 0.99444 -0.00320 5
-0.11390 0.01189 1.79064 2.39962 -0.41082 2.87732 1.01363 -1.48234 5
0.02333 -0.20562 -1.45609 0.95328 -0.38032 -0.16083 -0.68115 -0.30039 5
0.17712 0.46911 0.05092 0.85359 0.26116 0.29678 -0.62785 -0.55038 5
-0.09807 -0.11776 0.30194 -1.41047 0.21813 1.98472 1.86317 -0.41816 5
-0.04677 -0.12525 0.45612 -0.07019 -0.37443 1.06219 1.01338 0.12576 5
-0.02613 0.05015 1.08668 -0.64042 -0.06948 0.39060 0.55969 -0.29780 5
-0.07282 0.34618 1.33435 -1.20176 -0.32133 -0.96255 0.58119 -1.48234 5
-0.03434 0.76418 0.73170 -1.60308 -0.35233 -0.67371 -0.13898 -0.63809 5
0.03764 0.06012 1.31575 1.45791 -0.39790 1.35611 1.39887 -0.64479 5
0.13568 0.04240 0.92154 -0.41092 -0.37121 0.46040 0.38495 0.28038 5
0.48987 0.52550 1.54487 -0.24729 -0.34570 0.31290 1.28524 -1.03715 5
-0.09038 15.28987 0.59337 0.54378 -0.36881 -0.69444 -0.90045 -1.48234 5
0.03155 0.10627 1.51128 0.10110 -0.18604 0.17364 2.44748 -1.14732 5
0.07540 -0.18173 0.50895 0.24360 -0.38557 -0.29559 0.94235 -0.30977 5
-0.03827 0.07666 1.38452 -2.14990 -0.37471 -0.54883 1.81180 -1.48234 5
-0.10112 8.81135 2.37899 2.19860 -0.06445 -0.59451 2.63103 -1.48234 5
0.22181 0.03296 1.05714 1.80668 -0.40153 1.61313 1.75076 0.35122 5
0.00866 0.01043 0.75033 -0.09905 -0.01825 1.14804 1.10279 -0.25165 5
-0.05667 8.51937 1.15623 -0.28574 -0.37322 -0.95079 -1.30510 -1.48234 5
0.17656 2.33679 0.72052 0.58364 -0.34067 0.20493 -0.18121 -0.90250 5
0.01516 0.84760 1.24415 1.26470 -0.37197 2.41012 1.07768 -0.24534 5
0.04886 0.95665 0.89808 0.59428 -0.35917 0.80629 1.43487 0.10460 5
0.04630 0.58908 1.11847 -0.44171 -0.01919 2.51241 1.33950 -1.20823 5
-0.01739 2.30946 0.37739 1.08659 -0.07921 2.01526 1.38133 0.02525 5
-0.01835 0.65031 1.19162 1.38007 -0.23186 1.64391 2.06918 0.60509 5
-0.09627 2.45353 1.39491 2.13708 -0.38403 1.31414 3.71273 0.46866 5
