-0.11755 -0.24533 1.18564 3.25298 -0.41082 -1.23406 0.02900 -1.48234 1
-0.10360 -0.12115 -1.32760 -1.05655 -0.41082 -0.67195 -0.19568 0.92980 1
-0.11466 -0.13435 -1.74886 -1.02521 -0.41082 -1.23406 0.30650 -1.48234 1
-0.11222 -0.24533 0.19150 -0.11744 -0.41082 -0.57997 0.19377 1.53284 1
-0.11539 -0.24533 0.44631 -0.36579 -0.41082 0.56467 0.35853 1.53284 1
-0.11386 -0.24533 -0.63850 -0.60704 -0.41082 -0.25293 0.17023 0.52778 1
-0.11607 -0.24533 -0.00836 -1.04430 -0.23200 2.36340 -1.01642 -1.48234 1
-0.11643 -0.24533 -0.08532 -0.44361 -0.41082 0.20493 -1.04504 1.53284 1
-0.11326 -0.24533 -0.36488 -0.18485 3.62059 -1.23406 -0.83603 -1.48234 1
-0.11322 -0.24533 -1.17641 -1.80568 -0.41082 0.07411 -0.12981 1.53284 1
-0.11250 -0.24533 -0.91904 -0.38916 -0.41082 -0.68060 -0.29013 1.53284 1
-0.11306 -0.14207 -2.47353 1.26003 5.74655 -1.23406 -0.69158 -1.48234 1
-0.11595 -0.24533 -0.32710 -1.81049 -0.41082 -0.57997 -0.10619 1.53284 1
-0.11631 -0.24533 -0.06665 0.89368 -0.41082 -1.23406 -0.84976 -1.48234 1
-0.09967 -0.24533 -0.80828 1.08360 -0.39489 0.20493 -1.26314 1.23132 1
-0.11362 -0.24533 0.96942 -1.05849 -0.41082 -0.65846 -0.93425 0.77905 1
-0.11338 -0.24533 0.07650 0.46844 -0.41082 -0.93427 -0.99776 0.02525 1
-0.11675 -0.24533 -2.78833 0.76180 -0.41082 -1.23406 -0.68998 -1.48234 1
-0.11587 -0.24533 -0.74992 -0.31218 -0.41082 0.56467 -1.10083 1.53284 1
-0.11442 -0.24533 -0.13832 -1.84010 -0.41082 -0.93427 -0.70330 1.53284 1
-0.11675 -0.24533 4.11246 0.26356 -0.41082 -1.23406 -4.22498 -1.48234 1
-0.11438 0.02003 -1.26296 -1.49849 -0.41082 0.01723 -1.36375 0.02525 1
-0.11402 -0.15605 -0.04671 1.36406 -0.25362 -1.23406 -1.16054 -1.48234 1
-0.10593 -0.10205 -0.67262 -0.97097 -0.41082 -0.30900 0.18044 1.19782 1
-0.11547 -0.24533 -0.87039 -0.08067 -0.41082 2.36340 -1.19498 1.53284 1
-0.10789 -0.24533 -0.36089 -0.87993 -0.41082 0.20493 1.00139 -0.14226 1
-0.11490 -0.24533 1.16655 0.76180 -0.41082 -1.23406 0.78222 -1.48234 1
-0.06681 -0.19979 -0.37345 -0.40428 -0.38827 -0.10985 -0.69437 0.32677 1
-0.10553 -0.24533 -1.04174 0.15175 1.78450 -1.23406 -0.54661 -1.48234 1
-0.09991 -0.22577 -0.06282 -0.00636 1.09072 -0.45623 -1.98494 -1.10544 1
-0.10917 -0.20069 0.20253 0.00974 -0.41082 -0.00064 -0.36893 1.53284 1
-0.11607 -0.24533 0.58983 0.67461 -0.41082 -1.23406 0.58176 -1.48234 1
-0.11154 -0.24533 -0.94371 -0.79152 -0.41082 1.96368 0.29014 0.77905 1
-0.08941 -0.18712 -1.06558 -1.11948 -0.41082 -0.13653 0.18717 0.52778 1
-0.11438 -0.24533 0.42894 -0.24075 -0.41082 -0.03490 -0.32250 0.77905 1
-0.11679 -0.24533 -0.65596 -0.91408 -0.41082 1.16425 -0.59868 -1.48234 2
-0.10913 -0.20044 -0.28346 -1.32003 -0.41082 -0.97710 -0.14862 0.02525 2
-0.09034 -0.17230 -1.18261 -0.71245 -0.41082 0.20493 0.37770 0.14122 2
-0.09414 -0.24533 -0.75003 -0.86617 -0.37426 -0.62172 -0.30238 -0.72854 2
-0.11094 -0.24533 -0.61592 0.25170 -0.41082 -0.54883 -1.20890 1.53284 2
-0.09747 -0.22574 -1.30781 -0.97609 -0.41082 0.84868 0.07029 0.98463 2
-0.08837 -0.23204 -0.12493 -0.57205 -0.41082 -0.66303 -0.44684 -0.87930 2
-0.11354 -0.24533 -0.24376 0.13779 2.78350 -1.23406 -0.88637 -1.48234 2
-0.09098 -0.23224 -0.66712 -0.32594 -0.41082 -0.38760 0.41639 0.02525 2
-0.10388 -0.24533 -0.00134 0.92112 -0.41082 0.47902 -0.14251 -0.27627 2
-0.09875 -0.22493 -0.67494 -0.00033 -0.41082 -1.23406 -1.09057 -1.48234 2
-0.09755 -0.24533 -0.24033 0.49085 1.07097 -0.44916 -0.86733 0.52778 2
-0.02777 -0.18248 -0.65631 -1.08454 -0.40763 0.14275 -0.18920 -0.21791 2
-0.03178 -0.22099 -0.39276 -0.92867 -0.41082 -0.30957 1.07026 1.13956 2
-0.07771 -0.23620 -0.15892 -0.04577 -0.40364 0.33406 -0.19827 0.46866 2
-0.10324 -0.24533 -0.00875 0.26080 -0.41082 -0.65069 0.16601 0.52778 2
-0.10585 -0.17748 -1.96086 -1.71925 -0.41082 1.96368 0.29848 0.52778 2
-0.11354 -0.24533 -0.54293 -0.08472 -0.41082 1.16425 -0.83603 1.53284 2
-0.10501 -0.14970 -1.50383 -0.77232 -0.41082 0.56467 0.31252 1.53284 2
-0.09238 -0.23035 -0.38872 -0.61526 -0.41082 -0.06731 -0.29280 0.02525 2
-0.03659 -0.21866 -0.56496 0.00718 0.81957 -0.39090 -0.54721 0.82930 2
-0.11422 -0.24533 -0.79560 -1.14424 0.67037 -0.68060 0.93286 -1.48234 2
-0.00777 -0.16145 -0.73601 -0.23667 2.19507 -0.35383 -0.03072 -0.17139 2
-0.11134 -0.18444 -0.07515 0.13427 -0.00340 0.20493 -0.02131 0.77905 2
-0.11559 -0.24533 -0.33184 -0.49337 0.55202 -0.57997 0.09177 1.53284 2
-0.11426 -0.13115 0.10547 -0.79152 -0.41082 -1.23406 0.17150 -1.48234 2
-0.07623 -0.10081 -0.74038 -0.83651 -0.41082 0.28066 0.61043 -0.35165 2
-0.11102 -0.07808 -0.31876 0.00844 -0.41082 -0.72013 0.60818 -1.48234 2
-0.11254 -0.24533 0.29066 0.47765 -0.13142 -0.63448 -0.84576 1.53284 2
-0.08769 -0.24533 -0.43172 0.52600 3.04112 -0.70110 -0.60295 0.77905 2
0.43508 0.00952 -0.15260 -0.83023 0.74159 -0.31067 0.07551 0.15535 2
-0.11058 -0.24533 0.57044 -0.56683 1.56925 -1.00922 -0.27146 -1.48234 2
-0.11326 -0.24533 -0.24254 0.33603 -0.41082 -1.23406 0.39872 -1.48234 2
-0.10064 -0.24533 -0.25027 0.52968 -0.41082 0.44476 -0.31919 -0.19012 2
-0.11082 -0.24533 -0.64830 -0.23176 -0.41082 -0.33469 0.33970 1.53284 2
-0.01603 -0.20438 -0.76525 -0.07730 2.15855 -0.05741 -0.35630 0.04996 3
-0.08773 -0.11594 0.21969 0.39963 -0.37252 0.71456 -0.72192 0.37316 3
-0.09278 -0.18551 0.09784 -0.49302 -0.30716 -0.00064 1.36448 1.53284 3
-0.09406 -0.23043 0.11927 0.35408 -0.35010 0.05734 0.34940 0.67136 3
-0.08557 -0.23289 -0.58168 -0.25209 -0.41082 0.28066 0.22389 0.02525 3
-0.09118 -0.20951 1.01898 -0.37035 1.63430 -0.51457 -0.49611 -0.14226 3
-0.04092 -0.07498 -0.79355 -0.47507 0.89643 0.00561 -0.19602 0.40954 3
-0.10689 -0.24533 -0.04515 1.16557 1.95562 -0.68060 -0.55475 1.53284 3
0.05115 -0.21082 -0.25381 -0.53962 1.22957 -0.47798 -0.61447 -0.50970 3
0.27628 -0.10788 0.84353 -2.24297 2.80704 -0.43200 0.71704 0.09620 3
-0.10332 -0.14565 -0.23083 -0.23606 -0.39084 -0.81083 -0.84097 -0.47728 3
-0.11346 -0.24533 0.51597 0.52454 -0.34270 -1.23406 -0.60566 -1.48234 3
-0.07442 -0.13133 -0.78266 -0.87836 -0.41082 -0.06097 0.23936 0.12576 3
-0.10248 -0.02610 -0.30464 0.65269 -0.37307 -0.43462 -0.60498 -1.48234 3
-0.11559 -0.24533 1.00597 0.82887 -0.41082 -1.23406 -0.41038 -1.48234 3
-0.10673 -0.24533 -0.92938 -0.06312 -0.41082 -0.57997 0.08479 -1.48234 3
-0.11350 -0.24533 -0.07265 -1.26468 -0.41082 -0.25293 -0.95960 1.03031 3
0.57520 0.04829 0.19961 -0.62295 -0.18905 -0.19067 0.30644 -0.05799 3
-0.09559 -0.11366 -0.05103 0.38292 -0.11226 0.78052 -0.12045 0.24062 3
-0.08625 -0.12066 -0.11363 -0.79582 -0.41082 -0.66173 -0.03352 -0.19012 3
-0.11062 -0.24533 -0.61154 0.45323 -0.32954 -0.75440 -0.92517 1.53284 3
0.08690 -0.18162 0.74717 -0.26972 0.18055 0.56467 -0.18008 -0.02859 3
-0.11595 -0.24533 -0.10846 1.12099 -0.41082 -1.23406 0.14198 -1.48234 3
-0.08605 -0.19779 -0.32414 -0.71207 0.31440 -0.30457 -1.00218 -0.14226 3
-0.09639 -0.17331 -0.20638 -0.60999 -0.38388 -0.81083 -0.36535 0.52778 3
-0.09282 -0.21076 -1.41189 -1.95921 -0.41082 -0.31378 -0.36064 0.43641 3
-0.10452 -0.24533 0.72640 0.28331 -0.41082 -1.23406 -0.65897 -1.48234 3
-0.05486 -0.01208 -0.07533 -0.35963 -0.08218 -0.20279 -1.20991 -0.50065 3
-0.10861 -0.24533 0.91664 0.76841 -0.41082 -0.83434 -1.09717 -1.48234 3
-0.11006 -0.24533 -0.30372 -0.24516 -0.37317 0.65934 1.19549 0.92980 3
-0.11446 -0.24533 0.30778 0.24488 0.12562 -1.23406 -0.18114 -1.48234 3
-0.09971 -0.08131 0.80282 1.76939 -0.41082 -0.83434 -0.54366 1.53284 3
-0.00745 -0.19035 0.91816 -0.13068 -0.39781 -0.12715 0.38825 -0.22601 3
-0.10521 -0.24533 -0.19161 0.08413 -0.41082 -1.23406 -0.17581 -1.48234 3
-0.09787 -0.22556 0.85136 0.35333 -0.39634 1.16425 0.13673 0.52778 3
-0.09671 -0.17135 0.52301 0.60175 -0.38346 1.91372 -0.02592 0.67136 4
0.56418 0.54817 -2.27962 -3.04526 1.60098 -0.59537 0.59477 -0.02043 4
-0.10789 -0.21010 -0.39912 0.15330 -0.41082 0.68459 -0.16463 -0.72854 4
-0.10529 -0.21630 1.23742 1.06493 -0.41082 0.28066 0.09491 -0.72854 4
0.39359 0.90400 0.41214 -0.29373 -0.32503 -0.29657 -0.66603 -0.17455 4
-0.05182 -0.18561 0.06780 0.31663 -0.41082 1.36836 0.58780 0.11393 4
-0.04617 -0.09515 0.92261 0.52944 -0.36672 1.73527 0.59093 -0.09072 4
-0.11130 -0.08558 0.11619 0.58632 1.47852 2.03636 0.25074 0.32677 4
-0.01967 -0.11652 -0.86502 -0.36998 -0.22652 -0.06307 -1.16980 0.16513 4
-0.10633 -0.24533 0.52947 -2.13254 -0.30972 -0.51457 0.02900 0.02525 4
-0.06388 -0.18322 0.74410 -0.12849 0.68178 0.19068 -0.33206 -0.27627 4
-0.09006 -0.22085 0.83725 1.47336 -0.40044 0.06103 -0.32441 0.19276 4
0.42113 -0.11138 0.28715 0.24640 -0.39539 0.46764 -0.55156 -0.37148 4
0.02786 0.18884 -3.95220 -3.32727 -0.32414 -0.08287 0.59850 0.59060 4
1.47713 -0.08325 0.42514 -0.80980 -0.36750 -0.30333 0.64692 -0.56468 4
0.00077 -0.03349 0.51192 0.76332 0.06117 0.54446 -0.24826 -1.07118 4
-0.10581 -0.21056 -0.11130 -0.92816 -0.38665 -0.62990 1.00160 1.25873 4
-0.09983 -0.17152 -0.32112 0.54907 -0.33045 0.56467 -0.26691 1.53284 4
-0.01735 -0.18276 0.36528 -1.11927 -0.39939 -0.77200 0.00870 -0.19012 4
-0.03410 0.83574 -0.25476 0.06522 -0.37994 -0.57997 -1.12522 -0.47728 4
-0.11294 -0.18348 -0.08046 0.53379 -0.41082 -1.23406 -0.68499 -1.48234 4
-0.10128 -0.02128 0.73393 0.61927 -0.41082 -0.27474 0.30688 1.53284 4
-0.11238 -0.24533 1.18564 0.64856 -0.41082 -1.23406 0.77125 -1.48234 4
0.25576 -0.03229 -0.44277 -0.22654 1.16600 -0.37540 -1.06237 -1.04912 4
-0.01707 -0.14625 0.52875 0.74195 -0.39657 -0.53455 0.84953 -0.19012 4
-0.06737 -0.22457 -4.39307 0.10278 -0.34813 -0.79800 -2.09630 0.02525 4
-0.11230 -0.04998 -4.14654 -0.42430 -0.35744 0.07411 0.77045 1.53284 4
-0.07330 -0.22253 0.39748 0.76855 -0.26867 1.02106 -0.22061 -0.33370 4
0.01997 -0.20444 0.80534 0.72683 -0.40457 0.27599 0.14838 -0.41816 4
-0.11414 -0.24533 -0.09810 1.16945 -0.24826 -1.23406 -1.65986 -1.48234 4
-0.08464 -0.06027 0.07972 -0.73835 -0.41082 1.03802 0.35990 -0.97981 4
-0.05234 -0.16634 0.51883 0.60958 -0.35816 1.80994 0.44723 -1.20823 4
-0.11286 -0.24533 -0.34783 -1.61728 0.00641 0.56467 1.27109 1.53284 4
-0.06897 -0.19717 0.52742 2.00800 -0.39904 -0.48976 0.65457 1.53284 4
-0.04032 -0.01066 0.26868 0.77703 3.67685 1.32521 -0.27387 -0.45832 4
0.63311 -0.03679 0.20372 0.34285 0.29099 1.14661 0.06523 0.39377 5
-0.06380 0.24672 -0.35205 0.69507 -0.37889 3.95773 -0.86681 -1.17370 5
0.00293 -0.17376 0.84185 -0.03746 -0.36090 -1.01511 -0.84808 0.18121 5
-0.02629 0.17302 1.09808 0.93094 -0.32612 0.59994 0.86602 -0.55459 5
-0.00164 -0.07932 1.18932 -0.62620 -0.37623 0.83905 0.81458 -0.95025 5
-0.10160 -0.24533 0.81949 -0.14770 -0.37514 -1.23406 0.79187 -1.48234 5
-0.04509 -0.10768 0.74800 1.70902 -0.39897 1.28067 -0.29270 -0.97981 5
-0.11170 -0.18459 0.49798 0.17662 -0.41082 -1.23406 1.62561 -1.48234 5
-0.06492 0.35814 -0.12823 -0.02114 -0.39451 -0.05842 0.37271 0.20616 5
-0.08821 -0.16769 1.14199 2.34870 -0.37189 1.79538 2.12118 -1.10544 5
0.20967 -0.10402 -0.97424 0.95464 4.55223 0.10408 -1.46020 -0.34619 5
0.02113 0.00031 0.77642 0.39722 -0.37364 0.15710 1.90275 -0.96411 5
-0.08541 -0.06051 -0.56894 -1.08879 -0.40193 -0.70110 -1.75592 1.03031 5
-0.01350 -0.07726 0.84002 0.67362 -0.40806 2.64494 0.87394 -0.75286 5
-0.10713 -0.00634 1.40107 2.16368 -0.38362 0.72819 0.56903 -0.47728 5
-0.10116 -0.15355 0.54508 -1.41980 -0.34138 1.78316 0.15174 0.14122 5
-0.09603 -0.21406 0.95771 0.55789 -0.37108 -0.75440 1.78054 -1.48234 5
0.11800 1.23371 1.49988 -0.20629 -0.30012 0.51386 0.72626 -1.13174 5
0.45175 0.12761 -0.02485 -0.00651 0.34788 -0.12373 0.10207 0.42325 5
-0.08821 -0.11172 2.20356 1.02346 -0.40109 -0.66719 -0.33049 -1.01847 5
-0.07959 -0.00501 2.53625 -0.86035 -0.28283 2.14537 0.92908 -0.70423 5
0.01876 0.38261 0.58434 1.12874 -0.31416 1.38661 0.37673 -1.37270 5
-0.09046 -0.13271 -0.60465 -1.79322 -0.37921 -0.66101 1.12086 0.19276 5
-0.07779 0.09395 0.47408 1.61756 -0.30299 1.29389 0.00749 -0.67056 5
0.02962 17.40276 0.56568 -0.32361 -0.38162 -0.77658 -0.76110 -0.66002 5
0.96506 0.25811 0.73666 0.75866 -0.19371 0.31865 1.22985 -0.40333 5
-0.11418 0.13928 1.70755 1.01378 -0.41082 -1.23406 0.68807 -1.48234 5
-0.11090 -0.12196 2.30973 -1.22230 -0.36849 2.36340 1.56876 1.53284 5
-0.01627 -0.03691 0.14204 -0.37508 -0.31752 -0.29773 0.13055 -0.37148 5
0.77616 1.24378 -1.63994 -1.91072 -0.35533 1.05225 -0.86212 -0.62318 5
0.06938 1.31177 2.20080 0.67725 -0.04147 1.84354 2.07488 -0.91190 5
0.15215 1.36886 0.08498 -0.23830 -0.07402 -0.21582 -0.99663 -0.68588 5
-0.03591 0.04826 -2.85647 -0.55559 -0.40380 0.25021 -0.71028 0.25522 5
-0.08184 0.29166 1.59618 1.12517 -0.36281 1.58134 2.03785 -0.47728 5
-0.03659 -0.11905 0.66294 0.34705 -0.37193 -0.08287 2.30570 -0.72854 5
