-0.11639 -0.24533 -0.15370 1.82055 -0.41082 -0.63448 -0.65643 -1.48234 1
-0.10617 -0.22170 0.52046 0.09864 3.90062 -0.73786 0.16144 0.77905 1
-0.11250 -0.24533 -0.07341 -1.01099 -0.41082 -0.78438 -1.12726 1.53284 1
-0.11695 -0.24533 -1.25729 -0.56683 -0.41082 1.16425 -0.77653 1.53284 1
-0.11547 -0.24533 -1.58338 -0.70573 -0.41082 1.16425 -0.20534 1.53284 1
-0.11519 -0.24533 -0.81609 -0.07395 -0.41082 -1.23406 -4.54716 -1.48234 1
-0.11515 -0.24533 0.78279 -0.02114 -0.41082 0.65934 -1.28913 1.53284 1
-0.11611 0.03408 -0.61263 -1.15449 -0.41082 -1.23406 -0.26864 -1.48234 1
-0.10404 -0.12538 -0.50947 -0.58930 -0.41082 -0.72013 -1.01007 1.53284 1
0.05604 -0.23422 -1.61396 -0.35354 5.94292 -0.73026 -0.06009 0.21370 1
-0.11627 -0.24533 1.34578 -2.31303 -0.41082 -1.23406 -0.63007 -1.48234 1
-0.11394 -0.24533 -2.05069 -0.19717 6.51095 -0.96758 -0.46975 1.53284 1
-0.11695 -0.24533 -0.14952 0.06980 -0.41082 0.56467 -1.05652 1.53284 1
-0.10789 -0.24533 0.56438 -0.08153 -0.41082 0.82163 -0.41747 1.03031 1
-0.11234 -0.24533 0.13260 1.18511 -0.24948 -1.23406 -0.79834 -1.48234 1
-0.11410 -0.24533 -0.16014 0.42031 0.07137 -0.33469 -1.55610 0.02525 1
-0.11426 -0.24533 -1.65315 -0.92634 3.03921 -0.92123 -0.65279 1.53284 1
-0.11378 0.10914 0.20300 0.53580 -0.33708 -0.72013 -0.66569 1.53284 1
-0.11615 -0.24533 0.44500 -0.06422 -0.41082 0.36481 -1.60730 1.53284 1
-0.11607 -0.24533 -0.44045 -1.61728 -0.41082 -1.23406 -0.24238 -1.48234 1
-0.11555 -0.07198 0.20435 1.52325 -0.41082 0.56467 -0.14293 1.53284 1
-0.10084 -0.22695 -0.69729 0.96109 -0.07022 -0.38760 -0.94159 0.02525 1
-0.11222 -0.24533 -1.26982 -0.53874 -0.41082 3.72795 -0.05338 0.77905 1
-0.11278 -0.24533 0.31696 0.15330 -0.17631 0.89777 0.70099 0.77905 1
-0.11406 -0.24533 -0.30277 -0.05752 -0.41082 -0.43462 0.59630 0.02525 1
-0.10917 -0.16550 0.02806 0.71245 -0.41082 -0.03490 -1.01484 0.02525 1
-0.11611 -0.24533 1.37549 0.60850 -0.41082 -1.23406 -1.28913 -1.48234 1
-0.09719 -0.24533 -0.30114 0.58435 -0.41082 0.07411 -0.93807 0.92980 1
-0.11226 -0.24533 0.02941 0.45179 -0.35784 0.20493 -0.36919 0.02525 1
-0.11543 -0.24533 -1.07903 0.79739 -0.41082 0.30771 -0.80200 0.52778 1
-0.11290 -0.24533 -0.13486 0.07516 -0.41082 -0.03490 -0.33049 -1.48234 1
-0.11735 1.07411 0.26484 0.38812 -0.41082 -1.23406 -0.34761 -1.48234 1
-0.11655 -0.24533 -0.99079 -3.29526 0.61097 -1.23406 -1.53628 -1.48234 1
-0.11158 -0.24533 -0.06290 -0.36579 -0.41082 0.42631 -1.27715 1.53284 1
-0.11486 -0.24533 0.30527 1.12480 -0.41082 0.56467 -1.08409 1.53284 1
-0.09927 -0.24533 -0.21423 0.18215 -0.41082 -0.66303 -0.31441 0.32677 2
-0.10961 -0.24533 -0.37263 0.34536 -0.41082 -1.23406 0.26067 -1.48234 2
-0.09611 -0.13106 -1.13740 -0.66623 -0.41082 0.31779 0.04603 -0.11180 2
-0.10849 -0.24533 -1.20879 -0.90044 -0.41082 1.51694 -1.02715 0.14122 2
-0.09350 -0.17180 0.26997 0.70644 0.03992 0.08854 -0.35187 0.44738 2
-0.10677 -0.24533 -0.79699 -0.20170 -0.41082 -0.47670 0.74958 -1.48234 2
-0.11170 -0.24533 0.22076 0.09971 -0.41082 -0.29559 0.51798 -0.47728 2
-0.10973 -0.24533 -1.17255 -0.27745 0.13104 1.16425 -0.20912 1.53284 2
-0.10893 -0.24533 -1.29413 -0.37409 0.83595 -0.17251 -0.71349 1.19782 2
-0.11218 -0.24533 -1.43879 -1.51481 -0.41082 -0.00064 -0.00902 0.02525 2
-0.10865 -0.08126 -0.20749 -0.26125 -0.41082 -1.01603 -0.20857 1.53284 2
0.02734 -0.17779 -0.06511 -0.03788 -0.41082 -0.18114 0.01138 0.33933 2
-0.10785 -0.24533 -0.01243 -0.62919 -0.41082 -1.04134 -0.77967 -0.47728 2
-0.11531 -0.24533 -0.31579 0.53379 -0.41082 -0.82292 -0.78699 1.53284 2
-0.10961 -0.24533 0.29760 -0.22476 -0.41082 -1.23406 0.23179 -1.48234 2
-0.09282 -0.18932 -1.23037 -0.27726 4.14601 -0.95005 -0.37939 0.52778 2
-0.11198 -0.24533 0.80531 0.58987 1.20101 -0.43462 -0.72116 1.53284 2
-0.08741 -0.23285 -0.23187 0.03523 -0.32556 -0.55628 -0.52399 0.60509 2
-0.08364 -0.22405 -0.41091 -0.06742 1.18143 0.12347 -0.80285 -0.42703 2
-0.10541 -0.21527 -0.51143 0.21960 -0.41082 -0.54883 0.22645 1.53284 2
-0.07867 -0.19411 0.03603 -0.79845 0.05229 -0.41761 -0.28032 0.77905 2
-0.11703 -0.24533 -0.52441 0.38812 2.27137 -1.23406 -0.41038 -1.48234 2
-0.11611 -0.24533 -0.53200 1.48999 -0.41082 -1.23406 -0.84976 -1.48234 2
-0.11486 -0.24533 0.52221 -0.34855 0.61097 -1.23406 0.36499 -1.48234 2
-0.10925 -0.24533 0.38671 0.36084 -0.41082 -0.51457 -0.37287 1.53284 2
-0.11150 -0.24533 -0.56590 0.12768 -0.41082 1.30532 0.38117 -0.47728 2
-0.11210 -0.12694 3.28061 0.12019 -0.35936 -1.23406 0.26626 -1.48234 2
-0.11178 -0.24533 0.78575 -0.33296 -0.41082 -0.92123 -0.65228 -1.48234 2
-0.08392 -0.19629 -0.50954 -0.68024 -0.38533 -0.20621 -0.00895 -1.14732 2
-0.07535 -0.23756 0.21870 1.09348 -0.41082 -0.91428 -1.20126 1.53284 2
-0.11314 -0.24533 -0.34006 0.51489 -0.34752 -1.23406 0.13039 -1.48234 2
-0.05270 -0.22620 -0.66968 0.26971 6.44605 -0.72653 -0.42824 0.29130 2
-0.05066 -0.10170 -0.41178 -0.20815 -0.41082 0.22109 0.37111 -0.47728 2
-0.10841 -0.24533 -0.72510 -0.07075 1.69468 0.16495 0.50154 1.10210 2
-0.10565 -0.24533 -0.88017 -0.79602 3.26080 -0.14392 -0.39831 1.53284 2
-0.11050 -0.15721 -0.33479 0.88427 -0.41082 0.20493 0.95265 0.02525 3
-0.06392 -0.20266 0.47581 -0.05410 -0.41082 0.12714 0.20773 0.99442 3
-0.09230 -0.24533 -0.34643 -0.20476 3.23888 -0.81083 0.03189 -0.27627 3
-0.10761 -0.21324 -0.09352 0.78760 1.75488 -0.17598 -0.00644 0.32677 3
-0.08998 -0.10354 0.35884 -0.56130 0.14813 -0.38042 -0.21066 -1.05160 3
-0.06757 -0.09801 0.01863 -0.20318 -0.38221 -0.46105 -0.90240 0.14122 3
-0.06861 -0.23728 0.00077 -0.46384 -0.40497 -0.25975 0.21363 0.60509 3
-0.11667 -0.24533 -0.81609 -0.41404 -0.41082 -1.23406 -0.69597 -1.48234 3
-0.09470 -0.18332 -1.13078 -0.46683 -0.41082 -0.03490 0.50532 -0.27627 3
-0.11182 0.12384 0.13602 0.34888 -0.36183 1.01435 -0.61257 -0.87930 3
-0.02244 -0.15460 -0.15730 0.36883 1.68737 0.12083 -0.23915 0.07724 3
-0.11390 -0.24533 0.23284 0.69289 -0.41082 -1.23406 0.17150 -1.48234 3
-0.10192 -0.07432 -1.47315 -0.74178 -0.41082 -0.59165 -0.87816 1.53284 3
-0.10577 -0.24533 -0.02919 -0.48966 1.27496 -0.51457 -0.08318 -1.48234 3
0.04205 -0.12792 -1.27899 -1.45157 0.36994 -0.43935 -0.68565 0.15986 3
-0.04007 -0.17107 -0.67735 -0.62997 -0.35909 -0.45045 -0.14108 0.84757 3
-0.09198 -0.24533 -0.81359 -0.16161 -0.41082 -0.76987 0.93103 1.53284 3
-0.09186 -0.23003 -0.95260 -1.15997 -0.41082 0.38113 0.64292 0.43641 3
-0.11402 -0.24533 -0.19556 1.11221 -0.41082 -1.23406 1.31052 -1.48234 3
-0.10897 -0.24533 0.82623 0.61256 -0.41082 1.16425 -0.08439 0.77905 3
-0.08605 -0.19779 -0.32414 -0.71207 0.31440 -0.30457 -1.00218 -0.14226 3
-0.08557 -0.17055 0.16419 -0.08041 3.29491 -0.38760 0.01435 0.40215 3
-0.09334 -0.23089 -0.30982 0.21349 1.29777 0.58865 -0.41929 0.58068 3
-0.09006 -0.24533 0.25590 0.15943 -0.41082 -0.05938 -0.04365 0.40215 3
-0.11386 -0.24533 0.82227 -0.96891 -0.41082 -1.23406 -0.54154 -1.48234 3
0.01467 -0.10395 -0.71450 -0.62698 1.28525 -0.55306 -0.01516 -0.56468 3
-0.08665 -0.22476 0.31868 0.70644 -0.41082 -0.59921 -0.09543 0.52778 3
0.48794 0.02695 0.33995 0.18449 1.29187 -0.26922 -0.12747 0.61393 3
-0.10020 -0.18423 1.31673 0.51954 -0.39441 -0.23476 -0.67829 -0.87930 3
0.09724 -0.10331 -0.22847 0.06648 1.45001 -0.36280 0.00674 -0.21791 3
-0.11430 -0.24533 0.75645 0.52454 -0.41082 -1.23406 0.46117 -1.48234 3
-0.10797 -0.17689 0.26484 0.93268 -0.41082 -1.23406 0.85562 -1.48234 3
-0.05591 -0.20626 0.14441 -0.78496 -0.41082 -0.21698 0.65114 -0.47728 3
-0.09855 -0.03201 1.18288 0.53827 -0.18590 -0.62726 -0.98814 1.53284 3
-0.10933 -0.24533 0.18438 0.05756 -0.41082 -1.23406 0.64986 -1.48234 3
-0.09559 -0.22761 0.25247 -0.26180 -0.38485 0.56467 -0.88899 -0.38591 4
-0.06849 -0.19415 -2.97144 -0.75362 -0.36418 -0.44196 -1.85364 0.12576 4
-0.11394 -0.24533 -0.06665 1.03502 -0.41082 -1.23406 -0.76882 -1.48234 4
0.00029 -0.17449 0.21441 0.64025 0.55889 -0.52425 -0.19266 0.16230 4
-0.11599 -0.24533 -0.84447 -1.38536 -0.41082 -1.23406 -3.48602 -1.48234 4
-0.10188 -0.15229 0.24049 0.02456 -0.39266 1.16425 0.22143 -0.47728 4
-0.11486 -0.24533 -0.35982 0.79739 -0.41082 -1.23406 1.72374 -1.48234 4
-0.10781 -0.17347 0.10185 0.08533 -0.35267 0.20493 1.34713 0.02525 4
-0.10973 -0.24533 1.01822 0.82219 -0.37469 0.36481 0.01393 0.02525 4
0.05960 -0.15519 0.09294 -0.01929 -0.31056 -0.57665 0.63464 -0.14226 4
-0.09831 -0.22783 1.37020 1.23631 -0.41082 -0.68060 -0.08221 0.02525 4
-0.09635 -0.20755 0.12639 -0.08576 -0.41082 -0.43462 -1.43780 0.02525 4
-0.09547 -0.11475 0.87428 0.29504 -0.04932 1.41670 -0.06408 0.24062 4
0.16963 -0.00679 0.36772 -0.79811 1.38629 -0.34802 -0.43584 -0.21279 4
-0.05022 0.08893 -0.68161 1.07412 -0.26632 -0.17880 -1.86932 -0.38591 4
-0.10713 -0.08805 0.31972 0.68223 -0.30203 -0.73786 1.26300 -1.48234 4
-0.04368 -0.11589 0.07514 -0.28541 -0.05823 -0.24314 0.48134 -0.04030 4
-0.11262 0.01282 -0.36571 0.34265 -0.41082 1.16425 -0.55829 -0.47728 4
-0.03623 -0.06579 -0.12875 0.63626 0.09253 -0.17654 -0.16932 0.34831 4
-0.10821 -0.20851 1.27986 0.97080 -0.41082 0.20493 0.14418 -1.48234 4
-0.11414 -0.24533 1.47934 0.51834 -0.41082 -1.23406 -0.34447 -1.48234 4
0.03195 0.49272 -0.90901 0.88312 -0.40315 -0.04655 -0.83645 0.29130 4
-0.11282 -0.24533 0.67626 0.22239 -0.11526 0.42631 0.08732 0.52778 4
-0.10144 -0.10312 0.68310 1.47040 -0.41082 1.35611 -0.51644 -0.14226 4
-0.07723 -0.20673 -0.57364 -0.12011 -0.41082 -0.59293 -0.18964 0.86280 4
-0.05731 0.02192 1.09532 1.87572 1.13747 1.55800 -0.17611 0.72106 4
-0.11442 -0.24533 0.79221 0.42349 -0.32251 -0.12715 1.02267 0.02525 4
-0.08268 -0.17822 0.58268 0.57517 -0.41082 -0.29559 1.67722 1.53284 4
-0.03410 0.18199 0.60797 -1.63308 -0.36279 -0.56253 -0.02264 -0.40549 4
-0.01494 -0.17109 0.76223 0.04273 -0.37175 1.53322 0.56121 -0.99991 4
-0.02689 -0.19104 -0.43457 -1.17395 -0.40450 -0.95005 0.85846 1.03031 4
0.92835 0.04718 0.78490 -0.66416 -0.36340 -0.21754 0.86266 -0.62697 4
-0.00100 -0.19230 0.12789 -0.98280 -0.40099 -0.70502 0.76190 -0.47728 4
-0.07631 -0.18682 0.51278 -0.01162 6.54069 0.79929 1.07053 0.60509 4
-0.07919 -0.18390 0.86769 2.25028 -0.38101 2.08667 1.13816 -0.97981 4
0.24590 0.43833 0.97269 0.44087 0.42894 0.66090 -0.52375 -0.39876 5
-0.04476 -0.09665 1.28872 1.64022 0.01778 0.78643 -0.08746 0.06202 5
0.01311 0.03099 1.11313 0.51719 0.21610 -0.36262 0.24822 0.45047 5
-0.02629 0.17302 1.09808 0.93094 -0.32612 0.59994 0.86602 -0.55459 5
-0.08801 -0.00399 0.37585 -0.10742 -0.38182 -0.12715 1.06341 -0.72854 5
-0.06032 0.01559 -1.33052 -1.76002 0.99369 -0.11568 0.88778 -0.37677 5
-0.04080 0.07346 1.03598 1.26341 -0.28403 2.03636 0.73739 0.32677 5
-0.10829 -0.24533 1.07731 1.73485 0.50617 0.07411 0.92686 1.53284 5
0.55712 0.03973 1.18579 0.95306 -0.38575 -0.04699 0.98886 -0.37754 5
0.22329 0.21982 0.73621 -0.60500 -0.25275 -0.58452 1.47691 -0.78653 5
0.22726 3.50313 0.16402 0.19305 0.42777 -0.04986 -0.63554 -1.02549 5
-0.08372 20.23438 -0.83263 0.06003 -0.36859 -1.09016 -1.80134 0.52778 5
0.07199 1.18937 1.47437 1.57959 -0.29594 0.90911 1.34847 -0.72854 5
-0.09807 -0.11776 0.30194 -1.41047 0.21813 1.98472 1.86317 -0.41816 5
-0.06765 0.00475 1.67231 -1.07185 -0.09560 0.48867 0.53719 -0.59552 5
0.25411 0.06070 0.58804 -1.10669 -0.39540 0.41297 1.38810 -0.46670 5
-0.04893 -0.01445 1.21419 -1.93884 -0.37328 -0.05558 1.91714 0.73937 5
-0.05735 -0.04220 0.79448 0.64130 -0.20646 1.64391 0.35247 0.27652 5
-0.11607 -0.24533 2.91673 0.96109 -0.41082 -1.23406 2.46248 -1.48234 5
-0.09747 -0.21114 0.73618 0.86560 -0.39663 -0.45623 0.96856 -0.35165 5
-0.00841 3.53630 0.88428 0.67188 -0.03036 3.26963 -0.63145 -0.45277 5
1.00274 0.90109 0.52636 -1.79992 1.00361 -0.20536 0.74043 -0.03575 5
-0.10845 0.03885 1.35563 0.61233 -0.41082 0.03563 0.43985 0.52778 5
0.08169 -0.06233 0.69757 -0.60830 -0.24257 0.44882 -0.10730 0.13450 5
0.03612 -0.04765 0.74111 0.76219 -0.39963 1.05523 2.26209 -1.05160 5
0.48037 1.90617 1.56915 1.19395 -0.25023 2.10535 1.38894 -0.09810 5
-0.11547 -0.10725 1.13210 0.75274 -0.41082 -0.20621 -0.27307 1.53284 5
0.09500 0.34105 1.48891 1.80597 -0.14256 1.81736 2.12387 -0.84757 5
-0.09939 -0.06586 1.63560 -0.41605 -0.36376 -1.23406 -0.46769 -1.48234 5
-0.02112 0.47936 1.05350 0.95539 -0.38410 0.43516 1.17496 -0.13071 5
0.56177 0.96770 -1.31959 -3.04524 -0.29943 0.12714 -0.36762 -1.03437 5
-0.07691 -0.05726 1.05497 1.75435 -0.36159 1.96368 1.71790 -0.72854 5
1.45649 1.36137 1.13468 -1.40607 -0.28461 -0.09977 -0.34054 -0.41816 5
0.13504 1.37301 1.31555 0.89203 -0.36657 1.38997 1.85581 -0.70423 5
0.00506 1.16673 1.29476 2.20883 -0.39447 2.33039 3.45166 -0.92397 5
