-0.11206 -0.03516 -1.56860 -0.26670 2.70563 -1.23406 -0.48438 -1.48234 1
-0.11535 -0.24533 -1.56860 -1.88400 3.16543 -0.83434 -0.86733 1.53284 1
-0.11438 -0.12718 0.14115 0.03875 -0.41082 -0.03490 -0.03583 1.53284 1
-0.11691 -0.24533 -0.69878 -2.17517 -0.41082 -1.23406 0.27615 -1.48234 1
-0.11507 -0.24533 -1.47616 -2.38858 -0.41082 0.30771 0.05484 0.52778 1
-0.09735 -0.24533 -0.97702 -1.85517 -0.41082 1.11035 -0.47969 0.80504 1
-0.10200 -0.17712 -2.18283 2.75474 -0.41082 -0.57397 -2.63441 0.02525 1
-0.11567 -0.24533 -1.52929 -1.55998 -0.41082 0.36481 -0.19069 1.53284 1
-0.09743 -0.22505 -1.63887 -0.94503 -0.41082 -0.33469 -0.06591 0.77905 1
-0.11482 -0.24533 -1.44975 0.34777 -0.41082 1.16425 -1.41836 -1.48234 1
-0.10953 -0.24533 -0.69207 -0.92435 -0.41082 -0.27474 -0.33668 1.15594 1
-0.11154 -0.24533 -1.27696 -0.94132 -0.41082 -0.40841 -1.03697 1.10210 1
-0.11627 -0.24533 0.73393 -0.02114 -0.41082 -0.43462 -2.68259 1.53284 1
-0.11655 -0.24533 -0.11764 -1.65820 -0.41082 -1.23406 -0.12309 -1.48234 1
-0.11338 -0.24533 0.48882 0.14715 -0.41082 1.03802 -0.01494 1.03031 1
-0.11531 -0.24533 0.64901 -0.24312 -0.41082 -1.23406 -0.31919 -1.48234 1
-0.11370 -0.24533 0.57177 0.47494 -0.41082 -1.23406 -0.08930 -1.48234 1
-0.11162 -0.18811 -0.91333 0.06559 3.66279 -0.03490 -0.97966 -0.47728 1
-0.11531 0.23609 0.15285 -1.02003 -0.41082 -1.23406 -0.46207 -1.48234 1
-0.11591 -0.24533 -0.11185 -0.13276 -0.41082 -1.23406 -0.19697 -1.48234 1
-0.11082 -0.24533 -0.77394 -0.96891 -0.41082 -0.33469 -0.86047 0.77905 1
-0.11350 -0.16171 -1.48597 0.16775 4.54091 -1.23406 -0.92206 -1.48234 1
-0.08124 -0.19955 -0.42609 -0.75593 0.91110 -0.29965 -0.28296 0.32677 1
-0.11575 -0.24533 -0.07341 -2.23799 -0.41082 -0.85538 -0.53592 1.53284 1
-0.11234 -0.18009 0.31038 0.84047 -0.35704 -0.72013 -0.87722 1.53284 1
-0.11671 -0.24533 0.11945 0.38812 -0.41082 -1.23406 -0.82779 -1.48234 1
-0.10364 -0.14373 -1.28623 -0.64323 -0.39038 0.13640 0.25991 0.77905 1
-0.06529 -0.16630 -0.95686 -1.06074 -0.41082 0.61606 -0.05571 0.02525 1
-0.01519 -0.20126 -0.80041 -0.83871 0.53464 -0.31671 -0.27603 1.23723 1
-0.10537 -0.18444 -0.64887 -0.36775 -0.41082 -0.17598 -0.89683 0.32677 1
-0.10565 -0.14853 -0.45578 -0.41404 -0.38698 0.36481 -0.88356 0.02525 1
-0.11126 -0.24533 -1.32206 -0.61458 -0.41082 -1.23406 0.14166 -1.48234 1
-0.10296 -0.18952 -0.27076 -0.61887 -0.23541 -0.03490 -0.53853 0.19276 1
-0.11446 -0.24533 -0.45030 -0.47133 -0.41082 -0.27474 -1.09779 0.02525 1
-0.09194 0.71620 -0.58353 0.12930 -0.38853 -0.33469 -0.58966 1.53284 1
-0.09819 -0.22569 0.34024 0.39991 -0.35195 0.79528 -0.77618 -0.11180 2
-0.10525 -0.18991 -1.33070 0.25874 -0.41082 1.72855 0.52204 0.02525 2
-0.10753 -0.17237 -0.35892 -1.00467 2.30317 -0.43462 -0.29879 1.53284 2
-0.09438 -0.19023 -1.80535 -1.22428 -0.41082 1.38228 -0.28251 0.40215 2
-0.10505 -0.24533 -0.85727 -0.42131 -0.41082 -0.03490 0.06860 1.31747 2
0.21323 -0.10032 -0.02907 0.00364 -0.07468 -0.28362 -0.55600 0.41976 2
-0.07398 -0.22926 -0.66094 -0.50025 0.56035 -0.69444 -0.30734 0.52778 2
-0.08064 -0.21914 -0.48466 0.80979 -0.19407 -0.31834 -0.62173 0.24062 2
-0.11146 -0.18267 -0.23807 0.44357 -0.41082 0.20493 0.16305 0.52778 2
-0.11138 -0.12805 0.20345 -0.03157 -0.41082 -1.23406 -1.01353 -1.48234 2
-0.10669 -0.24533 -0.93114 0.74362 -0.35861 0.20493 -0.84726 0.02525 2
-0.11627 -0.24533 -1.13187 -1.00338 -0.41082 -1.23406 -0.65643 -1.48234 2
-0.11166 -0.24533 0.09129 0.57911 -0.41082 -0.57997 -0.47411 -1.48234 2
-0.11114 -0.05483 -0.26696 -0.68400 -0.41082 0.14958 0.02900 -0.27627 2
-0.04581 -0.15661 -0.49944 -0.71596 -0.39885 0.49495 0.57753 0.26841 2
-0.11014 -0.24533 -0.15859 1.18053 -0.41082 -1.23406 -0.38855 -1.48234 2
-0.10913 -0.16441 -0.22928 0.29397 0.42868 -0.92123 -0.59455 -1.48234 2
-0.11234 -0.24533 -0.36888 -0.62427 -0.24948 -1.23406 -0.08271 -1.48234 2
-0.08000 -0.22482 -0.23275 -0.66029 -0.16733 -0.30368 -0.58133 0.92980 2
-0.07322 -0.19830 0.40706 0.58703 -0.37857 0.48344 -0.95922 0.14749 2
-0.11567 -0.24533 -1.07903 0.96109 -0.26777 0.72819 -0.06296 0.02525 2
-0.11486 -0.24533 0.17173 -1.16708 5.41336 -1.23406 -0.23910 -1.48234 2
-0.10488 -0.24533 0.16113 0.98983 -0.41082 -0.96758 0.27780 -1.48234 2
-0.09390 -0.23239 -0.99517 1.04999 -0.36257 -0.09094 -0.81461 0.82339 2
-0.05847 -0.20595 -0.84444 -0.09097 3.50683 0.79170 -0.15425 0.18121 2
-0.09318 0.00389 -0.30810 -0.42304 2.69133 0.44476 -0.36169 0.88673 2
0.00610 -0.20227 -0.21489 -1.08141 0.40913 -0.42564 0.46889 0.62829 2
-0.04160 -0.18952 -0.31762 -0.21866 -0.03020 0.08854 -0.04804 0.56798 2
-0.07034 -0.13585 -0.38733 -0.49244 -0.35025 -0.06488 0.46895 0.37316 2
-0.11226 -0.24533 0.26484 -0.31218 -0.03995 -0.68060 -0.28319 1.53284 2
-0.10881 -0.24533 0.10848 0.19368 -0.41082 0.56467 0.52600 -1.48234 2
-0.11390 -0.10563 -0.46638 1.91198 -0.41082 -1.23406 0.22494 -1.48234 2
-0.08292 -0.19133 -0.22885 -0.13066 0.05942 -0.08287 -0.15962 0.77905 2
-0.11262 -0.24533 0.38564 0.25170 -0.41082 1.16425 1.01760 0.02525 2
-0.07543 -0.23528 -0.15250 -0.45448 -0.37010 -0.47306 -0.51460 0.71052 2
0.03135 -0.16649 -0.28845 -1.41031 0.00664 0.16495 0.34386 0.62829 3
-0.09919 -0.22662 0.08852 0.91635 -0.41082 -0.27474 -0.91725 -0.47728 3
-0.08292 -0.22475 0.72105 0.60951 -0.32832 -0.10343 -0.57431 0.16230 3
-0.07935 -0.22547 -0.11295 -0.46294 -0.41082 -0.80451 0.97140 0.02525 3
0.05127 -0.05687 -0.66378 0.05032 0.12371 -0.25657 -0.48913 0.00054 3
-0.11150 -0.14575 -0.86444 1.02062 -0.41082 -1.23406 -0.11631 -1.48234 3
-0.06344 -0.18767 -0.68527 -0.24498 1.95220 -0.32761 -0.31657 -0.54010 3
0.63039 -0.08423 0.38870 -0.71337 0.16287 -0.03634 -0.09752 -0.09903 3
-0.11130 -0.24533 -0.39414 -0.06233 -0.41082 -1.23406 -0.82047 -1.48234 3
-0.09234 -0.18312 -0.18561 -0.44595 -0.41082 -0.42173 -0.41476 0.24062 3
-0.03819 0.13987 0.53814 0.34045 -0.38196 -0.35696 -1.27094 0.02525 3
-0.10817 -0.24533 0.38651 0.40021 1.82245 -0.08287 -0.33798 0.02525 3
-0.10248 -0.20086 -0.41800 0.25962 1.09894 1.16425 -0.51684 0.02525 3
-0.10344 -0.24533 -0.29662 -2.46059 -0.39067 -1.06275 1.54121 1.53284 3
-0.10685 -0.17728 -0.68498 0.57911 -0.41082 -0.83434 -0.47119 1.53284 3
-0.10917 -0.06264 0.10547 -0.20647 -0.41082 -1.23406 1.05239 -1.48234 3
-0.10829 -0.05034 -0.04814 -0.56683 -0.41082 -1.23406 -0.82579 -1.48234 3
-0.09703 -0.17347 0.77887 0.73858 -0.41082 0.20493 -0.16420 0.86280 3
0.28305 -0.12624 -0.44163 -1.00849 -0.40438 -0.56767 0.72077 0.49637 3
-0.10553 -0.15990 0.08598 0.26521 0.43898 -0.76987 -0.25455 0.02525 3
-0.04296 -0.19856 -0.31182 -0.26969 0.69429 -0.16814 -0.12807 0.59060 3
-0.08617 -0.21995 -0.29768 -0.42104 -0.41082 -1.06275 0.33420 1.53284 3
-0.08360 -0.19386 -0.06205 0.51620 -0.41082 0.51016 -0.13627 -0.35165 3
0.00321 -0.14756 -0.22239 -0.38698 -0.40370 -0.10832 0.23987 -0.43358 3
-0.11322 -0.24533 1.64116 1.39469 -0.41082 -0.12715 0.20093 0.02525 3
-0.10605 -0.24533 -0.22737 0.76352 -0.41082 0.68459 0.66591 0.77905 3
-0.04753 -0.17325 -0.47236 -0.80038 -0.41082 0.23960 0.28658 0.82339 3
-0.08428 -0.23440 0.15038 0.04764 -0.40223 -0.07773 -0.00546 -0.47728 3
0.03419 -0.15692 -0.91096 -0.53054 1.76193 -0.42745 -0.25317 0.08555 3
-0.11098 -0.19696 0.18045 0.78268 -0.41082 -1.23406 0.16608 -1.48234 3
-0.11162 -0.18283 1.26802 -0.38975 -0.41082 -0.20621 -0.91913 1.53284 3
-0.11422 -0.24533 0.10106 1.12099 -0.41082 2.69044 -0.84382 -0.47728 3
0.00277 -0.14847 0.47891 -0.04947 -0.40368 -0.35093 0.47308 0.37998 3
-0.11242 -0.24533 -0.70872 0.62868 -0.41082 0.20493 0.30896 -1.48234 3
-0.10693 -0.14340 0.56123 0.13157 -0.41082 1.56396 0.95093 1.10210 3
-0.08621 -0.19959 -0.68876 -0.35273 2.45018 -0.48235 0.24911 1.31747 4
3.46824 -0.02486 0.21685 0.20150 -0.06266 -0.09421 -0.31227 0.18035 4
1.19043 -0.02846 -0.51510 -1.02995 -0.32600 -0.54102 0.98243 0.10581 4
-0.06224 -0.20722 0.55076 1.21464 -0.41082 -0.57997 0.15597 -0.19012 4
0.20590 -0.19418 0.58384 0.41119 -0.39930 0.17979 -0.14268 -0.14226 4
-0.04104 -0.10813 -0.42851 0.22630 -0.40334 -0.01458 -0.82342 -0.87930 4
0.32618 -0.13779 0.14448 -0.41747 2.45044 -0.32967 0.68609 -0.14226 4
-0.09895 -0.19168 0.58934 1.26537 -0.41082 -0.89144 0.07039 0.32677 4
-0.10272 -0.24533 0.10848 0.85664 -0.41082 1.64391 0.31834 1.53284 4
-0.01539 -0.07634 0.11545 -0.77937 -0.22864 -0.46041 0.64883 0.17601 4
-0.11539 -0.24533 -0.13832 0.03630 -0.41082 -1.23406 -2.66219 -1.48234 4
-0.07539 -0.24533 0.10729 -0.46183 -0.39048 -0.33469 1.12403 0.02525 4
-0.11438 -0.24533 -1.61594 1.43624 -0.41082 -1.00196 0.95525 1.53284 4
-0.01967 -0.11652 -0.86502 -0.36998 -0.22652 -0.06307 -1.16980 0.16513 4
0.34385 -0.08464 0.19638 -0.48887 -0.40026 0.00737 0.88843 -0.47728 4
-0.09334 -0.22918 0.81732 -0.33399 -0.38725 -1.05567 -0.44859 0.02525 4
0.44995 -0.13556 0.58086 -1.16103 0.08666 -0.24088 1.03293 -0.07754 4
-0.10509 -0.22230 0.48187 1.90266 -0.41082 2.36340 0.35181 0.02525 4
2.55397 0.87819 -0.09590 -1.78726 -0.29740 -0.00672 0.67461 0.17452 4
0.04850 -0.14481 -0.49810 -0.19646 -0.40564 -0.09562 0.59670 -0.75870 4
-0.11446 -0.24533 0.01152 0.81785 -0.41082 3.56255 -0.19407 0.02525 4
-0.01406 -0.17132 0.45853 -0.30232 -0.34718 -0.43462 -0.23842 -0.72854 4
0.01736 0.78378 1.34212 0.18148 1.66551 0.07411 0.43441 -0.35165 4
0.20033 -0.16357 0.15188 -0.71030 0.62050 -0.65069 -0.04657 -0.36561 4
-0.10685 0.08370 -0.19440 1.13086 -0.41082 0.56467 1.20420 -1.48234 4
-0.08501 -0.20001 1.15049 -0.16376 -0.27040 0.20493 2.16956 -0.19012 4
-0.07314 -0.16991 0.72101 -0.03735 -0.39794 -0.00566 0.59643 -0.62086 4
-0.11659 -0.24533 -0.26413 -1.84010 -0.41082 -1.23406 -0.88356 -1.48234 4
-0.01078 -0.07265 0.74075 0.33978 -0.39741 1.54888 1.18458 -0.08506 4
0.18249 -0.02791 0.35322 0.70372 0.70470 0.31613 0.47817 -0.40081 4
-0.02961 0.49456 1.28791 -0.88848 0.26634 -0.41358 0.59953 -0.20669 4
0.02149 -0.15815 0.60043 -0.03104 -0.39434 0.86155 0.45446 -0.07526 4
-0.09831 -0.18459 0.42733 -0.28212 -0.41082 -0.51457 0.24377 -0.47728 4
-0.11278 -0.24533 0.21239 -0.12849 -0.17631 -1.23406 0.77311 -1.48234 4
0.73965 -0.08274 -0.51134 -1.16793 0.77759 -0.63966 -1.18342 -0.45944 4
-0.04765 -0.05875 1.35615 1.84925 -0.26343 2.51329 0.59270 -0.07526 5
-0.09727 0.14058 0.95497 0.95659 -0.41082 -1.03015 -0.89466 0.67136 5
-0.05759 -0.03634 1.74158 0.84489 -0.40127 -0.94124 0.91944 -0.19012 5
-0.07370 -0.15869 0.35857 -0.03756 -0.37170 -0.58974 0.02688 0.02525 5
-0.06232 -0.06915 0.14680 -0.49768 -0.40564 -0.34213 -0.60226 -1.08032 5
0.27580 -0.11614 1.33563 0.86234 -0.39697 0.42141 0.49283 -0.03273 5
-0.08685 -0.14332 -1.74288 2.38868 -0.41082 0.95570 3.30007 0.24062 5
0.03520 1.21761 0.74123 0.65703 1.01443 0.48079 -0.34960 0.28744 5
-0.11230 0.01565 -2.19399 -1.02293 -0.41082 -1.23406 1.15364 -1.48234 5
-0.03955 0.12067 0.02339 -1.92111 -0.40348 -0.64781 -0.38566 0.16230 5
-0.09374 -0.01370 0.65280 0.00902 -0.37487 1.08688 0.29324 1.23132 5
0.57339 0.26556 0.82025 -0.13793 -0.07688 -0.15597 2.40251 -0.45590 5
-0.08801 -0.14995 0.18996 0.04744 -0.38182 1.45061 0.27889 1.29163 5
0.29363 0.44032 0.86541 -0.21210 -0.36691 -0.12420 1.70054 -0.36464 5
-0.03739 -0.08380 -0.38336 0.95880 -0.39296 0.79170 -0.17960 -0.07872 5
-0.03322 -0.13055 -0.49614 -0.70098 -0.16640 0.73378 -0.98946 0.44926 5
-0.04805 -0.19005 0.50837 -0.09183 -0.33670 -0.71678 -0.66714 -0.24886 5
-0.09879 -0.20959 2.04200 1.64720 -0.38045 -1.23406 2.20190 -1.48234 5
0.12365 4.84045 0.31342 -0.53828 0.03347 -0.28999 0.06531 -1.11686 5
0.57215 0.78704 1.71487 -1.52494 -0.32105 -0.09980 0.70436 -1.34733 5
-0.04989 0.07231 1.13107 0.31188 -0.38121 0.70743 0.69680 1.17811 5
-0.05018 0.10799 1.56694 1.40205 -0.39383 1.39485 1.28218 0.58068 5
-0.09082 0.48343 0.99593 -0.32168 -0.35744 0.01122 0.37347 -0.81230 5
0.04886 0.95665 0.89808 0.59428 -0.35917 0.80629 1.43487 0.10460 5
0.04630 0.58908 1.11847 -0.44171 -0.01919 2.51241 1.33950 -1.20823 5
-0.07803 -0.17951 0.31460 -1.77573 -0.38912 -0.49950 1.53643 -0.47728 5
0.60863 0.85499 0.32331 -2.01920 -0.28964 -0.27319 -0.49082 -0.51966 5
-0.00011 0.69564 1.73980 0.67822 -0.35961 1.97598 1.57730 0.23319 5
-0.05851 2.95011 1.13066 1.82443 -0.37690 2.26062 2.17205 0.29130 5
0.41820 0.75490 -0.62272 -2.86157 -0.36641 -0.02681 -1.60801 0.16388 5
-0.05334 0.47908 2.08854 0.19713 -0.36180 0.48647 0.35494 -0.24886 5
0.25407 0.14293 1.77885 0.40017 -0.34990 0.66336 2.53021 0.03537 5
1.68033 1.27141 2.34109 -3.58436 -0.15571 -0.35863 -0.51278 -0.18890 5
-0.10673 0.90336 1.72728 1.36406 -0.35842 -0.68060 3.30851 -0.72854 5
-0.00557 3.60882 1.58947 1.58138 -0.35712 2.07939 1.54516 -0.87930 5
