-0.11591 0.99165 -2.49755 -1.69541 -0.41082 2.87732 0.13884 0.77905 1
-0.09647 -0.24533 -1.28593 -1.10117 -0.41082 -0.33469 -0.11257 0.52778 1
-0.10909 -0.05264 -1.56741 -0.65608 -0.37739 0.04504 -0.80094 0.77905 1
-0.11519 -0.24533 -0.81987 -0.25878 -0.29545 1.16425 0.11138 0.02525 1
-0.11687 -0.24533 1.85175 0.38812 0.66206 -1.23406 0.23179 -1.48234 1
-0.11410 -0.24533 0.04286 -0.48099 -0.41082 2.36340 -0.06986 1.03031 1
-0.11354 -0.24533 0.39638 0.13779 -0.41082 0.65934 0.31870 0.92980 1
-0.11495 -0.10139 0.21462 0.55664 -0.41082 -0.68060 -0.83461 1.53284 1
-0.10064 -0.24533 -0.94042 -1.24990 -0.41082 0.85901 0.55979 0.96749 1
-0.11246 -0.17088 -0.43658 0.34405 -0.19074 -1.23406 -0.78873 -1.48234 1
-0.07490 -0.12916 -0.56362 0.76133 -0.39741 -0.69668 -1.30079 0.86280 1
-0.11230 -0.24533 0.07831 -1.10844 -0.41082 -0.85538 -0.91078 1.53284 1
-0.11531 -0.06676 -0.42056 -0.82580 -0.41082 -0.57997 0.35181 1.53284 1
-0.11551 -0.24533 0.05504 -0.35462 -0.41082 -0.20621 0.20475 1.53284 1
-0.11695 -0.24533 0.04086 -1.84010 -0.41082 1.64391 -0.21815 0.02525 1
-0.11643 -0.24533 0.40070 -1.55259 -0.41082 1.16425 -0.51024 1.53284 1
-0.11490 -0.24533 -2.30302 -1.06506 -0.41082 -0.37067 -1.21852 0.52778 1
-0.10629 -0.24533 -1.99746 -1.30658 -0.41082 0.45886 -0.08513 1.15594 1
-0.10737 -0.24533 -1.22566 -1.38430 -0.41082 -0.47670 -0.07720 0.52778 1
-0.11535 -0.24533 0.08852 -0.30339 -0.41082 -1.23406 -0.34173 -1.48234 1
-0.11306 -0.14207 -2.47353 1.26003 5.74655 -1.23406 -0.69158 -1.48234 1
-0.11298 -0.24533 0.08852 0.41261 0.44504 -0.63448 -0.21415 1.53284 1
-0.11362 -0.24533 0.36469 0.07611 1.99695 -0.63448 0.22672 1.53284 1
-0.10440 -0.24533 -0.04520 0.76029 6.24468 -0.22424 -0.67203 1.15594 1
-0.11370 -0.15220 0.49233 -0.10382 -0.33857 -1.23406 0.09491 -1.48234 1
-0.11326 -0.24533 -2.69986 0.23186 6.61163 -1.23406 -1.20464 -1.48234 1
-0.10998 -0.19948 -0.27910 0.08970 -0.29906 -0.27474 0.02044 0.77905 1
-0.10969 -0.24533 -0.45429 -0.43246 1.42223 -1.23406 -0.49517 -1.48234 1
-0.11318 -0.24533 -0.00035 -1.04430 -0.41082 -1.23406 0.31040 -1.48234 1
-0.11310 -0.24533 0.04593 -0.76787 -0.41082 2.36340 0.31146 0.52778 1
-0.11138 -0.24533 -0.43072 0.69833 -0.41082 2.36340 -0.28955 0.02525 1
-0.11450 -0.24533 -0.73309 -0.80859 3.48231 -0.63448 -0.78038 1.53284 1
-0.00112 -0.19495 -0.95755 -0.57734 -0.06647 -0.15419 -0.58916 0.06031 1
-0.10998 -0.24533 -0.27829 -0.44746 0.55775 -0.65069 -0.43760 -0.47728 1
-0.10921 -0.24533 -0.56226 -0.82028 -0.41082 0.56467 -0.02480 0.52778 1
-0.11118 -0.24533 -2.04703 -0.07167 -0.41082 0.97976 0.93233 -0.72854 2
-0.10981 -0.20200 -2.24551 0.56352 -0.41082 -1.00922 0.00428 1.53284 2
-0.10857 -0.24533 -0.57819 -0.17980 -0.41082 -1.23406 -1.08754 -1.48234 2
-0.11458 -0.24533 0.61500 1.02062 -0.41082 -0.33469 -0.04854 1.53284 2
-0.10152 -0.22158 -1.54176 -0.38674 -0.41082 -0.11485 0.16709 1.10210 2
-0.11623 -0.24533 1.33151 1.97971 -0.41082 0.20493 0.68807 1.53284 2
-0.10324 -0.22409 -0.95081 0.26080 4.39725 -0.86509 -0.63007 1.53284 2
-0.11418 -0.24533 -0.07265 0.61863 0.00025 -1.23406 0.17752 -1.48234 2
-0.11503 -0.24533 -0.24443 0.47494 -0.41082 -0.68060 0.07294 -1.48234 2
-0.11286 -0.24533 -0.34382 0.57911 -0.41082 -1.23406 0.10730 -1.48234 2
-0.11523 -0.10644 1.08871 0.43509 -0.41082 -0.51457 0.18717 -1.48234 2
-0.11539 -0.08594 1.65530 0.43838 -0.41082 0.82163 0.63984 0.02525 2
-0.11406 -0.24533 -0.57225 -1.33079 0.46338 -0.75440 -0.19647 -1.48234 2
-0.07743 -0.23992 -1.41527 2.45401 -0.40369 -0.90198 -1.75763 0.52778 2
-0.07639 -0.20108 -0.40431 0.57170 -0.36915 0.48867 -0.99302 1.00075 2
-0.11715 -0.24533 -0.85505 -2.03599 -0.41082 3.56255 -0.33049 1.53284 2
-0.11414 -0.24533 -0.33184 0.64856 -0.24826 -0.12715 0.60210 -1.48234 2
-0.11535 -0.24533 -0.02092 0.68449 -0.41082 1.16425 -0.13241 1.53284 2
-0.05835 -0.16990 -0.75790 0.71332 -0.13535 -0.43462 -0.76888 0.86280 2
-0.07246 -0.14826 0.39468 0.44908 0.17888 -0.53367 -0.58789 1.25873 2
-0.05186 -0.19121 -1.20305 0.27297 3.21335 0.07072 -0.17072 0.49906 2
-0.09539 -0.24533 -0.36840 -0.00348 -0.41082 -0.33469 0.36296 -0.72854 2
-0.11378 -0.24533 0.99692 0.65393 -0.41082 -0.09802 -0.16694 -0.47728 2
0.00630 -0.21287 -0.40258 -0.25561 2.16297 -0.34963 0.08775 0.71793 2
-0.11042 -0.24533 0.12556 0.27733 -0.41082 -0.38760 -0.26299 1.53284 2
-0.10709 -0.24533 -0.30377 0.08427 -0.41082 -1.02849 -0.42948 1.53284 2
-0.10673 -0.18166 -0.09064 0.31466 -0.41082 -0.47670 0.63404 1.53284 2
-0.10881 -0.04406 -1.08358 0.19368 -0.41082 0.20493 0.41809 -0.47728 2
-0.11218 -0.12196 -0.05804 0.32539 -0.41082 -0.83434 -0.14598 1.53284 2
-0.11507 -0.24533 -0.86919 0.96109 -0.41082 -1.23406 -0.96538 -1.48234 2
-0.09543 -0.24533 0.69646 0.19713 0.98102 -0.29559 -0.06693 1.03031 2
-0.10036 -0.13477 0.43460 0.30854 -0.32803 0.56467 0.24503 -0.47728 2
-0.10296 -0.22077 -1.18349 -0.89989 -0.39133 0.20493 0.35741 -0.47728 2
0.24013 -0.12037 -0.66683 -0.56726 0.34473 -0.46203 0.35903 0.40215 2
-0.10184 -0.02655 -0.81241 -0.54749 -0.41082 1.93170 -0.27554 -0.66002 2
-0.06056 -0.21142 -0.34569 -0.47837 -0.40580 -0.52345 0.08610 -0.72854 3
-0.10492 -0.08909 0.68283 0.37010 -0.32085 -0.20621 -1.23756 -0.35165 3
-0.08565 -0.10193 0.24559 0.37019 -0.40186 0.41537 0.71079 1.01298 3
-0.11210 -0.24533 0.03535 -0.62179 -0.41082 -0.51457 0.05435 -1.48234 3
-0.09202 -0.16643 -0.17017 -1.11593 -0.41082 0.40689 -0.45798 0.60509 3
-0.10701 -0.24533 -0.23960 0.66815 -0.41082 0.47000 -0.46779 0.52778 3
-0.11270 -0.24533 0.74054 0.57295 -0.41082 0.97976 0.70845 0.77905 3
0.05484 -0.01129 -0.19656 0.85140 -0.22137 -0.31020 -1.27884 0.48210 3
-0.08160 -0.22636 -0.04969 0.34992 -0.37903 -0.05280 -0.62402 0.43641 3
-0.09218 -0.20369 0.14375 0.56830 -0.41082 0.27185 -0.00539 -0.47728 3
-0.07919 -0.22677 -0.35370 0.19713 -0.17240 -0.32436 0.48081 0.98463 3
-0.04324 -0.22984 -0.21077 -0.46192 2.16978 -0.18249 -0.14447 0.10460 3
-0.09130 0.10552 -0.45087 -0.03856 -0.41082 -0.89785 1.42951 0.32677 3
-0.11515 -0.24533 -0.07440 0.70644 -0.41082 -1.23406 1.87438 -1.48234 3
-0.08316 -0.11985 0.03398 0.07202 -0.40251 -0.07017 0.21127 0.16230 3
-0.10985 -0.19523 0.92921 -0.15547 -0.41082 0.88209 0.78222 -0.87930 3
-0.01494 -0.15510 -1.14603 -1.26730 -0.25454 -0.61870 0.96219 -1.01847 3
-0.02156 -0.14401 0.89998 0.79193 -0.37502 -0.08704 -0.94233 0.16230 3
0.17119 0.03720 -0.38787 -1.22617 -0.34135 -0.53183 0.01135 -0.69147 3
-0.05450 -0.22551 -0.14779 -0.97886 -0.31551 -0.49340 0.52825 0.67136 3
-0.11170 -0.19023 -0.48504 1.17644 -0.41082 0.97976 -0.78546 0.02525 3
-0.09238 -0.24533 1.21362 1.27346 -0.38815 1.39266 -0.88180 0.35299 3
-0.09863 -0.24533 0.75766 0.59922 -0.41082 2.46618 -0.26070 0.19276 3
0.29167 0.00502 -0.91286 -0.27472 -0.39541 0.08128 -0.23348 -0.39688 3
-0.09963 -0.22519 1.15752 0.47725 1.01968 -0.15482 -0.46638 -0.47728 3
-0.10617 -0.24533 0.34879 -0.30064 -0.41082 -1.23406 0.60418 -1.48234 3
-0.11595 -0.24533 -0.39520 -0.74449 -0.41082 -1.23406 0.30650 -1.48234 3
-0.10933 -0.24533 0.18333 1.26962 -0.41082 0.36481 -0.11428 -1.48234 3
-0.09991 -0.20304 0.93637 -0.05810 -0.39467 0.82163 -0.37265 1.53284 3
-0.10513 -0.21469 0.68187 -0.22512 -0.41082 -0.57997 -0.15849 1.53284 3
-0.11114 -0.18505 -0.36616 0.15964 -0.41082 0.56467 0.82194 -0.47728 3
-0.08192 -0.17809 -0.25531 -0.80664 -0.41082 -0.29559 0.17933 -0.47728 3
0.14882 0.09321 -0.01064 -0.04059 0.88543 -0.29031 -0.39497 0.53276 3
-0.08472 -0.14800 0.23767 1.23155 0.33750 -0.30138 -0.94719 0.45599 3
-0.00829 -0.18506 -0.78558 -0.11052 2.15507 -0.40532 0.26600 0.16230 3
0.07187 -0.18034 0.05249 -0.20738 -0.40174 -0.28004 -0.04632 -0.60291 4
-0.05294 -0.16786 0.70893 0.13091 -0.40196 1.96368 -0.22950 -0.35165 4
-0.03458 -0.15007 -0.00982 -1.02012 -0.40737 -0.19508 -0.47888 -0.12551 4
-0.05939 -0.19602 -0.03843 -0.12022 -0.00252 -0.17598 -0.45612 -0.57779 4
-0.10509 -0.10821 1.24093 0.36987 -0.41082 -0.36434 -1.39334 0.98463 4
-0.06953 -0.22322 -0.06953 -0.06749 -0.39295 -0.04808 0.58307 -0.87930 4
-0.10048 -0.24533 0.26484 1.03589 1.32312 -0.33469 0.10937 -1.48234 4
-0.09254 -0.18644 -0.17187 -0.00025 -0.41082 0.49272 0.83925 -0.47728 4
-0.11523 -0.24533 0.52876 -0.31635 -0.41082 2.55274 -0.23463 -1.48234 4
-0.07014 -0.21633 0.18134 0.36397 -0.35051 0.56467 0.22182 -1.48234 4
-0.10420 -0.21619 0.41737 -0.08935 -0.41082 0.42631 -0.01203 0.52778 4
-0.11086 -0.24533 0.86368 -0.18485 -0.41082 0.09833 -0.88171 0.92980 4
-0.07306 -0.15384 0.13980 0.48336 -0.40439 0.40115 -0.26239 -0.87930 4
-0.10853 0.45837 1.01376 1.34307 0.05974 -0.35305 -0.48474 1.03031 4
0.08814 -0.01576 1.06840 0.69999 -0.25621 0.23039 0.14116 -0.56468 4
-0.07178 -0.10017 -2.06297 0.71089 -0.39208 -0.31945 -0.09290 -0.07526 4
2.28390 -0.06376 0.43447 -1.27005 2.09749 -0.07521 0.54479 0.14324 4
-0.11551 0.07561 2.28064 -0.14241 -0.41082 -0.47670 -1.55276 1.53284 4
-0.08785 -0.23420 1.19773 1.29687 0.14677 -0.38760 -0.24387 -0.72854 4
-0.11318 -0.17527 0.68042 1.41128 -0.41082 -0.08287 0.37121 1.53284 4
-0.11326 -0.13835 0.33950 -1.53914 -0.41082 -0.29559 1.01760 0.52778 4
-0.10737 -0.17757 0.41853 0.88975 -0.41082 -1.12504 0.74488 1.53284 4
-0.05703 -0.12800 0.67241 1.16256 -0.26900 1.73384 -0.14840 0.34504 4
-0.10901 -0.16096 -0.54474 -0.19546 -0.41082 0.56467 0.87692 1.53284 4
-0.06008 -0.21032 0.62320 1.06795 0.28104 0.42631 -0.43587 -0.37677 4
-0.00160 -0.15578 -0.04441 -0.22125 0.92534 -0.20621 0.57451 1.03031 4
-0.09567 -0.15554 0.22829 0.78993 -0.38476 -0.75440 -0.41598 -1.48234 4
0.08177 -0.11367 0.74435 0.80035 -0.39501 0.44476 1.01768 -0.04654 4
-0.11294 -0.11448 0.01371 0.53379 -0.41082 -0.03490 0.97462 1.53284 4
-0.05162 -0.04637 1.68808 -1.77443 -0.18947 0.26099 1.99367 0.40215 4
-0.06468 -0.19207 0.43909 0.51381 0.64961 1.95226 -0.10431 -0.70423 4
0.08894 0.00219 0.44749 -0.79061 -0.34283 0.13640 -0.21034 -1.10544 4
0.69564 -0.09623 -0.66839 -0.87460 0.46580 -0.35319 -1.32270 -0.44133 4
-0.05947 -0.14372 -0.04244 -0.82727 -0.38126 -0.40706 0.65043 0.92980 4
-0.11495 -0.24533 0.62170 0.38812 -0.41082 -1.23406 -2.26637 -1.48234 4
-0.02172 -0.01459 -2.75203 -2.06986 -0.10010 -0.56786 1.30756 0.32677 5
-0.10288 -0.19783 1.12671 0.45800 -0.41082 1.16425 0.77844 0.52778 5
-0.00757 -0.11842 0.29864 -0.48479 -0.33531 -0.34480 0.56102 -0.66002 5
0.05115 -0.00027 0.75817 -0.06895 -0.39044 0.86446 0.64138 -0.26844 5
0.21472 -0.12349 1.37133 0.92323 -0.09515 0.96938 1.13747 -0.25165 5
0.13363 0.02265 1.03602 -1.09868 -0.04235 0.70225 0.82317 -0.65713 5
-0.08452 -0.08464 1.15823 0.46780 -0.39352 1.16425 -0.56622 -0.99602 5
-0.08312 -0.17471 1.27169 1.15253 -0.41082 0.51606 1.23928 -0.14226 5
-0.09354 -0.21828 0.66127 1.74917 -0.36329 3.56255 1.84059 -1.48234 5
-0.08657 -0.16469 1.09496 0.58010 -0.40160 -0.20112 -0.70351 -0.13071 5
3.19705 0.89947 1.30856 -0.37723 0.00103 0.19412 0.51551 0.21693 5
-0.05418 -0.22571 -0.59434 0.12768 6.49784 -1.20090 1.45931 -1.48234 5
-0.04993 -0.02193 0.57318 1.04924 -0.40235 -0.66604 0.18495 0.52778 5
-0.11390 0.01189 1.79064 2.39962 -0.41082 2.87732 1.01363 -1.48234 5
-0.11675 -0.24533 2.15490 -2.22761 -0.41082 -1.23406 -2.68050 -1.48234 5
-0.03022 0.03083 1.61942 1.08398 -0.24692 2.26617 2.42844 0.02525 5
0.64895 0.29600 1.40172 0.00933 -0.26236 0.58883 1.87254 -0.65130 5
0.00013 0.67557 0.99243 -0.01056 -0.37918 -0.95440 -0.34463 -0.38591 5
-0.05855 -0.14977 1.07399 -0.14212 -0.39142 1.44640 1.14948 0.58068 5
0.02277 1.14232 -1.58018 3.01097 1.34261 -1.09569 -1.52880 -1.48234 5
0.01467 0.07449 1.00384 1.35117 -0.37183 1.36411 2.21576 -0.16803 5
1.94502 0.09866 -0.17751 -1.31596 2.29611 -0.85521 -0.12666 -0.30840 5
-0.07995 -0.09486 -0.09832 1.12184 -0.38041 0.18312 0.40609 -0.09072 5
-0.08244 -0.07413 0.83236 0.69775 -0.25621 0.44476 0.53114 0.24062 5
-0.04577 0.33749 0.36488 0.37854 -0.11180 -0.42564 -0.08160 0.62829 5
0.00566 -0.03946 0.52625 0.56782 -0.39687 1.57371 0.58928 0.40215 5
-0.05406 1.74249 -0.05868 1.75827 -0.32518 -0.10343 -0.65448 0.71052 5
0.11957 0.09876 1.16511 1.76416 -0.40357 0.97347 1.66949 0.30443 5
-0.09895 0.03586 2.93666 -1.70377 -0.38018 -1.11107 -1.13535 -1.48234 5
0.17660 0.90113 1.23306 -1.77437 -0.32314 -0.19368 -0.59249 -0.68314 5
-0.10444 -0.21015 0.35078 -1.33079 -0.41082 -1.06615 0.36948 0.77905 5
1.81805 4.34446 1.98584 -1.24338 -0.16986 -0.48657 -0.19740 -0.60922 5
-0.11478 0.02303 1.34171 1.18391 -0.41082 -1.23406 4.54831 -1.48234 5
-0.11286 0.57363 1.93180 0.77010 -0.41082 -1.23406 3.43311 -1.48234 5
-0.00557 3.60882 1.58947 1.58138 -0.35712 2.07939 1.54516 -0.87930 5
