-0.11466 -0.24533 -0.74112 -0.71962 -0.41082 1.64391 -1.15278 0.02525 1
-0.11499 -0.24533 1.40619 0.34536 -0.41082 0.36481 -1.15038 1.53284 1
-0.11547 0.06923 -0.88768 -0.08067 -0.41082 -0.63448 0.18717 1.53284 1
-0.11354 0.01661 -0.77106 0.47157 1.32523 0.11499 -0.67950 -0.47728 1
-0.11198 -0.18332 -0.44920 0.42847 -0.41082 0.15851 -0.52377 -0.47728 1
-0.11154 -0.24533 -0.25856 -0.11744 -0.41082 0.56467 -0.65522 1.53284 1
-0.11294 -0.06743 -1.00772 -1.79694 -0.41082 -1.23406 -0.09915 -1.48234 1
-0.11751 -0.24533 0.26484 -2.47673 -0.41082 -1.23406 -0.63007 -1.48234 1
-0.09086 -0.20186 -0.44809 -0.24137 -0.41082 -0.36659 -1.26267 1.17811 1
-0.09531 -0.15115 -0.87992 -0.42307 3.88324 -1.11611 -0.60238 1.53284 1
-0.11278 -0.24533 -0.00638 -0.41028 -0.41082 -0.63448 -0.32919 1.53284 1
-0.10669 -0.24533 -0.34280 -1.09658 -0.38471 -0.89144 -0.42976 0.02525 1
-0.11482 -0.24533 -1.18541 -1.26623 -0.41082 -0.75440 -0.04705 1.53284 1
-0.09078 -0.18229 -0.87348 -0.94824 -0.38950 0.30015 0.44725 1.22093 1
-0.11210 -0.24533 -2.19763 -1.36377 -0.41082 -0.25293 0.12848 1.53284 1
-0.11599 -0.24533 0.56619 0.52454 -0.41082 -1.23406 -1.21381 -1.48234 1
-0.11659 -0.24533 0.36715 1.97971 -0.41082 1.16425 0.39808 1.53284 1
-0.11322 -0.24533 -1.14129 0.25907 -0.41082 -1.23406 -0.88869 -1.48234 1
-0.11298 -0.24533 -0.45256 1.29410 0.87296 -0.20621 -1.02013 1.53284 1
-0.11539 -0.24533 0.67920 0.43838 -0.41082 0.30771 -0.17379 0.52778 1
-0.11234 -0.24533 0.35955 -0.19346 -0.41082 -1.23406 -1.02104 -1.48234 1
-0.10857 -0.24533 -1.34465 -1.08848 -0.41082 -0.39465 0.13267 1.10210 1
-0.11418 -0.24533 0.56348 0.22348 -0.41082 -0.57997 -0.97278 -1.48234 1
-0.11362 -0.13787 -0.44763 -1.28541 -0.41082 -1.23406 0.18975 -1.48234 1
-0.10829 -0.21345 -1.19237 0.60850 5.97752 -1.23406 -0.49083 -1.48234 1
-0.11647 -0.24533 -0.37263 0.96109 -0.41082 -1.23406 -0.17379 -1.48234 1
-0.11162 -0.03639 -0.14830 -0.31386 -0.41082 0.03563 0.42088 1.53284 1
-0.09875 -0.22247 -0.81193 -1.52987 -0.39566 -0.47670 -0.13741 0.32677 1
-0.10384 0.00905 0.35360 1.29325 -0.28643 -1.11116 -0.39393 0.43641 1
-0.11671 -0.24533 -0.96289 0.38812 -0.41082 -1.23406 0.22672 -1.48234 1
-0.10004 -0.24533 0.50816 0.33603 -0.41082 -0.23476 0.18533 0.92980 1
-0.01563 -0.14437 -0.93694 -0.82038 -0.24226 0.18376 -0.12860 0.67779 1
-0.11290 -0.24533 -0.13486 0.07516 -0.41082 -0.03490 -0.33049 -1.48234 1
-0.10797 -0.24533 -1.04507 -0.67732 3.40188 -0.81083 -0.37431 -1.48234 1
-0.11699 -0.24533 0.10848 -0.79152 -0.41082 -1.23406 -0.37658 -1.48234 1
-0.09346 -0.24533 -0.49617 0.16045 -0.41082 0.03563 -0.89880 1.19782 2
-0.09034 -0.17230 -1.18261 -0.71245 -0.41082 0.20493 0.37770 0.14122 2
-0.11362 -0.24533 -1.55079 1.89146 -0.41082 -1.23406 -3.37479 -1.48234 2
-0.10525 -0.24533 -0.90071 -0.59147 -0.38774 -1.03420 -0.75237 1.53284 2
-0.11274 -0.24533 0.21272 0.08533 0.05439 -0.03490 -0.51815 0.32677 2
-0.06228 -0.12664 -0.45992 -0.20475 1.36437 -0.66055 -1.34205 0.71052 2
-0.11430 -0.24533 0.45233 0.52454 -0.41082 -1.23406 -1.07653 -1.48234 2
-0.11495 0.03910 0.11597 -0.11744 -0.41082 0.40115 -0.58613 0.92980 2
-0.11539 -0.24533 1.33415 -1.77308 0.09111 -0.72013 -0.57015 1.53284 2
-0.06801 -0.13251 -0.62096 -0.15988 -0.41082 0.20493 -0.68760 0.55115 2
-0.08941 -0.24533 -2.08436 -1.24952 -0.41082 -0.61022 -0.80718 0.12576 2
-0.11354 -0.06264 -0.69137 -0.86351 -0.41082 1.16425 -0.39041 -1.48234 2
-0.08096 -0.21271 -0.31192 -0.23739 -0.39520 -0.17327 0.36811 1.00846 2
-0.09254 -0.23033 -1.33187 -0.69477 -0.39941 -0.78438 0.50470 -1.48234 2
-0.08929 -0.24533 -0.43273 -0.19456 -0.41082 0.56467 -0.24042 0.40215 2
-0.08505 -0.24533 -0.09338 1.16945 6.05630 -0.75440 -0.40776 1.53284 2
-0.11306 -0.24533 1.03574 -1.33079 -0.41082 -0.84419 -0.43082 1.25873 2
-0.11290 0.07239 -0.42807 -0.02114 -0.41082 -1.23406 0.27770 -1.48234 2
-0.11627 -0.24533 -2.62170 1.28850 -0.41082 1.16425 -0.34008 1.53284 2
-0.10713 -0.21101 0.04928 0.42080 0.73141 0.12714 -0.85459 0.24062 2
-0.09142 -0.13601 -0.58390 -0.19360 -0.39990 -0.54883 0.04323 0.62829 2
-0.08653 -0.17907 -0.46584 -0.74381 -0.41082 -0.03490 0.09586 0.42198 2
-0.10320 -0.19393 -0.68585 -1.15938 -0.41082 -0.09802 0.15136 -0.47728 2
-0.08521 -0.22348 -0.47468 -0.18485 -0.39316 -0.85538 0.35794 -0.47728 2
-0.07571 -0.19849 -0.15687 -0.31509 -0.41082 0.18134 -0.06174 0.77905 2
-0.10108 -0.18354 -0.28860 0.54036 -0.41082 0.01723 0.53007 -0.72854 2
-0.11595 -0.24533 0.80826 1.12099 3.58127 0.20493 -0.21815 -1.48234 2
0.01031 -0.13519 -0.73028 -0.64818 1.00042 -0.27117 -0.29055 0.02525 2
-0.11022 -0.08909 0.37388 0.41893 -0.41082 -0.79800 -0.97237 1.53284 2
-0.10268 -0.22052 -0.83492 -0.48512 -0.41082 -0.54883 0.47909 1.53284 2
-0.09114 -0.23264 -0.47485 0.05057 -0.41082 -0.49988 0.51510 -1.48234 2
-0.10821 -0.24533 0.12693 1.11647 -0.41082 0.17364 -0.38483 0.86280 2
-0.09883 -0.24533 -0.96866 0.47346 -0.41082 -0.08287 0.04321 1.53284 2
-0.10837 -0.24533 -0.21327 0.09176 -0.41082 1.64391 -0.24654 0.52778 2
-0.08949 -0.20900 0.65786 0.95457 -0.40064 0.82163 -0.90654 -0.19012 2
-0.10252 -0.24533 -0.35454 0.19107 6.40108 -0.51457 -0.49928 1.53284 3
-0.08845 -0.23300 -0.50106 -0.12669 1.57108 -0.14803 -0.35929 0.02525 3
0.07472 -0.18574 -0.85979 0.79636 -0.26032 0.00480 -0.67055 -0.00374 3
-0.11310 -0.24533 0.48437 0.73995 -0.41082 0.56467 0.90298 1.53284 3
-0.10280 -0.04259 -0.62451 -1.07133 -0.41082 -0.15482 -0.05018 -0.47728 3
-0.11306 -0.24533 -0.07717 0.36321 -0.41082 -1.23406 0.27712 -1.48234 3
-0.10953 -0.24533 0.29734 0.37401 -0.37558 -0.24166 -0.74487 0.77905 3
-0.09599 -0.17839 -0.28997 0.07569 2.07471 -0.76482 -0.54380 0.52778 3
0.27291 -0.17309 0.12209 -0.16074 2.22339 -0.63448 -0.15391 0.17770 3
-0.10577 -0.20924 0.56711 -0.79833 1.15454 -0.89144 0.94418 -1.48234 3
-0.11330 -0.24533 0.12899 -0.63692 -0.41082 0.11499 -0.57937 -0.47728 3
-0.10048 -0.22209 -1.38935 -0.99422 -0.41082 -0.93427 -0.44242 -0.47728 3
-0.09787 -0.10439 -0.01796 0.19095 -0.41082 -0.53211 0.26324 1.53284 3
-0.11499 -0.24533 -0.35229 0.68744 -0.41082 -1.23406 0.72401 -1.48234 3
-0.09787 -0.21230 0.05737 0.28373 -0.39634 1.26852 0.15914 0.40215 3
-0.09983 -0.24533 -1.03670 1.29586 -0.41082 -1.23406 -0.55602 -1.48234 3
-0.10633 -0.21293 0.54749 -0.06742 2.64732 -0.86509 -0.21560 0.02525 3
-0.11178 -0.24533 -0.35123 0.91432 -0.41082 -1.23406 0.75222 -1.48234 3
-0.08753 -0.10133 0.47357 0.67766 -0.29668 0.45225 -0.38449 0.92980 3
-0.10941 -0.20389 -0.03888 0.52719 -0.41082 -0.12715 0.54011 0.02525 3
-0.07771 -0.21995 0.54531 0.97718 -0.40364 0.43213 -0.28899 1.25873 3
-0.11038 -0.24533 -0.62921 0.98628 -0.41082 -0.33469 0.21853 1.53284 3
-0.06424 -0.10177 -0.53191 -0.06535 -0.26594 0.01122 -0.35726 -0.81230 3
-0.07623 -0.11308 -1.21195 -0.24913 -0.40390 -0.67425 -2.03629 -0.14775 3
-0.05390 -0.15838 -0.70171 -0.35555 -0.39733 -0.20987 -1.33098 0.17601 3
-0.11410 -0.14427 0.22958 0.54907 -0.41082 1.16425 -0.46251 0.52778 3
-0.11030 -0.16200 -1.18905 1.13548 -0.41082 -1.23406 -0.03453 -1.48234 3
-0.10452 -0.24533 0.72640 0.28331 -0.41082 -1.23406 -0.65897 -1.48234 3
-0.09374 -0.15970 1.97805 1.19911 -0.37487 -0.17251 -0.97445 1.19782 3
-0.07058 -0.12453 -0.86765 -0.56033 -0.32560 -0.05938 -0.60099 0.40215 3
-0.09142 -0.24533 -1.41989 0.43623 -0.41082 0.43088 0.77250 0.77905 3
-0.10793 -0.09573 0.17349 -0.14241 -0.41082 -0.95733 0.33915 1.53284 3
-0.09859 -0.16753 -1.15368 -0.67115 -0.41082 1.16425 -0.54533 -0.22601 3
-0.11587 -0.05684 -0.78750 -0.05752 -0.41082 -1.23406 0.26559 -1.48234 3
-0.08705 -0.20073 -0.06976 1.12308 -0.41082 0.56467 -0.72136 0.14122 3
-0.00525 -0.06360 0.58388 1.22256 -0.40317 1.86963 0.19347 -0.11180 4
-0.11402 -0.24533 1.21958 0.35664 -0.33222 -0.85538 -0.26805 0.52778 4
-0.06753 -0.08286 -2.71651 -1.32713 1.09858 -0.72915 0.77032 -0.72854 4
-0.09996 -0.16448 0.56812 0.91961 -0.37845 1.16425 -0.20341 0.59060 4
-0.10404 -0.07344 0.25484 0.35442 -0.24252 -0.65846 0.32135 0.02525 4
-0.07767 -0.02988 -0.26720 -0.37546 -0.26748 1.83746 -0.33462 0.58285 4
0.60955 -0.05305 -0.22609 -1.49399 1.29452 -0.41121 -0.47422 -0.15761 4
-0.10513 -0.19099 0.09417 0.58033 -0.41082 -1.23406 1.05802 -1.48234 4
-0.08505 0.23977 0.65980 1.29615 -0.08570 -1.09873 -0.04737 0.52778 4
0.02273 -0.11798 0.75555 -0.66606 0.88982 -0.51752 0.01855 -0.02138 4
0.98570 -0.02217 0.36787 -0.33982 1.48403 0.15591 0.25149 -0.36099 4
6.31703 0.02915 -0.13233 0.84046 -0.13037 0.01882 0.08131 -0.31227 4
-0.10773 -0.24533 -0.54333 -0.72085 -0.41082 -1.10671 -0.08625 1.53284 4
-0.11474 0.69217 -0.17133 0.74132 4.09623 3.56255 1.69605 1.53284 4
0.07015 -0.07898 1.05929 -0.31250 3.66455 0.06753 -0.06219 -0.22601 4
-0.04012 0.91904 0.11761 1.19206 0.45044 0.38359 0.64680 0.63279 4
-0.09054 -0.20519 0.17613 -0.72481 -0.37912 -0.36195 0.90873 0.40215 4
-0.11462 -0.00783 0.84494 -0.06422 -0.41082 -1.12337 -0.53592 1.53284 4
-0.05014 -0.13639 -0.80757 -1.58922 -0.33441 -0.46041 0.79706 -0.57779 4
-0.05062 0.08613 -0.22831 0.87616 -0.39372 0.47621 0.14179 -0.02674 4
-0.09647 -0.20888 0.90721 -0.60293 -0.39730 1.03802 0.02133 -0.47728 4
-0.10897 0.00599 0.33792 0.13728 -0.41082 1.76382 -0.01752 -0.87930 4
-0.11691 -0.24533 0.02806 -2.77830 -0.41082 -1.23406 -1.83190 -1.48234 4
0.07989 -0.02824 -0.78721 0.97923 -0.40646 -0.00438 1.88445 0.37809 4
-0.00533 -0.02889 1.17951 0.31760 -0.31640 -0.23012 -0.23856 -0.30977 4
-0.11414 -0.24533 -0.09810 1.16945 -0.24826 -1.23406 -1.65986 -1.48234 4
0.30590 0.00889 0.64352 0.63644 -0.01827 1.20878 0.13395 -0.10823 4
0.02778 0.28321 0.72548 0.32260 -0.32804 -0.28736 0.59317 -0.27627 4
-0.07238 -0.02446 0.81339 2.03605 -0.35385 1.81833 1.65162 -0.40549 4
0.34762 -0.07810 1.12388 0.73090 -0.39726 1.59833 0.76688 -0.58125 4
-0.09971 -0.24533 1.25684 1.41128 -0.41082 1.10429 1.28352 0.14122 4
-0.08160 -0.18260 -0.54824 0.47725 -0.41082 0.41049 0.73212 0.40215 4
-0.11286 -0.24533 -0.34783 -1.61728 0.00641 0.56467 1.27109 1.53284 4
-0.07266 0.10914 0.47557 1.66111 0.45538 -0.03817 -0.45485 -0.64204 4
-0.04007 -0.14916 1.88358 -1.76052 -0.27412 -0.41954 -0.14012 -0.64479 4
-0.07951 -0.14415 1.34326 0.86961 -0.28309 3.02960 1.15517 -0.16320 5
-0.01563 -0.14908 0.88681 0.03480 -0.36025 0.58744 0.69353 0.17601 5
0.24642 -0.01917 0.39738 -1.27453 0.17656 -0.00178 1.06828 -0.55833 5
0.15904 0.05761 0.18322 1.44875 -0.14249 1.27204 -0.03936 0.07388 5
-0.11579 -0.24533 0.44900 1.30244 -0.41082 -1.23406 1.18237 -1.48234 5
-0.11358 -0.24533 0.33448 -0.34213 -0.41082 -1.23406 1.22307 -1.48234 5
0.80891 -0.04487 -0.82372 -1.91561 0.26520 -0.60048 -1.77000 0.21219 5
0.14606 0.02958 0.24099 0.19829 -0.38255 1.13206 1.07029 -0.62086 5
-0.00985 0.31086 0.38530 0.22411 -0.13961 2.40552 -1.03562 -1.14732 5
-0.08372 20.23438 -0.83263 0.06003 -0.36859 -1.09016 -1.80134 0.52778 5
0.10522 -0.12389 0.06246 -1.25372 -0.40181 -0.40841 -0.60410 -0.49164 5
-0.02741 0.30041 1.07235 1.29388 -0.34094 0.60854 1.51405 -1.05160 5
0.13183 0.05231 0.58320 0.17688 -0.23617 0.46831 1.43681 -0.28765 5
0.02614 0.48202 1.39673 0.68195 -0.35500 -0.42299 1.42407 -1.28781 5
-0.11326 0.00733 2.08684 0.23186 0.43448 -1.23406 1.51363 -1.48234 5
-0.09198 -0.05404 -0.83395 -0.53703 0.04668 -0.68742 0.09574 0.79942 5
0.08265 0.46330 -0.90447 1.48064 0.27753 -0.54585 -2.38968 -0.79707 5
-0.01510 0.57409 0.60590 1.64087 -0.12852 3.45186 0.45511 -1.38737 5
-0.03567 -0.17374 -0.16576 0.14448 -0.38984 -0.67583 1.22638 0.52778 5
0.05620 1.28617 0.82240 -1.28800 -0.03984 -0.65147 -1.12316 -0.72854 5
-0.09390 -0.05152 0.82148 1.20458 -0.22989 -0.43462 0.31258 -0.68887 5
0.33155 0.85165 0.51080 0.60385 -0.23660 2.36340 0.02058 -0.52098 5
-0.05927 -0.16673 1.07984 0.83053 -0.38627 0.97976 0.87299 -1.15928 5
-0.08496 20.13900 -0.23391 1.89077 -0.29687 0.33005 -2.14218 0.92980 5
0.84081 0.25085 0.44494 -0.46364 -0.39048 0.11499 -0.05985 -0.19012 5
-0.10112 8.81135 2.37899 2.19860 -0.06445 -0.59451 2.63103 -1.48234 5
1.49023 3.44717 0.79017 -0.31936 0.28844 -0.22972 -0.59776 -0.81344 5
0.09508 10.03990 1.60081 1.10703 0.56746 2.57255 0.06401 -1.06817 5
-0.07827 -0.17856 0.82405 -1.59658 0.26587 -0.90096 0.43950 0.41292 5
0.22109 0.28069 -0.08997 -1.51817 -0.37443 0.16157 2.07096 -0.51631 5
-0.11046 0.28244 0.75593 1.27941 -0.37108 0.56467 3.28463 1.53284 5
1.99116 4.94639 1.66039 -0.50948 -0.30383 0.04497 -0.14391 -0.46994 5
0.33416 0.95271 2.06029 -0.97480 -0.37084 0.29929 0.98647 -0.60613 5
-0.11683 0.29444 1.77160 -1.65820 -0.41082 0.36481 3.85786 -1.48234 5
-0.10809 -0.11555 -0.47482 0.51998 -0.41082 0.18417 2.89754 -0.30568 5
