-0.10561 -0.13721 -0.87952 -0.74449 -0.41082 -0.59734 -0.24561 0.92980 1
-0.11679 -0.24533 0.26484 1.16945 -0.41082 -1.23406 -1.90943 -1.48234 1
-0.11118 -0.24533 0.02693 0.21128 -0.41082 -0.51457 -0.40016 1.53284 1
-0.11402 -0.13883 -1.70476 -0.14707 -0.41082 -1.23406 0.68031 -1.48234 1
-0.11434 -0.24533 -1.37274 -1.71737 -0.41082 -0.85538 0.00774 1.53284 1
-0.11406 -0.24533 -0.20871 -1.71277 -0.41082 -1.23406 0.32778 -1.48234 1
-0.11262 -0.07134 -0.06907 -1.20346 -0.41082 0.92442 -0.66884 1.53284 1
-0.11270 -0.24533 -0.48287 -0.44361 -0.41082 -0.51457 0.70376 1.53284 1
-0.11695 -0.24533 1.77160 0.06980 -0.41082 -0.72013 -0.79483 1.53284 1
-0.11474 -0.24533 -0.43607 0.74132 -0.41082 -0.57997 -1.16360 1.53284 1
-0.11114 -0.24533 0.35712 0.15964 2.44140 -1.06673 -0.82883 1.53284 1
-0.11450 -0.24533 -0.66535 0.20680 -0.41082 1.76382 -0.35369 0.32677 1
-0.11326 -0.24533 0.03623 0.02350 -0.41082 -0.99423 -1.12622 -1.48234 1
-0.11587 -0.24533 -1.74661 -0.82148 -0.41082 2.55274 0.13884 0.62829 1
-0.11495 -0.24533 0.96714 0.05108 -0.41082 -1.23406 -1.47744 -1.48234 1
-0.11711 -0.24533 2.75099 -0.02114 -0.41082 -0.20621 -1.99890 1.53284 1
-0.11511 -0.24533 0.26484 -0.14904 -0.41082 0.56467 -1.43036 1.53284 1
-0.10024 -0.24533 -1.38909 -1.48885 -0.41082 -0.94626 -0.38646 0.77905 1
-0.11743 -0.24533 3.02723 -0.56683 -0.41082 -1.23406 0.90775 -1.48234 1
-0.10729 -0.20751 -0.87003 -0.81755 -0.41082 -0.60292 -0.33313 1.53284 1
-0.11166 -0.24533 -0.14746 0.88470 -0.26777 1.38228 -0.39398 -0.72854 1
-0.09599 -0.22681 -0.38159 -0.47504 -0.41082 -0.26177 0.13064 1.23132 1
-0.11643 -0.24533 -0.91904 1.03502 -0.41082 3.56255 -0.97278 -1.48234 1
-0.08689 -0.23515 0.08716 1.68626 -0.41082 -0.83434 -0.67783 1.53284 1
-0.10973 -0.24533 -0.23129 -0.97196 -0.41082 -0.52867 -0.52238 0.92980 1
0.29436 -0.10858 -0.30506 -0.59507 -0.34750 -0.11839 -0.44752 0.24062 1
-0.08108 -0.22374 -0.36046 -0.55009 -0.41082 0.36990 -0.94579 0.49906 1
-0.09458 -0.18471 -0.53373 0.03002 0.23489 0.20493 -0.47730 1.23132 1
-0.11310 -0.24533 -0.13615 -0.56683 -0.41082 -0.33469 -0.06916 1.53284 1
-0.11599 -0.24533 0.26484 -0.02114 -0.41082 -0.20621 -0.61124 1.53284 1
-0.10773 -0.17963 -1.94736 -0.35119 -0.38198 -0.09802 -0.91783 1.53284 1
-0.11699 -0.24533 0.10848 -0.79152 -0.41082 -1.23406 -0.37658 -1.48234 1
-0.11146 -0.18459 -0.60415 -0.00002 -0.36467 2.64013 0.15293 0.67136 1
-0.11386 -0.24533 -0.24746 0.47859 -0.41082 -0.33469 -0.54768 -1.48234 1
-0.10020 -0.05997 -0.93983 -0.89975 -0.37801 0.25678 -0.76757 0.48408 1
-0.09683 -0.24533 -0.45712 -0.20689 -0.41082 -0.47000 -0.14851 1.03031 2
-0.10921 0.05031 -1.17940 -1.03752 -0.41082 -0.68060 0.58704 -1.48234 2
-0.11555 -0.24533 -0.78750 -0.20647 -0.41082 -0.12715 -0.74469 1.53284 2
-0.11222 -0.24533 -1.34760 -4.33046 -0.25304 -0.94039 -1.50174 1.53284 2
-0.09599 -0.24533 0.53767 0.45696 -0.13318 -0.47670 -0.48981 0.02525 2
-0.09346 -0.24533 -0.81227 -0.23797 1.96940 -0.02143 -0.63457 0.32677 2
-0.10412 -0.08909 -0.62567 0.33727 1.00699 -0.60841 -0.65168 1.53284 2
-0.11054 -0.24533 -0.22962 -0.41661 -0.41082 -1.23406 0.47166 -1.48234 2
-0.11495 -0.24533 1.34578 -0.45448 -0.41082 -1.23406 0.65076 -1.48234 2
-0.10144 -0.22059 -0.47755 -1.07614 -0.41082 0.78951 0.17953 0.19276 2
-0.11655 -0.24533 1.16075 -0.02114 -0.41082 -1.23406 -0.88356 -1.48234 2
-0.08793 -0.24533 -0.51372 -0.99411 -0.40118 0.58744 -0.16426 0.77905 2
-0.00813 -0.22153 -0.33668 0.16275 0.45282 -0.51031 -0.25258 0.82339 2
-0.03751 -0.14147 -0.07686 -0.95836 -0.41082 -0.24039 0.80817 0.80696 2
-0.11282 -0.18080 -0.41074 0.50650 -0.35171 0.82163 -0.73218 1.53284 2
-0.11414 -0.24533 -0.59991 -0.52342 -0.41082 -1.23406 -0.23845 -1.48234 2
-0.10965 -0.24533 -1.13706 -0.70052 -0.41082 0.56467 0.69206 -1.48234 2
-0.11410 -0.15399 -0.24514 1.06410 -0.41082 1.16425 0.63603 1.53284 2
-0.07062 -0.18062 -0.72307 -0.13409 -0.40472 -0.32466 -0.23856 0.55734 2
-0.09783 -0.24533 -0.59913 -0.84463 -0.41082 -0.23476 -0.37874 0.32677 2
-0.09727 -0.24533 -0.12117 0.30370 2.84926 -0.83434 -1.02927 0.52778 2
-0.08605 -0.15647 -1.05304 -0.10206 0.60449 0.61329 -0.76137 0.26329 2
-0.09378 -0.22922 -1.46681 -0.82319 -0.41082 0.44147 -0.70471 0.82339 2
-0.11250 -0.24533 -0.65596 0.58800 -0.41082 -1.23406 -0.38136 -1.48234 2
-0.09975 -0.24533 -0.09705 0.97135 1.86134 0.43918 -1.57234 1.53284 2
-0.09078 -0.23330 0.38239 0.96451 -0.41082 1.64391 -0.57329 0.02525 2
-0.10901 -0.20793 -1.65361 0.06980 -0.41082 -0.66604 0.26738 -1.48234 2
0.29664 -0.06185 -0.73630 -0.72240 -0.21016 0.06371 -0.36174 0.41226 2
-0.11282 -0.24533 -0.04986 0.03298 -0.41082 1.64391 0.44525 0.02525 2
-0.09110 -0.12599 -1.25517 -1.34462 -0.41082 -0.69827 0.06999 1.53284 2
-0.11258 -0.24533 -0.40580 -0.08559 -0.35450 -0.33469 0.48578 1.53284 2
-0.11474 -0.24533 0.57464 1.05528 -0.41082 0.56467 -0.13241 -1.48234 2
-0.07386 -0.24533 -1.66443 -1.12949 -0.41082 -0.38466 0.22268 0.46866 2
-0.11567 -0.24533 0.13928 0.50272 1.30578 -1.23406 0.02900 -1.48234 2
-0.11134 -0.24533 -0.57922 0.20680 -0.41082 -0.20621 0.76353 1.53284 2
-0.11523 -0.24533 0.66422 0.81081 -0.41082 1.64391 -0.41038 -1.48234 3
-0.08513 -0.24533 -1.03084 -0.21872 2.61050 -0.49439 -0.11338 0.71052 3
-0.10553 -0.21644 -0.60219 0.00047 -0.41082 2.76312 0.52262 0.32677 3
-0.08605 -0.24533 0.42937 -0.45064 -0.40175 -0.66975 0.01175 0.77905 3
-0.04028 -0.19023 -0.10398 -0.37297 -0.41082 -0.38760 0.27397 0.59060 3
-0.05923 -0.09340 -0.73039 -1.21132 -0.40591 0.10617 0.09088 0.58068 3
-0.11082 -0.19966 0.64732 1.10852 -0.41082 -0.03490 0.27310 1.53284 3
-0.11482 0.01565 -1.55652 0.83197 -0.41082 -1.23406 0.66272 -1.48234 3
-0.07146 -0.16622 -0.22654 0.49993 -0.40461 0.21458 -0.78361 0.92980 3
0.14413 -0.13685 0.04692 -0.22415 0.41700 0.04322 0.12514 0.01142 3
-0.10521 -0.24533 -1.02656 0.23152 4.48784 -1.04957 -0.08415 -1.48234 3
-0.10432 -0.24533 0.23357 0.01819 -0.04567 1.25649 -0.68267 0.86280 3
-0.02993 -0.16961 -0.85487 -1.40617 -0.40755 -0.30798 0.33245 0.14122 3
-0.11519 -0.24533 0.35300 0.85020 -0.41082 -1.23406 0.12848 -1.48234 3
0.00674 -0.17604 0.51145 0.48780 0.65837 -0.06279 -0.06722 0.38420 3
-0.03827 -0.18179 -0.35768 -0.70952 -0.39276 0.13640 0.78547 0.77905 3
-0.10356 -0.10154 0.23975 0.74623 -0.41082 0.28066 0.92665 0.77905 3
-0.03366 -0.18953 -0.84800 -0.44837 -0.41082 0.34418 -0.14208 -0.68420 3
-0.10577 -0.24533 -0.02919 -0.48966 1.27496 -0.51457 -0.08318 -1.48234 3
-0.07174 -0.05470 -0.76066 -0.06685 -0.39209 0.57691 -0.55208 0.55494 3
0.01251 -0.20477 0.22347 -0.62798 0.01419 -0.34238 -0.60443 0.18121 3
-0.11118 -0.24533 0.20435 0.42349 -0.41082 -0.38760 -0.34761 -1.48234 3
-0.06096 -0.19228 -0.94549 -0.55333 -0.40576 1.07859 0.53694 0.75113 3
-0.10525 -0.21778 -0.29277 0.11088 -0.38774 0.20493 0.11722 -1.48234 3
-0.11090 0.17710 0.72342 1.48999 -0.41082 1.16425 0.39084 0.52778 3
-0.10973 -0.24533 -2.21479 0.24343 3.67116 -0.68060 -0.49825 -1.48234 3
-0.09346 -0.21601 -0.01140 0.95730 -0.41082 0.03563 -0.78156 0.02525 3
-0.07859 -0.22688 0.40006 0.58499 0.40347 0.26488 -0.47680 0.62829 3
-0.11382 -0.24533 1.00742 1.70118 -0.41082 -0.68060 0.38388 1.53284 3
-0.09955 -0.22474 0.35828 0.05854 -0.41082 0.05075 0.02142 -0.27627 3
-0.09190 -0.20756 -1.66854 -0.73911 -0.41082 -1.02244 0.88365 -1.48234 3
-0.06597 -0.09097 -0.14298 -0.35363 -0.39418 -0.00566 -0.68126 -0.04654 3
-0.11122 -0.24533 -0.11357 -0.02114 -0.41082 -1.23406 1.54062 -1.48234 3
-0.10869 -0.20634 -0.10257 -0.07230 -0.41082 -0.33469 1.31683 1.53284 3
-0.08480 -0.21137 0.17004 -0.42242 -0.41082 -0.17699 0.40447 1.24105 3
0.19672 -0.08767 0.50625 0.51668 1.17670 -0.09502 -0.12838 0.27652 4
-0.11334 -0.16510 0.43282 1.44918 -0.27836 -0.51457 0.70979 1.53284 4
-0.10084 -0.17780 1.34099 0.03343 -0.39379 -0.73041 -0.74051 -0.62086 4
0.00225 -0.16845 0.65018 -0.52342 -0.22675 -0.18416 0.07777 -0.15211 4
-0.06224 -0.18245 0.01859 -0.56683 0.97003 -0.13560 0.35240 0.92980 4
-0.10825 0.82879 -3.92455 -1.18450 -0.13689 -0.90702 0.62216 -1.48234 4
0.39359 0.90400 0.41214 -0.29373 -0.32503 -0.29657 -0.66603 -0.17455 4
-0.10545 0.13027 -0.27957 0.13451 -0.38737 2.76312 1.00106 -0.27627 4
-0.09975 -0.15138 -3.83321 -0.02847 1.42931 -0.99423 0.29475 1.53284 4
-0.08360 -0.20319 0.29425 0.47575 -0.40240 -0.11485 0.26039 -1.48234 4
0.00606 0.23189 0.59892 -0.03228 -0.21851 0.77108 0.31100 0.00751 4
-0.09563 -0.20775 -0.52192 1.16945 -0.41082 -0.00064 0.32596 0.86280 4
-0.02577 -0.16051 0.52699 0.19946 -0.37650 -0.04591 0.07839 0.19276 4
0.01343 -0.04567 -0.40897 -1.56762 -0.33647 -0.39309 1.51000 -0.25393 4
-0.11246 -0.11555 0.44598 0.25590 -0.41082 -0.20621 0.06399 -1.48234 4
-0.09426 -0.02351 -0.31309 0.46661 -0.41082 -0.87431 0.52224 -1.48234 4
-0.11042 -0.20307 0.05840 0.84713 -0.41082 0.56467 0.34823 1.53284 4
-0.07663 -0.18516 -0.59841 1.38411 -0.38288 1.25649 -0.72531 0.19276 4
0.33203 0.29339 -1.85112 -2.20403 -0.36938 -0.23476 0.59183 -0.18349 4
-0.11030 -0.24533 0.83340 0.07673 1.02746 -0.33469 0.38117 1.53284 4
-0.05703 -0.07039 -1.41463 1.70789 -0.41082 1.01435 1.80952 0.02525 4
-0.10725 -0.21179 0.94373 0.38812 -0.32829 1.64391 -0.47593 -1.48234 4
-0.11547 -0.24533 0.84547 0.75274 0.36946 0.56467 0.77794 1.53284 4
-0.09635 -0.16832 0.78077 1.31435 -0.37048 0.30771 -0.36134 0.52778 4
0.04906 -0.14745 0.53888 0.04379 -0.38331 -0.27809 0.27336 -0.68887 4
-0.03270 0.83606 1.46593 -3.07132 -0.07681 -1.11447 -0.83507 -0.47728 4
-0.10537 0.09929 -0.34643 -0.10646 -0.41082 -0.99686 -1.28295 -0.47728 4
-0.11410 0.13467 0.99411 0.54907 -0.41082 -0.68060 -0.73218 1.53284 4
1.24121 -0.14655 0.57291 -0.03742 -0.32938 -0.15833 -0.02319 -0.25879 4
-0.07154 -0.05073 0.67510 -0.60997 -0.40460 -0.35663 0.90515 -0.87930 4
0.02850 -0.13176 -0.69166 0.70155 -0.39317 -0.81019 -2.15973 -1.00300 4
0.11476 0.07015 -1.01444 -0.72887 -0.32078 0.44052 -0.90978 -0.69215 4
-0.07527 0.07982 0.18035 -1.17699 -0.28237 0.51606 0.60351 -1.14732 4
-0.07266 0.10914 0.47557 1.66111 0.45538 -0.03817 -0.45485 -0.64204 4
0.28237 0.10795 1.23620 -0.04099 -0.11629 0.22630 1.11523 -0.45277 4
1.16939 0.31950 0.90240 -1.16064 1.47732 -0.73271 0.96675 -0.73222 5
-0.11446 -0.24533 -0.71012 -0.18485 2.27137 -0.33469 -0.86393 -1.48234 5
-0.11150 1.12426 0.94910 0.57415 -0.41082 -1.23406 -0.24718 -1.48234 5
-0.10597 -0.18000 -0.70409 -1.57411 1.25483 0.92442 1.81600 -0.47728 5
0.00830 -0.12235 -0.02258 -0.32376 -0.39944 -0.83900 0.39437 0.25367 5
0.11560 0.20015 1.29928 0.99653 -0.37518 0.08409 1.82769 -0.85418 5
0.69941 0.56177 1.15630 0.10566 -0.06909 0.28023 1.27120 -0.16218 5
-0.05663 0.13530 -0.26431 0.09280 -0.37325 -0.03490 -0.72916 -0.87930 5
-0.11094 0.17255 2.67079 -1.45357 -0.36824 2.91685 -0.01568 -1.28133 5
-0.09458 -0.12648 -0.66824 0.56718 -0.39840 0.56467 0.13608 -0.72854 5
-0.09619 -0.07872 0.25427 0.49502 -0.39747 -0.00566 0.67025 -1.05160 5
0.02073 0.32944 0.55549 -1.09450 -0.37353 -0.66446 0.67432 -0.53018 5
0.20121 -0.04694 0.02635 -0.38102 -0.39733 -0.98437 0.38444 -0.13344 5
-0.03158 -0.04592 0.25348 -0.14537 -0.34089 0.62670 0.52862 0.52778 5
0.12987 -0.06128 0.23694 -0.72516 -0.40503 -0.70821 0.60545 0.61606 5
-0.04016 0.14224 1.08934 0.73475 0.02928 0.39498 0.24358 -0.89606 5
-0.06585 0.01410 1.35389 0.11560 -0.39422 -0.52636 1.22313 -0.64479 5
-0.05931 0.73284 -3.31064 -3.46054 0.09516 -0.24845 0.27615 0.62829 5
-0.10488 -0.21941 1.13336 0.34322 -0.36597 -1.23406 1.57054 -1.48234 5
0.11480 0.29433 1.70908 -0.12755 -0.15185 0.20493 0.85220 -0.99007 5
-0.06160 -0.12241 1.25315 0.52532 -0.34435 -0.09094 -0.00896 0.64602 5
0.16582 0.07690 0.49505 0.35450 -0.27228 0.09691 0.84336 -0.04030 5
-0.02641 0.41335 0.60959 0.60579 -0.31030 0.69629 2.38657 -1.20823 5
0.96506 0.25811 0.73666 0.75866 -0.19371 0.31865 1.22985 -0.40333 5
-0.11430 -0.24533 2.30112 -0.56683 -0.41082 -0.86925 -0.19069 -1.14732 5
-0.09763 -0.15413 1.14320 -0.41404 0.54762 -0.80625 0.30389 0.71052 5
0.00882 0.50728 0.77292 0.18116 0.36200 -0.02531 0.56289 -0.90802 5
-0.11667 -0.24533 2.87587 1.41947 -0.41082 -0.03490 0.52330 -1.48234 5
-0.05386 0.12868 0.97959 2.33881 -0.37038 1.04281 2.07745 0.08555 5
0.75724 0.23126 0.62559 -0.60655 -0.15426 -0.53297 0.68304 -0.08782 5
0.41732 1.51673 1.04389 0.80278 -0.36902 1.33184 1.40807 -0.76929 5
0.07283 1.63850 0.55939 1.28802 0.32956 0.99446 1.04421 -0.23319 5
0.17059 4.39936 1.43074 -1.42990 -0.02793 0.04330 -0.52392 -0.92853 5
0.29472 0.59295 1.15527 0.87400 -0.10703 1.99042 2.28935 0.11526 5
1.30149 0.39809 0.96478 -0.55723 -0.31628 0.22724 -0.06916 -0.89158 5
