-0.09218 0.73725 -4.92381 0.89263 -0.05094 -1.23406 -2.60727 -1.48234 1
-0.11246 -0.24533 -0.43273 -1.06634 -0.13572 -1.23406 -0.62298 -1.48234 1
-0.11551 -0.24533 -0.88054 -1.41567 -0.41082 -1.23406 0.33318 -1.48234 1
-0.11466 -0.13435 -1.74886 -1.02521 -0.41082 -1.23406 0.30650 -1.48234 1
-0.11563 -0.24533 -0.11531 -0.56683 -0.41082 -1.23406 -0.20534 -1.48234 1
-0.11507 -0.24533 0.47202 -0.09670 -0.41082 -1.23406 -0.70916 -1.48234 1
-0.11503 -0.24533 -0.50606 -1.08771 -0.41082 -0.57997 0.32192 1.53284 1
-0.09963 -0.19798 -1.94122 -1.17800 -0.41082 -0.13483 -0.01968 0.43641 1
-0.10837 -0.10052 -1.15004 -1.48885 -0.41082 0.59994 -0.12808 0.37316 1
-0.11611 -0.24533 0.16734 -1.15449 -0.41082 -1.23406 0.06666 -1.48234 1
-0.11466 -0.24533 -0.94464 -0.56683 -0.41082 -0.03490 -0.89781 -1.48234 1
-0.11438 -0.24533 -1.16901 1.85549 -0.41082 -1.23406 -3.70571 -1.48234 1
-0.10164 -0.24533 -1.64908 -1.78917 -0.41082 -0.27474 -0.36970 1.03031 1
-0.11266 -0.24533 -1.34080 -0.13901 -0.41082 0.42631 0.51321 0.86280 1
-0.10969 -0.24533 -1.26709 -1.12348 -0.37487 0.41478 -0.49659 1.53284 1
-0.10805 -0.24533 -1.15537 -1.23530 -0.41082 0.47902 0.09730 -0.87930 1
-0.11519 -0.24533 -1.04680 2.14400 -0.41082 -0.78438 -1.82615 -1.48234 1
-0.05038 -0.19573 -1.21949 1.23956 -0.33840 -0.61658 -1.28367 0.61518 1
-0.11242 -0.24533 -0.66097 0.71616 -0.41082 0.33983 0.14763 1.53284 1
-0.11583 -0.24533 -1.59745 1.26003 -0.41082 -1.23406 -2.13128 -1.48234 1
-0.09262 -0.24533 -0.68995 0.31937 -0.39937 -0.97710 -0.89645 1.53284 1
-0.11478 -0.24533 0.62170 0.54728 -0.41082 -0.20621 0.02900 -1.48234 1
-0.11010 0.13423 -1.21096 -0.74872 -0.41082 -1.23406 -0.51545 -1.48234 1
-0.11330 -0.18250 -1.22597 0.94007 -0.41082 -1.23406 -1.47744 -1.48234 1
-0.10849 -0.19802 -0.23041 -1.15064 -0.41082 0.01723 -0.23768 1.53284 1
-0.11539 -0.24533 -1.03817 -0.16474 -0.41082 0.14958 -1.23641 1.53284 1
-0.11350 -0.24533 -0.22649 0.05756 -0.41082 -0.03490 -0.68190 1.53284 1
-0.11707 -0.24533 0.87122 2.48901 -0.41082 -0.57997 0.43458 1.53284 1
-0.11639 -0.24533 -0.74579 2.53676 -0.41082 -0.03490 -2.16789 1.53284 1
-0.11254 -0.24533 -0.91123 -0.95478 -0.41082 0.56467 0.05254 0.92980 1
-0.10961 -0.12185 -1.04215 0.45939 2.82738 0.76453 -0.29656 0.32677 1
-0.10745 -0.20588 -1.27696 -0.70165 -0.41082 -0.73209 -1.01984 -0.47728 1
-0.09022 -0.24533 -0.82288 0.57632 -0.26463 -0.47670 -0.89063 1.10210 1
-0.11515 0.05721 -0.42136 0.52454 -0.41082 -1.23406 -0.38725 -1.48234 1
-0.09927 -0.24533 -0.32032 -0.64173 -0.28615 0.45886 -0.70814 0.77905 1
-0.11254 -0.24533 -0.02555 0.92528 -0.41082 0.42631 0.22796 0.52778 2
-0.10497 -0.24533 -0.03310 -0.03663 -0.41082 -0.49988 -0.24850 1.53284 2
-0.11499 -0.24533 -1.02667 -0.33878 1.83101 -0.33469 -0.33715 -1.48234 2
-0.11350 -0.24533 -0.78750 -1.04430 -0.41082 -0.38760 0.09574 1.53284 2
-0.11354 -0.24533 -0.01038 0.47157 -0.41082 -0.08287 -0.35607 0.77905 2
-0.11174 -0.05432 0.33149 0.31069 -0.41082 -1.23406 -0.45222 -1.48234 2
-0.07867 -0.18488 -0.44187 -0.55113 -0.41082 0.30771 0.73569 0.52778 2
-0.09571 -0.22960 -0.41570 0.15810 -0.34556 -0.86821 -0.51644 0.52778 2
-0.11422 0.23936 0.85678 -0.21150 -0.41082 -0.25293 -0.37376 1.53284 2
-0.11018 -0.24533 -1.34609 -0.30128 -0.41082 0.92442 0.06175 0.52778 2
-0.07623 -0.23613 0.11381 -0.30454 -0.15488 -0.51457 -0.41779 0.83703 2
0.03207 -0.09516 -0.93426 -0.92468 -0.21745 0.04150 0.28128 0.07236 2
-0.11354 -0.24533 0.86812 0.13779 -0.41082 -0.20621 0.40118 1.53284 2
-0.08941 -0.20485 -0.41320 -0.56683 0.08631 -0.05938 0.25150 0.40215 2
-0.11134 -0.24533 1.22265 0.78703 -0.41082 -1.23406 -0.66302 -1.48234 2
-0.10196 -0.22237 -1.33809 -0.40117 1.14011 0.14958 0.15623 0.32677 2
-0.10809 -0.09690 0.29074 0.42408 -0.41082 1.33555 -0.61034 0.32677 2
-0.11202 -0.24533 -0.63922 -0.97319 -0.41082 -0.57997 -1.20777 1.53284 2
-0.10933 -0.24533 -0.48236 -0.60356 -0.41082 -0.72013 -1.11905 0.52778 2
-0.11186 -0.24533 -0.98518 0.24982 -0.21351 0.30771 -0.34406 1.53284 2
-0.10969 -0.24533 0.15559 0.77682 3.18340 0.86446 -0.38855 0.24062 2
-0.11442 -0.24533 1.95526 0.28202 -0.41082 -1.23406 -0.33715 -1.48234 2
-0.11567 -0.24533 -1.07903 0.96109 -0.26777 0.72819 -0.06296 0.02525 2
-0.11002 -0.24533 -1.04366 -1.18680 -0.41082 -0.33469 0.00824 0.02525 2
-0.07543 -0.21451 -1.32161 -0.16093 4.16977 -0.64154 0.09997 0.67136 2
-0.11643 -0.24533 1.03574 -0.07395 -0.41082 -1.23406 -0.16628 -1.48234 2
-0.10669 -0.24533 0.45318 0.45086 -0.35861 1.94017 -0.96388 0.72879 2
-0.10440 -0.24533 0.16618 0.17174 -0.41082 -0.35047 -0.64260 0.67136 2
-0.11010 -0.24533 -0.89279 -0.14241 -0.29729 -0.33469 -1.44731 0.02525 2
-0.11054 -0.24533 -0.82768 1.06410 -0.41082 -1.11001 -1.65777 1.53284 2
-0.09739 -0.22303 0.08587 -0.91408 -0.41082 -0.65382 -0.48279 1.53284 2
0.01371 -0.24533 -0.41148 0.07175 0.55361 -0.07017 -0.48670 -0.11180 2
-0.05887 0.01268 -0.81125 -0.31686 1.15425 -0.48976 -0.07773 1.03031 2
-0.11563 -0.24533 0.49504 1.45542 -0.41082 0.30771 -1.35343 0.52778 2
-0.10280 -0.24533 0.11784 -0.57713 -0.41082 -0.33469 0.10405 0.52778 2
0.23103 -0.11940 -0.30897 -0.19143 1.58366 -0.26143 -0.43240 0.10256 3
-0.10272 -0.05336 -0.00311 -1.35537 -0.41082 -0.87431 0.82510 1.53284 3
-0.09907 -0.01036 -0.30277 0.48691 2.93421 -0.46317 -0.00458 -0.47728 3
-0.07066 -0.22161 0.44974 -0.04905 -0.41082 -0.01687 -0.04579 0.79580 3
-0.10344 -0.24533 -0.09105 -0.39467 0.15332 1.01435 0.35158 -0.27627 3
-0.05803 -0.18988 -0.43753 0.14938 -0.41082 0.47000 0.31106 -0.14226 3
-0.05246 -0.24533 0.39308 -0.54335 -0.39763 -0.04318 -0.07963 0.02525 3
-0.10016 -0.24533 -0.03404 1.28626 -0.39445 1.84948 -0.67729 0.02525 3
-0.09683 -0.08438 -0.43408 -0.00855 -0.41082 0.56467 -0.09987 0.32677 3
-0.08769 -0.23202 -0.91506 -1.02133 -0.41082 -0.26758 0.00675 -0.81230 3
-0.08272 -0.24533 -0.11942 1.01892 0.80314 -0.14392 -0.56363 0.92980 3
-0.05931 -0.19139 -0.61988 -0.74523 -0.41082 0.14579 0.35090 0.45599 3
-0.11158 -0.24533 -0.38834 0.38812 -0.22259 1.16425 0.08131 -1.48234 3
-0.02621 -0.20423 -0.68464 -0.44296 2.43514 -0.16814 -0.13004 0.56368 3
-0.07919 -0.22414 -0.51543 -1.10399 -0.41082 0.11801 0.70233 0.67136 3
5.35073 -0.00930 -0.03063 -1.63455 1.67544 -0.96127 0.73928 0.03293 3
-0.03827 -0.18179 -0.35768 -0.70952 -0.39276 0.13640 0.78547 0.77905 3
-0.06785 -0.10780 -0.07614 0.03549 -0.38780 0.11079 0.24734 0.47753 3
0.27399 -0.06255 -0.55329 -0.50898 2.20513 -0.42715 0.36841 -0.18033 3
-0.09422 -0.22984 0.61622 0.45179 -0.41082 0.67048 -0.59948 0.19276 3
-0.10973 -0.24533 0.03074 0.64856 -0.41082 1.84948 0.06666 -0.47728 3
-0.11330 -0.17380 -0.08462 1.46573 -0.41082 -0.57997 -0.68738 -1.48234 3
-0.00464 -0.15071 -0.17660 -1.38768 -0.40067 -0.60409 0.95243 0.26329 3
-0.09983 -0.24533 -1.03670 1.29586 -0.41082 -1.23406 -0.55602 -1.48234 3
-0.11126 -0.19502 0.51065 1.03271 -0.41082 -0.60841 -0.14546 0.02525 3
-0.07026 -0.22111 -0.18319 -0.46673 -0.40477 -0.54883 0.60168 -0.57779 3
-0.11162 -0.13197 0.68019 0.59682 -0.41082 -1.23406 0.38432 -1.48234 3
-0.09278 0.72604 -1.56545 0.24511 -0.41082 -0.37067 0.80452 0.77905 3
-0.04232 -0.22065 -0.05383 -0.06294 -0.40321 -0.00250 -0.16790 0.42198 3
-0.08569 -0.18234 0.33079 1.28563 -0.40185 0.97976 -0.11302 -0.57779 3
-0.09595 -0.21741 -0.15902 0.48327 2.54520 0.52470 0.56060 1.53284 3
0.02369 -0.14534 -1.39513 -2.01049 -0.41082 -0.42715 0.14317 0.27652 3
-0.07150 -0.24533 1.47308 0.56718 -0.39840 -0.23476 0.10056 -0.27627 3
-0.08396 -0.11742 0.80046 0.17351 -0.39381 2.36340 -1.11893 0.59369 3
-0.08212 -0.07070 -0.60179 -0.19648 3.54846 -0.49988 -0.17031 -1.48234 3
0.14193 -0.10666 -1.11242 -1.38599 -0.37990 -0.09633 -1.12515 -0.10923 4
-0.04488 -0.23170 0.25215 1.30311 -0.39112 0.36481 -0.21358 -0.22601 4
-0.06284 -0.07770 0.62624 0.63105 -0.39513 0.18312 -0.31807 -0.09072 4
-0.10509 -0.10821 1.24093 0.36987 -0.41082 -0.36434 -1.39334 0.98463 4
-0.01659 0.00938 -0.70392 -0.77281 -0.39664 -0.10462 0.56539 0.08109 4
-0.07446 -0.16449 0.05797 -0.93535 -0.32456 0.02821 -0.45831 -0.27627 4
-0.08376 -0.22399 -0.50952 -0.06565 -0.41082 0.20493 0.79573 0.02525 4
0.05800 -0.05172 -1.74437 -0.95378 2.80397 -0.17649 0.64558 -0.09832 4
-0.10909 0.08800 0.64285 0.62909 -0.41082 1.46404 0.17546 1.03031 4
1.42073 0.30468 0.29645 -0.90529 -0.38715 -0.09830 0.05590 -0.54365 4
-0.10212 -0.21880 1.01485 -0.17304 -0.39238 -0.44196 -1.18774 1.53284 4
-0.10136 -0.09394 0.41672 0.97236 -0.35810 -1.10032 -0.72618 0.92980 4
0.31744 -0.15298 -2.64666 -0.27056 -0.39896 0.01283 -0.82635 0.15843 4
0.09904 -0.18808 0.19568 -0.36478 3.85131 -1.03107 -0.80468 -1.14732 4
-0.05146 -0.15517 1.04211 0.49217 -0.40216 0.13207 0.30995 -1.28133 4
-0.10100 -0.15688 -3.31032 -1.23713 -0.30766 0.92442 0.83592 -0.07526 4
-0.02324 -0.01274 -1.37304 1.42414 -0.41082 -0.01646 1.00639 0.16230 4
-0.11354 -0.24533 0.55733 2.14041 -0.41082 -1.23406 1.33280 -1.48234 4
0.13295 -0.00140 -0.08762 -1.18931 -0.40052 -0.82551 1.20310 -0.30977 4
-0.02404 0.08114 -1.67008 -0.30356 -0.31896 -0.10714 -0.55648 -0.26467 4
-0.11583 -0.04742 0.81732 0.51268 -0.25533 1.16425 0.52330 -1.48234 4
-0.08949 -0.00629 1.43751 -0.03977 -0.35995 1.56396 0.02424 -0.19012 4
0.17876 0.38083 0.19369 1.52074 0.43537 1.45775 0.23459 -0.41153 4
-0.08136 -0.22538 -0.09032 -0.07354 -0.41082 1.89417 0.87137 0.32677 4
0.23592 0.03380 0.90379 1.66825 -0.33623 1.14852 0.39557 0.01032 4
-0.01102 -0.06654 1.41670 0.65189 -0.06677 -0.46317 -0.19330 -0.72854 4
-0.02569 1.00946 -0.59793 3.09819 0.94177 -1.23406 -1.16360 -1.48234 4
-0.10096 -0.21813 0.19839 -1.69353 -0.41082 -0.92123 -0.00082 0.02525 4
-0.07366 -0.14583 0.74290 1.06129 -0.41082 0.41723 0.70794 0.24062 4
0.00413 0.04814 1.00749 1.48448 -0.03425 -0.03490 -0.11319 -0.40549 4
-0.09719 0.20516 0.02591 -0.62663 -0.36883 -0.83434 -1.46343 -1.48234 4
-0.11715 -0.24533 0.48882 1.48999 -0.41082 -1.23406 -2.38758 -1.48234 4
-0.07134 -0.14071 -0.72816 -0.91048 -0.41082 -0.70704 -1.74067 -0.69577 4
-0.11022 -0.16006 0.99387 1.95917 -0.33391 3.56255 0.05930 0.02525 4
-0.03502 -0.00321 -0.67985 0.92441 -0.40388 0.57800 1.10879 -0.50684 4
-0.06905 -0.00262 0.43173 0.87229 -0.40492 1.93170 0.93009 -0.66002 5
0.08995 -0.04541 0.65299 0.06514 -0.39701 1.74162 -0.13435 -0.22226 5
-0.02172 -0.01459 -2.75203 -2.06986 -0.10010 -0.56786 1.30756 0.32677 5
-0.11563 -0.24533 1.56613 -0.56683 -0.41082 -0.63448 -0.98495 -1.48234 5
-0.05663 -0.22643 -0.72241 -0.90040 0.41574 -0.83434 0.87676 0.32677 5
0.18478 -0.01209 -0.21316 0.35244 -0.40229 0.43088 0.17939 -0.51317 5
0.35480 -0.09546 1.44290 -0.31473 0.12131 0.73219 1.11867 -0.50535 5
-0.09242 -0.21527 0.31729 -0.27580 -0.39946 -0.68483 0.30447 -0.57779 5
0.03520 1.21761 0.74123 0.65703 1.01443 0.48079 -0.34960 0.28744 5
-0.07567 -0.15010 1.33844 2.37821 -0.39034 2.52692 1.47799 0.22189 5
-0.01046 -0.09265 -0.28696 -0.64965 -0.40012 -0.36571 0.53136 0.52778 5
-0.11707 -0.24533 2.12523 3.25298 -0.41082 -1.23406 2.57739 -1.48234 5
-0.08416 -0.11600 0.00228 -1.27048 -0.39371 -0.56476 1.01837 1.53284 5
0.07163 0.20993 0.72737 -1.17745 -0.11400 -0.16374 0.29585 0.97447 5
-0.08565 -0.11046 1.58685 -0.44731 -0.40186 -0.85944 -0.26338 -0.95025 5
0.51760 -0.05187 -0.77731 -0.44585 -0.18112 -0.82947 0.40183 -0.12551 5
-0.09535 -0.15953 0.36065 -0.53254 -0.39798 0.84868 -0.47826 0.71052 5
-0.03647 0.06775 1.67801 1.49391 -0.37551 1.59471 2.54108 -0.43358 5
1.12686 0.21260 1.16448 -0.48847 -0.30417 -0.03079 0.41363 -0.01341 5
-0.07991 0.23596 1.59544 0.46719 -0.34248 3.64976 -0.17495 0.67136 5
0.04742 -0.04530 1.24123 -0.06884 -0.40213 0.02220 -0.04438 -0.52296 5
-0.03567 -0.17374 -0.16576 0.14448 -0.38984 -0.67583 1.22638 0.52778 5
-0.02585 0.62177 1.20445 1.24720 -0.00496 -0.01933 0.66089 -0.32266 5
-0.09070 0.04693 2.11121 1.29483 -0.36831 2.00365 1.30399 -0.47728 5
0.00634 0.06782 0.91179 0.87887 -0.37152 1.00587 1.06625 0.34504 5
-0.11723 -0.24533 1.92227 1.16945 0.88964 -1.23406 2.92889 -1.48234 5
1.04630 0.58659 0.63056 -0.41873 -0.33422 0.08025 0.37883 0.13724 5
0.02886 0.75257 1.01681 1.92085 -0.32474 1.53322 2.13452 0.02525 5
-0.08977 1.17023 1.96618 -0.15521 -0.36971 1.09943 -0.69857 -1.48234 5
0.88742 5.10920 0.76047 0.43119 -0.32867 0.71553 -0.06780 -1.00853 5
-0.08492 0.45438 0.87943 2.79011 -0.25323 1.76382 3.29803 -0.87930 5
0.24975 0.01880 0.43409 -0.06097 -0.13929 2.16717 1.90994 -0.22601 5
-0.06492 1.20284 1.69944 -0.44782 -0.26407 1.81833 -0.07415 -0.83623 5
0.57059 1.59583 2.05293 0.06714 -0.31918 1.62718 0.70523 -0.61834 5
0.13780 0.24067 1.17812 1.00928 -0.39623 2.15011 2.68747 -0.39282 5
