-0.11631 -0.24533 2.17726 2.91593 -0.41082 -1.23406 1.34713 -1.48234 1
-0.11587 -0.24533 -0.43221 -1.33079 -0.41082 -0.38760 -0.64614 0.02525 1
-0.11655 -0.24533 -0.62307 2.84371 -0.41082 -1.23406 -2.18786 -1.48234 1
-0.10292 -0.22147 -0.67632 0.48154 1.37731 0.59322 -0.75016 0.96749 1
-0.11442 -0.13331 -0.20424 0.14054 0.11900 0.56467 -0.63007 0.02525 1
-0.08076 -0.18357 -0.65117 -0.39264 0.69972 -0.67445 -1.00812 1.10210 1
-0.11342 -0.24533 -1.42377 -0.31458 6.74168 -0.68060 -1.13897 1.53284 1
-0.11410 -0.12291 -1.18755 -1.12478 -0.41082 -1.23406 0.38849 -1.48234 1
-0.11262 -0.07134 -0.06907 -1.20346 -0.41082 0.92442 -0.66884 1.53284 1
-0.11086 -0.17805 -1.54284 -1.06116 -0.41082 -0.90702 0.32080 -1.48234 1
-0.11006 -0.24533 0.28321 -0.60704 -0.41082 -1.01603 0.17124 -1.48234 1
-0.11294 -0.24533 -1.55898 -0.72869 -0.41082 0.20493 -0.37217 1.53284 1
-0.11382 -0.24533 1.14790 0.50749 -0.41082 0.39060 -0.80526 0.67136 1
-0.11635 -0.24533 -1.87378 1.16945 -0.41082 -1.23406 -1.70105 -1.48234 1
-0.11114 -0.24533 0.35712 0.15964 2.44140 -1.06673 -0.82883 1.53284 1
-0.11647 0.50863 -0.39287 -1.71277 -0.41082 1.16425 -0.42728 0.77905 1
-0.11318 -0.24533 -0.27494 -1.55589 -0.41082 -0.57997 -0.39523 -0.47728 1
-0.11503 -0.24533 0.57561 0.47494 -0.30245 0.36481 0.02900 0.02525 1
-0.11639 -0.24533 1.01822 -1.04430 6.07113 -1.23406 -1.34406 -1.48234 1
-0.11575 -0.24533 -0.00836 -1.99926 -0.41082 -1.23406 -0.56416 -1.48234 1
-0.11358 -0.24533 -0.78861 -1.80265 -0.41082 0.02505 -0.49825 1.10210 1
-0.11486 -0.11555 -0.05216 -0.02114 -0.41082 -0.83434 -0.21266 1.53284 1
-0.11651 -0.24533 -0.51697 -2.27916 -0.41082 -0.47670 -1.38329 -1.48234 1
-0.11523 -0.24533 0.10235 -0.12849 -0.41082 -1.23406 0.07782 -1.48234 1
-0.11218 -0.24533 -0.78354 -0.42742 -0.41082 1.46404 -0.87417 0.52778 1
-0.11707 1.98123 -0.77106 -2.85871 -0.41082 -1.23406 -0.92964 -1.48234 1
-0.11599 -0.24533 -0.09547 -0.83967 -0.41082 -1.23406 -0.02170 -1.48234 1
-0.08905 -0.12291 -1.32638 -1.94709 -0.39078 0.00143 -0.08267 1.53284 1
-0.10561 -0.17358 -0.68656 -1.12521 -0.41082 0.49272 -0.48679 0.02525 1
-0.10937 -0.24533 -0.70800 -0.67755 -0.41082 0.07411 0.34355 -0.72854 1
-0.11242 -0.24533 0.33448 0.62868 -0.41082 -1.23406 -0.49825 -1.48234 1
-0.10464 -0.24533 0.04086 0.25590 -0.38881 0.29214 -0.49825 1.53284 1
-0.10737 -0.24533 -0.71351 -1.16135 -0.41082 -0.45623 0.25649 1.53284 1
-0.11182 -0.24533 -0.55424 -0.67148 -0.41082 -1.23406 -0.29781 -1.48234 1
-0.06244 -0.20295 -0.96271 -0.33121 -0.04748 0.03390 -0.67126 0.27067 1
-0.10497 -0.21847 0.20859 0.72251 -0.41082 0.49272 0.22253 1.53284 2
-0.05250 -0.14356 -0.45170 -0.70778 0.06866 -0.64107 -0.24462 1.13082 2
-0.09787 -0.22854 -0.97765 -0.50497 0.31312 -0.48459 -1.02004 0.02525 2
-0.08741 -0.20280 -1.38270 -1.17901 -0.41082 -0.62604 0.15206 1.03031 2
-0.11551 -0.24533 -0.26639 0.91865 -0.41082 -1.23406 0.88865 -1.48234 2
-0.11110 -0.12688 -0.25182 -0.72987 -0.41082 -0.63448 0.37588 -1.48234 2
-0.11226 -0.24533 -0.20073 1.47040 6.05292 -0.43462 -0.28319 -1.48234 2
-0.08184 -0.23437 -0.83705 -0.51556 -0.41082 -0.14043 -0.83740 -1.00626 2
-0.10116 -0.12868 -0.53294 0.22124 -0.41082 1.44879 -0.73434 0.02525 2
-0.08577 -0.22340 -0.13307 0.12899 -0.41082 -0.12343 -0.76024 0.61518 2
-0.11418 -0.24533 -0.07265 0.61863 0.00025 -1.23406 0.17752 -1.48234 2
-0.11338 -0.24533 -0.06425 -0.28124 1.99563 -0.57997 -0.22820 1.53284 2
-0.11006 -0.14699 -0.95336 -0.78798 2.26196 -0.16814 -0.26978 -0.72854 2
-0.10709 -0.24533 -0.40165 0.12768 0.10395 0.11499 -0.84753 0.52778 2
-0.10717 -0.24533 -0.76429 -1.07711 2.67404 1.16425 -0.27446 0.02525 2
-0.11450 -0.24533 0.01063 -1.38881 0.13241 0.20493 -0.53592 -1.48234 2
-0.10320 -0.16608 -0.11311 -0.36579 -0.41082 1.06831 0.26076 -1.10544 2
-0.03923 -0.17930 -1.36667 -0.33651 2.47650 0.55682 -0.47143 0.68647 2
-0.11450 -0.00422 0.81171 1.07714 -0.32028 -1.23406 -0.33930 -1.48234 2
-0.11374 -0.24533 0.07061 -0.02114 -0.41082 -0.03490 0.17729 1.53284 2
-0.11234 -0.24533 -0.36888 -0.62427 -0.24948 -1.23406 -0.08271 -1.48234 2
-0.11254 -0.24533 -0.76757 -0.41762 -0.41082 -0.68060 -0.64299 1.53284 2
-0.10765 -0.24533 -0.18485 0.22769 -0.41082 -0.03490 0.45755 0.02525 2
-0.10416 -0.24533 -0.68838 0.09059 -0.41082 -0.96758 -0.17173 1.53284 2
-0.10132 -0.12799 0.13382 -0.34213 -0.41082 0.20493 0.38254 0.92980 2
-0.10857 -0.24533 -0.44549 -0.83607 -0.34780 -0.68060 -0.66439 1.53284 2
-0.02268 -0.20270 -0.67381 -0.73123 -0.03961 -0.05999 0.02036 0.75972 2
-0.10881 -0.24533 -0.94312 -0.22115 3.82890 -0.81083 -0.28440 0.02525 2
-0.08889 -0.21525 -1.55634 -1.19992 -0.41082 -0.24652 -0.52755 0.45599 2
-0.06256 -0.19699 -0.40266 -0.14735 0.26542 -0.22832 0.53698 0.60509 2
-0.11523 -0.24533 -0.65596 0.05937 -0.41082 -1.23406 0.42750 -1.48234 2
-0.04120 -0.23141 -0.50120 -0.03830 -0.41082 -0.45763 -0.07164 -0.27627 2
-0.09775 -0.17298 -0.89019 -0.11337 -0.39643 1.99631 -0.67401 -0.52296 2
-0.11567 -0.24533 0.13928 0.50272 1.30578 -1.23406 0.02900 -1.48234 2
-0.10404 -0.24533 0.51060 0.32071 -0.26356 -0.59165 -0.99023 1.53284 2
-0.08949 -0.19445 -0.03256 0.09063 -0.39047 0.20493 0.03463 0.02525 3
-0.09831 -0.20758 -0.11724 0.35847 -0.39601 0.31324 -0.99160 1.23132 3
-0.10821 -0.17237 -0.12979 0.63091 -0.38051 -0.45623 -1.14268 0.77905 3
-0.08841 -0.12316 -0.77532 -1.03253 -0.41082 -0.16019 0.36262 -0.87930 3
-0.10084 -0.24533 0.03309 0.36084 -0.41082 0.11499 -0.26441 0.52778 3
-0.09547 -0.24533 -0.28366 -0.40825 -0.41082 -1.02244 0.21730 1.53284 3
-0.09667 0.01674 -0.43243 0.06008 2.29184 -0.32331 -0.69864 0.02525 3
-0.08949 -0.17748 0.52056 0.23734 -0.39047 -0.33469 -1.71066 -0.72854 3
-0.10148 -0.24533 0.04798 0.58668 -0.41082 -1.23406 0.39489 -1.48234 3
-0.10268 -0.24533 -0.27957 1.04689 -0.41082 -0.12715 -0.50854 1.10210 3
-0.10424 -0.16889 -0.28645 0.20853 -0.36812 0.36481 0.10341 0.02525 3
-0.11050 -0.24533 -0.08336 0.50016 -0.41082 -0.47670 0.60019 0.02525 3
-0.11515 -0.24533 0.16125 -0.74872 -0.41082 -1.23406 0.75083 -1.48234 3
-0.10985 -0.19523 0.92921 -0.15547 -0.41082 0.88209 0.78222 -0.87930 3
-0.06785 -0.10780 -0.07614 0.03549 -0.38780 0.11079 0.24734 0.47753 3
-0.08545 -0.24533 0.15194 -0.50982 -0.41082 -0.17251 0.55293 -0.47728 3
-0.09442 -0.12675 0.83229 -0.18485 -0.41082 -0.09201 -1.30806 0.02525 3
-0.10998 -0.14840 1.07664 -0.14904 -0.41082 0.07411 -0.00866 -1.48234 3
-0.10817 -0.20474 0.19401 -0.03496 -0.35046 1.96368 -0.19181 -0.72854 3
-0.11190 -0.24533 0.77745 0.62686 -0.41082 4.52187 -0.54768 0.77905 3
-0.08076 -0.15601 0.06052 0.08017 2.08207 0.29929 -0.04254 -0.32266 3
-0.11659 -0.24533 -1.00261 1.13086 -0.41082 -1.23406 0.53114 -1.48234 3
-0.02765 -0.11943 -0.52155 -0.78792 -0.41082 -0.30410 0.02376 -0.05410 3
-0.05262 -0.16652 -0.15747 -0.29146 -0.38437 -0.72915 1.33412 0.02525 3
-0.10240 -0.22049 0.50756 0.39564 -0.41082 -0.33469 -0.26276 1.53284 3
-0.10248 -0.24533 -0.25607 -1.19171 1.77834 -0.79534 0.45053 -0.87930 3
-0.11607 -0.24533 0.33818 1.24758 -0.41082 2.36340 0.49213 1.53284 3
-0.08977 -0.06850 -0.09588 -0.17168 -0.26695 0.62269 -0.49068 -0.35165 3
-0.03182 -0.09260 -1.64392 -1.25696 -0.35405 0.61606 0.73481 0.49056 3
-0.09070 -0.18193 -1.23508 -0.57818 2.07608 -0.05671 -0.73134 -0.14226 3
0.01800 -0.07910 -0.10751 0.26033 0.15335 -0.46960 -0.29615 -0.59552 3
0.11139 0.04828 0.23306 -0.98992 -0.36826 -0.10790 0.43542 0.15088 3
0.02918 -0.15112 -0.37796 -0.47196 -0.40691 -0.35816 0.79987 -0.83623 3
-0.05591 -0.20626 0.14441 -0.78496 -0.41082 -0.21698 0.65114 -0.47728 3
-0.09599 -0.15124 -0.72016 -1.19523 -0.39760 -0.37752 1.31575 -0.27627 3
-0.06160 -0.20138 0.17282 -1.12110 0.14645 0.16301 -0.81607 -0.12551 4
-0.11334 -0.16510 0.43282 1.44918 -0.27836 -0.51457 0.70979 1.53284 4
0.17307 -0.08820 0.21536 0.17881 -0.37039 0.06567 -0.21817 -0.51317 4
-0.11362 -0.24533 0.59633 1.32416 -0.05673 0.86446 0.36657 1.10210 4
0.33391 -0.15476 0.37647 -0.10948 0.97880 -0.04998 0.26090 -0.28883 4
-0.09839 0.01262 0.54129 0.72762 -0.30673 1.91372 -0.90878 -0.06705 4
-0.10785 -0.24533 0.95973 0.72723 -0.41082 0.20493 0.34316 -1.48234 4
-0.01378 -0.21152 0.53361 0.23338 -0.41082 0.22374 0.48338 -0.50970 4
0.28301 -0.16366 -0.37002 0.17405 -0.32568 -0.14943 -0.45607 -0.17139 4
-0.08036 -0.15288 -0.55958 -0.53811 -0.40313 -0.37067 0.79043 -0.47728 4
-0.09943 -0.00941 1.07435 0.88554 0.26513 0.36481 -0.35149 0.02525 4
-0.09791 -0.15605 0.10907 -1.11694 -0.39631 -0.56476 0.64386 0.27652 4
-0.08144 -0.11334 -0.00822 0.41348 -0.37917 0.56467 -0.71632 -0.62086 4
-0.11354 0.04608 -0.04021 0.91659 -0.41082 -0.92570 -1.45205 1.53284 4
-0.07863 0.03853 -1.16588 0.24106 -0.33738 -1.23406 1.42648 -1.48234 4
-0.08573 -0.23364 0.08122 -0.12590 -0.39287 -0.85538 1.13522 0.02525 4
-0.10697 -0.18242 1.24174 0.93534 -0.41082 -0.20621 -0.13800 0.02525 4
0.25391 -0.02274 0.84339 -0.08930 0.63610 -0.31057 0.77677 0.02525 4
-0.09639 0.03931 0.49452 -0.02731 0.69371 -0.50237 0.46264 -0.47728 4
0.23419 -0.11233 -0.51771 -0.95407 -0.32934 -0.68914 0.52359 0.47194 4
-0.09903 -0.22491 0.57125 0.19713 0.14293 4.85395 -0.08142 0.98463 4
-0.01426 -0.15349 1.07930 1.17429 -0.08369 2.30083 -0.37600 -0.89531 4
-0.06957 -0.16820 0.59005 1.82055 -0.40486 0.28066 1.26397 -0.72854 4
-0.07314 -0.16991 0.72101 -0.03735 -0.39794 -0.00566 0.59643 -0.62086 4
-0.07390 -0.13220 -0.59572 0.09429 -0.40427 0.63129 0.78110 -0.19012 4
0.13135 0.51076 1.04638 1.89732 -0.31296 3.10503 -0.57615 -0.15935 4
-0.04104 -0.20326 0.59515 -0.46294 -0.26118 1.09371 -0.16614 0.98463 4
-0.10613 -0.00516 -0.07037 0.18917 -0.41082 -0.31556 -0.21815 1.03031 4
-0.07346 -0.08997 1.26892 -0.07161 -0.37839 -0.57997 -0.03605 0.52778 4
-0.08272 0.08276 0.24576 1.21604 -0.35340 -1.23406 -0.50106 -1.48234 4
-0.03615 0.82825 0.93971 0.81348 -0.32642 0.51016 0.37048 -0.35165 4
-0.09026 -0.04200 0.61487 1.15879 -0.33762 0.75075 -0.82539 -0.10038 4
0.06273 -0.04645 0.62900 0.88522 -0.40287 0.64288 0.98043 -0.07526 4
0.52398 0.30513 -0.32700 -2.31675 0.93935 -0.13999 0.90536 -0.46024 4
-0.01671 0.25001 0.15269 -0.55470 -0.39946 -0.13366 0.16632 -0.78653 4
-0.10100 0.11404 -2.45030 -1.04430 -0.39362 -0.20621 1.14817 -0.47728 5
0.01327 0.37609 0.73131 0.99407 -0.37798 1.70932 1.52648 -0.41028 5
-0.08192 0.38117 1.04652 1.54434 0.03020 -0.55454 0.07501 -0.41816 5
-0.03755 -0.04710 0.50995 0.37522 -0.40724 1.20825 0.66170 -0.91190 5
-0.08192 0.00561 0.10222 1.17178 -0.40280 0.26488 0.45094 0.32677 5
-0.09286 0.17488 0.43862 0.79078 -0.38771 -1.05771 -0.36248 0.92980 5
-0.08981 -0.06324 -0.01654 -0.57232 -0.41082 -1.01603 0.58437 0.52778 5
-0.11507 -0.24533 1.52047 -0.97819 -0.41082 -1.22002 0.29801 0.02525 5
-0.03587 -0.06176 0.04127 0.92291 -0.37227 -0.55784 -0.46220 -0.03505 5
-0.02809 -0.03818 0.87734 0.89957 0.62926 0.33005 0.05028 -0.27627 5
-0.07314 -0.12342 0.08671 0.05548 -0.37863 0.86446 0.58609 -1.05160 5
-0.05030 0.15790 0.06690 -2.16656 -0.40656 0.01404 -1.70793 -0.77289 5
-0.06420 -0.16299 1.44696 1.79263 -0.37865 1.38228 2.10788 -0.91699 5
-0.09090 0.33684 0.29716 0.13080 -0.29304 0.72819 0.92812 -0.13409 5
-0.10452 -0.00121 1.49392 -0.34556 -0.38901 -1.22799 -3.41650 1.53284 5
-0.10549 -0.24533 2.54183 0.08656 -0.41082 -1.06509 -0.08654 -0.99602 5
-0.07907 0.03518 0.88475 -2.44698 -0.41082 -0.96440 0.41724 -0.79707 5
0.01504 0.40099 0.71373 -0.81718 -0.40650 -0.30568 -0.62271 -1.23108 5
-0.08196 19.74258 -0.44890 1.63245 -0.40279 -0.78438 -1.35494 -1.48234 5
-0.03955 -0.14699 0.42269 -0.88041 0.67178 1.39485 0.88815 -0.42438 5
-0.07438 -0.19067 0.07093 -1.03369 -0.31148 -1.06182 0.11944 0.43641 5
-0.08549 -0.05390 0.82845 -0.98544 -0.33065 -0.26177 0.58808 1.53284 5
0.11239 1.31656 -2.16723 -1.56836 0.08637 -0.00064 1.37922 -0.60291 5
-0.07130 0.23051 2.09124 2.21301 -0.28100 2.66319 3.40152 -0.90250 5
-0.07787 -0.17649 1.49791 -0.60145 -0.41082 -0.79947 0.14617 -0.64479 5
-0.10424 0.63013 -2.89031 -0.27037 -0.34676 -0.57997 0.72609 1.53284 5
-0.03715 -0.00651 1.04078 -2.01185 -0.15448 -0.43893 0.50234 0.84646 5
-0.05150 -0.10554 1.22526 1.51081 -0.37183 1.62657 3.29133 -0.29454 5
-0.05258 0.28419 1.01489 0.92440 -0.34475 1.30532 1.20169 -0.30977 5
-0.08645 -0.22342 1.09470 0.48742 -0.36491 -0.09802 1.08635 0.02525 5
0.20161 1.58591 3.16839 -0.66705 0.15036 1.64070 1.20565 -1.01069 5
-0.09695 0.31349 1.65145 1.19161 -0.34164 4.26794 1.50419 -0.32266 5
-0.11286 0.57363 1.93180 0.77010 -0.41082 -1.23406 3.43311 -1.48234 5
-0.07839 0.02102 1.40801 0.96109 -0.36703 0.78052 3.17005 -1.05160 5
-0.11519 0.45837 -0.96289 1.77434 -0.41082 1.16425 2.61645 1.53284 5
